data	data	540584	373316	938148	822148	159964	84492	466340	176436	63136	22948	249896	363284	203424	180952	112224	122592	269944	185060	851128	853188	68868	65888	428060	370668	29208	99068	27436	40408	693952	486436	298668	463716	136844	559820	141744	222428	248064	320732	103032	198240	37224	71660	314948	297864	218444	324096	321996	268120	189148	324592	483140	348160	190296	144172	440592	512768	341652	270168	127124	65640	205996	78192	144492	119252	145452	115392	323460	433468	414996	315452	227956	410452	272600	395852	37132	19172	225500	224468	66552	37480	259672	126176	89904	78724	346104	275992	23120	29412	373384	285560	551340	476796	382240	362316	51648	99516	336628	236340	529320	443100	318636	183900	396424	355340	146280	150240	17348	11996	49400	96768	281468	225744	279716	224148	134020	74068	
data	data	Precentral_L	Precentral_R	Frontal_Sup_L	Frontal_Sup_R	Frontal_Sup_Orb_L	Frontal_Sup_Orb_R	Frontal_Mid_L	Frontal_Mid_R	Frontal_Mid_Orb_L	Frontal_Mid_Orb_R	Frontal_Inf_Oper_L	Frontal_Inf_Oper_R	Frontal_Inf_Tri_L	Frontal_Inf_Tri_R	Frontal_Inf_Orb_L	Frontal_Inf_Orb_R	Rolandic_Oper_L	Rolandic_Oper_R	Supp_Motor_Area_L	Supp_Motor_Area_R	Olfactory_L	Olfactory_R	Frontal_Sup_Medial_L	Frontal_Sup_Medial_R	Frontal_Med_Orb_L	Frontal_Med_Orb_R	Rectus_L	Rectus_R	Insula_L	Insula_R	Cingulum_Ant_L	Cingulum_Ant_R	Cingulum_Mid_L	Cingulum_Mid_R	Cingulum_Post_L	Cingulum_Post_R	Hippocampus_L	Hippocampus_R	ParaHippocampal_L	ParaHippocampal_R	Amygdala_L	Amygdala_R	Calcarine_L	Calcarine_R	Cuneus_L	Cuneus_R	Lingual_L	Lingual_R	Occipital_Sup_L	Occipital_Sup_R	Occipital_Mid_L	Occipital_Mid_R	Occipital_Inf_L	Occipital_Inf_R	Fusiform_L	Fusiform_R	Postcentral_L	Postcentral_R	Parietal_Sup_L	Parietal_Sup_R	Parietal_Inf_L	Parietal_Inf_R	SupraMarginal_L	SupraMarginal_R	Angular_L	Angular_R	Precuneus_L	Precuneus_R	Paracentral_Lobule_L	Paracentral_Lobule_R	Caudate_L	Caudate_R	Putamen_L	Putamen_R	Pallidum_L	Pallidum_R	Thalamus_L	Thalamus_R	Heschl_L	Heschl_R	Temporal_Sup_L	Temporal_Sup_R	Temporal_Pole_Sup_L	Temporal_Pole_Sup_R	Temporal_Mid_L	Temporal_Mid_R	Temporal_Pole_Mid_L	Temporal_Pole_Mid_R	Temporal_Inf_L	Temporal_Inf_R	Cerebelum_Crus1_L	Cerebelum_Crus1_R	Cerebelum_Crus2_L	Cerebelum_Crus2_R	Cerebelum_3_L	Cerebelum_3_R	Cerebelum_4_5_L	Cerebelum_4_5_R	Cerebelum_6_L	Cerebelum_6_R	Cerebelum_7b_L	Cerebelum_7b_R	Cerebelum_8_L	Cerebelum_8_R	Cerebelum_9_L	Cerebelum_9_R	Cerebelum_10_L	Cerebelum_10_R	Vermis_1_2	Vermis_3	Vermis_4_5	Vermis_6	Vermis_7	Vermis_8	Vermis_9	Vermis_10	
540584	Precentral_L	0	962	18812	2856	1434	0	16114	0	0	0	14468	0	1758	0	274	834	10434	0	16622	8094	0	0	582	0	0	0	0	0	16288	258	1140	600	928	5014	1364	3022	4082	2230	116	716	0	0	126	0	104	0	0	0	286	0	2670	0	1434	0	3402	220	36384	460	652	0	6512	0	8340	0	1386	0	424	0	32644	3502	3936	1344	5122	836	310	0	15800	1600	3250	0	4234	0	382	0	2430	0	0	0	3172	118	210	0	0	0	0	0	0	0	0	0	0	0	0	0	0	0	0	0	0	0	0	0	0	0	0	0	
373316	Precentral_R	962	0	1988	12222	0	0	108	3672	0	0	0	15910	0	0	0	0	0	1244	2916	13246	0	0	0	0	0	0	0	0	0	4964	0	0	0	1366	144	1268	0	6046	0	1222	0	0	0	2460	0	2594	0	260	0	2044	0	3538	0	1970	0	5600	0	27964	0	204	0	232	0	1812	0	132	0	7004	1402	15924	1254	6250	0	3566	0	482	1610	22350	0	444	0	920	0	0	0	4116	0	0	0	5116	0	0	0	0	0	0	0	0	0	0	0	0	0	0	0	0	0	0	0	0	132	0	0	0	0	0	
938148	Frontal_Sup_L	18812	1988	0	9958	15132	0	74374	612	2518	0	14956	1160	17712	204	5276	800	15556	522	82408	10522	158	0	46950	7488	1100	138	0	0	46408	1316	15786	6780	3466	4758	258	476	3548	424	264	124	0	0	0	0	0	0	0	0	0	0	286	0	150	0	1052	0	3430	0	0	0	422	0	212	0	184	0	0	0	8066	430	6122	4006	14008	1150	2080	156	3122	576	1236	0	6428	0	2420	286	454	0	0	0	758	0	88	0	0	0	0	0	0	0	0	0	0	0	0	0	0	0	0	0	0	0	0	0	0	0	0	0	
822148	Frontal_Sup_R	2856	12222	9958	0	356	5040	4708	24814	0	1132	0	15516	0	7608	0	5230	0	13936	10636	77318	0	0	15428	40772	0	5064	0	1192	256	24708	5074	25450	632	20060	0	578	0	1490	0	464	0	0	0	482	0	290	0	190	0	170	0	142	0	0	0	998	0	2042	0	0	0	0	0	232	0	0	0	1646	1108	4998	1818	22476	0	23466	0	1496	706	11366	0	1144	0	1324	0	1862	0	270	0	0	0	350	0	0	0	0	0	0	0	0	0	0	0	0	0	0	0	0	0	0	0	0	0	0	0	0	0	0	
159964	Frontal_Sup_Orb_L	1434	0	15132	356	0	0	3306	302	10696	0	132	702	1914	0	7764	356	0	432	2678	356	664	0	4276	224	1478	240	1852	0	6390	788	2378	926	0	84	0	0	0	0	0	0	0	0	0	0	0	0	0	0	0	0	0	0	0	0	0	0	0	0	0	0	0	0	0	0	0	0	0	0	0	0	3442	1962	9152	234	0	0	0	0	0	0	0	0	84	248	0	0	0	0	0	0	0	0	0	0	0	0	0	0	0	0	0	0	0	0	0	0	0	0	0	0	0	0	0	0	0	0	
84492	Frontal_Sup_Orb_R	0	0	0	5040	0	0	0	694	0	2952	0	0	0	0	0	2298	0	0	0	0	0	572	148	5944	186	5486	0	4764	0	704	178	3796	0	0	0	0	0	0	0	0	0	0	0	0	0	0	0	0	0	0	0	0	0	0	0	0	0	0	0	0	0	0	0	0	0	0	0	0	0	0	0	4780	0	4704	0	0	0	0	0	0	0	0	0	0	0	0	0	0	0	0	0	0	0	0	0	0	0	0	0	0	0	0	0	0	0	0	0	0	0	0	0	0	0	0	0	0	
466340	Frontal_Mid_L	16114	108	74374	4708	3306	0	0	208	1174	0	10164	346	23216	152	4956	954	6990	0	14578	2812	0	0	15728	3094	0	86	0	0	22702	614	3530	2304	178	2142	188	344	802	274	0	0	0	0	0	0	0	0	0	0	0	0	268	0	180	0	462	0	452	0	0	0	750	0	594	0	448	0	0	0	446	0	2272	1798	2290	1000	0	0	1212	132	708	0	2912	0	568	0	206	0	0	0	240	0	86	0	0	0	0	0	0	0	0	0	0	0	0	0	0	0	0	0	0	0	0	0	0	0	0	0	
176436	Frontal_Mid_R	0	3672	612	24814	302	694	208	0	0	1556	0	9996	0	10662	0	5480	0	666	802	4728	0	0	952	3426	0	260	0	0	90	4796	214	2406	92	2122	0	0	0	212	0	0	0	0	0	0	0	0	0	0	0	0	0	0	0	0	0	106	0	116	0	0	0	0	0	0	0	0	0	90	0	0	264	2310	0	4796	0	218	0	1468	0	0	0	88	0	0	0	0	0	0	0	0	0	0	0	0	0	0	0	0	0	0	0	0	0	0	0	0	0	0	0	0	0	0	0	0	0	0	
63136	Frontal_Mid_Orb_L	0	0	2518	0	10696	0	1174	0	0	0	0	0	430	0	7568	0	0	0	190	0	0	0	346	0	144	0	766	0	2036	0	626	0	0	0	0	0	0	0	0	0	0	0	0	0	0	0	0	0	0	0	0	0	0	0	0	0	0	0	0	0	0	0	0	0	0	0	0	0	0	0	964	0	4110	0	0	0	0	0	0	0	0	0	0	0	0	0	0	0	0	0	0	0	0	0	0	0	0	0	0	0	0	0	0	0	0	0	0	0	0	0	0	0	0	0	0	0	
22948	Frontal_Mid_Orb_R	0	0	0	1132	0	2952	0	1556	0	0	0	100	0	112	0	3082	0	0	0	132	0	0	0	646	0	634	0	108	0	126	0	0	0	0	0	0	0	0	0	0	0	0	0	0	0	0	0	0	0	0	0	0	0	0	0	0	0	0	0	0	0	0	0	0	0	0	0	0	0	0	0	374	0	520	0	0	0	0	0	0	0	0	0	0	0	0	0	0	0	0	0	0	0	0	0	0	0	0	0	0	0	0	0	0	0	0	0	0	0	0	0	0	0	0	0	0	
249896	Frontal_Inf_Oper_L	14468	0	14956	0	132	0	10164	0	0	0	0	0	8668	0	228	0	13646	0	9982	0	0	0	3730	0	0	0	0	0	21000	0	3050	142	0	0	0	0	0	0	0	0	0	0	0	0	0	0	0	0	0	0	556	0	156	0	332	0	6666	0	308	0	780	0	1288	0	474	0	0	0	114	0	390	0	1314	0	0	0	146	0	364	0	7576	0	3104	0	692	0	0	0	522	0	0	0	0	0	0	0	0	0	0	0	0	0	0	0	0	0	0	0	0	0	0	0	0	0	0	0	
363284	Frontal_Inf_Oper_R	0	15910	1160	15516	702	0	346	9996	0	100	0	0	0	19098	0	1256	0	10630	2202	12832	0	0	842	3192	134	630	0	0	410	33090	938	5664	0	5198	0	0	0	1640	0	256	0	0	0	286	0	984	0	0	0	1138	0	960	0	550	0	2024	0	3912	0	0	0	164	0	532	0	0	0	2096	0	416	1496	5642	0	9702	0	446	0	2378	0	140	0	544	0	2754	0	1666	0	0	0	2070	0	0	0	0	0	0	0	0	0	0	0	0	0	0	0	0	0	0	0	0	0	0	0	0	0	0	
203424	Frontal_Inf_Tri_L	1758	0	17712	0	1914	0	23216	0	430	0	8668	0	0	0	8146	0	838	0	6968	0	0	0	4350	90	0	0	0	0	21546	0	4126	340	0	0	0	0	0	0	0	0	0	0	0	0	0	0	0	0	0	0	0	0	0	0	0	0	354	0	0	0	0	0	0	0	0	0	0	0	0	0	360	0	522	0	0	0	0	0	0	0	178	0	196	0	0	0	0	0	0	0	0	0	0	0	0	0	0	0	0	0	0	0	0	0	0	0	0	0	0	0	0	0	0	0	0	0	
180952	Frontal_Inf_Tri_R	0	0	204	7608	0	0	152	10662	0	112	0	19098	0	0	0	5006	0	2624	1984	5672	0	0	2314	2646	0	306	0	0	0	17718	264	3152	498	5388	0	0	0	0	0	0	0	0	0	0	0	0	0	0	0	0	0	0	0	0	0	0	0	0	0	0	0	0	0	0	0	0	0	0	0	0	0	958	0	3784	0	0	0	0	0	0	0	112	0	214	0	0	0	0	0	0	0	0	0	0	0	0	0	0	0	0	0	0	0	0	0	0	0	0	0	0	0	0	0	0	0	0	
112224	Frontal_Inf_Orb_L	274	0	5276	0	7764	0	4956	0	7568	0	228	0	8146	0	0	0	0	0	1704	0	1166	0	148	0	0	0	242	0	11298	0	188	0	0	0	0	0	292	0	188	0	112	0	0	0	0	0	0	0	0	0	0	0	0	0	290	0	0	0	0	0	0	0	0	0	0	0	0	0	0	0	254	0	5100	0	0	0	0	0	0	0	0	0	918	0	0	0	0	0	0	0	0	0	0	0	0	0	0	0	0	0	0	0	0	0	0	0	0	0	0	0	0	0	0	0	0	0	
122592	Frontal_Inf_Orb_R	834	0	800	5230	356	2298	954	5480	0	3082	0	1256	0	5006	0	0	0	452	542	3140	0	370	2010	1744	0	836	0	486	120	5870	574	3810	792	2894	0	0	0	0	0	0	0	0	0	0	0	0	0	0	0	0	0	0	0	0	0	0	0	0	0	0	0	0	0	0	0	0	0	0	0	0	1544	6300	0	3232	0	0	0	0	0	0	0	376	0	908	0	0	0	0	0	0	0	0	0	0	0	0	0	0	0	0	0	0	0	0	0	0	0	0	0	0	0	0	0	0	0	0	
269944	Rolandic_Oper_L	10434	0	15556	0	0	0	6990	0	0	0	13646	0	838	0	0	0	0	0	11114	0	0	0	1146	0	0	0	0	0	26896	0	520	0	0	0	0	0	204	0	0	0	0	0	0	0	0	0	0	0	138	0	2822	0	102	0	1184	0	10164	0	1688	0	2634	0	2364	0	1416	0	284	0	2532	0	570	0	644	0	0	0	116	0	2704	0	13196	0	2522	0	1794	0	0	0	564	0	190	0	0	0	0	0	0	0	0	0	0	0	0	0	0	0	0	0	0	0	0	0	0	0	0	0	
185060	Rolandic_Oper_R	0	1244	522	13936	432	0	0	666	0	0	0	10630	0	2624	0	452	0	0	174	10616	0	0	102	622	0	208	0	0	264	22044	238	1632	0	734	0	0	0	538	0	0	0	0	0	0	0	140	0	0	0	156	0	124	0	0	0	624	0	3408	0	0	0	0	0	3170	0	0	0	216	0	688	348	1616	0	2876	0	0	0	216	0	3340	0	4556	0	2522	0	310	0	0	0	542	0	0	0	0	0	0	0	0	0	0	0	0	0	0	0	0	0	0	0	0	0	0	0	0	0	0	
851128	Supp_Motor_Area_L	16622	2916	82408	10636	2678	0	14578	802	190	0	9982	2202	6968	1984	1704	542	11114	174	0	38032	272	0	15212	5114	0	112	0	0	31314	2540	12060	9748	8648	26980	840	954	7594	248	482	168	0	0	0	0	0	0	0	0	0	0	0	168	0	230	1600	154	3080	1442	0	0	0	0	0	0	0	0	0	144	26766	3336	6574	2430	17170	916	5450	128	15904	982	614	0	5112	0	2302	0	1032	424	0	0	3512	276	0	0	0	0	0	0	0	0	0	0	0	0	0	0	0	0	0	0	0	0	0	0	0	0	0	0	
853188	Supp_Motor_Area_R	8094	13246	10522	77318	356	0	2812	4728	0	132	0	12832	0	5672	0	3140	0	10616	38032	0	0	0	1324	9942	0	610	0	0	268	19696	5508	17372	4846	54272	354	2918	0	1798	0	698	0	0	0	1318	0	662	0	356	0	248	0	580	0	612	0	2700	124	6450	0	0	0	0	0	286	0	0	120	3810	12578	26562	3966	24992	0	16032	0	1728	1348	8648	0	1118	0	914	0	1496	0	1120	0	0	0	1720	0	0	0	0	0	0	0	0	0	0	0	0	0	0	0	0	0	0	0	0	0	0	0	0	0	0	
68868	Olfactory_L	0	0	158	0	664	0	0	0	0	0	0	0	0	0	1166	0	0	0	272	0	0	4740	0	0	204	0	1404	0	2918	0	2254	1020	0	0	0	0	792	0	814	0	1004	0	0	0	0	0	0	0	0	0	0	0	0	0	280	0	0	0	0	0	0	0	0	0	0	0	0	0	0	0	5812	4980	4004	1392	0	0	0	0	0	0	0	0	556	0	0	0	0	0	0	0	0	0	0	0	0	0	0	0	0	0	0	0	0	0	0	0	0	0	0	0	0	0	0	0	0	0	
65888	Olfactory_R	0	0	0	0	0	572	0	0	0	0	0	0	0	0	0	370	0	0	0	0	4740	0	0	0	116	572	1092	1148	0	1220	2372	2262	0	0	0	0	0	152	0	302	0	316	0	0	0	0	0	0	0	0	0	0	0	0	0	90	0	0	0	0	0	0	0	0	0	0	0	0	0	0	5584	6988	3276	1544	102	0	0	0	0	0	0	0	0	126	0	0	0	0	0	0	0	0	0	0	0	0	0	0	0	0	0	0	0	0	0	0	0	0	0	0	0	0	0	0	0	0	
428060	Frontal_Sup_Medial_L	582	0	46950	15428	4276	148	15728	952	346	0	3730	842	4350	2314	148	2010	1146	102	15212	1324	0	0	0	26540	2766	860	104	0	4668	3118	19120	20142	3492	15458	0	0	0	0	0	0	0	0	0	0	0	0	0	0	0	0	0	0	0	0	0	0	0	0	0	0	0	0	0	0	0	0	0	0	0	0	842	174	544	428	0	0	0	0	0	0	186	0	0	0	0	0	0	0	0	0	0	0	0	0	0	0	0	0	0	0	0	0	0	0	0	0	0	0	0	0	0	0	0	0	0	0	
370668	Frontal_Sup_Medial_R	0	0	7488	40772	224	5944	3094	3426	0	646	0	3192	90	2646	0	1744	0	622	5114	9942	0	0	26540	0	432	9090	0	2132	146	3982	4920	26908	196	14042	0	0	0	0	0	0	0	0	0	0	0	0	0	0	0	0	0	0	0	0	0	0	0	0	0	0	0	0	0	0	0	0	0	0	0	0	132	6458	0	5412	0	0	0	0	0	0	0	0	0	0	0	0	0	0	0	0	0	0	0	0	0	0	0	0	0	0	0	0	0	0	0	0	0	0	0	0	0	0	0	0	0	0	
29208	Frontal_Med_Orb_L	0	0	1100	0	1478	186	0	0	144	0	0	134	0	0	0	0	0	0	0	0	204	116	2766	432	0	1564	1110	140	0	138	3184	706	0	0	0	0	0	0	0	0	0	0	0	0	0	0	0	0	0	0	0	0	0	0	0	0	0	0	0	0	0	0	0	0	0	0	0	0	0	0	506	318	286	92	0	0	0	0	0	0	0	0	0	0	0	0	0	0	0	0	0	0	0	0	0	0	0	0	0	0	0	0	0	0	0	0	0	0	0	0	0	0	0	0	0	0	
99068	Frontal_Med_Orb_R	0	0	138	5064	240	5486	86	260	0	634	0	630	0	306	0	836	0	208	112	610	0	572	860	9090	1564	0	240	3486	0	818	2318	7530	0	398	0	0	0	0	0	0	0	0	0	0	0	0	0	0	0	0	0	0	0	0	0	0	0	0	0	0	0	0	0	0	0	0	0	0	0	0	0	4420	0	3628	0	0	0	0	0	0	0	0	0	0	0	0	0	0	0	0	0	0	0	0	0	0	0	0	0	0	0	0	0	0	0	0	0	0	0	0	0	0	0	0	0	0	
27436	Rectus_L	0	0	0	0	1852	0	0	0	766	0	0	0	0	0	242	0	0	0	0	0	1404	1092	104	0	1110	240	0	0	96	0	1934	292	0	0	0	0	0	0	0	0	0	0	0	0	0	0	0	0	0	0	0	0	0	0	0	0	0	0	0	0	0	0	0	0	0	0	0	0	0	0	1750	1176	1420	240	0	0	0	0	0	0	0	0	0	0	0	0	0	0	0	0	0	0	0	0	0	0	0	0	0	0	0	0	0	0	0	0	0	0	0	0	0	0	0	0	0	0	
40408	Rectus_R	0	0	0	1192	0	4764	0	0	0	108	0	0	0	0	0	486	0	0	0	0	0	1148	0	2132	140	3486	0	0	0	688	172	2662	0	0	0	0	0	0	0	0	0	0	0	0	0	0	0	0	0	0	0	0	0	0	0	0	0	0	0	0	0	0	0	0	0	0	0	0	0	0	0	1848	0	1378	0	0	0	0	0	0	0	0	0	0	0	0	0	0	0	0	0	0	0	0	0	0	0	0	0	0	0	0	0	0	0	0	0	0	0	0	0	0	0	0	0	0	
693952	Insula_L	16288	0	46408	256	6390	0	22702	90	2036	0	21000	410	21546	0	11298	120	26896	264	31314	268	2918	0	4668	146	0	0	96	0	0	408	6838	650	0	118	620	768	10270	332	1788	202	580	0	110	0	0	0	0	0	0	0	3568	0	1456	0	11156	0	9390	0	1848	0	2996	0	856	0	628	0	214	0	5254	0	3594	1288	16014	562	0	0	2360	90	7192	0	15516	0	7238	144	6458	0	0	0	10688	0	668	0	0	0	0	0	0	0	0	0	0	0	0	0	0	0	0	0	0	0	0	0	0	0	0	0	
486436	Insula_R	258	4964	1316	24708	788	704	614	4796	0	126	0	33090	0	17718	0	5870	0	22044	2540	19696	0	1220	3118	3982	138	818	0	688	408	0	1052	7176	420	6726	0	98	0	4948	0	1518	0	230	0	0	0	312	0	0	0	350	0	316	0	84	0	4874	0	1674	0	0	0	0	0	112	0	0	0	456	0	384	1644	6102	0	30096	0	124	94	3750	0	3316	0	6422	0	4142	0	4220	0	0	0	2974	0	0	0	0	0	0	0	0	0	0	0	0	0	0	0	0	0	0	0	0	0	0	0	0	0	0	
298668	Cingulum_Ant_L	1140	0	15786	5074	2378	178	3530	214	626	0	3050	938	4126	264	188	574	520	238	12060	5508	2254	2372	19120	4920	3184	2318	1934	172	6838	1052	0	21504	4358	8258	0	0	0	0	0	0	0	0	0	0	0	0	0	0	0	0	0	0	0	0	0	0	0	0	0	0	0	0	0	0	0	0	0	0	0	0	6178	4486	2214	1606	0	0	0	0	0	0	174	0	0	0	0	0	0	0	0	0	0	0	0	0	0	0	0	0	0	0	0	0	0	0	0	0	0	0	0	0	0	0	0	0	0	0	
463716	Cingulum_Ant_R	600	0	6780	25450	926	3796	2304	2406	0	0	142	5664	340	3152	0	3810	0	1632	9748	17372	1020	2262	20142	26908	706	7530	292	2662	650	7176	21504	0	5692	29590	0	0	0	0	0	0	0	0	0	0	0	0	0	0	0	0	0	0	0	0	0	0	0	0	0	0	0	0	0	0	0	0	0	0	0	0	1854	13088	346	6222	0	0	0	0	0	0	0	0	0	92	0	0	0	0	0	0	0	0	0	0	0	0	0	0	0	0	0	0	0	0	0	0	0	0	0	0	0	0	0	0	0	0	
136844	Cingulum_Mid_L	928	0	3466	632	0	0	178	92	0	0	0	0	0	498	0	792	0	0	8648	4846	0	0	3492	196	0	0	0	0	0	420	4358	5692	0	13794	2826	1006	0	0	0	0	0	0	226	0	916	0	0	0	1702	92	1468	160	0	106	0	0	332	0	512	0	0	0	0	0	104	0	3330	468	6558	222	0	0	0	0	0	0	0	0	0	0	0	0	0	0	244	0	0	0	118	0	0	0	0	0	0	0	0	0	0	0	0	0	0	0	0	0	0	0	0	0	0	0	0	0	0	0	
559820	Cingulum_Mid_R	5014	1366	4758	20060	84	0	2142	2122	0	0	0	5198	0	5388	0	2894	0	734	26980	54272	0	0	15458	14042	0	398	0	0	118	6726	8258	29590	13794	0	1722	5354	0	90	0	0	0	0	0	2138	0	1212	0	428	0	220	0	626	0	718	0	244	138	2740	0	0	0	0	0	0	0	0	1136	7642	10752	18064	2324	2140	0	1076	0	0	1054	146	0	0	0	0	0	0	0	0	0	0	0	550	0	0	0	0	0	0	0	0	0	0	0	0	0	0	0	0	0	0	0	0	0	0	0	0	0	0	
141744	Cingulum_Post_L	1364	144	258	0	0	0	188	0	0	0	0	0	0	0	0	0	0	0	840	354	0	0	0	0	0	0	0	0	620	0	0	0	2826	1722	0	11826	6282	3706	4048	806	0	0	1744	140	3448	0	506	154	1410	150	608	296	1026	176	1288	3456	752	238	0	0	0	0	0	0	126	0	7056	2928	3532	448	0	0	470	142	0	0	2026	120	116	0	0	0	0	0	614	116	0	0	1240	1392	0	0	0	0	0	0	0	0	0	0	0	0	0	0	0	0	0	0	0	0	170	0	0	0	0	0	
222428	Cingulum_Post_R	3022	1268	476	578	0	0	344	0	0	0	0	0	0	0	0	0	0	0	954	2918	0	0	0	0	0	0	0	0	768	98	0	0	1006	5354	11826	0	6042	8830	3534	2126	0	0	0	3100	0	376	170	2254	0	512	0	1276	0	3196	444	7668	662	2560	0	0	0	0	0	0	0	0	2054	14148	2734	4456	154	0	734	192	0	0	5748	1262	120	0	0	86	0	0	0	894	0	0	800	4702	0	0	0	0	0	0	0	90	0	0	0	0	0	0	0	0	0	0	0	0	1678	0	0	0	0	0	
248064	Hippocampus_L	4082	0	3548	0	0	0	802	0	0	0	0	0	0	0	292	0	204	0	7594	0	792	0	0	0	0	0	0	0	10270	0	0	0	0	0	6282	6042	0	4000	15430	820	6858	0	978	0	0	0	1034	302	0	0	0	0	0	0	12636	630	700	0	0	0	0	0	0	0	0	0	2204	1090	3898	0	122	0	5762	0	542	0	8310	442	1692	0	1208	0	1472	0	1568	0	0	0	11890	0	228	0	0	0	0	0	106	0	0	0	0	0	0	0	0	0	0	0	0	0	202	0	0	0	0	0	
320732	Hippocampus_R	2230	6046	424	1490	0	0	274	212	0	0	0	1640	0	0	0	0	0	538	248	1798	0	152	0	0	0	0	0	0	332	4948	0	0	0	90	3706	8830	4000	0	2364	24060	0	7656	0	1160	0	134	174	3658	0	116	0	106	0	0	358	30872	492	1018	0	0	0	0	0	118	0	0	0	5098	1784	1072	256	324	652	11912	0	108	5642	9624	0	790	0	582	0	1052	0	1598	0	340	626	7616	0	0	0	0	0	0	0	652	0	336	0	0	122	220	0	0	0	0	0	0	392	0	160	164	0	0	
103032	ParaHippocampal_L	116	0	264	0	0	0	0	0	0	0	0	0	0	0	188	0	0	0	482	0	814	0	0	0	0	0	0	0	1788	0	0	0	0	0	4048	3534	15430	2364	0	294	4034	0	678	0	0	0	1184	326	0	0	0	0	0	0	6006	314	0	0	0	0	0	0	0	0	0	0	2072	804	0	0	0	0	772	0	0	0	2120	230	0	0	0	0	524	0	0	0	0	0	2674	0	0	0	0	0	0	0	278	0	0	0	0	0	0	0	0	0	0	0	0	0	178	0	0	0	0	0	
198240	ParaHippocampal_R	716	1222	124	464	0	0	0	0	0	0	0	256	0	0	0	0	0	0	168	698	0	302	0	0	0	0	0	0	202	1518	0	0	0	0	806	2126	820	24060	294	0	0	7322	0	598	0	0	0	2544	0	0	0	0	0	0	92	23560	98	420	0	0	0	0	0	0	0	0	0	1390	678	388	110	202	226	5056	0	100	1448	3546	0	176	0	370	0	1358	0	270	0	762	140	1512	100	388	0	638	0	446	0	3548	0	1194	0	0	808	1768	0	716	0	0	0	0	0	0	1104	1388	880	0	
37224	Amygdala_L	0	0	0	0	0	0	0	0	0	0	0	0	0	0	112	0	0	0	0	0	1004	0	0	0	0	0	0	0	580	0	0	0	0	0	0	0	6858	0	4034	0	0	0	0	0	0	0	0	0	0	0	0	0	0	0	3750	0	0	0	0	0	0	0	0	0	0	0	0	0	0	0	0	0	300	0	0	0	0	0	0	0	0	0	674	0	0	0	0	0	1300	0	0	0	0	0	0	0	0	0	0	0	0	0	0	0	0	0	0	0	0	0	0	0	0	0	0	0	
71660	Amygdala_R	0	0	0	0	0	0	0	0	0	0	0	0	0	0	0	0	0	0	0	0	0	316	0	0	0	0	0	0	0	230	0	0	0	0	0	0	0	7656	0	7322	0	0	0	0	0	0	0	0	0	0	0	0	0	0	0	10428	0	0	0	0	0	0	0	0	0	0	0	0	0	0	0	118	0	738	0	0	0	762	0	0	0	0	0	2964	0	156	0	1498	0	3642	0	0	0	0	0	0	0	0	0	0	0	0	0	0	0	0	0	0	0	0	0	0	0	0	0	0	
314948	Calcarine_L	126	0	0	0	0	0	0	0	0	0	0	0	0	0	0	0	0	0	0	0	0	0	0	0	0	0	0	0	110	0	0	0	226	0	1744	0	978	0	678	0	0	0	0	6980	19590	5452	15730	2168	9058	1838	26198	280	9814	0	5406	196	1298	0	0	0	90	0	0	0	176	0	15564	1084	1468	0	0	0	0	0	0	0	0	0	96	0	0	0	0	0	3884	0	0	0	3616	0	2788	430	112	0	144	354	6794	328	5686	462	0	0	0	0	0	0	0	0	314	486	4354	782	132	162	168	130	
297864	Calcarine_R	0	2460	0	482	0	0	0	0	0	0	0	286	0	0	0	0	0	0	0	1318	0	0	0	0	0	0	0	0	0	0	0	0	0	2138	140	3100	0	1160	0	598	0	0	6980	0	3414	24128	854	16178	0	18752	0	13678	0	9366	0	7166	0	4574	0	0	0	0	0	0	0	0	736	22390	0	5128	0	94	0	0	0	0	0	280	0	0	0	0	0	0	0	1728	0	0	0	1804	0	0	0	0	0	0	0	0	0	0	0	0	0	0	0	0	0	0	0	0	0	0	0	0	0	0	
218444	Cuneus_L	104	0	0	0	0	0	0	0	0	0	0	0	0	0	0	0	0	0	0	0	0	0	0	0	0	0	0	0	0	0	0	0	916	0	3448	0	0	0	0	0	0	0	19590	3414	0	5090	1664	0	18306	830	19644	0	5858	0	1126	0	1526	0	420	0	90	0	0	0	288	0	15300	1704	2918	0	0	0	0	0	0	0	0	0	0	0	118	0	0	0	3858	0	0	0	3010	0	0	0	0	0	0	0	0	0	0	0	0	0	0	0	0	0	0	0	0	0	0	0	0	0	0	0	
324096	Cuneus_R	0	2594	0	290	0	0	0	0	0	0	0	984	0	0	0	0	0	140	0	662	0	0	0	0	0	0	0	0	0	312	0	0	0	1212	0	376	0	134	0	0	0	0	5452	24128	5090	0	284	3610	104	38470	0	22412	0	4058	0	1976	0	3454	0	2956	0	608	0	1142	0	932	4202	26918	0	2600	0	0	0	216	0	0	0	156	0	0	0	1492	0	0	0	2908	0	0	0	2176	0	0	0	0	0	0	0	0	0	0	0	0	0	0	0	0	0	0	0	0	0	0	0	0	0	0	
321996	Lingual_L	0	0	0	0	0	0	0	0	0	0	0	0	0	0	0	0	0	0	0	0	0	0	0	0	0	0	0	0	0	0	0	0	0	0	506	170	1034	174	1184	0	0	0	15730	854	1664	284	0	4060	2130	168	9844	0	6424	228	16470	404	0	0	0	0	0	0	0	0	0	0	3662	0	0	0	0	0	0	0	0	0	128	0	0	0	0	0	0	0	268	0	0	0	934	0	16936	1678	1074	240	548	616	21048	474	27602	2042	0	0	0	198	0	600	0	0	974	1314	10044	5560	1666	736	770	558	
268120	Lingual_R	0	260	0	190	0	0	0	0	0	0	0	0	0	0	0	0	0	0	0	356	0	0	0	0	0	0	0	0	0	0	0	0	0	428	154	2254	302	3658	326	2544	0	0	2168	16178	0	3610	4060	0	0	5982	0	2716	86	3496	1396	16684	0	420	0	0	0	0	0	0	0	0	114	8638	0	628	0	0	0	0	0	0	0	672	0	0	0	0	0	0	0	258	0	0	0	556	4416	6982	554	196	136	264	3132	4910	7728	9932	122	0	148	0	0	0	0	0	0	140	6332	9362	1572	0	0	0	
189148	Occipital_Sup_L	286	0	0	0	0	0	0	0	0	0	0	0	0	0	0	0	138	0	0	0	0	0	0	0	0	0	0	0	0	0	0	0	1702	0	1410	0	0	0	0	0	0	0	9058	0	18306	104	2130	0	0	0	28734	0	1672	0	144	0	2146	0	5570	0	1622	0	298	0	1072	0	13690	394	1738	0	0	0	0	0	0	0	0	0	0	0	304	0	0	0	3054	0	0	0	1002	0	0	0	0	0	0	0	0	0	0	0	0	0	0	0	0	0	0	0	0	0	0	0	0	0	0	0	
324592	Occipital_Sup_R	0	2044	0	170	0	0	0	0	0	0	0	1138	0	0	0	0	0	156	0	248	0	0	0	0	0	0	0	0	0	350	0	0	92	220	150	512	0	116	0	0	0	0	1838	18752	830	38470	168	5982	0	0	0	36302	0	2468	0	2546	0	2790	0	5644	0	2912	0	2340	0	4536	1938	18760	0	790	0	0	0	402	0	84	0	250	0	0	0	1974	0	0	0	5976	0	0	0	1348	0	0	0	0	0	0	0	0	0	0	0	0	0	0	0	0	0	0	0	0	0	0	0	0	0	0	
483140	Occipital_Mid_L	2670	0	286	0	0	0	268	0	0	0	556	0	0	0	0	0	2822	0	0	0	0	0	0	0	0	0	0	0	3568	0	0	0	1468	0	608	0	0	0	0	0	0	0	26198	0	19644	0	9844	0	28734	0	0	0	22326	0	3828	0	12536	0	13616	0	12442	0	2810	0	15570	0	20880	0	4848	0	0	134	0	0	0	0	0	0	102	0	2880	0	0	0	21488	0	0	0	11444	0	0	0	0	0	0	0	0	0	0	0	0	0	0	0	0	0	0	0	0	0	0	0	0	0	0	0	
348160	Occipital_Mid_R	0	3538	0	142	0	0	0	0	0	0	0	960	0	0	0	0	0	124	168	580	0	0	0	0	0	0	0	0	0	316	0	0	160	626	296	1276	0	106	0	0	0	0	280	13678	0	22412	0	2716	0	36302	0	0	0	7876	0	2424	0	4858	0	4180	0	5710	0	3300	0	12404	1758	13838	0	3310	0	0	0	294	0	0	0	192	0	0	0	1840	0	0	0	22512	0	0	0	5904	0	0	0	0	0	0	0	0	0	0	0	0	0	0	0	0	0	0	0	0	0	0	0	0	0	0	
190296	Occipital_Inf_L	1434	0	150	0	0	0	180	0	0	0	156	0	0	0	0	0	102	0	0	0	0	0	0	0	0	0	0	0	1456	0	0	0	0	0	1026	0	0	0	0	0	0	0	9814	0	5858	0	6424	86	1672	0	22326	0	0	0	11302	0	1090	0	104	0	166	0	0	0	0	0	6726	0	2838	0	0	0	0	0	0	0	0	0	0	0	200	0	0	0	5680	0	0	0	11830	0	192	164	0	0	0	0	648	0	1140	192	0	0	0	0	0	118	0	0	204	236	562	418	212	154	148	140	
144172	Occipital_Inf_R	0	1970	0	0	0	0	0	0	0	0	0	550	0	0	0	0	0	0	230	612	0	0	0	0	0	0	0	0	0	84	0	0	106	718	176	3196	0	0	0	0	0	0	0	9366	0	4058	228	3496	0	2468	0	7876	0	0	0	5112	0	2452	0	0	0	0	0	138	0	0	340	9884	0	2634	0	0	0	0	0	0	0	0	0	0	0	114	0	0	0	4246	0	0	0	9168	226	0	0	0	0	0	0	0	564	726	0	0	0	0	0	0	0	0	0	0	346	880	122	0	0	0	
440592	Fusiform_L	3402	0	1052	0	0	0	462	0	0	0	332	0	0	0	290	0	1184	0	1600	0	280	0	0	0	0	0	0	0	11156	0	0	0	0	0	1288	444	12636	358	6006	92	3750	0	5406	0	1126	0	16470	1396	144	0	3828	0	11302	0	0	116	2208	0	158	0	252	0	200	0	0	0	3636	0	2846	0	0	348	1434	332	0	0	866	110	3204	0	1970	0	3112	0	2582	0	1666	0	21654	0	28146	824	2384	86	154	132	12778	94	31870	896	744	0	1062	0	142	214	0	0	414	518	3522	3690	1046	292	306	284	
512768	Fusiform_R	220	5600	0	998	0	0	0	106	0	0	0	2024	0	0	0	0	0	624	154	2700	0	90	0	0	0	0	0	0	0	4874	0	0	0	244	3456	7668	630	30872	314	23560	0	10428	196	7166	0	1976	404	16684	0	2546	0	2424	0	5112	116	0	0	2240	0	0	0	0	0	184	0	0	0	7818	174	2822	0	168	124	6644	0	0	286	4020	0	500	0	794	0	3838	0	3558	0	2464	94	24850	636	19314	154	1488	0	594	144	7932	1300	22110	0	284	756	2548	0	628	0	136	0	140	1480	2074	1122	1060	720	0	
341652	Postcentral_L	36384	0	3430	0	0	0	452	0	0	0	6666	0	354	0	0	0	10164	0	3080	124	0	0	0	0	0	0	0	0	9390	0	0	0	332	138	752	662	700	492	0	98	0	0	1298	0	1526	0	0	0	2146	0	12536	0	1090	0	2208	0	0	0	7132	0	18530	0	12732	0	2684	0	6160	0	12036	116	196	0	1030	0	0	0	1208	156	3530	0	3692	0	0	0	4740	0	0	0	2708	0	154	0	0	0	0	0	0	0	0	0	0	0	0	0	0	0	0	0	0	0	0	0	0	0	0	0	
270168	Postcentral_R	460	27964	0	2042	0	0	0	116	0	0	0	3912	0	0	0	0	0	3408	1442	6450	0	0	0	0	0	0	0	0	0	1674	0	0	0	2740	238	2560	0	1018	0	420	0	0	0	4574	0	3454	0	420	0	2790	0	4858	0	2452	0	2240	0	0	0	4010	0	2700	0	9078	0	490	278	11046	298	20900	154	0	0	568	0	84	0	468	0	426	0	1124	0	0	0	4194	0	0	0	3840	0	0	0	0	0	0	0	0	0	0	0	0	0	0	0	0	0	0	0	0	194	0	0	0	0	0	
127124	Parietal_Sup_L	652	0	0	0	0	0	0	0	0	0	308	0	0	0	0	0	1688	0	0	0	0	0	0	0	0	0	0	0	1848	0	0	0	512	0	0	0	0	0	0	0	0	0	0	0	420	0	0	0	5570	0	13616	0	104	0	158	0	7132	0	0	0	9614	0	690	0	3512	0	13740	190	442	0	0	0	0	0	0	0	0	0	0	0	1832	0	0	0	1234	0	0	0	300	0	0	0	0	0	0	0	0	0	0	0	0	0	0	0	0	0	0	0	0	0	0	0	0	0	0	0	
65640	Parietal_Sup_R	0	204	0	0	0	0	0	0	0	0	0	0	0	0	0	0	0	0	0	0	0	0	0	0	0	0	0	0	0	0	0	0	0	0	0	0	0	0	0	0	0	0	0	0	0	2956	0	0	0	5644	0	4180	0	0	0	0	0	4010	0	0	0	3496	0	152	0	5194	754	5744	0	324	0	0	0	0	0	0	0	0	0	0	0	0	0	0	0	162	0	0	0	0	0	0	0	0	0	0	0	0	0	0	0	0	0	0	0	0	0	0	0	0	0	0	0	0	0	0	
205996	Parietal_Inf_L	6512	0	422	0	0	0	750	0	0	0	780	0	0	0	0	0	2634	0	0	0	0	0	0	0	0	0	0	0	2996	0	0	0	0	0	0	0	0	0	0	0	0	0	90	0	90	0	0	0	1622	0	12442	0	166	0	252	0	18530	0	9614	0	0	0	14242	0	17082	0	1730	0	2986	0	90	92	0	0	0	0	0	0	0	0	3192	0	0	0	4372	0	0	0	2312	0	0	0	0	0	0	0	0	0	0	0	0	0	0	0	0	0	0	0	0	0	0	0	0	0	0	0	
78192	Parietal_Inf_R	0	232	0	0	0	0	0	0	0	0	0	164	0	0	0	0	0	0	0	0	0	0	0	0	0	0	0	0	0	0	0	0	0	0	0	0	0	0	0	0	0	0	0	0	0	608	0	0	0	2912	0	5710	0	0	0	0	0	2700	0	3496	0	0	0	6902	0	11922	0	698	0	106	0	0	0	0	0	0	0	0	0	0	0	300	0	0	0	2648	0	0	0	698	0	0	0	0	0	0	0	0	0	0	0	0	0	0	0	0	0	0	0	0	0	0	0	0	0	0	
144492	SupraMarginal_L	8340	0	212	0	0	0	594	0	0	0	1288	0	0	0	0	0	2364	0	0	0	0	0	0	0	0	0	0	0	856	0	0	0	0	0	0	0	0	0	0	0	0	0	0	0	0	0	0	0	298	0	2810	0	0	0	200	0	12732	0	690	0	14242	0	0	0	8490	0	288	0	168	0	106	0	0	0	0	0	0	0	108	0	8032	0	0	0	8128	0	0	0	2300	0	0	0	0	0	0	0	0	0	0	0	0	0	0	0	0	0	0	0	0	0	0	0	0	0	0	0	
119252	SupraMarginal_R	0	1812	0	232	0	0	0	0	0	0	0	532	0	0	0	0	0	3170	0	286	0	0	0	0	0	0	0	0	0	112	0	0	0	0	0	0	0	118	0	0	0	0	0	0	0	1142	0	0	0	2340	0	3300	0	138	0	184	0	9078	0	152	0	6902	0	0	0	10214	0	1414	0	690	0	0	0	0	0	0	0	0	0	440	0	4790	0	0	0	7874	0	0	0	4706	0	0	0	0	0	0	0	0	0	0	0	0	0	0	0	0	0	0	0	0	0	0	0	0	0	0	
145452	Angular_L	1386	0	184	0	0	0	448	0	0	0	474	0	0	0	0	0	1416	0	0	0	0	0	0	0	0	0	0	0	628	0	0	0	104	0	126	0	0	0	0	0	0	0	176	0	288	0	0	0	1072	0	15570	0	0	0	0	0	2684	0	3512	0	17082	0	8490	0	0	0	1744	0	728	0	0	104	0	0	0	0	0	0	0	0	3340	0	0	0	9720	0	0	0	3450	0	0	0	0	0	0	0	0	0	0	0	0	0	0	0	0	0	0	0	0	0	0	0	0	0	0	0	
115392	Angular_R	0	132	0	0	0	0	0	0	0	0	0	0	0	0	0	0	0	0	0	0	0	0	0	0	0	0	0	0	0	0	0	0	0	0	0	0	0	0	0	0	0	0	0	0	0	932	0	0	0	4536	0	12404	0	0	0	0	0	490	0	5194	0	11922	0	10214	0	0	0	1056	0	106	0	0	0	0	0	0	0	0	0	0	0	3094	0	0	0	6104	0	0	0	1512	0	0	0	0	0	0	0	0	0	0	0	0	0	0	0	0	0	0	0	0	0	0	0	0	0	0	
323460	Precuneus_L	424	0	0	0	0	0	0	0	0	0	0	0	0	0	0	0	284	0	0	120	0	0	0	0	0	0	0	0	214	0	0	0	3330	1136	7056	2054	2204	0	2072	0	0	0	15564	736	15300	4202	3662	114	13690	1938	20880	1758	6726	340	3636	0	6160	278	13740	754	1730	0	288	0	1744	0	0	8624	5992	192	0	0	0	0	0	0	0	0	110	0	428	0	0	0	6458	0	0	0	6910	182	0	0	0	0	0	120	0	136	0	0	0	0	0	0	0	0	0	0	0	0	246	198	0	0	0	0	
433468	Precuneus_R	0	7004	0	1646	0	0	0	90	0	0	0	2096	0	0	0	0	0	216	144	3810	0	0	0	0	0	0	0	0	0	456	0	0	468	7642	2928	14148	1090	5098	804	1390	0	0	1084	22390	1704	26918	0	8638	394	18760	0	13838	0	9884	0	7818	0	11046	190	5744	0	698	0	1414	0	1056	8624	0	114	12210	0	234	0	424	0	88	144	594	0	0	0	1906	0	0	0	3826	0	0	0	6332	0	0	0	0	0	0	0	116	0	0	0	0	0	0	0	0	0	0	0	0	1516	0	0	0	0	0	
414996	Paracentral_Lobule_L	32644	1402	8066	1108	0	0	446	0	0	0	114	0	0	0	0	0	2532	0	26766	12578	0	0	0	0	0	0	0	0	5254	0	0	0	6558	10752	3532	2734	3898	1784	0	678	0	0	1468	0	2918	0	0	0	1738	0	4848	0	2838	0	2846	174	12036	298	442	0	2986	0	168	0	728	0	5992	114	0	4944	4254	220	7658	0	4004	0	15548	1478	618	0	964	0	158	0	3350	0	0	0	3748	114	0	0	0	0	0	0	0	0	0	0	0	0	0	0	0	0	0	0	0	0	0	0	0	0	0	0	
315452	Paracentral_Lobule_R	3502	15924	430	4998	0	0	0	0	0	0	0	416	0	0	0	0	0	688	3336	26562	0	0	0	0	0	0	0	0	0	384	0	0	222	18064	448	4456	0	1072	0	388	0	0	0	5128	0	2600	0	628	0	790	0	3310	0	2634	0	2822	116	20900	0	324	0	106	0	690	0	106	192	12210	4944	0	2874	1846	0	234	0	0	1260	1826	0	222	0	670	0	0	0	5252	0	0	0	4922	0	0	0	0	0	0	0	0	0	0	0	0	0	0	0	0	0	0	0	0	230	0	0	0	0	0	
227956	Caudate_L	3936	1254	6122	1818	3442	0	2272	264	964	0	390	1496	360	0	254	1544	570	348	6574	3966	5812	5584	842	132	506	0	1750	0	3594	1644	6178	1854	0	2324	0	154	122	256	0	110	0	0	0	0	0	0	0	0	0	0	0	0	0	0	0	0	196	154	0	0	90	0	106	0	0	0	0	0	4254	2874	0	16770	11412	2582	706	592	6294	714	0	0	188	0	280	330	0	0	0	0	0	0	0	0	0	0	0	0	0	0	0	0	0	0	0	0	0	0	0	0	0	0	0	0	0	0	0	0	
410452	Caudate_R	1344	6250	4006	22476	1962	4780	1798	2310	0	374	0	5642	0	958	0	6300	0	1616	2430	24992	4980	6988	174	6458	318	4420	1176	1848	1288	6102	4486	13088	0	2140	0	0	0	324	0	202	0	118	0	94	0	0	0	0	0	0	134	0	0	0	348	168	0	0	0	0	92	0	0	0	104	0	0	234	220	1846	16770	0	4058	20284	104	1970	1948	14486	106	0	0	0	0	712	0	0	0	0	116	0	84	0	0	0	0	0	0	0	0	0	0	0	0	0	0	0	0	0	0	0	0	0	0	0	0	0	
272600	Putamen_L	5122	0	14008	0	9152	0	2290	0	4110	0	1314	0	522	0	5100	0	644	0	17170	0	4004	3276	544	0	286	0	1420	0	16014	0	2214	346	0	0	470	734	5762	652	772	226	300	0	0	0	0	0	0	0	0	0	0	0	0	0	1434	124	1030	0	0	0	0	0	0	0	0	0	0	0	7658	0	11412	4058	0	1074	4592	110	4198	292	96	0	1126	0	1808	0	0	0	0	0	836	0	0	0	0	0	0	0	0	0	0	0	0	0	0	0	0	0	0	0	0	0	0	0	0	0	0	0	
395852	Putamen_R	836	3566	1150	23466	234	4704	1000	4796	0	520	0	9702	0	3784	0	3232	0	2876	916	16032	1392	1544	428	5412	92	3628	240	1378	562	30096	1606	6222	0	1076	142	192	0	11912	0	5056	0	738	0	0	0	216	0	0	0	402	0	294	0	0	332	6644	0	568	0	0	0	0	0	0	0	0	0	424	0	234	2582	20284	1074	0	0	1672	144	6460	102	460	0	1076	0	1046	0	1626	0	0	114	3450	0	0	0	0	0	0	0	0	0	192	0	0	0	0	0	0	0	0	0	0	0	0	0	0	0	0	
37132	Pallidum_L	310	0	2080	0	0	0	0	0	0	0	0	0	0	0	0	0	0	0	5450	0	0	102	0	0	0	0	0	0	0	0	0	0	0	0	0	0	542	0	0	0	0	0	0	0	0	0	0	0	0	0	0	0	0	0	0	0	0	0	0	0	0	0	0	0	0	0	0	0	4004	0	706	104	4592	0	0	0	676	0	0	0	0	0	0	0	0	0	0	0	0	0	0	0	0	0	0	0	0	0	0	0	0	0	0	0	0	0	0	0	0	0	0	0	0	0	0	0	
19172	Pallidum_R	0	482	156	1496	0	0	0	218	0	0	0	446	0	0	0	0	0	0	128	1728	0	0	0	0	0	0	0	0	0	124	0	0	0	0	0	0	0	108	0	100	0	0	0	0	0	0	0	0	0	84	0	0	0	0	0	0	0	84	0	0	0	0	0	0	0	0	0	88	0	0	592	1970	110	1672	0	0	0	0	0	0	0	0	0	0	0	0	0	0	0	0	0	0	0	0	0	0	0	0	0	0	0	0	0	0	0	0	0	0	0	0	0	0	0	0	0	0	
225500	Thalamus_L	15800	1610	3122	706	0	0	1212	0	0	0	146	0	0	0	0	0	116	0	15904	1348	0	0	0	0	0	0	0	0	2360	94	0	0	0	1054	2026	5748	8310	5642	2120	1448	0	0	0	0	0	0	128	0	0	0	0	0	0	0	866	286	1208	0	0	0	0	0	0	0	0	0	0	144	15548	1260	6294	1948	4198	144	676	0	0	6770	114	0	306	0	0	0	630	0	0	0	3464	0	0	0	0	0	0	0	0	0	0	0	0	0	0	0	0	0	0	0	0	0	0	0	0	0	0	0	
224468	Thalamus_R	1600	22350	576	11366	0	0	132	1468	0	0	0	2378	0	0	0	0	0	216	982	8648	0	0	0	0	0	0	0	0	90	3750	0	0	0	146	120	1262	442	9624	230	3546	0	762	0	280	0	156	0	672	0	250	0	192	0	0	110	4020	156	468	0	0	0	0	0	0	0	0	0	594	1478	1826	714	14486	292	6460	0	0	6770	0	0	442	0	1142	0	0	0	862	0	0	160	1016	0	0	0	0	0	0	0	0	0	0	0	0	0	0	0	0	0	0	0	0	0	0	0	0	0	0	
66552	Heschl_L	3250	0	1236	0	0	0	708	0	0	0	364	0	0	0	0	0	2704	0	614	0	0	0	0	0	0	0	0	0	7192	0	0	0	0	0	116	120	1692	0	0	0	0	0	96	0	0	0	0	0	0	0	102	0	0	0	3204	0	3530	0	0	0	0	0	108	0	0	0	110	0	618	0	0	106	96	102	0	0	114	0	0	0	1942	0	0	0	1034	0	0	0	4008	0	110	0	0	0	0	0	0	0	0	0	0	0	0	0	0	0	0	0	0	0	0	0	0	0	0	0	
37480	Heschl_R	0	444	0	1144	0	0	0	0	0	0	0	140	0	0	0	0	0	3340	0	1118	0	0	0	0	0	0	0	0	0	3316	0	0	0	0	0	0	0	790	0	176	0	0	0	0	0	0	0	0	0	0	0	0	0	0	0	500	0	426	0	0	0	0	0	440	0	0	0	0	0	222	0	0	0	460	0	0	0	442	0	0	0	3778	0	0	0	1884	0	0	0	120	0	0	0	0	0	0	0	0	0	0	0	0	0	0	0	0	0	0	0	0	0	0	0	0	0	0	
259672	Temporal_Sup_L	4234	0	6428	0	0	0	2912	0	0	0	7576	0	178	0	0	0	13196	0	5112	0	0	0	186	0	0	0	0	0	15516	0	174	0	0	0	0	0	1208	0	0	0	0	0	0	0	118	0	0	0	304	0	2880	0	200	0	1970	0	3692	0	1832	0	3192	0	8032	0	3340	0	428	0	964	0	188	0	1126	0	0	0	306	0	1942	0	0	0	4460	0	26244	0	204	0	11694	0	0	0	0	0	0	0	0	0	0	0	0	0	0	0	0	0	0	0	0	0	0	0	0	0	0	0	
126176	Temporal_Sup_R	0	920	0	1324	0	0	0	88	0	0	0	544	0	112	0	376	0	4556	0	914	0	0	0	0	0	0	0	0	0	6422	0	0	0	0	0	86	0	582	0	370	0	0	0	0	0	1492	0	0	0	1974	0	1840	0	114	0	794	0	1124	0	0	0	300	0	4790	0	3094	0	1906	0	670	0	0	0	1076	0	0	0	1142	0	3778	0	0	0	3096	0	16658	0	520	0	2426	0	0	0	0	0	0	0	0	0	0	0	0	0	0	0	0	0	0	0	0	0	0	0	0	0	0	
89904	Temporal_Pole_Sup_L	382	0	2420	0	84	0	568	0	0	0	3104	0	196	0	918	0	2522	0	2302	0	556	0	0	0	0	0	0	0	7238	0	0	0	0	0	0	0	1472	0	524	0	674	0	0	0	0	0	0	0	0	0	0	0	0	0	3112	0	0	0	0	0	0	0	0	0	0	0	0	0	158	0	280	0	1808	0	0	0	0	0	0	0	4460	0	0	0	4600	0	3108	0	4466	0	0	0	0	0	0	0	0	0	0	0	0	0	0	0	0	0	0	0	0	0	0	0	0	0	0	0	
78724	Temporal_Pole_Sup_R	0	0	286	1862	248	0	0	0	0	0	0	2754	0	214	0	908	0	2522	0	1496	0	126	0	0	0	0	0	0	144	4142	0	92	0	0	0	0	0	1052	0	1358	0	2964	0	0	0	0	0	0	0	0	0	0	0	0	0	3838	0	0	0	0	0	0	0	0	0	0	0	0	0	0	330	712	0	1046	0	0	0	0	0	0	0	3096	0	0	0	2360	0	4380	0	3432	0	0	0	0	0	0	0	0	0	0	0	0	0	0	0	0	0	0	0	0	0	0	0	0	0	0	
346104	Temporal_Mid_L	2430	0	454	0	0	0	206	0	0	0	692	0	0	0	0	0	1794	0	1032	0	0	0	0	0	0	0	0	0	6458	0	0	0	244	0	614	0	1568	0	0	0	0	0	3884	0	3858	0	268	0	3054	0	21488	0	5680	0	2582	0	4740	0	1234	0	4372	0	8128	0	9720	0	6458	0	3350	0	0	0	0	0	0	0	630	0	1034	0	26244	0	4600	0	0	0	3948	0	42288	0	0	0	0	0	0	0	0	0	0	0	0	0	0	0	0	0	0	0	0	0	0	0	0	0	0	0	
275992	Temporal_Mid_R	0	4116	0	270	0	0	0	0	0	0	0	1666	0	0	0	0	0	310	424	1120	0	0	0	0	0	0	0	0	0	4220	0	0	0	0	116	894	0	1598	0	270	0	156	0	1728	0	2908	0	258	0	5976	0	22512	0	4246	0	3558	0	4194	0	162	0	2648	0	7874	0	6104	0	3826	0	5252	0	0	0	1626	0	0	0	862	0	1884	0	16658	0	2360	0	0	0	1556	0	26644	0	0	0	0	0	0	0	0	0	0	0	0	0	0	0	0	0	0	0	0	0	0	0	0	0	0	
23120	Temporal_Pole_Mid_L	0	0	0	0	0	0	0	0	0	0	0	0	0	0	0	0	0	0	0	0	0	0	0	0	0	0	0	0	0	0	0	0	0	0	0	0	0	0	0	0	0	0	0	0	0	0	0	0	0	0	0	0	0	0	1666	0	0	0	0	0	0	0	0	0	0	0	0	0	0	0	0	0	0	0	0	0	0	0	0	0	204	0	3108	0	3948	0	0	0	2634	0	0	0	0	0	0	0	0	0	0	0	0	0	0	0	0	0	0	0	0	0	0	0	0	0	0	0	
29412	Temporal_Pole_Mid_R	0	0	0	0	0	0	0	0	0	0	0	0	0	0	0	0	0	0	0	0	0	0	0	0	0	0	0	0	0	0	0	0	0	0	0	0	0	340	0	762	0	1498	0	0	0	0	0	0	0	0	0	0	0	0	0	2464	0	0	0	0	0	0	0	0	0	0	0	0	0	0	0	0	0	0	0	0	0	0	0	0	0	520	0	4380	0	1556	0	0	0	3186	0	0	0	0	0	0	0	0	0	0	0	0	0	0	0	0	0	0	0	0	0	0	0	0	0	0	
373384	Temporal_Inf_L	3172	0	758	0	0	0	240	0	0	0	522	0	0	0	0	0	564	0	3512	0	0	0	0	0	0	0	0	0	10688	0	0	0	118	0	1240	800	11890	626	2674	140	1300	0	3616	0	3010	0	934	0	1002	0	11444	0	11830	0	21654	94	2708	0	300	0	2312	0	2300	0	3450	0	6910	0	3748	0	0	116	836	114	0	0	3464	160	4008	0	11694	0	4466	0	42288	0	2634	0	0	0	2696	0	160	0	0	0	0	0	356	0	144	0	0	0	0	0	0	0	0	0	0	0	0	0	0	0	
285560	Temporal_Inf_R	118	5116	0	350	0	0	0	0	0	0	0	2070	0	0	0	0	0	542	276	1720	0	0	0	0	0	0	0	0	0	2974	0	0	0	550	1392	4702	0	7616	0	1512	0	3642	0	1804	0	2176	0	556	0	1348	0	5904	0	9168	0	24850	0	3840	0	0	0	698	0	4706	0	1512	182	6332	114	4922	0	0	0	3450	0	0	0	1016	0	120	0	2426	0	3432	0	26644	0	3186	0	0	0	1366	0	0	0	0	0	0	0	134	0	0	0	0	0	0	0	0	0	0	314	0	0	0	0	0	
551340	Cerebelum_Crus1_L	210	0	88	0	0	0	86	0	0	0	0	0	0	0	0	0	190	0	0	0	0	0	0	0	0	0	0	0	668	0	0	0	0	0	0	0	228	0	0	100	0	0	2788	0	0	0	16936	4416	0	0	0	0	192	226	28146	636	154	0	0	0	0	0	0	0	0	0	0	0	0	0	0	84	0	0	0	0	0	0	110	0	0	0	0	0	0	0	0	0	2696	0	0	3344	40048	2280	2030	598	27784	706	67122	3718	17722	238	16856	1386	2956	308	598	0	340	886	9242	11300	5946	830	668	810	
476796	Cerebelum_Crus1_R	0	0	0	0	0	0	0	0	0	0	0	0	0	0	0	0	0	0	0	0	0	0	0	0	0	0	0	0	0	0	0	0	0	0	0	0	0	0	0	388	0	0	430	0	0	0	1678	6982	0	0	0	0	164	0	824	19314	0	0	0	0	0	0	0	0	0	0	0	0	0	0	0	0	0	0	0	0	0	0	0	0	0	0	0	0	0	0	0	0	0	1366	3344	0	1974	39314	262	4476	1614	18558	5360	63586	1250	9370	2038	20372	680	1202	0	240	186	1554	7512	10282	10556	2250	984	288	
382240	Cerebelum_Crus2_L	0	0	0	0	0	0	0	0	0	0	0	0	0	0	0	0	0	0	0	0	0	0	0	0	0	0	0	0	0	0	0	0	0	0	0	0	0	0	0	0	0	0	112	0	0	0	1074	554	0	0	0	0	0	0	2384	154	0	0	0	0	0	0	0	0	0	0	0	0	0	0	0	0	0	0	0	0	0	0	0	0	0	0	0	0	0	0	0	0	160	0	40048	1974	0	10354	780	92	2836	190	8214	1216	47410	3494	38022	4632	7242	328	436	0	0	314	870	1434	11408	4790	376	222	
362316	Cerebelum_Crus2_R	0	0	0	0	0	0	0	0	0	0	0	0	0	0	0	0	0	0	0	0	0	0	0	0	0	0	0	0	0	0	0	0	0	0	0	0	0	0	0	638	0	0	0	0	0	0	240	196	0	0	0	0	0	0	86	1488	0	0	0	0	0	0	0	0	0	0	0	0	0	0	0	0	0	0	0	0	0	0	0	0	0	0	0	0	0	0	0	0	0	0	2280	39314	10354	0	0	998	226	2514	610	11934	9860	26184	9648	32740	490	3222	0	158	308	658	578	726	15724	7078	1854	1052	
51648	Cerebelum_3_L	0	0	0	0	0	0	0	0	0	0	0	0	0	0	0	0	0	0	0	0	0	0	0	0	0	0	0	0	0	0	0	0	0	0	0	0	0	0	0	0	0	0	144	0	0	0	548	136	0	0	0	0	0	0	154	0	0	0	0	0	0	0	0	0	0	0	0	0	0	0	0	0	0	0	0	0	0	0	0	0	0	0	0	0	0	0	0	0	0	0	2030	262	780	0	0	134	7694	90	2396	322	428	0	1682	92	2634	0	300	0	1020	2250	2148	350	144	0	86	0	
99516	Cerebelum_3_R	0	0	0	0	0	0	0	0	0	0	0	0	0	0	0	0	0	0	0	0	0	0	0	0	0	0	0	0	0	0	0	0	0	0	0	0	0	0	0	446	0	0	354	0	0	0	616	264	0	0	0	0	0	0	132	594	0	0	0	0	0	0	0	0	0	0	120	0	0	0	0	0	0	0	0	0	0	0	0	0	0	0	0	0	0	0	0	0	0	0	598	4476	92	998	134	0	926	8600	972	7616	0	210	422	1894	322	1514	0	0	772	4368	3746	1368	2706	2676	2142	680	
336628	Cerebelum_4_5_L	0	0	0	0	0	0	0	0	0	0	0	0	0	0	0	0	0	0	0	0	0	0	0	0	0	0	0	0	0	0	0	0	0	0	0	0	106	0	278	0	0	0	6794	0	0	0	21048	3132	0	0	0	0	648	0	12778	144	0	0	0	0	0	0	0	0	0	0	0	0	0	0	0	0	0	0	0	0	0	0	0	0	0	0	0	0	0	0	0	0	0	0	27784	1614	2836	226	7694	926	0	720	41150	1828	700	0	2180	220	3014	500	350	0	1468	3010	19280	4552	608	712	822	1192	
236340	Cerebelum_4_5_R	0	0	0	0	0	0	0	0	0	0	0	0	0	0	0	0	0	0	0	0	0	0	0	0	0	0	0	0	0	0	0	0	0	0	0	90	0	652	0	3548	0	0	328	0	0	0	474	4910	0	0	0	0	0	0	94	7932	0	0	0	0	0	0	0	0	0	0	136	116	0	0	0	0	0	0	0	0	0	0	0	0	0	0	0	0	0	0	0	0	0	0	706	18558	190	2514	90	8600	720	0	962	30892	140	198	1854	5130	486	2288	0	0	376	2216	9416	2314	3954	4604	3186	496	
529320	Cerebelum_6_L	0	0	0	0	0	0	0	0	0	0	0	0	0	0	0	0	0	0	0	0	0	0	0	0	0	0	0	0	0	0	0	0	0	0	0	0	0	0	0	0	0	0	5686	0	0	0	27602	7728	0	0	0	0	1140	564	31870	1300	0	0	0	0	0	0	0	0	0	0	0	0	0	0	0	0	0	0	0	0	0	0	0	0	0	0	0	0	0	0	0	0	356	0	67122	5360	8214	610	2396	972	41150	962	0	6924	3064	0	3562	430	2862	562	152	0	734	1402	15878	18410	3792	1270	1218	1368	
443100	Cerebelum_6_R	0	0	0	0	0	0	0	0	0	0	0	0	0	0	0	0	0	0	0	0	0	0	0	0	0	0	0	0	0	0	0	0	0	0	0	0	0	336	0	1194	0	0	462	0	0	0	2042	9932	0	0	0	0	192	726	896	22110	0	0	0	0	0	0	0	0	0	0	0	0	0	0	0	0	0	192	0	0	0	0	0	0	0	0	0	0	0	0	0	0	0	134	3718	63586	1216	11934	322	7616	1828	30892	6924	0	628	1464	1650	10332	794	2248	0	556	198	1862	9602	13364	8208	2592	1402	398	
318636	Cerebelum_7b_L	0	0	0	0	0	0	0	0	0	0	0	0	0	0	0	0	0	0	0	0	0	0	0	0	0	0	0	0	0	0	0	0	0	0	0	0	0	0	0	0	0	0	0	0	0	0	0	122	0	0	0	0	0	0	744	0	0	0	0	0	0	0	0	0	0	0	0	0	0	0	0	0	0	0	0	0	0	0	0	0	0	0	0	0	0	0	0	0	144	0	17722	1250	47410	9860	428	0	700	140	3064	628	0	5008	40482	5624	7032	568	608	0	0	176	0	320	9226	7468	420	174	
183900	Cerebelum_7b_R	0	0	0	0	0	0	0	0	0	0	0	0	0	0	0	0	0	0	0	0	0	0	0	0	0	0	0	0	0	0	0	0	0	0	0	0	0	0	0	0	0	0	0	0	0	0	0	0	0	0	0	0	0	0	0	284	0	0	0	0	0	0	0	0	0	0	0	0	0	0	0	0	0	0	0	0	0	0	0	0	0	0	0	0	0	0	0	0	0	0	238	9370	3494	26184	0	210	0	198	0	1464	5008	0	6280	24582	178	2970	0	0	0	226	114	0	4200	6202	506	242	
396424	Cerebelum_8_L	0	0	0	0	0	0	0	0	0	0	0	0	0	0	0	0	0	0	0	0	0	0	0	0	0	0	0	0	0	0	0	0	0	0	0	0	0	122	0	808	0	0	0	0	0	0	0	148	0	0	0	0	0	0	1062	756	0	0	0	0	0	0	0	0	0	0	0	0	0	0	0	0	0	0	0	0	0	0	0	0	0	0	0	0	0	0	0	0	0	0	16856	2038	38022	9648	1682	422	2180	1854	3562	1650	40482	6280	0	10916	23362	2906	2966	0	0	634	186	402	11620	13202	3508	938	
355340	Cerebelum_8_R	0	0	0	0	0	0	0	0	0	0	0	0	0	0	0	0	0	0	0	0	0	0	0	0	0	0	0	0	0	0	0	0	0	0	0	0	0	220	0	1768	0	0	0	0	0	0	198	0	0	0	0	0	0	0	0	2548	0	0	0	0	0	0	0	0	0	0	0	0	0	0	0	0	0	0	0	0	0	0	0	0	0	0	0	0	0	0	0	0	0	0	1386	20372	4632	32740	92	1894	220	5130	430	10332	5624	24582	10916	0	1836	18246	0	1774	278	1158	528	398	12128	11882	4846	1512	
146280	Cerebelum_9_L	0	0	0	0	0	0	0	0	0	0	0	0	0	0	0	0	0	0	0	0	0	0	0	0	0	0	0	0	0	0	0	0	0	0	0	0	0	0	0	0	0	0	0	0	0	0	0	0	0	0	0	0	0	0	142	0	0	0	0	0	0	0	0	0	0	0	0	0	0	0	0	0	0	0	0	0	0	0	0	0	0	0	0	0	0	0	0	0	0	0	2956	680	7242	490	2634	322	3014	486	2862	794	7032	178	23362	1836	0	3952	3142	136	112	612	660	768	1088	2378	4196	2066	
150240	Cerebelum_9_R	0	0	0	0	0	0	0	0	0	0	0	0	0	0	0	0	0	0	0	0	0	0	0	0	0	0	0	0	0	0	0	0	0	0	0	0	0	0	0	716	0	0	0	0	0	0	600	0	0	0	0	0	118	0	214	628	0	0	0	0	0	0	0	0	0	0	0	0	0	0	0	0	0	0	0	0	0	0	0	0	0	0	0	0	0	0	0	0	0	0	308	1202	328	3222	0	1514	500	2288	562	2248	568	2970	2906	18246	3952	0	0	2354	1028	1876	1652	468	2614	7382	10142	4514	
17348	Cerebelum_10_L	0	0	0	0	0	0	0	0	0	0	0	0	0	0	0	0	0	0	0	0	0	0	0	0	0	0	0	0	0	0	0	0	0	0	0	0	0	0	0	0	0	0	0	0	0	0	0	0	0	0	0	0	0	0	0	0	0	0	0	0	0	0	0	0	0	0	0	0	0	0	0	0	0	0	0	0	0	0	0	0	0	0	0	0	0	0	0	0	0	0	598	0	436	0	300	0	350	0	152	0	608	0	2966	0	3142	0	0	0	0	122	0	0	0	0	0	0	
11996	Cerebelum_10_R	0	0	0	0	0	0	0	0	0	0	0	0	0	0	0	0	0	0	0	0	0	0	0	0	0	0	0	0	0	0	0	0	0	0	0	0	0	0	0	0	0	0	0	0	0	0	0	0	0	0	0	0	0	0	0	136	0	0	0	0	0	0	0	0	0	0	0	0	0	0	0	0	0	0	0	0	0	0	0	0	0	0	0	0	0	0	0	0	0	0	0	240	0	158	0	0	0	0	0	556	0	0	0	1774	136	2354	0	0	0	0	0	0	0	194	338	112	
49400	Vermis_1_2	0	0	0	0	0	0	0	0	0	0	0	0	0	0	0	0	0	0	0	0	0	0	0	0	0	0	0	0	0	0	0	0	0	0	0	0	0	0	0	0	0	0	314	0	0	0	974	0	0	0	0	0	204	0	414	0	0	0	0	0	0	0	0	0	0	0	0	0	0	0	0	0	0	0	0	0	0	0	0	0	0	0	0	0	0	0	0	0	0	0	340	186	0	308	1020	772	1468	376	734	198	0	0	0	278	112	1028	0	0	0	6798	4330	736	870	1134	1140	966	
96768	Vermis_3	0	0	0	0	0	0	0	0	0	0	0	0	0	0	0	0	0	0	0	0	0	0	0	0	0	0	0	0	0	0	0	0	0	0	0	0	0	0	0	0	0	0	486	0	0	0	1314	140	0	0	0	0	236	0	518	140	0	0	0	0	0	0	0	0	0	0	0	0	0	0	0	0	0	0	0	0	0	0	0	0	0	0	0	0	0	0	0	0	0	0	886	1554	314	658	2250	4368	3010	2216	1402	1862	176	226	634	1158	612	1876	122	0	6798	0	5824	1392	2062	2492	2302	1356	
281468	Vermis_4_5	0	132	0	0	0	0	0	0	0	0	0	0	0	0	0	0	0	0	0	0	0	0	0	0	0	0	0	0	0	0	0	0	0	0	170	1678	202	392	178	0	0	0	4354	0	0	0	10044	6332	0	0	0	0	562	346	3522	1480	0	194	0	0	0	0	0	0	0	0	246	1516	0	230	0	0	0	0	0	0	0	0	0	0	0	0	0	0	0	0	0	0	0	314	9242	7512	870	578	2148	3746	19280	9416	15878	9602	0	114	186	528	660	1652	0	0	4330	5824	0	8464	1984	2240	2280	2308	
