data	data	370052	287564	764392	631036	130140	94000	406240	223852	85000	40680	230700	226640	269408	200844	248680	87148	326900	97864	446992	763664	73728	104228	327752	313028	33284	105808	82640	90320	626248	323684	346616	465980	161024	441108	151624	218400	306276	337600	92736	211720	37440	49208	202800	339244	132576	303016	247312	321180	139208	350644	408680	259416	150320	86044	334636	383292	266612	219524	109932	128464	180784	124604	68576	74248	106696	128884	205488	352036	126304	354172	305420	420248	390068	391944	111768	80916	198764	227156	72264	27640	192504	102712	151200	58960	366060	239360	19788	25720	356980	234284	463692	385400	367264	341084	31164	27132	203064	154792	391632	375868	244880	155336	325852	274516	114408	114512	37108	17012	18308	35320	166268	200136	266332	116196	72088	24756	
data	data	Precentral_L	Precentral_R	Frontal_Sup_L	Frontal_Sup_R	Frontal_Sup_Orb_L	Frontal_Sup_Orb_R	Frontal_Mid_L	Frontal_Mid_R	Frontal_Mid_Orb_L	Frontal_Mid_Orb_R	Frontal_Inf_Oper_L	Frontal_Inf_Oper_R	Frontal_Inf_Tri_L	Frontal_Inf_Tri_R	Frontal_Inf_Orb_L	Frontal_Inf_Orb_R	Rolandic_Oper_L	Rolandic_Oper_R	Supp_Motor_Area_L	Supp_Motor_Area_R	Olfactory_L	Olfactory_R	Frontal_Sup_Medial_L	Frontal_Sup_Medial_R	Frontal_Med_Orb_L	Frontal_Med_Orb_R	Rectus_L	Rectus_R	Insula_L	Insula_R	Cingulum_Ant_L	Cingulum_Ant_R	Cingulum_Mid_L	Cingulum_Mid_R	Cingulum_Post_L	Cingulum_Post_R	Hippocampus_L	Hippocampus_R	ParaHippocampal_L	ParaHippocampal_R	Amygdala_L	Amygdala_R	Calcarine_L	Calcarine_R	Cuneus_L	Cuneus_R	Lingual_L	Lingual_R	Occipital_Sup_L	Occipital_Sup_R	Occipital_Mid_L	Occipital_Mid_R	Occipital_Inf_L	Occipital_Inf_R	Fusiform_L	Fusiform_R	Postcentral_L	Postcentral_R	Parietal_Sup_L	Parietal_Sup_R	Parietal_Inf_L	Parietal_Inf_R	SupraMarginal_L	SupraMarginal_R	Angular_L	Angular_R	Precuneus_L	Precuneus_R	Paracentral_Lobule_L	Paracentral_Lobule_R	Caudate_L	Caudate_R	Putamen_L	Putamen_R	Pallidum_L	Pallidum_R	Thalamus_L	Thalamus_R	Heschl_L	Heschl_R	Temporal_Sup_L	Temporal_Sup_R	Temporal_Pole_Sup_L	Temporal_Pole_Sup_R	Temporal_Mid_L	Temporal_Mid_R	Temporal_Pole_Mid_L	Temporal_Pole_Mid_R	Temporal_Inf_L	Temporal_Inf_R	Cerebelum_Crus1_L	Cerebelum_Crus1_R	Cerebelum_Crus2_L	Cerebelum_Crus2_R	Cerebelum_3_L	Cerebelum_3_R	Cerebelum_4_5_L	Cerebelum_4_5_R	Cerebelum_6_L	Cerebelum_6_R	Cerebelum_7b_L	Cerebelum_7b_R	Cerebelum_8_L	Cerebelum_8_R	Cerebelum_9_L	Cerebelum_9_R	Cerebelum_10_L	Cerebelum_10_R	Vermis_1_2	Vermis_3	Vermis_4_5	Vermis_6	Vermis_7	Vermis_8	Vermis_9	Vermis_10	
370052	Precentral_L	0	2900	13882	1216	0	0	15554	372	0	0	12784	106	3128	0	0	0	10658	64	10144	6180	0	0	0	0	0	0	0	0	6266	524	0	96	176	1994	6966	5970	3754	3598	0	936	94	0	0	156	0	86	0	110	0	0	800	96	0	0	64	228	22630	748	148	0	5280	0	1660	0	1396	0	1074	408	12108	5886	1820	1036	3102	132	2130	56	7108	2730	1870	0	488	56	124	0	2162	96	0	0	1778	98	0	0	0	0	0	0	0	0	0	0	0	0	0	0	0	0	0	0	0	0	0	0	0	0	0	0	
287564	Precentral_R	2900	0	544	3576	0	0	136	6684	0	0	124	7442	0	546	0	0	412	1360	2308	19824	58	102	0	0	0	0	0	0	286	3274	0	118	290	1158	186	622	2704	3128	0	474	96	0	0	612	0	310	0	168	0	282	0	714	0	0	0	242	256	20048	0	460	0	250	80	1198	0	0	62	1568	2716	24678	1240	5400	1666	5164	1640	576	4014	10692	0	110	0	266	0	0	0	584	0	0	0	434	0	0	0	0	0	0	0	0	0	0	0	0	0	0	0	0	0	0	0	0	0	0	0	0	0	0	
764392	Frontal_Sup_L	13882	544	0	4670	10036	0	54644	288	8418	0	9110	1120	15792	1254	21956	136	13680	92	50532	9036	582	82	33838	1792	408	142	1896	114	33320	712	17936	5582	7184	4370	200	66	1118	100	0	0	0	0	0	0	0	0	0	0	0	0	0	0	0	0	188	0	5926	138	0	0	310	0	150	0	0	0	0	0	1514	330	9932	1592	23344	782	6614	120	496	0	266	0	476	0	5180	0	0	0	0	0	206	0	0	0	0	0	0	0	0	0	0	0	0	0	0	0	0	0	0	0	0	0	0	0	0	0	0	0	
631036	Frontal_Sup_R	1216	3576	4670	0	0	6416	646	32966	0	3494	928	11134	106	10866	0	6122	1082	2652	9804	49826	432	1698	5970	28086	234	5404	60	3078	1870	8624	4142	25772	810	13506	200	438	228	3978	0	1358	0	0	0	0	0	0	0	0	0	0	0	0	0	0	0	1004	238	996	0	0	0	0	0	0	0	0	0	0	426	674	2554	19532	1616	20760	70	6614	426	8186	62	62	70	108	180	382	0	88	0	0	0	78	0	0	0	0	0	0	0	0	0	0	0	0	0	0	0	0	0	0	0	0	0	0	0	0	0	0	
130140	Frontal_Sup_Orb_L	0	0	10036	0	0	0	1558	0	12422	0	0	0	460	0	9724	0	0	0	0	0	1758	104	3104	220	3192	356	9070	122	3174	0	5210	628	0	0	0	0	0	0	0	0	0	0	0	0	0	0	0	0	0	0	0	0	0	0	0	0	0	0	0	0	0	0	0	0	0	0	0	0	0	0	2092	182	1194	106	60	0	0	0	0	0	0	0	298	0	0	0	0	0	0	0	0	0	0	0	0	0	0	0	0	0	0	0	0	0	0	0	0	0	0	0	0	0	0	0	0	0	
94000	Frontal_Sup_Orb_R	0	0	0	6416	0	0	0	1608	0	4182	0	0	0	0	0	2274	0	0	0	0	208	1376	268	4318	182	8984	0	8050	0	710	946	2480	0	0	0	0	0	0	0	0	0	0	0	0	0	0	0	0	0	0	0	0	0	0	0	0	0	0	0	0	0	0	0	0	0	0	0	0	0	0	298	2274	112	1998	0	316	0	0	0	0	0	0	0	0	0	0	0	0	0	0	0	0	0	0	0	0	0	0	0	0	0	0	0	0	0	0	0	0	0	0	0	0	0	0	0	0	
406240	Frontal_Mid_L	15554	136	54644	646	1558	0	0	74	4340	0	8510	0	32092	126	17312	0	4140	0	5784	1038	136	0	9050	218	0	0	218	0	14726	118	4888	680	4212	716	706	514	1450	228	0	134	0	0	0	0	0	0	0	0	0	0	0	0	0	0	62	0	4254	0	116	0	3156	0	380	0	212	0	124	0	0	222	544	158	2280	0	658	0	1232	178	1486	0	352	0	3584	0	106	0	0	0	68	0	0	0	0	0	0	0	0	0	0	0	0	0	0	0	0	0	0	0	0	0	0	0	0	0	0	0	
223852	Frontal_Mid_R	372	6684	288	32966	0	1608	74	0	0	4128	94	10266	0	11254	0	8674	332	206	462	2772	192	578	582	1860	0	110	0	264	450	4510	394	3314	0	2234	0	250	112	1674	0	242	0	0	0	0	0	0	0	0	0	0	0	0	0	0	0	112	116	1104	0	0	0	0	0	70	0	0	0	0	0	0	868	1280	822	7210	110	1256	274	1758	0	0	0	0	0	0	0	0	0	0	0	0	0	0	0	0	0	0	0	0	0	0	0	0	0	0	0	0	0	0	0	0	0	0	0	0	0	0	
85000	Frontal_Mid_Orb_L	0	0	8418	0	12422	0	4340	0	0	0	0	0	1782	0	11978	0	0	0	0	0	104	0	110	0	0	0	754	0	1388	0	198	0	0	0	0	0	0	0	0	0	0	0	0	0	0	0	0	0	0	0	0	0	0	0	0	0	0	0	0	0	0	0	0	0	0	0	0	0	0	0	180	0	228	0	0	0	0	0	0	0	0	0	598	0	0	0	0	0	0	0	0	0	0	0	0	0	0	0	0	0	0	0	0	0	0	0	0	0	0	0	0	0	0	0	0	0	
40680	Frontal_Mid_Orb_R	0	0	0	3494	0	4182	0	4128	0	0	0	0	0	188	0	4836	0	0	0	0	132	406	0	0	0	412	0	436	0	228	0	0	0	0	0	0	0	0	0	0	0	0	0	0	0	0	0	0	0	0	0	0	0	0	0	0	0	0	0	0	0	0	0	0	0	0	0	0	0	0	312	688	194	704	0	0	0	0	0	0	0	0	0	0	0	0	0	0	0	0	0	0	0	0	0	0	0	0	0	0	0	0	0	0	0	0	0	0	0	0	0	0	0	0	0	0	
230700	Frontal_Inf_Oper_L	12784	124	9110	928	0	0	8510	94	0	0	0	2936	10136	2132	370	0	13666	388	6070	958	0	0	1264	82	0	0	0	0	20548	2602	1462	1240	114	320	66	88	140	120	0	0	0	0	0	0	0	0	0	0	0	0	0	0	0	0	0	0	2840	0	0	0	242	0	0	0	0	0	0	0	0	60	6178	2504	692	298	0	0	184	68	66	0	1336	0	4630	0	0	0	0	0	0	0	0	0	0	0	0	0	0	0	0	0	0	0	0	0	0	0	0	0	0	0	0	0	0	0	0	0	
226640	Frontal_Inf_Oper_R	106	7442	1120	11134	0	0	0	10266	0	0	2936	0	546	20090	0	0	538	3918	1426	9492	0	0	270	1916	0	0	0	0	2866	11224	594	4052	100	4616	0	108	60	1482	0	330	0	0	0	0	0	0	0	0	0	0	0	0	0	0	0	148	0	2996	0	0	0	0	0	0	0	0	0	0	0	0	2614	658	1270	5694	0	376	102	1124	0	152	202	210	598	544	0	0	0	0	0	0	0	0	0	0	0	0	0	0	0	0	0	0	0	0	0	0	0	0	0	0	0	0	0	0	0	0	
269408	Frontal_Inf_Tri_L	3128	0	15792	106	460	0	32092	0	1782	0	10136	546	0	408	23660	0	3652	0	1008	158	0	0	2556	0	0	0	0	0	22838	112	3372	374	1478	124	0	0	0	0	0	0	0	0	0	0	0	0	0	0	0	0	0	0	0	0	0	0	382	0	0	0	0	0	0	0	0	0	0	0	0	0	874	382	1152	0	0	0	0	0	0	0	408	0	7724	0	0	0	0	0	0	0	0	0	0	0	0	0	0	0	0	0	0	0	0	0	0	0	0	0	0	0	0	0	0	0	0	0	
200844	Frontal_Inf_Tri_R	0	546	1254	10866	0	0	126	11254	0	188	2132	20090	408	0	0	3072	496	586	1602	8198	0	0	1316	2940	0	0	0	0	2050	10080	1092	7170	182	5612	0	0	0	160	0	62	0	0	0	0	0	0	0	0	0	0	0	0	0	0	0	0	0	148	0	0	0	0	0	0	0	0	0	0	0	0	2126	2458	1414	1984	0	204	0	84	0	0	168	0	354	0	0	0	0	0	0	0	0	0	0	0	0	0	0	0	0	0	0	0	0	0	0	0	0	0	0	0	0	0	0	0	0	0	
248680	Frontal_Inf_Orb_L	0	0	21956	0	9724	0	17312	0	11978	0	370	0	23660	0	0	0	56	0	498	92	998	0	1740	78	122	56	1800	0	19514	0	2942	296	1146	116	0	0	0	0	0	0	0	0	0	0	0	0	0	0	0	0	0	0	0	0	0	0	0	0	0	0	0	0	0	0	0	0	0	0	0	0	1098	0	1310	0	80	0	0	0	0	0	0	0	7398	0	0	0	0	0	0	0	0	0	0	0	0	0	0	0	0	0	0	0	0	0	0	0	0	0	0	0	0	0	0	0	0	0	
87148	Frontal_Inf_Orb_R	0	0	136	6122	0	2274	0	8674	0	4836	0	0	0	3072	0	0	0	0	68	406	478	1870	368	290	0	68	120	1362	100	4714	280	1080	0	766	0	0	0	0	0	0	0	0	0	0	0	0	0	0	0	0	0	0	0	0	0	0	0	0	0	0	0	0	0	0	0	0	0	0	0	0	858	2830	480	2174	0	80	0	0	0	0	0	0	0	68	0	0	0	0	0	0	0	0	0	0	0	0	0	0	0	0	0	0	0	0	0	0	0	0	0	0	0	0	0	0	0	0	
326900	Rolandic_Oper_L	10658	412	13680	1082	0	0	4140	332	0	0	13666	538	3652	496	56	0	0	0	8788	1018	0	0	676	0	0	0	0	0	33560	1362	468	286	0	102	90	86	1440	98	106	56	114	0	0	0	0	0	0	0	0	0	202	0	56	0	536	0	15312	0	0	0	1112	0	2490	0	788	0	58	0	108	0	8846	1746	3276	298	0	0	1898	88	3344	0	11698	0	4360	0	7164	0	0	0	3108	0	0	0	0	0	0	0	0	0	0	0	0	0	0	0	0	0	0	0	0	0	0	0	0	0	0	0	
97864	Rolandic_Oper_R	64	1360	92	2652	0	0	0	206	0	0	388	3918	0	586	0	0	0	0	68	4564	0	0	0	182	0	0	0	0	404	11980	304	1024	0	1444	0	90	0	746	0	86	0	0	0	0	0	0	0	58	0	0	0	0	0	0	0	382	0	2230	0	270	0	292	0	1402	0	0	0	72	0	76	370	684	304	3516	0	96	0	252	0	3658	0	3672	0	710	0	290	0	0	0	440	0	0	0	0	0	0	0	0	0	0	0	0	0	0	0	0	0	0	0	0	0	0	0	0	0	0	
446992	Supp_Motor_Area_L	10144	2308	50532	9804	0	0	5784	462	0	0	6070	1426	1008	1602	498	68	8788	68	0	28744	0	0	6144	1710	0	0	0	0	8230	1192	8986	5720	10226	15658	538	218	428	72	0	0	0	0	0	0	0	0	0	0	0	0	0	0	0	0	82	0	4440	314	0	0	390	0	310	0	0	0	58	0	5666	1504	6404	1204	10388	490	4408	138	230	0	184	0	352	0	424	0	0	0	0	0	82	0	0	0	0	0	0	0	0	0	0	0	0	0	0	0	0	0	0	0	0	0	0	0	0	0	0	0	
763664	Supp_Motor_Area_R	6180	19824	9036	49826	0	0	1038	2772	0	0	958	9492	158	8198	92	406	1018	4564	28744	0	198	242	2914	7748	0	0	68	0	1662	9594	3526	16570	7618	43260	1876	4524	2040	2580	0	1030	0	0	0	816	0	338	0	248	0	614	0	1186	0	224	0	1054	444	1820	0	94	0	534	0	1694	0	206	222	2018	7766	43728	2468	27090	2668	12792	1592	4798	2728	13876	0	250	84	450	178	390	0	1054	0	0	0	652	0	0	0	0	0	0	0	0	0	0	0	0	0	0	0	0	0	0	0	0	0	0	0	0	0	0	
73728	Olfactory_L	0	58	582	432	1758	208	136	192	104	132	0	0	0	0	998	478	0	0	0	198	0	5154	98	198	294	290	3366	1070	1774	968	1874	1336	0	0	0	0	164	0	0	0	142	0	0	0	0	0	0	0	0	0	0	0	0	0	136	0	0	0	0	0	0	0	0	0	0	0	0	0	0	198	5944	3316	2878	1502	276	222	0	294	0	0	0	0	94	0	0	0	0	0	0	0	0	0	0	0	0	0	0	0	0	0	0	0	0	0	0	0	0	0	0	0	0	0	0	0	0	0	
104228	Olfactory_R	0	102	82	1698	104	1376	0	578	0	406	0	0	0	0	0	1870	0	0	0	242	5154	0	90	1010	0	994	2082	3408	220	3580	1632	2200	0	0	0	0	68	0	0	86	0	188	0	0	0	0	0	0	0	0	0	0	0	0	0	0	0	0	0	0	0	0	0	0	0	0	0	0	0	240	7534	8058	4092	3358	354	248	0	476	0	0	0	0	0	584	0	0	0	0	0	0	0	0	0	0	0	0	0	0	0	0	0	0	0	0	0	0	0	0	0	0	0	0	0	0	0	0	
327752	Frontal_Sup_Medial_L	0	0	33838	5970	3104	268	9050	582	110	0	1264	270	2556	1316	1740	368	676	0	6144	2914	98	90	0	18082	1940	648	1506	168	7758	742	22792	15266	4666	10328	62	0	0	292	0	0	0	0	0	0	0	0	0	0	0	0	0	0	0	0	0	0	56	0	0	0	0	0	0	0	0	0	0	0	0	0	1006	610	5712	686	356	298	124	0	0	0	0	0	420	0	0	0	0	0	0	0	0	0	0	0	0	0	0	0	0	0	0	0	0	0	0	0	0	0	0	0	0	0	0	0	0	0	
313028	Frontal_Sup_Medial_R	0	0	1792	28086	220	4318	218	1860	0	0	82	1916	0	2940	78	290	0	182	1710	7748	198	1010	18082	0	684	8340	206	3030	440	1896	9822	29752	290	13564	0	0	0	398	0	58	0	0	0	0	0	0	0	0	0	0	0	0	0	0	0	0	0	0	0	0	0	0	0	0	0	0	0	0	0	0	832	7268	636	7652	0	916	0	0	0	0	0	0	0	0	0	0	0	0	0	0	0	0	0	0	0	0	0	0	0	0	0	0	0	0	0	0	0	0	0	0	0	0	0	0	0	0	
33284	Frontal_Med_Orb_L	0	0	408	234	3192	182	0	0	0	0	0	0	0	0	122	0	0	0	0	0	294	0	1940	684	0	1542	2824	350	74	0	3698	594	0	0	0	0	0	0	0	0	0	0	0	0	0	0	0	0	0	0	0	0	0	0	0	0	0	0	0	0	0	0	0	0	0	0	0	0	0	0	204	124	82	94	0	0	0	0	0	0	0	0	0	0	0	0	0	0	0	0	0	0	0	0	0	0	0	0	0	0	0	0	0	0	0	0	0	0	0	0	0	0	0	0	0	0	
105808	Frontal_Med_Orb_R	0	0	142	5404	356	8984	0	110	0	412	0	0	0	0	56	68	0	0	0	0	290	994	648	8340	1542	0	468	10114	0	118	4190	6436	0	0	0	0	0	0	0	0	0	0	0	0	0	0	0	0	0	0	0	0	0	0	0	0	0	0	0	0	0	0	0	0	0	0	0	0	0	0	648	1768	446	1222	0	148	0	0	0	0	0	0	0	0	0	0	0	0	0	0	0	0	0	0	0	0	0	0	0	0	0	0	0	0	0	0	0	0	0	0	0	0	0	0	0	0	
82640	Rectus_L	0	0	1896	60	9070	0	218	0	754	0	0	0	0	0	1800	120	0	0	0	68	3366	2082	1506	206	2824	468	0	424	864	396	6102	1596	0	0	0	0	0	0	0	0	0	0	0	0	0	0	0	0	0	0	0	0	0	0	0	0	0	0	0	0	0	0	0	0	0	0	0	0	0	68	3948	1438	1052	656	0	170	0	82	0	0	0	0	86	0	0	0	0	0	0	0	0	0	0	0	0	0	0	0	0	0	0	0	0	0	0	0	0	0	0	0	0	0	0	0	0	0	
90320	Rectus_R	0	0	114	3078	122	8050	0	264	0	436	0	0	0	0	0	1362	0	0	0	0	1070	3408	168	3030	350	10114	424	0	0	1328	1414	4072	0	0	0	0	0	0	0	0	0	0	0	0	0	0	0	0	0	0	0	0	0	0	0	0	0	0	0	0	0	0	0	0	0	0	0	0	0	0	918	3312	654	1372	0	100	0	0	0	0	0	0	0	0	0	0	0	0	0	0	0	0	0	0	0	0	0	0	0	0	0	0	0	0	0	0	0	0	0	0	0	0	0	0	0	0	
626248	Insula_L	6266	286	33320	1870	3174	0	14726	450	1388	0	20548	2866	22838	2050	19514	100	33560	404	8230	1662	1774	220	7758	440	74	0	864	0	0	2084	5222	2038	666	630	870	954	7656	650	796	444	826	0	0	0	114	0	0	0	0	0	210	0	134	0	4200	98	10768	146	98	0	2670	0	926	0	544	0	220	0	82	116	10880	2398	24808	548	1244	70	4298	478	7152	0	10558	0	10002	0	6198	0	0	0	6946	0	0	0	0	0	0	0	0	0	0	0	0	0	0	0	0	0	0	0	0	0	0	0	0	0	0	0	
323684	Insula_R	524	3274	712	8624	0	710	118	4510	0	228	2602	11224	112	10080	0	4714	1362	11980	1192	9594	968	3580	742	1896	0	118	396	1328	2084	0	966	5702	56	4676	94	404	128	5948	0	2400	0	416	0	94	0	0	0	92	0	0	0	0	0	66	0	3502	106	2128	0	88	0	84	0	0	0	0	0	96	166	168	4152	9142	1744	22568	122	890	220	2006	0	1958	68	3586	312	1698	0	804	0	0	0	2520	0	0	0	0	0	0	0	0	0	0	0	0	0	0	0	0	0	0	0	0	0	0	0	0	0	0	
346616	Cingulum_Ant_L	0	0	17936	4142	5210	946	4888	394	198	0	1462	594	3372	1092	2942	280	468	304	8986	3526	1874	1632	22792	9822	3698	4190	6102	1414	5222	966	0	22856	8414	6892	0	0	0	110	0	0	0	0	0	0	0	0	0	0	0	0	0	0	0	0	0	0	0	0	0	0	0	0	0	0	0	0	0	0	0	0	5860	3058	8494	2072	484	224	0	0	0	0	0	0	392	0	0	0	0	0	0	0	0	0	0	0	0	0	0	0	0	0	0	0	0	0	0	0	0	0	0	0	0	0	0	0	0	0	
465980	Cingulum_Ant_R	96	118	5582	25772	628	2480	680	3314	0	0	1240	4052	374	7170	296	1080	286	1024	5720	16570	1336	2200	15266	29752	594	6436	1596	4072	2038	5702	22856	0	2284	23032	0	0	0	992	0	236	0	0	0	0	0	0	0	0	0	0	0	0	0	0	0	154	0	60	0	0	0	0	0	0	0	0	0	0	0	0	2968	16164	2120	14354	68	1868	0	118	0	0	0	0	242	0	0	0	0	0	0	0	0	0	0	0	0	0	0	0	0	0	0	0	0	0	0	0	0	0	0	0	0	0	0	0	0	0	
161024	Cingulum_Mid_L	176	290	7184	810	0	0	4212	0	0	0	114	100	1478	182	1146	0	0	0	10226	7618	0	0	4666	290	0	0	0	0	666	56	8414	2284	0	11906	3424	1042	0	0	0	0	0	0	238	70	360	394	0	0	62	0	464	0	0	0	0	0	632	76	0	0	0	0	0	0	0	0	3256	782	5416	2018	0	0	0	0	0	0	0	0	0	0	0	0	62	0	214	0	0	0	184	0	0	0	0	0	0	0	0	0	0	0	0	0	0	0	0	0	0	0	0	0	0	0	0	0	0	0	
441108	Cingulum_Mid_R	1994	1158	4370	13506	0	0	716	2234	0	0	320	4616	124	5612	116	766	102	1444	15658	43260	0	0	10328	13564	0	0	0	0	630	4676	6892	23032	11906	0	1928	5288	712	86	0	0	0	0	0	2414	0	4424	0	694	0	752	0	1038	0	454	0	356	104	2064	0	0	0	0	0	0	0	128	1530	10266	2806	13282	250	910	948	778	654	0	124	0	0	0	0	108	62	258	0	708	0	0	0	404	0	0	0	0	0	0	0	0	0	0	0	0	0	0	0	0	0	0	0	0	0	0	0	0	0	0	
151624	Cingulum_Post_L	6966	186	200	200	0	0	706	0	0	0	66	0	0	0	0	0	90	0	538	1876	0	0	62	0	0	0	0	0	870	94	0	0	3424	1928	0	13064	7348	4654	990	2222	0	0	1300	68	1266	136	1418	222	56	0	182	0	0	0	1486	284	3040	88	100	0	142	0	458	0	0	0	6860	1552	4322	1782	0	0	104	0	88	0	1620	1026	1622	0	158	0	0	0	160	0	0	0	562	94	0	0	0	0	0	0	0	0	0	0	0	0	0	0	0	0	0	0	0	0	132	0	0	0	0	0	
218400	Cingulum_Post_R	5970	622	66	438	0	0	514	250	0	0	88	108	0	0	0	0	86	90	218	4524	0	0	0	0	0	0	0	0	954	404	0	0	1042	5288	13064	0	7154	10796	872	4668	0	0	0	1548	0	666	1442	1984	0	736	64	2362	0	914	1232	2236	276	694	0	0	0	150	0	0	0	244	1038	11250	1950	4878	0	62	148	0	126	0	5154	3804	1986	108	246	206	0	0	180	2290	0	0	656	2444	0	0	0	0	0	0	0	96	0	0	0	0	0	0	0	0	0	0	0	0	814	0	0	0	0	0	
306276	Hippocampus_L	3754	2704	1118	228	0	0	1450	112	0	0	140	60	0	0	0	0	1440	0	428	2040	164	68	0	0	0	0	0	0	7656	128	0	0	0	712	7348	7154	0	4024	14086	2618	7086	0	1266	250	0	118	4758	358	0	128	312	210	128	82	18500	260	1098	418	0	0	106	76	0	134	0	0	3326	1176	380	3324	202	1026	15290	0	6414	0	7774	2330	2636	0	1464	0	448	0	540	192	0	0	13392	144	0	0	0	0	0	0	144	0	88	0	0	0	0	0	0	0	0	0	0	0	128	0	0	0	0	0	
337600	Hippocampus_R	3598	3128	100	3978	0	0	228	1674	0	0	120	1482	0	160	0	0	98	746	72	2580	0	0	292	398	0	0	0	0	650	5948	110	992	0	86	4654	10796	4024	0	714	30408	0	7340	0	702	0	248	1108	4154	0	0	0	0	0	82	838	22236	200	780	0	90	0	116	0	0	0	0	228	4822	726	584	168	410	166	15366	102	4284	5058	9680	1096	604	204	792	0	1174	152	804	0	210	474	5780	0	0	0	0	0	0	0	278	0	0	0	0	0	0	0	0	0	0	0	0	708	0	0	0	0	0	
92736	ParaHippocampal_L	0	0	0	0	0	0	0	0	0	0	0	0	0	0	0	0	106	0	0	0	0	0	0	0	0	0	0	0	796	0	0	0	0	0	990	872	14086	714	0	636	2846	0	592	0	0	0	4172	142	0	0	328	0	70	0	9386	0	96	0	0	0	0	0	0	0	0	0	1054	148	0	0	0	0	1616	0	0	0	2066	72	0	0	102	0	278	0	306	0	0	0	4194	0	0	0	0	0	164	0	416	0	58	0	0	0	0	0	0	0	0	0	0	62	0	0	0	0	0	0	
211720	ParaHippocampal_R	936	474	0	1358	0	0	134	242	0	0	0	330	0	62	0	0	56	86	0	1030	0	86	0	58	0	0	0	0	444	2400	0	236	0	0	2222	4668	2618	30408	636	0	0	6410	0	276	0	0	924	3540	0	0	0	0	0	0	716	15648	172	112	0	0	0	0	0	0	0	0	168	2242	0	152	0	242	0	7932	0	1868	3122	5210	890	0	204	176	0	2580	146	254	0	672	414	2416	0	0	0	0	0	92	0	460	0	0	0	0	0	0	0	0	0	0	0	0	338	0	0	0	0	0	
37440	Amygdala_L	94	96	0	0	0	0	0	0	0	0	0	0	0	0	0	0	114	0	0	0	142	0	0	0	0	0	0	0	826	0	0	0	0	0	0	0	7086	0	2846	0	0	0	0	0	0	0	0	0	0	0	0	0	0	0	4442	0	0	140	0	0	0	0	0	0	0	0	0	0	0	124	0	0	968	0	198	0	310	0	0	0	0	0	352	0	0	0	0	0	914	0	0	0	0	0	0	0	68	0	0	0	0	0	0	0	0	0	0	0	0	0	0	0	0	0	0	0	
49208	Amygdala_R	0	0	0	0	0	0	0	0	0	0	0	0	0	0	0	0	0	0	0	0	0	188	0	0	0	0	0	0	0	416	0	0	0	0	0	0	0	7340	0	6410	0	0	0	0	0	0	0	0	0	0	0	0	0	0	0	5356	0	0	0	0	0	0	0	0	0	0	0	0	0	0	0	130	0	1242	0	196	0	94	0	0	0	0	0	2324	0	0	0	258	0	650	0	0	0	0	0	0	0	0	0	0	0	0	0	0	0	0	0	0	0	0	0	0	0	0	0	0	
202800	Calcarine_L	0	0	0	0	0	0	0	0	0	0	0	0	0	0	0	0	0	0	0	0	0	0	0	0	0	0	0	0	0	0	0	0	238	0	1300	0	1266	0	592	0	0	0	0	7116	11456	4332	12326	2436	7550	1904	22652	62	7114	0	3594	158	0	0	316	0	0	0	0	0	186	0	11480	302	0	0	0	0	0	0	0	0	118	0	74	0	64	0	0	0	2788	0	0	0	1480	0	0	0	0	0	0	0	72	72	124	68	0	0	0	0	0	0	0	0	0	0	94	66	0	0	0	0	
339244	Calcarine_R	156	612	0	0	0	0	0	0	0	0	0	0	0	0	0	0	0	0	0	816	0	0	0	0	0	0	0	0	0	94	0	0	70	2414	68	1548	250	702	0	276	0	0	7116	0	2350	27550	3204	26756	0	25384	0	9830	0	7182	0	14622	0	2794	0	320	0	60	0	0	0	92	682	23674	56	2790	0	0	224	0	232	0	0	66	0	68	0	100	0	0	0	3248	0	0	0	3856	0	0	0	0	0	0	0	0	60	60	0	0	0	0	0	0	0	0	0	0	158	82	0	0	0	0	
132576	Cuneus_L	0	0	0	0	0	0	0	0	0	0	0	0	0	0	0	0	0	0	0	0	0	0	0	0	0	0	0	0	114	0	0	0	360	0	1266	0	0	0	0	0	0	0	11456	2350	0	3824	378	280	14622	930	12896	0	1476	114	404	100	320	0	2168	0	136	0	0	0	100	0	10304	314	84	0	0	0	0	0	0	0	0	0	62	0	0	0	0	0	1492	0	0	0	680	58	0	0	0	0	0	0	0	0	0	0	0	0	0	0	0	0	0	0	0	0	0	0	0	0	0	0	
303016	Cuneus_R	86	310	0	0	0	0	0	0	0	0	0	0	0	0	0	0	0	0	0	338	0	0	0	0	0	0	0	0	0	0	0	0	394	4424	136	666	118	248	0	0	0	0	4332	27550	3824	0	1380	7870	0	38902	0	10910	0	2940	0	5322	0	2000	0	3374	0	194	0	0	0	244	2926	24928	0	2838	0	0	100	0	106	0	0	0	0	0	0	0	0	0	0	3146	0	0	0	1902	0	0	0	0	0	0	0	0	0	0	0	0	0	0	0	0	0	0	0	0	0	0	0	0	0	0	
247312	Lingual_L	0	0	0	0	0	0	0	0	0	0	0	0	0	0	0	0	0	0	0	0	0	0	0	0	0	0	0	0	0	0	0	0	0	0	1418	1442	4758	1108	4172	924	0	0	12326	3204	378	1380	0	4830	1650	534	11358	0	11346	0	16584	632	0	0	124	0	0	0	0	0	0	0	3106	406	0	0	0	0	0	0	0	0	1492	88	104	0	64	0	0	0	710	0	0	0	1840	0	3070	936	636	448	426	0	8650	374	11136	1588	92	0	66	0	800	480	0	0	0	0	2372	4664	1158	0	212	570	
321180	Lingual_R	110	168	0	0	0	0	0	0	0	0	0	0	0	0	0	0	0	58	0	248	0	0	0	0	0	0	0	0	0	92	0	0	0	694	222	1984	358	4154	142	3540	0	0	2436	26756	280	7870	4830	0	0	9354	0	2986	0	3792	474	21204	0	246	0	0	0	0	0	0	0	68	152	11536	0	408	0	0	74	0	74	0	110	700	0	64	0	0	0	0	0	340	0	0	0	1988	3258	4422	944	610	58	252	1022	6552	5614	10046	0	0	56	358	66	278	0	0	0	284	8638	8480	1884	0	92	164	
139208	Occipital_Sup_L	0	0	0	0	0	0	0	0	0	0	0	0	0	0	0	0	0	0	0	0	0	0	0	0	0	0	0	0	0	0	0	0	62	0	56	0	0	0	0	0	0	0	7550	0	14622	0	1650	0	0	0	26760	0	922	0	120	0	100	0	5990	0	874	0	0	0	532	0	9672	0	0	0	0	0	0	0	0	0	0	0	0	0	0	0	0	0	360	0	0	0	334	0	0	0	0	0	0	0	0	0	0	0	0	0	0	0	0	0	0	0	0	0	0	0	0	0	0	0	
350644	Occipital_Sup_R	0	282	0	0	0	0	0	0	0	0	0	0	0	0	0	0	0	0	0	614	0	0	0	0	0	0	0	0	0	0	0	0	0	752	0	736	128	0	0	0	0	0	1904	25384	930	38902	534	9354	0	0	0	28242	0	5462	0	6636	0	1874	0	6938	0	2358	0	98	0	7416	694	12876	0	2168	0	0	96	0	118	0	0	0	0	0	0	1680	0	0	0	13360	0	0	0	5786	0	0	0	0	0	0	0	0	0	0	0	0	0	0	0	0	0	0	0	0	0	0	0	0	0	0	
408680	Occipital_Mid_L	800	0	0	0	0	0	0	0	0	0	0	0	0	0	0	0	202	0	0	0	0	0	0	0	0	0	0	0	210	0	0	0	464	0	182	64	312	0	328	0	0	0	22652	0	12896	0	11358	0	26760	0	0	0	26606	0	6542	0	4098	0	17086	0	11384	0	0	0	9318	0	15588	0	1320	0	0	0	0	0	0	0	326	0	204	0	478	0	0	0	22034	0	0	0	13128	0	0	0	0	0	0	0	0	0	0	0	0	0	0	0	0	0	0	0	0	0	0	0	0	0	0	0	
259416	Occipital_Mid_R	96	714	0	0	0	0	0	0	0	0	0	0	0	0	0	0	0	0	0	1186	0	0	0	0	0	0	0	0	0	0	0	0	0	1038	0	2362	210	0	0	0	0	0	62	9830	0	10910	0	2986	0	28242	0	0	0	4560	0	3310	0	3166	0	3384	0	2754	0	70	0	14424	110	10024	60	3206	0	0	154	0	186	0	0	0	0	0	0	474	0	0	0	21552	0	0	0	4638	0	0	0	0	0	0	0	0	0	0	0	0	0	0	0	0	0	0	0	0	0	0	0	0	0	0	
150320	Occipital_Inf_L	0	0	0	0	0	0	0	0	0	0	0	0	0	0	0	0	56	0	0	0	0	0	0	0	0	0	0	0	134	0	0	0	0	0	0	0	128	0	70	0	0	0	7114	0	1476	0	11346	0	922	0	26606	0	0	0	12516	0	102	0	196	0	64	0	0	0	216	0	1626	0	214	0	0	0	0	0	0	0	524	0	312	0	150	0	0	0	6148	0	0	0	3960	0	84	0	0	0	0	0	548	0	648	0	0	0	0	0	0	0	0	0	0	0	0	0	0	0	0	0	
86044	Occipital_Inf_R	0	0	0	0	0	0	0	0	0	0	0	0	0	0	0	0	0	0	0	224	0	0	0	0	0	0	0	0	0	66	0	0	0	454	0	914	82	82	0	0	0	0	0	7182	114	2940	0	3792	0	5462	0	4560	0	0	0	6370	0	130	0	0	0	0	0	0	0	74	90	2230	0	304	0	0	80	0	80	0	0	0	0	56	0	170	0	0	0	1680	0	0	0	5886	0	0	0	0	0	0	0	0	0	0	0	0	0	0	0	0	0	0	0	0	0	0	0	0	0	0	
334636	Fusiform_L	64	0	188	0	0	0	62	0	0	0	0	0	0	0	0	0	536	0	82	0	136	0	0	0	0	0	0	0	4200	0	0	0	0	0	1486	1232	18500	838	9386	716	4442	0	3594	0	404	0	16584	474	120	0	6542	0	12516	0	0	92	296	0	0	0	0	0	0	0	0	0	2554	198	0	0	0	0	5390	0	0	0	3506	110	566	0	842	0	2130	0	4366	0	1156	0	20092	0	12932	118	468	80	308	0	8954	0	19106	312	100	0	0	0	246	0	0	0	0	0	216	936	142	0	0	0	
383292	Fusiform_R	228	242	0	1004	0	0	0	112	0	0	0	148	0	0	0	0	0	382	0	1054	0	0	0	0	0	0	0	0	98	3502	0	154	0	356	284	2236	260	22236	0	15648	0	5356	158	14622	100	5322	632	21204	0	6636	0	3310	0	6370	92	0	0	738	0	618	0	1032	0	64	0	420	0	6170	78	478	0	0	112	6138	102	1218	0	1508	72	864	0	2080	0	4114	0	1614	0	2282	0	15602	1004	7316	396	364	0	152	106	4932	1352	11094	0	136	0	218	0	98	0	0	0	0	3490	2694	1172	0	72	0	
266612	Postcentral_L	22630	256	5926	238	0	0	4254	116	0	0	2840	0	382	0	0	0	15312	0	4440	444	0	0	56	0	0	0	0	0	10768	106	0	0	632	104	3040	276	1098	200	96	172	0	0	0	0	320	0	0	0	100	0	4098	0	102	0	296	0	0	116	5930	0	22644	0	5890	0	1232	0	1786	0	1616	280	1922	558	1502	0	70	0	1124	168	1402	0	2770	0	0	0	4172	0	0	0	1822	0	0	0	0	0	0	0	0	0	0	0	0	0	0	0	0	0	0	0	0	0	0	0	0	0	0	0	
219524	Postcentral_R	748	20048	138	996	0	0	0	1104	0	0	0	2996	0	148	0	0	0	2230	314	1820	0	0	0	0	0	0	0	0	146	2128	0	60	76	2064	88	694	418	780	0	112	140	0	0	2794	0	2000	0	246	0	1874	0	3166	0	130	0	738	116	0	0	13028	0	9108	0	5936	0	698	0	9318	238	7676	456	112	234	2696	530	166	4808	454	0	116	0	710	0	0	0	2484	0	0	0	2682	0	0	0	0	0	0	0	0	0	0	0	0	0	0	0	0	0	0	0	0	0	0	0	0	0	0	
109932	Parietal_Sup_L	148	0	0	0	0	0	116	0	0	0	0	0	0	0	0	0	0	0	0	0	0	0	0	0	0	0	0	0	98	0	0	0	0	0	100	0	0	0	0	0	0	0	316	0	2168	0	124	0	5990	0	17086	0	196	0	0	0	5930	0	0	0	9694	0	0	0	188	0	9930	0	240	0	0	0	0	0	0	0	0	0	0	0	0	0	0	0	1340	0	0	0	1302	0	0	0	0	0	0	0	0	0	0	0	0	0	0	0	0	0	0	0	0	0	0	0	0	0	0	0	
128464	Parietal_Sup_R	0	460	0	0	0	0	0	0	0	0	0	0	0	0	0	0	0	270	0	94	0	0	0	0	0	0	0	0	0	88	0	0	0	0	0	0	0	90	0	0	0	0	0	320	0	3374	0	0	0	6938	0	3384	0	0	0	618	0	13028	0	0	0	14580	0	1758	0	6186	58	7724	0	1120	0	0	0	0	0	0	0	0	0	0	0	388	0	0	0	1374	0	0	0	2380	0	0	0	0	0	0	0	0	0	0	0	0	0	0	0	0	0	0	0	0	0	0	0	0	0	0	
180784	Parietal_Inf_L	5280	0	310	0	0	0	3156	0	0	0	242	0	0	0	0	0	1112	0	390	0	0	0	0	0	0	0	0	0	2670	0	0	0	0	0	142	0	106	0	0	0	0	0	0	0	136	0	0	0	874	0	11384	0	64	0	0	0	22644	0	9694	0	0	0	9920	0	9614	0	758	0	214	0	80	0	78	0	0	0	134	0	592	0	1378	0	0	0	5720	0	0	0	3700	0	0	0	0	0	0	0	0	0	0	0	0	0	0	0	0	0	0	0	0	0	0	0	0	0	0	0	
124604	Parietal_Inf_R	0	250	0	0	0	0	0	0	0	0	0	0	0	0	0	0	0	292	0	534	0	0	0	0	0	0	0	0	0	84	0	0	0	0	0	150	76	116	0	0	0	0	0	60	0	194	0	0	0	2358	0	2754	0	0	0	1032	0	9108	0	14580	0	0	0	7702	0	14618	0	646	0	552	0	0	56	0	62	0	0	0	0	0	0	464	0	0	0	1432	0	0	0	5182	0	0	0	0	0	0	0	0	0	0	0	0	0	0	0	0	0	0	0	0	0	0	0	0	0	0	
68576	SupraMarginal_L	1660	80	150	0	0	0	380	0	0	0	0	0	0	0	0	0	2490	0	310	0	0	0	0	0	0	0	0	0	926	0	0	0	0	0	458	0	0	0	0	0	0	0	0	0	0	0	0	0	0	0	0	0	0	0	0	0	5890	0	0	0	9920	0	0	0	2512	0	616	0	128	0	0	0	0	0	0	0	0	0	0	0	4108	0	0	0	3436	0	0	0	1224	0	0	0	0	0	0	0	0	0	0	0	0	0	0	0	0	0	0	0	0	0	0	0	0	0	0	0	
74248	SupraMarginal_R	0	1198	0	0	0	0	0	70	0	0	0	0	0	0	0	0	0	1402	0	1694	0	0	0	0	0	0	0	0	0	0	0	0	0	0	0	0	134	0	0	0	0	0	0	0	0	0	0	0	0	98	0	70	0	0	0	64	0	5936	0	1758	0	7702	0	0	0	4200	0	0	0	1918	0	0	102	0	116	0	0	0	0	124	0	5080	0	0	0	1778	0	0	0	3680	0	0	0	0	0	0	0	0	0	0	0	0	0	0	0	0	0	0	0	0	0	0	0	0	0	0	
106696	Angular_L	1396	0	0	0	0	0	212	0	0	0	0	0	0	0	0	0	788	0	0	0	0	0	0	0	0	0	0	0	544	0	0	0	0	0	0	0	0	0	0	0	0	0	186	0	100	0	0	0	532	0	9318	0	216	0	0	0	1232	0	188	0	9614	0	2512	0	0	0	426	0	226	0	0	0	0	0	0	0	0	0	128	0	1682	0	0	0	17952	0	0	0	6096	0	0	0	0	0	0	0	0	0	0	0	0	0	0	0	0	0	0	0	0	0	0	0	0	0	0	0	
128884	Angular_R	0	0	0	0	0	0	0	0	0	0	0	0	0	0	0	0	0	0	0	206	0	0	0	0	0	0	0	0	0	0	0	0	0	128	0	244	0	0	0	0	0	0	0	92	0	244	0	68	0	7416	0	14424	0	74	0	420	0	698	0	6186	0	14618	0	4200	0	0	0	610	0	248	0	0	0	0	0	0	0	0	0	0	0	2726	0	0	0	8568	0	0	0	3272	0	0	0	0	0	0	0	0	0	0	0	0	0	0	0	0	0	0	0	0	0	0	0	0	0	0	
205488	Precuneus_L	1074	62	0	0	0	0	124	0	0	0	0	0	0	0	0	0	58	0	58	222	0	0	0	0	0	0	0	0	220	0	0	0	3256	1530	6860	1038	3326	228	1054	168	0	0	11480	682	10304	2926	3106	152	9672	694	15588	110	1626	90	2554	0	1786	0	9930	58	758	0	616	0	426	0	0	4134	1730	210	0	0	0	0	0	0	328	0	170	0	236	0	0	0	2552	0	0	0	1490	0	0	0	0	0	0	0	0	0	0	0	0	0	0	0	0	0	0	0	0	0	58	0	0	0	0	0	
352036	Precuneus_R	408	1568	0	0	0	0	0	0	0	0	0	0	0	0	0	0	0	72	0	2018	0	0	0	0	0	0	0	0	0	96	0	0	782	10266	1552	11250	1176	4822	148	2242	0	0	302	23674	314	24928	406	11536	0	12876	0	10024	0	2230	198	6170	0	9318	0	7724	0	646	0	0	0	610	4134	0	164	8066	0	0	316	0	340	0	408	562	0	72	0	158	0	0	0	7870	0	0	92	5398	0	0	0	0	0	0	0	116	0	0	0	0	0	0	0	0	0	0	0	0	966	0	0	0	0	0	
126304	Paracentral_Lobule_L	12108	2716	1514	426	0	0	0	0	0	0	0	0	0	0	0	0	108	0	5666	7766	0	0	0	0	0	0	0	0	82	166	0	0	5416	2806	4322	1950	380	726	0	0	0	0	0	56	84	0	0	0	0	0	1320	60	214	0	0	78	1616	238	240	0	214	0	128	0	226	0	1730	164	0	7280	158	402	702	0	814	0	104	74	0	0	0	0	0	0	676	56	0	0	366	0	0	0	0	0	0	0	0	0	0	0	0	0	0	0	0	0	0	0	0	0	0	0	0	0	0	0	
354172	Paracentral_Lobule_R	5886	24678	330	674	0	0	222	0	0	0	60	0	0	0	0	0	0	76	1504	43728	198	240	0	0	0	0	68	0	116	168	0	0	2018	13282	1782	4878	3324	584	0	152	124	0	0	2790	0	2838	0	408	0	2168	0	3206	0	304	0	478	280	7676	0	1120	0	552	0	1918	0	248	210	8066	7280	0	1326	9874	1650	64	2174	74	5576	9332	0	0	0	372	0	0	0	2218	0	0	0	792	0	0	0	0	0	0	0	0	0	0	0	0	0	0	0	0	0	0	0	0	0	0	0	0	0	0	
305420	Caudate_L	1820	1240	9932	2554	2092	298	544	868	180	312	6178	2614	874	2126	1098	858	8846	370	6404	2468	5944	7534	1006	832	204	648	3948	918	10880	4152	5860	2968	0	250	0	0	202	168	0	0	0	0	0	0	0	0	0	0	0	0	0	0	0	0	0	0	1922	456	0	0	80	0	0	0	0	0	0	0	158	1326	0	13176	21388	3896	3714	310	5588	1342	78	0	370	0	1716	0	0	0	0	0	0	0	0	0	0	0	0	0	0	0	0	0	0	0	0	0	0	0	0	0	0	0	0	0	0	0	0	0	
420248	Caudate_R	1036	5400	1592	19532	182	2274	158	1280	0	688	2504	658	382	2458	0	2830	1746	684	1204	27090	3316	8058	610	7268	124	1768	1438	3312	2398	9142	3058	16164	0	910	0	62	1026	410	0	242	0	130	0	0	0	0	0	0	0	0	0	0	0	0	0	0	558	112	0	0	0	0	0	0	0	0	0	0	402	9874	13176	0	5708	21930	1700	4026	2732	17886	0	0	92	0	680	114	0	0	0	0	0	0	0	0	0	0	0	0	0	0	0	0	0	0	0	0	0	0	0	0	0	0	0	0	0	0	0	0	
390068	Putamen_L	3102	1666	23344	1616	1194	112	2280	822	228	194	692	1270	1152	1414	1310	480	3276	304	10388	2668	2878	4092	5712	636	82	446	1052	654	24808	1744	8494	2120	0	948	104	148	15290	166	1616	0	968	0	0	224	0	100	0	74	0	96	0	154	0	80	5390	112	1502	234	0	0	78	56	0	102	0	0	0	316	702	1650	21388	5708	0	2098	14652	118	2524	738	192	0	536	0	728	0	180	130	56	0	5568	78	0	0	0	0	0	0	0	0	0	0	0	0	0	0	0	0	0	0	0	0	0	0	0	0	0	0	
391944	Putamen_R	132	5164	782	20760	106	1998	0	7210	0	704	298	5694	0	1984	0	2174	298	3516	490	12792	1502	3358	686	7652	94	1222	656	1372	548	22568	2072	14354	0	778	0	0	0	15366	0	7932	0	1242	0	0	0	0	0	0	0	0	0	0	0	0	0	6138	0	2696	0	0	0	0	0	0	0	0	0	0	0	64	3896	21930	2098	0	94	8286	0	2852	0	192	0	592	0	442	0	172	0	0	0	1016	0	0	0	0	0	0	0	0	0	0	0	0	0	0	0	0	0	0	0	0	0	0	0	0	0	0	
111768	Pallidum_L	2130	1640	6614	70	60	0	658	110	0	0	0	0	0	0	80	0	0	0	4408	1592	276	354	356	0	0	0	0	0	1244	122	484	68	0	654	88	126	6414	102	0	0	198	0	0	232	0	106	0	74	0	118	0	186	0	80	0	102	70	530	0	0	0	62	0	116	0	0	0	340	814	2174	3714	1700	14652	94	0	0	1648	986	0	0	0	0	0	0	0	156	0	0	0	82	0	0	0	0	0	0	0	0	0	0	0	0	0	0	0	0	0	0	0	0	0	0	0	0	0	0	
80916	Pallidum_R	56	576	120	6614	0	316	0	1256	0	0	0	376	0	204	0	80	0	96	138	4798	222	248	298	916	0	148	170	100	70	890	224	1868	0	0	0	0	0	4284	0	1868	0	196	0	0	0	0	0	0	0	0	0	0	0	0	0	1218	0	166	0	0	0	0	0	0	0	0	0	0	0	74	310	4026	118	8286	0	0	0	128	0	0	0	0	0	0	0	0	0	0	0	0	0	0	0	0	0	0	0	0	0	0	0	0	0	0	0	0	0	0	0	0	0	0	0	0	0	0	
198764	Thalamus_L	7108	4014	496	426	0	0	1232	274	0	0	184	102	0	0	0	0	1898	0	230	2728	0	0	124	0	0	0	0	0	4298	220	0	0	0	124	1620	5154	7774	5058	2066	3122	310	0	118	0	0	0	1492	110	0	0	326	0	524	0	3506	0	1124	4808	0	0	134	0	0	0	0	0	328	408	104	5576	5588	2732	2524	0	1648	0	0	9538	2318	0	1802	0	0	0	1870	0	0	0	4242	0	0	0	0	0	0	0	0	0	0	0	0	0	0	0	0	0	0	0	0	0	0	0	0	0	0	0	
227156	Thalamus_R	2730	10692	0	8186	0	0	178	1758	0	0	68	1124	0	84	0	0	88	252	0	13876	294	476	0	0	0	0	82	0	478	2006	0	118	0	0	1026	3804	2330	9680	72	5210	0	94	0	66	0	0	88	700	0	0	0	0	0	0	110	1508	168	454	0	0	0	0	0	0	0	0	0	562	74	9332	1342	17886	738	2852	986	128	9538	0	686	68	66	246	0	0	58	270	0	0	92	690	0	0	0	0	0	0	0	164	0	0	0	0	0	0	0	0	0	0	0	0	0	0	0	0	0	0	
72264	Heschl_L	1870	0	266	62	0	0	1486	0	0	0	66	0	0	0	0	0	3344	0	184	0	0	0	0	0	0	0	0	0	7152	0	0	0	0	0	1622	1986	2636	1096	0	890	0	0	74	0	62	0	104	0	0	0	204	0	312	0	566	72	1402	0	0	0	592	0	0	0	128	0	170	0	0	0	78	0	192	0	0	0	2318	686	0	0	3380	0	0	0	2238	0	0	0	894	0	0	0	0	0	0	0	0	0	0	0	0	0	0	0	0	0	0	0	0	0	0	0	0	0	0	0	
27640	Heschl_R	0	110	0	62	0	0	0	0	0	0	0	152	0	0	0	0	0	3658	0	250	0	0	0	0	0	0	0	0	0	1958	0	0	0	0	0	108	0	604	0	0	0	0	0	68	0	0	0	64	0	0	0	0	0	56	0	864	0	116	0	0	0	0	0	124	0	0	0	72	0	0	0	0	0	192	0	0	0	68	0	0	0	3802	0	174	0	598	0	0	0	720	0	0	0	0	0	0	0	0	0	0	0	0	0	0	0	0	0	0	0	0	0	0	0	0	0	0	
192504	Temporal_Sup_L	488	0	476	70	0	0	352	0	0	0	1336	202	408	168	0	0	11698	0	352	84	0	0	0	0	0	0	0	0	10558	68	0	0	0	0	158	246	1464	204	102	204	0	0	64	0	0	0	64	0	0	0	478	0	150	0	842	0	2770	0	0	0	1378	0	4108	0	1682	0	236	0	0	0	370	92	536	0	0	0	1802	66	3380	0	0	0	6250	0	29128	0	0	0	14218	0	0	0	0	0	0	0	0	0	0	0	0	0	0	0	0	0	0	0	0	0	0	0	0	0	0	0	
102712	Temporal_Sup_R	56	266	0	108	0	0	0	0	0	0	0	210	0	0	0	0	0	3672	0	450	0	0	0	0	0	0	0	0	0	3586	0	0	0	108	0	206	0	792	0	176	0	0	0	100	0	0	0	0	0	1680	0	474	0	170	0	2080	0	710	0	388	0	464	0	5080	0	2726	0	158	0	372	0	0	0	592	0	0	0	246	0	3802	0	0	0	1550	0	14520	0	284	0	6330	0	0	0	0	0	0	0	0	0	0	0	0	0	0	0	0	0	0	0	0	0	0	0	0	0	0	
151200	Temporal_Pole_Sup_L	124	0	5180	180	298	0	3584	0	598	0	4630	598	7724	354	7398	0	4360	0	424	178	94	0	420	0	0	0	86	0	10002	312	392	242	62	62	0	0	448	0	278	0	352	0	0	0	0	0	0	0	0	0	0	0	0	0	2130	0	0	0	0	0	0	0	0	0	0	0	0	0	0	0	1716	680	728	0	0	0	0	0	0	0	6250	0	0	0	6336	0	2942	0	6438	0	0	0	0	0	0	0	0	0	0	0	0	0	0	0	0	0	0	0	0	0	0	0	0	0	0	0	
58960	Temporal_Pole_Sup_R	0	0	0	382	0	0	0	0	0	0	0	544	0	0	0	68	0	710	0	390	0	584	0	0	0	0	0	0	0	1698	0	0	0	258	0	0	0	1174	0	2580	0	2324	0	0	0	0	0	0	0	0	0	0	0	0	0	4114	0	0	0	0	0	0	0	0	0	0	0	0	0	0	0	114	0	442	0	0	0	0	0	174	0	1550	0	0	0	2912	0	4694	0	4768	0	0	0	0	0	0	0	0	0	0	0	0	0	0	0	0	0	0	0	0	0	0	0	0	0	0	
366060	Temporal_Mid_L	2162	0	0	0	0	0	106	0	0	0	0	0	0	0	0	0	7164	0	0	0	0	0	0	0	0	0	0	0	6198	0	0	0	214	0	160	180	540	152	306	146	0	0	2788	0	1492	0	710	0	360	0	22034	0	6148	0	4366	0	4172	0	1340	0	5720	0	3436	0	17952	0	2552	0	676	0	0	0	180	0	0	0	1870	58	2238	0	29128	0	6336	0	0	0	3022	0	49124	0	0	0	0	0	0	0	0	0	0	0	0	0	0	0	0	0	0	0	0	0	0	0	0	0	0	0	
239360	Temporal_Mid_R	96	584	0	88	0	0	0	0	0	0	0	0	0	0	0	0	0	290	0	1054	0	0	0	0	0	0	0	0	0	804	0	0	0	708	0	2290	192	804	0	254	0	0	0	3248	0	3146	0	340	0	13360	0	21552	0	1680	0	1614	0	2484	0	1374	0	1432	0	1778	0	8568	0	7870	56	2218	0	0	130	172	156	0	0	270	0	598	0	14520	0	2912	0	0	0	1730	0	21308	0	0	0	0	0	0	0	0	0	0	0	0	0	0	0	0	0	0	0	0	0	0	0	0	0	0	
19788	Temporal_Pole_Mid_L	0	0	0	0	0	0	0	0	0	0	0	0	0	0	0	0	0	0	0	0	0	0	0	0	0	0	0	0	0	0	0	0	0	0	0	0	0	0	0	0	0	0	0	0	0	0	0	0	0	0	0	0	0	0	1156	0	0	0	0	0	0	0	0	0	0	0	0	0	0	0	0	0	56	0	0	0	0	0	0	0	0	0	2942	0	3022	0	0	0	2718	0	0	0	0	0	0	0	0	0	0	0	0	0	0	0	0	0	0	0	0	0	0	0	0	0	0	0	
25720	Temporal_Pole_Mid_R	0	0	0	0	0	0	0	0	0	0	0	0	0	0	0	0	0	0	0	0	0	0	0	0	0	0	0	0	0	0	0	0	0	0	0	0	0	210	0	672	0	258	0	0	0	0	0	0	0	0	0	0	0	0	0	2282	0	0	0	0	0	0	0	0	0	0	0	0	0	0	0	0	0	0	0	0	0	0	0	0	0	284	0	4694	0	1730	0	0	0	2730	0	0	0	0	0	0	0	0	0	0	0	0	0	0	0	0	0	0	0	0	0	0	0	0	0	0	
356980	Temporal_Inf_L	1778	0	206	0	0	0	68	0	0	0	0	0	0	0	0	0	3108	0	82	0	0	0	0	0	0	0	0	0	6946	0	0	0	184	0	562	656	13392	474	4194	414	914	0	1480	0	680	0	1840	0	334	0	13128	0	3960	0	20092	0	1822	0	1302	0	3700	0	1224	0	6096	0	1490	92	366	0	0	0	5568	0	0	0	4242	92	894	0	14218	0	6438	0	49124	0	2718	0	0	0	2500	0	322	0	0	0	254	0	1082	0	222	0	232	0	0	0	0	0	0	0	0	0	0	0	0	0	
234284	Temporal_Inf_R	98	434	0	78	0	0	0	0	0	0	0	0	0	0	0	0	0	440	0	652	0	0	0	0	0	0	0	0	0	2520	0	0	0	404	94	2444	144	5780	0	2416	0	650	0	3856	58	1902	0	1988	0	5786	0	4638	0	5886	0	15602	0	2682	0	2380	0	5182	0	3680	0	3272	0	5398	0	792	0	0	78	1016	82	0	0	690	0	720	0	6330	0	4768	0	21308	0	2730	0	0	0	164	0	0	0	0	0	0	0	0	0	0	0	0	0	0	0	0	0	0	0	0	0	0	0	0	
463692	Cerebelum_Crus1_L	0	0	0	0	0	0	0	0	0	0	0	0	0	0	0	0	0	0	0	0	0	0	0	0	0	0	0	0	0	0	0	0	0	0	0	0	0	0	0	0	0	0	0	0	0	0	3070	3258	0	0	0	0	84	0	12932	1004	0	0	0	0	0	0	0	0	0	0	0	0	0	0	0	0	0	0	0	0	0	0	0	0	0	0	0	0	0	0	0	0	2500	0	0	8546	38000	9298	1604	62	15584	432	50460	7752	11438	2452	19930	3690	3748	1218	1460	94	118	160	1504	11156	15538	2768	1682	304	
385400	Cerebelum_Crus1_R	0	0	0	0	0	0	0	0	0	0	0	0	0	0	0	0	0	0	0	0	0	0	0	0	0	0	0	0	0	0	0	0	0	0	0	0	0	0	0	0	0	0	0	0	0	0	936	4422	0	0	0	0	0	0	118	7316	0	0	0	0	0	0	0	0	0	0	0	0	0	0	0	0	0	0	0	0	0	0	0	0	0	0	0	0	0	0	0	0	0	164	8546	0	5288	33588	0	2196	490	16752	4970	46098	418	6542	1412	18384	432	2516	76	554	208	1152	8296	7000	13790	470	566	0	
367264	Cerebelum_Crus2_L	0	0	0	0	0	0	0	0	0	0	0	0	0	0	0	0	0	0	0	0	0	0	0	0	0	0	0	0	0	0	0	0	0	0	0	0	0	0	0	0	0	0	0	0	0	0	636	944	0	0	0	0	0	0	468	396	0	0	0	0	0	0	0	0	0	0	0	0	0	0	0	0	0	0	0	0	0	0	0	0	0	0	0	0	0	0	0	0	322	0	38000	5288	0	11974	264	0	2600	228	9906	3998	35394	5918	33346	5418	3354	906	1604	68	0	0	480	4648	12404	4194	700	174	
341084	Cerebelum_Crus2_R	0	0	0	0	0	0	0	0	0	0	0	0	0	0	0	0	0	0	0	0	0	0	0	0	0	0	0	0	0	0	0	0	0	0	0	0	0	0	0	0	0	0	0	0	0	0	448	610	0	0	0	0	0	0	80	364	0	0	0	0	0	0	0	0	0	0	0	0	0	0	0	0	0	0	0	0	0	0	0	0	0	0	0	0	0	0	0	0	0	0	9298	33588	11974	0	0	524	318	3542	1750	10954	5480	23808	7084	32750	914	3836	292	540	0	280	2110	2066	12916	4278	738	0	
31164	Cerebelum_3_L	0	0	0	0	0	0	0	0	0	0	0	0	0	0	0	0	0	0	0	0	0	0	0	0	0	0	0	0	0	0	0	0	0	0	0	0	0	0	164	0	0	0	0	0	0	0	426	58	0	0	0	0	0	0	308	0	0	0	0	0	0	0	0	0	0	0	0	0	0	0	0	0	0	0	0	0	0	0	0	0	0	0	0	0	0	0	0	0	0	0	1604	0	264	0	0	0	6340	0	2800	0	76	0	148	0	618	0	0	0	500	1446	682	86	0	0	62	0	
27132	Cerebelum_3_R	0	0	0	0	0	0	0	0	0	0	0	0	0	0	0	0	0	0	0	0	0	0	0	0	0	0	0	0	0	0	0	0	0	0	0	0	0	0	0	92	0	0	0	0	0	0	0	252	0	0	0	0	0	0	0	152	0	0	0	0	0	0	0	0	0	0	0	0	0	0	0	0	0	0	0	0	0	0	0	0	0	0	0	0	0	0	0	0	0	0	62	2196	0	524	0	0	64	3096	68	3106	0	0	0	442	0	298	0	0	220	1966	614	74	158	84	98	0	
203064	Cerebelum_4_5_L	0	0	0	0	0	0	0	0	0	0	0	0	0	0	0	0	0	0	0	0	0	0	0	0	0	0	0	0	0	0	0	0	0	0	0	0	144	0	416	0	68	0	72	0	0	0	8650	1022	0	0	0	0	548	0	8954	106	0	0	0	0	0	0	0	0	0	0	0	0	0	0	0	0	0	0	0	0	0	0	0	0	0	0	0	0	0	0	0	0	254	0	15584	490	2600	318	6340	64	0	500	29360	1084	1772	0	1914	0	4362	834	1210	0	924	1756	6570	3062	80	64	904	1506	
154792	Cerebelum_4_5_R	0	0	0	0	0	0	0	0	0	0	0	0	0	0	0	0	0	0	0	0	0	0	0	0	0	0	0	0	0	0	0	0	0	0	0	96	0	278	0	460	0	0	72	0	0	0	374	6552	0	0	0	0	0	0	0	4932	0	0	0	0	0	0	0	0	0	0	0	116	0	0	0	0	0	0	0	0	0	164	0	0	0	0	0	0	0	0	0	0	0	0	432	16752	228	3542	0	3096	500	0	524	23006	0	112	0	1520	64	348	0	258	0	1078	11562	610	652	68	0	0	
391632	Cerebelum_6_L	0	0	0	0	0	0	0	0	0	0	0	0	0	0	0	0	0	0	0	0	0	0	0	0	0	0	0	0	0	0	0	0	0	0	0	0	88	0	58	0	0	0	124	60	0	0	11136	5614	0	0	0	0	648	0	19106	1352	0	0	0	0	0	0	0	0	0	0	0	0	0	0	0	0	0	0	0	0	0	0	0	0	0	0	0	0	0	0	0	0	1082	0	50460	4970	9906	1750	2800	68	29360	524	0	7148	4030	0	6976	288	4864	1438	1682	0	438	506	3832	15446	6622	654	1670	1116	
375868	Cerebelum_6_R	0	0	0	0	0	0	0	0	0	0	0	0	0	0	0	0	0	0	0	0	0	0	0	0	0	0	0	0	0	0	0	0	0	0	0	0	0	0	0	0	0	0	68	60	0	0	1588	10046	0	0	0	0	0	0	312	11094	0	0	0	0	0	0	0	0	0	0	0	0	0	0	0	0	0	0	0	0	0	0	0	0	0	0	0	0	0	0	0	0	0	0	7752	46098	3998	10954	0	3106	1084	23006	7148	0	372	814	986	8582	258	4236	0	1270	470	1676	13118	11980	13120	2262	2176	300	
244880	Cerebelum_7b_L	0	0	0	0	0	0	0	0	0	0	0	0	0	0	0	0	0	0	0	0	0	0	0	0	0	0	0	0	0	0	0	0	0	0	0	0	0	0	0	0	0	0	0	0	0	0	92	0	0	0	0	0	0	0	100	0	0	0	0	0	0	0	0	0	0	0	0	0	0	0	0	0	0	0	0	0	0	0	0	0	0	0	0	0	0	0	0	0	222	0	11438	418	35394	5480	76	0	1772	0	4030	372	0	3934	36760	4096	2966	1154	1360	0	262	270	982	310	4958	5496	498	0	
155336	Cerebelum_7b_R	0	0	0	0	0	0	0	0	0	0	0	0	0	0	0	0	0	0	0	0	0	0	0	0	0	0	0	0	0	0	0	0	0	0	0	0	0	0	0	0	0	0	0	0	0	0	0	0	0	0	0	0	0	0	0	136	0	0	0	0	0	0	0	0	0	0	0	0	0	0	0	0	0	0	0	0	0	0	0	0	0	0	0	0	0	0	0	0	0	0	2452	6542	5918	23808	0	0	0	112	0	814	3934	0	3950	22166	298	718	174	56	0	0	0	0	3922	2592	76	0	
325852	Cerebelum_8_L	0	0	0	0	0	0	0	0	0	0	0	0	0	0	0	0	0	0	0	0	0	0	0	0	0	0	0	0	0	0	0	0	0	0	0	0	0	0	0	0	0	0	0	0	0	0	66	56	0	0	0	0	0	0	0	0	0	0	0	0	0	0	0	0	0	0	0	0	0	0	0	0	0	0	0	0	0	0	0	0	0	0	0	0	0	0	0	0	232	0	19930	1412	33346	7084	148	0	1914	0	6976	986	36760	3950	0	5676	15342	2414	3312	0	242	238	936	1098	9540	8528	2740	0	
274516	Cerebelum_8_R	0	0	0	0	0	0	0	0	0	0	0	0	0	0	0	0	0	0	0	0	0	0	0	0	0	0	0	0	0	0	0	0	0	0	0	0	0	0	0	0	0	0	0	0	0	0	0	358	0	0	0	0	0	0	0	218	0	0	0	0	0	0	0	0	0	0	0	0	0	0	0	0	0	0	0	0	0	0	0	0	0	0	0	0	0	0	0	0	0	0	3690	18384	5418	32750	0	442	0	1520	288	8582	4096	22166	5676	0	730	14876	176	1150	122	162	392	622	7374	5486	2580	0	
114408	Cerebelum_9_L	0	0	0	0	0	0	0	0	0	0	0	0	0	0	0	0	0	0	0	0	0	0	0	0	0	0	0	0	0	0	0	0	0	0	0	0	0	0	0	0	0	0	0	0	0	0	800	66	0	0	0	0	0	0	246	0	0	0	0	0	0	0	0	0	0	0	0	0	0	0	0	0	0	0	0	0	0	0	0	0	0	0	0	0	0	0	0	0	0	0	3748	432	3354	914	618	0	4362	64	4864	258	2966	298	15342	730	0	1062	6366	0	88	92	1000	1914	2404	2342	2122	752	
114512	Cerebelum_9_R	0	0	0	0	0	0	0	0	0	0	0	0	0	0	0	0	0	0	0	0	0	0	0	0	0	0	0	0	0	0	0	0	0	0	0	0	0	0	0	0	0	0	0	0	0	0	480	278	0	0	0	0	0	0	0	98	0	0	0	0	0	0	0	0	0	0	0	0	0	0	0	0	0	0	0	0	0	0	0	0	0	0	0	0	0	0	0	0	0	0	1218	2516	906	3836	0	298	834	348	1438	4236	1154	718	2414	14876	1062	0	0	2752	264	252	644	2694	3186	4358	4958	1438	
37108	Cerebelum_10_L	0	0	0	0	0	0	0	0	0	0	0	0	0	0	0	0	0	0	0	0	0	0	0	0	0	0	0	0	0	0	0	0	0	0	0	0	0	0	0	0	0	0	0	0	0	0	0	0	0	0	0	0	0	0	0	0	0	0	0	0	0	0	0	0	0	0	0	0	0	0	0	0	0	0	0	0	0	0	0	0	0	0	0	0	0	0	0	0	0	0	1460	76	1604	292	0	0	1210	0	1682	0	1360	174	3312	176	6366	0	0	0	0	0	0	180	352	228	82	0	
17012	Cerebelum_10_R	0	0	0	0	0	0	0	0	0	0	0	0	0	0	0	0	0	0	0	0	0	0	0	0	0	0	0	0	0	0	0	0	0	0	0	0	0	0	0	0	0	0	0	0	0	0	0	0	0	0	0	0	0	0	0	0	0	0	0	0	0	0	0	0	0	0	0	0	0	0	0	0	0	0	0	0	0	0	0	0	0	0	0	0	0	0	0	0	0	0	94	554	68	540	0	0	0	258	0	1270	0	56	0	1150	0	2752	0	0	0	0	0	162	662	550	390	0	
18308	Vermis_1_2	0	0	0	0	0	0	0	0	0	0	0	0	0	0	0	0	0	0	0	0	0	0	0	0	0	0	0	0	0	0	0	0	0	0	0	0	0	0	0	0	0	0	0	0	0	0	0	0	0	0	0	0	0	0	0	0	0	0	0	0	0	0	0	0	0	0	0	0	0	0	0	0	0	0	0	0	0	0	0	0	0	0	0	0	0	0	0	0	0	0	118	208	0	0	500	220	924	0	438	470	262	0	242	122	88	264	0	0	0	3290	1764	78	0	0	96	70	
35320	Vermis_3	0	0	0	0	0	0	0	0	0	0	0	0	0	0	0	0	0	0	0	0	0	0	0	0	0	0	0	0	0	0	0	0	0	0	0	0	0	0	62	0	0	0	0	0	0	0	0	284	0	0	0	0	0	0	0	0	0	0	0	0	0	0	0	0	0	0	0	0	0	0	0	0	0	0	0	0	0	0	0	0	0	0	0	0	0	0	0	0	0	0	160	1152	0	280	1446	1966	1756	1078	506	1676	270	0	238	162	92	252	0	0	3290	0	2550	74	162	70	134	0	
166268	Vermis_4_5	0	0	0	0	0	0	0	0	0	0	0	0	0	0	0	0	0	0	0	0	0	0	0	0	0	0	0	0	0	0	0	0	0	0	132	814	128	708	0	338	0	0	94	158	0	0	2372	8638	0	0	0	0	0	0	216	3490	0	0	0	0	0	0	0	0	0	0	58	966	0	0	0	0	0	0	0	0	0	0	0	0	0	0	0	0	0	0	0	0	0	0	1504	8296	480	2110	682	614	6570	11562	3832	13118	982	0	936	392	1000	644	0	0	1764	2550	0	4798	986	0	464	1738	
