data	data	486960	251028	1.00775e+06	890732	228720	162436	381636	225272	92412	37748	183112	111980	354708	154752	319188	93424	200476	128060	581704	817028	140108	141760	481132	329056	40428	90096	45160	64728	638504	398596	352736	505896	204940	526168	164172	198608	329700	365544	178592	227664	59212	73120	462252	570424	345744	351912	381904	462556	310076	371256	570052	338156	124992	185608	467940	501460	279416	141164	147352	113916	182488	179964	85948	123128	148660	215088	393332	479840	148164	177816	315960	355088	331684	334876	67472	24224	175864	262964	93752	38728	205460	147928	121356	71952	295584	287276	62412	38952	319132	282672	453904	452436	356556	368696	64200	99340	401892	214004	514016	485704	296408	180200	344036	370488	164032	276444	16492	36708	62564	172616	342012	229272	343736	255644	234224	52000	
data	data	Precentral_L	Precentral_R	Frontal_Sup_L	Frontal_Sup_R	Frontal_Sup_Orb_L	Frontal_Sup_Orb_R	Frontal_Mid_L	Frontal_Mid_R	Frontal_Mid_Orb_L	Frontal_Mid_Orb_R	Frontal_Inf_Oper_L	Frontal_Inf_Oper_R	Frontal_Inf_Tri_L	Frontal_Inf_Tri_R	Frontal_Inf_Orb_L	Frontal_Inf_Orb_R	Rolandic_Oper_L	Rolandic_Oper_R	Supp_Motor_Area_L	Supp_Motor_Area_R	Olfactory_L	Olfactory_R	Frontal_Sup_Medial_L	Frontal_Sup_Medial_R	Frontal_Med_Orb_L	Frontal_Med_Orb_R	Rectus_L	Rectus_R	Insula_L	Insula_R	Cingulum_Ant_L	Cingulum_Ant_R	Cingulum_Mid_L	Cingulum_Mid_R	Cingulum_Post_L	Cingulum_Post_R	Hippocampus_L	Hippocampus_R	ParaHippocampal_L	ParaHippocampal_R	Amygdala_L	Amygdala_R	Calcarine_L	Calcarine_R	Cuneus_L	Cuneus_R	Lingual_L	Lingual_R	Occipital_Sup_L	Occipital_Sup_R	Occipital_Mid_L	Occipital_Mid_R	Occipital_Inf_L	Occipital_Inf_R	Fusiform_L	Fusiform_R	Postcentral_L	Postcentral_R	Parietal_Sup_L	Parietal_Sup_R	Parietal_Inf_L	Parietal_Inf_R	SupraMarginal_L	SupraMarginal_R	Angular_L	Angular_R	Precuneus_L	Precuneus_R	Paracentral_Lobule_L	Paracentral_Lobule_R	Caudate_L	Caudate_R	Putamen_L	Putamen_R	Pallidum_L	Pallidum_R	Thalamus_L	Thalamus_R	Heschl_L	Heschl_R	Temporal_Sup_L	Temporal_Sup_R	Temporal_Pole_Sup_L	Temporal_Pole_Sup_R	Temporal_Mid_L	Temporal_Mid_R	Temporal_Pole_Mid_L	Temporal_Pole_Mid_R	Temporal_Inf_L	Temporal_Inf_R	Cerebelum_Crus1_L	Cerebelum_Crus1_R	Cerebelum_Crus2_L	Cerebelum_Crus2_R	Cerebelum_3_L	Cerebelum_3_R	Cerebelum_4_5_L	Cerebelum_4_5_R	Cerebelum_6_L	Cerebelum_6_R	Cerebelum_7b_L	Cerebelum_7b_R	Cerebelum_8_L	Cerebelum_8_R	Cerebelum_9_L	Cerebelum_9_R	Cerebelum_10_L	Cerebelum_10_R	Vermis_1_2	Vermis_3	Vermis_4_5	Vermis_6	Vermis_7	Vermis_8	Vermis_9	Vermis_10	
486960	Precentral_L	0	7808	20802	6148	196	0	15832	364	228	0	13776	88	4930	0	678	0	9838	0	6752	5376	0	0	1688	0	0	0	0	0	9370	0	4488	934	2156	0	6210	2322	6202	650	1722	0	0	0	1140	0	670	0	854	0	652	0	5280	0	86	0	1628	0	30238	432	358	0	1790	0	504	236	826	0	1590	156	19194	496	1866	2626	1776	188	650	166	23158	6124	3078	0	2122	0	886	0	2958	0	0	0	2822	0	0	0	0	0	0	0	0	0	0	0	0	0	0	0	0	0	0	0	0	372	0	0	0	0	0	0	
251028	Precentral_R	7808	0	1282	18300	0	0	328	6162	0	0	334	2770	0	110	0	0	0	3006	1974	6654	0	0	0	0	0	0	0	0	246	2736	172	0	570	516	2022	1984	1332	4822	292	1362	0	0	0	302	0	0	86	280	0	202	0	82	0	104	126	1772	2354	10936	0	0	108	924	0	1922	0	824	106	1238	1834	2998	642	5064	118	1026	1096	472	2218	13798	164	1096	0	1732	0	0	0	2966	0	0	0	4142	0	0	0	0	0	0	0	0	0	0	0	0	0	0	0	0	0	0	0	0	0	0	0	0	0	0	
1.00775e+06	Frontal_Sup_L	20802	1282	0	12844	16718	0	59426	2652	2638	0	10782	330	28374	0	18452	0	11802	0	69848	28622	342	816	48064	1902	810	0	98	0	41434	90	21572	7188	5252	9362	130	0	4278	164	1042	0	0	0	0	0	0	0	0	0	0	0	144	0	0	0	1710	0	7478	164	96	0	1212	0	1532	124	346	0	602	0	5062	138	15204	1072	22160	328	5334	88	4518	270	1458	0	3090	0	1606	0	994	0	126	0	1904	0	0	0	0	0	0	0	0	0	0	0	0	0	0	0	0	0	0	0	0	0	0	0	0	0	0	0	
890732	Frontal_Sup_R	6148	18300	12844	0	0	7346	342	31642	0	428	164	6488	84	11524	0	3180	166	6018	20112	81134	154	184	14540	35648	0	2934	0	0	230	19768	2430	33156	5170	25980	1650	1208	960	4144	384	880	0	206	0	0	0	0	172	242	0	0	0	0	0	0	110	656	1006	586	0	0	130	82	0	240	94	0	138	572	1822	398	6418	27938	272	16992	284	1626	1674	26758	172	290	0	352	0	408	0	0	0	0	0	232	0	0	0	0	0	0	0	156	0	0	0	0	0	0	0	0	0	0	0	0	0	0	0	0	0	0	
228720	Frontal_Sup_Orb_L	196	0	16718	0	0	306	5840	0	9610	0	162	0	10738	0	16744	0	88	0	938	0	2118	912	7000	0	5134	264	4762	304	12690	0	6258	758	0	0	0	0	148	0	192	0	226	0	0	0	0	0	0	0	0	0	0	0	0	0	156	0	0	0	0	0	0	0	0	0	0	0	0	0	0	0	3638	278	7278	98	0	0	0	0	0	0	0	0	806	0	0	0	0	0	0	0	0	0	0	0	0	0	0	0	0	0	0	0	0	0	0	0	0	0	0	0	0	0	0	0	0	0	
162436	Frontal_Sup_Orb_R	0	0	0	7346	306	0	0	1096	0	5316	0	0	0	1144	238	7702	0	0	0	1286	2396	3906	148	4996	390	8640	436	6916	136	4542	776	4634	0	0	0	0	0	0	0	0	0	0	0	0	0	0	0	0	0	0	0	0	0	0	0	0	0	0	0	0	0	0	0	0	0	0	0	0	0	0	2332	6484	1794	8258	0	0	0	0	0	0	0	0	0	0	0	0	0	0	0	0	0	0	0	0	0	0	0	0	0	0	0	0	0	0	0	0	0	0	0	0	0	0	0	0	0	0	
381636	Frontal_Mid_L	15832	328	59426	342	5840	0	0	168	3310	0	7572	0	25210	0	12588	0	1102	0	7056	400	0	0	17312	266	0	0	0	0	13858	0	11630	1704	1048	496	0	0	1024	0	222	0	0	0	0	0	0	0	154	0	0	0	0	0	0	0	104	0	332	0	0	0	0	0	0	0	0	0	0	0	288	0	420	0	988	0	436	0	1082	0	88	0	192	0	0	0	0	0	0	0	0	0	0	0	0	0	0	0	0	0	0	0	0	0	0	0	0	0	0	0	0	0	0	0	0	0	0	0	
225272	Frontal_Mid_R	364	6162	2652	31642	0	1096	168	0	0	1430	0	8222	0	13872	0	2356	0	706	2100	9246	0	0	1888	3060	0	0	0	0	0	4390	756	4416	154	3030	0	0	0	508	0	0	0	0	0	0	0	0	0	0	0	0	0	0	0	0	0	0	238	754	0	0	0	0	0	0	0	0	0	0	118	0	6120	1962	258	3348	174	554	0	892	0	0	0	0	0	0	0	0	0	0	0	0	0	0	0	0	0	0	0	0	0	0	0	0	0	0	0	0	0	0	0	0	0	0	0	0	0	0	
92412	Frontal_Mid_Orb_L	228	0	2638	0	9610	0	3310	0	0	0	0	0	4266	0	13702	0	0	0	118	0	158	0	744	0	482	0	912	0	4904	0	1408	88	0	0	0	0	0	0	0	0	0	0	0	0	0	0	0	0	0	0	0	0	0	0	0	0	0	0	0	0	0	0	0	0	0	0	0	0	0	0	686	0	2784	0	0	0	0	0	0	0	0	0	168	0	0	0	0	0	0	0	0	0	0	0	0	0	0	0	0	0	0	0	0	0	0	0	0	0	0	0	0	0	0	0	0	0	
37748	Frontal_Mid_Orb_R	0	0	0	428	0	5316	0	1430	0	0	0	0	0	818	0	7842	0	0	0	0	0	0	0	0	0	0	0	0	0	1424	0	0	0	0	0	0	0	0	0	0	0	0	0	0	0	0	0	0	0	0	0	0	0	0	0	0	0	0	0	0	0	0	0	0	0	0	0	0	0	0	0	220	0	1396	0	0	0	0	0	0	0	0	0	0	0	0	0	0	0	0	0	0	0	0	0	0	0	0	0	0	0	0	0	0	0	0	0	0	0	0	0	0	0	0	0	0	
183112	Frontal_Inf_Oper_L	13776	334	10782	164	162	0	7572	0	0	0	0	0	13536	0	736	0	8640	0	5910	474	0	0	1398	0	0	0	0	0	15602	0	1372	0	0	0	0	0	380	0	0	0	0	0	0	0	0	0	0	0	0	0	90	0	0	0	312	0	3214	0	108	0	180	0	0	0	178	0	202	0	94	0	108	0	1258	0	130	0	0	0	1154	0	1346	0	1766	0	158	0	0	0	420	0	0	0	0	0	0	0	0	0	0	0	0	0	0	0	0	0	0	0	0	0	0	0	0	0	0	0	
111980	Frontal_Inf_Oper_R	88	2770	330	6488	0	0	0	8222	0	0	0	0	0	9248	0	248	0	5160	184	4690	0	0	0	0	0	0	0	0	0	8530	0	0	0	202	0	0	0	626	0	184	0	0	0	0	0	0	0	0	0	0	0	0	0	0	0	114	174	674	0	0	0	0	0	0	0	0	0	0	0	0	1058	528	0	4562	0	144	0	454	0	630	0	186	0	496	0	0	0	0	0	0	0	0	0	0	0	0	0	0	0	0	0	0	0	0	0	0	0	0	0	0	0	0	0	0	0	0	
354708	Frontal_Inf_Tri_L	4930	0	28374	84	10738	0	25210	0	4266	0	13536	0	0	0	31492	0	1600	0	6016	104	0	0	10214	120	0	0	0	0	30616	0	6162	372	440	136	0	0	156	0	0	0	0	0	0	0	0	0	0	0	0	0	0	0	0	0	0	0	1188	0	0	0	0	0	0	0	0	0	0	0	0	0	206	0	854	0	138	0	0	0	0	0	250	0	152	0	0	0	0	0	0	0	0	0	0	0	0	0	0	0	0	0	0	0	0	0	0	0	0	0	0	0	0	0	0	0	0	0	
154752	Frontal_Inf_Tri_R	0	110	0	11524	0	1144	0	13872	0	818	0	9248	0	0	0	3122	0	238	1198	2988	0	0	710	5286	0	234	0	0	0	14624	322	4936	748	3462	0	0	0	82	0	0	0	0	0	0	0	0	0	0	0	0	0	0	0	0	0	0	0	0	0	0	0	0	0	0	0	0	0	0	0	0	436	1400	0	874	0	0	0	0	0	0	0	0	0	0	0	0	0	0	0	0	0	0	0	0	0	0	0	0	0	0	0	0	0	0	0	0	0	0	0	0	0	0	0	0	0	0	
319188	Frontal_Inf_Orb_L	678	0	18452	0	16744	238	12588	0	13702	0	736	0	31492	0	0	0	346	0	1896	102	2856	664	6694	98	118	0	1428	246	30860	0	5452	488	376	118	0	0	992	0	632	0	928	0	0	0	0	0	0	0	0	0	0	0	0	0	610	0	0	0	0	0	0	0	0	0	0	0	0	0	0	0	1954	102	5408	90	138	0	0	0	0	0	0	0	2278	0	0	0	0	0	90	0	0	0	0	0	0	0	0	0	0	0	0	0	0	0	0	0	0	0	0	0	0	0	0	0	0	0	
93424	Frontal_Inf_Orb_R	0	0	0	3180	0	7702	0	2356	0	7842	0	248	0	3122	0	0	0	0	114	288	0	1444	0	984	0	0	0	1260	0	12100	0	892	0	302	0	0	0	118	0	226	0	0	0	0	0	0	0	0	0	0	0	0	0	0	0	82	0	0	0	0	0	0	0	0	0	0	0	0	0	0	0	1848	0	2316	0	0	0	0	0	0	0	0	0	288	0	0	0	0	0	0	0	0	0	0	0	0	0	0	0	0	0	0	0	0	0	0	0	0	0	0	0	0	0	0	0	0	
200476	Rolandic_Oper_L	9838	0	11802	166	88	0	1102	0	0	0	8640	0	1600	0	346	0	0	0	3816	682	0	0	364	0	0	0	0	0	19016	0	470	0	0	0	132	0	1068	0	0	0	0	0	302	0	128	0	0	0	158	0	772	0	0	0	1068	0	8936	0	128	0	686	0	2544	0	880	0	768	0	220	0	206	0	280	0	0	0	210	82	6362	0	7704	0	2384	0	2896	0	162	0	4232	0	0	0	0	0	0	0	0	0	0	0	0	0	0	0	0	0	0	0	0	0	0	0	0	0	0	0	
128060	Rolandic_Oper_R	0	3006	0	6018	0	0	0	706	0	0	0	5160	0	238	0	0	0	0	0	5556	0	0	0	0	0	0	0	0	0	15288	0	0	0	0	0	0	0	1198	0	464	0	0	0	88	0	0	0	0	0	0	0	0	0	0	0	318	390	5888	0	0	0	426	0	3198	0	326	0	328	0	0	140	302	0	5266	256	98	0	180	0	4754	0	2796	0	1122	0	136	0	0	0	384	0	0	0	0	0	0	0	0	0	0	0	0	0	0	0	0	0	0	0	0	0	0	0	0	0	0	
581704	Supp_Motor_Area_L	6752	1974	69848	20112	938	0	7056	2100	118	0	5910	184	6016	1198	1896	114	3816	0	0	42342	148	0	8220	5102	0	0	0	0	14116	2012	5568	10244	10668	20834	152	354	2328	94	288	0	0	0	0	0	0	0	0	0	0	0	0	0	0	0	1418	0	976	116	0	0	0	0	0	0	0	0	0	0	5794	1402	8410	1382	12572	788	470	0	1946	476	430	0	1462	0	1056	0	326	0	114	0	1212	0	0	0	0	0	0	0	0	0	0	0	0	0	0	0	0	0	0	0	0	0	0	0	0	0	0	0	
817028	Supp_Motor_Area_R	5376	6654	28622	81134	0	1286	400	9246	0	0	474	4690	104	2988	102	288	682	5556	42342	0	0	0	3126	8542	0	1460	0	0	1206	11402	1860	17962	7922	39188	1782	10870	342	4404	194	1174	0	204	0	966	0	296	0	458	0	866	94	808	0	112	0	1872	2216	1922	340	188	524	816	0	684	478	870	1156	4346	3540	22584	4376	23158	224	15102	504	1618	264	9056	236	356	0	810	0	348	0	2578	0	0	0	3166	0	0	0	0	0	0	0	0	0	0	0	0	0	0	0	0	0	0	0	0	0	0	0	0	0	0	
140108	Olfactory_L	0	0	342	154	2118	2396	0	0	158	0	0	0	0	0	2856	0	0	0	148	0	0	9714	0	0	176	724	1972	2848	2768	118	2838	3188	0	0	0	0	1892	0	1720	0	2186	0	0	0	0	0	0	0	0	0	0	0	0	0	1768	0	0	0	0	0	0	0	0	0	0	0	0	0	0	0	12296	5366	8138	1248	1124	0	0	198	0	0	0	0	1316	0	0	0	118	0	166	0	0	0	0	0	0	0	0	0	0	0	0	0	0	0	0	0	0	0	0	0	0	0	0	0	0	0	
141760	Olfactory_R	0	0	816	184	912	3906	0	0	0	0	0	0	0	0	664	1444	0	0	0	0	9714	0	94	0	130	2544	1334	4612	316	2992	2628	3670	0	0	0	0	0	138	86	246	0	84	0	0	0	0	0	0	0	0	0	0	0	0	0	0	0	0	0	0	0	0	0	0	0	0	0	0	0	0	12144	8692	8376	2460	1970	212	0	224	0	0	0	0	86	202	0	0	0	0	0	0	0	0	0	0	0	0	0	0	0	0	0	0	0	0	0	0	0	0	0	0	0	0	0	0	0	0	
481132	Frontal_Sup_Medial_L	1688	0	48064	14540	7000	148	17312	1888	744	0	1398	0	10214	710	6694	0	364	0	8220	3126	0	94	0	22732	2962	650	230	0	11378	930	25134	22846	5982	18866	0	0	498	0	82	0	0	0	0	0	0	0	0	0	0	0	0	0	0	0	188	0	0	0	0	0	0	0	0	0	0	0	0	0	0	0	1742	644	2898	256	84	0	0	0	0	0	124	0	0	0	0	0	0	0	136	0	0	0	0	0	0	0	0	0	0	0	0	0	0	0	0	0	0	0	0	0	0	0	0	0	0	0	
329056	Frontal_Sup_Medial_R	0	0	1902	35648	0	4996	266	3060	0	0	0	0	120	5286	98	984	0	0	5102	8542	0	0	22732	0	0	3866	0	0	134	7236	2352	28678	3054	22972	0	0	0	0	0	0	0	0	0	0	0	0	0	0	0	0	0	0	0	0	0	0	0	0	0	0	0	0	0	0	0	0	0	0	0	0	0	4206	0	3294	0	0	0	0	0	0	0	0	0	0	0	0	0	0	0	0	0	0	0	0	0	0	0	0	0	0	0	0	0	0	0	0	0	0	0	0	0	0	0	0	0	0	
40428	Frontal_Med_Orb_L	0	0	810	0	5134	390	0	0	482	0	0	0	0	0	118	0	0	0	0	0	176	130	2962	0	0	1276	2742	244	0	0	4364	670	0	0	0	0	0	0	0	0	0	0	0	0	0	0	0	0	0	0	0	0	0	0	0	0	0	0	0	0	0	0	0	0	0	0	0	0	0	0	514	0	202	0	0	0	0	0	0	0	0	0	0	0	0	0	0	0	0	0	0	0	0	0	0	0	0	0	0	0	0	0	0	0	0	0	0	0	0	0	0	0	0	0	0	0	
90096	Frontal_Med_Orb_R	0	0	0	2934	264	8640	0	0	0	0	0	0	0	234	0	0	0	0	0	1460	724	2544	650	3866	1276	0	418	4170	0	568	2052	5580	0	0	0	0	0	0	0	0	0	0	0	0	0	0	0	0	0	0	0	0	0	0	0	0	0	0	0	0	0	0	0	0	0	0	0	0	0	0	814	5058	370	3426	0	0	0	0	0	0	0	0	0	0	0	0	0	0	0	0	0	0	0	0	0	0	0	0	0	0	0	0	0	0	0	0	0	0	0	0	0	0	0	0	0	0	
45160	Rectus_L	0	0	98	0	4762	436	0	0	912	0	0	0	0	0	1428	0	0	0	0	0	1972	1334	230	0	2742	418	0	670	296	0	2040	352	0	0	0	0	0	0	0	0	0	0	0	0	0	0	0	0	0	0	0	0	0	0	0	0	0	0	0	0	0	0	0	0	0	0	0	0	0	0	2930	244	1414	140	0	0	0	0	0	0	0	0	162	0	0	0	0	0	0	0	0	0	0	0	0	0	0	0	0	0	0	0	0	0	0	0	0	0	0	0	0	0	0	0	0	0	
64728	Rectus_R	0	0	0	0	304	6916	0	0	0	0	0	0	0	0	246	1260	0	0	0	0	2848	4612	0	0	244	4170	670	0	154	1068	628	990	0	0	0	0	0	0	0	0	0	0	0	0	0	0	0	0	0	0	0	0	0	0	0	0	0	0	0	0	0	0	0	0	0	0	0	0	0	0	2852	2222	2054	1028	0	0	0	0	0	0	0	0	0	98	0	0	0	0	0	0	0	0	0	0	0	0	0	0	0	0	0	0	0	0	0	0	0	0	0	0	0	0	0	0	0	0	
638504	Insula_L	9370	246	41434	230	12690	136	13858	0	4904	0	15602	0	30616	0	30860	0	19016	0	14116	1206	2768	316	11378	134	0	0	296	154	0	0	9338	648	462	136	508	386	11148	210	1876	0	902	0	596	0	308	0	0	0	348	0	1640	0	0	0	8482	0	4626	0	212	0	606	0	756	0	832	0	1548	0	532	0	2022	86	15896	0	178	0	888	430	9230	0	10338	0	7148	0	5076	0	950	0	11012	0	0	0	0	0	0	0	212	0	356	0	0	0	0	0	0	0	0	0	0	0	0	0	0	0	0	0	
398596	Insula_R	0	2736	90	19768	0	4542	0	4390	0	1424	0	8530	0	14624	0	12100	0	15288	2012	11402	118	2992	930	7236	0	568	0	1068	0	0	720	7582	678	4654	0	274	0	6854	0	3150	0	660	0	440	0	0	0	310	0	130	0	98	0	0	0	3134	116	1488	0	112	0	1248	0	978	0	1036	0	908	0	454	504	4426	0	25008	0	82	0	596	0	3654	0	9630	0	3948	0	3284	0	620	0	2604	0	0	0	0	0	0	0	100	0	0	0	0	0	0	0	0	0	0	0	0	0	0	0	0	0	0	
352736	Cingulum_Ant_L	4488	172	21572	2430	6258	776	11630	756	1408	0	1372	0	6162	322	5452	0	470	0	5568	1860	2838	2628	25134	2352	4364	2052	2040	628	9338	720	0	18284	5832	3836	86	0	728	0	144	0	0	0	0	0	0	0	0	0	0	0	0	0	0	0	206	0	106	0	0	0	0	0	0	0	0	0	0	0	0	0	10414	3046	8924	870	566	0	112	0	86	0	160	0	0	0	0	0	0	0	178	0	0	0	0	0	0	0	0	0	0	0	0	0	0	0	0	0	0	0	0	0	0	0	0	0	0	0	
505896	Cingulum_Ant_R	934	0	7188	33156	758	4634	1704	4416	88	0	0	0	372	4936	488	892	0	0	10244	17962	3188	3670	22846	28678	670	5580	352	990	648	7582	18284	0	8262	33462	0	0	0	0	0	0	0	0	0	0	0	0	0	0	0	0	0	0	0	0	0	0	0	0	0	0	0	0	0	0	0	0	0	0	0	0	5804	15072	3552	6360	176	0	0	0	0	0	0	0	0	0	0	0	0	0	0	0	0	0	0	0	0	0	0	0	0	0	0	0	0	0	0	0	0	0	0	0	0	0	0	0	0	0	
204940	Cingulum_Mid_L	2156	570	5252	5170	0	0	1048	154	0	0	0	0	440	748	376	0	0	0	10668	7922	0	0	5982	3054	0	0	0	0	462	678	5832	8262	0	17742	6648	1684	0	0	0	0	0	0	736	104	988	124	0	0	1084	0	968	0	0	0	0	0	110	0	0	82	0	0	0	0	150	0	3988	1382	4488	1792	358	134	0	0	0	0	948	186	0	0	0	0	0	0	0	0	0	0	0	0	0	0	0	0	0	0	0	0	0	0	0	0	0	0	0	0	0	0	0	0	0	0	0	0	0	0	
526168	Cingulum_Mid_R	0	516	9362	25980	0	0	496	3030	0	0	0	202	136	3462	118	302	0	0	20834	39188	0	0	18866	22972	0	0	0	0	136	4654	3836	33462	17742	0	1138	8176	0	130	0	0	0	0	0	3516	0	3350	0	506	0	2054	0	1316	0	168	0	116	0	1106	0	824	0	174	0	0	0	386	2938	12524	846	11728	254	2858	0	1110	0	0	0	88	0	0	0	186	0	0	0	1330	0	0	0	968	0	0	0	0	0	0	0	0	0	0	0	0	0	0	0	0	0	0	0	0	0	0	0	0	0	0	
164172	Cingulum_Post_L	6210	2022	130	1650	0	0	0	0	0	0	0	0	0	0	0	0	132	0	152	1782	0	0	0	0	0	0	0	0	508	0	86	0	6648	1138	0	9328	7882	2156	2364	132	0	0	2848	132	1100	412	1942	0	380	0	540	0	0	0	1286	0	544	0	0	234	0	0	0	0	106	0	8580	2652	3628	1000	276	276	0	0	0	0	6056	6078	856	0	226	0	0	0	224	0	0	0	390	0	0	0	0	0	0	0	0	0	0	0	0	0	0	0	0	0	0	0	0	0	0	0	0	0	0	0	
198608	Cingulum_Post_R	2322	1984	0	1208	0	0	0	0	0	0	0	0	0	0	0	0	0	0	354	10870	0	0	0	0	0	0	0	0	386	274	0	0	1684	8176	9328	0	4122	6428	1256	2234	0	0	0	2760	550	398	306	4692	0	394	0	254	0	86	618	1372	272	204	0	126	0	392	0	142	0	384	2882	9904	524	8454	0	130	0	0	0	0	3710	6600	664	0	182	162	0	0	148	446	0	0	218	1186	0	0	0	0	0	0	0	424	0	0	0	0	0	0	0	0	0	0	0	0	94	0	0	0	0	0	
329700	Hippocampus_L	6202	1332	4278	960	148	0	1024	0	0	0	380	0	156	0	992	0	1068	0	2328	342	1892	0	498	0	0	0	0	0	11148	0	728	0	0	0	7882	4122	0	2298	22832	198	8010	0	2252	0	226	0	7124	274	184	0	1184	0	710	0	24428	100	1208	0	0	0	0	0	0	0	0	0	4462	232	268	0	940	0	6816	256	394	0	6192	4890	1698	0	2514	0	2678	0	1098	0	966	0	11602	0	480	0	114	0	0	0	1092	0	1384	0	0	0	102	0	0	0	0	0	0	164	0	0	0	0	0	0	
365544	Hippocampus_R	650	4822	164	4144	0	0	0	508	0	0	0	626	0	82	0	118	0	1198	94	4404	0	138	0	0	0	0	0	0	210	6854	0	0	0	130	2156	6428	2298	0	1784	30588	0	10966	0	3172	0	104	302	7896	0	368	0	276	0	2158	414	27846	262	372	0	0	0	1664	0	1020	0	1708	118	6182	0	1930	134	178	0	10196	0	324	800	8390	396	658	100	2688	0	1800	0	4406	0	442	120	13368	0	306	0	0	0	98	0	3100	0	976	0	0	0	0	0	0	0	0	0	0	138	0	0	0	0	0	
178592	ParaHippocampal_L	1722	292	1042	384	192	0	222	0	0	0	0	0	0	0	632	0	0	0	288	194	1720	86	82	0	0	0	0	0	1876	0	144	0	0	0	2364	1256	22832	1784	0	546	5314	0	1208	0	136	0	8644	706	82	0	1476	0	1132	0	15682	196	208	0	0	0	0	0	0	0	0	0	2804	210	0	0	408	0	1536	326	0	0	2530	1494	0	0	734	0	470	0	138	0	176	0	2560	0	556	0	0	0	280	112	1152	0	874	0	0	0	84	0	0	0	0	0	0	410	0	0	0	0	0	0	
227664	ParaHippocampal_R	0	1362	0	880	0	0	0	0	0	0	0	184	0	0	0	226	0	464	0	1174	0	246	0	0	0	0	0	0	0	3150	0	0	0	0	132	2234	198	30588	546	0	0	10238	0	1272	0	0	104	7056	0	0	0	0	0	1200	0	23610	0	162	0	0	0	572	0	0	0	568	0	2686	0	584	0	0	0	5948	0	134	0	2382	0	184	0	610	0	2544	0	1112	0	1190	0	4868	0	412	0	0	0	128	0	3748	0	1040	0	0	0	0	0	0	0	0	0	0	96	0	0	0	0	0	
59212	Amygdala_L	0	0	0	0	226	0	0	0	0	0	0	0	0	0	928	0	0	0	0	0	2186	0	0	0	0	0	0	0	902	0	0	0	0	0	0	0	8010	0	5314	0	0	0	0	0	0	0	0	0	0	0	0	0	0	0	6738	0	0	0	0	0	0	0	0	0	0	0	0	0	0	0	350	0	1186	0	0	0	0	0	0	0	0	0	976	0	0	0	554	0	2236	0	0	0	0	0	0	0	0	0	0	0	0	0	0	0	0	0	0	0	0	0	0	0	0	0	0	0	
73120	Amygdala_R	0	0	0	206	0	0	0	0	0	0	0	0	0	0	0	0	0	0	0	204	0	84	0	0	0	0	0	0	0	660	0	0	0	0	0	0	0	10966	0	10238	0	0	0	0	0	0	0	0	0	0	0	0	0	0	0	7128	0	0	0	0	0	0	0	0	0	0	0	0	0	0	0	0	0	1772	0	0	0	0	0	0	0	0	0	2860	0	134	0	642	0	1520	0	0	0	0	0	0	0	146	0	0	0	0	0	0	0	0	0	0	0	0	0	0	0	0	0	0	
462252	Calcarine_L	1140	0	0	0	0	0	0	0	0	0	0	0	0	0	0	0	302	0	0	0	0	0	0	0	0	0	0	0	596	0	0	0	736	0	2848	0	2252	0	1208	0	0	0	0	12030	34464	10634	28282	4622	25916	3124	44686	492	8094	298	7920	246	1168	0	1552	104	536	0	82	0	1908	0	25208	1378	1402	0	0	0	0	0	0	0	0	0	502	0	0	0	0	0	3786	0	0	0	1524	0	98	0	0	0	0	0	266	0	756	0	0	0	0	0	0	0	0	0	0	0	360	606	0	0	0	0	
570424	Calcarine_R	0	302	0	0	0	0	0	0	0	0	0	0	0	0	0	0	0	88	0	966	0	0	0	0	0	0	0	0	0	440	0	0	104	3516	132	2760	0	3172	0	1272	0	0	12030	0	8880	39690	6470	38256	518	35816	90	28852	0	11374	284	12752	0	1464	0	630	0	1680	0	778	0	2058	2664	35004	0	2258	0	0	0	0	0	0	0	268	0	0	0	392	0	0	0	11314	0	0	0	8514	776	190	0	238	0	0	144	1358	2574	570	0	0	0	0	0	0	0	0	0	0	1206	2962	406	0	0	0	
345744	Cuneus_L	670	0	0	0	0	0	0	0	0	0	0	0	0	0	0	0	128	0	0	0	0	0	0	0	0	0	0	0	308	0	0	0	988	0	1100	550	226	0	136	0	0	0	34464	8880	0	11978	10952	1684	35864	2160	25434	126	2060	0	1520	0	486	0	5926	702	784	0	0	0	494	0	18372	4484	528	0	0	0	0	0	0	0	0	0	228	0	0	0	0	0	962	0	0	0	678	0	0	0	0	0	0	0	0	0	0	0	0	0	0	0	0	0	0	0	0	0	0	0	0	0	0	0	
351912	Cuneus_R	0	0	0	0	0	0	0	0	0	0	0	0	0	0	0	0	0	0	0	296	0	0	0	0	0	0	0	0	0	0	0	0	124	3350	412	398	0	104	0	0	0	0	10634	39690	11978	0	4160	7096	1130	34872	208	13556	0	4136	0	2844	0	626	0	2638	0	430	0	184	0	590	6160	24228	0	956	0	0	0	0	0	0	0	0	0	0	0	0	0	0	0	2774	0	0	0	1982	0	0	0	0	0	0	0	0	110	0	0	0	0	0	0	0	0	0	0	0	156	134	0	0	0	0	
381904	Lingual_L	854	86	0	172	0	0	154	0	0	0	0	0	0	0	0	0	0	0	0	0	0	0	0	0	0	0	0	0	0	0	0	0	0	0	1942	306	7124	302	8644	104	0	0	28282	6470	10952	4160	0	6220	8650	1196	20050	430	9512	270	19932	576	302	0	332	0	0	0	0	0	130	0	8038	390	158	0	0	0	0	0	0	0	1544	622	0	0	0	0	0	0	108	0	0	0	738	0	6290	208	472	114	0	0	10506	280	14512	404	86	0	92	0	0	90	0	0	0	168	5162	3470	348	0	0	0	
462556	Lingual_R	0	280	0	242	0	0	0	0	0	0	0	0	0	0	0	0	0	0	0	458	0	0	0	0	0	0	0	0	0	310	0	0	0	506	0	4692	274	7896	706	7056	0	0	4622	38256	1684	7096	6220	0	0	10696	188	8588	118	9556	1326	22220	0	238	0	142	0	306	0	126	0	304	422	12796	0	498	0	0	0	224	0	0	0	1664	0	0	0	214	0	0	0	2360	0	0	0	3390	5832	3150	886	1032	742	326	5014	8222	10814	9996	0	0	210	316	510	426	0	146	188	590	10890	11976	3322	386	538	92	
310076	Occipital_Sup_L	652	0	0	0	0	0	0	0	0	0	0	0	0	0	0	0	158	0	0	0	0	0	0	0	0	0	0	0	348	0	0	0	1084	0	380	0	184	0	82	0	0	0	25916	518	35864	1130	8650	0	0	0	42776	0	2296	0	1420	0	628	0	9992	300	2064	0	0	0	1194	0	15882	1358	522	0	0	0	0	0	0	0	0	0	274	0	0	0	0	0	784	0	0	0	582	0	0	0	0	0	0	0	0	0	0	0	0	0	0	0	0	0	0	0	0	0	0	0	0	0	0	0	
371256	Occipital_Sup_R	0	202	0	0	0	0	0	0	0	0	0	0	0	0	0	0	0	0	0	866	0	0	0	0	0	0	0	0	0	130	0	0	0	2054	0	394	0	368	0	0	0	0	3124	35816	2160	34872	1196	10696	0	0	0	30920	0	6208	0	3244	0	3014	0	8272	0	4882	0	1106	0	7756	2658	19832	0	1712	0	0	0	0	0	0	0	0	0	0	0	300	0	0	0	2076	0	0	0	1770	0	0	0	0	0	0	0	0	0	0	0	0	0	0	0	0	0	0	0	0	0	0	0	0	0	0	
570052	Occipital_Mid_L	5280	0	144	0	0	0	0	0	0	0	90	0	0	0	0	0	772	0	0	94	0	0	0	0	0	0	0	0	1640	0	0	0	968	0	540	0	1184	0	1476	0	0	0	44686	90	25434	208	20050	188	42776	0	0	0	22478	0	12380	0	4030	0	10886	0	12590	0	476	0	21260	0	23816	148	4360	0	0	0	0	0	0	0	108	0	1198	0	368	0	0	0	16778	0	0	0	6788	0	144	0	0	0	0	0	464	0	516	0	0	0	0	0	0	0	0	0	0	0	466	152	0	0	0	0	
338156	Occipital_Mid_R	0	82	0	0	0	0	0	0	0	0	0	0	0	0	0	0	0	0	0	808	0	0	0	0	0	0	0	0	0	98	0	0	0	1316	0	254	0	276	0	0	0	0	492	28852	126	13556	430	8588	0	30920	0	0	0	9026	0	2896	0	454	0	2936	0	10324	0	3070	0	21112	1048	12084	0	1170	0	0	0	0	0	0	0	0	0	0	0	1072	0	0	0	15006	0	0	0	3082	0	0	0	0	0	0	0	0	0	0	0	0	0	0	0	0	0	0	0	0	0	0	0	0	0	0	
124992	Occipital_Inf_L	86	0	0	0	0	0	0	0	0	0	0	0	0	0	0	0	0	0	0	0	0	0	0	0	0	0	0	0	0	0	0	0	0	0	0	0	710	0	1132	0	0	0	8094	0	2060	0	9512	118	2296	0	22478	0	0	0	9398	0	0	0	148	0	0	0	0	0	0	0	680	0	0	0	0	0	0	0	0	0	0	0	0	0	0	0	0	0	958	0	0	0	3050	0	462	0	0	0	0	0	424	0	512	0	0	0	0	0	0	0	0	0	0	0	378	0	0	0	0	0	
185608	Occipital_Inf_R	0	104	0	0	0	0	0	0	0	0	0	0	0	0	0	0	0	0	0	112	0	0	0	0	0	0	0	0	0	0	0	0	0	168	0	86	0	2158	0	1200	0	0	298	11374	0	4136	270	9556	0	6208	0	9026	0	0	0	16570	0	250	0	0	0	104	0	0	0	232	0	4632	0	238	0	0	0	360	0	0	0	86	0	0	0	148	0	0	0	5012	0	0	0	8842	834	828	242	270	0	0	108	602	950	3446	0	0	0	98	0	96	0	0	0	0	824	2110	1032	94	100	0	
467940	Fusiform_L	1628	126	1710	110	156	0	104	0	0	0	312	0	0	0	610	0	1068	0	1418	0	1768	0	188	0	0	0	0	0	8482	0	206	0	0	0	1286	618	24428	414	15682	0	6738	0	7920	284	1520	0	19932	1326	1420	0	12380	0	9398	0	0	112	356	0	0	0	0	0	0	0	0	0	3144	94	330	0	518	0	2634	0	0	0	1158	648	1148	0	3534	0	2878	0	2588	0	2194	0	24400	0	15258	222	1600	226	294	0	15490	140	25078	338	950	0	1080	188	186	186	0	0	186	300	3626	952	350	166	186	0	
501460	Fusiform_R	0	1772	0	656	0	0	0	0	0	0	0	114	0	0	0	82	0	318	0	1872	0	0	0	0	0	0	0	0	0	3134	0	0	0	116	0	1372	100	27846	196	23610	0	7128	246	12752	0	2844	576	22220	0	3244	0	2896	0	16570	112	0	0	274	0	0	0	716	0	644	0	742	0	5724	0	1538	0	0	0	5680	0	0	0	2672	0	160	0	2262	0	5322	0	6796	0	2416	0	19674	2506	9190	584	1182	0	730	706	12402	3096	19334	0	144	0	668	0	394	0	170	124	524	5638	5908	2316	324	394	0	
279416	Postcentral_L	30238	2354	7478	1006	0	0	332	238	0	0	3214	174	1188	0	0	0	8936	390	976	2216	0	0	0	0	0	0	0	0	4626	116	106	0	110	0	544	272	1208	262	208	0	0	0	1168	0	486	0	302	0	628	0	4030	0	0	0	356	0	0	748	8412	0	19370	154	10932	216	4032	0	4026	0	2410	0	1006	424	878	514	88	192	1128	432	2388	0	3726	0	348	0	2814	0	0	0	2308	0	0	0	0	0	0	0	0	0	0	0	0	0	0	0	0	0	0	0	0	0	0	0	0	0	0	0	
141164	Postcentral_R	432	10936	164	586	0	0	0	754	0	0	0	674	0	0	0	0	0	5888	116	1922	0	0	0	0	0	0	0	0	0	1488	0	0	0	1106	0	204	0	372	0	162	0	0	0	1464	0	626	0	238	0	3014	0	454	0	250	0	274	748	0	0	5254	0	4392	0	10614	0	1408	0	4946	122	6074	232	0	0	560	858	0	0	94	0	664	0	2250	0	0	0	680	0	0	0	562	0	0	0	0	0	0	0	0	0	0	0	0	0	0	0	0	0	0	0	0	0	0	0	0	0	0	
147352	Parietal_Sup_L	358	0	96	0	0	0	0	0	0	0	108	0	0	0	0	0	128	0	0	340	0	0	0	0	0	0	0	0	212	0	0	0	0	0	0	0	0	0	0	0	0	0	1552	0	5926	0	332	0	9992	0	10886	0	148	0	0	0	8412	0	0	330	14688	0	0	0	6238	0	10624	1594	878	0	0	0	220	0	0	0	0	0	0	0	0	0	0	0	242	0	0	0	372	0	0	0	0	0	0	0	0	0	0	0	0	0	0	0	0	0	0	0	0	0	0	0	0	0	0	0	
113916	Parietal_Sup_R	0	0	0	0	0	0	0	0	0	0	0	0	0	0	0	0	0	0	0	188	0	0	0	0	0	0	0	0	0	112	0	0	82	824	234	126	0	0	0	0	0	0	104	630	702	2638	0	142	300	8272	0	2936	0	0	0	0	0	5254	330	0	0	7580	0	874	0	8982	2938	12150	0	802	0	0	0	0	84	0	0	0	0	0	0	358	0	0	0	152	0	0	0	164	0	0	0	0	0	0	0	0	0	0	0	0	0	0	0	0	0	0	0	0	0	0	0	0	0	0	
182488	Parietal_Inf_L	1790	108	1212	130	0	0	0	0	0	0	180	0	0	0	0	0	686	0	0	524	0	0	0	0	0	0	0	0	606	0	0	0	0	0	0	0	0	0	0	0	0	0	536	0	784	0	0	0	2064	0	12590	0	0	0	0	0	19370	0	14688	0	0	0	7566	0	18870	0	3066	0	1302	0	0	0	394	0	0	0	0	0	148	0	416	0	0	0	2470	0	0	0	1744	0	0	0	0	0	0	0	0	0	0	0	0	0	0	0	0	0	0	0	0	0	0	0	0	0	0	0	
179964	Parietal_Inf_R	0	924	0	82	0	0	0	0	0	0	0	0	0	0	0	0	0	426	0	816	0	0	0	0	0	0	0	0	0	1248	0	0	0	174	0	392	0	1664	0	572	0	0	0	1680	0	430	0	306	0	4882	0	10324	0	104	0	716	154	4392	0	7580	0	0	0	11380	0	27552	0	2242	0	574	0	0	0	158	392	0	0	152	0	304	0	2726	0	0	0	3968	0	0	0	3668	0	0	0	0	0	0	0	0	0	0	0	0	0	0	0	0	0	0	0	0	0	0	0	0	0	0	
85948	SupraMarginal_L	504	0	1532	0	0	0	0	0	0	0	0	0	0	0	0	0	2544	0	0	0	0	0	0	0	0	0	0	0	756	0	0	0	0	0	0	0	0	0	0	0	0	0	82	0	0	0	0	0	0	0	476	0	0	0	0	0	10932	0	0	0	7566	0	0	0	3432	0	198	0	0	0	0	0	0	0	0	0	0	0	508	0	6152	0	0	0	6076	0	0	0	2216	0	0	0	0	0	0	0	0	0	0	0	0	0	0	0	0	0	0	0	0	0	0	0	0	0	0	0	
123128	SupraMarginal_R	236	1922	124	240	0	0	0	0	0	0	0	0	0	0	0	0	0	3198	0	684	0	0	0	0	0	0	0	0	0	978	0	0	0	0	0	142	0	1020	0	0	0	0	0	778	0	184	0	126	0	1106	0	3070	0	0	0	644	216	10614	0	874	0	11380	0	0	0	7680	0	1766	94	280	0	0	0	426	608	0	0	268	0	242	0	6280	0	0	0	4748	0	0	0	1636	0	0	0	0	0	0	0	0	0	0	0	0	0	0	0	0	0	0	0	0	0	0	0	0	0	0	
148660	Angular_L	826	0	346	94	0	0	0	0	0	0	178	0	0	0	0	0	880	0	0	478	0	0	0	0	0	0	0	0	832	0	0	0	150	0	106	0	0	0	0	0	0	0	1908	0	494	0	130	0	1194	0	21260	0	0	0	0	0	4032	0	6238	0	18870	0	3432	0	0	0	2570	0	1662	0	0	0	256	0	0	0	0	0	180	0	596	0	0	0	5696	0	0	0	1922	0	0	0	0	0	0	0	0	0	0	0	0	0	0	0	0	0	0	0	0	0	0	0	0	0	0	0	
215088	Angular_R	0	824	0	0	0	0	0	0	0	0	0	0	0	0	0	0	0	326	0	870	0	0	0	0	0	0	0	0	0	1036	0	0	0	386	0	384	0	1708	0	568	0	0	0	2058	0	590	0	304	0	7756	0	21112	0	232	0	742	0	1408	0	8982	0	27552	0	7680	0	0	0	2244	0	1120	0	0	0	116	150	0	0	116	0	278	0	4702	0	0	0	10192	0	0	0	4108	0	0	0	0	0	0	0	0	0	0	0	0	0	0	0	0	0	0	0	0	0	0	0	0	0	0	
393332	Precuneus_L	1590	106	602	138	0	0	0	0	0	0	202	0	0	0	0	0	768	0	0	1156	0	0	0	0	0	0	0	0	1548	0	0	0	3988	2938	8580	2882	4462	118	2804	0	0	0	25208	2664	18372	6160	8038	422	15882	2658	23816	1048	680	0	3144	0	4026	0	10624	2938	3066	0	198	0	2570	0	0	18188	3828	756	0	0	0	0	88	0	316	130	438	0	220	0	0	0	6442	162	0	0	2606	96	0	0	0	0	0	0	0	0	0	0	0	0	0	0	0	0	0	0	0	0	0	0	0	0	0	0	
479840	Precuneus_R	156	1238	0	572	0	0	0	0	0	0	0	0	0	0	0	0	0	328	0	4346	0	0	0	0	0	0	0	0	0	908	0	0	1382	12524	2652	9904	232	6182	210	2686	0	0	1378	35004	4484	24228	390	12796	1358	19832	148	12084	0	4632	94	5724	0	4946	1594	12150	0	2242	0	1766	0	2244	18188	0	216	8150	0	0	0	212	246	0	220	1042	0	298	0	1722	0	0	0	9346	0	0	0	8094	0	0	0	0	0	0	0	1196	82	0	0	0	0	0	0	0	0	0	0	0	410	84	0	0	0	0	
148164	Paracentral_Lobule_L	19194	1834	5062	1822	0	0	288	118	0	0	94	0	0	0	0	0	220	0	5794	3540	0	0	0	0	0	0	0	0	532	0	0	0	4488	846	3628	524	268	0	0	0	0	0	1402	0	528	0	158	0	522	0	4360	0	0	0	330	0	2410	122	878	0	1302	0	0	94	1662	0	3828	216	0	1020	508	586	0	0	210	0	2672	538	0	0	0	0	0	0	1548	0	0	0	936	0	0	0	0	0	0	0	0	0	0	0	0	0	0	0	0	0	0	0	0	0	0	0	0	0	0	0	
177816	Paracentral_Lobule_R	496	2998	138	398	0	0	0	0	0	0	0	0	0	0	0	0	0	0	1402	22584	0	0	0	0	0	0	0	0	0	454	0	0	1792	11728	1000	8454	0	1930	0	584	0	0	0	2258	0	956	0	498	0	1712	0	1170	0	238	0	1538	0	6074	0	802	0	574	0	280	0	1120	756	8150	1020	0	0	128	0	98	0	0	0	722	0	0	0	780	0	0	0	2876	0	0	0	3200	0	0	0	0	0	0	0	0	0	0	0	0	0	0	0	0	0	0	0	0	0	0	0	0	0	0	
315960	Caudate_L	1866	642	15204	6418	3638	2332	420	6120	686	0	108	1058	206	436	1954	0	206	140	8410	4376	12296	12144	1742	0	514	814	2930	2852	2022	504	10414	5804	358	254	276	0	940	134	408	0	350	0	0	0	0	0	0	0	0	0	0	0	0	0	518	0	1006	232	0	0	0	0	0	0	0	0	0	0	508	0	0	9718	22080	2480	4930	276	6050	834	0	0	0	0	256	0	0	0	0	0	116	0	0	0	0	0	0	0	0	0	0	0	0	0	0	0	0	0	0	0	0	0	0	0	0	0	0	0	
355088	Caudate_R	2626	5064	1072	27938	278	6484	0	1962	0	220	0	528	0	1400	102	1848	0	302	1382	23158	5366	8692	644	4206	0	5058	244	2222	86	4426	3046	15072	134	2858	276	130	0	178	0	0	0	0	0	0	0	0	0	0	0	0	0	0	0	0	0	0	424	0	0	0	0	0	0	0	0	0	0	0	586	128	9718	0	5630	16586	1996	2498	720	12158	0	0	0	0	0	98	0	0	0	0	0	0	0	0	0	0	0	0	0	0	0	0	0	0	0	0	0	0	0	0	0	0	0	0	0	0	0	0	
331684	Putamen_L	1776	118	22160	272	7278	1794	988	258	2784	0	1258	0	854	0	5408	0	280	0	12572	224	8138	8376	2898	0	202	370	1414	2054	15896	0	8924	3552	0	0	0	0	6816	0	1536	0	1186	0	0	0	0	0	0	0	0	0	0	0	0	0	2634	0	878	0	220	0	394	0	0	0	256	0	0	0	0	0	22080	5630	0	1570	6876	84	1334	180	0	0	744	0	1566	0	162	0	138	0	1628	0	0	0	0	0	0	0	0	0	82	0	0	0	0	0	0	0	0	0	0	0	0	0	0	0	0	0	
334876	Putamen_R	188	1026	328	16992	98	8258	0	3348	0	1396	0	4562	0	874	90	2316	0	5266	788	15102	1248	2460	256	3294	0	3426	140	1028	0	25008	870	6360	0	1110	0	0	256	10196	326	5948	0	1772	0	0	0	0	0	224	0	0	0	0	0	360	0	5680	514	560	0	0	0	158	0	426	0	116	0	212	0	98	2480	16586	1570	0	850	3196	0	1540	0	388	0	3110	0	2004	0	1176	0	92	0	1200	0	0	0	0	0	0	0	348	0	220	0	0	0	0	0	0	0	0	0	0	0	0	0	0	0	0	
67472	Pallidum_L	650	1096	5334	284	0	0	436	174	0	0	130	0	138	0	138	0	0	256	470	504	1124	1970	84	0	0	0	0	0	178	0	566	176	0	0	0	0	394	0	0	0	0	0	0	0	0	0	0	0	0	0	0	0	0	0	0	0	88	858	0	84	0	392	0	608	0	150	88	246	210	0	4930	1996	6876	850	0	106	2058	0	0	0	0	94	0	0	0	0	0	0	0	0	0	0	0	0	0	0	0	0	0	0	0	0	0	0	0	0	0	0	0	0	0	0	0	0	0	0	
24224	Pallidum_R	166	472	88	1626	0	0	0	554	0	0	0	144	0	0	0	0	0	98	0	1618	0	212	0	0	0	0	0	0	0	82	0	0	0	0	0	0	0	324	0	134	0	0	0	0	0	0	0	0	0	0	0	0	0	0	0	0	192	0	0	0	0	0	0	0	0	0	0	0	0	0	276	2498	84	3196	106	0	0	242	0	0	0	0	0	0	0	0	0	0	0	0	0	0	0	0	0	0	0	0	0	0	0	0	0	0	0	0	0	0	0	0	0	0	0	0	0	0	
175864	Thalamus_L	23158	2218	4518	1674	0	0	1082	0	0	0	0	0	0	0	0	0	210	0	1946	264	0	0	0	0	0	0	0	0	888	0	112	0	948	0	6056	3710	6192	800	2530	0	0	0	0	0	0	0	1544	0	0	0	108	0	0	0	1158	0	1128	0	0	0	0	0	0	0	0	0	316	220	2672	0	6050	720	1334	0	2058	0	0	12122	834	0	248	0	0	0	148	0	0	0	458	0	0	0	0	0	0	0	0	0	0	0	0	0	0	0	0	0	0	0	0	508	0	0	0	0	0	0	
262964	Thalamus_R	6124	13798	270	26758	0	0	0	892	0	0	0	454	0	0	0	0	82	180	476	9056	198	224	0	0	0	0	0	0	430	596	0	0	186	88	6078	6600	4890	8390	1494	2382	0	0	0	268	0	0	622	1664	0	0	0	0	0	86	648	2672	432	94	0	0	0	152	0	268	0	116	130	1042	538	722	834	12158	180	1540	0	242	12122	0	726	0	212	502	0	0	166	932	0	0	254	1960	0	0	0	0	0	0	0	418	0	0	0	0	0	0	0	0	0	0	0	136	0	0	0	0	0	0	
93752	Heschl_L	3078	164	1458	172	0	0	88	0	0	0	1154	0	0	0	0	0	6362	0	430	236	0	0	0	0	0	0	0	0	9230	0	86	0	0	0	856	664	1698	396	0	0	0	0	502	0	228	0	0	0	274	0	1198	0	0	0	1148	0	2388	0	0	0	148	0	508	0	180	0	438	0	0	0	0	0	0	0	0	0	834	726	0	0	4718	0	146	0	3610	0	0	0	3758	0	0	0	0	0	0	0	0	0	0	0	0	0	0	0	0	0	0	0	0	0	0	0	0	0	0	0	
38728	Heschl_R	0	1096	0	290	0	0	0	0	0	0	0	630	0	0	0	0	0	4754	0	356	0	0	0	0	0	0	0	0	0	3654	0	0	0	0	0	0	0	658	0	184	0	0	0	0	0	0	0	0	0	0	0	0	0	0	0	160	0	664	0	0	0	304	0	242	0	278	0	298	0	0	0	0	0	388	0	0	0	0	0	0	0	4008	0	0	0	948	0	0	0	452	0	0	0	0	0	0	0	0	0	0	0	0	0	0	0	0	0	0	0	0	0	0	0	0	0	0	
205460	Temporal_Sup_L	2122	0	3090	0	0	0	192	0	0	0	1346	0	250	0	0	0	7704	0	1462	0	0	0	124	0	0	0	0	0	10338	0	160	0	0	0	226	182	2514	100	734	0	0	0	0	0	0	0	0	0	0	0	368	0	0	0	3534	0	3726	0	0	0	416	0	6152	0	596	0	220	0	0	0	0	0	744	0	0	0	248	212	4718	0	0	0	7620	0	27166	0	3312	0	12520	0	136	0	0	0	0	0	188	0	310	0	0	0	0	0	0	0	0	0	0	0	0	0	0	0	0	0	
147928	Temporal_Sup_R	0	1732	0	352	0	0	0	0	0	0	0	186	0	0	0	0	0	2796	0	810	0	0	0	0	0	0	0	0	0	9630	0	0	0	186	0	162	0	2688	0	610	0	0	0	392	0	0	0	214	0	300	0	1072	0	148	0	2262	0	2250	0	358	0	2726	0	6280	0	4702	0	1722	0	780	0	0	0	3110	94	0	0	502	0	4008	0	0	0	3054	0	15716	0	2070	0	3052	0	0	0	0	0	0	0	0	0	0	0	0	0	0	0	0	0	0	0	0	0	0	0	0	0	0	
121356	Temporal_Pole_Sup_L	886	0	1606	0	806	0	0	0	168	0	1766	0	152	0	2278	0	2384	0	1056	0	1316	86	0	0	0	0	162	0	7148	0	0	0	0	0	0	0	2678	0	470	0	976	0	0	0	0	0	0	0	0	0	0	0	0	0	2878	0	348	0	0	0	0	0	0	0	0	0	0	0	0	0	256	0	1566	0	0	0	0	0	146	0	7620	0	0	0	8708	0	9038	0	6078	0	0	0	0	0	0	0	0	0	102	0	0	0	0	0	0	0	0	0	0	0	0	0	0	0	0	0	
71952	Temporal_Pole_Sup_R	0	0	0	408	0	0	0	0	0	0	0	496	0	0	0	288	0	1122	0	348	0	202	0	0	0	0	0	98	0	3948	0	0	0	0	0	0	0	1800	0	2544	0	2860	0	0	0	0	0	0	0	0	0	0	0	0	0	5322	0	0	0	0	0	0	0	0	0	0	0	0	0	0	0	98	0	2004	0	0	0	0	0	0	0	3054	0	0	0	2056	0	5698	0	3630	0	0	0	0	0	0	0	0	0	0	0	0	0	0	0	0	0	0	0	0	0	0	0	0	0	0	
295584	Temporal_Mid_L	2958	0	994	0	0	0	0	0	0	0	158	0	0	0	0	0	2896	0	326	0	0	0	0	0	0	0	0	0	5076	0	0	0	0	0	224	148	1098	0	138	0	0	0	3786	0	962	0	108	0	784	0	16778	0	958	0	2588	0	2814	0	242	0	2470	0	6076	0	5696	0	6442	0	1548	0	0	0	162	0	0	0	148	166	3610	0	27166	0	8708	0	0	0	7488	0	35076	0	0	0	0	0	0	0	0	0	0	0	0	0	0	0	0	0	0	0	0	0	0	0	0	0	0	0	
287276	Temporal_Mid_R	0	2966	0	0	0	0	0	0	0	0	0	0	0	0	0	0	0	136	0	2578	0	0	0	0	0	0	0	0	0	3284	0	0	0	1330	0	446	0	4406	0	1112	0	134	0	11314	0	2774	0	2360	0	2076	0	15006	0	5012	0	6796	0	680	0	152	0	3968	0	4748	0	10192	162	9346	0	2876	0	0	0	1176	0	0	0	932	0	948	0	15716	0	2056	0	0	0	3122	0	25284	0	96	0	0	0	0	0	128	0	326	0	0	0	0	0	0	0	0	0	0	0	0	0	0	0	0	
62412	Temporal_Pole_Mid_L	0	0	126	0	0	0	0	0	0	0	0	0	0	0	0	0	162	0	114	0	118	0	0	0	0	0	0	0	950	0	0	0	0	0	0	0	966	0	176	0	554	0	0	0	0	0	0	0	0	0	0	0	0	0	2194	0	0	0	0	0	0	0	0	0	0	0	0	0	0	0	0	0	138	0	0	0	0	0	0	0	3312	0	9038	0	7488	0	0	0	5870	0	0	0	0	0	0	0	0	0	0	0	0	0	0	0	0	0	0	0	0	0	0	0	0	0	0	0	
38952	Temporal_Pole_Mid_R	0	0	0	0	0	0	0	0	0	0	0	0	0	0	0	0	0	0	0	0	0	0	0	0	0	0	0	0	0	620	0	0	0	0	0	0	0	442	0	1190	0	642	0	0	0	0	0	0	0	0	0	0	0	0	0	2416	0	0	0	0	0	0	0	0	0	0	0	0	0	0	0	0	0	92	0	0	0	0	0	0	0	2070	0	5698	0	3122	0	0	0	3184	0	0	0	0	0	0	0	0	0	0	0	0	0	0	0	0	0	0	0	0	0	0	0	0	0	0	
319132	Temporal_Inf_L	2822	0	1904	0	0	0	0	0	0	0	420	0	0	0	90	0	4232	0	1212	0	166	0	136	0	0	0	0	0	11012	0	178	0	0	0	390	218	11602	120	2560	0	2236	0	1524	0	678	0	738	0	582	0	6788	0	3050	0	24400	0	2308	0	372	0	1744	0	2216	0	1922	0	2606	0	936	0	116	0	1628	0	0	0	458	254	3758	0	12520	0	6078	0	35076	0	5870	0	0	0	2168	0	706	0	0	0	480	0	1106	0	186	0	0	0	0	0	0	0	0	0	0	0	0	0	0	0	
282672	Temporal_Inf_R	0	4142	0	232	0	0	0	0	0	0	0	0	0	0	0	0	0	384	0	3166	0	0	0	0	0	0	0	0	0	2604	0	0	0	968	0	1186	0	13368	0	4868	0	1520	0	8514	0	1982	0	3390	0	1770	0	3082	0	8842	0	19674	0	562	0	164	0	3668	0	1636	0	4108	96	8094	0	3200	0	0	0	1200	0	0	0	1960	0	452	0	3052	0	3630	0	25284	0	3184	0	0	0	450	0	0	0	0	0	264	0	640	0	0	0	0	0	0	0	0	0	0	0	0	0	0	0	0	
453904	Cerebelum_Crus1_L	0	0	0	0	0	0	0	0	0	0	0	0	0	0	0	0	0	0	0	0	0	0	0	0	0	0	0	0	0	0	0	0	0	0	0	0	480	0	556	0	0	0	98	776	0	0	6290	5832	0	0	144	0	462	834	15258	2506	0	0	0	0	0	0	0	0	0	0	0	0	0	0	0	0	0	0	0	0	0	0	0	0	136	0	0	0	0	0	0	0	2168	0	0	5438	27620	5094	1250	308	21182	660	51140	7556	14142	700	13958	3786	2624	1530	630	244	1290	1786	7276	8282	10398	2050	2044	424	
452436	Cerebelum_Crus1_R	0	0	0	0	0	0	0	0	0	0	0	0	0	0	0	0	0	0	0	0	0	0	0	0	0	0	0	0	0	0	0	0	0	0	0	0	0	306	0	412	0	0	0	190	0	0	208	3150	0	0	0	0	0	828	222	9190	0	0	0	0	0	0	0	0	0	0	0	0	0	0	0	0	0	0	0	0	0	0	0	0	0	0	0	0	0	96	0	0	0	450	5438	0	2928	29454	436	4586	4422	14670	4288	51022	1574	8408	2476	18724	1278	7440	292	2784	882	4856	9634	4898	14160	8148	8106	262	
356556	Cerebelum_Crus2_L	0	0	0	0	0	0	0	0	0	0	0	0	0	0	0	0	0	0	0	0	0	0	0	0	0	0	0	0	0	0	0	0	0	0	0	0	114	0	0	0	0	0	0	0	0	0	472	886	0	0	0	0	0	242	1600	584	0	0	0	0	0	0	0	0	0	0	0	0	0	0	0	0	0	0	0	0	0	0	0	0	0	0	0	0	0	0	0	0	706	0	27620	2928	0	11074	234	546	2646	222	5390	2538	41216	3136	33214	9944	8638	1546	284	348	270	882	1458	1196	12920	3638	1692	94	
368696	Cerebelum_Crus2_R	0	0	0	0	0	0	0	0	0	0	0	0	0	0	0	0	0	0	0	0	0	0	0	0	0	0	0	0	0	0	0	0	0	0	0	0	0	0	0	0	0	0	0	238	0	0	114	1032	0	0	0	0	0	270	226	1182	0	0	0	0	0	0	0	0	0	0	0	0	0	0	0	0	0	0	0	0	0	0	0	0	0	0	0	0	0	0	0	0	0	0	5094	29454	11074	0	198	754	2260	1086	2668	9296	6902	28780	6816	39994	1308	9670	158	686	414	1134	1806	1606	13446	3784	2712	186	
64200	Cerebelum_3_L	0	0	0	0	0	0	0	0	0	0	0	0	0	0	0	0	0	0	0	0	0	0	0	0	0	0	0	0	0	0	0	0	0	0	0	0	0	0	280	0	0	0	0	0	0	0	0	742	0	0	0	0	0	0	294	0	0	0	0	0	0	0	0	0	0	0	0	0	0	0	0	0	0	0	0	0	0	0	0	0	0	0	0	0	0	0	0	0	0	0	1250	436	234	198	0	774	10084	208	2836	498	136	0	318	208	748	808	0	0	1244	5784	2250	458	558	680	774	300	
99340	Cerebelum_3_R	0	0	0	0	0	0	0	0	0	0	0	0	0	0	0	0	0	0	0	0	0	0	0	0	0	0	0	0	0	0	0	0	0	0	0	0	0	98	112	128	0	0	0	0	0	0	0	326	0	0	0	0	0	0	0	730	0	0	0	0	0	0	0	0	0	0	0	0	0	0	0	0	0	0	0	0	0	0	0	0	0	0	0	0	0	0	0	0	0	0	308	4586	546	754	774	0	2006	4276	752	7192	272	0	492	1080	0	3594	0	0	578	9034	2196	882	2742	2732	3368	112	
401892	Cerebelum_4_5_L	0	0	0	0	0	0	0	0	0	0	0	0	0	0	0	0	0	0	0	0	0	0	0	0	0	0	0	0	212	0	0	0	0	0	0	0	1092	0	1152	0	0	0	266	144	0	0	10506	5014	0	0	464	0	424	108	15490	706	0	0	0	0	0	0	0	0	0	0	0	0	0	0	0	0	0	0	0	0	0	0	0	0	188	0	0	0	0	0	0	0	480	0	21182	4422	2646	2260	10084	2006	0	2208	41220	5640	1718	106	3840	2582	4148	4114	372	104	3734	8636	24760	3140	4202	4392	5166	2018	
214004	Cerebelum_4_5_R	0	0	0	156	0	0	0	0	0	0	0	0	0	0	0	0	0	0	0	0	0	0	0	0	0	0	0	0	0	100	0	0	0	0	0	424	0	3100	0	3748	0	146	0	1358	0	0	280	8222	0	0	0	0	0	602	140	12402	0	0	0	0	0	0	0	0	0	0	0	1196	0	0	0	0	0	348	0	0	0	418	0	0	0	0	0	0	0	128	0	0	0	264	660	14670	222	1086	208	4276	2208	0	1516	26610	150	242	248	1476	154	634	0	0	0	2864	13526	962	766	644	758	90	
514016	Cerebelum_6_L	0	0	0	0	0	0	0	0	0	0	0	0	0	0	0	0	0	0	0	0	0	0	0	0	0	0	0	0	356	0	0	0	0	0	0	0	1384	0	874	0	0	0	756	2574	0	110	14512	10814	0	0	516	0	512	950	25078	3096	0	0	0	0	0	0	0	0	0	0	0	82	0	0	0	0	82	0	0	0	0	0	0	0	310	0	102	0	0	0	0	0	1106	0	51140	4288	5390	2668	2836	752	41220	1516	0	8044	5060	112	5438	1904	2990	3968	958	112	2684	4010	17616	14598	6144	4062	4430	1854	
485704	Cerebelum_6_R	0	0	0	0	0	0	0	0	0	0	0	0	0	0	0	0	0	0	0	0	0	0	0	0	0	0	0	0	0	0	0	0	0	0	0	0	0	976	0	1040	0	0	0	570	0	0	404	9996	0	0	0	0	0	3446	338	19334	0	0	0	0	0	0	0	0	0	0	0	0	0	0	0	0	0	220	0	0	0	0	0	0	0	0	0	0	0	326	0	0	0	640	7556	51022	2538	9296	498	7192	5640	26610	8044	0	1042	1226	1670	7152	920	6496	264	2720	1032	6712	16926	11256	13904	7750	7884	212	
296408	Cerebelum_7b_L	0	0	0	0	0	0	0	0	0	0	0	0	0	0	0	0	0	0	0	0	0	0	0	0	0	0	0	0	0	0	0	0	0	0	0	0	0	0	0	0	0	0	0	0	0	0	86	0	0	0	0	0	0	0	950	0	0	0	0	0	0	0	0	0	0	0	0	0	0	0	0	0	0	0	0	0	0	0	0	0	0	0	0	0	0	0	0	0	186	0	14142	1574	41216	6902	136	272	1718	150	5060	1042	0	3058	37742	7038	9708	912	780	156	242	496	1008	190	7598	4818	1024	0	
180200	Cerebelum_7b_R	0	0	0	0	0	0	0	0	0	0	0	0	0	0	0	0	0	0	0	0	0	0	0	0	0	0	0	0	0	0	0	0	0	0	0	0	0	0	0	0	0	0	0	0	0	0	0	0	0	0	0	0	0	0	0	144	0	0	0	0	0	0	0	0	0	0	0	0	0	0	0	0	0	0	0	0	0	0	0	0	0	0	0	0	0	0	0	0	0	0	700	8408	3136	28780	0	0	106	242	112	1226	3058	0	1812	27496	440	8300	0	0	0	0	134	94	2574	2916	422	0	
344036	Cerebelum_8_L	0	0	0	0	0	0	0	0	0	0	0	0	0	0	0	0	0	0	0	0	0	0	0	0	0	0	0	0	0	0	0	0	0	0	0	0	102	0	84	0	0	0	0	0	0	0	92	210	0	0	0	0	0	0	1080	0	0	0	0	0	0	0	0	0	0	0	0	0	0	0	0	0	0	0	0	0	0	0	0	0	0	0	0	0	0	0	0	0	0	0	13958	2476	33214	6816	318	492	3840	248	5438	1670	37742	1812	0	8558	22940	3486	970	254	418	1008	2424	450	8836	8474	4286	322	
370488	Cerebelum_8_R	0	0	0	0	0	0	0	0	0	0	0	0	0	0	0	0	0	0	0	0	0	0	0	0	0	0	0	0	0	0	0	0	0	0	0	0	0	0	0	0	0	0	0	0	0	0	0	316	0	0	0	0	0	98	188	668	0	0	0	0	0	0	0	0	0	0	0	0	0	0	0	0	0	0	0	0	0	0	0	0	0	0	0	0	0	0	0	0	0	0	3786	18724	9944	39994	208	1080	2582	1476	1904	7152	7038	27496	8558	0	1818	21766	112	1018	438	1432	2508	926	11410	7740	4370	494	
164032	Cerebelum_9_L	0	0	0	0	0	0	0	0	0	0	0	0	0	0	0	0	0	0	0	0	0	0	0	0	0	0	0	0	0	0	0	0	0	0	0	0	0	0	0	0	0	0	0	0	0	0	0	510	0	0	0	0	0	0	186	0	0	0	0	0	0	0	0	0	0	0	0	0	0	0	0	0	0	0	0	0	0	0	0	0	0	0	0	0	0	0	0	0	0	0	2624	1278	8638	1308	748	0	4148	154	2990	920	9708	440	22940	1818	0	4182	1990	0	142	302	2476	1960	2322	4174	3940	2118	
276444	Cerebelum_9_R	0	0	0	0	0	0	0	0	0	0	0	0	0	0	0	0	0	0	0	0	0	0	0	0	0	0	0	0	0	0	0	0	0	0	0	0	0	0	0	0	0	0	0	0	0	0	90	426	0	0	0	0	0	96	186	394	0	0	0	0	0	0	0	0	0	0	0	0	0	0	0	0	0	0	0	0	0	0	0	0	0	0	0	0	0	0	0	0	0	0	1530	7440	1546	9670	808	3594	4114	634	3968	6496	912	8300	3486	21766	4182	0	128	2398	1570	5152	4248	5294	8482	13208	14404	3700	
16492	Cerebelum_10_L	0	0	0	0	0	0	0	0	0	0	0	0	0	0	0	0	0	0	0	0	0	0	0	0	0	0	0	0	0	0	0	0	0	0	0	0	0	0	0	0	0	0	0	0	0	0	0	0	0	0	0	0	0	0	0	0	0	0	0	0	0	0	0	0	0	0	0	0	0	0	0	0	0	0	0	0	0	0	0	0	0	0	0	0	0	0	0	0	0	0	630	292	284	158	0	0	372	0	958	264	780	0	970	112	1990	128	0	0	0	0	254	154	406	162	180	152	
36708	Cerebelum_10_R	0	0	0	0	0	0	0	0	0	0	0	0	0	0	0	0	0	0	0	0	0	0	0	0	0	0	0	0	0	0	0	0	0	0	0	0	0	0	0	0	0	0	0	0	0	0	0	146	0	0	0	0	0	0	0	170	0	0	0	0	0	0	0	0	0	0	0	0	0	0	0	0	0	0	0	0	0	0	0	0	0	0	0	0	0	0	0	0	0	0	244	2784	348	686	0	0	104	0	112	2720	156	0	254	1018	0	2398	0	0	0	0	0	482	2502	2174	2056	0	
62564	Vermis_1_2	0	0	0	0	0	0	0	0	0	0	0	0	0	0	0	0	0	0	0	0	0	0	0	0	0	0	0	0	0	0	0	0	0	0	0	0	0	0	0	0	0	0	0	0	0	0	0	188	0	0	0	0	0	0	186	124	0	0	0	0	0	0	0	0	0	0	0	0	0	0	0	0	0	0	0	0	0	0	0	0	0	0	0	0	0	0	0	0	0	0	1290	882	270	414	1244	578	3734	0	2684	1032	242	0	418	438	142	1570	0	0	0	7456	3628	318	1282	1414	1568	180	
