data	data	576912	356048	983508	677348	147712	161580	465592	201228	99588	74412	232420	171392	258076	191068	157972	87468	200560	92448	766828	759668	90644	71680	461952	440504	30908	127816	74268	74980	588680	325948	477404	639228	205128	466708	216816	253544	162292	206336	50076	103244	34244	52944	244424	278848	202592	328296	265436	313184	195460	307568	457404	233336	103960	81948	413964	386568	302220	225532	158104	170848	289780	138816	124888	136544	142984	138156	293116	408588	393156	272344	413804	381216	302136	181204	51504	17804	148504	211600	91544	57828	171444	161540	65576	33468	350548	179392	22344	9784	206504	250376	594200	507512	420796	316744	49244	50528	300968	235168	487076	485188	313416	190464	373228	360888	204768	224892	24636	14684	36440	60660	256460	273996	293508	190908	166328	43704	
data	data	Precentral_L	Precentral_R	Frontal_Sup_L	Frontal_Sup_R	Frontal_Sup_Orb_L	Frontal_Sup_Orb_R	Frontal_Mid_L	Frontal_Mid_R	Frontal_Mid_Orb_L	Frontal_Mid_Orb_R	Frontal_Inf_Oper_L	Frontal_Inf_Oper_R	Frontal_Inf_Tri_L	Frontal_Inf_Tri_R	Frontal_Inf_Orb_L	Frontal_Inf_Orb_R	Rolandic_Oper_L	Rolandic_Oper_R	Supp_Motor_Area_L	Supp_Motor_Area_R	Olfactory_L	Olfactory_R	Frontal_Sup_Medial_L	Frontal_Sup_Medial_R	Frontal_Med_Orb_L	Frontal_Med_Orb_R	Rectus_L	Rectus_R	Insula_L	Insula_R	Cingulum_Ant_L	Cingulum_Ant_R	Cingulum_Mid_L	Cingulum_Mid_R	Cingulum_Post_L	Cingulum_Post_R	Hippocampus_L	Hippocampus_R	ParaHippocampal_L	ParaHippocampal_R	Amygdala_L	Amygdala_R	Calcarine_L	Calcarine_R	Cuneus_L	Cuneus_R	Lingual_L	Lingual_R	Occipital_Sup_L	Occipital_Sup_R	Occipital_Mid_L	Occipital_Mid_R	Occipital_Inf_L	Occipital_Inf_R	Fusiform_L	Fusiform_R	Postcentral_L	Postcentral_R	Parietal_Sup_L	Parietal_Sup_R	Parietal_Inf_L	Parietal_Inf_R	SupraMarginal_L	SupraMarginal_R	Angular_L	Angular_R	Precuneus_L	Precuneus_R	Paracentral_Lobule_L	Paracentral_Lobule_R	Caudate_L	Caudate_R	Putamen_L	Putamen_R	Pallidum_L	Pallidum_R	Thalamus_L	Thalamus_R	Heschl_L	Heschl_R	Temporal_Sup_L	Temporal_Sup_R	Temporal_Pole_Sup_L	Temporal_Pole_Sup_R	Temporal_Mid_L	Temporal_Mid_R	Temporal_Pole_Mid_L	Temporal_Pole_Mid_R	Temporal_Inf_L	Temporal_Inf_R	Cerebelum_Crus1_L	Cerebelum_Crus1_R	Cerebelum_Crus2_L	Cerebelum_Crus2_R	Cerebelum_3_L	Cerebelum_3_R	Cerebelum_4_5_L	Cerebelum_4_5_R	Cerebelum_6_L	Cerebelum_6_R	Cerebelum_7b_L	Cerebelum_7b_R	Cerebelum_8_L	Cerebelum_8_R	Cerebelum_9_L	Cerebelum_9_R	Cerebelum_10_L	Cerebelum_10_R	Vermis_1_2	Vermis_3	Vermis_4_5	Vermis_6	Vermis_7	Vermis_8	Vermis_9	Vermis_10	
576912	Precentral_L	0	9462	24396	4200	0	0	14780	250	0	0	12652	630	3238	164	0	0	10798	270	20028	14774	0	0	2084	114	138	0	0	0	13470	276	7936	1360	392	3290	2020	1596	2820	0	210	0	0	0	0	0	0	0	0	0	0	0	258	0	0	0	146	0	34468	354	0	0	11786	0	2618	0	0	0	0	0	20978	6238	15090	2358	12478	146	2146	0	18130	1920	4870	0	2362	0	402	0	230	0	0	0	130	0	0	0	0	0	0	0	0	0	0	0	0	0	0	0	0	0	0	0	0	0	0	0	0	0	0	0	
356048	Precentral_R	9462	0	1404	8968	0	0	0	12328	0	0	0	8404	0	1930	0	0	416	1244	1768	16408	0	86	0	0	0	0	0	0	866	1162	116	220	542	1800	3874	3530	1508	2878	450	0	0	154	0	0	88	94	154	0	0	0	0	0	0	0	506	310	1046	10378	0	712	236	3460	142	3752	0	814	144	506	6608	16604	2070	19010	144	854	334	372	574	28012	668	252	118	90	0	0	0	86	0	0	0	368	0	0	0	0	0	0	0	0	0	0	0	0	0	0	0	0	0	0	0	0	0	0	0	0	0	0	
983508	Frontal_Sup_L	24396	1404	0	11352	6100	384	57456	1924	2536	0	10578	1896	13532	714	7100	0	5492	494	81278	18912	694	0	56136	6376	2160	0	230	0	38844	578	32244	8868	9300	6582	0	0	658	0	0	0	0	0	0	0	0	0	0	0	0	0	0	0	0	0	0	0	668	168	0	0	0	0	0	0	0	0	0	0	24462	616	22078	3390	18164	180	3864	86	6468	854	826	0	1230	0	482	0	0	0	0	0	0	0	0	0	0	0	0	0	0	0	0	0	0	0	0	0	0	0	0	0	0	0	0	0	0	0	0	0	
677348	Frontal_Sup_R	4200	8968	11352	0	0	10872	1864	29294	0	1978	1094	6340	338	8632	0	2756	762	1798	19290	58160	0	0	9600	43384	0	2720	0	404	1008	10846	1830	36270	2846	20968	0	0	0	110	0	0	0	0	0	0	0	0	0	0	0	0	0	0	0	0	0	0	0	1972	0	0	0	436	0	556	0	0	0	0	3316	1326	7024	16666	1076	4974	0	1452	0	1958	0	0	0	0	234	0	0	0	0	0	0	0	0	0	0	0	0	0	0	0	0	0	0	0	0	0	0	0	0	0	0	0	0	0	0	0	0	0	
147712	Frontal_Sup_Orb_L	0	0	6100	0	0	0	462	0	13702	0	0	0	1294	0	15836	0	0	0	86	0	6978	782	2410	0	3674	0	7564	236	4928	0	6292	506	0	0	0	0	0	0	0	0	0	0	0	0	0	0	0	0	0	0	0	0	0	0	0	0	0	0	0	0	0	0	0	0	0	0	0	0	0	0	1800	602	184	90	0	0	0	0	0	0	0	0	330	0	0	0	0	0	0	0	0	0	0	0	0	0	0	0	0	0	0	0	0	0	0	0	0	0	0	0	0	0	0	0	0	0	
161580	Frontal_Sup_Orb_R	0	0	384	10872	0	0	162	960	0	8150	0	92	0	1198	0	7430	0	0	196	252	0	1128	1252	12650	0	10550	0	5506	0	2346	238	11548	260	2052	0	0	0	0	0	0	0	0	0	0	0	0	0	0	0	0	0	0	0	0	0	0	0	0	0	0	0	0	0	0	0	0	0	0	0	0	0	1746	0	1818	0	0	0	0	0	0	0	0	0	0	0	0	0	0	0	0	0	0	0	0	0	0	0	0	0	0	0	0	0	0	0	0	0	0	0	0	0	0	0	0	0	0	
465592	Frontal_Mid_L	14780	0	57456	1864	462	162	0	0	3596	0	14186	0	36732	0	5554	0	1730	0	9832	1744	0	0	25002	3266	0	0	0	0	26706	0	6672	3708	6012	2492	0	0	438	0	0	0	0	0	0	0	0	0	0	0	0	0	0	0	0	0	0	0	386	0	0	0	104	0	0	0	0	0	0	0	1300	0	794	0	2552	0	654	0	3368	112	414	0	718	0	0	0	0	0	0	0	0	0	0	0	0	0	0	0	0	0	0	0	0	0	0	0	0	0	0	0	0	0	0	0	0	0	0	0	
201228	Frontal_Mid_R	250	12328	1924	29294	0	960	0	0	0	1532	0	8300	0	10012	0	1178	0	156	2524	2756	0	0	486	3412	0	88	0	0	570	2744	402	4298	0	1546	82	142	88	150	0	0	0	0	0	0	0	0	0	0	0	0	0	0	0	0	0	0	0	2994	0	254	0	1132	0	1296	0	0	0	114	136	0	1024	1834	182	3032	0	346	0	2964	84	0	0	0	0	0	0	0	0	0	0	0	0	0	0	0	0	0	0	0	0	0	0	0	0	0	0	0	0	0	0	0	0	0	0	0	0	0	
99588	Frontal_Mid_Orb_L	0	0	2536	0	13702	0	3596	0	0	0	0	0	3156	0	17324	0	0	0	0	0	2370	0	142	0	84	0	2892	0	2826	0	548	0	0	0	0	0	0	0	0	0	0	0	0	0	0	0	0	0	0	0	0	0	0	0	0	0	0	0	0	0	0	0	0	0	0	0	0	0	0	0	362	0	0	0	0	0	0	0	0	0	0	0	256	0	0	0	0	0	0	0	0	0	0	0	0	0	0	0	0	0	0	0	0	0	0	0	0	0	0	0	0	0	0	0	0	0	
74412	Frontal_Mid_Orb_R	0	0	0	1978	0	8150	0	1532	0	0	0	0	0	2126	0	8864	0	0	0	0	0	550	0	3054	0	4370	0	972	0	2376	0	2274	0	0	0	0	0	0	0	0	0	0	0	0	0	0	0	0	0	0	0	0	0	0	0	0	0	0	0	0	0	0	0	0	0	0	0	0	0	0	0	500	0	460	0	0	0	0	0	0	0	0	0	0	0	0	0	0	0	0	0	0	0	0	0	0	0	0	0	0	0	0	0	0	0	0	0	0	0	0	0	0	0	0	0	0	
232420	Frontal_Inf_Oper_L	12652	0	10578	1094	0	0	14186	0	0	0	0	432	14870	418	82	0	9406	0	5320	1808	0	0	2278	134	0	0	0	0	17820	0	9280	1592	282	182	0	0	0	0	0	0	0	0	0	0	0	0	0	0	0	0	0	0	0	0	0	0	2186	0	0	0	112	0	0	0	0	0	0	0	612	0	3088	0	2974	0	158	0	1452	0	310	0	534	0	2370	0	0	0	0	0	0	0	0	0	0	0	0	0	0	0	0	0	0	0	0	0	0	0	0	0	0	0	0	0	0	0	0	0	
171392	Frontal_Inf_Oper_R	630	8404	1896	6340	0	92	0	8300	0	0	432	0	0	9846	0	112	550	3188	2426	4594	0	0	240	578	0	138	0	0	878	11260	930	7024	0	798	0	98	0	0	0	0	0	0	0	0	0	0	0	0	0	0	0	0	0	0	0	0	0	1138	0	0	0	212	0	262	0	0	0	100	940	0	4228	4228	556	3000	0	220	0	1854	0	0	0	86	118	0	0	0	0	0	0	0	0	0	0	0	0	0	0	0	0	0	0	0	0	0	0	0	0	0	0	0	0	0	0	0	0	0	
258076	Frontal_Inf_Tri_L	3238	0	13532	338	1294	0	36732	0	3156	0	14870	0	0	0	9022	0	2064	0	2246	438	0	0	3652	290	0	0	0	0	27148	0	3608	538	1886	314	0	0	0	0	0	0	0	0	0	0	0	0	0	0	0	0	0	0	0	0	0	0	208	0	0	0	0	0	0	0	0	0	0	0	162	0	1108	0	2142	0	0	0	0	0	0	0	114	0	938	0	0	0	0	0	0	0	0	0	0	0	0	0	0	0	0	0	0	0	0	0	0	0	0	0	0	0	0	0	0	0	0	0	
191068	Frontal_Inf_Tri_R	164	1930	714	8632	0	1198	0	10012	0	2126	418	9846	0	0	0	4286	492	230	1622	1580	0	0	322	6644	0	384	0	0	648	19708	540	9604	0	2124	0	0	0	0	0	0	0	0	0	0	0	0	0	0	0	0	0	0	0	0	0	0	0	220	0	0	0	0	0	0	0	0	0	0	414	0	1344	3504	300	4932	0	156	0	1314	0	0	0	0	126	0	0	0	0	0	0	0	0	0	0	0	0	0	0	0	0	0	0	0	0	0	0	0	0	0	0	0	0	0	0	0	0	0	
157972	Frontal_Inf_Orb_L	0	0	7100	0	15836	0	5554	0	17324	0	82	0	9022	0	0	0	0	0	0	0	5782	0	886	0	0	0	2138	0	8962	0	3622	0	0	0	0	0	144	0	0	0	184	0	0	0	0	0	0	0	0	0	0	0	0	0	0	0	0	0	0	0	0	0	0	0	0	0	0	0	0	0	724	0	354	0	0	0	0	0	0	0	0	0	1272	0	0	0	0	0	0	0	0	0	0	0	0	0	0	0	0	0	0	0	0	0	0	0	0	0	0	0	0	0	0	0	0	0	
87468	Frontal_Inf_Orb_R	0	0	0	2756	0	7430	0	1178	0	8864	0	112	0	4286	0	0	0	0	0	126	0	208	0	4052	0	4592	0	770	0	4492	0	3588	0	264	0	0	0	0	0	0	0	0	0	0	0	0	0	0	0	0	0	0	0	0	0	0	0	0	0	0	0	0	0	0	0	0	0	0	0	0	0	706	0	310	0	0	0	0	0	0	0	0	0	0	0	0	0	0	0	0	0	0	0	0	0	0	0	0	0	0	0	0	0	0	0	0	0	0	0	0	0	0	0	0	0	0	
200560	Rolandic_Oper_L	10798	416	5492	762	0	0	1730	0	0	0	9406	550	2064	492	0	0	0	0	4024	1676	0	0	614	0	0	0	0	0	15892	0	4324	1142	0	0	864	764	0	0	0	0	0	0	170	0	0	0	0	0	0	0	1318	0	196	0	212	0	10434	0	0	0	1954	0	1904	0	290	0	174	0	448	470	1760	0	778	0	296	0	688	0	6650	0	5620	0	2638	0	2204	0	0	0	1066	0	0	0	0	0	0	0	0	0	0	0	0	0	0	0	0	0	0	0	0	0	0	0	0	0	0	0	
92448	Rolandic_Oper_R	270	1244	494	1798	0	0	0	156	0	0	0	3188	0	230	0	0	0	0	444	1536	0	0	104	180	0	0	0	0	0	10760	140	2176	0	0	0	0	0	0	0	0	0	0	0	0	0	198	0	0	0	198	0	0	0	0	0	118	0	3192	0	748	0	200	0	2828	0	0	0	636	316	0	1192	3022	0	3990	0	0	0	102	0	2264	0	3994	0	0	0	306	0	0	0	200	0	0	0	0	0	0	0	0	0	0	0	0	0	0	0	0	0	0	0	0	0	0	0	0	0	0	
766828	Supp_Motor_Area_L	20028	1768	81278	19290	86	196	9832	2524	0	0	5320	2426	2246	1622	0	0	4024	444	0	53232	0	0	10654	5566	156	158	0	0	16232	1534	17586	10170	10400	23614	200	144	0	0	0	0	0	0	0	0	0	0	0	0	0	0	0	0	0	0	0	0	392	184	0	0	0	0	0	0	0	0	120	0	31622	782	20626	4920	15460	336	3044	86	2386	626	740	0	1136	0	224	0	0	0	0	0	0	0	0	0	0	0	0	0	0	0	0	0	0	0	0	0	0	0	0	0	0	0	0	0	0	0	0	0	
759668	Supp_Motor_Area_R	14774	16408	18912	58160	0	252	1744	2756	0	0	1808	4594	438	1580	0	126	1676	1536	53232	0	0	0	5168	13826	0	156	0	0	2310	2732	1676	17990	7510	42426	4642	4310	300	0	0	0	0	0	0	0	0	0	0	0	0	0	248	0	0	0	616	192	1610	5012	240	0	504	218	310	282	0	0	374	874	21300	26646	10120	19870	1406	3398	0	1170	88	2216	898	0	186	0	552	0	86	0	0	0	234	142	0	0	0	0	0	0	0	0	0	0	0	0	0	0	0	0	0	0	0	0	0	0	0	0	0	0	
90644	Olfactory_L	0	0	694	0	6978	0	0	0	2370	0	0	0	0	0	5782	0	0	0	0	0	0	3132	306	0	368	180	5410	1098	4954	82	4276	1994	0	0	0	0	152	0	368	0	754	0	0	0	0	0	0	0	0	0	0	0	0	0	0	0	0	0	0	0	0	0	0	0	0	0	0	0	0	0	4126	1106	282	150	0	0	0	174	0	0	0	0	586	0	0	0	0	0	0	0	0	0	0	0	0	0	0	0	0	0	0	0	0	0	0	0	0	0	0	0	0	0	0	0	0	0	
71680	Olfactory_R	0	86	0	0	782	1128	0	0	0	550	0	0	0	0	0	208	0	0	0	0	3132	0	0	194	0	2272	3222	4532	0	2006	1960	3812	0	0	0	0	0	714	0	162	0	1180	0	0	0	0	0	0	0	0	0	0	0	0	0	92	0	0	0	0	0	0	0	0	0	0	0	0	0	0	4762	3512	1040	378	0	0	0	0	0	0	0	116	0	0	0	0	0	0	0	0	0	0	0	0	0	0	0	0	0	0	0	0	0	0	0	0	0	0	0	0	0	0	0	0	0	0	
461952	Frontal_Sup_Medial_L	2084	0	56136	9600	2410	1252	25002	486	142	0	2278	240	3652	322	886	0	614	104	10654	5168	306	0	0	25162	3520	860	116	0	8214	316	27686	15542	8842	11928	0	0	0	0	0	0	0	0	0	0	0	0	0	0	0	0	0	0	0	0	0	0	0	0	0	0	0	0	0	0	0	0	0	0	918	0	2252	160	3632	0	0	0	114	256	0	0	0	0	122	0	0	0	0	0	0	0	0	0	0	0	0	0	0	0	0	0	0	0	0	0	0	0	0	0	0	0	0	0	0	0	0	0	
440504	Frontal_Sup_Medial_R	114	0	6376	43384	0	12650	3266	3412	0	3054	134	578	290	6644	0	4052	0	180	5566	13826	0	194	25162	0	480	10500	0	1922	272	8660	4592	38244	2280	17776	0	0	0	0	0	0	0	0	0	0	0	0	0	0	0	0	0	0	0	0	0	0	0	0	0	0	0	0	0	0	0	0	0	0	0	0	0	3236	0	3408	0	0	0	0	0	0	0	0	0	0	0	0	0	0	0	0	0	0	0	0	0	0	0	0	0	0	0	0	0	0	0	0	0	0	0	0	0	0	0	0	0	0	
30908	Frontal_Med_Orb_L	138	0	2160	0	3674	0	0	0	84	0	0	0	0	0	0	0	0	0	156	0	368	0	3520	480	0	414	802	0	0	0	2440	86	0	0	0	0	0	0	0	0	0	0	0	0	0	0	0	0	0	0	0	0	0	0	0	0	0	0	0	0	0	0	0	0	0	0	0	0	82	0	640	0	410	0	0	0	0	0	0	0	0	0	0	0	0	0	0	0	0	0	0	0	0	0	0	0	0	0	0	0	0	0	0	0	0	0	0	0	0	0	0	0	0	0	0	0	
127816	Frontal_Med_Orb_R	0	0	0	2720	0	10550	0	88	0	4370	0	138	0	384	0	4592	0	0	158	156	180	2272	860	10500	414	0	470	7676	0	1182	490	11080	0	198	0	0	0	0	0	0	0	0	0	0	0	0	0	0	0	0	0	0	0	0	0	0	0	0	0	0	0	0	0	0	0	0	0	0	0	0	0	2604	0	2826	0	0	0	0	0	0	0	0	0	0	0	0	0	0	0	0	0	0	0	0	0	0	0	0	0	0	0	0	0	0	0	0	0	0	0	0	0	0	0	0	0	0	
74268	Rectus_L	0	0	230	0	7564	0	0	0	2892	0	0	0	0	0	2138	0	0	0	0	0	5410	3222	116	0	802	470	0	1474	230	0	4122	2280	0	0	0	0	0	0	0	0	0	0	0	0	0	0	0	0	0	0	0	0	0	0	0	0	0	0	0	0	0	0	0	0	0	0	0	0	0	0	4170	1686	100	228	0	0	0	0	0	0	0	0	0	0	0	0	0	0	0	0	0	0	0	0	0	0	0	0	0	0	0	0	0	0	0	0	0	0	0	0	0	0	0	0	0	0	
74980	Rectus_R	0	0	0	404	236	5506	0	0	0	972	0	0	0	0	0	770	0	0	0	0	1098	4532	0	1922	0	7676	1474	0	0	230	1142	6046	0	0	0	0	0	0	0	0	0	0	0	0	0	0	0	0	0	0	0	0	0	0	0	0	0	0	0	0	0	0	0	0	0	0	0	0	0	0	1326	2868	366	922	0	0	0	0	0	0	0	0	0	0	0	0	0	0	0	0	0	0	0	0	0	0	0	0	0	0	0	0	0	0	0	0	0	0	0	0	0	0	0	0	0	0	
588680	Insula_L	13470	866	38844	1008	4928	0	26706	570	2826	0	17820	878	27148	648	8962	0	15892	0	16232	2310	4954	0	8214	272	0	0	230	0	0	128	17250	1766	1862	362	2618	2530	3474	0	398	0	2026	0	0	0	0	0	0	0	0	0	200	0	0	0	740	0	7020	0	0	0	1896	0	946	0	0	0	0	0	2710	1102	6036	0	17106	0	356	0	10078	226	8188	0	6236	0	3292	0	946	0	0	0	2070	0	0	0	0	0	0	0	0	0	0	0	0	0	0	0	0	0	0	0	0	0	0	0	0	0	0	0	
325948	Insula_R	276	1162	578	10846	0	2346	0	2744	0	2376	0	11260	0	19708	0	4492	0	10760	1534	2732	82	2006	316	8660	0	1182	0	230	128	0	484	18762	0	2220	180	298	522	3272	156	576	0	2650	0	0	0	0	0	0	0	0	0	0	0	0	0	1068	0	1002	0	0	0	0	0	244	0	0	0	212	314	0	1348	11088	106	17560	0	444	0	2238	0	3852	0	6332	0	1040	0	1802	0	0	0	1698	0	88	0	0	0	0	0	0	0	0	0	0	0	0	0	0	0	0	0	0	0	0	0	0	0	0	
477404	Cingulum_Ant_L	7936	116	32244	1830	6292	238	6672	402	548	0	9280	930	3608	540	3622	0	4324	140	17586	1676	4276	1960	27686	4592	2440	490	4122	1142	17250	484	0	16838	9934	5168	204	0	0	0	0	0	0	0	0	0	0	0	0	0	0	0	0	0	0	0	0	0	420	0	0	0	0	0	0	0	0	0	0	0	3964	0	15874	2766	17938	640	0	0	956	382	288	0	332	0	572	0	0	0	0	0	0	0	0	0	0	0	0	0	0	0	0	0	0	0	0	0	0	0	0	0	0	0	0	0	0	0	0	0	
639228	Cingulum_Ant_R	1360	220	8868	36270	506	11548	3708	4298	0	2274	1592	7024	538	9604	0	3588	1142	2176	10170	17990	1994	3812	15542	38244	86	11080	2280	6046	1766	18762	16838	0	7302	30858	0	0	0	0	0	0	0	0	0	0	0	0	0	0	0	0	0	0	0	0	0	0	142	0	0	0	0	0	0	0	0	0	0	90	280	0	3658	25074	1702	10464	0	286	162	184	0	0	0	0	86	0	0	0	0	0	0	0	0	0	0	0	0	0	0	0	0	0	0	0	0	0	0	0	0	0	0	0	0	0	0	0	0	0	
205128	Cingulum_Mid_L	392	542	9300	2846	0	260	6012	0	0	0	282	0	1886	0	0	0	0	0	10400	7510	0	0	8842	2280	0	0	0	0	1862	0	9934	7302	0	15886	3036	692	0	0	0	0	0	0	0	0	930	0	0	0	750	0	668	0	0	0	0	0	0	400	578	0	0	0	0	0	0	0	4122	984	3002	1358	256	0	252	0	0	0	0	0	0	0	0	0	0	0	0	0	0	0	0	0	0	0	0	0	0	0	0	0	0	0	0	0	0	0	0	0	0	0	0	0	0	0	0	0	0	0	
466708	Cingulum_Mid_R	3290	1800	6582	20968	0	2052	2492	1546	0	0	182	798	314	2124	0	264	0	0	23614	42426	0	0	11928	17776	0	198	0	0	362	2220	5168	30858	15886	0	1588	4864	0	0	0	0	0	0	0	102	0	1534	0	0	0	616	92	96	0	0	0	0	88	1986	98	164	0	0	0	0	0	0	1638	6408	7652	12222	190	806	146	216	0	0	0	0	0	0	0	0	0	0	0	0	0	0	0	0	0	0	0	0	0	0	0	0	0	0	0	0	0	0	0	0	0	0	0	0	0	0	0	0	0	0	
216816	Cingulum_Post_L	2020	3874	0	0	0	0	0	82	0	0	0	0	0	0	0	0	864	0	200	4642	0	0	0	0	0	0	0	0	2618	180	204	0	3036	1588	0	20120	7210	4704	1708	242	0	0	2016	0	2558	0	822	0	226	0	1346	0	238	0	6332	256	6076	2218	430	0	1892	200	968	216	0	0	8784	478	3634	5636	180	0	0	0	0	0	220	5428	2070	92	416	0	0	0	1064	0	0	0	1224	0	0	0	0	0	0	0	0	0	96	0	0	0	0	0	0	0	0	0	0	0	0	0	0	0	0	0	
253544	Cingulum_Post_R	1596	3530	0	0	0	0	0	142	0	0	0	98	0	0	0	0	764	0	144	4310	0	0	0	0	0	0	0	0	2530	298	0	0	692	4864	20120	0	4192	6738	1180	680	0	0	240	1724	568	1534	114	2238	0	262	226	212	0	0	4012	2980	4056	9060	0	794	1350	1176	908	1624	0	84	3974	17496	652	8648	188	172	0	0	0	0	0	3614	1998	240	366	340	0	0	322	330	0	0	934	2006	0	0	0	0	0	0	0	0	0	0	0	0	0	0	0	0	0	0	0	0	452	0	0	0	0	0	
162292	Hippocampus_L	2820	1508	658	0	0	0	438	88	0	0	0	0	0	0	144	0	0	0	0	300	152	0	0	0	0	0	0	0	3474	522	0	0	0	0	7210	4192	0	3796	6790	260	5396	0	944	0	0	0	1506	166	0	0	0	0	88	0	10422	234	736	94	0	0	0	0	0	0	0	0	1550	0	0	614	120	0	2458	748	778	0	3950	6668	0	82	1200	236	1066	0	1804	98	294	0	6992	172	0	0	0	0	0	0	170	0	0	0	0	0	0	0	0	0	0	0	0	208	0	0	0	0	0	0	
206336	Hippocampus_R	0	2878	0	110	0	0	0	150	0	0	0	0	0	0	0	0	0	0	0	0	0	714	0	0	0	0	0	0	0	3272	0	0	0	0	4704	6738	3796	0	584	16376	0	8726	178	340	0	0	124	3036	0	0	0	0	0	88	1094	19058	0	804	0	0	0	0	0	350	0	0	866	3230	0	250	0	0	0	2696	0	138	0	4366	0	746	0	3570	0	2420	0	1980	0	138	176	7962	0	0	0	0	0	226	0	730	0	162	0	0	0	0	0	0	0	0	0	0	392	0	0	0	0	0	
50076	ParaHippocampal_L	210	450	0	0	0	0	0	0	0	0	0	0	0	0	0	0	0	0	0	0	368	0	0	0	0	0	0	0	398	156	0	0	0	0	1708	1180	6790	584	0	0	1034	0	0	0	0	0	1938	0	0	0	218	0	318	0	5096	0	0	0	0	0	0	0	0	0	0	0	414	0	0	0	0	0	100	0	0	0	336	1730	0	0	0	0	470	0	126	0	168	0	518	0	0	0	0	0	116	0	612	0	0	0	0	0	0	0	0	0	0	0	0	0	0	0	0	0	0	0	
103244	ParaHippocampal_R	0	0	0	0	0	0	0	0	0	0	0	0	0	0	0	0	0	0	0	0	0	162	0	0	0	0	0	0	0	576	0	0	0	0	242	680	260	16376	0	0	0	3970	0	100	0	0	0	3476	0	0	0	0	0	0	180	14934	0	0	0	0	0	0	0	0	0	0	194	786	0	0	0	0	0	572	0	0	0	470	0	0	0	778	0	1598	0	434	0	134	0	2470	0	0	0	0	0	466	0	2130	0	484	0	0	0	0	0	0	0	0	0	0	150	0	0	0	0	0	
34244	Amygdala_L	0	0	0	0	0	0	0	0	0	0	0	0	0	0	184	0	0	0	0	0	754	0	0	0	0	0	0	0	2026	0	0	0	0	0	0	0	5396	0	1034	0	0	0	0	0	0	0	0	0	0	0	0	0	0	0	4172	0	0	0	0	0	0	0	0	0	0	0	0	0	0	0	86	0	502	0	0	0	152	0	0	0	0	0	890	0	160	0	236	0	1530	0	0	0	0	0	0	0	0	0	0	0	0	0	0	0	0	0	0	0	0	0	0	0	0	0	0	0	
52944	Amygdala_R	0	154	0	0	0	0	0	0	0	0	0	0	0	0	0	0	0	0	0	0	0	1180	0	0	0	0	0	0	0	2650	0	0	0	0	0	0	0	8726	0	3970	0	0	0	0	0	0	0	0	0	0	0	0	0	0	0	4986	0	0	0	0	0	0	0	0	0	0	0	0	0	0	0	142	0	642	0	118	0	296	0	0	0	244	0	2396	0	0	0	0	0	968	0	0	0	0	0	0	0	0	0	0	0	0	0	0	0	0	0	0	0	0	0	0	0	0	0	0	
244424	Calcarine_L	0	0	0	0	0	0	0	0	0	0	0	0	0	0	0	0	170	0	0	0	0	0	0	0	0	0	0	0	0	0	0	0	0	0	2016	240	944	178	0	0	0	0	0	7376	19262	4302	13454	2430	12836	1498	22208	662	7210	0	3396	0	884	0	1120	0	1286	0	110	0	490	0	16018	428	778	88	0	0	0	0	0	0	0	0	0	0	0	0	0	0	2316	0	0	0	202	0	0	0	0	0	0	0	0	0	210	0	0	0	0	0	0	0	0	0	0	0	100	0	0	0	0	0	
278848	Calcarine_R	0	0	0	0	0	0	0	0	0	0	0	0	0	0	0	0	0	0	0	0	0	0	0	0	0	0	0	0	0	0	0	0	0	102	0	1724	0	340	0	100	0	0	7376	0	5034	24236	1834	24672	88	18504	0	16860	0	4976	0	5660	0	1814	0	402	0	100	0	178	0	160	98	18136	0	706	0	0	0	0	0	0	0	0	0	354	0	350	0	0	0	1476	0	0	0	3548	0	0	0	0	0	0	0	84	0	172	0	0	0	0	0	0	0	0	0	0	244	96	0	0	0	0	
202592	Cuneus_L	0	88	0	0	0	0	0	0	0	0	0	0	0	0	0	0	0	0	0	0	0	0	0	0	0	0	0	0	0	0	0	0	930	0	2558	568	0	0	0	0	0	0	19262	5034	0	6804	1438	1330	20566	1526	11684	472	442	0	236	88	946	0	2458	0	1246	0	0	0	204	0	20172	1064	996	116	0	0	0	0	0	0	0	0	0	0	0	0	0	0	1068	0	0	0	0	0	0	0	0	0	0	0	0	0	0	0	0	0	0	0	0	0	0	0	0	0	0	0	0	0	0	0	
328296	Cuneus_R	0	94	0	0	0	0	0	0	0	0	0	0	0	0	0	0	0	198	0	0	0	0	0	0	0	0	0	0	0	0	0	0	0	1534	0	1534	0	0	0	0	0	0	4302	24236	6804	0	662	5348	148	41170	242	14240	0	1050	0	1734	0	2918	516	10148	0	1172	0	292	0	2804	5552	31928	0	1108	0	0	0	0	0	0	0	0	0	144	0	776	0	0	0	1408	0	0	0	2004	0	0	0	0	0	0	0	0	0	0	0	0	0	0	0	0	0	0	0	0	82	0	0	0	0	0	
265436	Lingual_L	0	154	0	0	0	0	0	0	0	0	0	0	0	0	0	0	0	0	0	0	0	0	0	0	0	0	0	0	0	0	0	0	0	0	822	114	1506	124	1938	0	0	0	13454	1834	1438	662	0	4542	2772	300	13232	202	5686	414	17092	2564	0	0	272	0	574	0	0	0	776	0	3316	120	0	0	0	0	0	0	0	0	0	338	0	0	0	0	0	0	1590	0	0	0	228	0	6346	2508	610	0	92	0	10134	2246	13816	5052	0	0	0	0	302	558	0	0	206	220	5358	6522	916	274	612	882	
313184	Lingual_R	0	0	0	0	0	0	0	0	0	0	0	0	0	0	0	0	0	0	0	0	0	0	0	0	0	0	0	0	0	0	0	0	0	0	0	2238	166	3036	0	3476	0	0	2430	24672	1330	5348	4542	0	0	6522	0	6644	434	5962	2780	25110	0	510	0	146	0	0	0	166	0	0	0	11226	0	376	0	0	0	0	0	0	0	210	0	86	0	0	0	0	0	304	0	0	0	4028	2768	3606	116	0	0	346	1202	6994	6964	8962	0	0	0	156	0	0	0	0	0	126	4570	8094	946	0	0	0	
195460	Occipital_Sup_L	0	0	0	0	0	0	0	0	0	0	0	0	0	0	0	0	0	0	0	0	0	0	0	0	0	0	0	0	0	0	0	0	750	0	226	0	0	0	0	0	0	0	12836	88	20566	148	2772	0	0	0	30582	0	900	0	546	0	442	126	7322	0	2770	0	0	0	738	0	14036	454	0	126	0	0	0	0	0	0	0	0	0	0	0	0	0	0	2302	0	0	0	0	0	0	0	0	0	0	0	0	0	0	0	0	0	0	0	0	0	0	0	0	0	0	0	0	0	0	0	
307568	Occipital_Sup_R	0	0	0	0	0	0	0	0	0	0	0	0	0	0	0	0	0	198	0	0	0	0	0	0	0	0	0	0	0	0	0	0	0	616	0	262	0	0	0	0	0	0	1498	18504	1526	41170	300	6522	0	0	182	23684	0	1532	0	2664	0	2556	274	12646	0	1666	0	368	0	5972	2156	19348	0	542	0	0	0	0	0	0	0	0	0	200	0	812	0	0	0	3838	0	0	0	4748	0	0	0	0	0	0	0	0	0	0	0	0	0	0	0	0	0	0	0	0	0	0	0	0	0	0	
457404	Occipital_Mid_L	258	0	0	0	0	0	0	0	0	0	0	0	0	0	0	0	1318	0	0	248	0	0	0	0	0	0	0	0	200	0	0	0	668	92	1346	226	0	0	218	0	0	0	22208	0	11684	242	13232	0	30582	182	0	0	18962	0	14558	0	2186	516	17616	164	16326	0	1604	0	17902	0	13544	822	378	548	0	0	0	0	0	0	0	0	564	0	712	0	0	0	34854	0	0	0	4176	0	0	0	0	0	0	0	0	0	476	0	0	0	0	0	0	0	0	0	0	0	0	90	0	0	0	0	
233336	Occipital_Mid_R	0	0	0	0	0	0	0	0	0	0	0	0	0	0	0	0	0	0	0	0	0	0	0	0	0	0	0	0	0	0	0	0	0	96	0	212	0	0	0	0	0	0	662	16860	472	14240	202	6644	0	23684	0	0	0	8448	0	3382	0	1856	0	3448	0	1880	0	356	0	12778	114	6724	0	140	0	0	0	0	0	0	0	0	0	168	0	422	0	0	0	10670	0	0	0	3210	0	0	0	0	0	0	0	0	0	0	0	0	0	0	0	0	0	0	0	0	0	0	0	0	0	0	
103960	Occipital_Inf_L	0	0	0	0	0	0	0	0	0	0	0	0	0	0	0	0	196	0	0	0	0	0	0	0	0	0	0	0	0	0	0	0	0	0	238	0	88	0	318	0	0	0	7210	0	442	0	5686	434	900	0	18962	0	0	0	6958	174	0	0	0	0	548	0	430	0	202	0	1276	0	0	0	0	0	0	0	0	0	156	0	0	0	0	0	0	0	3060	0	0	0	2438	0	130	0	0	0	0	0	0	0	1212	268	0	0	0	0	0	0	0	0	0	0	94	560	0	0	0	0	
81948	Occipital_Inf_R	0	0	0	0	0	0	0	0	0	0	0	0	0	0	0	0	0	0	0	0	0	0	0	0	0	0	0	0	0	0	0	0	0	0	0	0	0	88	0	0	0	0	0	4976	0	1050	414	5962	0	1532	0	8448	0	0	234	6300	0	0	0	0	0	0	0	0	0	108	0	2254	0	0	0	0	0	0	0	0	0	0	0	0	0	0	0	0	0	1806	0	0	0	3600	298	170	0	0	0	0	170	272	770	1060	0	0	0	0	0	0	0	0	0	0	290	980	192	0	0	0	
413964	Fusiform_L	146	506	0	0	0	0	0	0	0	0	0	0	0	0	0	0	212	0	0	616	0	0	0	0	0	0	0	0	740	0	0	0	0	0	6332	4012	10422	1094	5096	180	4172	0	3396	0	236	0	17092	2780	546	0	14558	0	6958	234	0	1820	454	0	852	0	2364	0	352	0	2956	0	2888	0	102	622	0	0	94	0	0	0	732	336	302	0	2096	0	1966	0	10100	0	2226	0	16304	0	19578	1390	1642	0	124	0	12016	1530	27056	2718	924	0	2538	0	0	202	0	0	122	0	4574	5762	320	114	256	222	
386568	Fusiform_R	0	310	0	0	0	0	0	0	0	0	0	0	0	0	0	0	0	118	0	192	0	92	0	0	0	0	0	0	0	1068	0	0	0	0	256	2980	234	19058	0	14934	0	4986	0	5660	88	1734	2564	25110	0	2664	0	3382	174	6300	1820	0	0	1392	0	428	0	102	0	304	0	244	230	6244	0	828	0	0	0	684	0	0	0	932	0	1520	0	3550	0	2610	0	3494	0	360	0	23872	2170	10294	0	0	0	186	1180	7416	4864	15032	0	82	0	424	0	0	0	0	0	0	4220	5986	912	0	0	0	
302220	Postcentral_L	34468	1046	668	0	0	0	386	0	0	0	2186	0	208	0	0	0	10434	0	392	1610	0	0	0	0	0	0	0	0	7020	0	420	142	0	88	6076	4056	736	0	0	0	0	0	884	0	946	0	0	0	442	0	2186	0	0	0	454	0	0	554	5952	0	32016	0	7060	0	356	0	4044	0	4114	1850	2502	112	3498	0	618	0	1838	182	6306	0	3592	0	0	0	1126	0	0	0	542	0	0	0	0	0	0	0	0	0	0	0	0	0	0	0	0	0	0	0	0	0	0	0	0	0	0	0	
225532	Postcentral_R	354	10378	168	1972	0	0	0	2994	0	0	0	1138	0	220	0	0	0	3192	184	5012	0	0	0	0	0	0	0	0	0	1002	0	0	400	1986	2218	9060	94	804	0	0	0	0	0	1814	0	2918	0	510	126	2556	516	1856	0	0	0	1392	554	0	562	5012	524	7688	0	11660	0	1046	772	10180	4168	14118	134	348	0	100	0	0	0	264	0	684	0	258	0	0	0	360	0	0	0	1470	0	0	0	0	0	0	0	0	0	0	0	0	0	0	0	0	0	0	0	0	0	0	0	0	0	0	
158104	Parietal_Sup_L	0	0	0	0	0	0	0	0	0	0	0	0	0	0	0	0	0	0	0	240	0	0	0	0	0	0	0	0	0	0	0	0	578	98	430	0	0	0	0	0	0	0	1120	0	2458	516	272	0	7322	274	17616	0	0	0	852	0	5952	562	0	218	12568	0	0	0	2926	0	13868	2112	172	556	0	0	0	0	0	0	0	0	84	0	0	0	0	0	7000	0	0	0	1258	0	0	0	0	0	0	0	0	0	0	0	0	0	0	0	0	0	0	0	0	0	0	0	0	0	0	0	
170848	Parietal_Sup_R	0	712	0	0	0	0	0	254	0	0	0	0	0	0	0	0	0	748	0	0	0	0	0	0	0	0	0	0	0	0	0	0	0	164	0	794	0	0	0	0	0	0	0	402	0	10148	0	146	0	12646	164	3448	0	0	0	428	0	5012	218	0	0	10998	0	5238	0	9440	1238	16254	0	710	0	96	0	0	0	0	0	0	0	114	0	1018	0	0	0	1742	0	0	0	3292	0	0	0	0	0	0	0	0	0	0	0	0	0	0	0	0	0	0	0	0	0	0	0	0	0	0	
289780	Parietal_Inf_L	11786	236	0	0	0	0	104	0	0	0	112	0	0	0	0	0	1954	0	0	504	0	0	0	0	0	0	0	0	1896	0	0	0	0	0	1892	1350	0	0	0	0	0	0	1286	0	1246	0	574	0	2770	0	16326	0	548	0	2364	0	32016	524	12568	0	0	0	16836	0	16632	0	3748	112	336	798	564	0	334	0	0	0	378	0	1672	0	2278	0	0	0	9258	0	0	0	1888	0	0	0	0	0	0	0	0	0	0	0	0	0	0	0	0	0	0	0	0	0	0	0	0	0	0	0	
138816	Parietal_Inf_R	0	3460	0	436	0	0	0	1132	0	0	0	212	0	0	0	0	0	200	0	218	0	0	0	0	0	0	0	0	0	0	0	0	0	0	200	1176	0	0	0	0	0	0	0	100	0	1172	0	0	0	1666	0	1880	0	0	0	102	0	7688	0	10998	0	0	0	19630	0	12200	148	3382	0	162	0	242	0	0	0	0	0	0	0	0	0	458	0	0	0	264	0	0	0	2282	0	0	0	0	0	0	0	0	0	0	0	0	0	0	0	0	0	0	0	0	0	0	0	0	0	0	
124888	SupraMarginal_L	2618	142	0	0	0	0	0	0	0	0	0	0	0	0	0	0	1904	0	0	310	0	0	0	0	0	0	0	0	946	0	0	0	0	0	968	908	0	0	0	0	0	0	110	0	0	0	0	0	0	0	1604	0	430	0	352	0	7060	0	0	0	16836	0	0	0	6790	0	0	0	0	310	172	0	0	0	0	0	0	0	726	0	7796	0	0	0	10498	0	0	0	1964	0	0	0	0	0	0	0	0	0	0	0	0	0	0	0	0	0	0	0	0	0	0	0	0	0	0	0	
136544	SupraMarginal_R	0	3752	0	556	0	0	0	1296	0	0	0	262	0	0	0	0	0	2828	0	282	0	0	0	0	0	0	0	0	0	244	0	0	0	0	216	1624	0	350	0	0	0	0	0	178	0	292	0	166	0	368	0	356	0	0	0	304	0	11660	0	5238	0	19630	0	0	0	6952	0	2102	0	188	0	0	0	0	0	0	0	0	0	352	0	5848	0	0	0	446	0	0	0	2782	0	0	0	0	0	0	0	0	0	0	0	0	0	0	0	0	0	0	0	0	0	0	0	0	0	0	
142984	Angular_L	0	0	0	0	0	0	0	0	0	0	0	0	0	0	0	0	290	0	0	0	0	0	0	0	0	0	0	0	0	0	0	0	0	0	0	0	0	0	0	0	0	0	490	0	204	0	776	0	738	0	17902	0	202	0	2956	0	356	0	2926	0	16632	0	6790	0	0	0	380	0	106	0	0	0	0	0	0	0	0	0	82	0	1334	0	0	0	16858	0	0	0	2382	0	88	0	0	0	0	0	0	0	0	0	0	0	0	0	0	0	0	0	0	0	0	0	0	0	0	0	
138156	Angular_R	0	814	0	0	0	0	0	0	0	0	0	0	0	0	0	0	0	0	0	0	0	0	0	0	0	0	0	0	0	0	0	0	0	0	0	84	0	0	0	0	0	0	0	160	0	2804	0	0	0	5972	0	12778	0	108	0	244	0	1046	0	9440	0	12200	0	6952	0	0	226	3400	0	0	0	302	0	0	0	0	0	0	0	0	0	4050	0	0	0	4494	0	0	0	4004	0	0	0	0	0	0	0	0	0	0	0	0	0	0	0	0	0	0	0	0	0	0	0	0	0	0	
293116	Precuneus_L	0	144	0	0	0	0	0	0	0	0	0	0	0	0	0	0	174	0	120	374	0	0	0	0	0	0	0	0	0	0	0	0	4122	1638	8784	3974	1550	866	414	194	0	0	16018	98	20172	5552	3316	0	14036	2156	13544	114	1276	0	2888	230	4044	772	13868	1238	3748	148	0	0	380	226	0	12602	3494	1262	0	0	0	0	0	0	0	172	0	0	0	112	0	0	1476	358	0	0	182	406	0	0	0	0	0	0	316	0	0	0	0	0	0	0	0	0	0	0	0	0	0	0	0	0	0	0	
408588	Precuneus_R	0	506	0	0	0	0	0	114	0	0	0	100	0	0	0	0	0	636	0	874	0	0	0	0	0	0	0	0	0	212	0	90	984	6408	478	17496	0	3230	0	786	0	0	428	18136	1064	31928	120	11226	454	19348	822	6724	0	2254	0	6244	0	10180	2112	16254	112	3382	0	2102	0	3400	12602	0	930	7574	0	298	0	0	0	0	0	302	0	520	0	1914	0	0	0	2926	0	0	0	7912	0	94	0	0	0	0	0	136	0	122	0	0	0	0	0	0	0	0	0	0	760	0	0	0	0	0	
393156	Paracentral_Lobule_L	20978	6608	24462	3316	0	0	1300	136	0	0	612	940	162	414	0	0	448	316	31622	21300	0	0	918	0	82	0	0	0	2710	314	3964	280	3002	7652	3634	652	0	0	0	0	0	0	778	0	996	0	0	0	0	0	378	0	0	0	102	0	4114	4168	172	0	336	0	0	0	106	0	3494	930	0	13306	13058	2456	10806	184	3022	0	720	1154	164	0	150	0	0	0	162	0	0	0	0	0	0	0	0	0	0	0	0	0	0	0	0	0	0	0	0	0	0	0	0	0	0	0	0	0	0	0	
272344	Paracentral_Lobule_R	6238	16604	616	1326	0	0	0	0	0	0	0	0	0	0	0	0	470	0	782	26646	0	0	0	0	0	0	0	0	1102	0	0	0	1358	12222	5636	8648	614	250	0	0	0	0	88	706	116	1108	0	376	126	542	548	140	0	0	622	828	1850	14118	556	710	798	162	310	188	0	0	1262	7574	13306	0	202	1864	0	0	0	0	144	3182	898	0	172	0	0	0	96	0	0	0	236	832	0	0	0	0	0	0	0	0	0	0	0	0	0	0	0	0	0	0	0	0	0	0	0	0	0	0	
413804	Caudate_L	15090	2070	22078	7024	1800	0	794	1024	362	0	3088	4228	1108	1344	724	0	1760	1192	20626	10120	4126	4762	2252	0	640	0	4170	1326	6036	1348	15874	3658	256	190	180	188	120	0	0	0	86	0	0	0	0	0	0	0	0	0	0	0	0	0	0	0	2502	134	0	0	564	0	172	0	0	0	0	0	13058	202	0	14790	19936	1436	2912	146	8240	2084	464	0	134	0	484	0	0	0	0	0	0	0	0	0	0	0	0	0	0	0	0	0	0	0	0	0	0	0	0	0	0	0	0	0	0	0	0	0	
381216	Caudate_R	2358	19010	3390	16666	602	1746	0	1834	0	500	0	4228	0	3504	0	706	0	3022	4920	19870	1106	3512	160	3236	0	2604	1686	2868	0	11088	2766	25074	0	806	0	172	0	0	0	0	0	142	0	0	0	0	0	0	0	0	0	0	0	0	0	0	112	348	0	96	0	242	0	0	0	302	0	298	2456	1864	14790	0	3040	11214	98	1604	88	16480	0	0	0	0	0	0	0	0	0	0	0	0	0	0	0	0	0	0	0	0	0	0	0	0	0	0	0	0	0	0	0	0	0	0	0	0	0	0	
302136	Putamen_L	12478	144	18164	1076	184	0	2552	182	0	0	2974	556	2142	300	354	0	778	0	15460	1406	282	1040	3632	0	410	0	100	366	17106	106	17938	1702	252	146	0	0	2458	0	100	0	502	0	0	0	0	0	0	0	0	0	0	0	0	0	94	0	3498	0	0	0	334	0	0	0	0	0	0	0	10806	0	19936	3040	0	230	4388	0	2810	162	216	0	386	0	278	0	0	0	0	0	0	0	0	0	0	0	0	0	0	0	0	0	0	0	0	0	0	0	0	0	0	0	0	0	0	0	0	0	
181204	Putamen_R	146	854	180	4974	90	1818	0	3032	0	460	0	3000	0	4932	0	310	0	3990	336	3398	150	378	0	3408	0	2826	228	922	0	17560	640	10464	0	216	0	0	748	2696	0	572	0	642	0	0	0	0	0	0	0	0	0	0	0	0	0	684	0	100	0	0	0	0	0	0	0	0	0	0	184	0	1436	11214	230	0	0	2278	0	4638	0	0	0	236	0	200	0	0	0	0	0	432	0	0	0	0	0	0	0	0	0	0	0	0	0	0	0	0	0	0	0	0	0	0	0	0	0	0	
51504	Pallidum_L	2146	334	3864	0	0	0	654	0	0	0	158	0	0	0	0	0	296	0	3044	0	0	0	0	0	0	0	0	0	356	0	0	0	0	0	0	0	778	0	0	0	0	0	0	0	0	0	0	0	0	0	0	0	0	0	0	0	618	0	0	0	0	0	0	0	0	0	0	0	3022	0	2912	98	4388	0	0	0	3084	0	0	0	0	0	0	0	0	0	0	0	0	0	0	0	0	0	0	0	0	0	0	0	0	0	0	0	0	0	0	0	0	0	0	0	0	0	0	0	
17804	Pallidum_R	0	372	86	1452	0	0	0	346	0	0	0	220	0	156	0	0	0	0	86	1170	0	0	0	0	0	0	0	0	0	444	0	286	0	0	0	0	0	138	0	0	0	118	0	0	0	0	0	0	0	0	0	0	0	0	0	0	0	0	0	0	0	0	0	0	0	0	0	0	0	0	146	1604	0	2278	0	0	0	0	0	0	0	0	0	0	0	0	0	0	0	0	0	0	0	0	0	0	0	0	0	0	0	0	0	0	0	0	0	0	0	0	0	0	0	0	0	0	
148504	Thalamus_L	18130	574	6468	0	0	0	3368	0	0	0	1452	0	0	0	0	0	688	0	2386	88	0	0	114	0	0	0	0	0	10078	0	956	162	0	0	220	0	3950	0	336	0	152	0	0	0	0	0	0	0	0	0	0	0	156	0	732	0	1838	0	0	0	378	0	0	0	0	0	0	0	720	144	8240	88	2810	0	3084	0	0	4604	538	0	496	0	0	0	376	0	0	0	926	0	0	0	0	0	0	0	0	0	0	0	0	0	0	0	0	0	0	0	0	0	0	0	0	0	0	0	
211600	Thalamus_R	1920	28012	854	1958	0	0	112	2964	0	0	0	1854	0	1314	0	0	0	102	626	2216	174	0	256	0	0	0	0	0	226	2238	382	184	0	0	5428	3614	6668	4366	1730	470	0	296	0	0	0	0	338	210	0	0	0	0	0	0	336	932	182	264	0	0	0	0	0	0	0	0	172	302	1154	3182	2084	16480	162	4638	0	0	4604	0	96	258	0	904	0	0	0	292	0	0	122	950	0	0	0	0	0	0	174	0	0	0	0	0	0	0	0	0	0	0	0	0	0	0	0	0	0	0	
91544	Heschl_L	4870	668	826	0	0	0	414	84	0	0	310	0	0	0	0	0	6650	0	740	898	0	0	0	0	0	0	0	0	8188	0	288	0	0	0	2070	1998	0	0	0	0	0	0	0	0	0	0	0	0	0	0	564	0	0	0	302	0	6306	0	84	0	1672	0	726	0	82	0	0	0	164	898	464	0	216	0	0	0	538	96	0	0	3402	0	0	0	1506	0	0	0	748	0	0	0	0	0	0	0	0	0	0	0	0	0	0	0	0	0	0	0	0	0	0	0	0	0	0	0	
57828	Heschl_R	0	252	0	0	0	0	0	0	0	0	0	0	0	0	0	0	0	2264	0	0	0	0	0	0	0	0	0	0	0	3852	0	0	0	0	92	240	82	746	0	0	0	0	0	354	0	144	0	86	0	200	0	168	0	0	0	1520	0	684	0	114	0	0	0	352	0	0	0	520	0	0	0	0	0	0	0	0	0	258	0	0	0	9584	0	276	0	4052	0	0	0	2986	0	88	0	0	0	0	0	0	0	0	0	0	0	0	0	0	0	0	0	0	0	0	0	0	0	0	
171444	Temporal_Sup_L	2362	118	1230	0	0	0	718	0	0	0	534	0	114	0	0	0	5620	0	1136	186	0	0	0	0	0	0	0	0	6236	0	332	0	0	0	416	366	1200	0	0	0	0	0	0	0	0	0	0	0	0	0	712	0	0	0	2096	0	3592	0	0	0	2278	0	7796	0	1334	0	0	0	150	172	134	0	386	0	0	0	496	0	3402	0	0	0	3396	0	26052	0	0	0	12952	0	206	0	0	0	0	0	0	0	0	0	0	0	0	0	0	0	0	0	0	0	0	0	0	0	0	0	
161540	Temporal_Sup_R	0	90	0	0	0	0	0	0	0	0	0	86	0	0	0	0	0	3994	0	0	0	116	0	0	0	0	0	0	0	6332	0	0	0	0	0	340	236	3570	0	778	0	244	0	350	0	776	0	0	0	812	0	422	0	0	0	3550	0	258	0	1018	0	458	0	5848	0	4050	112	1914	0	0	0	0	0	236	0	0	0	904	0	9584	0	0	0	2406	0	22978	0	252	0	8858	0	198	0	0	0	0	0	0	0	0	0	0	0	0	0	0	0	0	0	0	0	0	0	0	0	0	
65576	Temporal_Pole_Sup_L	402	0	482	234	330	0	0	0	256	0	2370	118	938	126	1272	0	2638	0	224	552	586	0	122	0	0	0	0	0	3292	0	572	86	0	0	0	0	1066	0	470	0	890	0	0	0	0	0	0	0	0	0	0	0	0	0	1966	0	0	0	0	0	0	0	0	0	0	0	0	0	0	0	484	0	278	0	0	0	0	0	0	0	3396	0	0	0	3882	0	2448	0	3308	0	0	0	0	0	0	0	0	0	0	0	0	0	0	0	0	0	0	0	0	0	0	0	0	0	0	0	
33468	Temporal_Pole_Sup_R	0	0	0	0	0	0	0	0	0	0	0	0	0	0	0	0	0	0	0	0	0	0	0	0	0	0	0	0	0	1040	0	0	0	0	0	0	0	2420	0	1598	0	2396	0	0	0	0	0	0	0	0	0	0	0	0	0	2610	0	0	0	0	0	0	0	0	0	0	0	0	0	0	0	0	0	200	0	0	0	0	0	276	0	2406	0	0	0	446	0	1514	0	1828	0	0	0	0	0	0	0	0	0	0	0	0	0	0	0	0	0	0	0	0	0	0	0	0	0	0	
350548	Temporal_Mid_L	230	0	0	0	0	0	0	0	0	0	0	0	0	0	0	0	2204	0	0	86	0	0	0	0	0	0	0	0	946	0	0	0	0	0	1064	322	1804	0	126	0	160	0	2316	0	1068	0	1590	0	2302	0	34854	0	3060	0	10100	0	1126	0	7000	0	9258	0	10498	0	16858	0	1476	0	162	96	0	0	0	0	0	0	376	0	1506	0	26052	0	3882	0	0	0	2688	0	32064	0	0	0	0	0	0	0	0	0	0	0	0	0	0	0	0	0	0	0	0	0	0	0	0	0	0	0	
179392	Temporal_Mid_R	0	86	0	0	0	0	0	0	0	0	0	0	0	0	0	0	0	306	0	0	0	0	0	0	0	0	0	0	0	1802	0	0	0	0	0	330	98	1980	0	434	0	0	0	1476	0	1408	0	304	0	3838	0	10670	0	1806	0	3494	0	360	0	1742	0	264	0	446	0	4494	358	2926	0	0	0	0	0	0	0	0	0	292	0	4052	0	22978	0	446	0	0	0	1294	0	21664	0	348	0	0	0	0	0	0	0	0	0	0	0	0	0	0	0	0	0	0	0	0	0	0	0	0	
22344	Temporal_Pole_Mid_L	0	0	0	0	0	0	0	0	0	0	0	0	0	0	0	0	0	0	0	0	0	0	0	0	0	0	0	0	0	0	0	0	0	0	0	0	294	0	168	0	236	0	0	0	0	0	0	0	0	0	0	0	0	0	2226	0	0	0	0	0	0	0	0	0	0	0	0	0	0	0	0	0	0	0	0	0	0	0	0	0	0	0	2448	0	2688	0	0	0	3112	0	0	0	0	0	0	0	0	0	0	0	0	0	0	0	0	0	0	0	0	0	0	0	0	0	0	0	
9784	Temporal_Pole_Mid_R	0	0	0	0	0	0	0	0	0	0	0	0	0	0	0	0	0	0	0	0	0	0	0	0	0	0	0	0	0	0	0	0	0	0	0	0	0	138	0	134	0	0	0	0	0	0	0	0	0	0	0	0	0	0	0	360	0	0	0	0	0	0	0	0	0	0	0	0	0	0	0	0	0	0	0	0	0	0	0	0	0	252	0	1514	0	1294	0	0	0	1200	0	0	0	0	0	0	0	0	0	0	0	0	0	0	0	0	0	0	0	0	0	0	0	0	0	0	
206504	Temporal_Inf_L	130	0	0	0	0	0	0	0	0	0	0	0	0	0	0	0	1066	0	0	234	0	0	0	0	0	0	0	0	2070	0	0	0	0	0	1224	934	6992	176	518	0	1530	0	202	0	0	0	228	0	0	0	4176	0	2438	0	16304	0	542	0	1258	0	1888	0	1964	0	2382	0	182	0	0	236	0	0	0	0	0	0	926	122	748	0	12952	0	3308	0	32064	0	3112	0	0	0	2044	0	346	0	0	0	98	0	316	0	196	0	346	0	0	0	0	0	0	0	0	0	0	0	0	0	
250376	Temporal_Inf_R	0	368	0	0	0	0	0	0	0	0	0	0	0	0	0	0	0	200	0	142	0	0	0	0	0	0	0	0	0	1698	0	0	0	0	0	2006	172	7962	0	2470	0	968	0	3548	0	2004	0	4028	0	4748	0	3210	0	3600	0	23872	0	1470	0	3292	0	2282	0	2782	0	4004	406	7912	0	832	0	0	0	432	0	0	0	950	0	2986	0	8858	0	1828	0	21664	0	1200	0	0	0	2020	0	220	0	0	0	0	0	396	0	232	0	426	0	0	0	0	0	0	0	0	0	0	0	0	
594200	Cerebelum_Crus1_L	0	0	0	0	0	0	0	0	0	0	0	0	0	0	0	0	0	0	0	0	0	0	0	0	0	0	0	0	0	0	0	0	0	0	0	0	0	0	0	0	0	0	0	0	0	0	6346	2768	0	0	0	0	130	298	19578	2170	0	0	0	0	0	0	0	0	88	0	0	0	0	0	0	0	0	0	0	0	0	0	0	0	206	0	0	0	0	0	0	0	2044	0	0	9920	43348	4166	2514	220	23320	2204	55208	12440	21372	2306	29500	4792	8398	2446	1454	278	340	908	6306	11644	13914	3296	2832	346	
507512	Cerebelum_Crus1_R	0	0	0	0	0	0	0	0	0	0	0	0	0	0	0	0	0	0	0	0	0	0	0	0	0	0	0	0	0	88	0	0	0	0	0	0	0	0	0	0	0	0	0	0	0	0	2508	3606	0	0	0	0	0	170	1390	10294	0	0	0	0	0	0	0	0	0	0	0	94	0	0	0	0	0	0	0	0	0	0	0	88	0	198	0	0	0	348	0	0	0	2020	9920	0	3344	31116	650	3302	4472	22310	8496	57450	1768	9238	1502	26658	1088	8952	0	532	956	2446	12290	9120	11936	3126	2280	0	
420796	Cerebelum_Crus2_L	0	0	0	0	0	0	0	0	0	0	0	0	0	0	0	0	0	0	0	0	0	0	0	0	0	0	0	0	0	0	0	0	0	0	0	0	0	0	0	0	0	0	0	0	0	0	610	116	0	0	0	0	0	0	1642	0	0	0	0	0	0	0	0	0	0	0	0	0	0	0	0	0	0	0	0	0	0	0	0	0	0	0	0	0	0	0	0	0	346	0	43348	3344	0	12662	94	0	680	0	6220	2830	36732	8416	39108	9294	11242	3286	958	218	0	0	0	2562	16066	6684	3784	156	
316744	Cerebelum_Crus2_R	0	0	0	0	0	0	0	0	0	0	0	0	0	0	0	0	0	0	0	0	0	0	0	0	0	0	0	0	0	0	0	0	0	0	0	0	0	0	0	0	0	0	0	0	0	0	0	0	0	0	0	0	0	0	0	0	0	0	0	0	0	0	0	0	0	0	0	0	0	0	0	0	0	0	0	0	0	0	0	0	0	0	0	0	0	0	0	0	0	220	4166	31116	12662	0	0	108	0	206	0	3774	3938	27040	2548	39502	1498	11320	0	176	0	0	0	158	12836	4032	3072	0	
49244	Cerebelum_3_L	0	0	0	0	0	0	0	0	0	0	0	0	0	0	0	0	0	0	0	0	0	0	0	0	0	0	0	0	0	0	0	0	0	0	0	0	0	0	116	0	0	0	0	0	0	0	92	0	0	0	0	0	0	0	124	0	0	0	0	0	0	0	0	0	0	0	0	0	0	0	0	0	0	0	0	0	0	0	0	0	0	0	0	0	0	0	0	0	0	0	2514	650	94	0	0	84	8258	452	3860	972	144	0	206	0	1328	94	266	0	606	2132	1630	824	84	0	92	0	
50528	Cerebelum_3_R	0	0	0	0	0	0	0	0	0	0	0	0	0	0	0	0	0	0	0	0	0	0	0	0	0	0	0	0	0	0	0	0	0	0	0	0	0	226	0	466	0	0	0	0	0	0	0	346	0	0	0	0	0	0	0	186	0	0	0	0	0	0	0	0	0	0	0	0	0	0	0	0	0	0	0	0	0	0	0	0	0	0	0	0	0	0	0	0	0	0	220	3302	0	108	84	0	540	6220	354	6452	0	0	0	210	102	418	0	0	948	2658	1160	292	126	294	368	184	
300968	Cerebelum_4_5_L	0	0	0	0	0	0	0	0	0	0	0	0	0	0	0	0	0	0	0	0	0	0	0	0	0	0	0	0	0	0	0	0	0	0	0	0	170	0	612	0	0	0	0	0	0	0	10134	1202	0	0	0	0	0	170	12016	1180	0	0	0	0	0	0	0	0	0	0	316	0	0	0	0	0	0	0	0	0	0	174	0	0	0	0	0	0	0	0	0	0	98	0	23320	4472	680	0	8258	540	0	5574	33928	7092	964	0	2106	0	3968	1702	580	0	1478	2692	16368	5302	164	1056	1890	2278	
235168	Cerebelum_4_5_R	0	0	0	0	0	0	0	0	0	0	0	0	0	0	0	0	0	0	0	0	0	0	0	0	0	0	0	0	0	0	0	0	0	0	0	0	0	730	0	2130	0	0	0	84	0	0	2246	6994	0	0	0	0	0	272	1530	7416	0	0	0	0	0	0	0	0	0	0	0	136	0	0	0	0	0	0	0	0	0	0	0	0	0	0	0	0	0	0	0	0	0	0	2204	22310	0	206	452	6220	5574	0	4198	29992	0	122	0	574	422	304	0	0	776	3218	16694	2138	248	206	188	0	
487076	Cerebelum_6_L	0	0	0	0	0	0	0	0	0	0	0	0	0	0	0	0	0	0	0	0	0	0	0	0	0	0	0	0	0	0	0	0	0	0	96	0	0	0	0	0	0	0	210	0	0	0	13816	6964	0	0	476	0	1212	770	27056	4864	0	0	0	0	0	0	0	0	0	0	0	0	0	0	0	0	0	0	0	0	0	0	0	0	0	0	0	0	0	0	0	0	316	0	55208	8496	6220	0	3860	354	33928	4198	0	14904	3614	0	7236	466	4778	1446	606	162	1100	1744	12156	19308	3864	1370	1722	1018	
485188	Cerebelum_6_R	0	0	0	0	0	0	0	0	0	0	0	0	0	0	0	0	0	0	0	0	0	0	0	0	0	0	0	0	0	0	0	0	0	0	0	0	0	162	0	484	0	0	0	172	0	0	5052	8962	0	0	0	0	268	1060	2718	15032	0	0	0	0	0	0	0	0	0	0	0	122	0	0	0	0	0	0	0	0	0	0	0	0	0	0	0	0	0	0	0	0	0	396	12440	57450	2830	3774	972	6452	7092	29992	14904	0	1352	2296	1118	6914	1416	2944	0	814	1530	3602	16158	16902	11482	2788	2738	206	
313416	Cerebelum_7b_L	0	0	0	0	0	0	0	0	0	0	0	0	0	0	0	0	0	0	0	0	0	0	0	0	0	0	0	0	0	0	0	0	0	0	0	0	0	0	0	0	0	0	0	0	0	0	0	0	0	0	0	0	0	0	924	0	0	0	0	0	0	0	0	0	0	0	0	0	0	0	0	0	0	0	0	0	0	0	0	0	0	0	0	0	0	0	0	0	196	0	21372	1768	36732	3938	144	0	964	0	3614	1352	0	3450	40550	6034	12174	2384	2098	0	0	0	0	1474	7764	7100	2676	0	
190464	Cerebelum_7b_R	0	0	0	0	0	0	0	0	0	0	0	0	0	0	0	0	0	0	0	0	0	0	0	0	0	0	0	0	0	0	0	0	0	0	0	0	0	0	0	0	0	0	0	0	0	0	0	0	0	0	0	0	0	0	0	82	0	0	0	0	0	0	0	0	0	0	0	0	0	0	0	0	0	0	0	0	0	0	0	0	0	0	0	0	0	0	0	0	0	232	2306	9238	8416	27040	0	0	0	122	0	2296	3450	0	1726	25916	126	4576	0	0	0	0	0	0	7116	2440	150	0	
373228	Cerebelum_8_L	0	0	0	0	0	0	0	0	0	0	0	0	0	0	0	0	0	0	0	0	0	0	0	0	0	0	0	0	0	0	0	0	0	0	0	0	0	0	0	0	0	0	0	0	0	0	0	0	0	0	0	0	0	0	2538	0	0	0	0	0	0	0	0	0	0	0	0	0	0	0	0	0	0	0	0	0	0	0	0	0	0	0	0	0	0	0	0	0	346	0	29500	1502	39108	2548	206	0	2106	0	7236	1118	40550	1726	0	5314	22944	3328	2748	0	0	0	156	1358	7514	9606	4940	222	
360888	Cerebelum_8_R	0	0	0	0	0	0	0	0	0	0	0	0	0	0	0	0	0	0	0	0	0	0	0	0	0	0	0	0	0	0	0	0	0	0	0	0	0	0	0	0	0	0	0	0	0	0	0	156	0	0	0	0	0	0	0	424	0	0	0	0	0	0	0	0	0	0	0	0	0	0	0	0	0	0	0	0	0	0	0	0	0	0	0	0	0	0	0	0	0	426	4792	26658	9294	39502	0	210	0	574	466	6914	6034	25916	5314	0	2942	23204	0	722	0	112	0	1024	11846	8318	5596	0	
204768	Cerebelum_9_L	0	0	0	0	0	0	0	0	0	0	0	0	0	0	0	0	0	0	0	0	0	0	0	0	0	0	0	0	0	0	0	0	0	0	0	0	0	0	0	0	0	0	0	0	0	0	302	0	0	0	0	0	0	0	0	0	0	0	0	0	0	0	0	0	0	0	0	0	0	0	0	0	0	0	0	0	0	0	0	0	0	0	0	0	0	0	0	0	0	0	8398	1088	11242	1498	1328	102	3968	422	4778	1416	12174	126	22944	2942	0	4880	3496	0	296	370	2032	2844	3346	5154	5928	1310	
224892	Cerebelum_9_R	0	0	0	0	0	0	0	0	0	0	0	0	0	0	0	0	0	0	0	0	0	0	0	0	0	0	0	0	0	0	0	0	0	0	0	0	0	0	0	0	0	0	0	0	0	0	558	0	0	0	0	0	0	0	202	0	0	0	0	0	0	0	0	0	0	0	0	0	0	0	0	0	0	0	0	0	0	0	0	0	0	0	0	0	0	0	0	0	0	0	2446	8952	3286	11320	94	418	1702	304	1446	2944	2384	4576	3328	23204	4880	0	0	1586	706	334	2096	4640	7476	9116	11772	2676	
24636	Cerebelum_10_L	0	0	0	0	0	0	0	0	0	0	0	0	0	0	0	0	0	0	0	0	0	0	0	0	0	0	0	0	0	0	0	0	0	0	0	0	0	0	0	0	0	0	0	0	0	0	0	0	0	0	0	0	0	0	0	0	0	0	0	0	0	0	0	0	0	0	0	0	0	0	0	0	0	0	0	0	0	0	0	0	0	0	0	0	0	0	0	0	0	0	1454	0	958	0	266	0	580	0	606	0	2098	0	2748	0	3496	0	0	0	0	112	0	0	0	0	0	0	
14684	Cerebelum_10_R	0	0	0	0	0	0	0	0	0	0	0	0	0	0	0	0	0	0	0	0	0	0	0	0	0	0	0	0	0	0	0	0	0	0	0	0	0	0	0	0	0	0	0	0	0	0	0	0	0	0	0	0	0	0	0	0	0	0	0	0	0	0	0	0	0	0	0	0	0	0	0	0	0	0	0	0	0	0	0	0	0	0	0	0	0	0	0	0	0	0	278	532	218	176	0	0	0	0	162	814	0	0	0	722	0	1586	0	0	0	0	0	356	1020	776	702	0	
36440	Vermis_1_2	0	0	0	0	0	0	0	0	0	0	0	0	0	0	0	0	0	0	0	0	0	0	0	0	0	0	0	0	0	0	0	0	0	0	0	0	0	0	0	0	0	0	0	0	0	0	206	0	0	0	0	0	0	0	122	0	0	0	0	0	0	0	0	0	0	0	0	0	0	0	0	0	0	0	0	0	0	0	0	0	0	0	0	0	0	0	0	0	0	0	340	956	0	0	606	948	1478	776	1100	1530	0	0	0	0	296	706	0	0	0	4494	1888	1048	232	434	760	300	
60660	Vermis_3	0	0	0	0	0	0	0	0	0	0	0	0	0	0	0	0	0	0	0	0	0	0	0	0	0	0	0	0	0	0	0	0	0	0	0	0	208	0	0	0	0	0	0	0	0	0	220	126	0	0	0	0	0	0	0	0	0	0	0	0	0	0	0	0	0	0	0	0	0	0	0	0	0	0	0	0	0	0	0	0	0	0	0	0	0	0	0	0	0	0	908	2446	0	0	2132	2658	2692	3218	1744	3602	0	0	0	112	370	334	112	0	4494	0	3334	728	186	228	370	108	
256460	Vermis_4_5	0	0	0	0	0	0	0	0	0	0	0	0	0	0	0	0	0	0	0	0	0	0	0	0	0	0	0	0	0	0	0	0	0	0	0	452	0	392	0	150	0	0	100	244	0	82	5358	4570	0	0	0	0	94	290	4574	4220	0	0	0	0	0	0	0	0	0	0	0	760	0	0	0	0	0	0	0	0	0	0	0	0	0	0	0	0	0	0	0	0	0	0	6306	12290	0	0	1630	1160	16368	16694	12156	16158	0	0	156	0	2032	2096	0	0	1888	3334	0	7948	210	1274	2386	2858	
273996	Vermis_6	0	0	0	0	0	0	0	0	0	0	0	0	0	0	0	0	0	0	0	0	0	0	0	0	0	0	0	0	0	0	0	0	0	0	0	0	0	0	0	0	0	0	0	96	0	0	6522	8094	0	0	90	0	560	980	5762	5986	0	0	0	0	0	0	0	0	0	0	0	0	0	0	0	0	0	0	0	0	0	0	0	0	0	0	0	0	0	0	0	0	0	0	11644	9120	2562	158	824	292	5302	2138	19308	16902	1474	0	1358	1024	2844	4640	0	356	1048	728	7948	0	6528	3878	5180	3652	
293508	Vermis_7	0	0	0	0	0	0	0	0	0	0	0	0	0	0	0	0	0	0	0	0	0	0	0	0	0	0	0	0	0	0	0	0	0	0	0	0	0	0	0	0	0	0	0	0	0	0	916	946	0	0	0	0	0	192	320	912	0	0	0	0	0	0	0	0	0	0	0	0	0	0	0	0	0	0	0	0	0	0	0	0	0	0	0	0	0	0	0	0	0	0	13914	11936	16066	12836	84	126	164	248	3864	11482	7764	7116	7514	11846	3346	7476	0	1020	232	186	210	6528	0	10506	8644	360	
