data	data	511788	285812	1.18495e+06	1.09143e+06	125112	153384	539528	348912	86840	37216	256848	288028	261828	150020	154920	100176	330812	151492	766292	871348	102072	127804	439088	398924	58036	86372	69788	117640	771792	536700	462388	499772	172828	595368	189644	202964	319564	479276	144384	374016	40152	94804	248792	401820	195776	447956	375296	395800	271240	449388	698884	339496	322776	218500	512884	617656	348796	336576	150704	229180	248480	159532	121828	153700	172792	182500	299252	655156	214000	339100	453848	523484	427712	499136	52864	43780	143188	205816	97048	50692	212280	165100	85944	97172	320216	333976	17764	41268	387976	251888	462264	436176	266980	298056	42376	123368	328656	264884	479400	461564	207132	112372	283816	304336	109276	165956	19064	20808	32696	145400	256020	267356	233884	142960	138856	60352	
data	data	Precentral_L	Precentral_R	Frontal_Sup_L	Frontal_Sup_R	Frontal_Sup_Orb_L	Frontal_Sup_Orb_R	Frontal_Mid_L	Frontal_Mid_R	Frontal_Mid_Orb_L	Frontal_Mid_Orb_R	Frontal_Inf_Oper_L	Frontal_Inf_Oper_R	Frontal_Inf_Tri_L	Frontal_Inf_Tri_R	Frontal_Inf_Orb_L	Frontal_Inf_Orb_R	Rolandic_Oper_L	Rolandic_Oper_R	Supp_Motor_Area_L	Supp_Motor_Area_R	Olfactory_L	Olfactory_R	Frontal_Sup_Medial_L	Frontal_Sup_Medial_R	Frontal_Med_Orb_L	Frontal_Med_Orb_R	Rectus_L	Rectus_R	Insula_L	Insula_R	Cingulum_Ant_L	Cingulum_Ant_R	Cingulum_Mid_L	Cingulum_Mid_R	Cingulum_Post_L	Cingulum_Post_R	Hippocampus_L	Hippocampus_R	ParaHippocampal_L	ParaHippocampal_R	Amygdala_L	Amygdala_R	Calcarine_L	Calcarine_R	Cuneus_L	Cuneus_R	Lingual_L	Lingual_R	Occipital_Sup_L	Occipital_Sup_R	Occipital_Mid_L	Occipital_Mid_R	Occipital_Inf_L	Occipital_Inf_R	Fusiform_L	Fusiform_R	Postcentral_L	Postcentral_R	Parietal_Sup_L	Parietal_Sup_R	Parietal_Inf_L	Parietal_Inf_R	SupraMarginal_L	SupraMarginal_R	Angular_L	Angular_R	Precuneus_L	Precuneus_R	Paracentral_Lobule_L	Paracentral_Lobule_R	Caudate_L	Caudate_R	Putamen_L	Putamen_R	Pallidum_L	Pallidum_R	Thalamus_L	Thalamus_R	Heschl_L	Heschl_R	Temporal_Sup_L	Temporal_Sup_R	Temporal_Pole_Sup_L	Temporal_Pole_Sup_R	Temporal_Mid_L	Temporal_Mid_R	Temporal_Pole_Mid_L	Temporal_Pole_Mid_R	Temporal_Inf_L	Temporal_Inf_R	Cerebelum_Crus1_L	Cerebelum_Crus1_R	Cerebelum_Crus2_L	Cerebelum_Crus2_R	Cerebelum_3_L	Cerebelum_3_R	Cerebelum_4_5_L	Cerebelum_4_5_R	Cerebelum_6_L	Cerebelum_6_R	Cerebelum_7b_L	Cerebelum_7b_R	Cerebelum_8_L	Cerebelum_8_R	Cerebelum_9_L	Cerebelum_9_R	Cerebelum_10_L	Cerebelum_10_R	Vermis_1_2	Vermis_3	Vermis_4_5	Vermis_6	Vermis_7	Vermis_8	Vermis_9	Vermis_10	
511788	Precentral_L	0	5926	37740	10914	0	0	23702	976	0	0	10064	594	1606	234	0	0	12518	250	10546	10250	0	0	216	0	0	0	0	0	8958	412	416	372	104	5038	1054	904	3036	540	834	188	0	0	116	0	0	188	128	0	1874	200	7556	200	2936	268	2450	376	26996	1212	1484	0	4182	92	2586	286	582	0	2012	280	17288	2218	7440	3458	1500	632	182	0	9330	3286	2402	0	2118	0	158	0	1008	0	0	0	1478	0	0	0	0	0	0	0	0	0	0	0	0	0	0	0	0	0	0	0	0	0	0	0	0	0	0	0	
285812	Precentral_R	5926	0	2940	18242	0	0	246	8700	0	0	0	7518	0	110	0	0	200	4214	1940	4178	0	0	0	0	0	0	0	0	796	6014	0	0	406	978	316	534	96	2586	0	638	0	0	0	1576	0	1816	0	706	0	2660	338	1980	0	1002	0	1770	834	23938	106	2394	604	1980	224	4492	152	868	238	6570	2886	6660	1112	2224	0	1154	0	0	0	2580	118	652	0	720	0	0	0	2266	0	0	0	1708	0	0	0	0	0	0	0	0	0	0	0	0	0	0	0	0	0	0	0	0	0	0	0	0	0	0	
1.18495e+06	Frontal_Sup_L	37740	2940	0	27006	4644	124	70510	2202	1742	0	12612	1004	20738	644	6444	0	15904	318	83410	24642	0	138	49616	12048	1950	0	628	0	43222	732	30578	10902	7434	13772	202	0	9334	110	1800	0	0	0	0	0	0	0	180	0	406	0	2130	0	836	0	4948	0	5476	474	374	0	1058	0	272	128	282	0	354	104	8230	704	10688	3512	21618	642	3106	242	12054	2996	1462	0	5172	0	2078	0	1330	0	0	0	5516	0	334	0	0	0	0	0	0	0	678	0	0	0	0	0	0	0	0	0	0	0	0	0	0	0	0	0	
1.09143e+06	Frontal_Sup_R	10914	18242	27006	0	0	11294	5628	46266	0	2490	1036	20450	270	9328	0	5010	1400	6402	20232	78954	0	564	14998	38488	0	2278	0	3474	3946	24686	5094	27480	1510	21336	236	200	842	9730	262	5514	0	306	0	438	0	228	0	724	0	368	340	136	0	828	166	4476	926	4138	120	826	476	1208	116	2378	196	184	102	1558	3652	878	5044	30008	876	24424	320	2116	3484	20848	172	858	234	1558	120	3030	0	748	0	0	86	1340	0	0	0	0	0	0	0	120	0	0	0	0	0	0	0	0	0	0	0	0	0	0	0	0	0	0	
125112	Frontal_Sup_Orb_L	0	0	4644	0	0	184	1596	0	13826	0	134	0	858	0	10682	204	0	0	240	0	1878	548	1832	0	5124	0	7072	328	5020	194	2602	458	0	0	0	0	0	0	0	0	0	0	0	0	0	0	0	0	0	0	0	0	0	0	0	0	0	0	0	0	0	0	0	0	0	0	0	0	0	0	842	294	3534	224	0	0	0	0	0	0	0	0	238	0	0	0	0	0	0	0	0	0	0	0	0	0	0	0	0	0	0	0	0	0	0	0	0	0	0	0	0	0	0	0	0	0	
153384	Frontal_Sup_Orb_R	0	0	124	11294	184	0	0	2578	128	5104	0	466	0	688	154	5098	0	618	0	94	866	2656	494	5156	242	6006	394	9512	0	3562	1368	4794	0	0	0	0	0	152	0	106	0	164	0	0	0	0	0	0	0	0	0	0	0	0	0	0	0	0	0	0	0	0	0	0	0	0	0	0	0	0	900	5540	618	7046	84	0	0	0	0	0	0	0	0	502	0	0	0	0	0	0	0	0	0	0	0	0	0	0	0	0	0	0	0	0	0	0	0	0	0	0	0	0	0	0	0	0	
539528	Frontal_Mid_L	23702	246	70510	5628	1596	0	0	828	2860	0	13314	386	30884	168	6446	0	5698	0	7882	2258	0	0	21388	4326	134	0	0	0	20698	350	11146	2536	4578	3148	0	0	2366	0	368	0	0	0	88	0	0	0	0	0	710	0	2606	0	252	0	430	0	4722	0	606	0	1364	0	84	0	528	0	598	0	230	0	4314	626	2202	94	216	0	2688	618	1020	0	820	0	684	0	394	0	0	0	426	0	0	0	0	0	0	0	0	0	0	0	0	0	0	0	0	0	0	0	0	0	0	0	0	0	0	0	
348912	Frontal_Mid_R	976	8700	2202	46266	0	2578	828	0	0	3896	384	17164	0	13246	0	5606	288	2650	2412	6490	0	0	1012	6390	0	0	0	0	1280	15048	294	1988	0	1884	0	0	148	2296	0	1416	0	0	0	202	0	0	0	178	0	96	170	0	0	256	0	1412	442	1152	0	326	304	254	88	708	132	0	0	540	0	412	1548	9914	126	5054	0	276	224	1152	128	186	0	978	0	1190	0	506	0	0	0	1060	0	0	0	0	0	0	0	0	0	0	0	0	0	0	0	0	0	0	0	0	0	0	0	0	0	0	
86840	Frontal_Mid_Orb_L	0	0	1742	0	13826	128	2860	0	0	0	0	0	2402	0	11918	122	0	0	0	0	500	334	0	0	952	0	2670	174	2086	90	432	230	0	0	0	0	0	0	0	0	0	0	0	0	0	0	0	0	0	0	0	0	0	0	0	0	0	0	0	0	0	0	0	0	0	0	0	0	0	0	354	174	2190	136	0	0	0	0	0	0	0	0	100	0	0	0	0	0	0	0	0	0	0	0	0	0	0	0	0	0	0	0	0	0	0	0	0	0	0	0	0	0	0	0	0	0	
37216	Frontal_Mid_Orb_R	0	0	0	2490	0	5104	0	3896	0	0	0	0	0	1694	0	4352	0	0	0	0	0	0	0	0	0	0	0	530	0	112	0	0	0	0	0	0	0	0	0	0	0	0	0	0	0	0	0	0	0	0	0	0	0	0	0	0	0	0	0	0	0	0	0	0	0	0	0	0	0	0	0	0	0	430	0	0	0	0	0	0	0	0	0	0	0	0	0	0	0	0	0	0	0	0	0	0	0	0	0	0	0	0	0	0	0	0	0	0	0	0	0	0	0	0	0	0	
256848	Frontal_Inf_Oper_L	10064	0	12612	1036	134	0	13314	384	0	0	0	202	12378	436	106	0	12968	0	8214	994	0	0	1668	264	0	0	0	0	27766	288	2708	1274	0	490	0	0	532	0	128	0	0	0	0	0	0	0	0	0	0	0	140	0	0	0	224	0	3048	0	0	0	0	0	0	0	0	0	0	0	0	0	6542	2026	1738	584	0	0	218	0	936	0	1578	0	3198	0	0	0	0	0	232	0	0	0	0	0	0	0	0	0	0	0	0	0	0	0	0	0	0	0	0	0	0	0	0	0	0	0	
288028	Frontal_Inf_Oper_R	594	7518	1004	20450	0	466	386	17164	0	0	202	0	0	15074	0	710	118	6992	1550	8968	0	0	444	2918	0	0	0	164	412	25444	212	1638	0	1494	0	0	0	1926	0	824	0	0	0	0	0	0	0	0	0	0	0	0	0	0	0	496	116	3214	0	378	132	122	0	416	0	0	0	432	0	490	642	9664	96	4416	0	262	0	198	0	382	0	1054	0	4120	0	444	0	172	0	96	0	0	0	0	0	0	0	0	0	0	0	0	0	0	0	0	0	0	0	0	0	0	0	0	0	0	
261828	Frontal_Inf_Tri_L	1606	0	20738	270	858	0	30884	0	2402	0	12378	0	0	0	14044	0	942	0	3976	136	0	0	2666	226	0	0	0	0	28604	0	4354	1362	642	212	0	0	0	0	0	0	0	0	0	0	0	0	0	0	0	0	0	0	0	0	0	0	494	0	0	0	0	0	0	0	0	0	0	0	0	0	1272	318	1376	182	0	0	0	0	0	0	0	0	972	0	0	0	0	0	0	0	0	0	0	0	0	0	0	0	0	0	0	0	0	0	0	0	0	0	0	0	0	0	0	0	0	0	
150020	Frontal_Inf_Tri_R	234	110	644	9328	0	688	168	13246	0	1694	436	15074	0	0	0	2630	200	216	1440	4388	0	0	102	2646	0	0	0	0	540	11812	330	3048	0	1966	0	0	0	592	0	98	0	0	0	0	0	0	0	0	0	0	0	0	0	0	0	0	0	126	0	0	0	0	0	0	0	0	0	0	0	0	602	1124	96	1246	0	102	0	84	0	0	0	0	0	0	0	0	0	0	0	0	0	0	0	0	0	0	0	0	0	0	0	0	0	0	0	0	0	0	0	0	0	0	0	0	0	0	
154920	Frontal_Inf_Orb_L	0	0	6444	0	10682	154	6446	0	11918	0	106	0	14044	0	0	154	0	0	596	0	1688	438	306	0	342	0	1976	210	14328	118	1050	312	120	0	0	0	0	0	86	0	0	0	0	0	0	0	0	0	0	0	0	0	0	0	0	0	0	0	0	0	0	0	0	0	0	0	0	0	0	0	654	214	3998	176	0	0	0	0	0	0	0	0	900	0	0	0	0	0	0	0	0	0	0	0	0	0	0	0	0	0	0	0	0	0	0	0	0	0	0	0	0	0	0	0	0	0	
100176	Frontal_Inf_Orb_R	0	0	0	5010	204	5098	0	5606	122	4352	0	710	0	2630	154	0	0	0	0	176	1032	3198	0	152	0	232	460	3690	0	8176	400	492	0	116	0	0	0	222	0	342	0	154	0	0	0	0	0	0	0	0	0	0	0	0	0	172	0	0	0	0	0	0	0	0	0	0	0	0	0	0	1112	1116	768	2910	90	0	0	0	0	0	0	0	0	1100	0	92	0	0	0	0	0	0	0	0	0	0	0	0	0	0	0	0	0	0	0	0	0	0	0	0	0	0	0	0	0	0	
330812	Rolandic_Oper_L	12518	200	15904	1400	0	0	5698	288	0	0	12968	118	942	200	0	0	0	0	10866	850	0	0	514	102	0	0	0	0	30916	168	794	750	0	386	0	0	2550	0	514	0	0	0	176	0	0	0	0	0	820	0	5128	0	1106	0	2022	0	10852	172	1510	0	1122	0	1598	0	254	0	1226	0	206	0	6556	1684	1606	154	0	0	686	1478	5164	0	9948	0	3632	0	4702	0	0	0	4654	0	134	0	0	0	0	0	0	0	170	0	0	0	0	0	0	0	0	0	0	0	0	0	0	0	0	0	
151492	Rolandic_Oper_R	250	4214	318	6402	0	618	0	2650	0	0	0	6992	0	216	0	0	0	0	776	4512	0	0	0	202	0	124	0	272	0	16244	0	606	0	810	0	0	0	1410	0	212	0	0	0	0	0	104	0	0	0	242	0	120	0	0	0	244	86	4708	0	418	0	192	0	2118	0	0	0	674	0	506	124	1412	0	3116	0	352	0	216	0	3848	0	4370	0	5108	0	744	0	0	0	216	0	0	0	0	0	0	0	0	0	0	0	0	0	0	0	0	0	0	0	0	0	0	0	0	0	0	
766292	Supp_Motor_Area_L	10546	1940	83410	20232	240	0	7882	2412	0	0	8214	1550	3976	1440	596	0	10866	776	0	42654	0	124	10008	5846	136	0	0	0	25178	2698	12764	11412	9752	29048	634	238	5908	382	1052	158	0	0	0	0	0	0	96	0	152	0	932	0	766	0	4026	134	2678	458	166	0	608	0	236	204	0	0	164	154	6278	668	9726	3622	17716	1182	3872	280	1614	1386	850	214	4116	0	1544	0	1070	0	0	0	5174	0	330	0	0	0	0	0	0	0	658	0	0	0	0	0	0	0	0	0	0	0	0	0	0	0	0	0	
871348	Supp_Motor_Area_R	10250	4178	24642	78954	0	94	2258	6490	0	0	994	8968	136	4388	0	176	850	4512	42654	0	0	0	2760	12506	0	0	0	0	2896	11894	1930	13366	7254	56774	2300	3534	622	5886	260	3658	0	84	0	2666	0	2402	0	1034	0	2334	298	2006	284	862	438	3256	1530	10602	0	462	140	974	0	1558	0	164	250	6056	12572	17082	2814	17134	648	11874	320	1856	1932	10716	0	942	128	1352	90	1282	0	1210	0	0	0	1138	0	0	0	0	0	0	0	0	0	0	0	0	0	0	0	0	0	0	0	0	0	0	0	0	0	0	
102072	Olfactory_L	0	0	0	0	1878	866	0	0	500	0	0	0	0	0	1688	1032	0	0	0	0	0	6330	550	0	444	106	2760	1412	2192	966	4222	2466	0	0	0	0	464	0	586	0	486	0	0	0	0	0	0	0	0	0	0	0	0	0	160	0	0	0	0	0	0	0	0	0	0	0	0	0	0	0	7814	5054	5498	2780	0	0	0	0	0	0	0	0	782	0	0	0	0	0	0	0	0	0	0	0	0	0	0	0	0	0	0	0	0	0	0	0	0	0	0	0	0	0	0	0	0	0	
127804	Olfactory_R	0	0	138	564	548	2656	0	0	334	0	0	0	0	0	438	3198	0	0	124	0	6330	0	364	244	90	1308	1728	4730	0	3820	3056	2824	0	0	0	0	0	572	100	752	0	1016	0	0	0	0	0	0	0	0	0	0	0	0	0	0	0	0	0	0	0	0	0	0	0	0	0	0	0	0	8470	8084	6076	4920	1140	148	0	0	0	0	0	0	0	130	0	0	0	0	0	0	0	0	0	0	0	0	0	0	0	0	0	0	0	0	0	0	0	0	0	0	0	0	0	0	0	0	
439088	Frontal_Sup_Medial_L	216	0	49616	14998	1832	494	21388	1012	0	0	1668	444	2666	102	306	0	514	0	10008	2760	550	364	0	25204	3754	576	852	136	5040	456	33372	15002	5514	10072	0	0	0	0	124	0	0	0	0	0	0	0	0	0	0	0	0	0	0	0	0	0	114	0	0	0	0	0	0	0	0	0	0	0	0	0	5336	888	3930	0	0	0	0	0	0	0	88	0	148	0	0	0	0	0	0	0	0	0	0	0	0	0	0	0	0	0	0	0	0	0	0	0	0	0	0	0	0	0	0	0	0	0	
398924	Frontal_Sup_Medial_R	0	0	12048	38488	0	5156	4326	6390	0	0	264	2918	226	2646	0	152	102	202	5846	12506	0	244	25204	0	430	6760	0	4312	542	4412	7638	27416	428	15528	0	0	0	124	0	0	0	0	0	0	0	0	0	0	0	0	0	0	0	0	0	0	0	0	0	0	0	0	0	0	0	0	0	0	0	0	1196	8756	182	4866	0	0	0	0	0	0	0	0	0	154	0	0	0	0	0	0	0	0	0	0	0	0	0	0	0	0	0	0	0	0	0	0	0	0	0	0	0	0	0	0	0	0	
58036	Frontal_Med_Orb_L	0	0	1950	0	5124	242	134	0	952	0	0	0	0	0	342	0	0	0	136	0	444	90	3754	430	0	1194	3774	218	300	0	6214	918	0	0	0	0	0	0	0	0	0	0	0	0	0	0	0	0	0	0	0	0	0	0	0	0	0	0	0	0	0	0	0	0	0	0	0	0	0	0	1050	128	1624	0	0	0	0	0	0	0	0	0	0	0	0	0	0	0	0	0	0	0	0	0	0	0	0	0	0	0	0	0	0	0	0	0	0	0	0	0	0	0	0	0	0	0	
86372	Frontal_Med_Orb_R	0	0	0	2278	0	6006	0	0	0	0	0	0	0	0	0	232	0	124	0	0	106	1308	576	6760	1194	0	214	8144	0	454	1856	5832	0	0	0	0	0	0	0	0	0	0	0	0	0	0	0	0	0	0	0	0	0	0	0	0	0	0	0	0	0	0	0	0	0	0	0	0	0	0	146	4304	90	3476	0	0	0	0	0	0	0	0	0	86	0	0	0	0	0	0	0	0	0	0	0	0	0	0	0	0	0	0	0	0	0	0	0	0	0	0	0	0	0	0	0	0	
69788	Rectus_L	0	0	628	0	7072	394	0	0	2670	0	0	0	0	0	1976	460	0	0	0	0	2760	1728	852	0	3774	214	0	816	642	446	4054	956	0	0	0	0	0	0	0	0	0	0	0	0	0	0	0	0	0	0	0	0	0	0	0	0	0	0	0	0	0	0	0	0	0	0	0	0	0	0	2218	972	1724	538	0	0	0	0	0	0	0	0	0	0	0	0	0	0	0	0	0	0	0	0	0	0	0	0	0	0	0	0	0	0	0	0	0	0	0	0	0	0	0	0	0	0	
117640	Rectus_R	0	0	0	3474	328	9512	0	0	174	530	0	164	0	0	210	3690	0	272	0	0	1412	4730	136	4312	218	8144	816	0	0	3750	1162	4150	0	0	0	0	0	0	0	194	0	0	0	0	0	0	0	0	0	0	0	0	0	0	0	0	0	0	0	0	0	0	0	0	0	0	0	0	0	0	1364	4316	978	4444	114	0	0	0	0	0	0	0	0	226	0	0	0	0	0	0	0	0	0	0	0	0	0	0	0	0	0	0	0	0	0	0	0	0	0	0	0	0	0	0	0	0	
771792	Insula_L	8958	796	43222	3946	5020	0	20698	1280	2086	0	27766	412	28604	540	14328	0	30916	0	25178	2896	2192	0	5040	542	300	0	642	0	0	484	7578	3168	320	1118	0	0	15212	112	1896	86	2500	0	134	0	0	0	174	0	730	0	6772	0	6012	0	10914	0	3260	194	792	0	568	0	238	0	204	0	902	0	136	0	15266	3506	17922	890	128	0	3178	1440	10322	0	13286	0	7470	0	6116	0	0	0	15276	0	508	0	0	0	0	0	120	0	1602	0	0	0	0	0	0	0	0	0	0	0	0	0	0	0	0	0	
536700	Insula_R	412	6014	732	24686	194	3562	350	15048	90	112	288	25444	0	11812	118	8176	168	16244	2698	11894	966	3820	456	4412	0	454	446	3750	484	0	766	4024	0	3004	308	348	290	15830	258	7568	0	4344	0	158	0	286	100	484	0	498	0	210	0	994	0	8168	120	3100	0	524	100	240	0	360	0	138	0	1292	0	954	1818	12658	876	24966	84	224	0	1336	0	3980	0	8224	0	6752	0	3066	0	608	0	4376	0	386	0	0	0	0	0	1034	0	666	0	0	0	0	0	0	0	0	0	0	0	0	0	0	0	0	
462388	Cingulum_Ant_L	416	0	30578	5094	2602	1368	11146	294	432	0	2708	212	4354	330	1050	400	794	0	12764	1930	4222	3056	33372	7638	6214	1856	4054	1162	7578	766	0	27618	10052	6094	0	0	178	0	176	0	0	0	0	0	0	0	0	0	0	0	108	0	0	0	0	0	288	0	0	0	0	0	0	0	0	0	0	0	0	0	14550	6414	14436	3790	0	0	290	302	0	0	172	0	248	0	0	0	0	0	88	0	0	0	0	0	0	0	0	0	0	0	0	0	0	0	0	0	0	0	0	0	0	0	0	0	0	0	
499772	Cingulum_Ant_R	372	0	10902	27480	458	4794	2536	1988	230	0	1274	1638	1362	3048	312	492	750	606	11412	13366	2466	2824	15002	27416	918	5832	956	4150	3168	4024	27618	0	2584	21286	0	0	0	222	0	128	0	0	0	0	0	0	0	0	0	0	0	0	0	0	0	90	236	0	0	0	0	0	0	0	0	0	0	0	0	0	8178	18784	6572	10638	0	0	300	3000	0	0	0	0	0	474	0	0	0	0	0	0	0	0	0	0	0	0	0	0	0	0	0	0	0	0	0	0	0	0	0	0	0	0	0	0	0	0	
172828	Cingulum_Mid_L	104	406	7434	1510	0	0	4578	0	0	0	0	0	642	0	120	0	0	0	9752	7254	0	0	5514	428	0	0	0	0	320	0	10052	2584	0	16110	3902	774	142	0	0	0	0	0	124	0	958	384	0	0	794	204	754	216	0	0	0	0	182	0	628	0	0	0	0	0	0	0	3476	1412	4536	398	0	0	220	0	168	0	128	88	0	0	0	0	0	0	118	0	0	0	0	0	0	0	0	0	0	0	0	0	0	0	0	0	0	0	0	0	0	0	0	0	0	0	0	0	0	0	
595368	Cingulum_Mid_R	5038	978	13772	21336	0	0	3148	1884	0	0	490	1494	212	1966	0	116	386	810	29048	56774	0	0	10072	15528	0	0	0	0	1118	3004	6094	21286	16110	0	5196	7960	0	796	0	270	0	0	0	3606	480	4844	0	1136	276	2402	416	2692	430	286	482	536	1636	4708	134	184	0	104	0	110	0	0	2648	12556	10058	14474	1250	2794	150	814	0	196	0	1638	0	258	0	170	0	0	0	786	0	0	0	544	0	0	0	0	0	0	0	0	0	0	0	0	0	0	0	0	0	0	0	0	0	0	0	0	0	0	
189644	Cingulum_Post_L	1054	316	202	236	0	0	0	0	0	0	0	0	0	0	0	0	0	0	634	2300	0	0	0	0	0	0	0	0	0	308	0	0	3902	5196	0	15068	3006	5776	3188	2786	0	0	854	508	1928	342	1700	716	638	282	3530	276	4212	2178	3816	3458	3012	1178	1026	0	0	0	0	0	0	0	7502	3292	4924	3002	0	0	0	140	0	0	196	750	0	0	0	164	0	0	92	222	0	0	334	352	0	0	0	0	0	0	0	0	0	0	0	0	0	0	0	0	0	0	0	0	226	0	0	0	0	0	
202964	Cingulum_Post_R	904	534	0	200	0	0	0	0	0	0	0	0	0	0	0	0	0	0	238	3534	0	0	0	0	0	0	0	0	0	348	0	0	774	7960	15068	0	2478	6702	2782	3028	0	0	0	3830	666	1608	1202	3106	128	368	2386	702	2302	2406	2760	4340	1810	1746	0	0	0	0	0	0	0	0	2978	12778	1782	5152	0	0	0	166	0	0	194	810	0	0	0	240	0	0	0	1098	0	0	0	1848	0	0	0	0	0	0	0	0	0	0	0	0	0	0	0	0	0	0	0	0	526	0	0	0	0	0	
319564	Hippocampus_L	3036	96	9334	842	0	0	2366	148	0	0	532	0	0	0	0	0	2550	0	5908	622	464	0	0	0	0	0	0	0	15212	290	178	0	142	0	3006	2478	0	2568	17392	2418	7942	0	630	0	0	0	3896	378	110	0	1128	0	1664	0	23512	630	260	0	86	0	0	0	0	0	0	0	1554	410	134	0	1226	134	12466	186	1216	0	5628	1498	3894	0	2402	114	1590	0	878	0	0	0	12572	0	938	0	120	0	0	0	422	0	2280	0	0	0	0	0	0	0	0	0	0	92	210	0	0	0	0	0	
479276	Hippocampus_R	540	2586	110	9730	0	152	0	2296	0	0	0	1926	0	592	0	222	0	1410	382	5886	0	572	0	124	0	0	0	0	112	15830	0	222	0	796	5776	6702	2568	0	2562	45732	0	13906	100	1320	0	188	1172	5046	0	164	1554	144	1432	6716	1828	41338	646	740	0	0	0	0	0	0	0	0	338	4018	362	1074	174	416	0	23796	0	1510	328	6444	0	1498	0	3000	0	982	0	1340	0	168	0	4012	0	776	0	96	0	126	0	3398	0	1484	0	0	0	104	0	150	0	0	0	0	608	106	98	0	110	0	
144384	ParaHippocampal_L	834	0	1800	262	0	0	368	0	0	0	128	0	0	0	86	0	514	0	1052	260	586	100	124	0	0	0	0	0	1896	258	176	0	0	0	3188	2782	17392	2562	0	2362	2596	0	618	0	0	0	4264	416	0	0	1442	0	1258	0	10216	692	0	0	0	0	0	0	0	0	0	0	1320	412	104	0	658	0	2930	134	126	0	2864	1272	84	0	0	100	682	0	148	0	376	0	1318	0	146	0	0	0	86	0	512	0	276	0	0	0	0	0	0	0	0	0	0	206	206	0	0	0	0	0	
374016	ParaHippocampal_R	188	638	0	5514	0	106	0	1416	0	0	0	824	0	98	0	342	0	212	158	3658	0	752	0	0	0	0	0	194	86	7568	0	128	0	270	2786	3028	2418	45732	2362	0	0	11494	94	946	0	0	954	7014	0	0	554	110	428	4074	648	34066	136	254	0	0	0	0	0	0	0	0	246	3060	0	418	118	234	0	16960	0	1430	324	5358	0	972	0	1352	0	3380	0	482	0	2042	0	1940	0	1022	0	128	0	322	0	4362	0	1920	0	0	0	164	0	250	0	0	0	0	522	236	118	142	256	0	
40152	Amygdala_L	0	0	0	0	0	0	0	0	0	0	0	0	0	0	0	0	0	0	0	0	486	0	0	0	0	0	0	0	2500	0	0	0	0	0	0	0	7942	0	2596	0	0	0	0	0	0	0	0	0	0	0	0	0	0	0	3208	0	0	0	0	0	0	0	0	0	0	0	0	0	0	0	160	0	464	0	0	0	0	0	0	0	0	0	1036	0	0	0	0	0	1684	0	0	0	0	0	0	0	0	0	0	0	0	0	0	0	0	0	0	0	0	0	0	0	0	0	0	0	
94804	Amygdala_R	0	0	0	306	0	164	0	0	0	0	0	0	0	0	0	154	0	0	0	84	0	1016	0	0	0	0	0	0	0	4344	0	0	0	0	0	0	0	13906	0	11494	0	0	0	0	0	0	0	94	0	0	0	0	0	0	0	6910	0	0	0	0	0	0	0	0	0	0	0	0	0	0	0	0	0	5444	0	0	0	0	0	0	0	0	0	1408	0	0	0	314	0	160	0	272	0	0	0	0	0	750	0	482	0	0	0	0	0	100	0	0	0	0	0	0	0	0	0	0	
248792	Calcarine_L	116	0	0	0	0	0	88	0	0	0	0	0	0	0	0	0	176	0	0	0	0	0	0	0	0	0	0	0	134	0	0	0	124	0	854	0	630	100	618	94	0	0	0	9908	16324	4602	14162	3138	12570	1280	25594	0	7698	0	1762	0	430	0	0	0	106	0	0	0	1142	0	13808	422	796	0	0	0	0	0	0	0	0	0	0	0	0	0	0	0	2206	0	0	0	964	0	302	0	0	0	0	162	440	302	322	362	0	0	0	228	0	228	0	0	0	152	1006	542	0	258	246	0	
401820	Calcarine_R	0	1576	0	438	0	0	0	202	0	0	0	0	0	0	0	0	0	0	0	2666	0	0	0	0	0	0	0	0	0	158	0	0	0	3606	508	3830	0	1320	0	946	0	0	9908	0	9848	25188	2122	32238	952	17236	470	15784	194	8170	216	7838	0	3266	0	258	0	94	0	0	0	0	2160	32512	578	4564	0	0	0	180	0	0	0	0	0	0	0	126	0	0	0	6334	0	0	0	4664	0	0	0	0	0	0	0	114	0	260	0	0	0	0	0	0	0	0	0	0	196	190	0	0	0	0	
195776	Cuneus_L	0	0	0	0	0	0	0	0	0	0	0	0	0	0	0	0	0	0	0	0	0	0	0	0	0	0	0	0	0	0	0	0	958	480	1928	666	0	0	0	0	0	0	16324	9848	0	10978	1906	2670	21036	2058	7572	132	208	0	0	0	282	0	2734	0	166	0	0	0	174	0	14598	2530	438	0	0	0	0	0	0	0	0	0	0	0	0	0	0	0	202	0	0	0	0	0	0	0	0	0	0	0	0	0	0	0	0	0	0	0	0	0	0	0	0	0	0	0	0	0	0	0	
447956	Cuneus_R	188	1816	0	228	0	0	0	0	0	0	0	0	0	0	0	0	0	104	0	2402	0	0	0	0	0	0	0	0	0	286	0	0	384	4844	342	1608	0	188	0	0	0	0	4602	25188	10978	0	542	8816	1454	43426	540	14140	0	652	0	836	154	4792	0	14556	0	1732	0	1938	0	3754	7286	40406	666	10930	0	0	0	0	0	0	0	126	0	94	0	1452	0	0	0	8684	0	0	0	3694	0	0	0	0	0	0	0	0	0	0	0	0	0	0	0	0	0	0	0	0	150	0	0	0	0	0	
375296	Lingual_L	128	0	180	0	0	0	0	0	0	0	0	0	0	0	0	0	0	0	96	0	0	0	0	0	0	0	0	0	174	100	0	0	0	0	1700	1202	3896	1172	4264	954	0	0	14162	2122	1906	542	0	4094	3706	226	20986	0	15742	436	22058	1260	0	0	0	0	0	0	0	0	122	0	3986	310	0	0	0	0	0	0	0	0	876	444	0	0	0	0	0	0	334	0	0	0	408	0	10550	2400	540	222	508	758	16976	2738	19752	4548	154	0	384	422	174	1082	0	0	132	874	8042	6448	622	698	1200	838	
395800	Lingual_R	0	706	0	724	0	0	0	178	0	0	0	0	0	0	0	0	0	0	0	1034	0	0	0	0	0	0	0	0	0	484	0	0	0	1136	716	3106	378	5046	416	7014	0	94	3138	32238	2670	8816	4094	0	124	7916	234	9912	208	12822	462	24924	0	1438	0	114	0	0	0	0	0	0	554	17716	132	1680	0	0	0	1406	0	0	0	1074	0	106	0	134	0	0	0	2192	0	0	0	2424	1168	4082	0	228	0	534	1774	5776	3398	9646	0	0	90	246	0	284	0	0	0	424	4006	7018	1012	278	376	0	
271240	Occipital_Sup_L	1874	0	406	0	0	0	710	0	0	0	0	0	0	0	0	0	820	0	152	0	0	0	0	0	0	0	0	0	730	0	0	0	794	276	638	128	110	0	0	0	0	0	12570	952	21036	1454	3706	124	0	98	36436	0	1678	0	472	0	4798	0	10196	0	5772	0	806	0	4190	0	18410	1004	584	0	0	0	0	0	0	0	0	0	0	0	638	0	0	0	3184	0	0	0	874	0	0	0	0	0	0	0	0	0	0	0	0	0	0	0	0	0	0	0	0	0	0	0	0	0	0	0	
449388	Occipital_Sup_R	200	2660	0	368	0	0	0	96	0	0	0	0	0	0	0	0	0	242	0	2334	0	0	0	0	0	0	0	0	0	498	0	0	204	2402	282	368	0	164	0	0	0	0	1280	17236	2058	43426	226	7916	98	0	0	30080	0	2410	0	1510	146	6868	0	17074	0	5900	0	3268	0	12724	1078	32736	470	11108	0	0	0	0	0	0	0	142	0	118	0	1788	0	0	0	10956	0	0	0	4260	0	0	0	0	0	0	0	0	0	0	0	0	0	0	0	0	0	0	0	0	0	0	0	0	0	0	
698884	Occipital_Mid_L	7556	338	2130	340	0	0	2606	170	0	0	140	0	0	0	0	0	5128	0	932	298	0	0	0	0	0	0	0	0	6772	0	108	0	754	416	3530	2386	1128	1554	1442	554	0	0	25594	470	7572	540	20986	234	36436	0	0	0	41240	842	15906	1328	19076	210	16886	0	21252	0	3086	0	23952	0	19248	556	4182	352	658	0	0	0	0	0	0	92	2858	0	3952	0	0	0	26432	0	0	0	14000	142	586	0	0	0	0	0	614	106	654	98	0	0	0	0	0	96	0	0	0	0	540	268	0	0	116	0	
339496	Occipital_Mid_R	200	1980	0	136	0	0	0	0	0	0	0	0	0	0	0	0	0	120	0	2006	0	0	0	0	0	0	0	0	0	210	0	0	216	2692	276	702	0	144	0	110	0	0	0	15784	132	14140	0	9912	0	30080	0	0	0	6722	0	3342	146	4942	0	5224	0	6880	0	802	0	16918	398	15658	518	6764	0	0	0	0	0	0	0	0	0	0	0	920	0	0	0	20044	0	0	0	1630	0	0	0	0	0	0	0	0	0	0	0	0	0	0	0	0	0	0	0	0	0	0	0	0	0	0	
322776	Occipital_Inf_L	2936	0	836	0	0	0	252	0	0	0	0	0	0	0	0	0	1106	0	766	284	0	0	0	0	0	0	0	0	6012	0	0	0	0	430	4212	2302	1664	1432	1258	428	0	0	7698	194	208	0	15742	208	1678	0	41240	0	0	844	22092	1308	928	180	114	0	624	0	546	0	908	0	3968	362	2168	362	88	0	264	0	0	0	136	0	3858	0	1144	0	0	0	6636	0	0	0	14868	144	392	0	0	0	0	158	1674	292	2296	334	0	0	0	84	0	340	0	0	0	182	1520	900	0	182	346	260	
218500	Occipital_Inf_R	268	1002	0	828	0	0	0	256	0	0	0	0	0	0	0	0	0	0	0	862	0	0	0	0	0	0	0	0	0	994	0	0	0	286	2178	2406	0	6716	0	4074	0	0	0	8170	0	652	436	12822	0	2410	842	6722	844	0	1008	24384	408	998	0	0	0	0	0	0	0	0	0	6242	240	1058	0	0	0	532	0	0	0	142	0	560	0	722	0	0	0	3892	0	0	0	7712	164	744	0	0	0	148	192	944	378	3302	0	0	0	0	0	0	0	0	0	138	486	1748	222	0	118	0	
512884	Fusiform_L	2450	0	4948	166	0	0	430	0	0	0	224	0	0	0	0	0	2022	0	4026	438	160	0	0	0	0	0	0	0	10914	0	0	0	0	482	3816	2760	23512	1828	10216	648	3208	0	1762	216	0	0	22058	462	472	0	15906	0	22092	1008	0	1620	126	190	0	0	0	0	0	0	0	0	1648	382	900	400	576	0	6400	0	0	0	2810	276	2914	0	2532	0	2520	0	3790	0	1060	0	22110	160	17548	494	1242	0	130	312	12532	502	26830	1058	520	0	174	188	148	608	0	0	0	354	3054	2452	164	358	634	502	
617656	Fusiform_R	376	1770	0	4476	0	0	0	1412	0	0	0	496	0	0	0	172	0	244	134	3256	0	0	0	0	0	0	0	0	0	8168	0	90	0	536	3458	4340	630	41338	692	34066	0	6910	0	7838	0	836	1260	24924	0	1510	1328	3342	1308	24384	1620	0	528	962	0	0	0	0	0	0	0	0	132	8892	298	1312	0	126	0	13432	0	846	96	1200	0	1224	0	3610	0	4718	0	4804	0	2306	0	16514	534	17596	0	1000	0	726	514	11616	1252	24230	0	0	86	514	0	364	0	0	0	552	1608	4746	806	244	526	0	
348796	Postcentral_L	26996	834	5476	926	0	0	4722	442	0	0	3048	116	494	0	0	0	10852	86	2678	1530	0	0	114	0	0	0	0	0	3260	120	288	236	182	1636	3012	1810	260	646	0	136	0	0	430	0	282	154	0	0	4798	146	19076	146	928	408	126	528	0	856	9020	0	22308	0	10142	108	7650	0	4354	282	5078	1396	2882	862	450	226	0	0	0	692	1384	0	3910	0	0	0	3636	0	0	0	2240	0	0	0	0	0	0	0	0	0	0	0	0	0	0	0	0	0	0	0	0	0	0	0	0	0	0	0	
336576	Postcentral_R	1212	23938	474	4138	0	0	0	1152	0	0	0	3214	0	126	0	0	172	4708	458	10602	0	0	0	0	0	0	0	0	194	3100	0	0	0	4708	1178	1746	0	740	0	254	0	0	0	3266	0	4792	0	1438	0	6868	210	4942	180	998	190	962	856	0	0	9244	86	8946	0	13730	0	2636	298	12788	1576	20632	444	1180	0	280	0	0	0	1460	0	606	0	1852	0	0	0	3938	0	0	0	1776	0	0	0	0	0	0	0	0	0	0	0	0	0	0	0	0	0	0	0	0	0	0	0	0	0	0	
150704	Parietal_Sup_L	1484	106	374	120	0	0	606	0	0	0	0	0	0	0	0	0	1510	0	166	0	0	0	0	0	0	0	0	0	792	0	0	0	628	134	1026	0	86	0	0	0	0	0	0	0	2734	0	0	0	10196	0	16886	0	114	0	0	0	9020	0	0	0	11340	0	560	0	2000	0	10566	654	244	0	284	0	0	0	0	0	0	0	0	0	1526	0	0	0	1044	0	0	0	1152	0	0	0	0	0	0	0	0	0	0	0	0	0	0	0	0	0	0	0	0	0	0	0	0	0	0	0	
229180	Parietal_Sup_R	0	2394	0	826	0	0	0	326	0	0	0	378	0	0	0	0	0	418	0	462	0	0	0	0	0	0	0	0	0	524	0	0	0	184	0	0	0	0	0	0	0	0	0	258	0	14556	0	114	0	17074	0	5224	0	0	0	0	0	9244	0	0	0	9648	0	3948	0	9252	1144	22426	0	9010	0	0	0	0	0	0	0	0	0	0	0	924	0	0	0	4572	0	0	0	1684	0	0	0	0	0	0	0	0	0	0	0	0	0	0	0	0	0	0	0	0	0	0	0	0	0	0	
248480	Parietal_Inf_L	4182	604	1058	476	0	0	1364	304	0	0	0	132	0	0	0	0	1122	0	608	140	0	0	0	0	0	0	0	0	568	100	0	0	0	0	0	0	0	0	0	0	0	0	106	0	166	0	0	0	5772	0	21252	0	624	0	0	0	22308	86	11340	0	0	0	15972	0	23240	0	1306	0	890	0	994	0	0	0	0	0	0	0	0	0	876	0	0	0	5616	0	0	0	3034	0	0	0	0	0	0	0	0	0	0	0	0	0	0	0	0	0	0	0	0	0	0	0	0	0	0	0	
159532	Parietal_Inf_R	92	1980	0	1208	0	0	0	254	0	0	0	122	0	0	0	0	0	192	0	974	0	0	0	0	0	0	0	0	0	240	0	0	0	104	0	0	0	0	0	0	0	0	0	94	0	1732	0	0	0	5900	0	6880	0	0	0	0	0	8946	0	9648	0	0	0	13972	0	18156	0	4502	0	2316	0	0	0	0	0	0	0	0	0	0	0	158	0	0	0	1522	0	0	0	774	0	0	0	0	0	0	0	0	0	0	0	0	0	0	0	0	0	0	0	0	0	0	0	0	0	0	
121828	SupraMarginal_L	2586	224	272	116	0	0	84	88	0	0	0	0	0	0	0	0	1598	0	236	0	0	0	0	0	0	0	0	0	238	0	0	0	0	0	0	0	0	0	0	0	0	0	0	0	0	0	0	0	806	0	3086	0	546	0	0	0	10142	0	560	0	15972	0	0	0	6616	0	288	0	230	0	688	0	0	0	0	0	0	0	84	0	4984	0	0	0	8580	0	0	0	2890	0	0	0	0	0	0	0	0	0	0	0	0	0	0	0	0	0	0	0	0	0	0	0	0	0	0	0	
153700	SupraMarginal_R	286	4492	128	2378	0	0	0	708	0	0	0	416	0	0	0	0	0	2118	204	1558	0	0	0	0	0	0	0	0	0	360	0	0	0	110	0	0	0	0	0	0	0	0	0	0	0	1938	0	0	0	3268	0	802	0	0	0	0	108	13730	0	3948	0	13972	0	0	0	7280	0	3926	0	1258	156	186	0	0	0	0	0	278	0	0	0	5428	0	0	0	6008	0	0	0	1806	0	0	0	0	0	0	0	0	0	0	0	0	0	0	0	0	0	0	0	0	0	0	0	0	0	0	
172792	Angular_L	582	152	282	196	0	0	528	132	0	0	0	0	0	0	0	0	254	0	0	0	0	0	0	0	0	0	0	0	204	0	0	0	0	0	0	0	0	0	0	0	0	0	1142	0	174	0	122	0	4190	0	23952	0	908	0	0	0	7650	0	2000	0	23240	0	6616	0	0	0	624	0	594	0	248	0	0	0	0	0	0	0	0	0	568	0	0	0	9300	0	0	0	2738	0	0	0	0	0	0	0	0	0	0	0	0	0	0	0	0	0	0	0	0	0	0	0	0	0	0	0	
182500	Angular_R	0	868	0	184	0	0	0	0	0	0	0	0	0	0	0	0	0	0	0	164	0	0	0	0	0	0	0	0	0	138	0	0	0	0	0	0	0	0	0	0	0	0	0	0	0	3754	0	0	0	12724	0	16918	0	0	0	0	0	2636	0	9252	0	18156	0	7280	0	0	0	6172	0	2286	0	0	0	0	0	0	0	0	0	0	0	2702	0	0	0	6584	0	0	0	1432	0	0	0	0	0	0	0	0	0	0	0	0	0	0	0	0	0	0	0	0	0	0	0	0	0	0	
299252	Precuneus_L	2012	238	354	102	0	0	598	0	0	0	0	0	0	0	0	0	1226	0	164	250	0	0	0	0	0	0	0	0	902	0	0	0	3476	2648	7502	2978	1554	338	1320	246	0	0	13808	2160	14598	7286	3986	554	18410	1078	19248	398	3968	0	1648	132	4354	298	10566	1144	1306	0	288	0	624	0	0	11356	2114	862	214	0	0	0	0	0	0	138	0	0	500	0	0	0	1472	0	0	0	1098	0	0	0	0	0	0	0	0	0	0	0	0	0	0	0	0	0	0	0	0	0	110	0	0	0	0	0	
655156	Precuneus_R	280	6570	104	1558	0	0	0	540	0	0	0	432	0	0	0	0	0	674	154	6056	0	0	0	0	0	0	0	0	0	1292	0	0	1412	12556	3292	12778	410	4018	412	3060	0	0	422	32512	2530	40406	310	17716	1004	32736	556	15658	362	6242	382	8892	282	12788	654	22426	0	4502	0	3926	0	6172	11356	0	1248	22376	0	112	0	736	0	0	0	476	0	250	0	2220	0	0	0	11718	0	0	0	8598	0	102	0	0	0	0	0	806	0	352	0	0	0	0	0	0	0	0	0	0	1020	132	0	0	0	0	
214000	Paracentral_Lobule_L	17288	2886	8230	3652	0	0	230	0	0	0	0	0	0	0	0	0	206	0	6278	12572	0	0	0	0	0	0	0	0	136	0	0	0	4536	10058	4924	1782	134	362	104	0	0	0	796	578	438	666	0	132	584	470	4182	518	2168	240	900	298	5078	1576	244	0	890	0	230	0	594	0	2114	1248	0	6432	100	1246	102	0	0	0	230	110	0	0	122	0	0	0	522	0	0	0	814	0	0	0	0	0	0	0	0	0	0	0	0	0	0	0	0	0	0	0	0	0	0	0	0	0	0	0	
339100	Paracentral_Lobule_R	2218	6660	704	878	0	0	0	412	0	0	0	490	0	0	0	0	0	506	668	17082	0	0	0	0	0	0	0	0	0	954	0	0	398	14474	3002	5152	0	1074	0	418	0	0	0	4564	0	10930	0	1680	0	11108	352	6764	362	1058	400	1312	1396	20632	0	9010	0	2316	0	1258	0	2286	862	22376	6432	0	0	134	0	114	0	0	0	166	0	334	0	1488	0	0	0	4648	0	0	0	2478	0	0	0	0	0	0	0	0	0	0	0	0	0	0	0	0	0	0	0	0	0	0	0	0	0	0	
453848	Caudate_L	7440	1112	10688	5044	842	900	4314	1548	354	0	6542	642	1272	602	654	1112	6556	124	9726	2814	7814	8470	5336	1196	1050	146	2218	1364	15266	1818	14550	8178	0	1250	0	0	1226	174	658	118	160	0	0	0	0	0	0	0	0	0	658	0	88	0	576	0	2882	444	284	0	994	0	688	156	248	0	214	0	100	0	0	23336	29076	10814	3736	2456	10754	2776	628	0	1532	0	548	0	102	0	0	0	404	0	0	0	0	0	0	0	0	0	152	0	0	0	0	0	0	0	0	0	0	0	0	0	0	0	0	0	
523484	Caudate_R	3458	2224	3512	30008	294	5540	626	9914	174	0	2026	9664	318	1124	214	1116	1684	1412	3622	17134	5054	8084	888	8756	128	4304	972	4316	3506	12658	6414	18784	0	2794	0	0	134	416	0	234	0	0	0	0	0	0	0	0	0	0	0	0	0	0	0	126	862	1180	0	0	0	0	0	186	0	0	0	112	1246	134	23336	0	12748	26350	2246	3850	1582	15038	118	194	174	0	140	614	0	0	0	0	0	0	0	0	0	0	0	0	0	0	0	0	0	0	0	0	0	0	0	0	0	0	0	0	0	0	0	0	
427712	Putamen_L	1500	0	21618	876	3534	618	2202	126	2190	0	1738	96	1376	96	3998	768	1606	0	17716	648	5498	6076	3930	182	1624	90	1724	978	17922	876	14436	6572	220	150	0	0	12466	0	2930	0	464	0	0	0	0	0	0	0	0	0	0	0	264	0	6400	0	450	0	0	0	0	0	0	0	0	0	0	0	102	0	29076	12748	0	7156	6724	1184	1986	0	0	0	2364	0	1300	0	592	0	0	0	5032	0	426	0	0	0	0	0	190	0	1018	0	0	0	0	0	0	0	0	0	0	0	0	0	0	0	0	0	
499136	Putamen_R	632	1154	642	24424	224	7046	94	5054	136	430	584	4416	182	1246	176	2910	154	3116	1182	11874	2780	4920	0	4866	0	3476	538	4444	890	24966	3790	10638	0	814	140	166	186	23796	134	16960	0	5444	0	180	0	0	0	1406	0	0	0	0	0	532	0	13432	226	280	0	0	0	0	0	0	0	0	0	736	0	114	10814	26350	7156	0	996	3878	0	2778	0	270	0	442	0	1678	0	222	0	114	0	1056	0	412	0	0	0	0	0	1146	0	726	0	0	0	0	0	0	0	0	0	0	0	0	0	0	0	0	
52864	Pallidum_L	182	0	3106	320	0	84	216	0	0	0	0	0	0	0	0	90	0	0	3872	320	0	1140	0	0	0	0	0	114	128	84	0	0	168	0	0	0	1216	0	126	0	0	0	0	0	0	0	0	0	0	0	0	0	0	0	0	0	0	0	0	0	0	0	0	0	0	0	0	0	0	0	3736	2246	6724	996	0	530	1034	0	0	0	0	0	0	0	0	0	0	0	0	0	0	0	0	0	0	0	0	0	0	0	0	0	0	0	0	0	0	0	0	0	0	0	0	0	0	0	
43780	Pallidum_R	0	0	242	2116	0	0	0	276	0	0	0	262	0	102	0	0	0	352	280	1856	0	148	0	0	0	0	0	0	0	224	0	0	0	196	0	0	0	1510	0	1430	0	0	0	0	0	0	0	0	0	0	0	0	0	0	0	846	0	0	0	0	0	0	0	0	0	0	0	0	0	0	2456	3850	1184	3878	530	0	0	0	0	152	0	0	0	0	0	0	0	0	0	0	0	0	0	0	0	0	0	0	0	0	0	0	0	0	0	0	0	0	0	0	0	0	0	0	0	0	
143188	Thalamus_L	9330	0	12054	3484	0	0	2688	224	0	0	218	0	0	0	0	0	686	0	1614	1932	0	0	0	0	0	0	0	0	3178	0	290	300	128	0	196	194	5628	328	2864	324	0	0	0	0	0	0	876	0	0	0	0	0	136	0	2810	96	0	0	0	0	0	0	0	0	0	0	0	0	230	0	10754	1582	1986	0	1034	0	0	4416	520	0	636	0	0	0	126	0	0	0	732	0	0	0	0	0	0	0	0	0	0	0	0	0	0	0	0	0	0	0	0	0	0	0	0	0	0	0	
205816	Thalamus_R	3286	2580	2996	20848	0	0	618	1152	0	0	0	198	0	84	0	0	1478	216	1386	10716	0	0	0	0	0	0	0	0	1440	1336	302	3000	88	1638	750	810	1498	6444	1272	5358	0	0	0	0	0	126	444	1074	0	142	92	0	0	142	276	1200	692	1460	0	0	0	0	0	278	0	0	138	476	110	166	2776	15038	0	2778	0	0	4416	0	150	250	96	414	0	0	0	126	0	0	0	0	0	0	0	0	0	0	0	468	0	0	0	0	0	0	0	0	0	0	0	0	86	0	0	0	0	0	
97048	Heschl_L	2402	118	1462	172	0	0	1020	128	0	0	936	0	0	0	0	0	5164	0	850	0	0	0	0	0	0	0	0	0	10322	0	0	0	0	0	0	0	3894	0	84	0	0	0	0	0	0	0	0	0	0	0	2858	0	3858	0	2914	0	1384	0	0	0	0	0	84	0	0	0	0	0	0	0	628	118	0	0	0	0	520	150	0	0	2756	0	0	0	2684	0	0	0	4018	0	0	0	0	0	0	0	0	0	0	0	0	0	0	0	0	0	0	0	0	0	0	0	0	0	0	0	
50692	Heschl_R	0	652	0	858	0	0	0	186	0	0	0	382	0	0	0	0	0	3848	214	942	0	0	0	0	0	0	0	0	0	3980	0	0	0	258	0	0	0	1498	0	972	0	0	0	0	0	94	0	106	0	118	0	0	0	560	0	1224	0	606	0	0	0	0	0	0	0	0	0	250	0	334	0	194	0	270	0	152	0	250	0	0	0	5174	0	310	0	1720	0	0	0	194	0	0	0	0	0	0	0	0	0	0	0	0	0	0	0	0	0	0	0	0	0	0	0	0	0	0	
212280	Temporal_Sup_L	2118	0	5172	234	0	0	820	0	0	0	1578	0	0	0	0	0	9948	0	4116	128	0	0	88	0	0	0	0	0	13286	0	172	0	0	0	0	0	2402	0	0	0	0	0	0	0	0	0	0	0	638	0	3952	0	1144	0	2532	0	3910	0	1526	0	876	0	4984	0	568	0	500	0	122	0	1532	174	2364	0	0	0	636	96	2756	0	0	0	2648	0	21500	0	0	0	13190	0	170	0	0	0	0	0	0	0	260	0	0	0	0	0	0	0	0	0	0	0	0	0	0	0	0	0	
165100	Temporal_Sup_R	0	720	0	1558	0	0	0	978	0	0	0	1054	0	0	0	0	0	4370	0	1352	0	0	0	0	0	0	0	0	0	8224	0	0	0	170	164	240	114	3000	100	1352	0	0	0	126	0	1452	0	134	0	1788	0	920	0	722	0	3610	0	1852	0	924	0	158	0	5428	0	2702	0	2220	0	1488	0	0	0	442	0	0	0	414	0	5174	0	0	0	3210	0	19004	0	1016	0	6370	0	0	0	0	0	0	0	0	0	0	0	0	0	0	0	0	0	0	0	0	0	0	0	0	0	0	
85944	Temporal_Pole_Sup_L	158	0	2078	120	238	0	684	0	100	0	3198	0	972	0	900	0	3632	0	1544	90	782	0	148	0	0	0	0	0	7470	0	248	0	0	0	0	0	1590	0	682	0	1036	0	0	0	0	0	0	0	0	0	0	0	0	0	2520	0	0	0	0	0	0	0	0	0	0	0	0	0	0	0	548	140	1300	0	0	0	0	0	0	0	2648	0	0	0	4112	0	2210	0	3692	0	0	0	0	0	0	0	0	0	132	0	0	0	0	0	0	0	0	0	0	0	0	0	0	0	0	0	
97172	Temporal_Pole_Sup_R	0	0	0	3030	0	502	0	1190	0	0	0	4120	0	0	0	1100	0	5108	0	1282	0	130	0	154	0	86	0	226	0	6752	0	474	0	0	0	0	0	982	0	3380	0	1408	0	0	0	0	0	0	0	0	0	0	0	0	0	4718	0	0	0	0	0	0	0	0	0	0	0	0	0	0	0	614	0	1678	0	0	0	0	0	310	0	3210	0	0	0	1846	0	4042	0	2244	0	0	0	0	0	0	0	0	0	0	0	0	0	0	0	0	0	0	0	0	0	0	0	0	0	0	
320216	Temporal_Mid_L	1008	0	1330	0	0	0	394	0	0	0	0	0	0	0	0	0	4702	0	1070	0	0	0	0	0	0	0	0	0	6116	0	0	0	118	0	92	0	878	0	148	0	0	0	2206	0	202	0	334	0	3184	0	26432	0	6636	0	3790	0	3636	0	1044	0	5616	0	8580	0	9300	0	1472	0	522	0	102	0	592	0	0	0	126	0	2684	0	21500	0	4112	0	0	0	2756	0	39426	0	0	0	0	0	0	0	0	0	0	0	0	0	0	0	0	0	0	0	0	0	0	0	0	0	0	0	
333976	Temporal_Mid_R	0	2266	0	748	0	0	0	506	0	0	0	444	0	0	0	92	0	744	0	1210	0	0	0	0	0	0	0	0	0	3066	0	0	0	786	222	1098	0	1340	0	482	0	0	0	6334	0	8684	0	2192	0	10956	0	20044	0	3892	0	4804	0	3938	0	4572	0	1522	0	6008	0	6584	0	11718	0	4648	0	0	0	222	0	0	0	126	0	1720	0	19004	0	1846	0	0	0	5738	0	29432	0	0	0	0	0	0	0	0	0	0	0	0	0	0	0	0	0	0	0	0	0	0	0	0	0	0	
17764	Temporal_Pole_Mid_L	0	0	0	0	0	0	0	0	0	0	0	0	0	0	0	0	0	0	0	0	0	0	0	0	0	0	0	0	0	0	0	0	0	0	0	0	0	0	376	0	0	0	0	0	0	0	0	0	0	0	0	0	0	0	1060	0	0	0	0	0	0	0	0	0	0	0	0	0	0	0	0	0	0	0	0	0	0	0	0	0	0	0	2210	0	2756	0	0	0	2480	0	0	0	0	0	0	0	0	0	0	0	0	0	0	0	0	0	0	0	0	0	0	0	0	0	0	0	
41268	Temporal_Pole_Mid_R	0	0	0	0	0	0	0	0	0	0	0	172	0	0	0	0	0	0	0	0	0	0	0	0	0	0	0	0	0	608	0	0	0	0	0	0	0	168	0	2042	0	314	0	0	0	0	0	0	0	0	0	0	0	0	0	2306	0	0	0	0	0	0	0	0	0	0	0	0	0	0	0	0	0	114	0	0	0	0	0	0	0	1016	0	4042	0	5738	0	0	0	4114	0	0	0	0	0	0	0	0	0	0	0	0	0	0	0	0	0	0	0	0	0	0	0	0	0	0	
387976	Temporal_Inf_L	1478	0	5516	86	0	0	426	0	0	0	232	0	0	0	0	0	4654	0	5174	0	0	0	0	0	0	0	0	0	15276	0	88	0	0	0	334	0	12572	0	1318	0	1684	0	964	0	0	0	408	0	874	0	14000	0	14868	0	22110	0	2240	0	1152	0	3034	0	2890	0	2738	0	1098	0	814	0	404	0	5032	0	0	0	732	0	4018	0	13190	0	3692	0	39426	0	2480	0	0	0	5604	0	1160	0	0	0	212	0	1850	0	160	0	0	0	0	0	0	0	0	0	0	0	0	0	0	0	
251888	Temporal_Inf_R	0	1708	0	1340	0	0	0	1060	0	0	0	96	0	0	0	0	0	216	0	1138	0	0	0	0	0	0	0	0	0	4376	0	0	0	544	352	1848	0	4012	0	1940	0	160	0	4664	0	3694	0	2424	0	4260	142	1630	144	7712	160	16514	0	1776	0	1684	0	774	0	1806	0	1432	0	8598	0	2478	0	0	0	1056	0	0	0	0	0	194	0	6370	0	2244	0	29432	0	4114	0	0	0	2684	0	462	0	0	0	120	0	456	0	0	0	130	0	0	0	0	0	0	0	0	0	0	0	0	
462264	Cerebelum_Crus1_L	0	0	334	0	0	0	0	0	0	0	0	0	0	0	0	0	134	0	330	0	0	0	0	0	0	0	0	0	508	0	0	0	0	0	0	0	938	0	146	0	0	0	302	0	0	0	10550	1168	0	0	586	0	392	164	17548	534	0	0	0	0	0	0	0	0	0	0	0	0	0	0	0	0	426	0	0	0	0	0	0	0	170	0	0	0	0	0	0	0	5604	0	0	6002	37038	7412	376	816	18604	1852	51126	6100	12260	2482	14568	5982	868	440	262	112	0	958	4730	5490	11874	1132	522	292	
436176	Cerebelum_Crus1_R	0	0	0	0	0	0	0	0	0	0	0	0	0	0	0	0	0	0	0	0	0	0	0	0	0	0	0	0	0	386	0	0	0	0	0	0	0	776	0	1022	0	272	0	0	0	0	2400	4082	0	0	0	0	0	744	494	17596	0	0	0	0	0	0	0	0	0	0	0	102	0	0	0	0	0	412	0	0	0	0	0	0	0	0	0	0	0	0	0	0	0	2684	6002	0	1878	33426	0	3210	2022	16562	6342	52002	1564	5230	2594	17704	178	2230	0	972	108	3482	5878	10818	11516	1684	1528	188	
266980	Cerebelum_Crus2_L	0	0	0	0	0	0	0	0	0	0	0	0	0	0	0	0	0	0	0	0	0	0	0	0	0	0	0	0	0	0	0	0	0	0	0	0	120	0	0	0	0	0	0	0	0	0	540	0	0	0	0	0	0	0	1242	0	0	0	0	0	0	0	0	0	0	0	0	0	0	0	0	0	0	0	0	0	0	0	0	0	0	0	0	0	0	0	0	0	1160	0	37038	1878	0	9376	0	146	1626	276	7160	806	27754	4272	22176	4194	1430	156	286	0	0	158	450	724	8854	1546	122	0	
298056	Cerebelum_Crus2_R	0	0	0	0	0	0	0	0	0	0	0	0	0	0	0	0	0	0	0	0	0	0	0	0	0	0	0	0	0	0	0	0	0	0	0	0	0	96	0	128	0	0	0	0	0	0	222	228	0	0	0	0	0	0	0	1000	0	0	0	0	0	0	0	0	0	0	0	0	0	0	0	0	0	0	0	0	0	0	0	0	0	0	0	0	0	0	0	0	0	462	7412	33426	9376	0	96	784	460	1632	1188	8104	4430	18378	6068	29828	414	1810	0	1008	0	862	1042	1028	14974	3706	726	140	
42376	Cerebelum_3_L	0	0	0	0	0	0	0	0	0	0	0	0	0	0	0	0	0	0	0	0	0	0	0	0	0	0	0	0	0	0	0	0	0	0	0	0	0	0	86	0	0	0	0	0	0	0	508	0	0	0	0	0	0	0	130	0	0	0	0	0	0	0	0	0	0	0	0	0	0	0	0	0	0	0	0	0	0	0	0	0	0	0	0	0	0	0	0	0	0	0	376	0	0	96	0	252	6220	90	1262	166	330	0	1140	144	2766	220	108	0	1208	2846	1446	576	118	314	380	406	
123368	Cerebelum_3_R	0	0	0	0	0	0	0	0	0	0	0	0	0	0	0	0	0	0	0	0	0	0	0	0	0	0	0	0	0	0	0	0	0	0	0	0	0	126	0	322	0	0	162	0	0	0	758	534	0	0	0	0	158	148	312	726	0	0	0	0	0	0	0	0	0	0	0	0	0	0	0	0	0	0	0	0	0	0	0	0	0	0	0	0	0	0	0	0	0	0	816	3210	146	784	252	0	2292	5380	2396	6644	142	0	370	1904	626	4566	0	0	1342	10014	3884	4116	1704	2122	4586	1142	
328656	Cerebelum_4_5_L	0	0	0	0	0	0	0	0	0	0	0	0	0	0	0	0	0	0	0	0	0	0	0	0	0	0	0	0	120	0	0	0	0	0	0	0	422	0	512	0	0	0	440	0	0	0	16976	1774	0	0	614	0	1674	192	12532	514	0	0	0	0	0	0	0	0	0	0	0	0	0	0	0	0	190	0	0	0	0	0	0	0	0	0	0	0	0	0	0	0	212	0	18604	2022	1626	460	6220	2292	0	4438	35808	4456	866	0	3390	954	5332	2612	440	0	1234	3930	17652	7482	832	1650	3006	2850	
264884	Cerebelum_4_5_R	0	0	0	120	0	0	0	0	0	0	0	0	0	0	0	0	0	0	0	0	0	0	0	0	0	0	0	0	0	1034	0	0	0	0	0	0	0	3398	0	4362	0	750	302	114	0	0	2738	5776	0	0	106	0	292	944	502	11616	0	0	0	0	0	0	0	0	0	0	0	806	0	0	0	0	0	1146	0	0	0	468	0	0	0	0	0	0	0	0	0	0	0	120	1852	16562	276	1632	90	5380	4438	0	4184	28834	200	0	504	2366	268	2834	0	198	150	5138	11718	4624	2544	1598	2458	0	
479400	Cerebelum_6_L	0	0	678	0	0	0	0	0	0	0	0	0	0	0	0	0	170	0	658	0	0	0	0	0	0	0	0	0	1602	0	0	0	0	0	0	0	2280	0	276	0	0	0	322	0	0	0	19752	3398	0	0	654	0	2296	378	26830	1252	0	0	0	0	0	0	0	0	0	0	0	0	0	0	152	0	1018	0	0	0	0	0	0	0	260	0	132	0	0	0	0	0	1850	0	51126	6342	7160	1188	1262	2396	35808	4184	0	10556	2858	132	4924	1938	2084	2216	482	156	512	2624	13008	14522	4420	1348	2560	1936	
461564	Cerebelum_6_R	0	0	0	0	0	0	0	0	0	0	0	0	0	0	0	0	0	0	0	0	0	0	0	0	0	0	0	0	0	666	0	0	0	0	0	0	0	1484	0	1920	0	482	362	260	0	0	4548	9646	0	0	98	0	334	3302	1058	24230	0	0	0	0	0	0	0	0	0	0	0	352	0	0	0	0	0	726	0	0	0	0	0	0	0	0	0	0	0	0	0	0	0	456	6100	52002	806	8104	166	6644	4456	28834	10556	0	694	148	1666	6066	322	2550	0	712	244	6884	10986	18522	9120	1974	3114	188	
207132	Cerebelum_7b_L	0	0	0	0	0	0	0	0	0	0	0	0	0	0	0	0	0	0	0	0	0	0	0	0	0	0	0	0	0	0	0	0	0	0	0	0	0	0	0	0	0	0	0	0	0	0	154	0	0	0	0	0	0	0	520	0	0	0	0	0	0	0	0	0	0	0	0	0	0	0	0	0	0	0	0	0	0	0	0	0	0	0	0	0	0	0	0	0	160	0	12260	1564	27754	4430	330	142	866	200	2858	694	0	1380	29342	4842	4126	304	676	0	0	168	274	534	5864	3532	432	160	
112372	Cerebelum_7b_R	0	0	0	0	0	0	0	0	0	0	0	0	0	0	0	0	0	0	0	0	0	0	0	0	0	0	0	0	0	0	0	0	0	0	0	0	0	0	0	0	0	0	0	0	0	0	0	0	0	0	0	0	0	0	0	0	0	0	0	0	0	0	0	0	0	0	0	0	0	0	0	0	0	0	0	0	0	0	0	0	0	0	0	0	0	0	0	0	0	0	2482	5230	4272	18378	0	0	0	0	132	148	1380	0	1448	16976	0	448	0	122	0	0	86	88	3770	1226	0	0	
283816	Cerebelum_8_L	0	0	0	0	0	0	0	0	0	0	0	0	0	0	0	0	0	0	0	0	0	0	0	0	0	0	0	0	0	0	0	0	0	0	0	0	0	0	0	0	0	0	0	0	0	0	384	90	0	0	0	0	0	0	174	86	0	0	0	0	0	0	0	0	0	0	0	0	0	0	0	0	0	0	0	0	0	0	0	0	0	0	0	0	0	0	0	0	0	0	14568	2594	22176	6068	1140	370	3390	504	4924	1666	29342	1448	0	8594	17040	2454	3196	118	0	504	944	1004	8714	7356	2602	458	
304336	Cerebelum_8_R	0	0	0	0	0	0	0	0	0	0	0	0	0	0	0	0	0	0	0	0	0	0	0	0	0	0	0	0	0	0	0	0	0	0	0	0	0	104	0	164	0	0	228	0	0	0	422	246	0	0	0	0	84	0	188	514	0	0	0	0	0	0	0	0	0	0	0	0	0	0	0	0	0	0	0	0	0	0	0	0	0	0	0	0	0	0	0	0	0	130	5982	17704	4194	29828	144	1904	954	2366	1938	6066	4842	16976	8594	0	1042	16162	0	3446	134	1800	2052	1736	10652	7880	3238	454	
109276	Cerebelum_9_L	0	0	0	0	0	0	0	0	0	0	0	0	0	0	0	0	0	0	0	0	0	0	0	0	0	0	0	0	0	0	0	0	0	0	0	0	0	0	0	0	0	0	0	0	0	0	174	0	0	0	0	0	0	0	148	0	0	0	0	0	0	0	0	0	0	0	0	0	0	0	0	0	0	0	0	0	0	0	0	0	0	0	0	0	0	0	0	0	0	0	868	178	1430	414	2766	626	5332	268	2084	322	4126	0	17040	1042	0	2748	4082	0	454	968	1032	1456	608	2370	2790	1312	
165956	Cerebelum_9_R	0	0	0	0	0	0	0	0	0	0	0	0	0	0	0	0	0	0	0	0	0	0	0	0	0	0	0	0	0	0	0	0	0	0	0	0	0	150	0	250	0	100	228	0	0	0	1082	284	0	0	96	0	340	0	608	364	0	0	0	0	0	0	0	0	0	0	0	0	0	0	0	0	0	0	0	0	0	0	0	0	0	0	0	0	0	0	0	0	0	0	440	2230	156	1810	220	4566	2612	2834	2216	2550	304	448	2454	16162	2748	0	0	2844	856	4270	2940	4902	1914	6854	9680	3466	
