data	data	479720	269968	870176	787568	183484	91584	396372	226868	223724	42884	272592	222460	269768	159196	318248	138364	232768	152532	975012	754956	127648	133056	337544	329004	50420	76188	74252	81820	704676	452292	303236	470880	125360	541004	171740	214440	376140	377492	236980	317900	72540	65240	246676	339536	192464	306816	319936	331100	155420	295084	519608	259952	138588	123704	544320	538388	273320	237508	142080	104232	226864	93256	150888	124904	249140	170084	280848	494212	323984	231060	441828	439700	372532	320500	55108	50328	231552	154804	111572	57324	271616	180420	150180	53360	335380	234424	12796	23672	347056	194668	474012	429652	434380	305820	43364	71560	318176	237756	435204	371832	311472	203388	393732	267628	174852	119304	24588	10768	44492	87960	215732	161348	228600	162320	88812	25392	
data	data	Precentral_L	Precentral_R	Frontal_Sup_L	Frontal_Sup_R	Frontal_Sup_Orb_L	Frontal_Sup_Orb_R	Frontal_Mid_L	Frontal_Mid_R	Frontal_Mid_Orb_L	Frontal_Mid_Orb_R	Frontal_Inf_Oper_L	Frontal_Inf_Oper_R	Frontal_Inf_Tri_L	Frontal_Inf_Tri_R	Frontal_Inf_Orb_L	Frontal_Inf_Orb_R	Rolandic_Oper_L	Rolandic_Oper_R	Supp_Motor_Area_L	Supp_Motor_Area_R	Olfactory_L	Olfactory_R	Frontal_Sup_Medial_L	Frontal_Sup_Medial_R	Frontal_Med_Orb_L	Frontal_Med_Orb_R	Rectus_L	Rectus_R	Insula_L	Insula_R	Cingulum_Ant_L	Cingulum_Ant_R	Cingulum_Mid_L	Cingulum_Mid_R	Cingulum_Post_L	Cingulum_Post_R	Hippocampus_L	Hippocampus_R	ParaHippocampal_L	ParaHippocampal_R	Amygdala_L	Amygdala_R	Calcarine_L	Calcarine_R	Cuneus_L	Cuneus_R	Lingual_L	Lingual_R	Occipital_Sup_L	Occipital_Sup_R	Occipital_Mid_L	Occipital_Mid_R	Occipital_Inf_L	Occipital_Inf_R	Fusiform_L	Fusiform_R	Postcentral_L	Postcentral_R	Parietal_Sup_L	Parietal_Sup_R	Parietal_Inf_L	Parietal_Inf_R	SupraMarginal_L	SupraMarginal_R	Angular_L	Angular_R	Precuneus_L	Precuneus_R	Paracentral_Lobule_L	Paracentral_Lobule_R	Caudate_L	Caudate_R	Putamen_L	Putamen_R	Pallidum_L	Pallidum_R	Thalamus_L	Thalamus_R	Heschl_L	Heschl_R	Temporal_Sup_L	Temporal_Sup_R	Temporal_Pole_Sup_L	Temporal_Pole_Sup_R	Temporal_Mid_L	Temporal_Mid_R	Temporal_Pole_Mid_L	Temporal_Pole_Mid_R	Temporal_Inf_L	Temporal_Inf_R	Cerebelum_Crus1_L	Cerebelum_Crus1_R	Cerebelum_Crus2_L	Cerebelum_Crus2_R	Cerebelum_3_L	Cerebelum_3_R	Cerebelum_4_5_L	Cerebelum_4_5_R	Cerebelum_6_L	Cerebelum_6_R	Cerebelum_7b_L	Cerebelum_7b_R	Cerebelum_8_L	Cerebelum_8_R	Cerebelum_9_L	Cerebelum_9_R	Cerebelum_10_L	Cerebelum_10_R	Vermis_1_2	Vermis_3	Vermis_4_5	Vermis_6	Vermis_7	Vermis_8	Vermis_9	Vermis_10	
479720	Precentral_L	0	3494	27378	1904	0	0	22366	730	148	0	11222	582	3430	0	166	0	10244	134	22688	3972	0	0	186	0	0	0	0	0	8856	140	926	142	166	2926	1014	2234	8536	1178	354	1254	0	0	100	0	750	0	76	0	92	0	2724	0	140	0	1578	1368	23302	794	468	0	1158	0	2070	320	1702	0	0	74	22374	1714	6574	1202	4630	80	1076	0	17890	1010	5004	96	2706	80	186	0	620	0	0	0	1532	0	0	0	0	0	0	0	0	0	0	0	0	0	0	0	0	0	0	0	0	0	0	0	0	0	0	0	
269968	Precentral_R	3494	0	1684	19602	0	0	1628	11298	0	0	0	5446	0	544	0	0	0	2968	5464	3650	0	0	0	0	0	0	0	0	0	2526	0	294	0	5296	612	1710	0	5220	0	3154	0	104	0	1078	0	0	0	86	0	1504	0	210	0	890	0	4394	1480	12182	0	124	0	162	0	1220	0	1470	0	2496	2736	6180	5140	3208	1250	2878	976	102	364	6576	0	398	0	448	0	172	0	590	0	0	0	1976	0	0	0	0	0	0	0	0	0	0	0	0	0	0	0	0	0	0	0	0	0	0	0	0	0	0	
870176	Frontal_Sup_L	27378	1684	0	7616	7632	0	53574	1158	7424	0	21634	1450	20380	158	10502	330	10650	438	73132	12144	276	232	37638	5362	2296	250	326	0	30802	458	13538	4096	2048	6264	0	396	6632	158	278	136	88	0	0	0	0	0	0	0	0	0	324	0	0	0	1230	84	1034	148	0	0	0	0	108	0	296	0	0	0	11840	0	9196	1452	12462	188	5182	0	14716	162	916	120	2224	78	3466	0	134	0	0	0	1170	0	0	0	0	0	0	0	0	0	0	0	0	0	0	0	0	0	0	0	0	0	0	0	0	0	0	0	
787568	Frontal_Sup_R	1904	19602	7616	0	0	2250	500	26272	1306	1920	294	13172	160	11650	1330	6324	74	7780	17516	60206	0	0	7524	33364	0	1802	0	0	1758	26958	1108	23008	1142	16220	114	0	122	7072	0	4174	0	186	0	0	0	0	0	0	0	466	0	0	0	238	0	3996	804	1552	0	0	0	94	0	108	0	460	74	458	2390	526	4314	25384	2422	15078	1242	3120	344	21444	0	1140	0	1254	0	448	0	150	0	0	0	1850	0	0	0	0	0	0	0	0	0	0	0	0	0	0	0	0	0	0	0	0	0	0	0	0	0	0	
183484	Frontal_Sup_Orb_L	0	0	7632	0	0	294	2090	0	11790	0	80	0	2348	0	13276	142	0	0	344	0	4506	2580	4256	492	4862	648	5660	756	6046	230	5344	1246	0	0	0	0	78	0	512	0	812	0	0	0	0	0	0	0	0	0	0	0	0	0	0	0	0	0	0	0	0	0	0	0	0	0	0	0	0	0	5476	1846	6796	0	300	0	0	0	0	0	0	0	1300	0	0	0	0	0	0	0	0	0	0	0	0	0	0	0	0	0	0	0	0	0	0	0	0	0	0	0	0	0	0	0	0	0	
91584	Frontal_Sup_Orb_R	0	0	0	2250	294	0	0	944	0	3282	0	0	0	204	298	4728	0	0	0	298	1018	2890	242	2348	130	5646	616	6976	130	2944	412	2240	0	0	0	0	0	0	0	176	0	186	0	0	0	0	0	0	0	0	0	0	0	0	0	0	0	0	0	0	0	0	0	0	0	0	0	0	0	0	884	3956	194	2506	0	0	0	0	0	0	0	0	0	0	0	0	0	0	0	0	0	0	0	0	0	0	0	0	0	0	0	0	0	0	0	0	0	0	0	0	0	0	0	0	0	0	
396372	Frontal_Mid_L	22366	1628	53574	500	2090	0	0	684	7156	0	9030	610	26728	0	9980	0	614	128	11348	456	0	0	11384	1102	0	0	0	0	11844	100	3272	350	616	594	132	456	2544	74	118	0	0	0	0	0	0	0	0	0	0	0	194	0	0	0	280	0	730	676	0	0	94	0	190	314	88	0	0	0	644	0	5036	652	3484	0	144	0	2978	406	2342	0	160	0	92	0	0	0	0	0	204	0	0	0	0	0	0	0	0	0	0	0	0	0	0	0	0	0	0	0	0	0	0	0	0	0	0	0	
226868	Frontal_Mid_R	730	11298	1158	26272	0	944	684	0	310	1468	0	7320	0	8492	316	6054	0	1348	3180	4014	0	0	242	1604	0	0	0	0	394	8258	172	1340	0	928	0	0	0	3574	0	2258	0	190	0	0	0	0	0	0	0	0	0	0	0	140	0	2830	0	584	0	0	0	0	0	294	0	0	0	74	0	0	3050	1664	168	7216	0	1550	0	1360	0	294	0	316	0	0	0	132	0	0	0	1214	0	0	0	0	0	0	0	0	0	0	0	0	0	0	0	0	0	0	0	0	0	0	0	0	0	0	
223724	Frontal_Mid_Orb_L	148	0	7424	1306	11790	0	7156	310	0	128	1048	944	4862	0	31666	264	474	260	3044	1292	786	564	596	222	624	0	1650	74	15780	428	1180	834	0	230	0	0	0	310	110	280	112	0	0	0	0	0	0	0	0	0	0	0	0	0	0	246	0	0	0	0	0	0	0	0	0	0	0	0	0	0	6114	1772	6132	490	152	0	0	150	0	0	92	0	818	0	0	0	0	0	0	0	0	0	0	0	0	0	0	0	0	0	0	0	0	0	0	0	0	0	0	0	0	0	0	0	0	0	
42884	Frontal_Mid_Orb_R	0	0	0	1920	0	3282	0	1468	128	0	74	572	0	280	136	7972	0	0	134	720	0	0	0	348	0	114	0	300	158	1234	0	202	0	100	0	0	0	0	0	0	0	0	0	0	0	0	0	0	0	0	0	0	0	0	0	0	0	0	0	0	0	0	0	0	0	0	0	0	0	0	382	812	0	1024	0	0	0	0	0	0	0	0	0	82	0	0	0	0	0	0	0	0	0	0	0	0	0	0	0	0	0	0	0	0	0	0	0	0	0	0	0	0	0	0	0	0	
272592	Frontal_Inf_Oper_L	11222	0	21634	294	80	0	9030	0	1048	74	0	446	17708	0	1098	638	14020	0	14700	382	0	0	1366	202	0	0	0	0	19962	264	3104	332	0	200	0	0	272	0	0	0	0	0	0	0	0	0	0	0	0	0	0	0	0	0	404	0	1930	0	0	0	0	0	0	0	0	0	0	0	0	0	3092	1362	888	0	0	0	0	0	0	0	3028	0	6966	0	0	0	0	0	550	0	0	0	0	0	0	0	0	0	0	0	0	0	0	0	0	0	0	0	0	0	0	0	0	0	0	0	
222460	Frontal_Inf_Oper_R	582	5446	1450	13172	0	0	610	7320	944	572	446	0	0	8196	960	1008	84	5504	3844	9778	0	0	492	496	0	0	0	0	1264	25856	554	1688	0	3618	0	0	0	1208	0	644	0	0	0	0	0	0	0	0	0	0	0	0	0	0	0	980	0	0	0	0	0	0	0	0	0	0	0	0	0	0	3778	2784	222	3724	0	248	262	184	0	802	0	732	0	1438	0	0	0	0	0	340	0	0	0	0	0	0	0	0	0	0	0	0	0	0	0	0	0	0	0	0	0	0	0	0	0	0	
269768	Frontal_Inf_Tri_L	3430	0	20380	160	2348	0	26728	0	4862	0	17708	0	0	0	14096	454	234	0	8734	256	0	0	3016	170	102	0	0	0	21972	0	4358	160	0	0	0	0	0	0	0	0	0	0	0	0	0	0	0	0	0	0	0	0	0	0	0	0	224	0	0	0	0	0	0	0	0	0	0	0	0	0	2726	1074	1062	0	0	0	0	0	0	0	0	0	630	0	0	0	0	0	0	0	0	0	0	0	0	0	0	0	0	0	0	0	0	0	0	0	0	0	0	0	0	0	0	0	0	0	
159196	Frontal_Inf_Tri_R	0	544	158	11650	0	204	0	8492	0	280	0	8196	0	0	0	3946	0	860	2784	5500	0	0	1040	5012	0	0	0	0	0	17766	404	4008	106	4656	0	0	0	146	0	76	0	0	0	0	0	0	0	0	0	0	0	0	0	0	0	74	0	0	0	0	0	0	0	0	0	0	0	0	0	0	226	1732	0	1426	0	0	0	0	0	0	0	154	0	158	0	0	0	0	0	0	0	0	0	0	0	0	0	0	0	0	0	0	0	0	0	0	0	0	0	0	0	0	0	0	0	0	
318248	Frontal_Inf_Orb_L	166	0	10502	1330	13276	298	9980	316	31666	136	1098	960	14096	0	0	410	474	260	3976	1300	3630	1314	1556	238	328	254	2168	646	26096	570	2802	1110	0	236	0	0	122	310	416	280	694	0	0	0	0	0	0	0	0	0	0	0	0	0	0	246	0	0	0	0	0	0	0	0	0	0	0	0	0	0	8650	2060	10934	520	248	78	0	148	0	0	182	0	3044	0	0	0	0	0	0	0	0	0	0	0	0	0	0	0	0	0	0	0	0	0	0	0	0	0	0	0	0	0	0	0	0	0	
138364	Frontal_Inf_Orb_R	0	0	330	6324	142	4728	0	6054	264	7972	638	1008	454	3946	410	0	0	128	1000	2232	520	1874	426	1830	0	174	270	1994	852	9770	620	1558	0	1270	0	0	0	0	0	368	0	452	0	0	0	0	0	0	0	0	0	0	0	0	0	0	0	0	0	0	0	0	0	0	0	0	0	0	0	0	1992	4932	386	3458	0	0	0	0	0	0	0	0	0	720	0	0	0	86	0	0	0	0	0	0	0	0	0	0	0	0	0	0	0	0	0	0	0	0	0	0	0	0	0	0	0	0	
232768	Rolandic_Oper_L	10244	0	10650	74	0	0	614	0	474	0	14020	84	234	0	474	0	0	0	11566	0	0	0	0	0	0	0	0	0	20620	0	0	0	0	0	0	0	632	0	120	0	0	0	112	0	152	0	0	0	0	0	2900	0	152	0	1446	0	6502	0	84	0	466	0	3670	0	2710	0	156	0	212	0	242	0	676	0	0	0	192	0	4146	0	11360	0	6854	0	1854	0	0	0	2692	0	0	0	0	0	0	0	0	0	0	0	0	0	0	0	0	0	0	0	0	0	0	0	0	0	0	0	
152532	Rolandic_Oper_R	134	2968	438	7780	0	0	128	1348	260	0	0	5504	0	860	260	128	0	0	2886	5924	0	0	0	0	0	0	0	0	204	13634	0	74	0	474	0	0	0	1542	0	1152	0	0	0	122	0	0	0	0	0	0	0	0	0	258	0	2504	0	2766	0	0	0	0	0	2922	0	0	0	246	0	0	3614	714	0	2042	0	0	136	308	0	5334	0	7496	0	582	0	800	0	0	0	724	0	0	0	0	0	0	0	0	0	0	0	0	0	0	0	0	0	0	0	0	0	0	0	0	0	0	
975012	Supp_Motor_Area_L	22688	5464	73132	17516	344	0	11348	3180	3044	134	14700	3844	8734	2784	3976	1000	11566	2886	0	53428	98	0	10326	8698	0	0	0	0	32720	4816	10534	13274	8100	29856	174	540	8550	116	1114	98	1438	0	0	0	0	0	0	0	0	0	626	0	0	0	4434	218	4804	1714	0	134	270	0	1128	340	548	0	86	536	22540	704	23972	4340	21328	1272	2230	248	14206	322	1250	444	2366	272	3250	0	170	82	0	0	3018	122	0	0	0	0	0	0	152	0	160	0	0	0	0	0	0	0	0	0	0	0	0	0	0	0	0	0	
754956	Supp_Motor_Area_R	3972	3650	12144	60206	0	298	456	4014	1292	720	382	9778	256	5500	1300	2232	0	5924	53428	0	0	0	3922	13948	0	270	0	0	2040	17866	2602	23126	6694	50414	1574	2400	364	1682	0	1436	0	0	0	164	0	0	0	0	96	162	248	0	0	0	86	1856	1800	356	0	0	136	0	106	0	178	158	536	2046	17086	8612	3998	22128	1774	13540	646	2560	1024	2774	84	632	0	488	0	234	0	0	0	0	0	80	0	0	0	0	0	0	0	0	0	0	0	0	0	0	0	0	0	0	0	0	0	0	0	0	0	0	
127648	Olfactory_L	0	0	276	0	4506	1018	0	0	786	0	0	0	0	0	3630	520	0	0	98	0	0	9138	238	0	1008	734	4818	2744	3484	938	3846	2736	0	0	0	0	380	0	1310	0	1634	0	0	0	0	0	0	0	0	0	0	0	0	0	232	0	0	0	0	0	0	0	0	0	0	0	0	0	0	0	10110	4806	3170	170	0	0	0	0	0	0	116	0	1378	0	0	0	0	0	0	0	0	0	0	0	0	0	0	0	0	0	0	0	0	0	0	0	0	0	0	0	0	0	0	0	0	0	
133056	Olfactory_R	0	0	232	0	2580	2890	0	0	564	0	0	0	0	0	1314	1874	0	0	0	0	9138	0	288	0	830	2010	4186	6036	498	3016	3924	4374	0	0	0	0	0	0	0	588	0	1042	0	0	0	0	0	0	0	0	0	0	0	0	0	0	0	0	0	0	0	0	0	0	0	0	0	0	0	0	9574	7800	2684	644	90	0	0	0	0	0	0	0	114	156	0	0	0	82	0	0	0	0	0	0	0	0	0	0	0	0	0	0	0	0	0	0	0	0	0	0	0	0	0	0	0	0	
337544	Frontal_Sup_Medial_L	186	0	37638	7524	4256	242	11384	242	596	0	1366	492	3016	1040	1556	426	0	0	10326	3922	238	288	0	21284	2508	1026	162	0	3882	1096	20722	14248	5448	8652	0	0	0	104	0	100	0	0	0	0	0	0	0	0	0	0	0	0	0	0	0	82	0	0	0	0	0	0	0	0	0	0	0	0	0	0	2038	672	1516	326	94	74	0	0	0	0	0	0	0	0	0	0	0	0	0	0	0	0	0	0	0	0	0	0	0	0	0	0	0	0	0	0	0	0	0	0	0	0	0	0	0	0	
329004	Frontal_Sup_Medial_R	0	0	5362	33364	492	2348	1102	1604	222	348	202	496	170	5012	238	1830	0	0	8698	13948	0	0	21284	0	638	3950	0	580	490	4296	4314	26172	764	16200	0	0	0	0	0	0	0	0	0	0	0	0	0	0	0	0	0	0	0	0	0	0	0	0	0	0	0	0	0	0	0	0	0	0	0	0	1140	5718	126	3104	0	178	0	112	0	0	0	0	0	0	0	0	0	0	0	0	0	0	0	0	0	0	0	0	0	0	0	0	0	0	0	0	0	0	0	0	0	0	0	0	0	0	
50420	Frontal_Med_Orb_L	0	0	2296	0	4862	130	0	0	624	0	0	0	102	0	328	0	0	0	0	0	1008	830	2508	638	0	846	1718	108	180	0	4862	1024	0	0	0	0	0	0	0	0	0	0	0	0	0	0	0	0	0	0	0	0	0	0	0	0	0	0	0	0	0	0	0	0	0	0	0	0	0	0	1626	670	850	0	0	0	0	0	0	0	0	0	0	0	0	0	0	0	0	0	0	0	0	0	0	0	0	0	0	0	0	0	0	0	0	0	0	0	0	0	0	0	0	0	0	0	
76188	Frontal_Med_Orb_R	0	0	250	1802	648	5646	0	0	0	114	0	0	0	0	254	174	0	0	0	270	734	2010	1026	3950	846	0	564	5568	116	88	1612	6410	0	0	0	0	0	0	0	0	0	0	0	0	0	0	0	0	0	0	0	0	0	0	0	0	0	0	0	0	0	0	0	0	0	0	0	0	0	0	620	3240	0	2078	0	0	0	74	0	0	0	0	0	0	0	0	0	0	0	0	0	0	0	0	0	0	0	0	0	0	0	0	0	0	0	0	0	0	0	0	0	0	0	0	0	0	
74252	Rectus_L	0	0	326	0	5660	616	0	0	1650	0	0	0	0	0	2168	270	0	0	0	0	4818	4186	162	0	1718	564	0	2134	932	356	2700	1682	0	0	0	0	0	0	0	0	76	0	0	0	0	0	0	0	0	0	0	0	0	0	0	0	0	0	0	0	0	0	0	0	0	0	0	0	0	0	4738	1174	832	96	0	0	0	0	0	0	0	0	268	0	0	0	0	0	0	0	0	0	0	0	0	0	0	0	0	0	0	0	0	0	0	0	0	0	0	0	0	0	0	0	0	0	
81820	Rectus_R	0	0	0	0	756	6976	0	0	74	300	0	0	0	0	646	1994	0	0	0	0	2744	6036	0	580	108	5568	2134	0	222	1604	1106	3858	0	0	0	0	0	0	0	0	0	96	0	0	0	0	0	0	0	0	0	0	0	0	0	0	0	0	0	0	0	0	0	0	0	0	0	0	0	0	2116	2698	352	942	0	0	0	0	0	0	0	0	0	0	0	0	0	0	0	0	0	0	0	0	0	0	0	0	0	0	0	0	0	0	0	0	0	0	0	0	0	0	0	0	0	0	
704676	Insula_L	8856	0	30802	1758	6046	130	11844	394	15780	158	19962	1264	21972	0	26096	852	20620	204	32720	2040	3484	498	3882	490	180	116	932	222	0	634	6630	1354	0	522	180	288	13572	294	3344	268	4250	0	260	0	170	0	88	0	0	0	1342	0	146	0	12096	242	1516	0	0	0	118	0	2128	0	830	0	172	0	1034	0	10126	2850	22640	294	0	0	2098	202	7560	0	11750	0	11600	0	5012	0	0	0	14814	0	122	0	0	0	0	0	242	0	248	0	0	0	0	0	0	0	0	0	0	0	0	0	0	0	0	0	
452292	Insula_R	140	2526	458	26958	230	2944	100	8258	428	1234	264	25856	0	17766	570	9770	0	13634	4816	17866	938	3016	1096	4296	0	88	356	1604	634	0	846	4636	106	5942	0	0	0	5208	0	3038	0	546	0	0	0	0	0	0	0	0	0	0	0	136	0	5476	0	0	0	0	0	0	0	150	0	0	0	0	0	0	2804	7750	378	16254	0	750	0	236	0	5330	0	10938	0	2228	0	4556	0	82	0	2910	0	0	0	0	0	0	0	0	0	0	0	0	0	0	0	0	0	0	0	0	0	0	0	0	0	0	
303236	Cingulum_Ant_L	926	0	13538	1108	5344	412	3272	172	1180	0	3104	554	4358	404	2802	620	0	0	10534	2602	3846	3924	20722	4314	4862	1612	2700	1106	6630	846	0	15952	4570	4114	0	0	102	102	0	98	0	0	0	0	0	0	0	0	0	0	0	0	0	0	74	86	0	0	0	0	0	0	0	0	0	0	0	0	0	0	11400	4332	8344	524	206	122	0	0	0	0	0	0	100	0	0	0	0	0	0	0	0	0	0	0	0	0	0	0	0	0	0	0	0	0	0	0	0	0	0	0	0	0	0	0	0	0	
470880	Cingulum_Ant_R	142	294	4096	23008	1246	2240	350	1340	834	202	332	1688	160	4008	1110	1558	0	74	13274	23126	2736	4374	14248	26172	1024	6410	1682	3858	1354	4636	15952	0	3934	25162	0	0	0	0	0	0	0	0	0	0	0	0	0	0	0	0	0	0	0	0	0	0	0	0	0	0	0	0	0	0	0	0	0	0	90	0	5596	25980	1032	8804	86	1018	202	1838	0	0	0	0	82	88	0	0	0	0	0	0	0	0	0	0	0	0	0	0	0	0	0	0	0	0	0	0	0	0	0	0	0	0	0	0	0	0	
125360	Cingulum_Mid_L	166	0	2048	1142	0	0	616	0	0	0	0	0	0	106	0	0	0	0	8100	6694	0	0	5448	764	0	0	0	0	0	106	4570	3934	0	11638	3288	642	0	0	0	0	0	0	340	0	458	0	0	0	606	0	704	0	0	0	114	0	256	0	742	0	108	0	0	0	0	0	5014	1344	3292	342	0	0	0	0	0	0	0	0	0	0	0	0	0	0	0	0	0	0	98	0	0	0	0	0	0	0	0	0	0	0	0	0	0	0	0	0	0	0	0	0	0	0	0	0	0	0	
541004	Cingulum_Mid_R	2926	5296	6264	16220	0	0	594	928	230	100	200	3618	0	4656	236	1270	0	474	29856	50414	0	0	8652	16200	0	0	0	0	522	5942	4114	25162	11638	0	3912	7908	222	338	0	324	0	0	94	1622	110	2038	0	484	196	560	376	652	0	346	100	842	2230	2386	104	0	0	114	106	116	170	234	2092	12966	13602	14752	452	2788	432	1074	232	124	100	0	0	80	0	88	0	0	0	218	0	0	0	406	0	0	0	0	0	0	0	0	0	0	0	0	0	0	0	0	0	0	0	0	0	0	0	0	0	0	
171740	Cingulum_Post_L	1014	612	0	114	0	0	132	0	0	0	0	0	0	0	0	0	0	0	174	1574	0	0	0	0	0	0	0	0	180	0	0	0	3288	3912	0	14442	6738	4334	5636	3218	0	0	1170	572	298	356	1106	824	382	0	602	246	0	200	3786	4306	2360	430	128	0	162	0	110	0	296	0	9068	4004	4270	862	0	0	0	0	0	0	358	86	398	0	506	0	0	0	372	168	0	0	2872	0	0	0	0	0	0	0	0	204	0	0	0	0	0	0	0	0	0	0	0	0	0	0	0	0	0	0	
214440	Cingulum_Post_R	2234	1710	396	0	0	0	456	0	0	0	0	0	0	0	0	0	0	0	540	2400	0	0	0	0	0	0	0	0	288	0	0	0	642	7908	14442	0	7530	6280	4746	4572	0	0	0	1510	94	1224	884	2332	90	1272	316	1434	0	1402	1270	7478	782	2016	106	284	104	308	0	282	112	938	2318	15566	1632	2690	0	0	0	0	0	0	1876	464	960	0	94	90	0	0	0	1134	0	0	188	1058	0	0	0	0	0	0	0	428	0	0	0	0	0	0	0	0	0	0	0	0	340	0	0	0	0	0	
376140	Hippocampus_L	8536	0	6632	122	78	0	2544	0	0	0	272	0	0	0	122	0	632	0	8550	364	380	0	0	0	0	0	0	0	13572	0	102	0	0	222	6738	7530	0	3512	23204	1630	9384	0	2206	0	0	0	4858	732	0	0	490	0	306	0	26586	306	362	0	0	0	0	0	0	0	0	0	3842	846	2558	0	0	0	13034	0	478	0	9296	546	3328	0	2562	0	1168	0	1414	0	0	0	15252	98	648	0	0	0	148	0	1234	272	1154	0	0	0	0	0	0	0	0	0	0	126	94	0	0	0	0	0	
377492	Hippocampus_R	1178	5220	158	7072	0	0	74	3574	310	0	0	1208	0	146	310	0	0	1542	116	1682	0	0	104	0	0	0	0	0	294	5208	102	0	0	338	4334	6280	3512	0	2658	41106	0	9294	0	872	0	0	480	2242	0	0	132	358	0	306	762	39124	146	122	0	0	112	0	200	202	96	0	0	2750	1544	554	696	166	124	14508	0	1546	2422	6794	152	506	0	1650	0	944	0	1560	0	210	0	10946	0	0	0	0	0	96	0	448	0	0	0	0	0	0	0	0	0	0	0	0	156	0	0	0	0	0	
236980	ParaHippocampal_L	354	0	278	0	512	0	118	0	110	0	0	0	0	0	416	0	120	0	1114	0	1310	0	0	0	0	0	0	0	3344	0	0	0	0	0	5636	4746	23204	2658	0	1102	5634	0	2320	0	144	0	9502	742	550	0	3762	0	1638	0	18548	148	88	0	0	0	0	0	0	0	76	0	3692	740	240	0	0	0	2116	0	0	0	2832	78	96	0	220	0	580	0	552	0	282	0	5086	0	2536	0	296	0	782	96	4948	230	4022	0	250	0	332	0	0	0	0	0	0	196	114	0	0	0	0	0	
317900	ParaHippocampal_R	1254	3154	136	4174	0	176	0	2258	280	0	0	644	0	76	280	368	0	1152	98	1436	0	588	100	0	0	0	0	0	268	3038	98	0	0	324	3218	4572	1630	41106	1102	0	0	7714	0	1842	0	0	156	4206	0	0	154	688	0	522	184	34392	184	108	0	0	126	0	198	198	116	0	0	4358	1640	616	654	98	122	6930	0	798	1872	4672	108	464	0	1218	0	1648	0	1106	0	984	0	7544	0	106	0	0	0	318	76	914	0	200	0	0	0	0	0	0	0	0	0	0	186	0	0	0	0	0	
72540	Amygdala_L	0	0	88	0	812	0	0	0	112	0	0	0	0	0	694	0	0	0	1438	0	1634	0	0	0	0	0	76	0	4250	0	0	0	0	0	0	0	9384	0	5634	0	0	0	0	0	0	0	0	0	0	0	0	0	0	0	5960	0	0	0	0	0	0	0	0	0	0	0	0	0	0	0	102	0	2576	0	0	0	0	0	0	0	210	0	1256	0	98	0	94	0	1766	0	0	0	0	0	0	0	86	0	0	0	0	0	0	0	0	0	0	0	0	0	0	0	0	0	0	0	
65240	Amygdala_R	0	104	0	186	0	186	0	190	0	0	0	0	0	0	0	452	0	0	0	0	0	1042	0	0	0	0	0	96	0	546	0	0	0	0	0	0	0	9294	0	7714	0	0	0	0	0	0	0	0	0	0	0	0	0	0	0	5966	0	0	0	0	0	0	0	0	0	0	0	0	0	0	0	174	0	3180	0	686	0	198	0	0	0	0	0	1864	0	0	0	580	0	162	0	0	0	0	0	0	0	0	0	0	0	0	0	0	0	0	0	0	0	0	0	0	0	0	0	0	
246676	Calcarine_L	100	0	0	0	0	0	0	0	0	0	0	0	0	0	0	0	112	0	0	0	0	0	0	0	0	0	0	0	260	0	0	0	340	94	1170	0	2206	0	2320	0	0	0	0	7694	17422	8038	14470	3632	10078	2298	23900	576	3034	182	3632	108	306	0	406	218	210	0	0	0	712	0	13214	1460	332	0	0	0	0	0	0	0	74	0	82	0	306	0	0	0	2174	0	0	0	2068	0	0	0	0	0	0	0	0	0	110	0	0	0	0	0	0	0	0	0	0	0	0	0	0	0	0	0	
339536	Calcarine_R	0	1078	0	0	0	0	0	0	0	0	0	0	0	0	0	0	0	122	0	164	0	0	0	0	0	0	0	0	0	0	0	0	0	1622	572	1510	0	872	0	1842	0	0	7694	0	4048	24690	1816	23964	0	21486	0	15922	0	8890	0	7480	0	4478	0	2352	0	0	0	90	0	1062	2156	27922	0	3316	0	0	0	0	0	0	0	0	0	0	0	124	0	0	0	3386	0	0	0	810	0	0	0	0	0	0	0	0	0	190	0	0	0	0	0	0	0	0	0	0	0	110	0	0	0	0	
192464	Cuneus_L	750	0	0	0	0	0	0	0	0	0	0	0	0	0	0	0	152	0	0	0	0	0	0	0	0	0	0	0	170	0	0	0	458	110	298	94	0	0	144	0	0	0	17422	4048	0	11222	870	686	17040	1594	11806	196	920	0	1896	0	1236	0	1664	216	868	0	318	0	654	0	14096	4320	404	0	0	0	0	0	0	0	0	0	92	0	262	0	0	0	1604	0	0	0	622	0	0	0	0	0	0	0	0	0	0	0	0	0	0	0	0	0	0	0	0	0	0	0	0	0	0	0	
306816	Cuneus_R	0	0	0	0	0	0	0	0	0	0	0	0	0	0	0	0	0	0	0	0	0	0	0	0	0	0	0	0	0	0	0	0	0	2038	356	1224	0	0	0	0	0	0	8038	24690	11222	0	326	6830	422	30050	0	14442	0	2662	0	1802	0	1874	0	5510	0	0	0	0	0	1008	7428	27012	0	5368	0	0	0	0	0	0	0	0	0	0	0	0	0	0	0	1106	0	0	0	0	0	0	0	0	0	0	0	0	0	0	0	0	0	0	0	0	0	0	0	0	0	0	0	0	0	0	
319936	Lingual_L	76	0	0	0	0	0	0	0	0	0	0	0	0	0	0	0	0	0	0	0	0	0	0	0	0	0	0	0	88	0	0	0	0	0	1106	884	4858	480	9502	156	0	0	14470	1816	870	326	0	3190	3562	218	20350	116	10692	0	23432	258	544	0	334	0	432	0	0	0	478	0	6294	446	122	0	0	0	74	0	0	0	300	0	0	0	82	0	0	0	1278	0	0	0	1762	0	11064	566	1772	156	318	0	11924	400	16170	748	372	0	370	0	278	82	0	0	0	132	3216	2338	1326	0	0	140	
331100	Lingual_R	0	86	0	0	0	0	0	0	0	0	0	0	0	0	0	0	0	0	0	0	0	0	0	0	0	0	0	0	0	0	0	0	0	484	824	2332	732	2242	742	4206	0	0	3632	23964	686	6830	3190	0	0	7794	0	8328	154	5532	1802	13822	0	564	0	532	0	0	0	0	0	366	754	14672	0	620	0	0	0	0	0	0	0	270	0	0	0	0	0	0	0	1558	0	0	0	90	3008	6768	562	150	116	328	2238	5528	6238	10196	108	0	186	0	1306	300	0	0	0	150	8368	10094	2212	236	166	484	
155420	Occipital_Sup_L	92	0	0	0	0	0	0	0	0	0	0	0	0	0	0	0	0	0	0	96	0	0	0	0	0	0	0	0	0	0	0	0	606	196	382	90	0	0	550	0	0	0	10078	0	17040	422	3562	0	0	0	25866	0	940	0	394	0	542	0	5002	0	766	0	0	0	614	0	8292	636	1052	0	0	0	0	0	0	0	0	0	0	0	0	0	0	0	184	0	0	0	308	0	0	0	0	0	0	0	0	0	0	0	0	0	0	0	0	0	0	0	0	0	0	0	0	0	0	0	
295084	Occipital_Sup_R	0	1504	0	466	0	0	0	0	0	0	0	0	0	0	0	0	0	0	0	162	0	0	0	0	0	0	0	0	0	0	0	0	0	560	0	1272	0	0	0	0	0	0	2298	21486	1594	30050	218	7794	0	0	0	26740	0	3386	0	2260	0	1528	0	7470	0	440	0	954	0	14084	1634	14874	74	2304	98	0	0	0	0	0	0	0	0	0	0	1336	0	0	0	2746	0	0	0	210	0	0	0	0	0	0	0	0	0	0	0	0	0	0	0	0	0	0	0	0	0	0	0	0	0	0	
519608	Occipital_Mid_L	2724	0	324	0	0	0	194	0	0	0	0	0	0	0	0	0	2900	0	626	248	0	0	0	0	0	0	0	0	1342	0	0	0	704	376	602	316	490	132	3762	154	0	0	23900	0	11806	0	20350	0	25866	0	0	0	20734	0	9026	196	13344	0	15484	0	17538	0	3428	0	33086	0	13878	196	2622	188	0	0	0	0	0	0	196	0	882	0	5994	0	0	0	20924	0	0	0	3764	0	432	0	356	0	0	0	82	0	638	0	0	0	0	0	0	0	0	0	0	0	0	0	0	0	0	0	
259952	Occipital_Mid_R	0	210	0	0	0	0	0	0	0	0	0	0	0	0	0	0	0	0	0	0	0	0	0	0	0	0	0	0	0	0	0	0	0	652	246	1434	0	358	0	688	0	0	576	15922	196	14442	116	8328	0	26740	0	0	0	7616	0	6008	0	1004	0	3304	0	800	0	820	0	14090	474	9852	0	2046	0	0	0	0	0	0	0	0	0	0	0	1064	0	0	0	12050	0	0	0	612	76	0	0	0	0	0	0	0	76	94	0	0	0	0	0	0	0	0	0	0	0	82	0	0	0	0	
138588	Occipital_Inf_L	140	0	0	0	0	0	0	0	0	0	0	0	0	0	0	0	152	0	0	0	0	0	0	0	0	0	0	0	146	0	0	0	0	0	0	0	306	0	1638	0	0	0	3034	0	920	0	10692	154	940	0	20734	0	0	0	10646	0	1788	0	534	0	600	0	0	0	854	0	860	0	410	0	0	0	0	0	0	0	0	0	160	0	478	0	0	0	7180	0	0	0	3064	0	1212	0	382	0	0	0	318	0	1556	0	0	0	0	0	0	0	0	0	0	0	238	158	0	0	0	0	
123704	Occipital_Inf_R	0	890	0	238	0	0	0	140	0	0	0	0	0	0	0	0	0	258	0	0	0	0	0	0	0	0	0	0	0	136	0	0	0	346	200	1402	0	306	0	522	0	0	182	8890	0	2662	0	5532	0	3386	0	7616	0	0	0	8958	0	436	0	410	0	0	0	446	0	1054	88	5258	0	444	84	0	0	0	0	0	0	0	0	0	0	618	0	0	0	4628	0	0	0	4860	0	238	0	0	0	0	94	360	0	544	0	0	0	0	0	0	0	0	0	0	396	230	0	0	0	0	
544320	Fusiform_L	1578	0	1230	0	0	0	280	0	0	0	404	0	0	0	0	0	1446	0	4434	86	232	0	0	0	0	0	0	0	12096	0	74	0	114	100	3786	1270	26586	762	18548	184	5960	0	3632	0	1896	0	23432	1802	394	0	9026	0	10646	0	0	0	1520	0	616	0	750	0	474	0	640	0	5584	472	508	0	0	0	6028	0	0	0	1540	0	3204	0	3982	0	2442	0	6254	0	660	0	30950	0	21942	114	2018	0	536	0	14860	354	29146	102	1012	0	1320	0	728	0	0	0	0	0	2882	1524	0	0	0	0	
538388	Fusiform_R	1368	4394	84	3996	0	0	0	2830	246	0	0	980	0	74	246	0	0	2504	218	1856	0	0	82	0	0	0	0	0	242	5476	86	0	0	842	4306	7478	306	39124	148	34392	0	5966	108	7480	0	1802	258	13822	0	2260	196	6008	0	8958	0	0	682	858	0	398	140	0	200	2960	152	712	196	8490	2162	1048	780	0	118	9436	0	898	648	2268	0	1134	0	4346	0	3656	0	5036	0	1192	0	20494	330	13048	130	424	0	482	522	7572	590	14720	0	132	0	174	242	94	0	0	0	116	2872	1218	238	0	0	150	
273320	Postcentral_L	23302	1480	1034	804	0	0	730	0	0	0	1930	0	224	0	0	0	6502	0	4804	1800	0	0	0	0	0	0	0	0	1516	0	0	0	256	2230	2360	782	362	146	88	184	0	0	306	0	1236	0	544	0	542	0	13344	0	1788	0	1520	682	0	186	9118	0	14938	0	10558	0	8576	0	1174	0	8188	1604	104	274	0	0	0	0	92	222	1306	0	3364	0	0	0	5046	0	0	0	1118	0	100	0	90	0	0	0	0	0	106	0	0	0	0	0	0	0	0	0	0	0	0	0	0	0	0	0	
237508	Postcentral_R	794	12182	148	1552	0	0	676	584	0	0	0	0	0	0	0	0	0	2766	1714	356	0	0	0	0	0	0	0	0	0	0	0	0	0	2386	430	2016	0	122	0	108	0	0	0	4478	0	1874	0	564	0	1528	0	1004	0	436	0	858	186	0	0	8296	0	9978	0	14584	0	3470	0	18396	272	17236	2476	96	0	0	0	0	124	82	0	88	0	2184	0	0	0	4232	0	0	0	478	0	0	0	0	0	0	0	0	0	0	0	0	0	0	0	0	0	0	0	0	0	0	0	0	0	0	
142080	Parietal_Sup_L	468	0	0	0	0	0	0	0	0	0	0	0	0	0	0	0	84	0	0	0	0	0	0	0	0	0	0	0	0	0	0	0	742	104	128	106	0	0	0	0	0	0	406	0	1664	0	334	0	5002	0	15484	0	534	0	616	0	9118	0	0	0	17326	0	240	0	4702	0	10920	350	1054	0	0	0	0	0	0	0	112	0	0	0	200	0	0	0	1068	0	0	0	278	0	0	0	0	0	0	0	0	0	0	0	0	0	0	0	0	0	0	0	0	0	0	0	0	0	0	0	
104232	Parietal_Sup_R	0	124	0	0	0	0	0	0	0	0	0	0	0	0	0	0	0	0	134	0	0	0	0	0	0	0	0	0	0	0	0	0	0	0	0	284	0	0	0	0	0	0	218	2352	216	5510	0	532	0	7470	0	3304	0	410	0	398	0	8296	0	0	0	5072	0	1270	0	4544	206	9990	0	1344	182	0	0	0	0	0	0	0	0	0	0	0	0	0	0	260	0	0	0	0	0	0	0	0	0	0	0	0	0	0	0	0	0	0	0	0	0	0	0	0	0	0	0	0	0	0	
226864	Parietal_Inf_L	1158	0	0	0	0	0	94	0	0	0	0	0	0	0	0	0	466	0	270	136	0	0	0	0	0	0	0	0	118	0	0	0	108	0	162	104	0	112	0	126	0	0	210	0	868	0	432	0	766	0	17538	0	600	0	750	140	14938	0	17326	0	0	0	18292	0	24924	0	1002	0	266	0	0	0	0	0	0	0	104	0	98	0	3968	0	0	0	8110	0	0	0	246	0	0	0	0	0	0	0	0	0	0	0	0	0	0	0	0	0	0	0	0	0	0	0	0	0	0	0	
93256	Parietal_Inf_R	0	162	0	94	0	0	0	0	0	0	0	0	0	0	0	0	0	0	0	0	0	0	0	0	0	0	0	0	0	0	0	0	0	114	0	308	0	0	0	0	0	0	0	0	0	0	0	0	0	440	0	800	0	0	0	0	0	9978	0	5072	0	0	0	10486	0	12560	0	2680	0	2512	0	0	0	0	0	0	0	0	0	0	0	660	0	0	0	762	0	0	0	0	0	0	0	0	0	0	0	0	0	0	0	0	0	0	0	0	0	0	0	0	0	0	0	0	0	0	
150888	SupraMarginal_L	2070	0	108	0	0	0	190	0	0	0	0	0	0	0	0	0	3670	0	1128	106	0	0	0	0	0	0	0	0	2128	0	0	0	0	106	110	0	0	200	0	198	0	0	0	0	318	0	0	0	0	0	3428	0	0	0	474	200	10558	0	240	0	18292	0	0	0	11950	0	0	0	0	0	0	0	0	0	0	0	0	0	856	0	9874	0	0	0	8692	0	0	0	548	0	0	0	0	0	0	0	0	0	0	0	0	0	0	0	0	0	0	0	0	0	0	0	0	0	0	0	
124904	SupraMarginal_R	320	1220	0	108	0	0	314	294	0	0	0	0	0	0	0	0	0	2922	340	0	0	0	0	0	0	0	0	0	0	150	0	0	0	116	0	282	0	202	0	198	0	0	0	90	0	0	0	0	0	954	0	820	0	446	0	2960	0	14584	0	1270	0	10486	0	0	0	7158	0	2284	0	2692	780	0	0	0	0	0	140	0	0	434	0	7380	0	0	0	3014	0	0	0	494	0	0	0	0	0	0	0	0	0	0	0	0	0	0	0	0	0	0	0	0	0	0	0	0	0	0	
249140	Angular_L	1702	0	296	0	0	0	88	0	0	0	0	0	0	0	0	0	2710	0	548	178	0	0	0	0	0	0	0	0	830	0	0	0	0	170	296	112	0	96	76	116	0	0	712	0	654	0	478	0	614	0	33086	0	854	0	640	152	8576	0	4702	0	24924	0	11950	0	0	0	736	0	918	118	0	0	0	0	0	0	0	0	710	0	10314	0	0	0	16054	0	0	0	1160	0	0	0	0	0	0	0	0	0	0	0	0	0	0	0	0	0	0	0	0	0	0	0	0	0	0	0	
170084	Angular_R	0	1470	0	460	0	0	0	0	0	0	0	0	0	0	0	0	0	0	0	158	0	0	0	0	0	0	0	0	0	0	0	0	0	234	0	938	0	0	0	0	0	0	0	1062	0	1008	0	366	0	14084	0	14090	0	1054	0	712	0	3470	0	4544	0	12560	0	7158	0	0	0	3636	74	2144	102	0	0	0	0	0	0	0	0	0	0	5864	0	0	0	9524	0	0	0	330	0	0	0	0	0	0	0	0	0	0	0	0	0	0	0	0	0	0	0	0	0	0	0	0	0	0	
280848	Precuneus_L	0	0	0	74	0	0	0	0	0	0	0	0	0	0	0	0	156	0	86	536	0	0	0	0	0	0	0	0	172	0	0	0	5014	2092	9068	2318	3842	0	3692	0	0	0	13214	2156	14096	7428	6294	754	8292	1634	13878	474	860	88	5584	196	1174	0	10920	206	1002	0	0	0	736	0	0	13192	2896	1782	0	0	0	0	0	0	0	0	116	0	788	0	0	0	1548	0	0	0	3866	0	84	0	0	0	0	0	0	0	116	0	0	0	0	0	0	0	0	0	0	0	0	0	0	0	0	0	
494212	Precuneus_R	74	2496	0	458	0	0	0	74	0	0	0	0	0	0	0	0	0	246	536	2046	0	0	0	0	0	0	0	0	0	0	0	0	1344	12966	4004	15566	846	2750	740	4358	0	0	1460	27922	4320	27012	446	14672	636	14874	196	9852	0	5258	472	8490	0	18396	350	9990	0	2680	0	2284	0	3636	13192	0	450	21466	130	0	0	0	0	0	80	194	0	0	0	1404	0	0	0	5910	0	0	0	1282	0	0	0	0	0	0	0	898	0	0	0	0	0	0	0	0	0	0	0	0	650	0	0	0	0	0	
323984	Paracentral_Lobule_L	22374	2736	11840	2390	0	0	644	0	0	0	0	0	0	0	0	0	212	0	22540	17086	0	0	0	0	0	0	0	0	1034	0	0	90	3292	13602	4270	1632	2558	1544	240	1640	0	0	332	0	404	0	122	0	1052	74	2622	0	410	0	508	2162	8188	272	1054	0	266	0	0	0	918	74	2896	450	0	5676	1370	278	1012	0	1192	0	17980	408	428	0	402	0	0	0	1130	0	0	0	416	172	0	0	0	0	0	0	0	0	0	0	0	0	0	0	0	0	0	0	0	0	0	0	0	0	0	0	
231060	Paracentral_Lobule_R	1714	6180	0	526	0	0	0	0	0	0	0	0	0	0	0	0	0	0	704	8612	0	0	0	0	0	0	0	0	0	0	0	0	342	14752	862	2690	0	554	0	616	0	0	0	3316	0	5368	0	620	0	2304	188	2046	0	444	0	1048	1604	17236	0	1344	0	2512	0	2692	118	2144	1782	21466	5676	0	138	0	0	0	0	0	132	0	0	0	0	1286	0	0	0	3984	0	0	0	530	0	0	0	0	0	0	0	0	0	0	0	0	0	0	0	0	0	0	0	0	0	0	0	0	0	0	
441828	Caudate_L	6574	5140	9196	4314	5476	884	5036	3050	6114	382	3092	3778	2726	226	8650	1992	242	3614	23972	3998	10110	9574	2038	1140	1626	620	4738	2116	10126	2804	11400	5596	0	452	0	0	0	696	0	654	102	0	0	0	0	0	0	0	0	98	0	0	0	84	0	780	104	2476	0	182	0	0	0	780	0	102	0	130	1370	138	0	19246	20248	2146	2602	602	5018	688	0	708	0	474	438	0	0	112	0	0	0	140	0	0	0	0	0	0	0	0	0	0	0	0	0	0	0	0	0	0	0	0	0	0	0	0	0	0	
439700	Caudate_R	1202	3208	1452	25384	1846	3956	652	1664	1772	812	1362	2784	1074	1732	2060	4932	0	714	4340	22128	4806	7800	672	5718	670	3240	1174	2698	2850	7750	4332	25980	0	2788	0	0	0	166	0	98	0	174	0	0	0	0	0	0	0	0	0	0	0	0	0	0	274	96	0	0	0	0	0	0	0	0	0	0	278	0	19246	0	4826	20510	268	3730	1362	14732	0	222	0	176	0	140	0	0	0	0	0	0	0	0	0	0	0	0	0	0	0	0	0	0	0	0	0	0	0	0	0	0	0	0	0	0	0	0	
372532	Putamen_L	4630	1250	12462	2422	6796	194	3484	168	6132	0	888	222	1062	0	10934	386	676	0	21328	1774	3170	2684	1516	126	850	0	832	352	22640	378	8344	1032	0	432	0	0	13034	124	2116	122	2576	0	0	0	0	0	74	0	0	0	0	0	0	0	6028	118	0	0	0	0	0	0	0	0	0	0	0	0	1012	0	20248	4826	0	948	7384	346	1880	172	0	0	432	0	2536	0	204	0	0	0	4082	0	120	0	0	0	0	0	324	0	396	0	0	0	0	0	0	0	0	0	0	0	0	0	0	0	0	0	
320500	Putamen_R	80	2878	188	15078	0	2506	0	7216	490	1024	0	3724	0	1426	520	3458	0	2042	1272	13540	170	644	326	3104	0	2078	96	942	294	16254	524	8804	0	1074	0	0	0	14508	0	6930	0	3180	0	0	0	0	0	0	0	0	0	0	0	0	0	9436	0	0	0	0	0	0	0	0	0	0	0	0	0	0	2146	20510	948	0	0	6202	110	1718	0	0	0	726	0	664	0	328	0	0	0	3092	0	0	0	0	0	0	0	0	0	0	0	0	0	0	0	0	0	0	0	0	0	0	0	0	0	0	
55108	Pallidum_L	1076	976	5182	1242	300	0	144	0	152	0	0	0	0	0	248	0	0	0	2230	646	0	90	94	0	0	0	0	0	0	0	206	86	0	232	0	0	478	0	0	0	0	0	0	0	0	0	0	0	0	0	0	0	0	0	0	0	0	0	0	0	0	0	0	0	0	0	0	0	1192	0	2602	268	7384	0	0	0	2634	92	0	0	0	0	0	0	0	0	0	0	0	0	0	0	0	0	0	0	0	0	0	0	0	0	0	0	0	0	0	0	0	0	0	0	0	0	0	0	
50328	Pallidum_R	0	102	0	3120	0	0	0	1550	0	0	0	248	0	0	78	0	0	0	248	2560	0	0	74	178	0	0	0	0	0	750	122	1018	0	124	0	0	0	1546	0	798	0	686	0	0	0	0	0	0	0	0	0	0	0	0	0	898	0	0	0	0	0	0	0	0	0	0	0	0	0	0	602	3730	346	6202	0	0	0	82	0	0	0	0	0	0	0	0	0	0	0	102	0	0	0	0	0	0	0	0	0	0	0	0	0	0	0	0	0	0	0	0	0	0	0	0	0	0	
231552	Thalamus_L	17890	364	14716	344	0	0	2978	0	0	0	0	262	0	0	0	0	192	136	14206	1024	0	0	0	0	0	0	0	0	2098	0	0	202	0	100	358	1876	9296	2422	2832	1872	0	0	74	0	0	0	300	0	0	0	196	0	0	0	1540	648	92	124	112	0	104	0	0	140	0	0	0	80	17980	132	5018	1362	1880	110	2634	0	0	4662	2654	0	1046	0	0	0	552	0	0	0	890	278	0	0	0	0	0	0	0	0	0	0	0	0	0	0	0	0	0	0	0	0	0	0	0	0	0	0	
154804	Thalamus_R	1010	6576	162	21444	0	0	406	1360	150	0	0	184	0	0	148	0	0	308	322	2774	0	0	0	112	0	74	0	0	202	236	0	1838	0	0	86	464	546	6794	78	4672	0	198	0	0	0	0	0	270	0	0	0	0	0	0	0	2268	222	82	0	0	0	0	0	0	0	0	0	194	408	0	688	14732	172	1718	92	82	4662	0	82	0	0	0	0	0	0	0	0	0	0	1506	0	0	0	0	0	0	0	80	0	0	0	0	0	0	0	0	0	0	0	0	0	0	0	0	0	0	
111572	Heschl_L	5004	0	916	0	0	0	2342	0	0	0	0	0	0	0	0	0	4146	0	1250	84	0	0	0	0	0	0	0	0	7560	0	0	0	0	0	398	960	3328	152	96	108	0	0	82	0	92	0	0	0	0	0	882	0	160	0	3204	0	1306	0	0	0	98	0	856	0	710	0	116	0	428	0	0	0	0	0	0	0	2654	82	0	0	7918	0	0	0	4274	0	0	0	6580	0	0	0	0	0	0	0	0	0	0	0	0	0	0	0	0	0	0	0	0	0	0	0	0	0	0	0	
57324	Heschl_R	96	398	120	1140	0	0	0	294	0	0	0	802	0	0	0	0	0	5334	444	632	0	0	0	0	0	0	0	0	0	5330	0	0	0	80	0	0	0	506	0	464	0	0	0	0	0	0	0	0	0	0	0	0	0	0	0	1134	0	88	0	0	0	0	0	434	0	0	0	0	0	0	708	222	0	0	0	0	0	0	0	0	0	8530	0	0	0	1606	0	0	0	300	0	0	0	0	0	0	0	0	0	0	0	0	0	0	0	0	0	0	0	0	0	0	0	0	0	0	
271616	Temporal_Sup_L	2706	0	2224	0	0	0	160	0	92	0	3028	0	0	0	182	0	11360	0	2366	0	116	0	0	0	0	0	0	0	11750	0	0	0	0	0	506	94	2562	0	220	0	210	0	306	0	262	0	82	0	0	0	5994	0	478	0	3982	0	3364	0	200	0	3968	0	9874	0	10314	0	788	0	402	0	0	0	432	0	0	0	1046	0	7918	0	0	0	5444	0	27946	0	0	0	15432	0	0	0	0	0	0	0	0	0	0	0	0	0	0	0	0	0	0	0	0	0	0	0	0	0	0	0	
180420	Temporal_Sup_R	80	448	78	1254	0	0	0	316	0	0	0	732	0	154	0	0	0	7496	272	488	0	0	0	0	0	0	0	0	0	10938	0	0	0	88	0	90	0	1650	0	1218	0	0	0	124	0	0	0	0	0	1336	0	1064	0	618	0	4346	0	2184	0	0	0	660	0	7380	0	5864	0	1404	0	1286	474	176	0	726	0	0	0	0	0	8530	0	0	0	1516	0	22542	0	482	0	4196	0	0	0	0	0	0	0	0	0	0	0	0	0	0	0	0	0	0	0	0	0	0	0	0	0	0	
150180	Temporal_Pole_Sup_L	186	0	3466	0	1300	0	92	0	818	0	6966	0	630	0	3044	0	6854	0	3250	0	1378	114	0	0	0	0	268	0	11600	0	100	82	0	0	0	0	1168	0	580	0	1256	0	0	0	0	0	0	0	0	0	0	0	0	0	2442	0	0	0	0	0	0	0	0	0	0	0	0	0	0	0	438	0	2536	0	0	0	0	0	0	0	5444	0	0	0	9816	0	1804	0	9458	0	0	0	0	0	0	0	0	0	0	0	0	0	0	0	0	0	0	0	0	0	0	0	0	0	0	0	
53360	Temporal_Pole_Sup_R	0	172	0	448	0	0	0	0	0	82	0	1438	0	158	0	720	0	582	0	234	0	156	0	0	0	0	0	0	0	2228	0	88	0	0	0	0	0	944	0	1648	0	1864	0	0	0	0	0	0	0	0	0	0	0	0	0	3656	0	0	0	0	0	0	0	0	0	0	0	0	0	0	0	140	0	664	0	0	0	0	0	0	0	1516	0	0	0	2710	0	3760	0	3472	0	0	0	0	0	0	0	0	0	0	0	0	0	0	0	0	0	0	0	0	0	0	0	0	0	0	
335380	Temporal_Mid_L	620	0	134	0	0	0	0	0	0	0	0	0	0	0	0	0	1854	0	170	0	0	0	0	0	0	0	0	0	5012	0	0	0	0	0	372	0	1414	0	552	0	98	0	2174	0	1604	0	1278	0	184	0	20924	0	7180	0	6254	0	5046	0	1068	0	8110	0	8692	0	16054	0	1548	0	1130	0	0	0	204	0	0	0	552	0	4274	0	27946	0	9816	0	0	0	1748	0	30640	0	322	0	166	0	0	0	172	0	378	0	0	0	0	0	0	0	0	0	0	0	0	0	0	0	0	0	
234424	Temporal_Mid_R	0	590	0	150	0	0	0	132	0	0	0	0	0	0	0	0	0	800	82	0	0	0	0	0	0	0	0	0	0	4556	0	0	0	218	168	1134	0	1560	0	1106	0	0	0	3386	0	1106	0	1558	0	2746	0	12050	0	4628	0	5036	0	4232	0	260	0	762	0	3014	0	9524	0	5910	0	3984	112	0	0	328	0	0	0	0	0	1606	0	22542	0	2710	0	0	0	2690	0	18532	0	0	0	0	0	0	0	0	0	0	0	0	0	0	0	0	0	0	0	0	0	0	0	0	0	0	
12796	Temporal_Pole_Mid_L	0	0	0	0	0	0	0	0	0	0	0	0	0	0	0	0	0	0	0	0	0	0	0	0	0	0	0	0	0	0	0	0	0	0	0	0	0	0	282	0	94	0	0	0	0	0	0	0	0	0	0	0	0	0	660	0	0	0	0	0	0	0	0	0	0	0	0	0	0	0	0	0	0	0	0	0	0	0	0	0	0	0	1804	0	1748	0	0	0	1810	0	0	0	0	0	0	0	0	0	0	0	0	0	0	0	0	0	0	0	0	0	0	0	0	0	0	0	
23672	Temporal_Pole_Mid_R	0	0	0	0	0	0	0	0	0	0	0	0	0	0	0	86	0	0	0	0	0	82	0	0	0	0	0	0	0	82	0	0	0	0	0	0	0	210	0	984	0	580	0	0	0	0	0	0	0	0	0	0	0	0	0	1192	0	0	0	0	0	0	0	0	0	0	0	0	0	0	0	0	0	0	0	0	0	0	0	0	0	482	0	3760	0	2690	0	0	0	1688	0	0	0	0	0	0	0	0	0	0	0	0	0	0	0	0	0	0	0	0	0	0	0	0	0	0	
347056	Temporal_Inf_L	1532	0	1170	0	0	0	204	0	0	0	550	0	0	0	0	0	2692	0	3018	0	0	0	0	0	0	0	0	0	14814	0	0	0	98	0	2872	188	15252	0	5086	0	1766	0	2068	0	622	0	1762	0	308	0	3764	0	3064	0	30950	0	1118	0	278	0	246	0	548	0	1160	0	3866	0	416	0	0	0	4082	0	0	0	890	0	6580	0	15432	0	9458	0	30640	0	1810	0	0	0	2370	0	226	0	0	0	1140	0	1410	0	0	0	78	0	0	0	0	0	0	0	0	0	0	0	0	0	
194668	Temporal_Inf_R	0	1976	0	1850	0	0	0	1214	0	0	0	340	0	0	0	0	0	724	122	80	0	0	0	0	0	0	0	0	0	2910	0	0	0	406	0	1058	98	10946	0	7544	0	162	0	810	0	0	0	90	0	210	0	612	0	4860	0	20494	0	478	0	0	0	0	0	494	0	330	0	1282	172	530	140	0	0	3092	0	102	278	1506	0	300	0	4196	0	3472	0	18532	0	1688	0	0	0	2488	0	270	0	106	0	416	0	788	0	74	0	94	0	0	0	0	0	0	0	0	0	0	0	0	
474012	Cerebelum_Crus1_L	0	0	0	0	0	0	0	0	0	0	0	0	0	0	0	0	0	0	0	0	0	0	0	0	0	0	0	0	122	0	0	0	0	0	0	0	648	0	2536	0	0	0	0	0	0	0	11064	3008	0	0	432	76	1212	0	21942	330	100	0	0	0	0	0	0	0	0	0	84	0	0	0	0	0	120	0	0	0	0	0	0	0	0	0	0	0	322	0	0	0	2370	0	0	3480	41404	1188	2768	0	26548	962	54082	3552	15192	0	18872	130	5124	0	936	0	218	560	5138	7090	5092	140	164	0	
429652	Cerebelum_Crus1_R	0	0	0	0	0	0	0	0	0	0	0	0	0	0	0	0	0	0	0	0	0	0	0	0	0	0	0	0	0	0	0	0	0	0	0	0	0	0	0	106	0	0	0	0	0	0	566	6768	0	0	0	0	0	238	114	13048	0	0	0	0	0	0	0	0	0	0	0	0	0	0	0	0	0	0	0	0	0	0	0	0	0	0	0	0	0	0	0	0	0	2488	3480	0	2976	35920	0	4184	3056	24536	2758	50530	524	12520	1802	12602	976	1206	0	0	1028	3574	10908	6494	8082	2644	1304	394	
434380	Cerebelum_Crus2_L	0	0	0	0	0	0	0	0	0	0	0	0	0	0	0	0	0	0	0	0	0	0	0	0	0	0	0	0	0	0	0	0	0	0	0	0	0	0	296	0	0	0	0	0	0	0	1772	562	0	0	356	0	382	0	2018	130	90	0	0	0	0	0	0	0	0	0	0	0	0	0	0	0	0	0	0	0	0	0	0	0	0	0	0	0	166	0	0	0	226	0	41404	2976	0	9132	826	508	4322	646	8732	1908	46078	5800	45676	6516	9678	1626	1298	142	532	726	836	1640	12690	5680	1820	0	
305820	Cerebelum_Crus2_R	0	0	0	0	0	0	0	0	0	0	0	0	0	0	0	0	0	0	0	0	0	0	0	0	0	0	0	0	0	0	0	0	0	0	0	0	0	0	0	0	0	0	0	0	0	0	156	150	0	0	0	0	0	0	0	424	0	0	0	0	0	0	0	0	0	0	0	0	0	0	0	0	0	0	0	0	0	0	0	0	0	0	0	0	0	0	0	0	0	270	1188	35920	9132	0	0	1188	1132	4104	872	9766	7456	29456	6938	24556	830	1746	0	82	824	1624	2506	426	7472	4052	640	0	
43364	Cerebelum_3_L	0	0	0	0	0	0	0	0	0	0	0	0	0	0	0	0	0	0	0	0	0	0	0	0	0	0	0	0	0	0	0	0	0	0	0	0	148	0	782	0	0	0	0	0	0	0	318	116	0	0	0	0	0	0	536	0	0	0	0	0	0	0	0	0	0	0	0	0	0	0	0	0	0	0	0	0	0	0	0	0	0	0	0	0	0	0	0	0	0	0	2768	0	826	0	0	0	8010	0	3042	0	594	0	1038	0	818	0	0	0	604	1332	390	274	86	0	0	0	
71560	Cerebelum_3_R	0	0	0	0	0	0	0	0	0	0	0	0	0	0	0	0	0	0	0	0	0	0	0	0	0	0	0	0	0	0	0	0	0	0	0	0	0	96	96	318	0	0	0	0	0	0	0	328	0	0	0	0	0	0	0	482	0	0	0	0	0	0	0	0	0	0	0	0	0	0	0	0	0	0	0	0	0	0	0	0	0	0	0	0	0	0	0	0	0	106	0	4184	508	1188	0	0	172	6316	0	5452	0	646	120	1458	0	1456	0	0	1834	5548	318	0	1718	1902	1534	0	
318176	Cerebelum_4_5_L	0	0	0	0	0	0	0	0	0	0	0	0	0	0	0	0	0	0	152	0	0	0	0	0	0	0	0	0	242	0	0	0	0	0	0	0	1234	0	4948	76	86	0	0	0	0	0	11924	2238	0	0	82	0	318	94	14860	522	0	0	0	0	0	0	0	0	0	0	0	0	0	0	0	0	324	0	0	0	0	0	0	0	0	0	0	0	172	0	0	0	1140	0	26548	3056	4322	1132	8010	172	0	2534	37448	4148	3354	0	4812	186	5118	356	112	0	626	1332	11190	4084	410	500	406	820	
237756	Cerebelum_4_5_R	0	0	0	0	0	0	0	0	0	0	0	0	0	0	0	0	0	0	0	0	0	0	0	0	0	0	0	0	0	0	0	0	0	0	204	428	272	448	230	914	0	0	0	0	0	0	400	5528	0	0	0	0	0	360	354	7572	0	0	0	0	0	0	0	0	0	0	0	898	0	0	0	0	0	0	0	0	0	80	0	0	0	0	0	0	0	0	0	0	0	416	962	24536	646	4104	0	6316	2534	0	1552	29738	154	1294	286	2674	290	1050	0	0	912	5160	12252	1162	1884	1910	1254	104	
435204	Cerebelum_6_L	0	0	0	0	0	0	0	0	0	0	0	0	0	0	0	0	0	0	160	0	0	0	0	0	0	0	0	0	248	0	0	0	0	0	0	0	1154	0	4022	0	0	0	110	0	0	0	16170	6238	0	0	638	76	1556	0	29146	590	106	0	0	0	0	0	0	0	0	0	116	0	0	0	0	0	396	0	0	0	0	0	0	0	0	0	0	0	378	0	0	0	1410	0	54082	2758	8732	872	3042	0	37448	1552	0	3852	5238	0	6494	94	5694	102	160	0	198	540	10320	10202	3108	224	126	250	
371832	Cerebelum_6_R	0	0	0	0	0	0	0	0	0	0	0	0	0	0	0	0	0	0	0	0	0	0	0	0	0	0	0	0	0	0	0	0	0	0	0	0	0	0	0	200	0	0	0	190	0	0	748	10196	0	0	0	94	0	544	102	14720	0	0	0	0	0	0	0	0	0	0	0	0	0	0	0	0	0	0	0	0	0	0	0	0	0	0	0	0	0	0	0	0	0	788	3552	50530	1908	9766	0	5452	4148	29738	3852	0	398	2466	1092	4684	1254	1304	0	0	898	4354	13598	9098	6410	2172	996	664	
311472	Cerebelum_7b_L	0	0	0	0	0	0	0	0	0	0	0	0	0	0	0	0	0	0	0	0	0	0	0	0	0	0	0	0	0	0	0	0	0	0	0	0	0	0	250	0	0	0	0	0	0	0	372	108	0	0	0	0	0	0	1012	0	0	0	0	0	0	0	0	0	0	0	0	0	0	0	0	0	0	0	0	0	0	0	0	0	0	0	0	0	0	0	0	0	0	0	15192	524	46078	7456	594	0	3354	154	5238	398	0	5706	43508	4422	7990	142	1428	0	96	188	304	314	6890	3890	128	0	
203388	Cerebelum_7b_R	0	0	0	0	0	0	0	0	0	0	0	0	0	0	0	0	0	0	0	0	0	0	0	0	0	0	0	0	0	0	0	0	0	0	0	0	0	0	0	0	0	0	0	0	0	0	0	0	0	0	0	0	0	0	0	132	0	0	0	0	0	0	0	0	0	0	0	0	0	0	0	0	0	0	0	0	0	0	0	0	0	0	0	0	0	0	0	0	0	74	0	12520	5800	29456	0	646	0	1294	0	2466	5706	0	5772	24768	552	3612	0	0	94	338	168	0	3986	3794	516	0	
393732	Cerebelum_8_L	0	0	0	0	0	0	0	0	0	0	0	0	0	0	0	0	0	0	0	0	0	0	0	0	0	0	0	0	0	0	0	0	0	0	0	0	0	0	332	0	0	0	0	0	0	0	370	186	0	0	0	0	0	0	1320	0	0	0	0	0	0	0	0	0	0	0	0	0	0	0	0	0	0	0	0	0	0	0	0	0	0	0	0	0	0	0	0	0	78	0	18872	1802	45676	6938	1038	120	4812	286	6494	1092	43508	5772	0	7214	24628	1412	2942	210	274	382	722	774	9414	8360	1838	0	
267628	Cerebelum_8_R	0	0	0	0	0	0	0	0	0	0	0	0	0	0	0	0	0	0	0	0	0	0	0	0	0	0	0	0	0	0	0	0	0	0	0	0	0	0	0	0	0	0	0	0	0	0	0	0	0	0	0	0	0	0	0	174	0	0	0	0	0	0	0	0	0	0	0	0	0	0	0	0	0	0	0	0	0	0	0	0	0	0	0	0	0	0	0	0	0	94	130	12602	6516	24556	0	1458	186	2674	94	4684	4422	24768	7214	0	1778	16962	0	562	1268	1958	786	138	8162	8842	3786	0	
174852	Cerebelum_9_L	0	0	0	0	0	0	0	0	0	0	0	0	0	0	0	0	0	0	0	0	0	0	0	0	0	0	0	0	0	0	0	0	0	0	0	0	0	0	0	0	0	0	0	0	0	0	278	1306	0	0	0	0	0	0	728	242	0	0	0	0	0	0	0	0	0	0	0	0	0	0	0	0	0	0	0	0	0	0	0	0	0	0	0	0	0	0	0	0	0	0	5124	976	9678	830	818	0	5118	290	5694	1254	7990	552	24628	1778	0	1574	4868	188	102	144	2056	2696	2770	3410	1770	564	
119304	Cerebelum_9_R	0	0	0	0	0	0	0	0	0	0	0	0	0	0	0	0	0	0	0	0	0	0	0	0	0	0	0	0	0	0	0	0	0	0	0	0	0	0	0	0	0	0	0	0	0	0	82	300	0	0	0	0	0	0	0	94	0	0	0	0	0	0	0	0	0	0	0	0	0	0	0	0	0	0	0	0	0	0	0	0	0	0	0	0	0	0	0	0	0	0	0	1206	1626	1746	0	1456	356	1050	102	1304	142	3612	1412	16962	1574	0	76	2198	1122	1210	896	1352	4400	6368	7230	1776	
24588	Cerebelum_10_L	0	0	0	0	0	0	0	0	0	0	0	0	0	0	0	0	0	0	0	0	0	0	0	0	0	0	0	0	0	0	0	0	0	0	0	0	0	0	0	0	0	0	0	0	0	0	0	0	0	0	0	0	0	0	0	0	0	0	0	0	0	0	0	0	0	0	0	0	0	0	0	0	0	0	0	0	0	0	0	0	0	0	0	0	0	0	0	0	0	0	936	0	1298	0	0	0	112	0	160	0	1428	0	2942	0	4868	76	0	0	0	0	0	78	396	0	0	0	
10768	Cerebelum_10_R	0	0	0	0	0	0	0	0	0	0	0	0	0	0	0	0	0	0	0	0	0	0	0	0	0	0	0	0	0	0	0	0	0	0	0	0	0	0	0	0	0	0	0	0	0	0	0	0	0	0	0	0	0	0	0	0	0	0	0	0	0	0	0	0	0	0	0	0	0	0	0	0	0	0	0	0	0	0	0	0	0	0	0	0	0	0	0	0	0	0	0	0	142	82	0	0	0	0	0	0	0	0	210	562	188	2198	0	0	0	0	0	0	528	712	762	0	
44492	Vermis_1_2	0	0	0	0	0	0	0	0	0	0	0	0	0	0	0	0	0	0	0	0	0	0	0	0	0	0	0	0	0	0	0	0	0	0	0	0	0	0	0	0	0	0	0	0	0	0	0	0	0	0	0	0	0	0	0	0	0	0	0	0	0	0	0	0	0	0	0	0	0	0	0	0	0	0	0	0	0	0	0	0	0	0	0	0	0	0	0	0	0	0	218	1028	532	824	604	1834	626	912	198	898	96	94	274	1268	102	1122	0	0	0	4798	1122	156	2100	2018	1422	0	
