data	data	496320	365024	1.30989e+06	967828	159524	111056	596628	288284	73952	16196	272280	226028	303256	158932	181164	68528	212844	210792	914932	912268	87752	88228	406908	455764	74672	91900	50096	63928	680124	373864	354880	613332	250784	694316	125084	155968	292096	391788	69144	235180	52532	66368	296944	387372	219832	389912	370660	301248	208572	385044	624268	301884	122416	76688	416288	529884	322632	349672	182652	172980	291868	79692	188228	123744	182556	129728	344464	474268	298212	288972	345332	337400	296328	414792	42732	29732	223716	169092	71324	14560	258480	145004	87784	47892	410636	214404	26656	9660	332848	215284	463196	482496	334220	323584	50076	88516	407464	273536	468556	471588	246104	156532	306288	309448	121668	146508	25248	2208	48216	69040	318992	298524	319028	200884	152344	22992	
data	data	Precentral_L	Precentral_R	Frontal_Sup_L	Frontal_Sup_R	Frontal_Sup_Orb_L	Frontal_Sup_Orb_R	Frontal_Mid_L	Frontal_Mid_R	Frontal_Mid_Orb_L	Frontal_Mid_Orb_R	Frontal_Inf_Oper_L	Frontal_Inf_Oper_R	Frontal_Inf_Tri_L	Frontal_Inf_Tri_R	Frontal_Inf_Orb_L	Frontal_Inf_Orb_R	Rolandic_Oper_L	Rolandic_Oper_R	Supp_Motor_Area_L	Supp_Motor_Area_R	Olfactory_L	Olfactory_R	Frontal_Sup_Medial_L	Frontal_Sup_Medial_R	Frontal_Med_Orb_L	Frontal_Med_Orb_R	Rectus_L	Rectus_R	Insula_L	Insula_R	Cingulum_Ant_L	Cingulum_Ant_R	Cingulum_Mid_L	Cingulum_Mid_R	Cingulum_Post_L	Cingulum_Post_R	Hippocampus_L	Hippocampus_R	ParaHippocampal_L	ParaHippocampal_R	Amygdala_L	Amygdala_R	Calcarine_L	Calcarine_R	Cuneus_L	Cuneus_R	Lingual_L	Lingual_R	Occipital_Sup_L	Occipital_Sup_R	Occipital_Mid_L	Occipital_Mid_R	Occipital_Inf_L	Occipital_Inf_R	Fusiform_L	Fusiform_R	Postcentral_L	Postcentral_R	Parietal_Sup_L	Parietal_Sup_R	Parietal_Inf_L	Parietal_Inf_R	SupraMarginal_L	SupraMarginal_R	Angular_L	Angular_R	Precuneus_L	Precuneus_R	Paracentral_Lobule_L	Paracentral_Lobule_R	Caudate_L	Caudate_R	Putamen_L	Putamen_R	Pallidum_L	Pallidum_R	Thalamus_L	Thalamus_R	Heschl_L	Heschl_R	Temporal_Sup_L	Temporal_Sup_R	Temporal_Pole_Sup_L	Temporal_Pole_Sup_R	Temporal_Mid_L	Temporal_Mid_R	Temporal_Pole_Mid_L	Temporal_Pole_Mid_R	Temporal_Inf_L	Temporal_Inf_R	Cerebelum_Crus1_L	Cerebelum_Crus1_R	Cerebelum_Crus2_L	Cerebelum_Crus2_R	Cerebelum_3_L	Cerebelum_3_R	Cerebelum_4_5_L	Cerebelum_4_5_R	Cerebelum_6_L	Cerebelum_6_R	Cerebelum_7b_L	Cerebelum_7b_R	Cerebelum_8_L	Cerebelum_8_R	Cerebelum_9_L	Cerebelum_9_R	Cerebelum_10_L	Cerebelum_10_R	Vermis_1_2	Vermis_3	Vermis_4_5	Vermis_6	Vermis_7	Vermis_8	Vermis_9	Vermis_10	
496320	Precentral_L	0	6176	32336	2838	0	0	18740	140	0	0	13502	226	536	212	0	0	7492	0	22938	5802	0	0	124	0	0	0	0	0	7808	260	254	272	818	1766	1762	1394	2632	924	0	0	0	0	362	0	280	0	0	148	0	0	5456	0	148	0	374	0	28070	0	1634	0	3714	0	590	0	1078	0	2582	178	13176	754	19042	564	1914	0	2392	0	16750	1752	2334	0	4018	0	0	0	8704	0	0	0	3194	0	0	0	0	0	0	0	0	0	0	0	0	0	0	0	0	0	0	0	0	0	0	0	0	0	0	0	
365024	Precentral_R	6176	0	10184	15846	0	0	996	12668	0	0	0	9996	0	3040	0	0	0	4926	7920	4526	0	0	128	128	0	0	0	0	222	4540	454	864	242	1400	968	2478	426	5810	0	1714	0	0	0	3368	0	1558	0	276	0	1420	0	1414	0	224	0	3066	2126	27226	0	992	0	934	0	3640	0	310	0	2748	2244	12236	3076	944	0	2594	0	0	3496	5020	0	306	0	1894	0	0	0	3078	0	0	0	2562	0	0	0	0	0	0	0	0	0	108	0	0	0	0	0	0	0	0	0	0	0	0	0	0	0	0	
1.30989e+06	Frontal_Sup_L	32336	10184	0	23604	12442	0	88860	5044	4522	0	14020	1346	27086	1038	11992	0	5868	642	107282	34796	0	0	46760	11074	2866	238	578	0	43622	1784	19492	13100	14948	12696	348	234	5196	800	180	192	214	0	0	0	0	0	0	0	0	0	242	0	0	0	902	272	1058	540	0	0	0	0	0	402	0	0	162	0	6612	714	16338	8266	28184	3048	4978	124	14626	3034	312	0	5214	156	2434	0	484	192	0	0	968	298	0	0	0	0	0	0	0	0	0	0	0	0	0	0	0	0	0	0	0	0	0	0	0	0	0	0	
967828	Frontal_Sup_R	2838	15846	23604	0	0	5900	4052	43310	0	150	1162	6684	992	10748	0	5264	0	8450	32788	82098	0	0	8866	49966	172	2974	0	0	1978	17864	7164	49086	3216	25530	650	1314	436	6324	0	3252	0	0	0	0	0	0	0	0	0	0	0	0	0	0	0	3224	832	1766	0	0	0	0	0	304	0	0	0	294	216	238	1902	18122	712	21938	0	1330	1404	6208	0	116	0	1498	0	0	0	396	0	0	0	736	0	0	0	0	0	0	0	0	0	0	0	0	0	0	0	0	0	0	0	0	0	0	0	0	0	0	
159524	Frontal_Sup_Orb_L	0	0	12442	0	0	0	1110	0	10348	0	640	0	1152	0	12462	0	162	0	910	0	1370	636	2936	550	5930	646	5232	380	8552	0	5758	378	0	0	0	0	0	0	0	0	218	0	0	0	0	0	0	0	0	0	0	0	0	0	0	0	0	0	0	0	0	0	0	0	0	0	0	0	0	0	558	340	6658	0	0	0	0	0	0	0	0	0	394	0	0	0	0	0	0	0	0	0	0	0	0	0	0	0	0	0	0	0	0	0	0	0	0	0	0	0	0	0	0	0	0	0	
111056	Frontal_Sup_Orb_R	0	0	0	5900	0	0	0	2028	0	3514	0	118	0	630	0	8328	0	0	0	304	0	1898	0	3170	458	9140	0	6068	0	4986	560	462	0	0	0	0	0	0	0	0	0	372	0	0	0	0	0	0	0	0	0	0	0	0	0	0	0	0	0	0	0	0	0	0	0	0	0	0	0	0	0	1266	0	6326	0	0	0	0	0	0	0	0	0	0	0	0	0	0	0	0	0	0	0	0	0	0	0	0	0	0	0	0	0	0	0	0	0	0	0	0	0	0	0	0	0	0	
596628	Frontal_Mid_L	18740	996	88860	4052	1110	0	0	616	2614	0	14444	366	39570	324	8250	0	2054	120	10290	3854	0	0	23090	3084	0	0	0	0	24224	422	6416	4116	11540	3970	0	0	670	0	0	0	0	0	0	0	0	0	0	0	0	0	490	0	114	0	252	0	1664	0	0	0	298	0	0	0	112	0	202	0	484	0	12078	1596	968	600	142	0	2580	0	114	0	1566	0	0	0	804	0	0	0	458	0	0	0	0	0	0	0	0	0	0	0	0	0	0	0	0	0	0	0	0	0	0	0	0	0	0	0	
288284	Frontal_Mid_R	140	12668	5044	43310	0	2028	616	0	0	540	176	6326	0	15690	0	4442	0	2366	7480	8590	0	0	452	7036	0	0	0	0	150	6400	1454	4540	304	3226	0	0	0	1874	0	1050	0	0	0	0	0	0	0	0	0	0	0	0	0	0	0	960	0	492	0	0	0	0	0	502	0	0	0	0	0	0	1704	1038	0	2008	0	0	446	640	0	0	0	450	0	0	0	0	0	0	0	0	0	0	0	0	0	0	0	0	0	0	0	0	0	0	0	0	0	0	0	0	0	0	0	0	0	0	
73952	Frontal_Mid_Orb_L	0	0	4522	0	10348	0	2614	0	0	0	0	0	2180	0	11194	0	0	0	0	0	0	0	232	0	344	0	356	0	2846	0	376	0	0	0	0	0	0	0	0	0	0	0	0	0	0	0	0	0	0	0	0	0	0	0	0	0	0	0	0	0	0	0	0	0	0	0	0	0	0	0	0	0	1814	0	0	0	0	0	0	0	0	0	150	0	0	0	0	0	0	0	0	0	0	0	0	0	0	0	0	0	0	0	0	0	0	0	0	0	0	0	0	0	0	0	0	0	
16196	Frontal_Mid_Orb_R	0	0	0	150	0	3514	0	540	0	0	0	0	0	112	0	3648	0	0	0	0	0	0	0	0	0	0	0	0	0	134	0	0	0	0	0	0	0	0	0	0	0	0	0	0	0	0	0	0	0	0	0	0	0	0	0	0	0	0	0	0	0	0	0	0	0	0	0	0	0	0	0	0	0	0	0	0	0	0	0	0	0	0	0	0	0	0	0	0	0	0	0	0	0	0	0	0	0	0	0	0	0	0	0	0	0	0	0	0	0	0	0	0	0	0	0	0	
272280	Frontal_Inf_Oper_L	13502	0	14020	1162	640	0	14444	176	0	0	0	286	13932	552	604	0	11182	0	5596	2000	0	0	936	0	0	0	0	0	25788	558	1382	522	1058	392	0	0	1168	0	0	0	0	0	0	0	0	0	0	0	0	0	206	0	0	0	582	0	4960	0	436	0	956	0	0	0	230	0	654	0	762	0	2978	872	2250	0	0	0	1346	0	1296	0	5818	0	1246	0	622	0	0	0	1026	0	0	0	0	0	0	0	0	0	0	0	0	0	0	0	0	0	0	0	0	0	0	0	0	0	0	0	
226028	Frontal_Inf_Oper_R	226	9996	1346	6684	0	118	366	6326	0	0	286	0	164	10938	0	246	0	10982	7136	9998	0	0	0	996	0	0	0	0	182	19464	502	2728	0	4786	0	0	0	1146	0	704	0	0	0	0	0	0	0	0	0	128	0	0	0	0	0	1052	0	5134	0	196	0	146	0	784	0	0	0	158	0	0	208	472	0	5548	0	0	0	176	0	144	0	2104	0	640	0	328	0	0	0	476	0	0	0	0	0	0	0	0	0	0	0	0	0	0	0	0	0	0	0	0	0	0	0	0	0	0	
303256	Frontal_Inf_Tri_L	536	0	27086	992	1152	0	39570	0	2180	0	13932	164	0	304	14442	0	630	0	2934	1648	0	0	4138	234	0	0	0	0	29534	298	3478	1154	3388	474	0	0	130	0	0	0	0	0	0	0	0	0	0	0	0	0	0	0	0	0	0	0	164	0	0	0	0	0	0	0	0	0	0	0	0	0	594	506	1306	0	0	0	148	0	0	0	364	0	148	0	0	0	0	0	0	0	0	0	0	0	0	0	0	0	0	0	0	0	0	0	0	0	0	0	0	0	0	0	0	0	0	0	
158932	Frontal_Inf_Tri_R	212	3040	1038	10748	0	630	324	15690	0	112	552	10938	304	0	0	5436	0	302	1982	3090	0	0	0	2198	0	0	0	0	420	14262	212	3160	0	2330	0	0	0	168	0	122	0	0	0	0	0	0	0	0	0	0	0	0	0	0	0	156	0	802	0	0	0	0	0	0	0	0	0	0	0	0	146	388	0	704	0	0	0	0	0	0	0	0	0	0	0	0	0	0	0	0	0	0	0	0	0	0	0	0	0	0	0	0	0	0	0	0	0	0	0	0	0	0	0	0	0	0	
181164	Frontal_Inf_Orb_L	0	0	11992	0	12462	0	8250	0	11194	0	604	0	14442	0	0	0	0	0	646	200	1276	0	1296	0	530	0	434	0	16426	0	960	0	676	0	0	0	0	0	262	0	348	0	0	0	0	0	0	0	0	0	0	0	0	0	0	0	0	0	0	0	0	0	0	0	0	0	0	0	0	0	0	0	7316	0	0	0	0	0	0	0	0	0	1268	0	0	0	0	0	0	0	0	0	0	0	0	0	0	0	0	0	0	0	0	0	0	0	0	0	0	0	0	0	0	0	0	0	
68528	Frontal_Inf_Orb_R	0	0	0	5264	0	8328	0	4442	0	3648	0	246	0	5436	0	0	0	0	0	0	0	368	0	1086	0	542	0	304	0	4116	0	324	0	0	0	0	0	0	0	0	0	0	0	0	0	0	0	0	0	0	0	0	0	0	0	0	0	0	0	0	0	0	0	0	0	0	0	0	0	0	0	0	0	160	0	0	0	0	0	0	0	0	0	0	0	0	0	0	0	0	0	0	0	0	0	0	0	0	0	0	0	0	0	0	0	0	0	0	0	0	0	0	0	0	0	0	
212844	Rolandic_Oper_L	7492	0	5868	0	162	0	2054	0	0	0	11182	0	630	0	0	0	0	0	3470	0	0	0	120	0	0	0	0	0	18814	0	0	0	152	0	0	0	2070	0	114	0	0	0	214	0	294	0	0	0	150	0	2440	0	0	0	1606	0	9638	0	616	0	830	0	2090	0	900	0	1288	0	1382	0	3340	0	1328	0	0	0	622	0	3640	0	14150	0	1086	0	3512	0	0	0	5168	0	0	0	0	0	0	0	0	0	0	0	0	0	0	0	0	0	0	0	0	0	0	0	0	0	0	0	
210792	Rolandic_Oper_R	0	4926	642	8450	0	0	120	2366	0	0	0	10982	0	302	0	0	0	0	3452	8666	0	0	0	738	0	0	0	0	0	20402	338	1722	0	1976	0	0	0	1120	0	774	0	0	0	222	0	864	0	0	0	1222	0	146	0	0	0	956	0	6380	0	1522	0	0	0	2522	0	924	0	1772	0	540	108	790	0	3478	0	0	0	434	0	804	0	12388	0	638	0	1570	0	0	0	1140	0	0	0	0	0	0	0	0	0	0	0	0	0	0	0	0	0	0	0	0	0	0	0	0	0	0	
914932	Supp_Motor_Area_L	22938	7920	107282	32788	910	0	10290	7480	0	0	5596	7136	2934	1982	646	0	3470	3452	0	61420	0	0	5774	5832	0	0	0	0	16858	6220	6874	14820	10076	26762	508	238	1930	938	118	342	110	0	0	0	228	0	0	0	118	0	306	0	0	0	166	380	802	544	0	0	0	0	0	410	0	0	554	340	12316	1554	12914	9220	17050	3494	3650	246	9584	2936	318	0	2884	552	1858	136	302	190	0	0	478	292	0	0	0	0	0	0	0	0	0	0	0	0	0	0	0	0	0	0	0	0	0	0	0	0	0	0	
912268	Supp_Motor_Area_R	5802	4526	34796	82098	0	304	3854	8590	0	0	2000	9998	1648	3090	200	0	0	8666	61420	0	0	0	2936	17902	0	566	0	0	3224	14064	5104	32500	4872	51652	1074	5218	258	3360	0	1908	0	0	0	654	0	394	0	318	0	272	0	300	0	142	0	2202	524	2906	0	0	0	0	0	366	0	0	406	2680	9694	12366	1268	22026	1294	16866	366	2188	228	3572	0	0	0	1422	0	204	0	562	0	0	0	1284	0	0	0	0	0	0	0	0	0	0	0	0	0	0	0	0	0	0	0	0	0	0	0	0	0	0	
87752	Olfactory_L	0	0	0	0	1370	0	0	0	0	0	0	0	0	0	1276	0	0	0	0	0	0	6700	0	0	1644	220	3618	2726	2530	0	3568	1558	0	0	0	0	788	0	1566	0	1784	0	0	0	0	0	0	0	0	0	0	0	0	0	220	0	0	0	0	0	0	0	0	0	0	0	0	0	0	0	6198	4164	1904	720	0	0	0	0	0	0	0	0	1322	0	0	0	0	0	0	0	0	0	0	0	0	0	0	0	0	0	0	0	0	0	0	0	0	0	0	0	0	0	0	0	0	0	
88228	Olfactory_R	0	0	0	0	636	1898	0	0	0	0	0	0	0	0	0	368	0	0	0	0	6700	0	0	0	1034	1258	2428	4670	0	1802	3686	2590	0	0	0	0	0	0	0	0	0	686	0	0	0	0	0	0	0	0	0	0	0	0	0	0	0	0	0	0	0	0	0	0	0	0	0	0	0	0	6296	6772	1984	1120	0	186	0	0	0	0	0	0	0	0	0	0	0	0	0	0	0	0	0	0	0	0	0	0	0	0	0	0	0	0	0	0	0	0	0	0	0	0	0	0	0	0	
406908	Frontal_Sup_Medial_L	124	128	46760	8866	2936	0	23090	452	232	0	936	0	4138	0	1296	0	120	0	5774	2936	0	0	0	25538	4672	446	394	0	5658	0	22524	15842	15172	12436	0	0	0	0	0	0	0	0	0	0	0	0	0	0	0	0	0	0	0	0	0	0	0	0	0	0	0	0	0	0	0	0	0	0	0	0	292	224	2304	164	0	0	0	0	0	0	0	0	0	0	0	0	0	0	0	0	0	0	0	0	0	0	0	0	0	0	0	0	0	0	0	0	0	0	0	0	0	0	0	0	0	0	
455764	Frontal_Sup_Medial_R	0	128	11074	49966	550	3170	3084	7036	0	0	0	996	234	2198	0	1086	0	738	5832	17902	0	0	25538	0	1234	3724	0	0	392	3928	8568	41506	2112	23788	140	454	0	172	0	158	0	0	0	0	0	0	0	0	0	0	0	0	0	0	0	190	0	0	0	0	0	0	0	0	0	0	0	224	0	0	544	2286	232	8698	0	0	0	0	0	0	0	0	0	0	0	0	0	0	0	0	0	0	0	0	0	0	0	0	0	0	0	0	0	0	0	0	0	0	0	0	0	0	0	0	0	0	
74672	Frontal_Med_Orb_L	0	0	2866	172	5930	458	0	0	344	0	0	0	0	0	530	0	0	0	0	0	1644	1034	4672	1234	0	2072	2960	704	382	0	8840	932	0	0	0	0	0	0	0	0	0	0	0	0	0	0	0	0	0	0	0	0	0	0	0	0	0	0	0	0	0	0	0	0	0	0	0	0	0	0	1086	558	758	160	0	0	0	0	0	0	0	0	0	0	0	0	0	0	0	0	0	0	0	0	0	0	0	0	0	0	0	0	0	0	0	0	0	0	0	0	0	0	0	0	0	0	
91900	Frontal_Med_Orb_R	0	0	238	2974	646	9140	0	0	0	0	0	0	0	0	0	542	0	0	0	566	220	1258	446	3724	2072	0	164	5656	116	1260	2984	5578	0	0	0	0	0	0	0	0	0	0	0	0	0	0	0	0	0	0	0	0	0	0	0	0	0	0	0	0	0	0	0	0	0	0	0	0	0	0	136	2462	120	5648	0	0	0	0	0	0	0	0	0	0	0	0	0	0	0	0	0	0	0	0	0	0	0	0	0	0	0	0	0	0	0	0	0	0	0	0	0	0	0	0	0	0	
50096	Rectus_L	0	0	578	0	5232	0	0	0	356	0	0	0	0	0	434	0	0	0	0	0	3618	2428	394	0	2960	164	0	1292	298	0	2660	522	0	0	0	0	0	0	0	0	0	0	0	0	0	0	0	0	0	0	0	0	0	0	0	0	0	0	0	0	0	0	0	0	0	0	0	0	0	0	2300	966	734	112	0	0	0	0	0	0	0	0	0	0	0	0	0	0	0	0	0	0	0	0	0	0	0	0	0	0	0	0	0	0	0	0	0	0	0	0	0	0	0	0	0	0	
63928	Rectus_R	0	0	0	0	380	6068	0	0	0	0	0	0	0	0	0	304	0	0	0	0	2726	4670	0	0	704	5656	1292	0	0	648	1076	1986	0	0	0	0	0	0	0	0	0	284	0	0	0	0	0	0	0	0	0	0	0	0	0	0	0	0	0	0	0	0	0	0	0	0	0	0	0	0	1892	2640	662	976	0	0	0	0	0	0	0	0	0	0	0	0	0	0	0	0	0	0	0	0	0	0	0	0	0	0	0	0	0	0	0	0	0	0	0	0	0	0	0	0	0	0	
680124	Insula_L	7808	222	43622	1978	8552	0	24224	150	2846	0	25788	182	29534	420	16426	0	18814	0	16858	3224	2530	0	5658	392	382	116	298	0	0	420	6310	2080	4146	718	476	0	12744	0	2210	0	4534	0	120	0	0	0	0	0	0	0	1810	0	122	0	6392	0	6112	0	598	0	434	0	126	0	176	0	2262	0	2186	0	8880	1144	19738	0	128	0	3518	0	6556	0	13926	0	8188	0	4776	0	0	0	9208	0	0	0	0	0	0	0	0	0	0	0	0	0	0	0	0	0	0	0	0	0	0	0	0	0	0	0	
373864	Insula_R	260	4540	1784	17864	0	4986	422	6400	0	134	558	19464	298	14262	0	4116	0	20402	6220	14064	0	1802	0	3928	0	1260	0	648	420	0	560	5460	0	3708	166	214	160	4708	0	2238	0	1184	0	144	0	0	0	0	0	118	0	0	0	0	0	4252	0	4102	0	204	0	0	0	184	0	0	0	284	0	0	388	1712	0	17334	0	0	0	2258	0	798	0	6922	0	822	0	1816	0	0	0	3364	0	0	0	0	0	0	0	0	0	0	0	0	0	0	0	0	0	0	0	0	0	0	0	0	0	0	
354880	Cingulum_Ant_L	254	454	19492	7164	5758	560	6416	1454	376	0	1382	502	3478	212	960	0	0	338	6874	5104	3568	3686	22524	8568	8840	2984	2660	1076	6310	560	0	22512	8188	4754	128	0	0	0	0	0	0	0	0	0	0	0	0	0	0	0	0	0	0	0	0	0	0	0	0	0	0	0	0	0	0	0	0	0	0	0	4668	5760	7756	2120	0	0	0	0	0	0	0	0	0	0	0	0	0	0	0	0	0	0	0	0	0	0	0	0	0	0	0	0	0	0	0	0	0	0	0	0	0	0	0	0	0	0	
613332	Cingulum_Ant_R	272	864	13100	49086	378	462	4116	4540	0	0	522	2728	1154	3160	0	324	0	1722	14820	32500	1558	2590	15842	41506	932	5578	522	1986	2080	5460	22512	0	3926	31374	146	476	0	204	0	190	0	0	0	0	0	0	0	0	0	0	0	0	0	0	0	214	0	0	0	0	0	0	0	0	0	0	0	214	0	0	2858	19754	1550	15258	0	0	0	0	0	0	0	188	0	0	0	0	0	0	0	0	0	0	0	0	0	0	0	0	0	0	0	0	0	0	0	0	0	0	0	0	0	0	0	0	0	0	
250784	Cingulum_Mid_L	818	242	14948	3216	0	0	11540	304	0	0	1058	0	3388	0	676	0	152	0	10076	4872	0	0	15172	2112	0	0	0	0	4146	0	8188	3926	0	15304	2804	738	0	0	0	0	0	0	122	0	974	204	0	0	784	142	1804	126	0	0	0	0	526	0	456	0	0	0	0	0	260	0	5778	2636	6324	132	300	264	642	116	0	0	0	0	0	0	122	0	0	0	0	0	0	0	0	0	0	0	0	0	0	0	0	0	0	0	0	0	0	0	0	0	0	0	0	0	0	0	0	0	0	0	
694316	Cingulum_Mid_R	1766	1400	12696	25530	0	0	3970	3226	0	0	392	4786	474	2330	0	0	0	1976	26762	51652	0	0	12436	23788	0	0	0	0	718	3708	4754	31374	15304	0	1216	7744	0	228	0	0	0	0	0	3120	0	10452	0	1364	0	8988	0	4118	0	170	0	494	0	12150	0	6652	0	288	0	0	0	206	3542	21852	6192	23240	420	1780	456	472	148	0	0	0	0	0	0	414	0	0	0	766	0	0	0	1644	0	0	0	0	0	0	0	0	0	0	0	0	0	0	0	0	0	0	0	0	0	0	0	0	0	0	
125084	Cingulum_Post_L	1762	968	348	650	0	0	0	0	0	0	0	0	0	0	0	0	0	0	508	1074	0	0	0	140	0	0	0	0	476	166	128	146	2804	1216	0	6932	8452	3052	1176	330	0	0	3236	0	1472	0	634	0	416	0	662	0	494	0	1630	248	130	174	0	0	0	0	0	0	0	0	6344	560	5086	800	326	0	0	0	0	0	3332	2896	804	0	576	0	0	0	996	0	0	0	1398	0	0	0	0	0	0	0	0	0	0	0	0	0	0	0	0	0	0	0	0	0	0	0	0	0	0	0	
155968	Cingulum_Post_R	1394	2478	234	1314	0	0	0	0	0	0	0	0	0	0	0	0	0	0	238	5218	0	0	0	454	0	0	0	0	0	214	0	476	738	7744	6932	0	2876	6560	0	1056	0	0	0	1418	0	1268	0	5336	0	628	0	596	0	124	136	490	0	702	0	222	0	0	0	0	0	0	690	9940	1056	4682	186	0	0	0	0	0	5102	5562	116	0	144	0	0	0	0	274	0	0	170	406	0	0	0	0	0	0	0	0	0	0	0	0	0	0	0	0	0	0	0	0	810	0	0	0	0	0	
292096	Hippocampus_L	2632	426	5196	436	0	0	670	0	0	0	1168	0	130	0	0	0	2070	0	1930	258	788	0	0	0	0	0	0	0	12744	160	0	0	0	0	8452	2876	0	2590	9388	400	7790	0	5654	0	534	0	4028	550	0	0	2072	0	1834	0	19994	238	540	0	0	0	150	0	0	0	198	0	7544	0	284	0	1274	0	7026	0	374	0	5380	2056	1136	0	4692	0	1554	0	2880	0	184	0	15026	0	0	0	0	0	0	0	588	0	154	0	0	0	0	0	0	0	0	0	0	0	0	0	0	0	0	0	
391788	Hippocampus_R	924	5810	800	6324	0	0	0	1874	0	0	0	1146	0	168	0	0	0	1120	938	3360	0	0	0	172	0	0	0	0	0	4708	0	204	0	228	3052	6560	2590	0	0	32006	0	10322	0	6134	0	414	0	6084	0	464	0	568	0	944	0	37752	0	2218	0	0	0	0	0	1306	0	0	0	10210	110	490	476	502	0	17676	0	326	3050	8772	0	666	0	1410	0	2096	0	1354	0	0	122	7636	0	0	0	0	0	0	0	1428	0	716	0	0	0	0	0	0	0	0	0	0	664	0	0	0	0	0	
69144	ParaHippocampal_L	0	0	180	0	0	0	0	0	0	0	0	0	0	0	262	0	114	0	118	0	1566	0	0	0	0	0	0	0	2210	0	0	0	0	0	1176	0	9388	0	0	0	3192	0	1056	0	0	0	2992	0	0	0	264	0	372	0	5662	0	0	0	0	0	0	0	0	0	0	0	1348	0	0	0	162	0	520	0	0	0	386	0	0	0	148	0	1002	0	242	0	138	0	1402	0	0	0	0	0	0	0	672	0	0	0	0	0	0	0	0	0	0	0	0	0	0	0	0	0	0	0	
235180	ParaHippocampal_R	0	1714	192	3252	0	0	0	1050	0	0	0	704	0	122	0	0	0	774	342	1908	0	0	0	158	0	0	0	0	0	2238	0	190	0	0	330	1056	400	32006	0	0	0	7448	0	2006	0	146	0	3704	0	124	0	162	0	0	0	27038	0	982	0	0	0	0	0	470	0	0	0	3484	0	164	0	486	0	13888	0	318	230	1498	0	0	0	518	0	2410	0	370	0	650	0	2074	0	0	0	0	0	0	0	2470	0	334	0	0	0	0	0	0	0	0	0	0	180	0	0	0	0	0	
52532	Amygdala_L	0	0	214	0	218	0	0	0	0	0	0	0	0	0	348	0	0	0	110	0	1784	0	0	0	0	0	0	0	4534	0	0	0	0	0	0	0	7790	0	3192	0	0	0	0	0	0	0	0	0	0	0	0	0	0	0	3886	0	0	0	0	0	0	0	0	0	0	0	0	0	0	0	0	0	480	0	0	0	0	0	0	0	794	0	1450	0	0	0	122	0	1094	0	0	0	0	0	0	0	250	0	0	0	0	0	0	0	0	0	0	0	0	0	0	0	0	0	0	0	
66368	Amygdala_R	0	0	0	0	0	372	0	0	0	0	0	0	0	0	0	0	0	0	0	0	0	686	0	0	0	0	0	284	0	1184	0	0	0	0	0	0	0	10322	0	7448	0	0	0	0	0	0	0	0	0	0	0	0	0	0	0	7306	0	0	0	0	0	0	0	0	0	0	0	0	0	0	0	0	0	1576	0	0	0	0	0	0	0	0	0	2826	0	0	0	0	0	1020	0	0	0	0	0	0	0	160	0	0	0	0	0	0	0	0	0	0	0	0	0	0	0	0	0	0	
296944	Calcarine_L	362	0	0	0	0	0	0	0	0	0	0	0	0	0	0	0	214	0	0	0	0	0	0	0	0	0	0	0	120	0	0	0	122	0	3236	0	5654	0	1056	0	0	0	0	7176	19260	5992	15086	1660	12816	1404	33114	414	6070	0	5258	0	0	0	174	0	132	0	0	0	404	0	16440	246	1030	0	0	0	0	0	0	0	0	0	0	0	0	0	0	0	7272	0	0	0	2704	0	156	0	0	0	0	0	0	0	482	132	0	0	0	0	0	0	0	0	0	0	0	286	0	0	0	0	
387372	Calcarine_R	0	3368	0	0	0	0	0	0	0	0	0	0	0	0	0	0	0	222	0	654	0	0	0	0	0	0	0	0	0	144	0	0	0	3120	0	1418	0	6134	0	2006	0	0	7176	0	3174	28826	1140	29372	182	23234	0	14012	0	3524	0	11540	0	4982	0	384	0	456	0	194	0	1318	0	24324	0	5380	0	0	0	0	0	0	0	0	0	0	0	594	0	0	0	9646	0	0	0	6576	0	154	0	0	0	0	0	130	0	302	0	0	0	0	0	0	0	0	0	0	0	0	0	0	0	0	
219832	Cuneus_L	280	0	0	0	0	0	0	0	0	0	0	0	0	0	0	0	294	0	228	0	0	0	0	0	0	0	0	0	0	0	0	0	974	0	1472	0	534	0	0	0	0	0	19260	3174	0	6184	2860	0	24072	952	21532	154	698	0	736	0	198	0	700	0	904	0	612	0	1338	0	11296	594	5454	0	0	0	0	0	0	0	0	0	0	0	118	0	0	0	4686	0	0	0	612	0	0	0	0	0	0	0	0	0	0	0	0	0	0	0	0	0	0	0	0	0	0	0	0	0	0	0	
389912	Cuneus_R	0	1558	0	0	0	0	0	0	0	0	0	0	0	0	0	0	0	864	0	394	0	0	0	0	0	0	0	0	0	0	0	0	204	10452	0	1268	0	414	0	146	0	0	5992	28826	6184	0	152	8610	452	37524	110	16854	0	1216	0	3682	0	9856	0	8978	0	460	0	338	0	488	5114	30404	0	10070	0	0	0	0	0	0	0	0	0	0	0	684	0	0	0	2000	0	0	0	1662	0	0	0	0	0	0	0	0	0	0	0	0	0	0	0	0	0	0	0	0	0	0	0	0	0	0	
370660	Lingual_L	0	0	0	0	0	0	0	0	0	0	0	0	0	0	0	0	0	0	0	0	0	0	0	0	0	0	0	0	0	0	0	0	0	0	634	0	4028	0	2992	0	0	0	15086	1140	2860	152	0	4384	4120	0	15564	0	4558	0	19844	3666	0	0	0	0	0	0	0	0	0	0	3566	0	138	0	0	0	0	0	0	0	408	0	0	0	0	0	0	0	708	0	0	0	1108	0	12840	6346	2360	526	352	496	17658	7336	21010	8556	0	0	268	578	256	452	0	0	224	418	11312	5736	2432	228	780	210	
301248	Lingual_R	148	276	0	0	0	0	0	0	0	0	0	0	0	0	0	0	0	0	0	318	0	0	0	0	0	0	0	0	0	0	0	0	0	1364	0	5336	550	6084	0	3704	0	0	1660	29372	0	8610	4384	0	0	11136	0	5972	0	4940	480	19288	0	532	0	256	0	0	0	0	0	0	172	13756	0	1164	0	0	150	0	0	0	326	548	0	0	0	0	0	0	0	1178	0	0	0	1970	410	2536	204	0	0	112	1834	5604	1328	5656	0	0	0	0	0	0	0	0	0	212	5114	3316	624	0	0	0	
208572	Occipital_Sup_L	0	0	0	0	0	0	0	0	0	0	0	0	0	0	0	0	150	0	118	0	0	0	0	0	0	0	0	0	0	0	0	0	784	0	416	0	0	0	0	0	0	0	12816	182	24072	452	4120	0	0	0	34450	0	896	0	622	0	436	0	5622	0	2202	0	842	0	1584	0	6980	224	5040	0	0	0	0	0	0	0	0	0	0	0	168	0	0	0	1746	0	0	0	364	0	0	0	0	0	0	0	0	0	0	0	0	0	0	0	0	0	0	0	0	0	0	0	0	0	0	0	
385044	Occipital_Sup_R	0	1420	0	0	0	0	0	0	0	0	0	128	0	0	0	0	0	1222	0	272	0	0	0	0	0	0	0	0	0	118	0	0	142	8988	0	628	0	464	0	124	0	0	1404	23234	952	37524	0	11136	0	0	0	29098	0	3094	0	6376	0	8478	0	15246	0	1886	0	550	0	3488	1848	21636	0	8884	0	0	0	0	0	0	0	0	0	0	0	960	0	0	0	1716	0	0	0	1382	0	0	0	0	0	0	0	0	0	124	0	0	0	0	0	0	0	0	0	0	0	0	0	0	0	0	
624268	Occipital_Mid_L	5456	0	242	0	0	0	490	0	0	0	206	0	0	0	0	0	2440	0	306	0	0	0	0	0	0	0	0	0	1810	0	0	0	1804	0	662	0	2072	0	264	0	0	0	33114	0	21532	110	15564	0	34450	0	0	0	19872	0	11246	0	10616	0	19686	0	21486	0	7838	0	25180	0	20030	0	13448	0	596	0	0	0	0	0	0	0	456	0	2138	0	0	0	28264	0	0	0	8560	0	438	110	146	0	0	0	0	0	860	164	0	0	0	0	0	0	0	0	0	0	0	264	214	0	0	0	
301884	Occipital_Mid_R	0	1414	0	0	0	0	0	0	0	0	0	0	0	0	0	0	0	146	0	300	0	0	0	0	0	0	0	0	0	0	0	0	126	4118	0	596	0	568	0	162	0	0	414	14012	154	16854	0	5972	0	29098	0	0	0	6102	0	5686	0	4410	0	5994	0	4564	0	286	0	13672	1694	12936	0	4556	0	0	0	0	0	0	0	0	0	0	0	468	0	0	0	14662	0	0	0	1856	0	0	0	0	0	0	0	0	0	122	0	0	0	0	0	0	0	0	0	0	0	0	0	0	0	0	
122416	Occipital_Inf_L	148	0	0	0	0	0	114	0	0	0	0	0	0	0	0	0	0	0	0	0	0	0	0	0	0	0	0	0	122	0	0	0	0	0	494	0	1834	0	372	0	0	0	6070	0	698	0	4558	0	896	0	19872	0	0	0	11438	0	0	0	0	0	0	0	0	0	0	0	1942	0	132	0	0	0	0	0	0	0	168	0	0	0	0	0	0	0	5020	0	0	0	6774	0	174	0	0	0	0	0	0	0	382	0	0	0	0	0	0	0	0	0	0	0	0	0	0	0	0	0	
76688	Occipital_Inf_R	0	224	0	0	0	0	0	0	0	0	0	0	0	0	0	0	0	0	0	142	0	0	0	0	0	0	0	0	0	0	0	0	0	170	0	124	0	944	0	0	0	0	0	3524	0	1216	0	4940	0	3094	0	6102	0	0	0	10536	0	110	0	0	0	0	0	0	0	0	0	1138	0	216	0	0	0	0	0	0	0	0	0	0	0	0	0	0	0	904	0	0	0	2838	0	152	0	0	0	0	0	0	0	1064	0	0	0	0	0	0	0	0	0	0	0	906	0	0	0	0	
416288	Fusiform_L	374	0	902	0	0	0	252	0	0	0	582	0	0	0	0	0	1606	0	166	0	220	0	0	0	0	0	0	0	6392	0	0	0	0	0	1630	136	19994	0	5662	0	3886	0	5258	0	736	0	19844	480	622	0	11246	0	11438	0	0	412	0	0	0	0	0	0	0	0	0	0	2230	0	124	0	0	0	1502	0	0	0	1184	0	196	0	2398	0	2266	0	3930	0	2396	0	21738	0	24924	918	2326	232	232	0	12838	554	30344	1140	0	0	0	0	0	0	0	0	0	0	1586	2162	1086	0	0	0	
529884	Fusiform_R	0	3066	272	3224	0	0	0	960	0	0	0	1052	0	156	0	0	0	956	380	2202	0	0	0	190	0	0	0	0	0	4252	0	214	0	494	248	490	238	37752	0	27038	0	7306	0	11540	0	3682	3666	19288	0	6376	0	5686	0	10536	412	0	0	1534	0	0	0	0	0	686	0	0	0	4342	0	870	216	346	0	14914	0	256	192	1872	0	0	0	788	0	6148	0	810	0	1200	0	14746	420	15784	186	184	0	518	2268	11406	1180	20886	0	0	0	434	0	234	0	0	108	150	6174	3360	602	180	272	0	
322632	Postcentral_L	28070	2126	1058	832	0	0	1664	0	0	0	4960	0	164	0	0	0	9638	0	802	524	0	0	0	0	0	0	0	0	6112	0	0	0	526	0	130	0	540	0	0	0	0	0	0	0	198	0	0	0	436	0	10616	0	0	0	0	0	0	0	12284	0	25772	0	10022	0	4440	0	9270	0	11740	0	6634	0	868	0	472	0	1488	0	2374	0	4040	0	0	0	2644	0	0	0	872	0	0	0	0	0	0	0	0	0	0	0	0	0	0	0	0	0	0	0	0	0	0	0	0	0	0	0	
349672	Postcentral_R	0	27226	540	1766	0	0	0	492	0	0	0	5134	0	802	0	0	0	6380	544	2906	0	0	0	0	0	0	0	0	0	4102	0	0	0	12150	174	702	0	2218	0	982	0	0	0	4982	0	9856	0	532	0	8478	0	4410	0	110	0	1534	0	0	0	10290	0	4778	0	14314	0	926	518	13906	0	20258	550	126	0	1356	0	0	424	340	0	444	0	3058	0	0	0	3638	0	0	0	3890	0	0	0	0	0	0	0	0	0	0	0	0	0	0	0	0	0	0	0	0	0	0	0	0	0	0	
182652	Parietal_Sup_L	1634	0	0	0	0	0	0	0	0	0	436	0	0	0	0	0	616	0	0	0	0	0	0	0	0	0	0	0	598	0	0	0	456	0	0	0	0	0	0	0	0	0	174	0	700	0	0	0	5622	0	19686	0	0	0	0	0	12284	0	0	0	15738	0	3456	0	5822	0	16808	0	5332	0	244	0	0	0	0	0	0	0	0	0	580	0	0	0	642	0	0	0	498	0	0	0	0	0	0	0	0	0	0	0	0	0	0	0	0	0	0	0	0	0	0	0	0	0	0	0	
172980	Parietal_Sup_R	0	992	0	0	0	0	0	0	0	0	0	196	0	0	0	0	0	1522	0	0	0	0	0	0	0	0	0	0	0	204	0	0	0	6652	0	222	0	0	0	0	0	0	0	384	0	8978	0	256	0	15246	0	5994	0	0	0	0	0	10290	0	0	0	4758	0	654	0	6002	0	14414	0	6866	0	0	0	0	0	0	0	0	0	0	0	1130	0	0	0	1016	0	0	0	714	0	0	0	0	0	0	0	0	0	0	0	0	0	0	0	0	0	0	0	0	0	0	0	0	0	0	
291868	Parietal_Inf_L	3714	0	0	0	0	0	298	0	0	0	956	0	0	0	0	0	830	0	0	0	0	0	0	0	0	0	0	0	434	0	0	0	0	0	0	0	150	0	0	0	0	0	132	0	904	0	0	0	2202	0	21486	0	0	0	0	0	25772	0	15738	0	0	0	25610	0	24652	0	3518	0	3926	0	334	0	114	0	0	0	148	0	0	0	1606	0	0	0	10400	0	0	0	3010	0	0	0	0	0	0	0	0	0	0	0	0	0	0	0	0	0	0	0	0	0	0	0	0	0	0	0	
79692	Parietal_Inf_R	0	934	0	0	0	0	0	0	0	0	0	146	0	0	0	0	0	0	0	0	0	0	0	0	0	0	0	0	0	0	0	0	0	288	0	0	0	0	0	0	0	0	0	456	0	460	0	0	0	1886	0	4564	0	0	0	0	0	4778	0	4758	0	0	0	6094	0	13546	0	650	0	318	0	0	0	0	0	0	0	0	0	0	0	214	0	0	0	480	0	0	0	274	0	0	0	0	0	0	0	0	0	0	0	0	0	0	0	0	0	0	0	0	0	0	0	0	0	0	
188228	SupraMarginal_L	590	0	0	0	0	0	0	0	0	0	0	0	0	0	0	0	2090	0	0	0	0	0	0	0	0	0	0	0	126	0	0	0	0	0	0	0	0	0	0	0	0	0	0	0	612	0	0	0	842	0	7838	0	0	0	0	0	10022	0	3456	0	25610	0	0	0	8852	0	1806	0	2140	0	0	0	0	0	0	0	0	0	0	0	9204	0	0	0	16708	0	0	0	4218	0	0	0	0	0	0	0	0	0	0	0	0	0	0	0	0	0	0	0	0	0	0	0	0	0	0	0	
123744	SupraMarginal_R	0	3640	402	304	0	0	0	502	0	0	0	784	0	0	0	0	0	2522	410	366	0	0	0	0	0	0	0	0	0	184	0	0	0	0	0	0	0	1306	0	470	0	0	0	194	0	338	0	0	0	550	0	286	0	0	0	686	0	14314	0	654	0	6094	0	0	0	9388	0	720	0	198	336	0	0	164	0	0	324	0	0	260	0	6172	0	0	0	9044	0	0	0	1260	0	0	0	0	0	0	0	0	0	0	0	0	0	0	0	0	0	0	0	0	0	0	0	0	0	0	
182556	Angular_L	1078	0	0	0	0	0	112	0	0	0	230	0	0	0	0	0	900	0	0	0	0	0	0	0	0	0	0	0	176	0	0	0	260	0	0	0	198	0	0	0	0	0	404	0	1338	0	0	0	1584	0	25180	0	0	0	0	0	4440	0	5822	0	24652	0	8852	0	0	0	1854	0	3368	0	130	0	0	0	0	0	0	0	0	0	2432	0	0	0	7674	0	0	0	594	0	0	0	0	0	0	0	0	0	0	0	0	0	0	0	0	0	0	0	0	0	0	0	0	0	0	0	
129728	Angular_R	0	310	0	0	0	0	0	0	0	0	0	0	0	0	0	0	0	924	0	0	0	0	0	0	0	0	0	0	0	0	0	0	0	206	0	0	0	0	0	0	0	0	0	1318	0	488	0	0	0	3488	0	13672	0	0	0	0	0	926	0	6002	0	13546	0	9388	0	0	0	818	0	388	0	0	0	0	0	0	0	0	0	0	0	3900	0	0	0	8834	0	0	0	656	0	0	0	0	0	0	0	0	0	0	0	0	0	0	0	0	0	0	0	0	0	0	0	0	0	0	
344464	Precuneus_L	2582	0	162	0	0	0	202	0	0	0	654	0	0	0	0	0	1288	0	554	406	0	0	0	0	0	0	0	0	2262	0	0	0	5778	3542	6344	690	7544	0	1348	0	0	0	16440	0	11296	5114	3566	172	6980	1848	20030	1694	1942	0	2230	0	9270	518	16808	0	3518	0	1806	0	1854	0	0	8518	12640	872	728	0	0	0	0	0	128	0	584	0	712	0	0	0	6822	0	0	0	2786	0	0	0	0	0	0	0	0	0	0	0	0	0	0	0	0	0	0	0	0	0	0	0	0	0	0	0	
474268	Precuneus_R	178	2748	0	294	0	0	0	0	0	0	0	158	0	0	0	0	0	1772	340	2680	0	0	0	224	0	0	0	0	0	284	0	214	2636	21852	560	9940	0	10210	0	3484	0	0	246	24324	594	30404	0	13756	224	21636	0	12936	0	1138	0	4342	0	13906	0	14414	0	650	0	720	0	818	8518	0	202	15552	0	0	0	0	0	0	370	844	0	0	0	1464	0	0	0	5560	0	0	0	5178	0	0	0	0	0	0	0	516	0	126	0	0	0	0	0	0	0	0	0	0	1122	0	0	0	0	0	
298212	Paracentral_Lobule_L	13176	2244	6612	216	0	0	484	0	0	0	762	0	0	0	0	0	1382	0	12316	9694	0	0	0	0	0	0	0	0	2186	0	0	0	6324	6192	5086	1056	284	110	0	0	0	0	1030	0	5454	0	138	0	5040	0	13448	0	132	0	124	0	11740	0	5332	0	3926	0	2140	0	3368	0	12640	202	0	3534	2182	0	0	0	0	0	3514	338	146	0	1144	0	0	0	4098	0	0	0	1312	0	0	0	0	0	0	0	0	0	0	0	0	0	0	0	0	0	0	0	0	0	0	0	0	0	0	0	
288972	Paracentral_Lobule_R	754	12236	714	238	0	0	0	0	0	0	0	0	0	0	0	0	0	540	1554	12366	0	0	0	0	0	0	0	0	0	0	0	0	132	23240	800	4682	0	490	0	164	0	0	0	5380	0	10070	0	1164	0	8884	0	4556	0	216	0	870	0	20258	0	6866	0	318	0	198	0	388	872	15552	3534	0	0	0	114	0	0	0	0	0	0	0	0	420	0	0	0	3450	0	0	0	3466	0	0	0	0	0	0	0	0	0	0	0	0	0	0	0	0	0	0	0	0	0	0	0	0	0	0	
345332	Caudate_L	19042	3076	16338	1902	558	0	12078	1704	0	0	2978	208	594	146	0	0	3340	108	12914	1268	6198	6296	292	544	1086	136	2300	1892	8880	388	4668	2858	300	420	326	186	1274	476	162	0	0	0	0	0	0	0	0	0	0	0	596	0	0	0	0	216	6634	550	244	0	334	0	0	336	130	0	728	0	2182	0	0	9262	9638	3260	2450	220	10750	1046	2716	0	1334	116	0	0	2324	148	0	0	2254	262	0	0	0	0	0	0	0	0	0	0	0	0	0	0	0	0	0	0	0	0	0	0	0	0	0	0	
337400	Caudate_R	564	944	8266	18122	340	1266	1596	1038	0	0	872	472	506	388	0	0	0	790	9220	22026	4164	6772	224	2286	558	2462	966	2640	1144	1712	5760	19754	264	1780	0	0	0	502	0	486	0	0	0	0	0	0	0	0	0	0	0	0	0	0	0	346	0	126	0	0	0	0	0	0	0	0	0	0	0	0	9262	0	3148	20656	0	4060	1322	11896	0	0	0	0	0	0	0	0	0	0	0	0	0	0	0	0	0	0	0	0	0	0	0	0	0	0	0	0	0	0	0	0	0	0	0	0	0	0	
296328	Putamen_L	1914	0	28184	712	6658	0	968	0	1814	0	2250	0	1306	0	7316	0	1328	0	17050	1294	1904	1984	2304	232	758	120	734	662	19738	0	7756	1550	642	456	0	0	7026	0	520	0	480	0	0	0	0	0	0	150	0	0	0	0	0	0	1502	0	868	0	0	0	114	0	0	0	0	0	0	0	0	114	9638	3148	0	1418	4796	0	1340	0	0	0	3194	0	3376	0	0	0	0	0	846	0	0	0	0	0	0	0	0	0	0	0	0	0	0	0	0	0	0	0	0	0	0	0	0	0	0	0	
414792	Putamen_R	0	2594	3048	21938	0	6326	600	2008	0	0	0	5548	0	704	0	160	0	3478	3494	16866	720	1120	164	8698	160	5648	112	976	0	17334	2120	15258	116	472	0	0	0	17676	0	13888	0	1576	0	0	0	0	0	0	0	0	0	0	0	0	0	14914	0	1356	0	0	0	0	0	164	0	0	0	0	0	0	3260	20656	1418	0	0	3846	0	4990	0	0	0	1416	0	626	0	0	0	0	0	1824	0	0	0	0	0	0	0	124	0	0	0	0	0	0	0	0	0	0	0	0	0	0	0	0	0	0	
42732	Pallidum_L	2392	0	4978	0	0	0	142	0	0	0	0	0	0	0	0	0	0	0	3650	366	0	0	0	0	0	0	0	0	128	0	0	0	0	148	0	0	374	0	0	0	0	0	0	0	0	0	0	0	0	0	0	0	0	0	0	0	472	0	0	0	0	0	0	0	0	0	0	0	0	0	2450	0	4796	0	0	0	1470	0	0	0	0	0	0	0	0	0	0	0	0	0	0	0	0	0	0	0	0	0	0	0	0	0	0	0	0	0	0	0	0	0	0	0	0	0	0	0	
29732	Pallidum_R	0	0	124	1330	0	0	0	0	0	0	0	0	0	0	0	0	0	0	246	2188	0	186	0	0	0	0	0	0	0	0	0	0	0	0	0	0	0	326	0	318	0	0	0	0	0	0	0	0	0	0	0	0	0	0	0	256	0	0	0	0	0	0	0	0	0	0	0	0	0	0	220	4060	0	3846	0	0	0	1766	0	0	0	0	0	0	0	0	0	0	0	0	0	0	0	0	0	0	0	0	0	0	0	0	0	0	0	0	0	0	0	0	0	0	0	0	0	0	
223716	Thalamus_L	16750	3496	14626	1404	0	0	2580	446	0	0	1346	0	148	0	0	0	622	0	9584	228	0	0	0	0	0	0	0	0	3518	0	0	0	0	0	3332	5102	5380	3050	386	230	0	0	0	0	0	0	408	326	0	0	0	0	168	0	1184	192	1488	424	0	0	148	0	0	324	0	0	128	370	3514	0	10750	1322	1340	0	1470	0	0	12564	650	0	678	0	0	0	312	0	0	0	1716	154	0	0	0	0	0	0	0	0	0	0	0	0	0	0	0	0	0	0	0	0	0	0	0	0	0	0	
169092	Thalamus_R	1752	5020	3034	6208	0	0	0	640	0	0	0	176	0	0	0	0	0	434	2936	3572	0	0	0	0	0	0	0	0	0	2258	0	0	0	0	2896	5562	2056	8772	0	1498	0	0	0	0	0	0	0	548	0	0	0	0	0	0	0	1872	0	340	0	0	0	0	0	0	0	0	0	844	338	0	1046	11896	0	4990	0	1766	12564	0	0	0	0	232	0	0	0	0	0	0	0	1164	0	0	0	0	0	0	0	132	0	0	0	0	0	0	0	0	0	0	0	0	0	0	0	0	0	0	
71324	Heschl_L	2334	0	312	0	0	0	114	0	0	0	1296	0	0	0	0	0	3640	0	318	0	0	0	0	0	0	0	0	0	6556	0	0	0	0	0	804	116	1136	0	0	0	0	0	0	0	0	0	0	0	0	0	456	0	0	0	196	0	2374	0	0	0	0	0	0	0	0	0	584	0	146	0	2716	0	0	0	0	0	650	0	0	0	3878	0	0	0	4006	0	0	0	4030	0	0	0	0	0	0	0	0	0	0	0	0	0	0	0	0	0	0	0	0	0	0	0	0	0	0	0	
14560	Heschl_R	0	306	0	116	0	0	0	0	0	0	0	144	0	0	0	0	0	804	0	0	0	0	0	0	0	0	0	0	0	798	0	0	0	0	0	0	0	666	0	0	0	0	0	0	0	0	0	0	0	0	0	0	0	0	0	0	0	444	0	0	0	0	0	260	0	0	0	0	0	0	0	0	0	0	0	0	0	0	0	0	0	2274	0	0	0	978	0	0	0	490	0	0	0	0	0	0	0	0	0	0	0	0	0	0	0	0	0	0	0	0	0	0	0	0	0	0	
258480	Temporal_Sup_L	4018	0	5214	0	0	0	1566	0	0	0	5818	0	364	0	0	0	14150	0	2884	0	0	0	0	0	0	0	0	0	13926	0	0	0	122	0	576	144	4692	0	148	0	794	0	0	0	118	0	0	0	168	0	2138	0	0	0	2398	0	4040	0	580	0	1606	0	9204	0	2432	0	712	0	1144	0	1334	0	3194	0	0	0	678	0	3878	0	0	0	3574	0	25670	0	236	0	11720	0	0	0	0	0	0	0	0	0	0	0	0	0	0	0	0	0	0	0	0	0	0	0	0	0	0	0	
145004	Temporal_Sup_R	0	1894	156	1498	0	0	0	450	0	0	0	2104	0	0	0	0	0	12388	552	1422	0	0	0	0	0	0	0	0	0	6922	0	188	0	414	0	0	0	1410	0	518	0	0	0	594	0	684	0	0	0	960	0	468	0	0	0	788	0	3058	0	1130	0	214	0	6172	0	3900	0	1464	0	420	116	0	0	1416	0	0	0	232	0	2274	0	0	0	894	0	12012	0	0	0	5790	0	0	0	0	0	0	0	0	0	0	0	0	0	0	0	0	0	0	0	0	0	0	0	0	0	0	
87784	Temporal_Pole_Sup_L	0	0	2434	0	394	0	0	0	150	0	1246	0	148	0	1268	0	1086	0	1858	0	1322	0	0	0	0	0	0	0	8188	0	0	0	0	0	0	0	1554	0	1002	0	1450	0	0	0	0	0	0	0	0	0	0	0	0	0	2266	0	0	0	0	0	0	0	0	0	0	0	0	0	0	0	0	0	3376	0	0	0	0	0	0	0	3574	0	0	0	5862	0	3502	0	3212	0	0	0	0	0	0	0	0	0	0	0	0	0	0	0	0	0	0	0	0	0	0	0	0	0	0	0	
47892	Temporal_Pole_Sup_R	0	0	0	0	0	0	0	0	0	0	0	640	0	0	0	0	0	638	136	204	0	0	0	0	0	0	0	0	0	822	0	0	0	0	0	0	0	2096	0	2410	0	2826	0	0	0	0	0	0	0	0	0	0	0	0	0	6148	0	0	0	0	0	0	0	0	0	0	0	0	0	0	0	0	0	626	0	0	0	0	0	0	0	894	0	0	0	566	0	2008	0	3932	0	0	0	0	0	0	0	0	0	0	0	0	0	0	0	0	0	0	0	0	0	0	0	0	0	0	
410636	Temporal_Mid_L	8704	0	484	0	0	0	804	0	0	0	622	0	0	0	0	0	3512	0	302	0	0	0	0	0	0	0	0	0	4776	0	0	0	0	0	996	0	2880	0	242	0	0	0	7272	0	4686	0	708	0	1746	0	28264	0	5020	0	3930	0	2644	0	642	0	10400	0	16708	0	7674	0	6822	0	4098	0	2324	0	0	0	0	0	312	0	4006	0	25670	0	5862	0	0	0	3680	0	39528	0	0	0	0	0	0	0	0	0	0	0	0	0	0	0	0	0	0	0	0	0	0	0	0	0	0	0	
214404	Temporal_Mid_R	0	3078	192	396	0	0	0	0	0	0	0	328	0	0	0	0	0	1570	190	562	0	0	0	0	0	0	0	0	0	1816	0	0	0	766	0	274	0	1354	0	370	0	0	0	9646	0	2000	0	1178	0	1716	0	14662	0	904	0	810	0	3638	0	1016	0	480	0	9044	0	8834	0	5560	0	3450	148	0	0	0	0	0	0	0	0	978	0	12012	0	566	0	0	0	164	0	19500	0	0	0	0	0	0	0	0	0	0	0	0	0	0	0	0	0	0	0	0	0	0	0	0	0	0	
26656	Temporal_Pole_Mid_L	0	0	0	0	0	0	0	0	0	0	0	0	0	0	0	0	0	0	0	0	0	0	0	0	0	0	0	0	0	0	0	0	0	0	0	0	184	0	138	0	122	0	0	0	0	0	0	0	0	0	0	0	0	0	2396	0	0	0	0	0	0	0	0	0	0	0	0	0	0	0	0	0	0	0	0	0	0	0	0	0	236	0	3502	0	3680	0	0	0	3070	0	0	0	0	0	0	0	0	0	0	0	0	0	0	0	0	0	0	0	0	0	0	0	0	0	0	0	
9660	Temporal_Pole_Mid_R	0	0	0	0	0	0	0	0	0	0	0	0	0	0	0	0	0	0	0	0	0	0	0	0	0	0	0	0	0	0	0	0	0	0	0	0	0	0	0	650	0	0	0	0	0	0	0	0	0	0	0	0	0	0	0	1200	0	0	0	0	0	0	0	0	0	0	0	0	0	0	0	0	0	0	0	0	0	0	0	0	0	0	0	2008	0	164	0	0	0	808	0	0	0	0	0	0	0	0	0	0	0	0	0	0	0	0	0	0	0	0	0	0	0	0	0	0	
332848	Temporal_Inf_L	3194	0	968	0	0	0	458	0	0	0	1026	0	0	0	0	0	5168	0	478	0	0	0	0	0	0	0	0	0	9208	0	0	0	0	0	1398	170	15026	122	1402	0	1094	0	2704	0	612	0	1108	0	364	0	8560	0	6774	0	21738	0	872	0	498	0	3010	0	4218	0	594	0	2786	0	1312	0	2254	0	846	0	0	0	1716	0	4030	0	11720	0	3212	0	39528	0	3070	0	0	0	2654	0	650	0	0	0	328	0	780	0	372	0	402	0	0	0	0	0	0	0	0	0	0	0	0	0	
215284	Temporal_Inf_R	0	2562	298	736	0	0	0	0	0	0	0	476	0	0	0	0	0	1140	292	1284	0	0	0	0	0	0	0	0	0	3364	0	0	0	1644	0	406	0	7636	0	2074	0	1020	0	6576	0	1662	0	1970	0	1382	0	1856	0	2838	0	14746	0	3890	0	714	0	274	0	1260	0	656	0	5178	0	3466	262	0	0	1824	0	0	154	1164	0	490	0	5790	0	3932	0	19500	0	808	0	0	0	2514	0	536	0	0	0	0	0	488	0	140	0	640	0	0	0	0	0	0	0	0	0	0	0	0	
463196	Cerebelum_Crus1_L	0	0	0	0	0	0	0	0	0	0	0	0	0	0	0	0	0	0	0	0	0	0	0	0	0	0	0	0	0	0	0	0	0	0	0	0	0	0	0	0	0	0	156	0	0	0	12840	410	0	0	438	0	174	0	24924	420	0	0	0	0	0	0	0	0	0	0	0	0	0	0	0	0	0	0	0	0	0	0	0	0	0	0	0	0	0	0	0	0	2654	0	0	7262	33514	4776	1450	348	23334	1044	58418	6874	9158	332	10784	420	2350	768	726	0	750	1016	3920	9774	10542	736	1110	176	
482496	Cerebelum_Crus1_R	0	0	0	0	0	0	0	0	0	0	0	0	0	0	0	0	0	0	0	0	0	0	0	0	0	0	0	0	0	0	0	0	0	0	0	0	0	0	0	0	0	0	0	154	0	0	6346	2536	0	0	110	0	0	152	918	15784	0	0	0	0	0	0	0	0	0	0	0	0	0	0	0	0	0	0	0	0	0	0	0	0	0	0	0	0	0	0	0	0	0	2514	7262	0	3108	28428	516	3436	7722	19456	7966	55112	536	4892	760	20530	814	2048	112	0	394	1038	12914	11770	19308	2268	2344	0	
334220	Cerebelum_Crus2_L	0	0	0	0	0	0	0	0	0	0	0	0	0	0	0	0	0	0	0	0	0	0	0	0	0	0	0	0	0	0	0	0	0	0	0	0	0	0	0	0	0	0	0	0	0	0	2360	204	0	0	146	0	0	0	2326	186	0	0	0	0	0	0	0	0	0	0	0	0	0	0	0	0	0	0	0	0	0	0	0	0	0	0	0	0	0	0	0	0	650	0	33514	3108	0	7860	604	162	6400	560	14548	2846	33092	3658	28248	1634	4256	308	1768	0	246	374	1900	3170	10300	2044	638	0	
323584	Cerebelum_Crus2_R	0	0	0	0	0	0	0	0	0	0	0	0	0	0	0	0	0	0	0	0	0	0	0	0	0	0	0	0	0	0	0	0	0	0	0	0	0	0	0	0	0	0	0	0	0	0	526	0	0	0	0	0	0	0	232	184	0	0	0	0	0	0	0	0	0	0	0	0	0	0	0	0	0	0	0	0	0	0	0	0	0	0	0	0	0	0	0	0	0	536	4776	28428	7860	0	210	354	1206	1578	3726	8682	8946	18864	9318	28642	1252	1360	146	0	0	176	1400	4788	20500	6800	1302	0	
50076	Cerebelum_3_L	0	0	0	0	0	0	0	0	0	0	0	0	0	0	0	0	0	0	0	0	0	0	0	0	0	0	0	0	0	0	0	0	0	0	0	0	0	0	0	0	0	0	0	0	0	0	352	0	0	0	0	0	0	0	232	0	0	0	0	0	0	0	0	0	0	0	0	0	0	0	0	0	0	0	0	0	0	0	0	0	0	0	0	0	0	0	0	0	0	0	1450	516	604	210	0	580	7518	504	1986	604	146	0	582	332	1080	396	0	0	1218	2216	1630	1038	466	480	898	0	
88516	Cerebelum_3_R	0	0	0	0	0	0	0	0	0	0	0	0	0	0	0	0	0	0	0	0	0	0	0	0	0	0	0	0	0	0	0	0	0	0	0	0	0	0	0	0	0	0	0	0	0	0	496	112	0	0	0	0	0	0	0	518	0	0	0	0	0	0	0	0	0	0	0	0	0	0	0	0	0	0	0	0	0	0	0	0	0	0	0	0	0	0	0	0	0	0	348	3436	162	354	580	0	3352	6032	650	5116	0	0	0	916	354	2818	0	0	1824	3796	3838	3216	824	1776	3290	450	
407464	Cerebelum_4_5_L	0	0	0	0	0	0	0	0	0	0	0	0	0	0	0	0	0	0	0	0	0	0	0	0	0	0	0	0	0	0	0	0	0	0	0	0	588	0	672	0	250	0	0	0	0	0	17658	1834	0	0	0	0	0	0	12838	2268	0	0	0	0	0	0	0	0	0	0	0	0	0	0	0	0	0	0	0	0	0	0	0	0	0	0	0	0	0	0	0	0	328	0	23334	7722	6400	1206	7518	3352	0	9618	31230	9420	804	0	1828	1762	4568	4674	282	0	2810	3932	21160	10372	3302	3532	6724	1746	
273536	Cerebelum_4_5_R	0	0	0	0	0	0	0	0	0	0	0	0	0	0	0	0	0	0	0	0	0	0	0	0	0	0	0	0	0	0	0	0	0	0	0	0	0	1428	0	2470	0	160	0	130	0	0	7336	5604	0	0	0	0	0	0	554	11406	0	0	0	0	0	0	0	0	0	0	0	516	0	0	0	0	0	124	0	0	0	132	0	0	0	0	0	0	0	0	0	0	0	0	1044	19456	560	1578	504	6032	9618	0	1866	30472	0	186	0	2984	232	2258	0	0	326	1610	17234	3176	2912	2040	2820	0	
468556	Cerebelum_6_L	0	0	0	0	0	0	0	0	0	0	0	0	0	0	0	0	0	0	0	0	0	0	0	0	0	0	0	0	0	0	0	0	0	0	0	0	154	0	0	0	0	0	482	0	0	0	21010	1328	0	0	860	0	382	0	30344	1180	0	0	0	0	0	0	0	0	0	0	0	0	0	0	0	0	0	0	0	0	0	0	0	0	0	0	0	0	0	0	0	0	780	0	58418	7966	14548	3726	1986	650	31230	1866	0	8118	2732	0	3970	476	3212	1374	662	0	530	804	7608	15418	9104	1500	1860	0	
471588	Cerebelum_6_R	0	108	0	0	0	0	0	0	0	0	0	0	0	0	0	0	0	0	0	0	0	0	0	0	0	0	0	0	0	0	0	0	0	0	0	0	0	716	0	334	0	0	132	302	0	0	8556	5656	0	124	164	122	0	1064	1140	20886	0	0	0	0	0	0	0	0	0	0	0	126	0	0	0	0	0	0	0	0	0	0	0	0	0	0	0	0	0	0	0	0	0	488	6874	55112	2846	8682	604	5116	9420	30472	8118	0	364	872	486	8806	688	2274	0	0	350	1218	17352	14646	15924	2824	2828	0	
246104	Cerebelum_7b_L	0	0	0	0	0	0	0	0	0	0	0	0	0	0	0	0	0	0	0	0	0	0	0	0	0	0	0	0	0	0	0	0	0	0	0	0	0	0	0	0	0	0	0	0	0	0	0	0	0	0	0	0	0	0	0	0	0	0	0	0	0	0	0	0	0	0	0	0	0	0	0	0	0	0	0	0	0	0	0	0	0	0	0	0	0	0	0	0	372	0	9158	536	33092	8946	146	0	804	0	2732	364	0	6160	34598	5062	4032	164	1610	0	0	0	0	836	8022	6258	160	0	
156532	Cerebelum_7b_R	0	0	0	0	0	0	0	0	0	0	0	0	0	0	0	0	0	0	0	0	0	0	0	0	0	0	0	0	0	0	0	0	0	0	0	0	0	0	0	0	0	0	0	0	0	0	0	0	0	0	0	0	0	0	0	0	0	0	0	0	0	0	0	0	0	0	0	0	0	0	0	0	0	0	0	0	0	0	0	0	0	0	0	0	0	0	0	0	0	140	332	4892	3658	18864	0	0	0	186	0	872	6160	0	7500	20432	360	2212	0	0	0	0	124	0	5152	6850	532	0	
306288	Cerebelum_8_L	0	0	0	0	0	0	0	0	0	0	0	0	0	0	0	0	0	0	0	0	0	0	0	0	0	0	0	0	0	0	0	0	0	0	0	0	0	0	0	0	0	0	0	0	0	0	268	0	0	0	0	0	0	0	0	0	0	0	0	0	0	0	0	0	0	0	0	0	0	0	0	0	0	0	0	0	0	0	0	0	0	0	0	0	0	0	0	0	402	0	10784	760	28248	9318	582	0	1828	0	3970	486	34598	7500	0	11670	15164	744	2752	0	0	0	0	1010	7552	13372	2136	0	
309448	Cerebelum_8_R	0	0	0	0	0	0	0	0	0	0	0	0	0	0	0	0	0	0	0	0	0	0	0	0	0	0	0	0	0	0	0	0	0	0	0	0	0	0	0	0	0	0	0	0	0	0	578	0	0	0	0	0	0	0	0	434	0	0	0	0	0	0	0	0	0	0	0	0	0	0	0	0	0	0	0	0	0	0	0	0	0	0	0	0	0	0	0	0	0	640	420	20530	1634	28642	332	916	1762	2984	476	8806	5062	20432	11670	0	2710	14988	0	370	202	426	2076	850	10778	13580	3426	0	
121668	Cerebelum_9_L	0	0	0	0	0	0	0	0	0	0	0	0	0	0	0	0	0	0	0	0	0	0	0	0	0	0	0	0	0	0	0	0	0	0	0	0	0	0	0	0	0	0	0	0	0	0	256	0	0	0	0	0	0	0	0	0	0	0	0	0	0	0	0	0	0	0	0	0	0	0	0	0	0	0	0	0	0	0	0	0	0	0	0	0	0	0	0	0	0	0	2350	814	4256	1252	1080	354	4568	232	3212	688	4032	360	15164	2710	0	1936	4096	0	276	164	1632	2178	2018	3866	2978	362	
146508	Cerebelum_9_R	0	0	0	0	0	0	0	0	0	0	0	0	0	0	0	0	0	0	0	0	0	0	0	0	0	0	0	0	0	0	0	0	0	0	0	0	0	0	0	0	0	0	0	0	0	0	452	0	0	0	0	0	0	0	0	234	0	0	0	0	0	0	0	0	0	0	0	0	0	0	0	0	0	0	0	0	0	0	0	0	0	0	0	0	0	0	0	0	0	0	768	2048	308	1360	396	2818	4674	2258	1374	2274	164	2212	744	14988	1936	0	0	734	1980	2024	5014	5858	2364	6482	8430	1360	
25248	Cerebelum_10_L	0	0	0	0	0	0	0	0	0	0	0	0	0	0	0	0	0	0	0	0	0	0	0	0	0	0	0	0	0	0	0	0	0	0	0	0	0	0	0	0	0	0	0	0	0	0	0	0	0	0	0	0	0	0	0	0	0	0	0	0	0	0	0	0	0	0	0	0	0	0	0	0	0	0	0	0	0	0	0	0	0	0	0	0	0	0	0	0	0	0	726	112	1768	146	0	0	282	0	662	0	1610	0	2752	0	4096	0	0	0	0	0	0	212	258	0	0	0	
2208	Cerebelum_10_R	0	0	0	0	0	0	0	0	0	0	0	0	0	0	0	0	0	0	0	0	0	0	0	0	0	0	0	0	0	0	0	0	0	0	0	0	0	0	0	0	0	0	0	0	0	0	0	0	0	0	0	0	0	0	0	0	0	0	0	0	0	0	0	0	0	0	0	0	0	0	0	0	0	0	0	0	0	0	0	0	0	0	0	0	0	0	0	0	0	0	0	0	0	0	0	0	0	0	0	0	0	0	0	370	0	734	0	0	0	0	0	0	0	0	0	0	
48216	Vermis_1_2	0	0	0	0	0	0	0	0	0	0	0	0	0	0	0	0	0	0	0	0	0	0	0	0	0	0	0	0	0	0	0	0	0	0	0	0	0	0	0	0	0	0	0	0	0	0	224	0	0	0	0	0	0	0	0	108	0	0	0	0	0	0	0	0	0	0	0	0	0	0	0	0	0	0	0	0	0	0	0	0	0	0	0	0	0	0	0	0	0	0	750	394	246	0	1218	1824	2810	326	530	350	0	0	0	202	276	1980	0	0	0	4688	2458	1894	254	866	2068	642	
69040	Vermis_3	0	0	0	0	0	0	0	0	0	0	0	0	0	0	0	0	0	0	0	0	0	0	0	0	0	0	0	0	0	0	0	0	0	0	0	0	0	0	0	0	0	0	0	0	0	0	418	212	0	0	0	0	0	0	0	150	0	0	0	0	0	0	0	0	0	0	0	0	0	0	0	0	0	0	0	0	0	0	0	0	0	0	0	0	0	0	0	0	0	0	1016	1038	374	176	2216	3796	3932	1610	804	1218	0	0	0	426	164	2024	0	0	4688	0	3510	2412	514	1090	2316	416	
318992	Vermis_4_5	0	0	0	0	0	0	0	0	0	0	0	0	0	0	0	0	0	0	0	0	0	0	0	0	0	0	0	0	0	0	0	0	0	0	0	810	0	664	0	180	0	0	0	0	0	0	11312	5114	0	0	0	0	0	0	1586	6174	0	0	0	0	0	0	0	0	0	0	0	1122	0	0	0	0	0	0	0	0	0	0	0	0	0	0	0	0	0	0	0	0	0	0	3920	12914	1900	1400	1630	3838	21160	17234	7608	17352	0	124	0	2076	1632	5014	0	0	2458	3510	0	12714	3350	3414	7054	2232	
298524	Vermis_6	0	0	0	0	0	0	0	0	0	0	0	0	0	0	0	0	0	0	0	0	0	0	0	0	0	0	0	0	0	0	0	0	0	0	0	0	0	0	0	0	0	0	286	0	0	0	5736	3316	0	0	264	0	0	906	2162	3360	0	0	0	0	0	0	0	0	0	0	0	0	0	0	0	0	0	0	0	0	0	0	0	0	0	0	0	0	0	0	0	0	0	0	9774	11770	3170	4788	1038	3216	10372	3176	15418	14646	836	0	1010	850	2178	5858	212	0	1894	2412	12714	0	12098	5102	8418	2282	
