data	data	401932	362972	842328	935008	93540	41372	480168	298424	55632	16860	271236	217104	274256	209056	163036	59700	305696	105592	832900	872072	93560	97320	320668	349032	19000	65520	64180	75116	606876	337420	254012	385132	152148	606876	147520	183188	259512	323320	123392	205304	34852	41792	236220	453828	136692	339952	380924	346432	165464	305360	467464	390924	234328	110708	462368	442656	365096	226620	162968	115244	239548	95820	163092	91648	149628	157276	297024	483660	259568	203864	225628	356244	269892	305656	48008	33840	127860	241332	90492	20088	222640	108008	111016	22844	313432	248212	16800	8100	226524	206868	516524	426700	288284	262292	30064	79224	321284	325048	475976	504220	197860	146740	271196	333636	68856	84504	9376	4948	9832	61824	311784	250608	215824	132848	88076	44788	
data	data	Precentral_L	Precentral_R	Frontal_Sup_L	Frontal_Sup_R	Frontal_Sup_Orb_L	Frontal_Sup_Orb_R	Frontal_Mid_L	Frontal_Mid_R	Frontal_Mid_Orb_L	Frontal_Mid_Orb_R	Frontal_Inf_Oper_L	Frontal_Inf_Oper_R	Frontal_Inf_Tri_L	Frontal_Inf_Tri_R	Frontal_Inf_Orb_L	Frontal_Inf_Orb_R	Rolandic_Oper_L	Rolandic_Oper_R	Supp_Motor_Area_L	Supp_Motor_Area_R	Olfactory_L	Olfactory_R	Frontal_Sup_Medial_L	Frontal_Sup_Medial_R	Frontal_Med_Orb_L	Frontal_Med_Orb_R	Rectus_L	Rectus_R	Insula_L	Insula_R	Cingulum_Ant_L	Cingulum_Ant_R	Cingulum_Mid_L	Cingulum_Mid_R	Cingulum_Post_L	Cingulum_Post_R	Hippocampus_L	Hippocampus_R	ParaHippocampal_L	ParaHippocampal_R	Amygdala_L	Amygdala_R	Calcarine_L	Calcarine_R	Cuneus_L	Cuneus_R	Lingual_L	Lingual_R	Occipital_Sup_L	Occipital_Sup_R	Occipital_Mid_L	Occipital_Mid_R	Occipital_Inf_L	Occipital_Inf_R	Fusiform_L	Fusiform_R	Postcentral_L	Postcentral_R	Parietal_Sup_L	Parietal_Sup_R	Parietal_Inf_L	Parietal_Inf_R	SupraMarginal_L	SupraMarginal_R	Angular_L	Angular_R	Precuneus_L	Precuneus_R	Paracentral_Lobule_L	Paracentral_Lobule_R	Caudate_L	Caudate_R	Putamen_L	Putamen_R	Pallidum_L	Pallidum_R	Thalamus_L	Thalamus_R	Heschl_L	Heschl_R	Temporal_Sup_L	Temporal_Sup_R	Temporal_Pole_Sup_L	Temporal_Pole_Sup_R	Temporal_Mid_L	Temporal_Mid_R	Temporal_Pole_Mid_L	Temporal_Pole_Mid_R	Temporal_Inf_L	Temporal_Inf_R	Cerebelum_Crus1_L	Cerebelum_Crus1_R	Cerebelum_Crus2_L	Cerebelum_Crus2_R	Cerebelum_3_L	Cerebelum_3_R	Cerebelum_4_5_L	Cerebelum_4_5_R	Cerebelum_6_L	Cerebelum_6_R	Cerebelum_7b_L	Cerebelum_7b_R	Cerebelum_8_L	Cerebelum_8_R	Cerebelum_9_L	Cerebelum_9_R	Cerebelum_10_L	Cerebelum_10_R	Vermis_1_2	Vermis_3	Vermis_4_5	Vermis_6	Vermis_7	Vermis_8	Vermis_9	Vermis_10	
401932	Precentral_L	0	2968	20494	5120	0	0	23156	1850	0	0	12766	0	1604	0	0	0	8998	0	24134	7850	0	0	1048	0	0	0	0	0	5406	0	2018	508	196	3528	186	0	2468	80	88	0	0	0	158	0	0	0	0	0	0	0	1260	0	328	0	182	0	29154	80	836	0	3336	0	218	0	844	0	612	0	18940	314	1640	146	3512	144	1480	0	8280	364	2040	0	1056	0	532	0	826	0	0	0	218	0	0	0	0	0	0	0	0	0	0	0	0	0	0	0	0	0	0	0	0	0	0	0	0	0	0	0	
362972	Precentral_R	2968	0	560	37410	0	0	0	18604	0	0	0	4834	0	300	0	0	658	1260	3838	7918	0	0	0	0	0	0	0	0	400	4400	0	0	212	2648	716	528	640	3402	1076	790	0	0	150	348	0	234	316	194	0	396	0	818	194	0	334	576	764	17462	154	254	252	1492	0	1628	0	1618	220	1118	7238	3728	932	14188	1286	6380	480	1070	438	17466	158	0	0	0	0	0	0	3310	0	0	0	3128	0	0	0	0	0	0	0	0	0	0	0	0	0	0	0	0	0	0	0	0	0	0	0	0	0	0	
842328	Frontal_Sup_L	20494	560	0	6830	5358	0	63232	1262	2100	0	16438	148	18152	110	8990	0	16052	0	77868	8392	434	0	37672	1818	524	0	208	0	41608	0	13642	2538	4586	3774	130	0	7410	0	574	0	106	0	0	0	0	0	0	0	0	0	246	0	0	0	1322	0	9270	0	978	0	1876	0	282	0	804	0	378	0	2190	0	2634	86	19510	0	4198	0	4100	0	3186	0	3678	0	2430	0	1338	0	0	0	1648	0	0	0	0	0	0	0	0	0	0	0	0	0	0	0	0	0	0	0	0	0	0	0	0	0	0	0	
935008	Frontal_Sup_R	5120	37410	6830	0	82	1582	3930	43666	0	266	348	13842	668	13070	564	2272	1224	4202	23664	76996	0	0	8232	42478	0	2258	0	126	4852	12244	2798	29026	2094	30476	366	180	1052	4686	1156	1692	0	0	0	0	0	0	360	162	0	0	0	0	0	0	380	1000	936	576	188	0	292	0	0	296	90	0	0	0	4368	318	8316	25482	4210	15662	562	2282	584	20404	224	0	280	516	108	240	0	0	0	0	0	0	0	0	0	0	94	0	122	0	0	0	0	0	0	0	0	0	0	0	0	0	0	0	0	0	0	0	
93540	Frontal_Sup_Orb_L	0	0	5358	82	0	0	86	0	9808	0	0	0	692	0	8312	0	0	0	124	98	2074	0	2684	0	2650	0	4562	0	2652	0	4302	142	0	0	0	0	0	0	0	0	294	0	0	0	0	0	0	0	0	0	0	0	0	0	0	0	0	0	0	0	0	0	0	0	0	0	0	0	0	0	154	0	2176	0	0	0	0	0	0	0	0	0	520	0	0	0	0	0	0	0	0	0	0	0	0	0	0	0	0	0	0	0	0	0	0	0	0	0	0	0	0	0	0	0	0	0	
41372	Frontal_Sup_Orb_R	0	0	0	1582	0	0	0	122	0	1420	0	0	0	0	0	1456	0	0	0	0	0	1444	0	1340	0	4918	0	5372	0	264	0	118	0	0	0	0	0	0	0	0	0	0	0	0	0	0	0	0	0	0	0	0	0	0	0	0	0	0	0	0	0	0	0	0	0	0	0	0	0	0	0	502	0	2148	0	0	0	0	0	0	0	0	0	0	0	0	0	0	0	0	0	0	0	0	0	0	0	0	0	0	0	0	0	0	0	0	0	0	0	0	0	0	0	0	0	0	
480168	Frontal_Mid_L	23156	0	63232	3930	86	0	0	1578	1418	0	16610	0	31936	0	9346	0	8428	0	14014	5172	0	0	18514	1244	0	0	0	0	14050	0	5494	1736	2130	4782	0	0	1056	0	0	0	0	0	0	0	0	0	0	0	0	0	0	0	0	0	0	0	6040	0	0	0	348	0	0	0	0	0	0	0	100	0	1044	0	398	0	0	0	152	0	1112	0	616	0	2362	0	0	0	0	0	0	0	0	0	0	0	0	0	0	0	0	0	0	0	0	0	0	0	0	0	0	0	0	0	0	0	0	0	
298424	Frontal_Mid_R	1850	18604	1262	43666	0	122	1578	0	0	526	208	7278	196	9692	78	1048	730	778	4028	10054	0	0	480	6288	0	0	0	0	1076	4518	704	4192	78	5292	0	0	186	1504	116	480	0	0	0	0	0	0	0	0	0	0	0	0	0	0	0	282	672	216	178	0	200	0	0	0	88	0	0	0	418	0	5916	4586	2624	3894	476	830	94	1914	94	0	0	0	118	0	0	0	0	0	0	0	0	0	0	0	0	0	0	0	0	0	0	0	0	0	0	0	0	0	0	0	0	0	0	0	0	0	
55632	Frontal_Mid_Orb_L	0	0	2100	0	9808	0	1418	0	0	0	0	0	850	0	9882	0	0	0	0	0	88	0	0	0	248	0	1662	0	868	0	0	0	0	0	0	0	0	0	0	0	0	0	0	0	0	0	0	0	0	0	0	0	0	0	0	0	0	0	0	0	0	0	0	0	0	0	0	0	0	0	0	0	694	0	0	0	0	0	0	0	0	0	198	0	0	0	0	0	0	0	0	0	0	0	0	0	0	0	0	0	0	0	0	0	0	0	0	0	0	0	0	0	0	0	0	0	
16860	Frontal_Mid_Orb_R	0	0	0	266	0	1420	0	526	0	0	0	0	0	136	0	4070	0	0	0	110	0	0	0	0	0	0	0	0	0	472	0	0	0	0	0	0	0	0	0	0	0	0	0	0	0	0	0	0	0	0	0	0	0	0	0	0	0	0	0	0	0	0	0	0	0	0	0	0	0	0	0	346	0	1084	0	0	0	0	0	0	0	0	0	0	0	0	0	0	0	0	0	0	0	0	0	0	0	0	0	0	0	0	0	0	0	0	0	0	0	0	0	0	0	0	0	0	
271236	Frontal_Inf_Oper_L	12766	0	16438	348	0	0	16610	208	0	0	0	0	14926	0	102	0	20306	0	13616	362	0	0	1962	0	0	0	0	0	17730	0	3728	314	216	254	0	0	290	0	0	0	0	0	0	0	0	0	0	0	0	0	0	0	0	0	0	0	6558	0	0	0	0	0	0	0	0	0	0	0	0	0	224	0	440	0	0	0	234	0	362	0	1772	0	5852	0	0	0	0	0	0	0	0	0	0	0	0	0	0	0	0	0	0	0	0	0	0	0	0	0	0	0	0	0	0	0	0	0	
217104	Frontal_Inf_Oper_R	0	4834	148	13842	0	0	0	7278	0	0	0	0	0	18952	0	104	0	4390	1104	14518	0	0	0	440	0	0	0	0	86	20160	0	678	0	2360	0	0	0	2058	0	848	0	0	0	0	0	0	0	0	0	0	0	0	0	0	0	720	0	660	0	0	0	0	0	0	0	0	0	0	0	0	2740	4572	0	5952	0	364	0	824	0	0	0	664	0	256	0	0	0	0	0	0	0	0	0	0	0	0	0	0	0	0	0	0	0	0	0	0	0	0	0	0	0	0	0	0	0	0	
274256	Frontal_Inf_Tri_L	1604	0	18152	668	692	0	31936	196	850	0	14926	0	0	0	17082	0	5674	0	2582	586	0	0	4096	180	0	0	86	0	26320	0	5116	342	1406	448	0	0	0	0	0	0	0	0	0	0	0	0	0	0	0	0	0	0	0	0	0	0	500	0	0	0	0	0	0	0	0	0	0	0	0	0	558	0	1218	0	0	0	0	0	0	0	314	0	1596	0	0	0	0	0	0	0	0	0	0	0	0	0	0	0	0	0	0	0	0	0	0	0	0	0	0	0	0	0	0	0	0	0	
209056	Frontal_Inf_Tri_R	0	300	110	13070	0	0	0	9692	0	136	0	18952	0	0	0	3228	0	114	1078	9824	0	0	0	5630	0	230	0	0	0	19326	0	5650	0	2900	0	0	0	330	0	158	0	0	0	0	0	0	0	0	0	0	0	0	0	0	0	122	0	88	0	0	0	0	0	0	0	0	0	0	0	0	3770	7810	0	1872	0	0	0	138	0	0	0	0	0	0	0	0	0	0	0	0	0	0	0	0	0	0	0	0	0	0	0	0	0	0	0	0	0	0	0	0	0	0	0	0	0	0	
163036	Frontal_Inf_Orb_L	0	0	8990	564	8312	0	9346	78	9882	0	102	0	17082	0	0	0	0	0	338	502	2144	0	784	88	0	0	984	0	11386	0	628	154	400	330	0	0	822	0	446	0	384	0	0	0	0	0	0	0	0	0	0	0	0	0	288	0	0	0	0	0	0	0	0	0	0	0	0	0	0	0	616	0	4314	0	0	0	0	0	0	0	0	0	2554	0	0	0	0	0	0	0	0	0	0	0	0	0	0	0	0	0	0	0	0	0	0	0	0	0	0	0	0	0	0	0	0	0	
59700	Frontal_Inf_Orb_R	0	0	0	2272	0	1456	0	1048	0	4070	0	104	0	3228	0	0	0	0	98	414	176	1926	0	1400	0	98	0	1054	0	6954	0	1630	0	0	0	0	0	0	0	0	0	0	0	0	0	0	0	0	0	0	0	0	0	0	0	0	0	0	0	0	0	0	0	0	0	0	0	0	0	0	0	1288	0	2538	0	0	0	0	0	0	0	0	0	96	0	0	0	0	0	0	0	0	0	0	0	0	0	0	0	0	0	0	0	0	0	0	0	0	0	0	0	0	0	0	0	0	
305696	Rolandic_Oper_L	8998	658	16052	1224	0	0	8428	730	0	0	20306	0	5674	0	0	0	0	0	14880	642	0	0	616	0	0	0	0	0	21094	0	844	112	312	152	796	0	766	0	0	0	0	0	284	0	0	0	282	0	0	0	2520	0	1450	0	540	0	9302	0	220	0	1124	0	5028	0	624	0	850	0	246	0	510	0	114	0	0	0	808	100	4494	0	9694	0	3760	0	6412	0	0	0	2202	0	0	0	0	0	0	0	0	0	0	0	0	0	0	0	0	0	0	0	0	0	0	0	0	0	0	0	
105592	Rolandic_Oper_R	0	1260	0	4202	0	0	0	778	0	0	0	4390	0	114	0	0	0	0	734	4330	0	0	0	0	0	0	0	0	0	10506	0	0	0	138	148	124	0	2032	0	80	0	0	0	128	0	0	0	0	0	138	0	328	0	0	0	120	0	3730	0	0	0	0	0	3812	0	200	0	244	0	0	602	268	0	2826	0	0	0	2220	0	1142	0	5990	0	302	0	792	0	0	0	1118	0	0	0	0	0	0	0	0	0	0	0	0	0	0	0	0	0	0	0	0	0	0	0	0	0	0	
832900	Supp_Motor_Area_L	24134	3838	77868	23664	124	0	14014	4028	0	0	13616	1104	2582	1078	338	98	14880	734	0	47380	0	0	6230	9326	0	0	0	0	24332	1348	6014	7048	7882	26806	1272	1428	5246	100	656	0	0	0	0	166	0	114	0	0	0	0	244	102	0	0	1378	0	8138	0	1158	0	1578	0	192	0	966	0	928	338	22690	1754	5882	2376	15024	696	4654	0	10812	586	814	0	3648	134	2048	0	1258	0	0	0	1604	0	0	0	0	0	0	0	0	0	0	0	0	0	0	0	0	0	0	0	0	0	0	0	0	0	0	0	
872072	Supp_Motor_Area_R	7850	7918	8392	76996	98	0	5172	10054	0	110	362	14518	586	9824	502	414	642	4330	47380	0	0	0	3002	15342	0	330	0	0	5736	10654	3158	10938	3370	62302	1542	5216	650	3084	424	1348	0	0	320	1906	0	1298	0	260	0	844	0	1772	436	108	558	956	2838	4398	0	0	0	186	0	0	0	326	830	4074	15414	18586	8528	18310	3858	10864	956	2262	220	10620	162	0	288	560	110	238	180	320	0	0	194	1012	0	0	0	0	0	0	0	0	0	0	0	0	0	0	0	0	0	0	0	0	0	0	0	0	0	0	
93560	Olfactory_L	0	0	434	0	2074	0	0	0	88	0	0	0	0	0	2144	176	0	0	0	0	0	6916	0	0	0	198	5186	2900	3724	288	3296	3194	0	0	0	0	1152	0	976	0	1120	0	0	0	0	0	0	0	0	0	0	0	0	0	342	0	0	0	0	0	0	0	0	0	0	0	0	0	0	0	5992	3422	1486	368	0	0	0	0	0	0	0	0	1304	0	0	0	0	0	0	0	0	0	0	0	0	0	0	0	0	0	0	0	0	0	0	0	0	0	0	0	0	0	0	0	0	0	
97320	Olfactory_R	0	0	0	0	0	1444	0	0	0	0	0	0	0	0	0	1926	0	0	0	0	6916	0	0	0	78	1182	3420	6630	0	1874	2332	3198	0	0	0	0	0	96	0	84	0	142	0	0	0	0	0	0	0	0	0	0	0	0	0	0	0	0	0	0	0	0	0	0	0	0	0	0	0	0	8104	7392	2854	988	0	0	0	0	0	0	0	0	0	0	0	0	0	0	0	0	0	0	0	0	0	0	0	0	0	0	0	0	0	0	0	0	0	0	0	0	0	0	0	0	0	0	
320668	Frontal_Sup_Medial_L	1048	0	37672	8232	2684	0	18514	480	0	0	1962	0	4096	0	784	0	616	0	6230	3002	0	0	0	13600	1772	428	82	0	7110	0	18918	11794	6154	11790	0	0	0	0	0	0	0	0	0	0	0	0	0	0	0	0	0	0	0	0	0	0	332	0	0	0	0	0	0	0	0	0	0	0	0	0	940	208	1572	172	0	0	0	0	0	0	0	0	142	0	0	0	0	0	0	0	0	0	0	0	0	0	0	0	0	0	0	0	0	0	0	0	0	0	0	0	0	0	0	0	0	0	
349032	Frontal_Sup_Medial_R	0	0	1818	42478	0	1340	1244	6288	0	0	0	440	180	5630	88	1400	0	0	9326	15342	0	0	13600	0	0	3702	0	0	220	4622	1670	29054	1496	24346	0	0	0	84	0	0	0	0	0	0	0	0	0	0	0	0	0	0	0	0	0	0	0	0	0	0	0	0	0	0	0	0	0	0	0	0	390	4340	118	5300	0	0	0	0	0	0	0	0	0	0	0	0	0	0	0	0	0	0	0	0	0	0	0	0	0	0	0	0	0	0	0	0	0	0	0	0	0	0	0	0	0	0	
19000	Frontal_Med_Orb_L	0	0	524	0	2650	0	0	0	248	0	0	0	0	0	0	0	0	0	0	0	0	78	1772	0	0	294	1074	148	0	0	2394	184	0	0	0	0	0	0	0	0	0	0	0	0	0	0	0	0	0	0	0	0	0	0	0	0	0	0	0	0	0	0	0	0	0	0	0	0	0	0	0	0	134	0	0	0	0	0	0	0	0	0	0	0	0	0	0	0	0	0	0	0	0	0	0	0	0	0	0	0	0	0	0	0	0	0	0	0	0	0	0	0	0	0	0	0	
65520	Frontal_Med_Orb_R	0	0	0	2258	0	4918	0	0	0	0	0	0	0	230	0	98	0	0	0	330	198	1182	428	3702	294	0	136	5914	0	244	120	5420	0	0	0	0	0	0	0	0	0	0	0	0	0	0	0	0	0	0	0	0	0	0	0	0	0	0	0	0	0	0	0	0	0	0	0	0	0	0	188	2940	0	4160	0	0	0	0	0	0	0	0	0	0	0	0	0	0	0	0	0	0	0	0	0	0	0	0	0	0	0	0	0	0	0	0	0	0	0	0	0	0	0	0	0	0	
64180	Rectus_L	0	0	208	0	4562	0	0	0	1662	0	0	0	86	0	984	0	0	0	0	0	5186	3420	82	0	1074	136	0	2416	396	0	4474	3144	0	0	0	0	0	0	0	0	0	0	0	0	0	0	0	0	0	0	0	0	0	0	0	0	0	0	0	0	0	0	0	0	0	0	0	0	0	0	2314	1648	0	182	0	0	0	0	0	0	0	0	116	0	0	0	0	0	0	0	0	0	0	0	0	0	0	0	0	0	0	0	0	0	0	0	0	0	0	0	0	0	0	0	0	0	
75116	Rectus_R	0	0	0	126	0	5372	0	0	0	0	0	0	0	0	0	1054	0	0	0	0	2900	6630	0	0	148	5914	2416	0	0	624	2046	4016	0	0	0	0	0	0	0	0	0	0	0	0	0	0	0	0	0	0	0	0	0	0	0	0	0	0	0	0	0	0	0	0	0	0	0	0	0	0	1822	2678	528	1284	0	0	0	0	0	0	0	0	0	0	0	0	0	0	0	0	0	0	0	0	0	0	0	0	0	0	0	0	0	0	0	0	0	0	0	0	0	0	0	0	0	0	
606876	Insula_L	5406	400	41608	4852	2652	0	14050	1076	868	0	17730	86	26320	0	11386	0	21094	0	24332	5736	3724	0	7110	220	0	0	396	0	0	0	9570	386	1290	2302	738	92	15550	0	2350	0	3252	0	170	0	0	0	106	0	0	0	1392	0	838	0	4520	0	5318	0	0	0	876	0	4164	0	288	0	694	0	384	0	4602	0	14856	0	0	0	3474	0	6564	0	10312	0	7622	0	7028	0	0	0	5654	0	0	0	0	0	0	0	0	0	0	0	0	0	0	0	0	0	0	0	0	0	0	0	0	0	0	0	
337420	Insula_R	0	4400	0	12244	0	264	0	4518	0	472	0	20160	0	19326	0	6954	0	10506	1348	10654	288	1874	0	4622	0	244	0	624	0	0	0	4886	0	2322	194	152	0	9540	0	3424	0	844	0	148	0	0	0	0	0	0	0	104	0	0	0	5490	0	2746	0	0	0	0	0	386	0	0	0	176	0	0	2322	7868	0	17246	0	78	0	2372	0	1402	0	4772	0	550	0	452	0	0	0	2738	0	0	0	0	0	0	0	0	0	0	0	0	0	0	0	0	0	0	0	0	0	0	0	0	0	0	
254012	Cingulum_Ant_L	2018	0	13642	2798	4302	0	5494	704	0	0	3728	0	5116	0	628	0	844	0	6014	3158	3296	2332	18918	1670	2394	120	4474	2046	9570	0	0	11826	3016	3528	0	0	0	0	0	0	0	0	0	0	0	0	0	0	0	0	0	0	0	0	0	0	310	0	0	0	0	0	0	0	0	0	0	0	0	0	6202	1662	6068	420	0	0	0	0	0	0	0	0	708	0	0	0	0	0	0	0	0	0	0	0	0	0	0	0	0	0	0	0	0	0	0	0	0	0	0	0	0	0	0	0	0	0	
385132	Cingulum_Ant_R	508	0	2538	29026	142	118	1736	4192	0	0	314	678	342	5650	154	1630	112	0	7048	10938	3194	3198	11794	29054	184	5420	3144	4016	386	4886	11826	0	3834	22688	0	0	0	106	0	0	0	0	0	0	0	0	0	0	0	0	0	0	0	0	0	0	0	0	0	0	0	0	0	0	0	0	0	0	0	0	3020	10916	1164	8426	0	0	0	0	0	0	0	0	184	0	0	0	0	0	0	0	0	0	0	0	0	0	0	0	0	0	0	0	0	0	0	0	0	0	0	0	0	0	0	0	0	0	
152148	Cingulum_Mid_L	196	212	4586	2094	0	0	2130	78	0	0	216	0	1406	0	400	0	312	0	7882	3370	0	0	6154	1496	0	0	0	0	1290	0	3016	3834	0	9712	3220	248	0	0	0	0	0	0	184	306	360	80	0	0	1068	0	3928	0	0	0	0	0	972	0	666	0	638	0	758	0	1012	0	7314	578	4942	856	0	0	0	0	0	0	0	0	0	0	198	0	0	0	254	0	0	0	108	0	0	0	0	0	0	0	0	0	0	0	0	0	0	0	0	0	0	0	0	0	0	0	0	0	0	0	
606876	Cingulum_Mid_R	3528	2648	3774	30476	0	0	4782	5292	0	0	254	2360	448	2900	330	0	152	138	26806	62302	0	0	11790	24346	0	0	0	0	2302	2322	3528	22688	9712	0	2306	9334	106	524	0	142	0	0	296	3606	0	2454	0	406	0	1266	0	2670	396	124	316	226	2636	5276	0	124	0	362	0	150	0	458	1932	9432	8664	19854	4100	578	300	482	0	0	0	552	0	0	0	0	0	0	142	360	0	0	146	840	0	0	0	0	0	0	0	0	0	0	0	0	0	0	0	0	0	0	0	0	0	0	0	0	0	0	
147520	Cingulum_Post_L	186	716	130	366	0	0	0	0	0	0	0	0	0	0	0	0	796	148	1272	1542	0	0	0	0	0	0	0	0	738	194	0	0	3220	2306	0	8124	3856	3790	1908	2766	0	0	3988	0	1184	0	3450	1296	94	0	958	0	2742	0	2696	0	1850	964	0	0	112	0	440	0	130	0	8568	626	3170	1684	0	0	0	330	0	0	0	2354	616	0	340	0	0	0	2642	0	0	0	1468	0	0	0	0	0	0	0	0	0	0	0	0	0	0	0	0	0	0	0	0	0	0	0	0	0	0	0	
183188	Cingulum_Post_R	0	528	0	180	0	0	0	0	0	0	0	0	0	0	0	0	0	124	1428	5216	0	0	0	0	0	0	0	0	92	152	0	0	248	9334	8124	0	1800	7748	904	4674	0	0	852	5620	124	2142	770	5400	0	904	0	1484	1278	132	1118	1298	382	1630	0	128	0	0	0	0	0	200	2564	14606	440	5434	0	0	0	154	0	0	0	1350	82	0	0	80	0	0	366	404	0	0	364	784	0	0	0	0	0	0	0	146	0	0	0	0	0	0	0	0	0	0	0	0	806	0	0	0	0	0	
259512	Hippocampus_L	2468	640	7410	1052	0	0	1056	186	0	0	290	0	0	0	822	0	766	0	5246	650	1152	0	0	0	0	0	0	0	15550	0	0	0	0	106	3856	1800	0	2574	14208	1928	5178	0	474	0	0	0	4404	608	0	0	410	0	1184	0	15060	0	1354	0	0	0	364	0	272	0	0	0	870	220	1116	0	502	0	8692	148	244	0	5606	2320	4556	0	2394	0	2218	0	832	0	136	0	8238	0	116	0	0	0	0	0	274	0	206	0	0	0	0	0	0	0	0	0	0	0	0	0	0	0	0	0	
323320	Hippocampus_R	80	3402	0	4686	0	0	0	1504	0	0	0	2058	0	330	0	0	0	2032	100	3084	0	96	0	84	0	0	0	0	0	9540	0	106	0	524	3790	7748	2574	0	2212	29658	0	8262	0	2546	0	374	1364	5228	0	286	0	268	0	84	916	24252	0	1312	0	0	0	0	0	188	0	0	614	5988	212	644	0	896	0	13768	0	1522	0	7370	0	1088	0	2504	0	222	0	678	0	0	0	6026	0	0	0	0	0	0	0	736	0	0	0	0	0	0	0	0	0	0	0	0	704	0	0	0	0	0	
123392	ParaHippocampal_L	88	1076	574	1156	0	0	0	116	0	0	0	0	0	0	446	0	0	0	656	424	976	0	0	0	0	0	0	0	2350	0	0	0	0	0	1908	904	14208	2212	0	1416	2090	394	0	0	0	0	4834	936	0	0	96	0	496	0	9328	196	0	238	0	0	0	0	0	0	0	0	244	0	130	0	0	364	1650	564	0	108	1376	2962	0	0	102	0	788	0	0	0	154	0	484	0	828	0	120	0	798	0	2128	0	1212	0	0	0	98	0	0	0	0	0	0	468	0	0	0	0	0	0	
205304	ParaHippocampal_R	0	790	0	1692	0	0	0	480	0	0	0	848	0	158	0	0	0	80	0	1348	0	84	0	0	0	0	0	0	0	3424	0	0	0	142	2766	4674	1928	29658	1416	0	0	6368	0	1938	0	218	1076	4786	0	148	0	162	0	150	712	16488	0	156	0	0	0	0	0	0	0	0	408	3048	0	118	0	510	0	6314	0	1170	0	3638	0	388	0	634	0	560	0	538	0	0	0	2240	0	84	0	0	0	0	0	888	0	174	0	0	0	0	0	0	0	0	0	0	250	0	0	0	0	0	
34852	Amygdala_L	0	0	106	0	294	0	0	0	0	0	0	0	0	0	384	0	0	0	0	0	1120	0	0	0	0	0	0	0	3252	0	0	0	0	0	0	0	5178	0	2090	0	0	0	0	0	0	0	0	0	0	0	0	0	0	0	1724	0	0	0	0	0	0	0	0	0	0	0	0	0	0	0	0	0	534	0	0	0	0	0	0	0	0	0	1918	0	0	0	0	0	826	0	0	0	0	0	0	0	0	0	0	0	0	0	0	0	0	0	0	0	0	0	0	0	0	0	0	0	
41792	Amygdala_R	0	0	0	0	0	0	0	0	0	0	0	0	0	0	0	0	0	0	0	0	0	142	0	0	0	0	0	0	0	844	0	0	0	0	0	0	0	8262	394	6368	0	0	0	0	0	0	0	0	0	0	0	0	0	0	0	3534	0	0	0	0	0	0	0	0	0	0	0	0	0	0	0	0	0	560	0	0	0	0	0	0	0	0	0	792	0	0	0	0	0	0	0	0	0	0	0	0	0	0	0	0	0	0	0	0	0	0	0	0	0	0	0	0	0	0	0	0	
236220	Calcarine_L	158	150	0	0	0	0	0	0	0	0	0	0	0	0	0	0	284	0	0	320	0	0	0	0	0	0	0	0	170	0	0	0	184	296	3988	852	474	0	0	0	0	0	0	6382	13330	3526	11976	3636	9744	1832	20834	724	9522	0	5708	0	860	272	290	0	494	0	284	0	590	0	15476	506	652	312	0	0	0	0	0	0	0	0	236	0	288	0	0	0	2196	0	0	0	1390	0	0	0	0	0	0	0	0	0	0	0	0	0	0	0	0	0	0	0	0	0	78	96	0	0	0	0	
453828	Calcarine_R	0	348	0	0	0	0	0	0	0	0	0	0	0	0	0	0	0	128	166	1906	0	0	0	0	0	0	0	0	0	148	0	0	306	3606	0	5620	0	2546	0	1938	0	0	6382	0	4178	37800	776	20638	0	25628	0	27802	0	4256	0	5836	0	3934	0	2848	0	264	0	158	0	2074	1456	47590	0	4254	0	0	0	0	0	0	0	0	0	0	0	580	0	0	0	8894	0	0	0	3492	0	106	0	0	0	0	0	160	0	424	0	0	0	0	0	0	0	0	0	0	258	414	0	0	0	0	
136692	Cuneus_L	0	0	0	0	0	0	0	0	0	0	0	0	0	0	0	0	0	0	0	0	0	0	0	0	0	0	0	0	0	0	0	0	360	0	1184	124	0	0	0	0	0	0	13330	4178	0	6090	2514	548	15898	1934	7784	294	832	0	556	0	462	0	1844	0	86	0	98	0	0	0	8514	896	368	0	0	0	0	0	0	0	0	0	0	0	0	0	0	0	272	0	0	0	180	0	0	0	0	0	0	0	0	0	0	0	0	0	0	0	0	0	0	0	0	0	0	0	0	0	0	0	
339952	Cuneus_R	0	234	0	0	0	0	0	0	0	0	0	0	0	0	0	0	0	0	114	1298	0	0	0	0	0	0	0	0	0	0	0	0	80	2454	0	2142	0	374	0	218	0	0	3526	37800	6090	0	160	2712	164	40424	0	19712	0	348	0	536	0	3520	0	5394	0	348	0	0	0	1470	3830	32498	0	2612	0	0	0	0	0	0	0	0	0	0	0	0	0	0	0	1408	0	0	0	422	0	0	0	0	0	0	0	0	0	0	0	0	0	0	0	0	0	0	0	0	88	0	0	0	0	0	
380924	Lingual_L	0	316	0	360	0	0	0	0	0	0	0	0	0	0	0	0	282	0	0	0	0	0	0	0	0	0	0	0	106	0	0	0	0	0	3450	770	4404	1364	4834	1076	0	0	11976	776	2514	160	0	3822	3472	0	13640	148	14708	650	27958	1948	116	0	0	0	128	0	260	0	0	0	5580	104	0	0	0	0	0	0	0	0	596	1426	0	0	204	0	0	0	1138	0	0	0	286	0	17076	768	2288	322	932	182	13960	2346	23326	3176	292	0	954	264	118	0	0	0	0	154	6238	6992	2172	168	162	0	
346432	Lingual_R	0	194	0	162	0	0	0	0	0	0	0	0	0	0	0	0	0	0	0	260	0	0	0	0	0	0	0	0	0	0	0	0	0	406	1296	5400	608	5228	936	4786	0	0	3636	20638	548	2712	3822	0	0	4690	0	5678	206	7662	1648	21830	0	418	0	0	0	0	0	0	0	130	486	11808	0	620	0	0	0	0	0	0	0	1216	0	0	0	0	0	0	0	1766	0	0	0	750	3850	6318	346	274	164	322	1824	8034	5040	13938	0	0	270	300	0	0	0	0	0	246	6768	13316	2366	132	168	0	
165464	Occipital_Sup_L	0	0	0	0	0	0	0	0	0	0	0	0	0	0	0	0	0	0	0	0	0	0	0	0	0	0	0	0	0	0	0	0	1068	0	94	0	0	0	0	0	0	0	9744	0	15898	164	3472	0	0	0	28196	0	1344	0	412	0	326	0	9446	0	2404	0	82	0	80	0	8790	278	278	0	0	0	0	0	0	0	0	0	0	0	0	0	0	0	656	0	0	0	0	0	0	0	0	0	0	0	0	0	0	0	0	0	0	0	0	0	0	0	0	0	0	0	0	0	0	0	
305360	Occipital_Sup_R	0	396	0	0	0	0	0	0	0	0	0	0	0	0	0	0	0	138	0	844	0	0	0	0	0	0	0	0	0	0	0	0	0	1266	0	904	0	286	0	148	0	0	1832	25628	1934	40424	0	4690	0	0	0	28122	0	648	0	752	0	1208	0	7222	0	840	0	0	0	5186	3284	22902	0	1410	0	0	0	0	0	0	0	0	0	0	0	112	0	0	0	1924	0	0	0	580	0	0	0	0	0	0	0	0	0	0	0	0	0	0	0	0	0	0	0	0	0	0	0	0	0	0	
467464	Occipital_Mid_L	1260	0	246	0	0	0	0	0	0	0	0	0	0	0	0	0	2520	0	244	0	0	0	0	0	0	0	0	0	1392	0	0	0	3928	0	958	0	410	0	96	0	0	0	20834	0	7784	0	13640	0	28196	0	0	0	26394	0	10454	0	9528	0	15880	0	18302	0	7530	0	19914	0	15086	0	2502	0	0	0	142	0	0	0	88	0	432	0	2410	0	0	0	19640	0	0	0	3436	0	0	0	0	0	0	0	138	0	222	0	0	0	0	0	0	0	0	0	0	0	126	0	0	0	0	0	
390924	Occipital_Mid_R	0	818	0	0	0	0	0	0	0	0	0	0	0	0	0	0	0	328	102	1772	0	0	0	0	0	0	0	0	0	104	0	0	0	2670	0	1484	0	268	0	162	0	0	724	27802	294	19712	148	5678	0	28122	0	0	0	9802	0	2498	0	3878	0	5188	0	3578	0	260	0	18084	1758	22624	0	3960	0	0	0	0	0	0	0	0	0	0	0	1802	0	0	0	24574	0	0	0	6390	0	230	0	0	0	0	0	102	0	300	0	0	0	0	0	0	0	0	0	0	102	144	0	0	0	0	
234328	Occipital_Inf_L	328	194	0	0	0	0	0	0	0	0	0	0	0	0	0	0	1450	0	0	436	0	0	0	0	0	0	0	0	838	0	0	0	0	396	2742	1278	1184	0	496	0	0	0	9522	0	832	0	14708	206	1344	0	26394	0	0	0	20522	142	686	356	0	0	476	0	1622	0	180	0	5792	82	568	422	0	0	0	0	0	0	0	0	686	0	1528	0	0	0	4814	0	0	0	6030	0	2184	0	554	0	0	0	1192	224	3684	188	0	0	274	0	0	0	0	0	0	0	1190	990	430	0	0	0	
110708	Occipital_Inf_R	0	0	0	0	0	0	0	0	0	0	0	0	0	0	0	0	0	0	0	108	0	0	0	0	0	0	0	0	0	0	0	0	0	124	0	132	0	84	0	150	0	0	0	4256	0	348	650	7662	0	648	0	9802	0	0	234	10170	0	0	0	0	0	0	0	0	0	0	0	1500	0	142	0	0	0	0	0	0	0	0	0	0	0	0	0	0	0	5048	0	0	0	2376	568	1178	0	0	0	0	880	1856	744	3506	0	0	0	0	0	0	0	0	0	0	1718	1266	204	0	0	0	
462368	Fusiform_L	182	334	1322	380	0	0	0	0	0	0	0	0	0	0	288	0	540	0	1378	558	342	0	0	0	0	0	0	0	4520	0	0	0	0	316	2696	1118	15060	916	9328	712	1724	0	5708	0	556	0	27958	1648	412	0	10454	0	20522	234	0	676	186	284	0	0	138	0	588	0	0	0	4722	86	316	328	270	0	2570	0	0	0	1274	974	624	0	1776	0	1842	0	3478	0	1088	0	13978	0	27018	218	2382	140	106	0	12072	900	33012	1054	522	0	1086	0	86	0	0	0	0	0	3310	3820	1054	0	0	0	
442656	Fusiform_R	0	576	0	1000	0	0	0	282	0	0	0	720	0	122	0	0	0	120	0	956	0	0	0	0	0	0	0	0	0	5490	0	0	0	226	0	1298	0	24252	196	16488	0	3534	0	5836	0	536	1948	21830	0	752	0	2498	142	10170	676	0	0	156	0	0	0	0	0	188	0	98	92	3266	0	240	0	318	0	4404	0	980	0	1234	0	754	0	3712	0	3548	0	2444	0	1176	0	14768	2446	15560	300	406	0	334	2576	15454	3036	26210	0	136	216	882	0	0	0	0	0	88	7990	7172	1254	108	134	0	
365096	Postcentral_L	29154	764	9270	936	0	0	6040	672	0	0	6558	0	500	0	0	0	9302	0	8138	2838	0	0	332	0	0	0	0	0	5318	0	310	0	972	2636	1850	382	1354	0	0	0	0	0	860	0	462	0	116	0	326	0	9528	0	686	0	186	0	0	1182	12916	0	24814	0	9902	0	5980	0	6184	0	6816	2566	102	0	1932	0	294	0	1134	100	2072	0	2750	0	0	0	3696	0	0	0	618	0	0	0	0	0	0	0	0	0	0	0	0	0	0	0	0	0	0	0	0	0	0	0	0	0	0	0	
226620	Postcentral_R	80	17462	0	576	0	0	0	216	0	0	0	660	0	88	0	0	0	3730	0	4398	0	0	0	0	0	0	0	0	0	2746	0	0	0	5276	964	1630	0	1312	238	156	0	0	272	3934	0	3520	0	418	0	1208	0	3878	356	0	284	156	1182	0	0	5666	0	5572	0	10496	0	1942	358	8480	598	11270	0	1026	0	3398	0	102	0	2930	0	0	0	562	0	0	124	2998	0	0	126	2922	0	0	0	0	0	0	0	0	0	0	0	0	0	0	0	0	0	0	0	0	0	0	0	0	0	0	
162968	Parietal_Sup_L	836	154	978	188	0	0	0	178	0	0	0	0	0	0	0	0	220	0	1158	0	0	0	0	0	0	0	0	0	0	0	0	0	666	0	0	0	0	0	0	0	0	0	290	0	1844	0	0	0	9446	0	15880	0	0	0	0	0	12916	0	0	0	18452	0	908	0	6160	0	10306	0	154	0	0	0	82	0	0	0	0	0	0	0	0	0	0	0	668	0	0	0	0	0	0	0	0	0	0	0	0	0	0	0	0	0	0	0	0	0	0	0	0	0	0	0	0	0	0	0	
115244	Parietal_Sup_R	0	254	0	0	0	0	0	0	0	0	0	0	0	0	0	0	0	0	0	0	0	0	0	0	0	0	0	0	0	0	0	0	0	124	0	128	0	0	0	0	0	0	0	2848	0	5394	0	0	0	7222	0	5188	0	0	0	0	0	5666	0	0	0	7728	0	1066	0	7328	900	11812	0	1096	0	0	0	0	0	0	0	0	0	0	0	0	0	0	0	532	0	0	0	336	0	0	0	0	0	0	0	0	0	0	0	0	0	0	0	0	0	0	0	0	0	0	0	0	0	0	
239548	Parietal_Inf_L	3336	252	1876	292	0	0	348	200	0	0	0	0	0	0	0	0	1124	0	1578	0	0	0	0	0	0	0	0	0	876	0	0	0	638	0	112	0	364	0	0	0	0	0	494	0	86	0	128	0	2404	0	18302	0	476	0	138	0	24814	0	18452	0	0	0	16596	0	16026	0	3984	0	556	0	0	0	552	0	0	0	246	0	382	0	2598	0	0	0	2184	0	0	0	360	0	0	0	0	0	0	0	0	0	0	0	0	0	0	0	0	0	0	0	0	0	0	0	0	0	0	0	
95820	Parietal_Inf_R	0	1492	0	0	0	0	0	0	0	0	0	0	0	0	0	0	0	0	0	186	0	0	0	0	0	0	0	0	0	0	0	0	0	362	0	0	0	0	0	0	0	0	0	264	0	348	0	0	0	840	0	3578	0	0	0	0	0	5572	0	7728	0	0	0	6886	0	14808	0	1106	0	768	0	0	0	0	0	0	0	0	0	0	0	0	0	0	0	2500	0	0	0	1472	0	0	0	0	0	0	0	0	0	0	0	0	0	0	0	0	0	0	0	0	0	0	0	0	0	0	
163092	SupraMarginal_L	218	0	282	0	0	0	0	0	0	0	0	0	0	0	0	0	5028	0	192	0	0	0	0	0	0	0	0	0	4164	0	0	0	758	0	440	0	272	0	0	0	0	0	284	0	98	0	260	0	82	0	7530	0	1622	0	588	0	9902	0	908	0	16596	0	0	0	7348	0	2004	0	258	0	0	0	0	0	0	0	0	0	930	0	10922	0	0	0	8934	0	0	0	1926	0	0	0	0	0	0	0	0	0	0	0	0	0	0	0	0	0	0	0	0	0	0	0	0	0	0	0	
91648	SupraMarginal_R	0	1628	0	296	0	0	0	0	0	0	0	0	0	0	0	0	0	3812	0	0	0	0	0	0	0	0	0	0	0	386	0	0	0	150	0	0	0	188	0	0	0	0	0	158	0	0	0	0	0	0	0	260	0	0	0	188	0	10496	0	1066	0	6886	0	0	0	4352	0	258	0	492	0	182	0	166	0	0	0	370	0	206	0	5654	0	0	0	5204	0	0	0	3426	0	0	0	0	0	0	0	0	0	0	0	0	0	0	0	0	0	0	0	0	0	0	0	0	0	0	
149628	Angular_L	844	0	804	90	0	0	0	88	0	0	0	0	0	0	0	0	624	0	966	0	0	0	0	0	0	0	0	0	288	0	0	0	1012	0	130	0	0	0	0	0	0	0	590	0	0	0	0	0	80	0	19914	0	180	0	0	0	5980	0	6160	0	16026	0	7348	0	0	0	3090	0	738	0	0	0	118	0	0	0	0	0	0	0	2784	0	0	0	6142	0	0	0	818	0	0	0	0	0	0	0	0	0	0	0	0	0	0	0	0	0	0	0	0	0	0	0	0	0	0	0	
157276	Angular_R	0	1618	0	0	0	0	0	0	0	0	0	0	0	0	0	0	0	200	0	326	0	0	0	0	0	0	0	0	0	0	0	0	0	458	0	200	0	0	0	0	0	0	0	2074	0	1470	0	130	0	5186	0	18084	0	0	0	98	0	1942	0	7328	0	14808	0	4352	0	0	162	3318	0	680	0	0	0	0	0	0	0	0	0	0	0	1998	0	0	0	10008	0	0	0	4198	0	0	0	0	0	0	0	0	0	0	0	0	0	0	0	0	0	0	0	0	0	0	0	0	0	0	
297024	Precuneus_L	612	220	378	0	0	0	0	0	0	0	0	0	0	0	0	0	850	0	928	830	0	0	0	0	0	0	0	0	694	0	0	0	7314	1932	8568	2564	870	614	244	408	0	0	15476	1456	8514	3830	5580	486	8790	3284	15086	1758	5792	0	4722	92	6184	358	10306	900	3984	0	2004	0	3090	162	0	9068	3916	834	0	0	0	0	0	0	0	0	334	0	598	0	0	0	3000	196	0	0	1686	0	0	0	0	0	0	0	0	0	0	0	0	0	0	0	0	0	0	0	0	0	0	0	0	0	0	0	
483660	Precuneus_R	0	1118	0	0	0	0	0	0	0	0	0	0	0	0	0	0	0	244	338	4074	0	0	0	0	0	0	0	0	0	176	0	0	578	9432	626	14606	220	5988	0	3048	0	0	506	47590	896	32498	104	11808	278	22902	0	22624	82	1500	86	3266	0	8480	0	11812	0	1106	0	258	0	3318	9068	0	208	10094	0	0	0	0	0	0	0	620	0	0	0	564	0	0	0	6322	0	0	0	3838	0	0	0	0	0	0	0	480	0	0	0	0	0	0	0	0	0	0	0	0	1074	0	0	0	0	0	
259568	Paracentral_Lobule_L	18940	7238	2190	4368	0	0	100	418	0	0	0	0	0	0	0	0	246	0	22690	15414	0	0	0	0	0	0	0	0	384	0	0	0	4942	8664	3170	440	1116	212	130	0	0	0	652	0	368	0	0	0	278	0	2502	0	568	0	316	0	6816	598	154	0	556	0	258	0	738	0	3916	208	0	4484	586	208	1594	0	912	0	10274	806	338	0	122	0	0	0	1498	0	0	0	372	0	0	0	0	0	0	0	0	0	0	0	0	0	0	0	0	0	0	0	0	0	0	0	0	0	0	0	
203864	Paracentral_Lobule_R	314	3728	0	318	0	0	0	0	0	0	0	0	0	0	0	0	0	0	1754	18586	0	0	0	0	0	0	0	0	0	0	0	0	856	19854	1684	5434	0	644	0	118	0	0	312	4254	0	2612	0	620	0	1410	0	3960	422	142	328	240	2566	11270	0	1096	0	768	0	492	0	680	834	10094	4484	0	0	0	0	0	0	0	0	234	0	0	0	0	0	0	134	432	0	0	148	1110	0	0	0	0	0	0	0	0	0	0	0	0	0	0	0	0	0	0	0	0	0	0	0	0	0	0	
225628	Caudate_L	1640	932	2634	8316	154	0	1044	5916	0	0	224	2740	558	3770	616	0	510	602	5882	8528	5992	8104	940	390	0	188	2314	1822	4602	2322	6202	3020	0	4100	0	0	502	0	0	0	0	0	0	0	0	0	0	0	0	0	0	0	0	0	270	0	102	0	0	0	0	0	0	0	0	0	0	0	586	0	0	8528	11108	1000	828	0	4678	596	88	0	232	0	234	0	0	0	0	0	0	0	0	0	0	0	0	0	0	0	0	0	0	0	0	0	0	0	0	0	0	0	0	0	0	0	0	0	
356244	Caudate_R	146	14188	86	25482	0	502	0	4586	0	346	0	4572	0	7810	0	1288	0	268	2376	18310	3422	7392	208	4340	0	2940	1648	2678	0	7868	1662	10916	0	578	0	0	0	896	364	510	0	0	0	0	0	0	0	0	0	0	0	0	0	0	0	318	0	1026	0	0	0	0	0	182	0	0	0	0	208	0	8528	0	2908	16384	0	1654	132	21400	0	0	0	0	0	0	0	0	0	0	0	0	0	0	0	0	0	0	0	0	0	0	0	0	0	0	0	0	0	0	0	0	0	0	0	0	0	0	
269892	Putamen_L	3512	1286	19510	4210	2176	0	398	2624	694	0	440	0	1218	0	4314	0	114	0	15024	3858	1486	2854	1572	118	134	0	0	528	14856	0	6068	1164	0	300	0	0	8692	0	1650	0	534	0	0	0	0	0	0	0	0	0	142	0	0	0	2570	0	1932	0	82	0	552	0	0	0	118	0	0	0	1594	0	11108	2908	0	416	7662	0	3742	218	142	0	142	0	1404	0	0	0	0	0	880	0	0	0	0	0	0	0	0	0	0	0	0	0	0	0	0	0	0	0	0	0	0	0	0	0	0	0	
305656	Putamen_R	144	6380	0	15662	0	2148	0	3894	0	1084	0	5952	0	1872	0	2538	0	2826	696	10864	368	988	172	5300	0	4160	182	1284	0	17246	420	8426	0	482	330	154	148	13768	564	6314	0	560	0	0	0	0	0	0	0	0	0	0	0	0	0	4404	0	3398	0	0	0	0	0	166	0	0	0	0	0	0	1000	16384	416	0	0	3526	0	7790	0	84	0	590	0	0	0	0	0	0	0	0	0	0	0	0	0	0	0	144	0	0	0	0	0	0	0	0	0	0	0	0	0	0	0	0	0	0	
48008	Pallidum_L	1480	480	4198	562	0	0	0	476	0	0	0	0	0	0	0	0	0	0	4654	956	0	0	0	0	0	0	0	0	0	0	0	0	0	0	0	0	244	0	0	0	0	0	0	0	0	0	0	0	0	0	0	0	0	0	0	0	294	0	0	0	0	0	0	0	0	0	0	0	912	0	828	0	7662	0	0	0	1258	0	0	0	0	0	0	0	0	0	0	0	0	0	0	0	0	0	0	0	0	0	0	0	0	0	0	0	0	0	0	0	0	0	0	0	0	0	0	0	
33840	Pallidum_R	0	1070	0	2282	0	0	0	830	0	0	0	364	0	0	0	0	0	0	0	2262	0	0	0	0	0	0	0	0	0	78	0	0	0	0	0	0	0	1522	108	1170	0	0	0	0	0	0	0	0	0	0	0	0	0	0	0	980	0	102	0	0	0	0	0	0	0	0	0	0	0	0	0	1654	0	3526	0	0	0	972	0	0	0	0	0	0	0	0	0	0	0	0	0	0	0	0	0	0	0	0	0	0	0	0	0	0	0	0	0	0	0	0	0	0	0	0	0	0	
127860	Thalamus_L	8280	438	4100	584	0	0	152	94	0	0	234	0	0	0	0	0	808	0	10812	220	0	0	0	0	0	0	0	0	3474	0	0	0	0	0	0	0	5606	0	1376	0	0	0	0	0	0	0	596	0	0	0	88	0	0	0	1274	0	1134	0	0	0	246	0	0	0	0	0	0	0	10274	0	4678	132	3742	0	1258	0	0	1126	290	0	962	0	0	0	630	0	0	0	1322	0	0	0	0	0	0	0	0	0	0	0	0	0	0	0	0	0	0	0	0	0	0	0	0	0	0	0	
241332	Thalamus_R	364	17466	0	20404	0	0	0	1914	0	0	0	824	0	138	0	0	100	2220	586	10620	0	0	0	0	0	0	0	0	0	2372	0	0	0	552	2354	1350	2320	7370	2962	3638	0	0	0	0	0	0	1426	1216	0	0	0	0	0	0	974	1234	100	2930	0	0	0	0	0	370	0	0	0	620	806	234	596	21400	218	7790	0	972	1126	0	0	0	0	338	0	0	0	0	0	0	0	142	0	0	0	0	118	0	168	152	0	0	0	0	0	0	0	0	0	0	0	0	182	0	0	0	0	0	
90492	Heschl_L	2040	158	3186	224	0	0	1112	94	0	0	362	0	0	0	0	0	4494	0	814	162	0	0	0	0	0	0	0	0	6564	0	0	0	0	0	616	82	4556	0	0	0	0	0	236	0	0	0	0	0	0	0	432	0	686	0	624	0	2072	0	0	0	382	0	930	0	0	0	334	0	338	0	88	0	142	0	0	0	290	0	0	0	3136	0	0	0	6732	0	0	0	4360	0	0	0	0	0	0	0	0	0	0	0	0	0	0	0	0	0	0	0	0	0	0	0	0	0	0	0	
20088	Heschl_R	0	0	0	0	0	0	0	0	0	0	0	0	0	0	0	0	0	1142	0	0	0	0	0	0	0	0	0	0	0	1402	0	0	0	0	0	0	0	1088	0	388	0	0	0	0	0	0	0	0	0	0	0	0	0	0	0	754	0	0	0	0	0	0	0	206	0	0	0	0	0	0	0	0	0	84	0	0	0	0	0	0	0	3370	0	0	0	360	0	0	0	1250	0	0	0	0	0	0	0	0	0	0	0	0	0	0	0	0	0	0	0	0	0	0	0	0	0	0	
222640	Temporal_Sup_L	1056	0	3678	280	0	0	616	0	0	0	1772	0	314	0	0	0	9694	0	3648	288	0	0	0	0	0	0	0	0	10312	0	0	0	198	0	340	0	2394	0	102	0	0	0	288	0	0	0	204	0	0	0	2410	0	1528	0	1776	0	2750	0	0	0	2598	0	10922	0	2784	0	598	0	122	0	232	0	142	0	0	0	962	0	3136	0	0	0	3578	0	28854	0	80	0	13664	0	0	0	0	0	0	0	0	0	0	0	0	0	0	0	0	0	0	0	0	0	0	0	0	0	0	0	
108008	Temporal_Sup_R	0	0	0	516	0	0	0	0	0	0	0	664	0	0	0	0	0	5990	134	560	0	0	0	0	0	0	0	0	0	4772	0	0	0	0	0	80	0	2504	0	634	0	0	0	580	0	0	0	0	0	112	0	1802	0	0	0	3712	0	562	0	0	0	0	0	5654	0	1998	0	564	0	0	0	0	0	590	0	0	0	338	0	3370	0	0	0	882	0	11644	0	114	0	6228	0	0	0	0	0	0	0	0	0	0	0	0	0	0	0	0	0	0	0	0	0	0	0	0	0	0	
111016	Temporal_Pole_Sup_L	532	0	2430	108	520	0	2362	118	198	0	5852	0	1596	0	2554	0	3760	0	2048	110	1304	0	142	0	0	0	116	0	7622	0	708	184	0	0	0	0	2218	0	788	0	1918	0	0	0	0	0	0	0	0	0	0	0	0	0	1842	0	0	0	0	0	0	0	0	0	0	0	0	0	0	0	234	0	1404	0	0	0	0	0	0	0	3578	0	0	0	6492	0	2260	0	2510	0	0	0	0	0	0	0	0	0	0	0	0	0	0	0	0	0	0	0	0	0	0	0	0	0	0	0	
22844	Temporal_Pole_Sup_R	0	0	0	240	0	0	0	0	0	0	0	256	0	0	0	96	0	302	0	238	0	0	0	0	0	0	0	0	0	550	0	0	0	0	0	0	0	222	0	560	0	792	0	0	0	0	0	0	0	0	0	0	0	0	0	3548	0	0	0	0	0	0	0	0	0	0	0	0	0	0	0	0	0	0	0	0	0	0	0	0	0	882	0	0	0	688	0	1460	0	1588	0	0	0	0	0	0	0	0	0	0	0	0	0	0	0	0	0	0	0	0	0	0	0	0	0	0	
313432	Temporal_Mid_L	826	0	1338	0	0	0	0	0	0	0	0	0	0	0	0	0	6412	0	1258	180	0	0	0	0	0	0	0	0	7028	0	0	0	254	142	2642	366	832	0	0	0	0	0	2196	0	272	0	1138	0	656	0	19640	0	4814	0	3478	0	3696	124	668	0	2184	0	8934	0	6142	0	3000	0	1498	134	0	0	0	0	0	0	630	0	6732	0	28854	0	6492	0	0	0	2848	0	31308	0	0	0	0	0	0	0	0	0	0	0	0	0	0	0	0	0	0	0	0	0	0	0	0	0	0	0	
248212	Temporal_Mid_R	0	3310	0	0	0	0	0	0	0	0	0	0	0	0	0	0	0	792	0	320	0	0	0	0	0	0	0	0	0	452	0	0	0	360	0	404	0	678	0	538	0	0	0	8894	0	1408	0	1766	0	1924	0	24574	0	5048	0	2444	0	2998	0	532	0	2500	0	5204	0	10008	196	6322	0	432	0	0	0	0	0	0	0	0	0	360	0	11644	0	688	0	0	0	522	0	29344	0	106	0	0	0	0	0	94	0	150	0	0	0	0	0	0	0	0	0	0	94	0	0	0	0	0	
16800	Temporal_Pole_Mid_L	0	0	0	0	0	0	0	0	0	0	0	0	0	0	0	0	0	0	0	0	0	0	0	0	0	0	0	0	0	0	0	0	0	0	0	0	136	0	154	0	0	0	0	0	0	0	0	0	0	0	0	0	0	0	1088	0	0	0	0	0	0	0	0	0	0	0	0	0	0	0	0	0	0	0	0	0	0	0	0	0	80	0	2260	0	2848	0	0	0	1834	0	0	0	0	0	0	0	0	0	0	0	0	0	0	0	0	0	0	0	0	0	0	0	0	0	0	0	
8100	Temporal_Pole_Mid_R	0	0	0	0	0	0	0	0	0	0	0	0	0	0	0	0	0	0	0	0	0	0	0	0	0	0	0	0	0	0	0	0	0	0	0	0	0	0	0	0	0	0	0	0	0	0	0	0	0	0	0	0	0	0	0	1176	0	0	0	0	0	0	0	0	0	0	0	0	0	0	0	0	0	0	0	0	0	0	0	0	0	114	0	1460	0	522	0	0	0	778	0	0	0	0	0	0	0	0	0	0	0	0	0	0	0	0	0	0	0	0	0	0	0	0	0	0	
226524	Temporal_Inf_L	218	0	1648	0	0	0	0	0	0	0	0	0	0	0	0	0	2202	0	1604	194	0	0	0	0	0	0	0	0	5654	0	0	0	108	146	1468	364	8238	0	484	0	826	0	1390	0	180	0	286	0	0	0	3436	0	6030	0	13978	0	618	126	0	0	360	0	1926	0	818	0	1686	0	372	148	0	0	880	0	0	0	1322	0	4360	0	13664	0	2510	0	31308	0	1834	0	0	0	2102	0	170	0	0	0	0	0	298	0	174	0	132	0	0	0	0	0	0	0	0	0	0	0	0	0	
206868	Temporal_Inf_R	0	3128	0	0	0	0	0	0	0	0	0	0	0	0	0	0	0	1118	0	1012	0	0	0	0	0	0	0	0	0	2738	0	0	0	840	0	784	0	6026	0	2240	0	0	0	3492	0	422	0	750	0	580	0	6390	0	2376	0	14768	0	2922	0	336	0	1472	0	3426	0	4198	0	3838	0	1110	0	0	0	0	0	0	0	142	0	1250	0	6228	0	1588	0	29344	0	778	0	0	0	138	0	0	0	0	0	0	0	0	0	0	0	0	0	0	0	0	0	0	0	0	0	0	0	0	
516524	Cerebelum_Crus1_L	0	0	0	0	0	0	0	0	0	0	0	0	0	0	0	0	0	0	0	0	0	0	0	0	0	0	0	0	0	0	0	0	0	0	0	0	116	0	828	0	0	0	0	0	0	0	17076	3850	0	0	0	0	2184	568	27018	2446	0	0	0	0	0	0	0	0	0	0	0	0	0	0	0	0	0	0	0	0	0	0	0	0	0	0	0	0	0	0	0	0	2102	0	0	3248	32668	2660	1084	286	28450	3808	61810	5952	12662	282	17238	1198	1876	136	136	0	0	230	9804	10004	6914	404	686	538	
426700	Cerebelum_Crus1_R	0	0	0	0	0	0	0	0	0	0	0	0	0	0	0	0	0	0	0	0	0	0	0	0	0	0	0	0	0	0	0	0	0	0	0	0	0	0	0	84	0	0	0	106	0	0	768	6318	0	0	0	230	0	1178	218	15560	0	0	0	0	0	0	0	0	0	0	0	0	0	0	0	0	0	0	0	0	0	0	0	0	0	0	0	0	0	106	0	0	0	138	3248	0	1666	25718	0	3972	2376	24134	2756	54074	350	8074	928	27046	240	584	0	0	0	2726	10312	9274	9762	676	638	90	
288284	Cerebelum_Crus2_L	0	0	0	0	0	0	0	0	0	0	0	0	0	0	0	0	0	0	0	0	0	0	0	0	0	0	0	0	0	0	0	0	0	0	0	0	0	0	120	0	0	0	0	0	0	0	2288	346	0	0	0	0	554	0	2382	300	0	0	0	0	0	0	0	0	0	0	0	0	0	0	0	0	0	0	0	0	0	0	0	0	0	0	0	0	0	0	0	0	170	0	32668	1666	0	7214	314	112	3340	566	7484	1224	31360	3804	25626	4238	1924	84	110	0	0	136	1346	1974	8766	3742	198	86	
262292	Cerebelum_Crus2_R	0	0	0	0	0	0	0	0	0	0	0	0	0	0	0	0	0	0	0	0	0	0	0	0	0	0	0	0	0	0	0	0	0	0	0	0	0	0	0	0	0	0	0	0	0	0	322	274	0	0	0	0	0	0	140	406	0	0	0	0	0	0	0	0	0	0	0	0	0	0	0	0	0	0	0	0	0	0	0	0	0	0	0	0	0	0	0	0	0	0	2660	25718	7214	0	0	568	1278	2512	1730	6620	3422	20132	2982	30518	198	896	0	0	0	380	2284	2696	13884	3514	616	182	
30064	Cerebelum_3_L	0	0	0	94	0	0	0	0	0	0	0	0	0	0	0	0	0	0	0	0	0	0	0	0	0	0	0	0	0	0	0	0	0	0	0	0	0	0	798	0	0	0	0	0	0	0	932	164	0	0	0	0	0	0	106	0	0	0	0	0	0	0	0	0	0	0	0	0	0	0	0	0	0	0	0	0	0	118	0	0	0	0	0	0	0	0	0	0	0	0	1084	0	314	0	0	0	6262	114	910	142	0	0	720	86	1004	108	0	0	150	674	348	158	0	180	346	220	
79224	Cerebelum_3_R	0	0	0	0	0	0	0	0	0	0	0	0	0	0	0	0	0	0	0	0	0	0	0	0	0	0	0	0	0	0	0	0	0	0	0	0	0	0	0	0	0	0	0	0	0	0	182	322	0	0	0	0	0	0	0	334	0	0	0	0	0	0	0	0	0	0	0	0	0	0	0	0	0	0	0	0	0	0	0	0	0	0	0	0	0	0	0	0	0	0	286	3972	112	568	0	0	720	5902	402	7704	0	252	426	2318	154	1626	0	0	406	4700	2976	1200	1262	1504	1836	448	
321284	Cerebelum_4_5_L	0	0	0	122	0	0	0	0	0	0	0	0	0	0	0	0	0	0	0	0	0	0	0	0	0	0	0	0	0	0	0	0	0	0	0	0	274	0	2128	0	0	0	0	0	0	0	13960	1824	0	0	138	0	1192	880	12072	2576	0	0	0	0	0	0	0	0	0	0	0	0	0	0	0	0	0	0	0	0	0	168	0	0	0	0	0	0	0	0	0	0	0	0	28450	2376	3340	1278	6262	720	0	6230	35390	7110	456	0	3952	1410	2422	312	0	0	146	898	17234	3462	1024	780	1250	806	
325048	Cerebelum_4_5_R	0	0	0	0	0	0	0	0	0	0	0	0	0	0	0	0	0	0	0	0	0	0	0	0	0	0	0	0	0	0	0	0	0	0	0	146	0	736	0	888	0	0	0	160	0	0	2346	8034	0	0	0	102	224	1856	900	15454	0	0	0	0	0	0	0	0	0	0	0	480	0	0	0	0	0	144	0	0	0	152	0	0	0	0	0	0	0	94	0	0	0	0	3808	24134	566	2512	114	5902	6230	0	5364	40280	80	762	754	5796	158	1262	0	0	0	3904	20716	3820	1762	1160	1382	342	
475976	Cerebelum_6_L	0	0	0	0	0	0	0	0	0	0	0	0	0	0	0	0	0	0	0	0	0	0	0	0	0	0	0	0	0	0	0	0	0	0	0	0	206	0	1212	0	0	0	0	0	0	0	23326	5040	0	0	222	0	3684	744	33012	3036	0	0	0	0	0	0	0	0	0	0	0	0	0	0	0	0	0	0	0	0	0	0	0	0	0	0	0	0	0	0	0	0	298	0	61810	2756	7484	1730	910	402	35390	5364	0	7260	3774	0	6018	846	922	128	0	0	0	190	13132	13382	4482	322	554	352	
504220	Cerebelum_6_R	0	0	0	0	0	0	0	0	0	0	0	0	0	0	0	0	0	0	0	0	0	0	0	0	0	0	0	0	0	0	0	0	0	0	0	0	0	0	0	174	0	0	0	424	0	0	3176	13938	0	0	0	300	188	3506	1054	26210	0	0	0	0	0	0	0	0	0	0	0	0	0	0	0	0	0	0	0	0	0	0	0	0	0	0	0	0	0	150	0	0	0	0	5952	54074	1224	6620	142	7704	7110	40280	7260	0	258	2246	968	14040	200	770	0	100	0	4286	21690	15752	9080	1438	1682	114	
197860	Cerebelum_7b_L	0	0	0	0	0	0	0	0	0	0	0	0	0	0	0	0	0	0	0	0	0	0	0	0	0	0	0	0	0	0	0	0	0	0	0	0	0	0	0	0	0	0	0	0	0	0	292	0	0	0	0	0	0	0	522	0	0	0	0	0	0	0	0	0	0	0	0	0	0	0	0	0	0	0	0	0	0	0	0	0	0	0	0	0	0	0	0	0	174	0	12662	350	31360	3422	0	0	456	80	3774	258	0	2690	27746	4174	1770	0	166	0	0	0	100	254	3210	5388	82	0	
146740	Cerebelum_7b_R	0	0	0	0	0	0	0	0	0	0	0	0	0	0	0	0	0	0	0	0	0	0	0	0	0	0	0	0	0	0	0	0	0	0	0	0	0	0	0	0	0	0	0	0	0	0	0	0	0	0	0	0	0	0	0	136	0	0	0	0	0	0	0	0	0	0	0	0	0	0	0	0	0	0	0	0	0	0	0	0	0	0	0	0	0	0	0	0	0	0	282	8074	3804	20132	0	252	0	762	0	2246	2690	0	1940	23838	0	1184	0	0	0	134	0	98	4480	3318	0	0	
271196	Cerebelum_8_L	0	0	0	0	0	0	0	0	0	0	0	0	0	0	0	0	0	0	0	0	0	0	0	0	0	0	0	0	0	0	0	0	0	0	0	0	0	0	98	0	0	0	0	0	0	0	954	270	0	0	0	0	274	0	1086	216	0	0	0	0	0	0	0	0	0	0	0	0	0	0	0	0	0	0	0	0	0	0	0	0	0	0	0	0	0	0	0	0	132	0	17238	928	25626	2982	720	426	3952	754	6018	968	27746	1940	0	5994	13312	1986	1388	0	152	446	1656	1464	3562	8952	2752	1606	
333636	Cerebelum_8_R	0	0	0	0	0	0	0	0	0	0	0	0	0	0	0	0	0	0	0	0	0	0	0	0	0	0	0	0	0	0	0	0	0	0	0	0	0	0	0	0	0	0	0	0	0	0	264	300	0	0	0	0	0	0	0	882	0	0	0	0	0	0	0	0	0	0	0	0	0	0	0	0	0	0	0	0	0	0	0	0	0	0	0	0	0	0	0	0	0	0	1198	27046	4238	30518	86	2318	1410	5796	846	14040	4174	23838	5994	0	392	14722	0	614	134	1304	2696	1476	8978	9712	3322	520	
68856	Cerebelum_9_L	0	0	0	0	0	0	0	0	0	0	0	0	0	0	0	0	0	0	0	0	0	0	0	0	0	0	0	0	0	0	0	0	0	0	0	0	0	0	0	0	0	0	0	0	0	0	118	0	0	0	0	0	0	0	86	0	0	0	0	0	0	0	0	0	0	0	0	0	0	0	0	0	0	0	0	0	0	0	0	0	0	0	0	0	0	0	0	0	0	0	1876	240	1924	198	1004	154	2422	158	922	200	1770	0	13312	392	0	884	2888	0	0	142	478	676	612	928	1746	1298	
84504	Cerebelum_9_R	0	0	0	0	0	0	0	0	0	0	0	0	0	0	0	0	0	0	0	0	0	0	0	0	0	0	0	0	0	0	0	0	0	0	0	0	0	0	0	0	0	0	0	0	0	0	0	0	0	0	0	0	0	0	0	0	0	0	0	0	0	0	0	0	0	0	0	0	0	0	0	0	0	0	0	0	0	0	0	0	0	0	0	0	0	0	0	0	0	0	136	584	84	896	108	1626	312	1262	128	770	0	1184	1986	14722	884	0	0	1512	406	1228	642	600	1044	4706	5104	2328	
9376	Cerebelum_10_L	0	0	0	0	0	0	0	0	0	0	0	0	0	0	0	0	0	0	0	0	0	0	0	0	0	0	0	0	0	0	0	0	0	0	0	0	0	0	0	0	0	0	0	0	0	0	0	0	0	0	0	0	0	0	0	0	0	0	0	0	0	0	0	0	0	0	0	0	0	0	0	0	0	0	0	0	0	0	0	0	0	0	0	0	0	0	0	0	0	0	136	0	110	0	0	0	0	0	0	0	166	0	1388	0	2888	0	0	0	0	0	0	0	0	0	0	0	
4948	Cerebelum_10_R	0	0	0	0	0	0	0	0	0	0	0	0	0	0	0	0	0	0	0	0	0	0	0	0	0	0	0	0	0	0	0	0	0	0	0	0	0	0	0	0	0	0	0	0	0	0	0	0	0	0	0	0	0	0	0	0	0	0	0	0	0	0	0	0	0	0	0	0	0	0	0	0	0	0	0	0	0	0	0	0	0	0	0	0	0	0	0	0	0	0	0	0	0	0	0	0	0	0	0	100	0	0	0	614	0	1512	0	0	0	0	0	0	0	120	128	0	
9832	Vermis_1_2	0	0	0	0	0	0	0	0	0	0	0	0	0	0	0	0	0	0	0	0	0	0	0	0	0	0	0	0	0	0	0	0	0	0	0	0	0	0	0	0	0	0	0	0	0	0	0	0	0	0	0	0	0	0	0	0	0	0	0	0	0	0	0	0	0	0	0	0	0	0	0	0	0	0	0	0	0	0	0	0	0	0	0	0	0	0	0	0	0	0	0	0	0	0	150	406	146	0	0	0	0	0	152	134	0	406	0	0	0	2082	262	96	94	392	476	120	
61824	Vermis_3	0	0	0	0	0	0	0	0	0	0	0	0	0	0	0	0	0	0	0	0	0	0	0	0	0	0	0	0	0	0	0	0	0	0	0	0	0	0	468	0	0	0	0	0	0	0	154	246	0	0	0	0	0	0	0	88	0	0	0	0	0	0	0	0	0	0	0	0	0	0	0	0	0	0	0	0	0	0	0	0	0	0	0	0	0	0	0	0	0	0	230	2726	136	380	674	4700	898	3904	190	4286	0	134	446	1304	142	1228	0	0	2082	0	2384	454	624	1152	1518	364	
311784	Vermis_4_5	0	0	0	0	0	0	0	0	0	0	0	0	0	0	0	0	0	0	0	0	0	0	0	0	0	0	0	0	0	0	0	0	0	0	0	806	0	704	0	250	0	0	78	258	0	88	6238	6768	0	0	126	102	1190	1718	3310	7990	0	0	0	0	0	0	0	0	0	0	0	1074	0	0	0	0	0	0	0	0	0	182	0	0	0	0	0	0	0	94	0	0	0	0	9804	10312	1346	2284	348	2976	17234	20716	13132	21690	100	0	1656	2696	478	642	0	0	262	2384	0	8240	2544	1788	2548	1736	
250608	Vermis_6	0	0	0	0	0	0	0	0	0	0	0	0	0	0	0	0	0	0	0	0	0	0	0	0	0	0	0	0	0	0	0	0	0	0	0	0	0	0	0	0	0	0	96	414	0	0	6992	13316	0	0	0	144	990	1266	3820	7172	0	0	0	0	0	0	0	0	0	0	0	0	0	0	0	0	0	0	0	0	0	0	0	0	0	0	0	0	0	0	0	0	0	0	10004	9274	1974	2696	158	1200	3462	3820	13382	15752	254	98	1464	1476	676	600	0	0	96	454	8240	0	10046	1264	2412	2292	
