data	data	376016	183296	794420	820560	110184	76720	675528	306068	64116	28584	303008	224748	340564	150704	202756	87792	259912	112060	680188	887664	84996	101016	393788	274380	45896	97428	59156	66608	778708	356480	272540	350808	185756	548740	75260	96772	264060	249756	95724	168184	40440	39144	208824	293028	145336	311516	239188	243424	165968	301556	462052	248040	74464	49800	355124	348796	223556	168604	152752	133180	251792	119868	114976	131172	189856	107904	254748	429896	179872	146600	316604	426656	393440	316192	61540	48412	137848	188728	116000	30324	260372	120268	144912	48000	417704	177560	49736	23848	286212	193108	728728	565052	438356	401552	46500	72212	427168	282304	682600	576260	275544	154572	391576	325584	139612	184512	18168	14316	30736	86544	311760	314176	258980	210936	139712	71224	
data	data	Precentral_L	Precentral_R	Frontal_Sup_L	Frontal_Sup_R	Frontal_Sup_Orb_L	Frontal_Sup_Orb_R	Frontal_Mid_L	Frontal_Mid_R	Frontal_Mid_Orb_L	Frontal_Mid_Orb_R	Frontal_Inf_Oper_L	Frontal_Inf_Oper_R	Frontal_Inf_Tri_L	Frontal_Inf_Tri_R	Frontal_Inf_Orb_L	Frontal_Inf_Orb_R	Rolandic_Oper_L	Rolandic_Oper_R	Supp_Motor_Area_L	Supp_Motor_Area_R	Olfactory_L	Olfactory_R	Frontal_Sup_Medial_L	Frontal_Sup_Medial_R	Frontal_Med_Orb_L	Frontal_Med_Orb_R	Rectus_L	Rectus_R	Insula_L	Insula_R	Cingulum_Ant_L	Cingulum_Ant_R	Cingulum_Mid_L	Cingulum_Mid_R	Cingulum_Post_L	Cingulum_Post_R	Hippocampus_L	Hippocampus_R	ParaHippocampal_L	ParaHippocampal_R	Amygdala_L	Amygdala_R	Calcarine_L	Calcarine_R	Cuneus_L	Cuneus_R	Lingual_L	Lingual_R	Occipital_Sup_L	Occipital_Sup_R	Occipital_Mid_L	Occipital_Mid_R	Occipital_Inf_L	Occipital_Inf_R	Fusiform_L	Fusiform_R	Postcentral_L	Postcentral_R	Parietal_Sup_L	Parietal_Sup_R	Parietal_Inf_L	Parietal_Inf_R	SupraMarginal_L	SupraMarginal_R	Angular_L	Angular_R	Precuneus_L	Precuneus_R	Paracentral_Lobule_L	Paracentral_Lobule_R	Caudate_L	Caudate_R	Putamen_L	Putamen_R	Pallidum_L	Pallidum_R	Thalamus_L	Thalamus_R	Heschl_L	Heschl_R	Temporal_Sup_L	Temporal_Sup_R	Temporal_Pole_Sup_L	Temporal_Pole_Sup_R	Temporal_Mid_L	Temporal_Mid_R	Temporal_Pole_Mid_L	Temporal_Pole_Mid_R	Temporal_Inf_L	Temporal_Inf_R	Cerebelum_Crus1_L	Cerebelum_Crus1_R	Cerebelum_Crus2_L	Cerebelum_Crus2_R	Cerebelum_3_L	Cerebelum_3_R	Cerebelum_4_5_L	Cerebelum_4_5_R	Cerebelum_6_L	Cerebelum_6_R	Cerebelum_7b_L	Cerebelum_7b_R	Cerebelum_8_L	Cerebelum_8_R	Cerebelum_9_L	Cerebelum_9_R	Cerebelum_10_L	Cerebelum_10_R	Vermis_1_2	Vermis_3	Vermis_4_5	Vermis_6	Vermis_7	Vermis_8	Vermis_9	Vermis_10	
376016	Precentral_L	0	0	17654	548	0	0	23954	0	0	0	14178	0	2232	0	0	0	12354	0	8244	1174	0	0	182	0	0	0	0	0	12616	0	0	0	1030	506	206	0	11246	0	316	0	0	0	0	0	0	0	0	0	0	0	650	0	0	0	0	0	27784	0	394	0	4270	0	2600	0	514	0	396	0	16922	258	0	0	7290	0	830	0	8318	504	7654	0	1764	0	708	0	534	0	0	0	178	0	0	0	0	0	0	0	0	0	0	0	0	0	0	0	0	0	0	0	0	0	0	0	0	0	0	0	
183296	Precentral_R	0	0	1466	13910	0	0	1474	5380	0	0	0	5002	0	412	0	0	0	1552	156	1112	0	0	0	0	0	0	0	0	1840	3018	0	0	0	1462	0	858	0	5212	0	478	0	0	0	1032	0	1098	0	0	0	452	0	110	0	0	0	474	0	15356	0	2292	0	2952	0	2380	0	238	0	2228	0	4736	1956	3514	0	3600	0	198	0	3852	0	308	0	664	0	0	0	182	0	0	0	694	0	0	0	0	0	0	0	0	0	0	0	0	0	0	0	0	0	0	0	0	0	0	0	0	0	0	
794420	Frontal_Sup_L	17654	1466	0	5016	5860	0	81974	3876	3688	0	20182	1008	17708	140	4450	670	10204	206	49290	7492	144	0	48764	4562	1194	0	1186	0	36392	136	16328	3972	5164	5076	0	0	3820	154	276	0	0	0	0	0	0	0	0	0	0	0	182	0	0	0	0	0	4318	104	0	0	756	0	402	0	106	0	0	0	2008	0	7928	2640	10832	964	692	484	368	0	1036	0	2498	0	3400	0	300	0	0	0	140	0	0	0	0	0	0	0	0	0	0	0	0	0	0	0	0	0	0	0	0	0	0	0	0	0	0	0	
820560	Frontal_Sup_R	548	13910	5016	0	0	3596	4872	31846	0	2390	364	16080	3402	10534	1806	3240	0	1434	11110	81494	0	600	10170	31666	0	2926	0	450	7836	22096	2164	22902	1954	24916	0	0	318	5130	0	1320	0	0	0	0	0	0	0	96	0	0	0	0	0	0	0	1088	0	0	0	0	0	0	0	0	0	0	0	0	508	0	6602	27086	1048	21380	144	2968	1072	21502	0	106	0	248	0	0	0	0	0	0	0	342	0	0	0	0	0	0	0	0	0	0	0	0	0	0	0	0	0	0	0	0	0	0	0	0	0	0	
110184	Frontal_Sup_Orb_L	0	0	5860	0	0	0	1284	0	8970	0	0	0	186	0	6906	0	0	0	0	0	1478	384	2966	0	6240	446	5940	298	2828	0	4180	0	0	0	0	0	0	0	0	0	120	0	0	0	0	0	0	0	0	0	0	0	0	0	0	0	0	0	0	0	0	0	0	0	0	0	0	0	0	0	3116	320	3100	0	0	0	0	0	0	0	0	0	470	0	0	0	0	0	0	0	0	0	0	0	0	0	0	0	0	0	0	0	0	0	0	0	0	0	0	0	0	0	0	0	0	0	
76720	Frontal_Sup_Orb_R	0	0	0	3596	0	0	0	1390	0	4028	0	0	0	0	0	2812	0	0	0	0	0	1952	92	1796	112	7792	0	7244	0	866	510	2642	0	0	0	0	0	0	0	0	0	0	0	0	0	0	0	0	0	0	0	0	0	0	0	0	0	0	0	0	0	0	0	0	0	0	0	0	0	0	0	2482	0	1046	0	0	0	0	0	0	0	0	0	0	0	0	0	0	0	0	0	0	0	0	0	0	0	0	0	0	0	0	0	0	0	0	0	0	0	0	0	0	0	0	0	0	
675528	Frontal_Mid_L	23954	1474	81974	4872	1284	0	0	4454	3198	0	14618	1218	34252	474	7218	1698	4722	230	19106	7870	0	0	21022	1768	0	0	0	0	43744	342	7732	3572	1298	3750	0	0	3030	180	272	0	0	0	0	0	0	0	0	0	0	0	134	0	0	0	0	0	4052	124	0	0	734	0	452	0	100	0	0	0	964	0	11344	4310	9978	1132	478	534	148	96	1214	0	570	0	1926	0	148	0	0	0	0	0	0	0	0	0	0	0	0	0	0	0	0	0	0	0	0	0	0	0	0	0	0	0	0	0	0	0	
306068	Frontal_Mid_R	0	5380	3876	31846	0	1390	4454	0	0	2408	890	9722	1664	10396	648	4076	0	150	4644	13258	0	0	1288	3552	0	0	0	0	8016	7596	196	2422	118	5126	0	0	0	440	0	122	0	0	0	0	0	0	0	0	0	0	0	0	0	0	0	0	0	0	0	0	0	0	0	0	0	0	0	0	0	0	6326	12944	966	8368	0	466	0	0	0	0	0	0	286	0	0	0	0	0	0	0	0	0	0	0	0	0	0	0	0	0	0	0	0	0	0	0	0	0	0	0	0	0	0	0	0	0	
64116	Frontal_Mid_Orb_L	0	0	3688	0	8970	0	3198	0	0	0	0	0	714	0	8790	0	0	0	140	0	0	0	268	0	1080	0	1378	0	668	0	1448	0	0	0	0	0	0	0	0	0	0	0	0	0	0	0	0	0	0	0	0	0	0	0	0	0	0	0	0	0	0	0	0	0	0	0	0	0	0	0	770	0	946	0	0	0	0	0	0	0	0	0	0	0	0	0	0	0	0	0	0	0	0	0	0	0	0	0	0	0	0	0	0	0	0	0	0	0	0	0	0	0	0	0	0	0	
28584	Frontal_Mid_Orb_R	0	0	0	2390	0	4028	0	2408	0	0	0	0	0	0	0	4048	0	0	0	0	0	0	0	0	0	338	0	0	0	178	0	0	0	0	0	0	0	0	0	0	0	0	0	0	0	0	0	0	0	0	0	0	0	0	0	0	0	0	0	0	0	0	0	0	0	0	0	0	0	0	0	312	0	590	0	0	0	0	0	0	0	0	0	0	0	0	0	0	0	0	0	0	0	0	0	0	0	0	0	0	0	0	0	0	0	0	0	0	0	0	0	0	0	0	0	0	
303008	Frontal_Inf_Oper_L	14178	0	20182	364	0	0	14618	890	0	0	0	0	18996	0	406	0	19004	0	18162	962	0	0	2834	0	0	0	0	0	17842	0	472	370	374	430	0	0	0	0	0	0	0	0	0	0	0	0	0	0	0	0	0	0	0	0	0	0	6418	0	0	0	324	0	0	0	0	0	0	0	0	0	230	910	1608	0	0	0	0	0	1346	0	3696	0	6762	0	126	0	0	0	0	0	0	0	0	0	0	0	0	0	0	0	0	0	0	0	0	0	0	0	0	0	0	0	0	0	0	0	
224748	Frontal_Inf_Oper_R	0	5002	1008	16080	0	0	1218	9722	0	0	0	0	166	12140	122	222	0	7272	1024	13068	0	0	0	0	0	0	0	0	1534	23936	0	0	0	2492	0	0	0	1652	0	676	0	0	0	0	0	0	0	0	0	0	0	0	0	0	0	274	0	1326	0	290	0	362	0	116	0	0	0	0	0	0	1478	1322	0	7038	0	1490	0	0	0	140	0	282	0	922	0	0	0	0	0	0	0	0	0	0	0	0	0	0	0	0	0	0	0	0	0	0	0	0	0	0	0	0	0	0	0	0	
340564	Frontal_Inf_Tri_L	2232	0	17708	3402	186	0	34252	1664	714	0	18996	166	0	260	16002	506	3664	0	12760	5236	0	0	4614	96	0	0	0	0	26094	236	3672	1640	642	2070	0	0	0	0	0	0	0	0	0	0	0	0	0	0	0	0	0	0	0	0	0	0	258	0	0	0	0	0	0	0	0	0	0	0	0	0	4082	2414	3266	120	0	0	0	0	0	0	702	0	2524	0	104	0	0	0	0	0	0	0	0	0	0	0	0	0	0	0	0	0	0	0	0	0	0	0	0	0	0	0	0	0	0	0	
150704	Frontal_Inf_Tri_R	0	412	140	10534	0	0	474	10396	0	0	0	12140	260	0	156	2436	0	710	1108	8956	0	0	0	0	0	0	0	0	788	16900	0	90	0	4368	0	0	0	388	0	208	0	0	0	0	0	0	0	0	0	0	0	0	0	0	0	0	0	0	0	0	0	0	0	0	0	0	0	0	0	0	666	1628	88	2406	0	100	0	0	0	0	0	0	0	0	0	0	0	0	0	0	0	0	0	0	0	0	0	0	0	0	0	0	0	0	0	0	0	0	0	0	0	0	0	0	0	0	
202756	Frontal_Inf_Orb_L	0	0	4450	1806	6906	0	7218	648	8790	0	406	122	16002	156	0	162	0	0	1542	2318	2772	900	300	0	0	0	1732	0	18760	136	2980	380	110	956	0	0	0	0	108	0	198	0	0	0	0	0	0	0	0	0	0	0	0	0	0	0	0	0	0	0	0	0	0	0	0	0	0	0	0	0	7060	1902	11010	220	266	0	0	0	0	0	0	0	1062	0	0	0	0	0	0	0	0	0	0	0	0	0	0	0	0	0	0	0	0	0	0	0	0	0	0	0	0	0	0	0	0	0	
87792	Frontal_Inf_Orb_R	0	0	670	3240	0	2812	1698	4076	0	4048	0	222	506	2436	162	0	0	0	766	1874	100	1414	0	0	0	262	0	1188	2014	6922	204	780	234	1548	0	0	0	0	0	96	0	0	0	0	0	0	0	0	0	0	0	0	0	0	0	0	0	0	0	0	0	0	0	0	0	0	0	0	0	0	746	1926	0	3952	0	0	0	0	0	0	0	0	0	0	0	0	0	0	0	0	0	0	0	0	0	0	0	0	0	0	0	0	0	0	0	0	0	0	0	0	0	0	0	0	0	0	
259912	Rolandic_Oper_L	12354	0	10204	0	0	0	4722	0	0	0	19004	0	3664	0	0	0	0	0	9106	120	0	0	826	0	0	0	0	0	17792	0	0	0	248	0	0	0	276	0	0	0	0	0	0	0	0	0	0	0	0	0	4150	0	0	0	320	0	10226	0	2428	0	3112	0	2142	0	1844	0	360	0	176	0	152	0	1008	0	0	0	0	0	6948	0	9444	0	2752	0	4648	0	0	0	1930	0	0	0	0	0	0	0	0	0	0	0	0	0	0	0	0	0	0	0	0	0	0	0	0	0	0	0	
112060	Rolandic_Oper_R	0	1552	206	1434	0	0	230	150	0	0	0	7272	0	710	0	0	0	0	0	1460	0	0	0	0	0	0	0	0	246	11854	0	0	0	0	0	0	0	1624	0	222	0	0	0	0	0	0	0	0	0	0	0	0	0	0	0	426	0	6210	0	820	0	1168	0	3776	0	222	0	0	0	0	0	584	0	4238	0	744	0	172	0	3134	0	5668	0	956	0	300	0	0	0	652	0	0	0	0	0	0	0	0	0	0	0	0	0	0	0	0	0	0	0	0	0	0	0	0	0	0	
680188	Supp_Motor_Area_L	8244	156	49290	11110	0	0	19106	4644	140	0	18162	1024	12760	1108	1542	766	9106	0	0	36828	0	0	12066	3476	0	0	0	0	29896	710	3728	5582	8146	21302	0	208	3994	88	140	0	100	0	0	0	0	0	0	0	0	0	0	0	0	0	146	0	1144	126	0	0	0	0	0	0	0	0	246	338	15188	1590	6278	3816	26946	500	3916	0	8820	312	342	0	3380	0	2982	0	170	0	0	0	432	0	0	0	0	0	0	0	0	0	0	0	0	0	0	0	0	0	0	0	0	0	0	0	0	0	0	0	
887664	Supp_Motor_Area_R	1174	1112	7492	81494	0	0	7870	13258	0	0	962	13068	5236	8956	2318	1874	120	1460	36828	0	0	566	3326	9118	0	128	0	0	13686	18330	2116	9148	6732	51354	396	1824	446	2516	0	882	0	0	0	166	0	192	0	0	0	0	0	0	0	0	0	846	0	730	0	180	0	0	0	96	0	0	726	2232	6410	15938	9502	36036	6794	17738	2958	2830	8622	27486	0	0	0	116	0	0	0	132	0	0	0	312	0	0	0	0	0	0	0	0	0	0	0	0	0	0	0	0	0	0	0	0	0	0	0	0	0	0	
84996	Olfactory_L	0	0	144	0	1478	0	0	0	0	0	0	0	0	0	2772	100	0	0	0	0	0	4932	0	0	620	1226	1750	526	3388	0	4234	1828	0	0	0	0	224	0	214	0	578	0	0	0	0	0	0	0	0	0	0	0	0	0	98	0	0	0	0	0	0	0	0	0	0	0	0	0	0	0	8040	3596	5382	364	514	0	90	0	0	0	0	0	400	0	0	0	0	0	0	0	0	0	0	0	0	0	0	0	0	0	0	0	0	0	0	0	0	0	0	0	0	0	0	0	0	0	
101016	Olfactory_R	0	0	0	600	384	1952	0	0	0	0	0	0	0	0	900	1414	0	0	0	566	4932	0	0	300	0	4536	336	5038	390	2070	2488	5684	0	0	0	0	0	0	0	142	0	170	0	0	0	0	0	0	0	0	0	0	0	0	0	0	0	0	0	0	0	0	0	0	0	0	0	0	0	0	4846	8366	3304	872	658	0	0	560	0	0	0	0	0	0	0	0	0	0	0	0	0	0	0	0	0	0	0	0	0	0	0	0	0	0	0	0	0	0	0	0	0	0	0	0	0	0	
393788	Frontal_Sup_Medial_L	182	0	48764	10170	2966	92	21022	1288	268	0	2834	0	4614	0	300	0	826	0	12066	3326	0	0	0	20766	2520	748	350	0	6668	0	21140	14140	5428	12270	0	0	0	0	0	0	0	0	0	0	0	0	0	0	0	0	0	0	0	0	0	0	0	0	0	0	0	0	0	0	0	0	0	0	0	0	1118	480	2084	0	0	0	0	0	0	0	106	0	358	0	0	0	0	0	0	0	0	0	0	0	0	0	0	0	0	0	0	0	0	0	0	0	0	0	0	0	0	0	0	0	0	0	
274380	Frontal_Sup_Medial_R	0	0	4562	31666	0	1796	1768	3552	0	0	0	0	96	0	0	0	0	0	3476	9118	0	300	20766	0	504	5174	0	516	466	0	4266	26416	1214	16698	0	0	0	0	0	0	0	0	0	0	0	0	0	0	0	0	0	0	0	0	0	0	0	0	0	0	0	0	0	0	0	0	0	0	0	0	102	3942	0	792	0	0	0	0	0	0	0	0	0	0	0	0	0	0	0	0	0	0	0	0	0	0	0	0	0	0	0	0	0	0	0	0	0	0	0	0	0	0	0	0	0	0	
45896	Frontal_Med_Orb_L	0	0	1194	0	6240	112	0	0	1080	0	0	0	0	0	0	0	0	0	0	0	620	0	2520	504	0	2064	2772	450	120	0	4068	136	0	0	0	0	0	0	0	0	0	0	0	0	0	0	0	0	0	0	0	0	0	0	0	0	0	0	0	0	0	0	0	0	0	0	0	0	0	0	616	0	452	0	0	0	0	0	0	0	0	0	0	0	0	0	0	0	0	0	0	0	0	0	0	0	0	0	0	0	0	0	0	0	0	0	0	0	0	0	0	0	0	0	0	0	
97428	Frontal_Med_Orb_R	0	0	0	2926	446	7792	0	0	0	338	0	0	0	0	0	262	0	0	0	128	1226	4536	748	5174	2064	0	1358	7144	0	0	3032	7696	0	0	0	0	0	0	0	0	0	0	0	0	0	0	0	0	0	0	0	0	0	0	0	0	0	0	0	0	0	0	0	0	0	0	0	0	0	0	180	3218	0	318	0	0	0	128	0	0	0	0	0	0	0	0	0	0	0	0	0	0	0	0	0	0	0	0	0	0	0	0	0	0	0	0	0	0	0	0	0	0	0	0	0	0	
59156	Rectus_L	0	0	1186	0	5940	0	0	0	1378	0	0	0	0	0	1732	0	0	0	0	0	1750	336	350	0	2772	1358	0	1366	1194	0	2446	200	0	0	0	0	0	0	0	0	340	0	0	0	0	0	0	0	0	0	0	0	0	0	0	0	0	0	0	0	0	0	0	0	0	0	0	0	0	0	3696	268	3152	0	0	0	0	0	0	0	0	0	114	0	0	0	0	0	0	0	0	0	0	0	0	0	0	0	0	0	0	0	0	0	0	0	0	0	0	0	0	0	0	0	0	0	
66608	Rectus_R	0	0	0	450	298	7244	0	0	0	0	0	0	0	0	0	1188	0	0	0	0	526	5038	0	516	450	7144	1366	0	0	800	284	2768	0	0	0	0	0	0	0	0	0	0	0	0	0	0	0	0	0	0	0	0	0	0	0	0	0	0	0	0	0	0	0	0	0	0	0	0	0	0	96	3816	0	1320	0	0	0	0	0	0	0	0	0	0	0	0	0	0	0	0	0	0	0	0	0	0	0	0	0	0	0	0	0	0	0	0	0	0	0	0	0	0	0	0	0	0	
778708	Insula_L	12616	1840	36392	7836	2828	0	43744	8016	668	0	17842	1534	26094	788	18760	2014	17792	246	29896	13686	3388	390	6668	466	120	0	1194	0	0	630	6772	3468	774	4646	0	0	13304	238	1752	0	3016	0	0	0	0	0	0	0	0	0	534	0	0	0	3098	0	3614	126	1090	0	1094	0	104	0	0	0	0	0	458	0	19286	8284	28982	1622	248	698	838	174	8426	0	8808	94	5428	0	2522	0	298	0	3666	0	302	0	0	0	0	0	0	0	142	0	0	0	0	0	0	0	0	0	0	0	0	0	0	0	0	0	
356480	Insula_R	0	3018	136	22096	0	866	342	7596	0	178	0	23936	236	16900	136	6922	0	11854	710	18330	0	2070	0	0	0	0	0	800	630	0	0	0	0	3818	0	0	0	7870	0	2318	0	624	0	0	0	0	0	0	0	0	0	0	0	0	0	2866	0	1826	0	164	0	248	0	400	0	0	0	86	0	0	534	2674	0	26040	0	1602	0	1060	0	1422	0	4140	0	1032	0	708	0	0	0	2052	0	0	0	0	0	0	0	0	0	0	0	0	0	0	0	0	0	0	0	0	0	0	0	0	0	0	
272540	Cingulum_Ant_L	0	0	16328	2164	4180	510	7732	196	1448	0	472	0	3672	0	2980	204	0	0	3728	2116	4234	2488	21140	4266	4068	3032	2446	284	6772	0	0	16244	4480	4206	0	0	0	0	0	0	210	0	0	0	0	0	0	0	0	0	0	0	0	0	0	0	0	0	0	0	0	0	0	0	0	0	0	0	0	0	7708	2318	6188	138	232	0	0	0	0	0	0	0	86	0	0	0	0	0	0	0	0	0	0	0	0	0	0	0	0	0	0	0	0	0	0	0	0	0	0	0	0	0	0	0	0	0	
350808	Cingulum_Ant_R	0	0	3972	22902	0	2642	3572	2422	0	0	370	0	1640	90	380	780	0	0	5582	9148	1828	5684	14140	26416	136	7696	200	2768	3468	0	16244	0	4862	23740	0	0	0	0	0	0	0	0	0	0	0	0	0	0	0	0	0	0	0	0	0	0	0	0	0	0	0	0	0	0	0	0	0	0	0	0	2318	9970	816	1372	0	124	0	122	0	0	0	0	0	0	0	0	0	0	0	0	0	0	0	0	0	0	0	0	0	0	0	0	0	0	0	0	0	0	0	0	0	0	0	0	0	0	
185756	Cingulum_Mid_L	1030	0	5164	1954	0	0	1298	118	0	0	374	0	642	0	110	234	248	0	8146	6732	0	0	5428	1214	0	0	0	0	774	0	4480	4862	0	16668	2958	602	230	0	0	0	0	0	390	450	516	0	0	0	948	0	3466	0	0	0	0	0	756	0	1774	0	632	0	122	0	528	0	5308	1816	6226	1084	280	132	458	0	436	0	2288	90	162	0	154	0	0	0	1330	0	0	0	266	0	0	0	0	0	0	0	0	0	0	0	0	0	0	0	0	0	0	0	0	0	0	0	0	0	0	0	
548740	Cingulum_Mid_R	506	1462	5076	24916	0	0	3750	5126	0	0	430	2492	2070	4368	956	1548	0	0	21302	51354	0	0	12270	16698	0	0	0	0	4646	3818	4206	23740	16668	0	638	4608	0	522	0	0	0	0	0	1740	120	2496	0	166	140	1556	122	1266	0	0	0	108	0	2456	166	500	0	0	0	0	0	0	2456	10914	4304	14508	2176	3346	1818	342	1588	0	5588	1858	0	0	0	0	0	0	0	638	0	0	0	828	0	0	0	0	0	0	0	0	0	0	0	0	0	0	0	0	0	0	0	0	0	0	0	0	0	0	
75260	Cingulum_Post_L	206	0	0	0	0	0	0	0	0	0	0	0	0	0	0	0	0	0	0	396	0	0	0	0	0	0	0	0	0	0	0	0	2958	638	0	4658	3190	1412	0	100	0	0	4944	0	1374	98	332	0	458	0	3026	0	0	0	0	0	132	0	398	0	412	0	0	0	486	0	7336	916	930	316	0	0	0	0	0	0	570	0	218	0	88	0	0	0	1690	0	0	0	254	0	0	0	0	0	0	0	0	0	0	0	0	0	0	0	0	0	0	0	0	0	94	0	0	0	0	0	
96772	Cingulum_Post_R	0	858	0	0	0	0	0	0	0	0	0	0	0	0	0	0	0	0	208	1824	0	0	0	0	0	0	0	0	0	0	0	0	602	4608	4658	0	984	5016	0	980	0	0	0	3328	512	1530	0	466	278	602	238	462	0	112	0	2036	0	1322	0	108	0	0	0	0	0	138	1262	10642	166	2540	0	0	0	0	0	0	560	510	0	0	0	0	0	0	0	286	0	0	0	1174	0	0	0	0	0	0	0	0	0	124	0	0	0	0	0	0	0	0	0	0	252	0	0	0	0	0	
264060	Hippocampus_L	11246	0	3820	318	0	0	3030	0	0	0	0	0	0	0	0	0	276	0	3994	446	224	0	0	0	0	0	0	0	13304	0	0	0	230	0	3190	984	0	1298	10668	938	6114	0	3124	0	574	0	2074	326	0	0	2888	0	0	0	11316	750	542	0	162	0	366	0	0	0	232	0	4406	746	3400	0	0	0	9638	0	962	0	3262	612	6630	0	2274	0	1690	0	4786	0	380	0	8206	0	1048	0	0	0	0	0	290	0	672	254	0	0	0	0	0	0	0	0	0	340	0	0	0	0	0	0	
249756	Hippocampus_R	0	5212	154	5130	0	0	180	440	0	0	0	1652	0	388	0	0	0	1624	88	2516	0	0	0	0	0	0	0	0	238	7870	0	0	0	522	1412	5016	1298	0	340	22270	0	5478	0	352	208	616	0	2274	154	100	146	0	0	98	0	20990	0	796	0	0	0	154	0	310	0	214	660	4986	144	880	172	134	0	12554	0	674	568	4200	0	696	0	1376	0	220	0	406	0	0	0	6632	0	110	0	0	0	0	0	950	0	972	0	0	0	0	0	0	0	0	0	0	304	0	0	0	0	0	
95724	ParaHippocampal_L	316	0	276	0	0	0	272	0	0	0	0	0	0	0	108	0	0	0	140	0	214	0	0	0	0	0	0	0	1752	0	0	0	0	0	0	0	10668	340	0	396	1704	0	578	0	0	0	5704	506	0	0	830	0	1406	0	11194	198	0	0	0	0	0	0	0	0	0	0	2410	162	0	0	0	0	1280	0	0	0	360	142	0	0	114	0	1590	0	422	0	776	0	1046	0	440	0	0	0	212	0	884	0	734	136	0	0	0	0	0	0	0	0	126	426	0	0	0	0	0	0	
168184	ParaHippocampal_R	0	478	0	1320	0	0	0	122	0	0	0	676	0	208	0	96	0	222	0	882	0	142	0	0	0	0	0	0	0	2318	0	0	0	0	100	980	938	22270	396	0	0	5178	0	0	0	0	0	4600	0	0	0	0	0	0	0	20340	0	0	0	0	0	0	0	0	0	0	264	2632	0	0	0	0	0	5470	0	504	290	1796	0	148	0	162	0	1886	0	0	0	1516	0	2778	0	270	0	0	290	0	130	2578	0	1704	0	0	0	0	0	0	0	0	0	156	252	0	0	0	0	0	
40440	Amygdala_L	0	0	0	0	120	0	0	0	0	0	0	0	0	0	198	0	0	0	100	0	578	0	0	0	0	0	340	0	3016	0	210	0	0	0	0	0	6114	0	1704	0	0	0	0	0	0	0	0	0	0	0	0	0	0	0	2900	0	0	0	0	0	0	0	0	0	0	0	0	0	0	0	600	0	1114	0	0	0	0	0	0	0	0	0	1250	0	354	0	142	0	1480	0	0	0	0	0	0	0	0	0	0	0	0	0	0	0	0	0	0	0	0	0	0	0	0	0	0	0	
39144	Amygdala_R	0	0	0	0	0	0	0	0	0	0	0	0	0	0	0	0	0	0	0	0	0	170	0	0	0	0	0	0	0	624	0	0	0	0	0	0	0	5478	0	5178	0	0	0	0	0	0	0	0	0	0	0	0	0	0	0	5206	0	0	0	0	0	0	0	0	0	0	0	0	0	0	0	0	0	334	0	0	0	0	0	0	0	0	0	1774	0	0	0	506	0	302	0	0	0	0	0	0	0	0	0	0	0	0	0	0	0	0	0	0	0	0	0	0	0	0	0	0	
208824	Calcarine_L	0	0	0	0	0	0	0	0	0	0	0	0	0	0	0	0	0	0	0	0	0	0	0	0	0	0	0	0	0	0	0	0	390	0	4944	0	3124	0	578	0	0	0	0	5362	12916	2946	11582	2322	8624	2060	21616	436	1394	0	816	214	0	0	578	0	1454	0	90	0	2034	0	13980	686	100	0	0	0	0	0	0	0	0	0	572	0	174	0	0	0	4308	0	0	0	212	0	170	0	0	0	0	0	362	0	282	0	0	0	0	0	0	0	0	0	0	0	86	0	0	0	0	0	
293028	Calcarine_R	0	1032	0	0	0	0	0	0	0	0	0	0	0	0	0	0	0	0	0	166	0	0	0	0	0	0	0	0	0	0	0	0	450	1740	0	3328	0	352	0	0	0	0	5362	0	1644	25048	2482	15684	0	20690	0	15716	0	2946	0	3248	0	1932	0	586	0	446	0	456	0	894	1250	27194	0	1906	0	0	0	0	0	0	0	96	0	0	0	612	0	0	0	6946	0	0	0	4208	0	0	0	0	0	0	0	0	0	0	0	0	0	0	0	0	0	0	0	0	100	0	0	0	0	0	
145336	Cuneus_L	0	0	0	0	0	0	0	0	0	0	0	0	0	0	0	0	0	0	0	0	0	0	0	0	0	0	0	0	0	0	0	0	516	120	1374	512	574	208	0	0	0	0	12916	1644	0	4128	744	136	18324	778	11656	152	118	0	98	0	100	0	1274	308	622	0	0	0	802	0	9976	2670	246	0	0	0	0	0	0	0	0	0	376	0	0	0	0	0	2078	0	0	0	102	116	0	0	0	0	0	0	0	0	0	0	0	0	0	0	0	0	0	0	0	0	0	0	0	0	0	0	
311516	Cuneus_R	0	1098	0	0	0	0	0	0	0	0	0	0	0	0	0	0	0	0	0	192	0	0	0	0	0	0	0	0	0	0	0	0	0	2496	98	1530	0	616	0	0	0	0	2946	25048	4128	0	1358	2974	330	34674	0	14930	0	562	0	298	0	2206	0	7436	0	638	0	578	0	1392	3126	37518	98	2332	0	0	0	0	0	0	0	138	0	0	0	476	0	0	0	3446	0	0	0	3096	0	0	0	0	0	0	0	0	0	0	0	0	0	0	0	0	0	0	0	0	0	0	0	0	0	0	
239188	Lingual_L	0	0	0	0	0	0	0	0	0	0	0	0	0	0	0	0	0	0	0	0	0	0	0	0	0	0	0	0	0	0	0	0	0	0	332	0	2074	0	5704	0	0	0	11582	2482	744	1358	0	3554	1114	1044	16664	0	7014	0	15856	1352	0	0	0	0	0	0	0	0	0	0	3412	198	0	0	0	0	0	0	0	0	0	0	0	0	0	0	0	0	130	0	0	0	0	0	8370	2264	208	0	0	0	8552	1158	14224	3448	88	0	106	0	0	0	0	0	0	0	3434	3128	0	0	0	0	
243424	Lingual_R	0	0	0	96	0	0	0	0	0	0	0	0	0	0	0	0	0	0	0	0	0	0	0	0	0	0	0	0	0	0	0	0	0	166	0	466	326	2274	506	4600	0	0	2322	15684	136	2974	3554	0	0	5828	0	8206	0	3338	1378	14264	0	0	0	0	0	0	0	0	0	0	0	4672	0	114	0	0	0	98	0	0	0	408	0	0	0	92	0	0	0	1390	0	0	0	992	4470	3512	0	0	288	236	5718	6360	8070	7370	0	0	0	0	0	0	0	0	0	252	7722	3830	0	0	0	0	
165968	Occipital_Sup_L	0	0	0	0	0	0	0	0	0	0	0	0	0	0	0	0	0	0	0	0	0	0	0	0	0	0	0	0	0	0	0	0	948	140	458	278	0	154	0	0	0	0	8624	0	18324	330	1114	0	0	0	25548	0	210	0	98	0	260	0	8678	160	1686	0	0	0	1008	0	11520	1110	168	0	0	0	0	0	0	0	0	0	0	0	0	0	0	0	2066	0	0	0	102	0	0	0	0	0	0	0	0	0	0	0	0	0	0	0	0	0	0	0	0	0	0	0	0	0	0	0	
301556	Occipital_Sup_R	0	452	0	0	0	0	0	0	0	0	0	0	0	0	0	0	0	0	0	0	0	0	0	0	0	0	0	0	0	0	0	0	0	1556	0	602	0	100	0	0	0	0	2060	20690	778	34674	1044	5828	0	0	0	30328	0	1306	0	504	0	822	0	7824	0	1374	0	156	0	5224	1124	25220	0	678	0	0	0	0	0	0	0	0	0	0	0	116	0	0	0	5322	0	0	0	2996	0	0	0	0	0	0	0	0	0	0	0	0	0	0	0	0	0	0	0	0	0	0	0	0	0	0	
462052	Occipital_Mid_L	650	0	182	0	0	0	134	0	0	0	0	0	0	0	0	0	4150	0	0	0	0	0	0	0	0	0	0	0	534	0	0	0	3466	122	3026	238	2888	146	830	0	0	0	21616	0	11656	0	16664	0	25548	0	0	0	13240	0	6500	0	1922	0	15610	0	14084	0	1880	0	21324	0	13820	1106	796	0	0	0	0	0	0	0	0	0	3106	0	4808	0	0	0	34096	0	0	0	6596	0	130	0	0	0	0	0	0	0	158	0	0	0	0	0	0	0	0	0	0	0	0	0	0	0	0	0	
248040	Occipital_Mid_R	0	110	0	0	0	0	0	0	0	0	0	0	0	0	0	0	0	0	0	0	0	0	0	0	0	0	0	0	0	0	0	0	0	1266	0	462	0	0	0	0	0	0	436	15716	152	14930	0	8206	0	30328	0	0	0	3424	0	1992	0	344	0	4856	0	3296	0	294	0	10294	238	14936	0	250	0	0	0	0	0	0	0	0	0	0	0	184	0	0	0	10056	0	0	0	2250	0	0	0	0	0	0	0	0	0	0	0	0	0	0	0	0	0	0	0	0	0	0	0	0	0	0	
74464	Occipital_Inf_L	0	0	0	0	0	0	0	0	0	0	0	0	0	0	0	0	0	0	0	0	0	0	0	0	0	0	0	0	0	0	0	0	0	0	0	0	0	0	1406	0	0	0	1394	0	118	0	7014	0	210	0	13240	0	0	0	7730	0	0	0	0	0	0	0	0	0	0	0	98	0	0	0	0	0	0	0	0	0	0	0	0	0	216	0	0	0	1162	0	0	0	1848	0	710	0	0	0	0	0	668	0	1178	0	0	0	0	0	0	0	0	0	0	0	240	0	0	0	0	0	
49800	Occipital_Inf_R	0	0	0	0	0	0	0	0	0	0	0	0	0	0	0	0	0	0	0	0	0	0	0	0	0	0	0	0	0	0	0	0	0	0	0	112	0	98	0	0	0	0	0	2946	0	562	0	3338	0	1306	0	3424	0	0	0	4508	0	0	0	0	0	0	0	138	0	108	0	954	0	0	0	0	0	0	0	0	0	0	0	144	0	304	0	0	0	1310	0	0	0	4600	86	0	0	0	0	0	114	120	154	448	0	0	0	0	0	0	0	0	0	0	126	0	0	0	0	0	
355124	Fusiform_L	0	0	0	0	0	0	0	0	0	0	0	0	0	0	0	0	320	0	146	0	98	0	0	0	0	0	0	0	3098	0	0	0	0	0	0	0	11316	0	11194	0	2900	0	816	0	98	0	15856	1378	98	0	6500	0	7730	0	0	430	0	0	118	0	112	0	0	0	320	0	912	0	0	0	0	0	702	0	0	0	122	0	380	0	3224	0	5342	0	4974	0	3938	0	18602	0	23398	1222	354	0	0	0	15282	1592	27540	1466	136	0	414	0	244	0	0	0	0	108	4090	872	120	0	0	0	
348796	Fusiform_R	0	474	0	1088	0	0	0	0	0	0	0	274	0	0	0	0	0	426	0	846	0	0	0	0	0	0	0	0	0	2866	0	0	0	108	0	2036	750	20990	198	20340	0	5206	214	3248	0	298	1352	14264	0	504	0	1992	0	4508	430	0	0	98	0	0	0	0	0	0	0	0	226	4436	0	160	0	0	0	4204	0	342	242	1450	0	972	0	2528	0	5352	0	3246	0	2138	0	18126	1842	11410	0	0	0	180	2408	7186	3578	15784	0	0	0	0	0	0	0	0	0	0	4198	1880	0	0	0	0	
223556	Postcentral_L	27784	0	4318	0	0	0	4052	0	0	0	6418	0	258	0	0	0	10226	0	1144	0	0	0	0	0	0	0	0	0	3614	0	0	0	756	0	132	0	542	0	0	0	0	0	0	0	100	0	0	0	260	0	1922	0	0	0	0	0	0	0	7206	0	20564	0	11012	0	1358	0	1174	0	966	0	0	0	564	0	0	0	0	0	2596	0	2830	0	428	0	1202	0	0	0	352	0	0	0	0	0	0	0	0	0	0	0	0	0	0	0	0	0	0	0	0	0	0	0	0	0	0	0	
168604	Postcentral_R	0	15356	104	0	0	0	124	0	0	0	0	1326	0	0	0	0	0	6210	126	730	0	0	0	0	0	0	0	0	126	1826	0	0	0	2456	0	1322	0	796	0	0	0	0	0	1932	0	2206	0	0	0	822	0	344	0	0	0	98	0	0	0	7722	0	8134	0	11646	0	754	626	7178	398	6896	0	368	0	458	0	0	0	306	0	1122	0	1910	0	0	0	264	0	0	0	616	0	0	0	0	0	0	0	0	0	0	0	0	0	0	0	0	0	0	0	0	0	0	0	0	0	0	
152752	Parietal_Sup_L	394	0	0	0	0	0	0	0	0	0	0	0	0	0	0	0	2428	0	0	0	0	0	0	0	0	0	0	0	1090	0	0	0	1774	166	398	0	162	0	0	0	0	0	578	0	1274	0	0	0	8678	0	15610	0	0	0	118	0	7206	0	0	0	14048	0	926	0	2902	0	12820	872	634	0	0	0	0	0	0	0	0	0	878	0	1650	0	0	0	1316	0	0	0	454	0	0	0	0	0	0	0	0	0	0	0	0	0	0	0	0	0	0	0	0	0	0	0	0	0	0	0	
133180	Parietal_Sup_R	0	2292	0	0	0	0	0	0	0	0	0	290	0	0	0	0	0	820	0	180	0	0	0	0	0	0	0	0	0	164	0	0	0	500	0	108	0	0	0	0	0	0	0	586	308	7436	0	0	160	7824	0	4856	0	0	0	0	0	7722	0	0	0	11078	0	6596	0	3720	574	9930	118	530	0	0	0	0	0	0	0	126	0	214	0	458	0	0	0	0	0	0	0	0	0	0	0	0	0	0	0	0	0	0	0	0	0	0	0	0	0	0	0	0	0	0	0	0	0	0	
251792	Parietal_Inf_L	4270	0	756	0	0	0	734	0	0	0	324	0	0	0	0	0	3112	0	0	0	0	0	0	0	0	0	0	0	1094	0	0	0	632	0	412	0	366	0	0	0	0	0	1454	0	622	0	0	0	1686	0	14084	0	0	0	112	0	20564	0	14048	0	0	0	16336	0	23608	0	1856	0	138	0	0	0	0	0	0	0	0	0	1280	0	3020	0	0	0	12770	0	0	0	2618	0	0	0	0	0	0	0	0	0	0	0	0	0	0	0	0	0	0	0	0	0	0	0	0	0	0	0	
119868	Parietal_Inf_R	0	2952	0	0	0	0	0	0	0	0	0	362	0	0	0	0	0	1168	0	0	0	0	0	0	0	0	0	0	0	248	0	0	0	0	0	0	0	154	0	0	0	0	0	446	0	638	0	0	0	1374	0	3296	0	0	0	0	0	8134	0	11078	0	0	0	13706	0	11026	0	1180	0	0	0	218	0	0	0	0	0	142	0	314	0	942	0	0	0	2336	0	0	0	220	0	0	0	0	0	0	0	0	0	0	0	0	0	0	0	0	0	0	0	0	0	0	0	0	0	0	
114976	SupraMarginal_L	2600	0	402	0	0	0	452	0	0	0	0	0	0	0	0	0	2142	0	0	0	0	0	0	0	0	0	0	0	104	0	0	0	122	0	0	0	0	0	0	0	0	0	90	0	0	0	0	0	0	0	1880	0	0	0	0	0	11012	0	926	0	16336	0	0	0	8710	0	252	0	0	0	0	0	0	0	0	0	0	0	166	0	6468	0	0	0	5522	0	0	0	304	0	0	0	0	0	0	0	0	0	0	0	0	0	0	0	0	0	0	0	0	0	0	0	0	0	0	0	
131172	SupraMarginal_R	0	2380	0	0	0	0	0	0	0	0	0	116	0	0	0	0	0	3776	0	96	0	0	0	0	0	0	0	0	0	400	0	0	0	0	0	0	0	310	0	0	0	0	0	456	0	578	0	0	0	156	0	294	0	138	0	0	0	11646	0	6596	0	13706	0	0	0	6714	0	716	0	0	0	130	0	86	0	0	0	180	0	478	0	7766	0	0	0	6408	0	0	0	2460	0	0	0	0	0	0	0	0	0	0	0	0	0	0	0	0	0	0	0	0	0	0	0	0	0	0	
189856	Angular_L	514	0	106	0	0	0	100	0	0	0	0	0	0	0	0	0	1844	0	0	0	0	0	0	0	0	0	0	0	0	0	0	0	528	0	486	0	232	0	0	0	0	0	2034	0	802	0	0	0	1008	0	21324	0	0	0	320	0	1358	0	2902	0	23608	0	8710	0	0	0	2390	130	0	0	0	0	0	0	0	0	0	0	270	0	3846	0	0	0	18360	0	0	0	4056	0	0	0	0	0	0	0	0	0	0	0	0	0	0	0	0	0	0	0	0	0	0	0	0	0	0	0	
107904	Angular_R	0	238	0	0	0	0	0	0	0	0	0	0	0	0	0	0	0	222	0	0	0	0	0	0	0	0	0	0	0	0	0	0	0	0	0	138	0	214	0	0	0	0	0	894	0	1392	0	0	0	5224	0	10294	0	108	0	0	0	754	0	3720	0	11026	0	6714	0	0	0	2162	0	0	0	116	0	0	0	0	0	0	0	114	0	4362	0	0	0	5374	0	0	0	886	0	0	0	0	0	0	0	0	0	0	0	0	0	0	0	0	0	0	0	0	0	0	0	0	0	0	
254748	Precuneus_L	396	0	0	0	0	0	0	0	0	0	0	0	0	0	0	0	360	0	246	726	0	0	0	0	0	0	0	0	0	0	0	0	5308	2456	7336	1262	4406	660	2410	264	0	0	13980	1250	9976	3126	3412	0	11520	1124	13820	238	98	0	912	226	1174	626	12820	574	1856	0	252	0	2390	0	0	10920	3028	1372	0	0	88	0	116	0	396	0	578	0	554	0	0	0	4090	0	0	0	312	490	0	0	0	0	0	0	226	0	0	0	0	0	0	0	0	0	0	0	0	0	0	0	0	0	0	0	
429896	Precuneus_R	0	2228	0	0	0	0	0	0	0	0	0	0	0	0	0	0	0	0	338	2232	0	0	0	0	0	0	0	0	0	86	0	0	1816	10914	916	10642	746	4986	162	2632	0	0	686	27194	2670	37518	198	4672	1110	25220	1106	14936	0	954	0	4436	0	7178	872	9930	0	1180	0	716	130	2162	10920	0	738	7526	0	0	0	0	0	0	354	746	0	86	196	786	0	0	0	5276	0	0	0	6288	0	0	0	0	0	0	0	568	0	498	0	0	0	0	0	0	0	0	0	0	400	0	0	0	0	0	
179872	Paracentral_Lobule_L	16922	0	2008	508	0	0	964	0	0	0	0	0	0	0	0	0	176	0	15188	6410	0	0	0	0	0	0	0	0	458	0	0	0	6226	4304	930	166	3400	144	0	0	0	0	100	0	246	98	0	0	168	0	796	0	0	0	0	0	966	398	634	118	138	0	0	0	0	0	3028	738	0	3996	0	118	5198	0	1398	0	12436	778	418	0	94	0	0	0	268	0	0	0	0	0	0	0	0	0	0	0	0	0	0	0	0	0	0	0	0	0	0	0	0	0	0	0	0	0	0	0	
146600	Paracentral_Lobule_R	258	4736	0	0	0	0	0	0	0	0	0	0	0	0	0	0	0	0	1590	15938	0	0	0	0	0	0	0	0	0	0	0	0	1084	14508	316	2540	0	880	0	0	0	0	0	1906	0	2332	0	114	0	678	0	250	0	0	0	160	0	6896	0	530	0	0	0	0	0	0	1372	7526	3996	0	144	844	0	0	0	0	1286	2166	0	0	0	100	0	0	0	644	0	0	0	506	0	0	0	0	0	0	0	0	0	0	0	0	0	0	0	0	0	0	0	0	0	0	0	0	0	0	
316604	Caudate_L	0	1956	7928	6602	3116	0	11344	6326	770	0	230	1478	4082	666	7060	746	152	0	6278	9502	8040	4846	1118	102	616	180	3696	96	19286	534	7708	2318	280	2176	0	0	0	172	0	0	600	0	0	0	0	0	0	0	0	0	0	0	0	0	0	0	0	0	0	0	0	0	0	0	0	0	0	0	0	144	0	11980	18444	1358	2026	424	2740	868	0	0	0	0	314	0	0	0	0	0	0	0	0	0	0	0	0	0	0	0	0	0	0	0	0	0	0	0	0	0	0	0	0	0	0	0	0	0	
426656	Caudate_R	0	3514	2640	27086	320	2482	4310	12944	0	312	910	1322	2414	1628	1902	1926	0	584	3816	36036	3596	8366	480	3942	0	3218	268	3816	8284	2674	2318	9970	132	3346	0	0	0	134	0	0	0	0	0	0	0	0	0	0	0	0	0	0	0	0	0	0	0	368	0	0	0	218	0	130	0	116	0	0	118	844	11980	0	5672	15112	638	3506	1968	17444	0	0	0	0	292	232	0	0	0	0	0	0	0	0	0	0	0	0	0	0	0	0	0	0	0	0	0	0	0	0	0	0	0	0	0	0	0	0	
393440	Putamen_L	7290	0	10832	1048	3100	0	9978	966	946	0	1608	0	3266	88	11010	0	1008	0	26946	6794	5382	3304	2084	0	452	0	3152	0	28982	0	6188	816	458	1818	0	0	9638	0	1280	0	1114	0	0	0	0	0	0	0	0	0	0	0	0	0	702	0	564	0	0	0	0	0	0	0	0	0	88	0	5198	0	18444	5672	0	354	9924	96	2450	336	220	0	1736	0	1204	0	0	0	0	0	184	0	0	0	0	0	0	0	0	0	0	0	0	0	0	0	0	0	0	0	0	0	0	0	0	0	0	0	
316192	Putamen_R	0	3600	964	21380	0	1046	1132	8368	0	590	0	7038	120	2406	220	3952	0	4238	500	17738	364	872	0	792	0	318	0	1320	1622	26040	138	1372	0	342	0	0	0	12554	0	5470	0	334	0	0	0	0	0	98	0	0	0	0	0	0	0	4204	0	458	0	0	0	0	0	86	0	0	0	0	0	0	1358	15112	354	0	108	6212	0	1396	0	0	0	1542	0	452	0	0	0	0	0	1604	0	0	0	0	0	0	0	0	0	282	0	0	0	0	0	0	0	0	0	0	0	0	0	0	0	0	
61540	Pallidum_L	830	0	692	144	0	0	478	0	0	0	0	0	0	0	266	0	0	0	3916	2958	514	658	0	0	0	0	0	0	248	0	232	0	436	1588	0	0	962	0	0	0	0	0	0	0	0	0	0	0	0	0	0	0	0	0	0	0	0	0	0	0	0	0	0	0	0	0	116	0	1398	0	2026	638	9924	108	0	0	2638	0	0	0	0	0	0	0	0	0	0	0	0	0	0	0	0	0	0	0	0	0	0	0	0	0	0	0	0	0	0	0	0	0	0	0	0	0	0	0	
48412	Pallidum_R	0	198	484	2968	0	0	534	466	0	0	0	1490	0	100	0	0	0	744	0	2830	0	0	0	0	0	0	0	0	698	1602	0	124	0	0	0	0	0	674	0	504	0	0	0	0	0	0	0	0	0	0	0	0	0	0	0	342	0	0	0	0	0	0	0	0	0	0	0	0	0	0	424	3506	96	6212	0	0	0	0	0	0	0	0	0	210	0	0	0	0	0	0	0	0	0	0	0	0	0	0	0	0	0	0	0	0	0	0	0	0	0	0	0	0	0	0	0	0	
137848	Thalamus_L	8318	0	368	1072	0	0	148	0	0	0	0	0	0	0	0	0	0	0	8820	8622	90	0	0	0	0	0	0	0	838	0	0	0	2288	5588	570	560	3262	568	360	290	0	0	0	0	0	0	0	0	0	0	0	0	0	0	122	242	0	0	0	0	0	0	0	0	0	0	396	354	12436	1286	2740	1968	2450	0	2638	0	0	2094	336	0	100	0	0	0	0	0	0	0	0	0	0	0	0	0	0	0	0	0	0	0	0	0	0	0	0	0	0	0	0	0	0	0	0	0	0	0	
188728	Thalamus_R	504	3852	0	21502	0	0	96	0	0	0	0	0	0	0	0	0	0	172	312	27486	0	560	0	0	0	128	0	0	174	1060	0	122	90	1858	0	510	612	4200	142	1796	0	0	0	96	0	138	0	408	0	0	0	0	0	0	0	1450	0	306	0	126	0	142	0	180	0	0	0	746	778	2166	868	17444	336	1396	0	0	2094	0	0	0	0	158	0	0	0	0	0	0	0	0	0	0	0	0	0	0	0	86	0	270	0	0	0	0	0	0	0	0	0	0	0	0	0	0	0	0	
116000	Heschl_L	7654	0	1036	0	0	0	1214	0	0	0	1346	0	0	0	0	0	6948	0	342	0	0	0	0	0	0	0	0	0	8426	0	0	0	162	0	218	0	6630	0	0	0	0	0	572	0	376	0	0	0	0	0	3106	0	0	0	380	0	2596	0	878	0	1280	0	166	0	270	0	578	0	418	0	0	0	220	0	0	0	336	0	0	0	5110	0	112	0	5522	0	0	0	2104	0	0	0	0	0	0	0	0	0	0	0	0	0	0	0	0	0	0	0	0	0	0	0	0	0	0	0	
30324	Heschl_R	0	308	0	106	0	0	0	0	0	0	0	140	0	0	0	0	0	3134	0	0	0	0	0	0	0	0	0	0	0	1422	0	0	0	0	0	0	0	696	0	148	0	0	0	0	0	0	0	0	0	0	0	0	0	144	0	972	0	1122	0	214	0	314	0	478	0	114	0	86	0	0	0	0	0	0	0	0	0	0	0	0	0	3800	0	0	0	350	0	0	0	1614	0	0	0	0	0	0	0	0	0	0	0	0	0	0	0	0	0	0	0	0	0	0	0	0	0	0	
260372	Temporal_Sup_L	1764	0	2498	0	0	0	570	0	0	0	3696	0	702	0	0	0	9444	0	3380	0	0	0	106	0	0	0	0	0	8808	0	0	0	154	0	88	0	2274	0	114	0	0	0	174	0	0	0	0	0	0	0	4808	0	216	0	3224	0	2830	0	1650	0	3020	0	6468	0	3846	0	554	196	94	0	0	0	1736	0	0	0	100	0	5110	0	0	0	5536	0	34618	0	94	0	19070	0	3244	0	0	0	0	0	0	0	0	0	0	0	0	0	0	0	0	0	0	0	0	0	0	0	0	0	
120268	Temporal_Sup_R	0	664	0	248	0	0	0	0	0	0	0	282	0	0	0	0	0	5668	0	116	0	0	0	0	0	0	0	0	94	4140	0	0	0	0	0	0	0	1376	0	162	0	0	0	612	0	476	0	92	0	116	0	184	0	304	0	2528	0	1910	0	458	0	942	0	7766	0	4362	0	786	0	100	0	0	0	1542	0	0	0	158	0	3800	0	0	0	2016	0	12916	0	104	0	6212	0	0	0	0	0	0	0	0	0	0	0	0	0	0	0	0	0	0	0	0	0	0	0	0	0	0	
144912	Temporal_Pole_Sup_L	708	0	3400	0	470	0	1926	286	0	0	6762	0	2524	0	1062	0	2752	0	2982	0	400	0	358	0	0	0	114	0	5428	0	86	0	0	0	0	0	1690	0	1590	0	1250	0	0	0	0	0	0	0	0	0	0	0	0	0	5342	0	428	0	0	0	0	0	0	0	0	0	0	0	0	0	314	292	1204	0	0	0	0	0	112	0	5536	0	0	0	10296	0	6096	0	8820	0	228	0	0	0	0	0	0	0	0	0	0	0	0	0	0	0	0	0	0	0	0	0	0	0	0	0	
48000	Temporal_Pole_Sup_R	0	0	0	0	0	0	0	0	0	0	0	922	0	0	0	0	0	956	0	0	0	0	0	0	0	0	0	0	0	1032	0	0	0	0	0	0	0	220	0	1886	0	1774	0	0	0	0	0	0	0	0	0	0	0	0	0	5352	0	0	0	0	0	0	0	0	0	0	0	0	0	0	0	232	0	452	0	210	0	0	0	0	0	2016	0	0	0	2474	0	4126	0	2348	0	0	0	0	0	0	0	0	0	0	0	0	0	0	0	0	0	0	0	0	0	0	0	0	0	0	
417704	Temporal_Mid_L	534	0	300	0	0	0	148	0	0	0	126	0	104	0	0	0	4648	0	170	0	0	0	0	0	0	0	0	0	2522	0	0	0	1330	0	1690	0	4786	0	422	0	354	0	4308	0	2078	0	130	0	2066	0	34096	0	1162	0	4974	0	1202	0	1316	0	12770	0	5522	0	18360	0	4090	0	268	0	0	0	0	0	0	0	0	0	5522	0	34618	0	10296	0	0	0	6232	0	40472	0	2236	0	0	0	0	0	0	0	0	0	0	0	0	0	0	0	0	0	0	0	0	0	0	0	0	0	
177560	Temporal_Mid_R	0	182	0	0	0	0	0	0	0	0	0	0	0	0	0	0	0	300	0	132	0	0	0	0	0	0	0	0	0	708	0	0	0	638	0	286	0	406	0	0	0	0	0	6946	0	3446	0	1390	0	5322	0	10056	0	1310	0	3246	0	264	0	0	0	2336	0	6408	0	5374	0	5276	0	644	0	0	0	0	0	0	0	0	0	350	0	12916	0	2474	0	0	0	1308	0	17062	0	0	0	0	0	0	0	0	0	0	0	0	0	0	0	0	0	0	0	0	0	0	0	0	0	0	
49736	Temporal_Pole_Mid_L	0	0	0	0	0	0	0	0	0	0	0	0	0	0	0	0	0	0	0	0	0	0	0	0	0	0	0	0	298	0	0	0	0	0	0	0	380	0	776	0	142	0	0	0	0	0	0	0	0	0	0	0	0	0	3938	0	0	0	0	0	0	0	0	0	0	0	0	0	0	0	0	0	0	0	0	0	0	0	0	0	94	0	6096	0	6232	0	0	0	6912	0	0	0	0	0	0	0	0	0	0	0	0	0	0	0	0	0	0	0	0	0	0	0	0	0	0	0	
23848	Temporal_Pole_Mid_R	0	0	0	0	0	0	0	0	0	0	0	0	0	0	0	0	0	0	0	0	0	0	0	0	0	0	0	0	0	0	0	0	0	0	0	0	0	0	0	1516	0	506	0	0	0	0	0	0	0	0	0	0	0	0	0	2138	0	0	0	0	0	0	0	0	0	0	0	0	0	0	0	0	0	0	0	0	0	0	0	0	0	104	0	4126	0	1308	0	0	0	2226	0	0	0	0	0	0	0	0	0	0	0	0	0	0	0	0	0	0	0	0	0	0	0	0	0	0	
286212	Temporal_Inf_L	178	0	140	0	0	0	0	0	0	0	0	0	0	0	0	0	1930	0	432	0	0	0	0	0	0	0	0	0	3666	0	0	0	266	0	254	0	8206	0	1046	0	1480	0	212	0	102	0	0	0	102	0	6596	0	1848	0	18602	0	352	0	454	0	2618	0	304	0	4056	0	312	0	0	0	0	0	184	0	0	0	0	0	2104	0	19070	0	8820	0	40472	0	6912	0	0	0	9420	0	632	0	0	0	290	0	2046	0	0	0	0	0	0	0	0	0	0	0	0	0	0	0	0	0	
193108	Temporal_Inf_R	0	694	0	342	0	0	0	0	0	0	0	0	0	0	0	0	0	652	0	312	0	0	0	0	0	0	0	0	0	2052	0	0	0	828	0	1174	0	6632	0	2778	0	302	0	4208	116	3096	0	992	0	2996	0	2250	0	4600	0	18126	0	616	0	0	0	220	0	2460	0	886	490	6288	0	506	0	0	0	1604	0	0	0	0	0	1614	0	6212	0	2348	0	17062	0	2226	0	0	0	1548	0	0	0	0	0	0	0	324	0	0	0	0	0	0	0	0	0	0	0	0	0	0	0	0	
728728	Cerebelum_Crus1_L	0	0	0	0	0	0	0	0	0	0	0	0	0	0	0	0	0	0	0	0	0	0	0	0	0	0	0	0	302	0	0	0	0	0	0	0	1048	0	440	0	0	0	170	0	0	0	8370	4470	0	0	130	0	710	86	23398	1842	0	0	0	0	0	0	0	0	0	0	0	0	0	0	0	0	0	0	0	0	0	0	0	0	3244	0	228	0	2236	0	0	0	9420	0	0	10726	45846	6886	1888	544	38718	5662	84208	14182	15300	2014	18674	4184	2370	2000	386	0	936	2698	16524	15734	10206	5386	2410	788	
565052	Cerebelum_Crus1_R	0	0	0	0	0	0	0	0	0	0	0	0	0	0	0	0	0	0	0	0	0	0	0	0	0	0	0	0	0	0	0	0	0	0	0	0	0	110	0	270	0	0	0	0	0	0	2264	3512	0	0	0	0	0	0	1222	11410	0	0	0	0	0	0	0	0	0	0	0	0	0	0	0	0	0	0	0	0	0	0	0	0	0	0	0	0	0	0	0	0	0	1548	10726	0	4082	43138	328	4130	7980	24356	14820	71658	972	4854	1964	12276	1866	3278	120	1044	172	2838	14750	19062	11072	2552	2282	1870	
438356	Cerebelum_Crus2_L	0	0	0	0	0	0	0	0	0	0	0	0	0	0	0	0	0	0	0	0	0	0	0	0	0	0	0	0	0	0	0	0	0	0	0	0	0	0	0	0	0	0	0	0	0	0	208	0	0	0	0	0	0	0	354	0	0	0	0	0	0	0	0	0	0	0	0	0	0	0	0	0	0	0	0	0	0	0	0	0	0	0	0	0	0	0	0	0	632	0	45846	4082	0	11092	1150	474	3536	340	19904	4210	39388	3496	37782	5932	7088	1648	378	0	142	354	1108	8124	11314	7794	2176	626	
401552	Cerebelum_Crus2_R	0	0	0	0	0	0	0	0	0	0	0	0	0	0	0	0	0	0	0	0	0	0	0	0	0	0	0	0	0	0	0	0	0	0	0	0	0	0	0	0	0	0	0	0	0	0	0	0	0	0	0	0	0	0	0	0	0	0	0	0	0	0	0	0	0	0	0	0	0	0	0	0	0	0	0	0	0	0	0	0	0	0	0	0	0	0	0	0	0	0	6886	43138	11092	0	304	1788	1470	2860	4234	18432	5600	22550	6304	29850	1842	5858	116	1330	234	1258	756	7596	16664	6836	2622	1156	
46500	Cerebelum_3_L	0	0	0	0	0	0	0	0	0	0	0	0	0	0	0	0	0	0	0	0	0	0	0	0	0	0	0	0	0	0	0	0	0	0	0	0	0	0	212	290	0	0	0	0	0	0	0	288	0	0	0	0	0	0	0	0	0	0	0	0	0	0	0	0	0	0	0	0	0	0	0	0	0	0	0	0	0	0	0	0	0	0	0	0	0	0	0	0	0	0	1888	328	1150	304	0	0	6402	0	2412	330	146	0	2336	106	1008	152	0	0	1142	2488	506	398	620	346	240	158	
72212	Cerebelum_3_R	0	0	0	0	0	0	0	0	0	0	0	0	0	0	0	0	0	0	0	0	0	0	0	0	0	0	0	0	0	0	0	0	0	0	0	0	0	0	0	0	0	0	0	0	0	0	0	236	0	0	0	0	0	0	0	180	0	0	0	0	0	0	0	0	0	0	0	0	0	0	0	0	0	0	0	0	0	0	0	0	0	0	0	0	0	0	0	0	0	0	544	4130	474	1788	0	0	230	6606	214	5518	422	218	544	3232	0	1646	0	0	782	4516	736	126	680	1836	1448	0	
427168	Cerebelum_4_5_L	0	0	0	0	0	0	0	0	0	0	0	0	0	0	0	0	0	0	0	0	0	0	0	0	0	0	0	0	0	0	0	0	0	0	0	0	290	0	884	130	0	0	362	0	0	0	8552	5718	0	0	0	0	668	114	15282	2408	0	0	0	0	0	0	0	0	0	0	226	0	0	0	0	0	0	0	0	0	0	0	0	0	0	0	0	0	0	0	0	0	290	0	38718	7980	3536	1470	6402	230	0	8970	52180	10390	1194	0	5854	274	4550	296	716	0	1196	3674	22236	5126	1588	766	450	864	
282304	Cerebelum_4_5_R	0	0	0	0	0	0	0	0	0	0	0	0	0	0	0	0	0	0	0	0	0	0	0	0	0	0	0	0	0	0	0	0	0	0	0	0	0	950	0	2578	0	0	0	0	0	0	1158	6360	0	0	0	0	0	120	1592	7186	0	0	0	0	0	0	0	0	0	0	0	568	0	0	0	0	0	0	0	0	0	86	0	0	0	0	0	0	0	0	0	0	0	0	5662	24356	340	2860	0	6606	8970	0	7092	34384	228	138	376	2844	94	1018	0	166	0	2870	17782	2130	316	1290	692	340	
682600	Cerebelum_6_L	0	0	0	0	0	0	0	0	0	0	0	0	0	0	0	0	0	0	0	0	0	0	0	0	0	0	0	0	142	0	0	0	0	0	0	0	672	0	734	0	0	0	282	0	0	0	14224	8070	0	0	158	0	1178	154	27540	3578	0	0	0	0	0	0	0	0	0	0	0	0	0	0	0	0	0	0	0	0	0	0	0	0	0	0	0	0	0	0	0	0	2046	0	84208	14820	19904	4234	2412	214	52180	7092	0	20984	3690	392	8132	996	2548	1578	444	0	916	2686	21534	21610	6698	2392	1726	1132	
576260	Cerebelum_6_R	0	0	0	0	0	0	0	0	0	0	0	0	0	0	0	0	0	0	0	0	0	0	0	0	0	0	0	0	0	0	0	0	0	0	0	124	254	972	136	1704	0	0	0	0	0	0	3448	7370	0	0	0	0	0	448	1466	15784	0	0	0	0	0	0	0	0	0	0	0	498	0	0	0	0	0	282	0	0	0	270	0	0	0	0	0	0	0	0	0	0	0	324	14182	71658	4210	18432	330	5518	10390	34384	20984	0	418	128	1502	3266	1830	2892	120	842	190	3174	19998	25856	7854	1924	2258	2710	
275544	Cerebelum_7b_L	0	0	0	0	0	0	0	0	0	0	0	0	0	0	0	0	0	0	0	0	0	0	0	0	0	0	0	0	0	0	0	0	0	0	0	0	0	0	0	0	0	0	0	0	0	0	88	0	0	0	0	0	0	0	136	0	0	0	0	0	0	0	0	0	0	0	0	0	0	0	0	0	0	0	0	0	0	0	0	0	0	0	0	0	0	0	0	0	0	0	15300	972	39388	5600	146	422	1194	228	3690	418	0	1978	38192	4644	8826	410	708	0	90	240	360	1678	6226	5898	796	144	
154572	Cerebelum_7b_R	0	0	0	0	0	0	0	0	0	0	0	0	0	0	0	0	0	0	0	0	0	0	0	0	0	0	0	0	0	0	0	0	0	0	0	0	0	0	0	0	0	0	0	0	0	0	0	0	0	0	0	0	0	0	0	0	0	0	0	0	0	0	0	0	0	0	0	0	0	0	0	0	0	0	0	0	0	0	0	0	0	0	0	0	0	0	0	0	0	0	2014	4854	3496	22550	0	218	0	138	392	128	1978	0	2130	23964	154	6496	0	352	0	100	0	712	3616	2986	784	224	
391576	Cerebelum_8_L	0	0	0	0	0	0	0	0	0	0	0	0	0	0	0	0	0	0	0	0	0	0	0	0	0	0	0	0	0	0	0	0	0	0	0	0	0	0	0	0	0	0	0	0	0	0	106	0	0	0	0	0	0	0	414	0	0	0	0	0	0	0	0	0	0	0	0	0	0	0	0	0	0	0	0	0	0	0	0	0	0	0	0	0	0	0	0	0	0	0	18674	1964	37782	6304	2336	544	5854	376	8132	1502	38192	2130	0	8418	21654	3366	2384	0	338	1088	1208	4316	10074	12076	5094	1462	
325584	Cerebelum_8_R	0	0	0	0	0	0	0	0	0	0	0	0	0	0	0	0	0	0	0	0	0	0	0	0	0	0	0	0	0	0	0	0	0	0	0	0	0	0	0	0	0	0	0	0	0	0	0	0	0	0	0	0	0	0	0	0	0	0	0	0	0	0	0	0	0	0	0	0	0	0	0	0	0	0	0	0	0	0	0	0	0	0	0	0	0	0	0	0	0	0	4184	12276	5932	29850	106	3232	274	2844	996	3266	4644	23964	8418	0	1138	27264	0	1898	352	1762	432	1352	6184	12532	7966	1926	
139612	Cerebelum_9_L	0	0	0	0	0	0	0	0	0	0	0	0	0	0	0	0	0	0	0	0	0	0	0	0	0	0	0	0	0	0	0	0	0	0	0	0	0	0	0	0	0	0	0	0	0	0	0	0	0	0	0	0	0	0	244	0	0	0	0	0	0	0	0	0	0	0	0	0	0	0	0	0	0	0	0	0	0	0	0	0	0	0	0	0	0	0	0	0	0	0	2370	1866	7088	1842	1008	0	4550	94	2548	1830	8826	154	21654	1138	0	1816	3408	0	108	0	204	1604	1948	2094	2600	812	
184512	Cerebelum_9_R	0	0	0	0	0	0	0	0	0	0	0	0	0	0	0	0	0	0	0	0	0	0	0	0	0	0	0	0	0	0	0	0	0	0	0	0	0	0	0	0	0	0	0	0	0	0	0	0	0	0	0	0	0	0	0	0	0	0	0	0	0	0	0	0	0	0	0	0	0	0	0	0	0	0	0	0	0	0	0	0	0	0	0	0	0	0	0	0	0	0	2000	3278	1648	5858	152	1646	296	1018	1578	2892	410	6496	3366	27264	1816	0	0	1222	520	732	280	2322	4330	8256	10526	4350	
18168	Cerebelum_10_L	0	0	0	0	0	0	0	0	0	0	0	0	0	0	0	0	0	0	0	0	0	0	0	0	0	0	0	0	0	0	0	0	0	0	0	0	0	0	0	0	0	0	0	0	0	0	0	0	0	0	0	0	0	0	0	0	0	0	0	0	0	0	0	0	0	0	0	0	0	0	0	0	0	0	0	0	0	0	0	0	0	0	0	0	0	0	0	0	0	0	386	120	378	116	0	0	716	0	444	120	708	0	2384	0	3408	0	0	0	0	0	90	98	116	0	0	0	
14316	Cerebelum_10_R	0	0	0	0	0	0	0	0	0	0	0	0	0	0	0	0	0	0	0	0	0	0	0	0	0	0	0	0	0	0	0	0	0	0	0	0	0	0	0	0	0	0	0	0	0	0	0	0	0	0	0	0	0	0	0	0	0	0	0	0	0	0	0	0	0	0	0	0	0	0	0	0	0	0	0	0	0	0	0	0	0	0	0	0	0	0	0	0	0	0	0	1044	0	1330	0	0	0	166	0	842	0	352	0	1898	0	1222	0	0	0	0	0	0	0	162	142	0	
30736	Vermis_1_2	0	0	0	0	0	0	0	0	0	0	0	0	0	0	0	0	0	0	0	0	0	0	0	0	0	0	0	0	0	0	0	0	0	0	0	0	0	0	126	0	0	0	0	0	0	0	0	0	0	0	0	0	0	0	0	0	0	0	0	0	0	0	0	0	0	0	0	0	0	0	0	0	0	0	0	0	0	0	0	0	0	0	0	0	0	0	0	0	0	0	936	172	142	234	1142	782	1196	0	916	190	90	0	338	352	108	520	0	0	0	5340	1222	132	364	524	542	0	
86544	Vermis_3	0	0	0	0	0	0	0	0	0	0	0	0	0	0	0	0	0	0	0	0	0	0	0	0	0	0	0	0	0	0	0	0	0	0	0	0	340	0	426	156	0	0	0	0	0	0	0	252	0	0	0	0	0	0	108	0	0	0	0	0	0	0	0	0	0	0	0	0	0	0	0	0	0	0	0	0	0	0	0	0	0	0	0	0	0	0	0	0	0	0	2698	2838	354	1258	2488	4516	3674	2870	2686	3174	240	100	1088	1762	0	732	0	0	5340	0	3818	138	488	922	806	0	
311760	Vermis_4_5	0	0	0	0	0	0	0	0	0	0	0	0	0	0	0	0	0	0	0	0	0	0	0	0	0	0	0	0	0	0	0	0	0	0	94	252	0	304	0	252	0	0	86	100	0	0	3434	7722	0	0	0	0	240	126	4090	4198	0	0	0	0	0	0	0	0	0	0	0	400	0	0	0	0	0	0	0	0	0	0	0	0	0	0	0	0	0	0	0	0	0	0	16524	14750	1108	756	506	736	22236	17782	21534	19998	360	0	1208	432	204	280	90	0	1222	3818	0	7768	554	446	268	2002	
314176	Vermis_6	0	0	0	0	0	0	0	0	0	0	0	0	0	0	0	0	0	0	0	0	0	0	0	0	0	0	0	0	0	0	0	0	0	0	0	0	0	0	0	0	0	0	0	0	0	0	3128	3830	0	0	0	0	0	0	872	1880	0	0	0	0	0	0	0	0	0	0	0	0	0	0	0	0	0	0	0	0	0	0	0	0	0	0	0	0	0	0	0	0	0	0	15734	19062	8124	7596	398	126	5126	2130	21610	25856	1678	712	4316	1352	1604	2322	98	0	132	138	7768	0	11290	3610	2928	3668	
258980	Vermis_7	0	0	0	0	0	0	0	0	0	0	0	0	0	0	0	0	0	0	0	0	0	0	0	0	0	0	0	0	0	0	0	0	0	0	0	0	0	0	0	0	0	0	0	0	0	0	0	0	0	0	0	0	0	0	120	0	0	0	0	0	0	0	0	0	0	0	0	0	0	0	0	0	0	0	0	0	0	0	0	0	0	0	0	0	0	0	0	0	0	0	10206	11072	11314	16664	620	680	1588	316	6698	7854	6226	3616	10074	6184	1948	4330	116	0	364	488	554	11290	0	9850	5002	2316	
