data	data	661064	354288	997804	897680	155336	93284	698856	402732	89140	26748	440656	245284	403112	251748	178712	93536	274828	150264	560300	766300	86604	98132	606656	535744	45364	125844	76828	122332	725152	362316	605944	698028	205808	581496	151112	209888	338744	353020	81592	194040	42128	59980	266436	329444	153236	375896	297308	294764	227656	369196	474372	290608	137448	124056	391904	359892	318984	249420	133136	110768	195240	100092	103384	96428	143720	140528	295564	455764	247396	140548	386736	436064	381144	352948	30968	48712	176656	223948	115336	17996	288360	93508	126772	65356	330768	174504	30576	19316	403248	159596	378616	348120	243300	224048	16096	38616	219276	175416	399516	317396	170536	103096	255956	241172	119744	84248	15960	24496	24492	34580	166164	162648	172792	92972	61324	15240	
data	data	Precentral_L	Precentral_R	Frontal_Sup_L	Frontal_Sup_R	Frontal_Sup_Orb_L	Frontal_Sup_Orb_R	Frontal_Mid_L	Frontal_Mid_R	Frontal_Mid_Orb_L	Frontal_Mid_Orb_R	Frontal_Inf_Oper_L	Frontal_Inf_Oper_R	Frontal_Inf_Tri_L	Frontal_Inf_Tri_R	Frontal_Inf_Orb_L	Frontal_Inf_Orb_R	Rolandic_Oper_L	Rolandic_Oper_R	Supp_Motor_Area_L	Supp_Motor_Area_R	Olfactory_L	Olfactory_R	Frontal_Sup_Medial_L	Frontal_Sup_Medial_R	Frontal_Med_Orb_L	Frontal_Med_Orb_R	Rectus_L	Rectus_R	Insula_L	Insula_R	Cingulum_Ant_L	Cingulum_Ant_R	Cingulum_Mid_L	Cingulum_Mid_R	Cingulum_Post_L	Cingulum_Post_R	Hippocampus_L	Hippocampus_R	ParaHippocampal_L	ParaHippocampal_R	Amygdala_L	Amygdala_R	Calcarine_L	Calcarine_R	Cuneus_L	Cuneus_R	Lingual_L	Lingual_R	Occipital_Sup_L	Occipital_Sup_R	Occipital_Mid_L	Occipital_Mid_R	Occipital_Inf_L	Occipital_Inf_R	Fusiform_L	Fusiform_R	Postcentral_L	Postcentral_R	Parietal_Sup_L	Parietal_Sup_R	Parietal_Inf_L	Parietal_Inf_R	SupraMarginal_L	SupraMarginal_R	Angular_L	Angular_R	Precuneus_L	Precuneus_R	Paracentral_Lobule_L	Paracentral_Lobule_R	Caudate_L	Caudate_R	Putamen_L	Putamen_R	Pallidum_L	Pallidum_R	Thalamus_L	Thalamus_R	Heschl_L	Heschl_R	Temporal_Sup_L	Temporal_Sup_R	Temporal_Pole_Sup_L	Temporal_Pole_Sup_R	Temporal_Mid_L	Temporal_Mid_R	Temporal_Pole_Mid_L	Temporal_Pole_Mid_R	Temporal_Inf_L	Temporal_Inf_R	Cerebelum_Crus1_L	Cerebelum_Crus1_R	Cerebelum_Crus2_L	Cerebelum_Crus2_R	Cerebelum_3_L	Cerebelum_3_R	Cerebelum_4_5_L	Cerebelum_4_5_R	Cerebelum_6_L	Cerebelum_6_R	Cerebelum_7b_L	Cerebelum_7b_R	Cerebelum_8_L	Cerebelum_8_R	Cerebelum_9_L	Cerebelum_9_R	Cerebelum_10_L	Cerebelum_10_R	Vermis_1_2	Vermis_3	Vermis_4_5	Vermis_6	Vermis_7	Vermis_8	Vermis_9	Vermis_10	
661064	Precentral_L	0	3316	23864	3122	0	0	45390	164	0	0	22868	334	9964	214	128	0	17160	0	8950	10542	0	0	2742	0	0	0	0	0	16992	454	6294	1468	386	4760	5878	5116	11950	3142	1052	174	0	0	3612	0	112	0	1516	134	384	0	812	0	0	0	2008	0	35116	0	264	0	3304	0	902	0	176	0	4424	958	14776	152	10858	1880	6434	480	994	0	15638	4332	4934	0	5650	0	180	0	558	0	0	0	3520	0	0	0	0	0	0	0	0	0	0	0	0	0	0	0	0	0	0	0	0	0	0	0	0	0	0	0	
354288	Precentral_R	3316	0	604	27644	0	0	198	11262	0	0	0	7156	0	808	0	0	0	4422	2092	19284	0	0	0	416	0	0	0	0	140	4000	224	664	94	7192	1416	6680	746	9380	0	920	0	132	0	1334	0	920	0	1896	0	622	0	468	0	312	0	204	172	12974	0	0	0	1270	0	1072	0	902	0	5612	5194	3448	1058	7552	156	1600	0	1012	3812	14460	0	132	0	330	0	0	0	294	0	0	0	124	0	0	0	0	0	0	0	0	0	0	0	0	0	0	0	0	0	0	0	0	1424	0	0	0	0	0	
997804	Frontal_Sup_L	23864	604	0	6980	10128	0	92048	1274	4474	0	18724	512	31502	400	12878	0	6702	0	52066	11608	600	0	61442	14654	494	0	512	0	36304	476	36760	11642	5958	6124	352	0	2698	0	166	0	0	0	296	0	0	0	108	0	0	0	126	0	0	0	1420	0	3130	0	0	0	128	0	0	0	0	0	348	0	4446	0	9552	1080	10794	224	362	0	6824	196	858	0	3428	0	1418	0	228	0	0	0	1990	0	0	0	0	0	0	0	0	0	0	0	0	0	0	0	0	0	0	0	0	0	0	0	0	0	0	0	
897680	Frontal_Sup_R	3122	27644	6980	0	0	3202	2276	53400	0	130	1060	13018	388	20286	0	4574	468	6212	10286	51184	0	966	12956	48064	0	2740	0	2784	1314	18460	8860	44228	974	21420	508	2436	968	5204	214	1310	96	514	0	130	0	0	110	1024	0	0	0	0	0	0	94	868	170	228	0	0	0	114	0	0	0	0	0	1960	4662	0	8210	16194	1526	12000	468	1420	5602	13396	108	0	196	250	276	138	0	140	0	0	100	248	0	0	0	0	0	0	0	0	0	0	0	0	0	0	0	0	0	0	0	0	962	0	0	0	0	0	
155336	Frontal_Sup_Orb_L	0	0	10128	0	0	0	776	0	14704	0	0	0	414	0	14840	0	0	0	0	0	2876	0	8788	452	3508	0	6320	0	5574	0	6484	464	0	0	0	0	0	0	0	0	0	0	0	0	0	0	0	0	0	0	0	0	0	0	0	0	0	0	0	0	0	0	0	0	0	0	0	0	0	0	600	0	1150	0	0	0	0	0	0	0	0	0	590	0	0	0	0	0	0	0	0	0	0	0	0	0	0	0	0	0	0	0	0	0	0	0	0	0	0	0	0	0	0	0	0	0	
93284	Frontal_Sup_Orb_R	0	0	0	3202	0	0	0	1336	0	4114	0	0	0	260	0	3686	0	0	0	0	98	1196	460	4720	0	9066	526	10486	0	752	146	2708	0	0	0	0	0	0	0	0	0	0	0	0	0	0	0	0	0	0	0	0	0	0	0	0	0	0	0	0	0	0	0	0	0	0	0	0	0	0	0	2338	0	1548	0	0	0	0	0	0	0	0	0	0	0	0	0	0	0	0	0	0	0	0	0	0	0	0	0	0	0	0	0	0	0	0	0	0	0	0	0	0	0	0	0	0	
698856	Frontal_Mid_L	45390	198	92048	2276	776	0	0	236	3386	0	25610	344	48594	262	8686	0	5534	0	14828	2618	0	0	18944	2980	0	0	0	0	26684	308	12062	4960	764	2026	114	0	1804	0	140	0	0	0	142	0	0	0	128	0	0	0	128	0	0	0	1876	0	2548	0	0	0	348	0	0	0	0	0	244	0	572	0	8646	1286	2758	234	0	0	1990	176	312	0	2966	0	470	0	186	0	0	0	2846	0	0	0	0	0	0	0	0	0	0	0	0	0	0	0	0	0	0	0	0	0	0	0	0	0	0	0	
402732	Frontal_Mid_R	164	11262	1274	53400	0	1336	236	0	0	1656	506	17392	114	30058	0	4478	268	8758	1384	7866	0	0	2496	12226	0	210	0	146	612	13162	2574	10468	854	9452	0	0	0	344	0	144	0	0	0	0	0	0	0	0	0	0	0	0	0	0	0	188	0	364	0	0	0	0	0	0	0	0	0	0	250	0	700	2748	280	2626	0	554	150	240	0	0	154	134	138	0	0	0	0	0	0	0	0	0	0	0	0	0	0	0	0	0	0	0	0	0	0	0	0	0	0	0	0	0	0	0	0	0	
89140	Frontal_Mid_Orb_L	0	0	4474	0	14704	0	3386	0	0	0	0	0	1308	0	14640	0	0	0	0	0	0	0	1162	0	250	0	2690	0	900	0	848	0	0	0	0	0	0	0	0	0	0	0	0	0	0	0	0	0	0	0	0	0	0	0	0	0	0	0	0	0	0	0	0	0	0	0	0	0	0	0	0	0	0	0	0	0	0	0	0	0	0	0	208	0	0	0	0	0	0	0	0	0	0	0	0	0	0	0	0	0	0	0	0	0	0	0	0	0	0	0	0	0	0	0	0	0	
26748	Frontal_Mid_Orb_R	0	0	0	130	0	4114	0	1656	0	0	0	0	0	490	0	6252	0	0	0	0	0	0	0	0	0	250	0	292	0	190	0	0	0	0	0	0	0	0	0	0	0	0	0	0	0	0	0	0	0	0	0	0	0	0	0	0	0	0	0	0	0	0	0	0	0	0	0	0	0	0	0	0	0	0	0	0	0	0	0	0	0	0	0	0	0	0	0	0	0	0	0	0	0	0	0	0	0	0	0	0	0	0	0	0	0	0	0	0	0	0	0	0	0	0	0	0	
440656	Frontal_Inf_Oper_L	22868	0	18724	1060	0	0	25610	506	0	0	0	2730	33910	1328	658	0	16456	248	7430	1092	0	0	5556	748	0	0	0	0	33380	2544	7516	2774	0	354	0	0	820	0	0	0	0	0	0	0	0	0	0	0	0	0	0	0	0	0	394	0	7312	112	0	0	0	106	0	0	0	0	0	0	0	0	3790	2426	3748	458	0	0	0	188	938	0	8728	0	4820	0	128	0	0	0	868	0	0	0	0	0	0	0	0	0	0	0	0	0	0	0	0	0	0	0	0	0	0	0	0	0	0	0	
245284	Frontal_Inf_Oper_R	334	7156	512	13018	0	0	344	17392	0	0	2730	0	228	20980	0	944	1278	9118	814	3624	0	0	400	2640	0	0	0	0	2988	18896	688	4016	234	1294	0	0	0	308	0	116	0	0	0	0	0	0	0	0	0	0	0	0	0	0	136	206	0	2294	0	0	0	0	0	0	0	0	0	0	0	0	1556	1422	428	1804	0	136	612	200	0	0	548	824	852	1274	0	146	0	0	152	0	0	0	0	0	0	0	0	0	0	0	0	0	0	0	0	0	0	0	0	0	0	0	0	0	0	0	
403112	Frontal_Inf_Tri_L	9964	0	31502	388	414	0	48594	114	1308	0	33910	228	0	110	10992	0	2352	0	3344	444	0	0	8226	744	0	0	0	0	27216	204	7452	1228	200	384	0	0	384	0	0	0	0	0	0	0	0	0	0	0	0	0	0	0	0	0	352	0	3524	0	0	0	0	0	0	0	0	0	0	0	0	0	884	236	3166	0	0	0	0	0	284	0	1668	0	1134	0	0	0	0	0	606	0	0	0	0	0	0	0	0	0	0	0	0	0	0	0	0	0	0	0	0	0	0	0	0	0	0	0	
251748	Frontal_Inf_Tri_R	214	808	400	20286	0	260	262	30058	0	490	1328	20980	110	0	0	3316	654	1358	644	5510	0	0	708	5106	0	0	0	0	1394	15030	802	5916	588	4902	0	0	0	238	0	0	0	0	0	0	0	0	0	0	0	0	0	0	0	0	0	224	0	0	0	0	0	0	0	0	0	0	0	0	0	0	914	724	182	1258	0	0	0	0	0	0	358	108	446	298	0	0	0	0	0	0	0	0	0	0	0	0	0	0	0	0	0	0	0	0	0	0	0	0	0	0	0	0	0	0	0	0	
178712	Frontal_Inf_Orb_L	128	0	12878	0	14840	0	8686	0	14640	0	658	0	10992	0	0	0	0	0	286	0	1438	0	5082	332	588	0	780	0	11634	0	3002	238	0	0	0	0	174	0	0	0	0	0	0	0	0	0	0	0	0	0	0	0	0	0	108	0	0	0	0	0	0	0	0	0	0	0	0	0	0	0	238	0	1048	0	0	0	0	0	0	0	0	0	1458	0	0	0	0	0	128	0	0	0	0	0	0	0	0	0	0	0	0	0	0	0	0	0	0	0	0	0	0	0	0	0	0	0	
93536	Frontal_Inf_Orb_R	0	0	0	4574	0	3686	0	4478	0	6252	0	944	0	3316	0	0	0	408	0	362	0	1396	100	3332	0	1470	0	702	0	7214	128	2828	0	768	0	0	0	146	0	146	0	158	0	0	0	0	0	0	0	0	0	0	0	0	0	178	0	0	0	0	0	0	0	0	0	0	0	0	0	0	0	760	0	1246	0	0	0	0	0	0	0	456	0	1278	0	314	0	0	0	128	0	0	0	0	0	0	0	0	0	0	0	0	0	0	0	0	0	0	0	0	0	0	0	0	0	0	
274828	Rolandic_Oper_L	17160	0	6702	468	0	0	5534	268	0	0	16456	1278	2352	654	0	0	0	144	5038	166	0	0	506	278	0	0	0	0	21106	1168	806	936	294	0	110	0	648	0	0	0	0	0	158	0	0	0	0	0	684	0	2106	0	0	0	0	0	15806	0	466	0	516	0	2672	0	236	0	710	0	754	0	1558	410	1244	0	0	0	200	0	7264	0	12982	0	3484	0	2358	0	0	0	1734	0	0	0	0	0	0	0	0	0	0	0	0	0	0	0	0	0	0	0	0	0	0	0	0	0	0	0	
150264	Rolandic_Oper_R	0	4422	0	6212	0	0	0	8758	0	0	248	9118	0	1358	0	408	144	0	590	3538	0	0	0	574	0	0	0	0	272	16536	94	886	0	0	0	0	0	154	0	0	0	0	0	0	0	0	0	0	0	0	0	0	0	0	0	0	0	5028	0	0	0	140	0	3186	0	140	0	140	0	0	0	804	0	1810	0	0	528	194	0	2020	0	5850	0	1394	0	586	0	0	0	0	0	0	0	0	0	0	0	0	0	0	0	0	0	0	0	0	0	0	0	0	0	0	0	0	0	0	
560300	Supp_Motor_Area_L	8950	2092	52066	10286	0	0	14828	1384	0	0	7430	814	3344	644	286	0	5038	590	0	44018	0	0	9702	4312	0	0	0	0	7764	1222	14554	11118	13148	25818	1518	1350	1566	0	246	0	0	0	0	0	0	0	98	0	0	0	0	0	0	0	988	0	3178	0	0	0	0	0	0	0	0	0	306	180	11114	1248	6160	2936	3868	1130	0	0	590	154	570	0	1904	0	262	0	152	0	0	0	1224	0	0	0	0	0	0	0	0	0	0	0	0	0	0	0	0	0	0	0	0	0	0	0	0	0	0	0	
766300	Supp_Motor_Area_R	10542	19284	11608	51184	0	0	2618	7866	0	0	1092	3624	444	5510	0	362	166	3538	44018	0	0	0	4092	8444	0	0	0	0	1324	5934	4700	11960	5424	47040	3002	9626	2212	6796	452	1088	96	300	176	590	0	746	200	1010	0	372	0	342	0	280	0	618	706	2324	0	0	0	278	0	0	0	96	946	4218	21584	7954	9276	17772	1784	5570	428	1602	7318	20560	118	102	0	334	98	114	0	244	0	0	0	296	0	0	0	0	0	0	0	0	0	0	0	0	0	0	0	0	0	0	0	0	748	0	0	0	0	0	
86604	Olfactory_L	0	0	600	0	2876	98	0	0	0	0	0	0	0	0	1438	0	0	0	0	0	0	4966	818	184	858	300	4444	732	3770	0	4472	1638	0	0	0	0	222	0	160	0	398	132	0	0	0	0	0	0	0	0	0	0	0	0	122	0	0	0	0	0	0	0	0	0	0	0	0	0	0	0	6482	4168	3644	588	0	0	0	0	0	0	0	0	192	0	0	0	0	0	0	0	0	0	0	0	0	0	0	0	0	0	0	0	0	0	0	0	0	0	0	0	0	0	0	0	0	0	
98132	Olfactory_R	0	0	0	966	0	1196	0	0	0	0	0	0	0	0	0	1396	0	0	0	0	4966	0	0	1458	0	1846	2040	3202	638	2378	1824	2834	0	0	0	0	0	258	0	290	352	800	0	0	0	0	0	0	0	0	0	0	0	0	0	242	0	0	0	0	0	0	0	0	0	0	0	0	0	0	7172	8154	5336	1718	0	0	0	0	0	0	0	0	0	0	0	0	0	0	0	0	0	0	0	0	0	0	0	0	0	0	0	0	0	0	0	0	0	0	0	0	0	0	0	0	0	0	
606656	Frontal_Sup_Medial_L	2742	0	61442	12956	8788	460	18944	2496	1162	0	5556	400	8226	708	5082	100	506	0	9702	4092	818	0	0	36738	4500	1484	2354	430	12084	346	43792	23600	8080	18720	0	0	0	0	0	0	0	0	0	0	0	0	0	0	0	0	0	0	0	0	134	0	94	0	0	0	0	0	0	0	0	0	0	0	0	0	1096	270	4028	132	0	0	0	0	0	0	510	0	592	0	0	0	0	0	164	0	0	0	0	0	0	0	0	0	0	0	0	0	0	0	0	0	0	0	0	0	0	0	0	0	0	0	
535744	Frontal_Sup_Medial_R	0	416	14654	48064	452	4720	2980	12226	0	0	748	2640	744	5106	332	3332	278	574	4312	8444	184	1458	36738	0	778	9876	598	6118	1442	7014	12698	42366	1402	17936	0	0	0	386	0	282	0	262	0	0	0	0	0	0	0	0	0	0	0	0	0	382	0	0	0	0	0	0	0	0	0	0	0	0	0	0	380	8300	634	7734	0	276	0	192	0	0	124	0	190	0	0	0	0	0	0	100	0	0	0	0	0	0	0	0	0	0	0	0	0	0	0	0	0	0	0	0	0	0	0	0	0	0	
45364	Frontal_Med_Orb_L	0	0	494	0	3508	0	0	0	250	0	0	0	0	0	588	0	0	0	0	0	858	0	4500	778	0	916	2836	0	354	0	6232	316	0	0	0	0	0	0	0	0	0	0	0	0	0	0	0	0	0	0	0	0	0	0	0	0	0	0	0	0	0	0	0	0	0	0	0	0	0	0	584	0	468	0	0	0	0	0	0	0	0	0	0	0	0	0	0	0	0	0	0	0	0	0	0	0	0	0	0	0	0	0	0	0	0	0	0	0	0	0	0	0	0	0	0	0	
125844	Frontal_Med_Orb_R	0	0	0	2740	0	9066	0	210	0	250	0	0	0	0	0	1470	0	0	0	0	300	1846	1484	9876	916	0	1008	13394	0	1464	1400	7504	0	0	0	0	0	0	0	0	0	108	0	0	0	0	0	0	0	0	0	0	0	0	0	0	0	0	0	0	0	0	0	0	0	0	0	0	0	0	200	5118	0	4568	0	0	0	0	0	0	0	0	0	0	0	0	0	0	0	0	0	0	0	0	0	0	0	0	0	0	0	0	0	0	0	0	0	0	0	0	0	0	0	0	0	0	
76828	Rectus_L	0	0	512	0	6320	526	0	0	2690	0	0	0	0	0	780	0	0	0	0	0	4444	2040	2354	598	2836	1008	0	1414	1006	0	5816	1564	0	0	0	0	0	0	0	0	0	0	0	0	0	0	0	0	0	0	0	0	0	0	0	0	0	0	0	0	0	0	0	0	0	0	0	0	0	0	2162	1468	498	378	0	0	0	0	0	0	0	0	0	0	0	0	0	0	0	0	0	0	0	0	0	0	0	0	0	0	0	0	0	0	0	0	0	0	0	0	0	0	0	0	0	0	
122332	Rectus_R	0	0	0	2784	0	10486	0	146	0	292	0	0	0	0	0	702	0	0	0	0	732	3202	430	6118	0	13394	1414	0	0	706	1764	6834	0	0	0	0	0	0	0	0	0	298	0	0	0	0	0	0	0	0	0	0	0	0	0	0	0	0	0	0	0	0	0	0	0	0	0	0	0	0	1040	5648	806	4370	0	0	0	0	0	0	0	0	0	0	0	0	0	0	0	0	0	0	0	0	0	0	0	0	0	0	0	0	0	0	0	0	0	0	0	0	0	0	0	0	0	0	
725152	Insula_L	16992	140	36304	1314	5574	0	26684	612	900	0	33380	2988	27216	1394	11634	0	21106	272	7764	1324	3770	638	12084	1442	354	0	1006	0	0	2798	12424	3352	354	462	722	0	15760	0	1228	0	3062	0	1052	0	0	0	452	0	0	0	364	0	0	0	10486	0	7294	112	0	0	316	108	616	0	168	0	1390	0	994	0	6880	3338	22802	558	168	0	708	208	8346	0	13424	0	8710	0	3728	0	0	0	15300	0	0	0	0	0	0	0	0	0	0	0	0	0	0	0	0	0	0	0	0	0	0	0	0	0	0	0	
362316	Insula_R	454	4000	476	18460	0	752	308	13162	0	190	2544	18896	204	15030	0	7214	1168	16536	1222	5934	0	2378	346	7014	0	1464	0	706	2798	0	874	9716	128	586	0	470	0	5086	0	1978	0	1096	0	406	0	0	0	310	0	102	0	178	0	122	122	3384	0	548	0	0	0	0	0	174	0	0	0	976	0	0	1440	2200	446	19262	0	0	520	578	0	954	452	2544	704	1544	0	1236	0	0	138	1434	0	0	0	0	0	0	0	0	0	0	0	0	0	0	0	0	0	0	0	0	194	0	0	0	0	0	
605944	Cingulum_Ant_L	6294	224	36760	8860	6484	146	12062	2574	848	0	7516	688	7452	802	3002	128	806	94	14554	4700	4472	1824	43792	12698	6232	1400	5816	1764	12424	874	0	37428	11632	13562	144	0	174	0	0	0	0	0	0	0	0	0	0	0	0	0	0	0	0	0	170	0	150	0	0	0	0	0	0	0	0	0	0	0	142	0	9908	5188	14308	2838	0	172	188	144	0	0	638	0	688	0	0	0	0	0	208	0	0	0	0	0	0	0	0	0	0	0	0	0	0	0	0	0	0	0	0	0	0	0	0	0	0	0	
698028	Cingulum_Ant_R	1468	664	11642	44228	464	2708	4960	10468	0	0	2774	4016	1228	5916	238	2828	936	886	11118	11960	1638	2834	23600	42366	316	7504	1564	6834	3352	9716	37428	0	7792	32274	0	0	108	872	0	518	0	216	0	0	0	0	0	0	0	0	0	0	0	0	96	806	0	0	0	0	0	0	0	0	0	0	0	0	140	0	4254	22582	3374	15874	0	652	526	2024	0	0	434	0	526	0	0	0	0	0	108	184	0	0	0	0	0	0	0	0	0	0	0	0	0	0	0	0	0	0	0	0	0	0	0	0	0	0	
205808	Cingulum_Mid_L	386	94	5958	974	0	0	764	854	0	0	0	234	200	588	0	0	294	0	13148	5424	0	0	8080	1402	0	0	0	0	354	128	11632	7792	0	18830	5860	1176	0	0	0	0	0	0	0	0	568	0	0	0	1946	0	3200	0	0	0	0	0	142	0	850	0	680	0	0	0	780	0	5700	282	2740	648	0	0	0	0	0	0	0	0	0	0	402	0	0	0	422	0	0	0	372	0	0	0	0	0	0	0	0	0	0	0	0	0	0	0	0	0	0	0	0	0	0	0	0	0	0	0	
581496	Cingulum_Mid_R	4760	7192	6124	21420	0	0	2026	9452	0	0	354	1294	384	4902	0	768	0	0	25818	47040	0	0	18720	17936	0	0	0	0	462	586	13562	32274	18830	0	3262	10846	0	674	0	0	0	0	0	546	0	1262	0	520	0	158	0	140	0	0	0	0	0	3010	0	106	0	0	0	0	0	162	1470	6204	14544	10490	550	1066	110	0	0	0	404	1320	0	0	0	0	0	0	0	0	0	0	0	0	0	0	0	0	0	0	0	0	0	0	0	0	0	0	0	0	0	0	0	0	0	0	0	0	0	0	
151112	Cingulum_Post_L	5878	1416	352	508	0	0	114	0	0	0	0	0	0	0	0	0	110	0	1518	3002	0	0	0	0	0	0	0	0	722	0	144	0	5860	3262	0	9726	8692	1530	560	0	0	0	6228	0	1268	0	344	0	178	0	416	0	0	0	0	0	734	160	0	0	0	0	0	0	0	0	8390	812	5350	930	226	110	132	0	0	0	1098	1526	1934	0	856	0	0	0	660	0	0	0	810	0	0	0	0	0	0	0	0	0	0	0	0	0	0	0	0	0	0	0	0	0	0	0	0	0	0	0	
209888	Cingulum_Post_R	5116	6680	0	2436	0	0	0	0	0	0	0	0	0	0	0	0	0	0	1350	9626	0	0	0	0	0	0	0	0	0	470	0	0	1176	10846	9726	0	2814	8386	0	286	0	0	0	1146	0	516	96	3624	0	0	0	104	0	146	0	0	0	2716	0	0	0	0	0	0	0	0	1804	13802	3234	6144	188	234	0	534	0	0	4014	5044	0	0	0	0	0	0	0	0	0	0	0	0	0	0	0	0	0	0	0	0	0	0	0	0	0	0	0	0	0	0	0	0	2686	0	0	0	0	0	
338744	Hippocampus_L	11950	746	2698	968	0	0	1804	0	0	0	820	0	384	0	174	0	648	0	1566	2212	222	0	0	0	0	0	0	0	15760	0	174	108	0	0	8692	2814	0	1338	12046	0	6620	0	7842	0	0	0	6298	0	120	0	846	0	220	0	17678	0	2548	0	0	0	0	0	0	0	0	0	9352	118	894	0	2310	404	13090	0	850	0	3244	1288	3588	0	2632	0	2008	0	2996	0	154	0	18212	0	236	0	0	0	0	0	436	0	264	0	0	0	0	0	0	0	0	0	0	0	0	0	0	0	0	0	
353020	Hippocampus_R	3142	9380	0	5204	0	0	0	344	0	0	0	308	0	238	0	146	0	154	0	6796	0	258	0	386	0	0	0	0	0	5086	0	872	0	674	1530	8386	1338	0	0	29106	0	6978	0	1362	0	0	0	8026	0	120	0	182	0	146	0	30756	0	188	0	0	0	0	0	0	0	0	0	8572	256	0	228	1596	108	16800	0	3514	2926	7112	0	264	0	826	0	470	0	524	0	0	0	7688	0	0	0	0	0	0	0	1514	0	138	0	0	0	0	0	0	0	0	0	0	2868	0	0	0	0	0	
81592	ParaHippocampal_L	1052	0	166	214	0	0	140	0	0	0	0	0	0	0	0	0	0	0	246	452	160	0	0	0	0	0	0	0	1228	0	0	0	0	0	560	0	12046	0	0	0	1512	0	746	0	0	0	4912	0	0	0	152	0	0	0	7596	0	182	0	0	0	0	0	0	0	0	0	1200	0	0	0	530	0	1808	0	0	0	386	0	0	0	0	0	470	0	0	0	472	0	1394	0	482	0	0	0	476	0	1546	0	558	0	0	0	0	0	0	0	0	0	0	110	0	0	0	0	0	0	
194040	ParaHippocampal_R	174	920	0	1310	0	0	0	144	0	0	0	116	0	0	0	146	0	0	0	1088	0	290	0	282	0	0	0	0	0	1978	0	518	0	0	0	286	0	29106	0	0	0	5920	0	230	0	0	0	4894	0	0	0	0	0	118	0	24200	0	0	0	0	0	0	0	0	0	0	0	918	0	0	136	952	0	10330	0	3480	142	1484	0	0	0	130	0	1286	0	0	0	284	0	2992	0	130	0	0	0	196	0	2248	0	270	0	0	0	0	0	0	0	0	0	0	322	0	0	0	0	0	
42128	Amygdala_L	0	0	0	96	0	0	0	0	0	0	0	0	0	0	0	0	0	0	0	96	398	352	0	0	0	0	0	0	3062	0	0	0	0	0	0	0	6620	0	1512	0	0	0	0	0	0	0	0	0	0	0	0	0	0	0	2978	0	0	0	0	0	0	0	0	0	0	0	0	0	0	0	556	396	1150	0	0	0	0	0	0	0	194	0	1068	0	542	0	204	0	1840	0	0	0	0	0	0	0	0	0	0	0	0	0	0	0	0	0	0	0	0	0	0	0	0	0	0	0	
59980	Amygdala_R	0	132	0	514	0	0	0	0	0	0	0	0	0	0	0	158	0	0	0	300	132	800	0	262	0	108	0	298	0	1096	0	216	0	0	0	0	0	6978	0	5920	0	0	0	0	0	0	0	0	0	0	0	0	0	0	0	7172	0	0	0	0	0	0	0	0	0	0	0	0	0	0	190	310	190	2420	0	0	0	0	0	0	0	0	0	2138	0	0	0	126	0	530	0	0	0	0	0	0	0	0	0	0	0	0	0	0	0	0	0	0	0	0	0	0	0	0	0	0	
266436	Calcarine_L	3612	0	296	0	0	0	142	0	0	0	0	0	0	0	0	0	158	0	0	176	0	0	0	0	0	0	0	0	1052	0	0	0	0	0	6228	0	7842	0	746	0	0	0	0	9026	8368	4584	15758	5322	7344	1684	21652	1138	6894	418	4088	270	890	0	348	0	0	0	0	0	0	0	14526	126	276	0	206	0	104	0	0	0	0	0	2712	0	912	0	0	0	1930	0	0	0	2074	0	366	266	0	114	0	0	0	0	644	326	0	0	0	0	0	0	0	0	0	0	0	328	272	0	0	0	
329444	Calcarine_R	0	1334	0	130	0	0	0	0	0	0	0	0	0	0	0	0	0	0	0	590	0	0	0	0	0	0	0	0	0	406	0	0	0	546	0	1146	0	1362	0	230	0	0	9026	0	4764	23468	3086	25070	164	17544	530	18274	0	16030	0	5592	0	3108	0	380	0	340	0	364	0	598	1638	16366	0	1870	0	280	0	0	0	0	0	0	0	0	0	156	0	0	0	4782	0	0	0	4486	0	0	0	0	0	0	0	0	158	394	0	0	0	0	0	0	0	0	0	0	144	366	0	0	0	0	
153236	Cuneus_L	112	0	0	0	0	0	0	0	0	0	0	0	0	0	0	0	0	0	0	0	0	0	0	0	0	0	0	0	0	0	0	0	568	0	1268	0	0	0	0	0	0	0	8368	4764	0	7374	1988	132	18758	1254	13172	0	1410	0	1244	0	0	0	2360	0	204	0	0	0	94	0	11038	906	236	0	0	0	0	0	0	0	0	0	0	0	0	0	0	0	454	0	0	0	312	0	140	122	0	0	0	0	0	0	216	0	0	0	0	0	0	0	0	0	0	0	0	0	124	0	0	0	
375896	Cuneus_R	0	920	0	0	0	0	0	0	0	0	0	0	0	0	0	0	0	0	0	746	0	0	0	0	0	0	0	0	0	0	0	0	0	1262	0	516	0	0	0	0	0	0	4584	23468	7374	0	484	4454	282	41504	164	13816	0	1564	0	1026	0	13088	0	9732	0	2332	0	634	0	3450	4968	38002	0	5084	0	168	0	0	0	0	0	0	0	0	0	1594	0	0	0	4194	0	0	0	2538	0	0	0	0	0	0	0	0	0	0	0	0	0	0	0	0	0	0	0	0	0	0	0	0	0	0	
297308	Lingual_L	1516	0	108	110	0	0	128	0	0	0	0	0	0	0	0	0	0	0	98	200	0	0	0	0	0	0	0	0	452	0	0	0	0	0	344	96	6298	0	4912	0	0	0	15758	3086	1988	484	0	5026	3420	910	15786	784	9798	326	18774	784	326	0	0	0	0	0	0	0	0	0	5414	0	0	0	296	0	434	0	0	0	212	0	596	0	0	0	0	0	266	0	0	0	1326	0	7860	2972	896	736	0	0	4894	290	14590	3736	0	0	0	372	0	150	0	110	0	0	1048	6424	4090	232	198	0	
294764	Lingual_R	134	1896	0	1024	0	0	0	0	0	0	0	0	0	0	0	0	0	0	0	1010	0	0	0	0	0	0	0	0	0	310	0	0	0	520	0	3624	0	8026	0	4894	0	0	5322	25070	132	4454	5026	0	0	6898	638	7260	192	7578	1616	15860	0	364	0	188	0	0	0	0	0	0	108	7844	0	498	0	0	0	638	0	0	134	1212	0	0	0	114	0	0	0	304	0	0	0	882	330	3118	0	128	0	212	586	4154	3752	9808	0	0	0	0	130	0	0	0	0	0	3948	6406	1040	0	0	0	
227656	Occipital_Sup_L	384	0	0	0	0	0	0	0	0	0	0	0	0	0	0	0	684	0	0	0	0	0	0	0	0	0	0	0	0	0	0	0	1946	0	178	0	120	0	0	0	0	0	7344	164	18758	282	3420	0	0	0	39016	0	2434	0	1760	0	726	0	11414	0	1756	0	0	0	1110	0	14050	0	528	0	0	0	0	0	0	0	0	0	164	0	1572	0	0	0	3194	0	0	0	2154	0	148	0	0	0	0	0	0	0	290	98	0	0	0	0	0	0	0	0	0	0	0	134	0	0	0	0	
369196	Occipital_Sup_R	0	622	0	0	0	0	0	0	0	0	0	0	0	0	0	0	0	0	0	372	0	0	0	0	0	0	0	0	0	102	0	0	0	158	0	0	0	120	0	0	0	0	1684	17544	1254	41504	910	6898	0	0	222	33168	0	2000	0	1440	0	8244	0	10826	0	3610	0	848	0	11774	1226	25350	0	1900	0	134	0	0	0	0	0	0	0	150	0	2152	0	0	0	7846	0	0	0	2540	0	0	0	0	0	0	0	0	0	0	0	0	0	0	0	0	0	0	0	0	0	0	0	0	0	0	
474372	Occipital_Mid_L	812	0	126	0	0	0	128	0	0	0	0	0	0	0	0	0	2106	0	0	0	0	0	0	0	0	0	0	0	364	0	0	0	3200	0	416	0	846	0	152	0	0	0	21652	530	13172	164	15786	638	39016	222	0	208	22222	0	11558	0	3930	0	15670	0	13422	0	124	0	14584	0	18260	0	978	0	0	0	0	0	0	0	0	0	1052	0	3666	0	0	0	18590	0	0	0	10394	0	504	376	0	180	0	0	0	0	918	358	0	0	0	0	0	0	0	0	0	0	0	444	418	0	0	0	
290608	Occipital_Mid_R	0	468	0	0	0	0	0	0	0	0	0	0	0	0	0	0	0	0	0	342	0	0	0	0	0	0	0	0	0	178	0	0	0	140	0	104	0	182	0	0	0	0	1138	18274	0	13816	784	7260	0	33168	208	0	0	11842	0	2268	0	2788	0	4674	0	3002	0	536	0	13064	0	11202	0	416	0	146	0	0	0	0	0	0	0	128	0	1342	0	0	0	15182	0	0	0	2652	0	0	0	0	0	0	0	0	0	0	0	0	0	0	0	0	0	0	0	0	0	0	0	0	0	0	
137448	Occipital_Inf_L	0	0	0	0	0	0	0	0	0	0	0	0	0	0	0	0	0	0	0	0	0	0	0	0	0	0	0	0	0	0	0	0	0	0	0	0	220	0	0	0	0	0	6894	0	1410	0	9798	192	2434	0	22222	0	0	0	11514	0	110	0	312	0	170	0	0	0	164	0	734	0	0	0	0	0	0	0	0	0	0	0	0	0	270	0	0	0	2736	0	0	0	4596	0	796	690	94	252	0	0	0	0	1372	522	0	0	0	0	0	0	0	0	0	0	0	526	696	0	0	0	
124056	Occipital_Inf_R	0	312	0	0	0	0	0	0	0	0	0	0	0	0	0	0	0	0	0	280	0	0	0	0	0	0	0	0	0	122	0	0	0	0	0	146	0	146	0	118	0	0	418	16030	0	1564	326	7578	0	2000	0	11842	0	0	0	5414	0	726	0	0	0	0	0	94	0	110	0	4334	0	360	0	132	0	0	0	0	0	0	0	0	0	148	0	0	0	2316	0	0	0	6250	0	156	0	0	0	0	0	0	132	480	0	0	0	0	0	0	0	0	0	0	0	370	124	0	0	0	
391904	Fusiform_L	2008	0	1420	94	0	0	1876	0	0	0	394	136	352	0	108	0	0	0	988	0	122	0	134	0	0	0	0	0	10486	122	170	96	0	0	0	0	17678	0	7596	0	2978	0	4088	0	1244	0	18774	1616	1760	0	11558	0	11514	0	0	286	176	0	0	0	0	0	0	0	0	0	340	0	0	0	548	168	5896	0	0	0	166	0	0	0	1586	0	2154	0	1954	0	1428	0	21402	0	17940	1118	1006	284	152	0	10770	542	22714	2208	248	0	500	0	0	0	0	0	0	0	1780	2162	1112	0	0	0	
359892	Fusiform_R	0	204	0	868	0	0	0	188	0	0	0	206	0	224	0	178	0	0	0	618	0	242	0	382	0	0	0	0	0	3384	0	806	0	0	0	0	0	30756	0	24200	0	7172	270	5592	0	1026	784	15860	0	1440	0	2268	0	5414	286	0	0	0	0	0	0	0	0	0	0	0	0	422	0	0	130	1364	0	14260	0	3418	0	248	0	0	0	472	0	4050	0	244	0	1270	0	11068	274	9644	0	252	0	270	0	7288	1398	14694	0	0	0	130	140	0	0	0	0	0	1260	4288	994	0	0	0	
318984	Postcentral_L	35116	172	3130	170	0	0	2548	0	0	0	7312	0	3524	0	0	0	15806	0	3178	706	0	0	94	0	0	0	0	0	7294	0	150	0	142	0	734	0	2548	0	182	0	0	0	890	0	0	0	326	0	726	0	3930	0	110	0	176	0	0	0	6170	0	19544	0	13070	0	2038	0	3278	0	4518	0	1510	298	3794	0	544	0	918	120	5502	0	6380	0	0	0	1758	0	0	0	1086	0	0	0	0	0	0	0	0	0	0	0	0	0	0	0	0	0	0	0	0	0	0	0	0	0	0	0	
249420	Postcentral_R	0	12974	0	228	0	0	0	364	0	0	112	2294	0	0	0	0	0	5028	0	2324	0	0	0	0	0	0	0	0	112	548	0	0	0	3010	160	2716	0	188	0	0	0	0	0	3108	0	13088	0	364	0	8244	0	2788	0	726	0	0	0	0	0	5260	0	6750	0	13412	0	2832	106	18728	234	11372	102	1122	0	222	0	0	204	362	0	570	0	1998	0	0	0	1656	0	0	0	1404	0	0	0	0	0	0	0	0	0	0	0	0	0	0	0	0	0	0	0	0	0	0	0	0	0	0	
133136	Parietal_Sup_L	264	0	0	0	0	0	0	0	0	0	0	0	0	0	0	0	466	0	0	0	0	0	0	0	0	0	0	0	0	0	0	0	850	0	0	0	0	0	0	0	0	0	348	0	2360	0	0	0	11414	0	15670	0	312	0	0	0	6170	0	0	0	8012	0	0	0	4584	0	12044	0	450	0	0	0	0	0	0	0	0	0	0	0	838	0	0	0	1676	0	0	0	1110	0	0	0	0	0	0	0	0	0	0	0	0	0	0	0	0	0	0	0	0	0	0	0	0	0	0	0	
110768	Parietal_Sup_R	0	0	0	0	0	0	0	0	0	0	0	0	0	0	0	0	0	0	0	0	0	0	0	0	0	0	0	0	0	0	0	0	0	106	0	0	0	0	0	0	0	0	0	380	0	9732	0	188	0	10826	0	4674	0	0	0	0	0	5260	0	0	0	3698	0	366	0	5062	534	13128	0	1058	0	246	0	0	0	0	0	0	0	0	0	0	0	0	0	126	0	0	0	0	0	0	0	0	0	0	0	0	0	0	0	0	0	0	0	0	0	0	0	0	0	0	0	0	0	0	
195240	Parietal_Inf_L	3304	0	128	0	0	0	348	0	0	0	0	0	0	0	0	0	516	0	0	0	0	0	0	0	0	0	0	0	316	0	0	0	680	0	0	0	0	0	0	0	0	0	0	0	204	0	0	0	1756	0	13422	0	170	0	0	0	19544	0	8012	0	0	0	11676	0	21312	0	2258	0	1166	0	0	0	0	0	0	0	0	0	152	0	1268	0	0	0	8184	0	0	0	3204	0	0	0	0	0	0	0	0	0	0	0	0	0	0	0	0	0	0	0	0	0	0	0	0	0	0	0	
100092	Parietal_Inf_R	0	1270	0	114	0	0	0	0	0	0	106	0	0	0	0	0	0	140	0	278	0	0	0	0	0	0	0	0	108	0	0	0	0	0	0	0	0	0	0	0	0	0	0	340	0	2332	0	0	0	3610	0	3002	0	0	0	0	0	6750	0	3698	0	0	0	10426	0	12738	0	2610	0	382	0	522	0	0	0	0	0	140	0	0	0	178	0	0	0	1174	0	0	0	128	0	0	0	0	0	0	0	0	0	0	0	0	0	0	0	0	0	0	0	0	0	0	0	0	0	0	
103384	SupraMarginal_L	902	0	0	0	0	0	0	0	0	0	0	0	0	0	0	0	2672	0	0	0	0	0	0	0	0	0	0	0	616	0	0	0	0	0	0	0	0	0	0	0	0	0	0	0	0	0	0	0	0	0	124	0	0	0	0	0	13070	0	0	0	11676	0	0	0	6018	0	0	0	196	0	0	0	0	0	0	0	0	0	160	0	5728	0	0	0	6666	0	0	0	3864	0	0	0	0	0	0	0	0	0	0	0	0	0	0	0	0	0	0	0	0	0	0	0	0	0	0	0	
96428	SupraMarginal_R	0	1072	0	0	0	0	0	0	0	0	0	0	0	0	0	0	0	3186	0	0	0	0	0	0	0	0	0	0	0	174	0	0	0	0	0	0	0	0	0	0	0	0	0	364	0	634	0	0	0	848	0	536	0	94	0	0	0	13412	0	366	0	10426	0	0	0	6824	0	1012	0	0	0	0	0	0	0	0	0	0	0	442	0	3356	0	0	0	3246	0	0	0	2222	0	0	0	0	0	0	0	0	0	0	0	0	0	0	0	0	0	0	0	0	0	0	0	0	0	0	
143720	Angular_L	176	0	0	0	0	0	0	0	0	0	0	0	0	0	0	0	236	0	0	0	0	0	0	0	0	0	0	0	168	0	0	0	780	0	0	0	0	0	0	0	0	0	0	0	94	0	0	0	1110	0	14584	0	164	0	0	0	2038	0	4584	0	21312	0	6018	0	0	0	1630	0	324	0	0	0	0	0	0	0	0	0	0	0	1158	0	0	0	12476	0	0	0	5008	0	0	0	0	0	0	0	0	0	0	0	0	0	0	0	0	0	0	0	0	0	0	0	0	0	0	0	
140528	Angular_R	0	902	0	0	0	0	0	0	0	0	0	0	0	0	0	0	0	140	0	96	0	0	0	0	0	0	0	0	0	0	0	0	0	162	0	0	0	0	0	0	0	0	0	598	0	3450	0	0	0	11774	0	13064	0	110	0	0	0	2832	0	5062	0	12738	0	6824	0	0	0	5284	0	384	0	108	0	0	0	0	0	0	0	0	0	1438	0	0	0	4670	0	0	0	628	0	0	0	0	0	0	0	0	0	0	0	0	0	0	0	0	0	0	0	0	0	0	0	0	0	0	
295564	Precuneus_L	4424	0	348	0	0	0	244	0	0	0	0	0	0	0	0	0	710	0	306	946	0	0	0	0	0	0	0	0	1390	0	0	0	5700	1470	8390	1804	9352	0	1200	0	0	0	14526	1638	11038	4968	5414	108	14050	1226	18260	0	734	0	340	0	3278	106	12044	534	2258	0	0	0	1630	0	0	5722	3364	1284	182	0	0	0	0	0	0	0	2710	0	1616	0	0	0	2280	0	0	0	2188	0	0	0	0	0	0	0	0	0	0	0	0	0	0	0	0	0	0	0	0	0	0	0	0	0	0	0	
455764	Precuneus_R	958	5612	0	1960	0	0	0	0	0	0	0	0	0	0	0	0	0	140	180	4218	0	0	0	0	0	0	0	0	0	976	0	0	282	6204	812	13802	118	8572	0	918	0	0	126	16366	906	38002	0	7844	0	25350	0	11202	0	4334	0	422	0	18728	0	13128	0	2610	0	1012	0	5284	5722	0	444	11876	0	252	0	658	0	0	926	2004	0	126	0	1836	0	0	0	5646	0	0	0	5154	0	0	0	0	0	0	0	276	0	0	0	0	0	0	0	0	0	0	0	0	2896	0	0	0	0	0	
247396	Paracentral_Lobule_L	14776	5194	4446	4662	0	0	572	250	0	0	0	0	0	0	0	0	754	0	11114	21584	0	0	0	0	0	0	0	0	994	0	142	140	2740	14544	5350	3234	894	256	0	0	0	0	276	0	236	0	0	0	528	0	978	0	0	0	0	0	4518	234	450	0	1166	0	196	0	324	0	3364	444	0	2238	5964	320	4824	0	2332	0	1792	504	316	0	146	0	0	0	320	0	0	0	582	0	0	0	0	0	0	0	0	0	0	0	0	0	0	0	0	0	0	0	0	0	0	0	0	0	0	0	
140548	Paracentral_Lobule_R	152	3448	0	0	0	0	0	0	0	0	0	0	0	0	0	0	0	0	1248	7954	0	0	0	0	0	0	0	0	0	0	0	0	648	10490	930	6144	0	0	0	0	0	0	0	1870	0	5084	0	498	0	1900	0	416	0	360	0	0	0	11372	0	1058	0	382	0	0	0	384	1284	11876	2238	0	0	394	0	0	0	0	0	144	0	0	0	0	0	0	0	0	0	0	0	0	0	0	0	0	0	0	0	0	0	0	0	0	0	0	0	0	0	0	0	0	0	0	0	0	0	0	
386736	Caudate_L	10858	1058	9552	8210	600	0	8646	700	0	0	3790	1556	884	914	238	0	1558	0	6160	9276	6482	7172	1096	380	584	200	2162	1040	6880	1440	9908	4254	0	550	226	188	2310	228	530	136	556	190	206	0	0	0	296	0	0	0	0	0	0	0	548	130	1510	102	0	0	0	0	0	0	0	0	182	0	5964	0	0	21114	27844	5270	3260	1010	10754	1516	204	0	902	0	1288	0	196	0	0	0	560	0	0	0	0	0	0	0	0	0	0	0	0	0	0	0	0	0	0	0	0	0	0	0	0	0	0	0	
436064	Caudate_R	1880	7552	1080	16194	0	2338	1286	2748	0	0	2426	1422	236	724	0	760	410	804	2936	17772	4168	8154	270	8300	0	5118	1468	5648	3338	2200	5188	22582	0	1066	110	234	404	1596	0	952	396	310	0	280	0	168	0	0	0	134	0	146	0	132	168	1364	298	1122	0	246	0	522	0	0	0	108	0	252	320	394	21114	0	13024	21452	300	2662	1850	18390	0	142	182	184	454	0	0	96	0	0	164	294	0	0	0	0	0	0	0	0	0	0	0	0	0	0	0	0	0	0	0	0	0	0	0	0	0	0	
381144	Putamen_L	6434	156	10794	1526	1150	0	2758	280	0	0	3748	428	3166	182	1048	0	1244	0	3868	1784	3644	5336	4028	634	468	0	498	806	22802	446	14308	3374	0	110	132	0	13090	108	1808	0	1150	190	104	0	0	0	434	0	0	0	0	0	0	0	5896	0	3794	0	0	0	0	0	0	0	0	0	0	0	4824	0	27844	13024	0	3674	4022	496	1838	198	374	0	2202	0	1542	0	1442	0	0	0	7366	0	0	0	0	0	0	0	0	0	0	0	0	0	0	0	0	0	0	0	0	0	0	0	0	0	0	0	
352948	Putamen_R	480	1600	224	12000	0	1548	234	2626	0	0	458	1804	0	1258	0	1246	0	1810	1130	5570	588	1718	132	7734	0	4568	378	4370	558	19262	2838	15874	0	0	0	534	0	16800	0	10330	0	2420	0	0	0	0	0	638	0	0	0	0	0	0	0	14260	0	222	0	0	0	0	0	0	0	0	0	658	0	0	5270	21452	3674	0	0	3794	422	1616	0	388	0	666	0	248	0	166	0	0	0	2716	0	0	0	0	0	0	0	0	0	0	0	0	0	0	0	0	0	0	0	0	192	0	0	0	0	0	
30968	Pallidum_L	994	0	362	468	0	0	0	0	0	0	0	0	0	0	0	0	0	0	0	428	0	0	0	0	0	0	0	0	168	0	0	0	0	0	0	0	850	0	0	0	0	0	0	0	0	0	0	0	0	0	0	0	0	0	0	0	544	0	0	0	0	0	0	0	0	0	0	0	2332	0	3260	300	4022	0	0	0	1646	0	0	0	0	0	0	0	0	0	0	0	110	0	0	0	0	0	0	0	0	0	0	0	0	0	0	0	0	0	0	0	0	0	0	0	0	0	0	0	
48712	Pallidum_R	0	1012	0	1420	0	0	0	554	0	0	0	136	0	0	0	0	0	0	0	1602	0	0	0	276	0	0	0	0	0	0	172	652	0	0	0	0	0	3514	0	3480	0	0	0	0	0	0	0	0	0	0	0	0	0	0	0	3418	0	0	0	0	0	0	0	0	0	0	0	0	0	0	1010	2662	496	3794	0	0	0	0	0	0	0	0	0	0	0	0	0	0	0	158	0	0	0	0	0	0	0	0	0	0	0	0	0	0	0	0	0	0	0	0	0	0	0	0	0	0	
176656	Thalamus_L	15638	3812	6824	5602	0	0	1990	150	0	0	0	612	0	0	0	0	200	528	590	7318	0	0	0	0	0	0	0	0	708	520	188	526	0	404	1098	4014	3244	2926	386	142	0	0	0	0	0	0	212	134	0	0	0	0	0	0	166	0	918	204	0	0	0	0	0	0	0	0	0	926	1792	0	10754	1850	1838	422	1646	0	0	9934	0	0	0	0	0	0	0	0	0	0	112	0	0	0	0	0	0	0	0	0	0	0	0	0	0	0	0	0	0	0	0	0	0	0	0	0	0	0	
223948	Thalamus_R	4332	14460	196	13396	0	0	176	240	0	0	188	200	0	0	0	0	0	194	154	20560	0	0	0	192	0	0	0	0	208	578	144	2024	0	1320	1526	5044	1288	7112	0	1484	0	0	0	0	0	0	0	1212	0	0	0	0	0	0	0	248	120	362	0	0	0	140	0	0	0	0	0	2004	504	144	1516	18390	198	1616	0	0	9934	0	0	0	0	0	0	0	0	0	0	0	0	0	0	0	0	0	0	0	0	0	0	0	0	0	0	0	0	0	0	0	0	0	570	0	0	0	0	0	
115336	Heschl_L	4934	0	858	108	0	0	312	0	0	0	938	0	284	0	0	0	7264	0	570	118	0	0	0	0	0	0	0	0	8346	0	0	0	0	0	1934	0	3588	0	0	0	0	0	2712	0	0	0	596	0	164	0	1052	0	0	0	0	0	5502	0	0	0	152	0	160	0	0	0	2710	0	316	0	204	0	374	0	0	0	0	0	0	0	5568	0	0	0	4430	0	0	0	4474	0	0	0	0	0	0	0	0	0	0	0	0	0	0	0	0	0	0	0	0	0	0	0	0	0	0	0	
17996	Heschl_R	0	132	0	0	0	0	0	0	0	0	0	0	0	0	0	0	0	2020	0	102	0	0	0	0	0	0	0	0	0	954	0	0	0	0	0	0	0	264	0	0	0	0	0	0	0	0	0	0	0	150	0	128	0	0	0	0	0	570	0	0	0	0	0	442	0	0	0	126	0	0	0	142	0	388	0	0	0	0	0	0	0	2620	0	0	0	506	0	0	0	454	0	0	0	0	0	0	0	0	0	0	0	0	0	0	0	0	0	0	0	0	0	0	0	0	0	0	
288360	Temporal_Sup_L	5650	0	3428	196	0	0	2966	154	0	0	8728	548	1668	358	0	0	12982	0	1904	0	0	0	510	124	0	0	0	0	13424	452	638	434	402	0	856	0	2632	0	0	0	194	0	912	0	0	0	0	0	1572	0	3666	0	270	0	1586	0	6380	0	838	0	1268	0	5728	0	1158	0	1616	0	146	0	902	182	2202	0	0	0	0	0	5568	0	0	0	4324	0	27844	0	0	0	19770	0	0	0	0	0	0	0	0	0	0	0	0	0	0	0	0	0	0	0	0	0	0	0	0	0	0	0	
93508	Temporal_Sup_R	0	330	0	250	0	0	0	134	0	0	0	824	0	108	0	456	0	5850	0	334	0	0	0	0	0	0	0	0	0	2544	0	0	0	0	0	0	0	826	0	130	0	0	0	156	0	1594	0	114	0	2152	0	1342	0	148	0	472	0	1998	0	0	0	178	0	3356	0	1438	0	1836	0	0	0	184	0	666	0	0	0	0	0	2620	0	0	0	4528	0	10616	0	180	0	1390	0	0	0	0	0	0	0	0	0	0	0	0	0	0	0	0	0	0	0	0	0	0	0	0	0	0	
126772	Temporal_Pole_Sup_L	180	0	1418	276	590	0	470	138	208	0	4820	852	1134	446	1458	0	3484	0	262	98	192	0	592	190	0	0	0	0	8710	704	688	526	0	0	0	0	2008	0	470	0	1068	0	0	0	0	0	0	0	0	0	0	0	0	0	2154	0	0	0	0	0	0	0	0	0	0	0	0	0	0	0	1288	454	1542	0	0	0	0	0	0	0	4324	0	0	0	9786	0	4596	0	8260	0	0	0	0	0	0	0	0	0	0	0	0	0	0	0	0	0	0	0	0	0	0	0	0	0	0	0	
65356	Temporal_Pole_Sup_R	0	0	0	138	0	0	0	0	0	0	0	1274	0	298	0	1278	0	1394	0	114	0	0	0	0	0	0	0	0	0	1544	0	0	0	0	0	0	0	470	0	1286	0	2138	0	0	0	0	0	0	0	0	0	0	0	0	0	4050	0	0	0	0	0	0	0	0	0	0	0	0	0	0	0	0	0	248	0	0	0	0	0	0	0	4528	0	0	0	5202	0	4290	0	4426	0	0	0	0	0	0	0	0	0	0	0	0	0	0	0	0	0	0	0	0	0	0	0	0	0	0	
330768	Temporal_Mid_L	558	0	228	0	0	0	186	0	0	0	128	0	0	0	0	0	2358	0	152	0	0	0	0	0	0	0	0	0	3728	0	0	0	422	0	660	0	2996	0	0	0	542	0	1930	0	454	0	266	0	3194	0	18590	0	2736	0	1954	0	1758	0	1676	0	8184	0	6666	0	12476	0	2280	0	320	0	196	0	1442	0	0	0	0	0	4430	0	27844	0	9786	0	0	0	3738	0	43506	0	0	0	0	0	0	0	0	0	0	0	0	0	0	0	0	0	0	0	0	0	0	0	0	0	0	0	
174504	Temporal_Mid_R	0	294	0	140	0	0	0	0	0	0	0	146	0	0	0	314	0	586	0	244	0	0	0	0	0	0	0	0	0	1236	0	0	0	0	0	0	0	524	0	0	0	0	0	4782	0	4194	0	304	0	7846	0	15182	0	2316	0	244	0	1656	0	126	0	1174	0	3246	0	4670	0	5646	0	0	0	96	0	166	0	0	0	0	0	506	0	10616	0	5202	0	0	0	1556	0	14240	0	0	0	0	0	0	0	0	0	0	0	0	0	0	0	0	0	0	0	0	0	0	0	0	0	0	
30576	Temporal_Pole_Mid_L	0	0	0	0	0	0	0	0	0	0	0	0	0	0	0	0	0	0	0	0	0	0	0	0	0	0	0	0	0	0	0	0	0	0	0	0	154	0	472	0	204	0	0	0	0	0	0	0	0	0	0	0	0	0	1428	0	0	0	0	0	0	0	0	0	0	0	0	0	0	0	0	0	0	0	0	0	0	0	0	0	0	0	4596	0	3738	0	0	0	4696	0	0	0	0	0	0	0	0	0	0	0	0	0	0	0	0	0	0	0	0	0	0	0	0	0	0	0	
19316	Temporal_Pole_Mid_R	0	0	0	0	0	0	0	0	0	0	0	0	0	0	0	0	0	0	0	0	0	0	0	0	0	0	0	0	0	0	0	0	0	0	0	0	0	0	0	284	0	126	0	0	0	0	0	0	0	0	0	0	0	0	0	1270	0	0	0	0	0	0	0	0	0	0	0	0	0	0	0	0	0	0	0	0	0	0	0	0	0	180	0	4290	0	1556	0	0	0	1952	0	0	0	0	0	0	0	0	0	0	0	0	0	0	0	0	0	0	0	0	0	0	0	0	0	0	
403248	Temporal_Inf_L	3520	0	1990	100	0	0	2846	0	0	0	868	152	606	0	128	0	1734	0	1224	0	0	0	164	0	0	0	0	0	15300	138	208	108	372	0	810	0	18212	0	1394	0	1840	0	2074	0	312	0	1326	0	2154	0	10394	0	4596	0	21402	0	1086	0	1110	0	3204	0	3864	0	5008	0	2188	0	582	0	560	164	7366	0	110	0	112	0	4474	0	19770	0	8260	0	43506	0	4696	0	0	0	1156	0	0	0	0	0	0	0	436	0	0	0	0	0	0	0	0	0	0	0	0	0	0	0	0	0	
159596	Temporal_Inf_R	0	124	0	248	0	0	0	0	0	0	0	0	0	0	0	128	0	0	0	296	0	0	0	100	0	0	0	0	0	1434	0	184	0	0	0	0	0	7688	0	2992	0	530	0	4486	0	2538	0	882	0	2540	0	2652	0	6250	0	11068	0	1404	0	0	0	128	0	2222	0	628	0	5154	0	0	0	294	0	2716	0	158	0	0	0	454	0	1390	0	4426	0	14240	0	1952	0	0	0	492	0	0	0	0	0	0	0	0	0	0	0	0	0	0	0	0	0	0	0	0	0	0	0	0	
378616	Cerebelum_Crus1_L	0	0	0	0	0	0	0	0	0	0	0	0	0	0	0	0	0	0	0	0	0	0	0	0	0	0	0	0	0	0	0	0	0	0	0	0	236	0	482	0	0	0	366	0	140	0	7860	330	148	0	504	0	796	0	17940	274	0	0	0	0	0	0	0	0	0	0	0	0	0	0	0	0	0	0	0	0	0	0	0	0	0	0	0	0	0	0	0	0	1156	0	0	3452	25880	1496	708	0	22572	324	49718	2776	8384	122	17588	1364	4902	674	2064	182	334	382	3692	3604	6878	1064	916	0	
348120	Cerebelum_Crus1_R	0	0	0	0	0	0	0	0	0	0	0	0	0	0	0	0	0	0	0	0	0	0	0	0	0	0	0	0	0	0	0	0	0	0	0	0	0	0	0	130	0	0	266	0	122	0	2972	3118	0	0	376	0	690	156	1118	9644	0	0	0	0	0	0	0	0	0	0	0	0	0	0	0	0	0	0	0	0	0	0	0	0	0	0	0	0	0	0	0	0	0	492	3452	0	1370	29896	0	3246	460	18202	4694	40966	0	7992	206	22244	248	1880	0	442	156	856	2748	5364	8836	1038	680	0	
243300	Cerebelum_Crus2_L	0	0	0	0	0	0	0	0	0	0	0	0	0	0	0	0	0	0	0	0	0	0	0	0	0	0	0	0	0	0	0	0	0	0	0	0	0	0	0	0	0	0	0	0	0	0	896	0	0	0	0	0	94	0	1006	0	0	0	0	0	0	0	0	0	0	0	0	0	0	0	0	0	0	0	0	0	0	0	0	0	0	0	0	0	0	0	0	0	0	0	25880	1370	0	3906	154	0	2060	0	6474	546	28752	2368	29454	2968	5494	298	1128	0	0	0	396	302	4888	2898	318	0	
224048	Cerebelum_Crus2_R	0	0	0	0	0	0	0	0	0	0	0	0	0	0	0	0	0	0	0	0	0	0	0	0	0	0	0	0	0	0	0	0	0	0	0	0	0	0	0	0	0	0	114	0	0	0	736	128	0	0	180	0	252	0	284	252	0	0	0	0	0	0	0	0	0	0	0	0	0	0	0	0	0	0	0	0	0	0	0	0	0	0	0	0	0	0	0	0	0	0	1496	29896	3906	0	0	742	0	1808	1412	4210	1590	17246	1214	31260	0	2878	0	794	106	0	112	762	7928	2378	340	0	
16096	Cerebelum_3_L	0	0	0	0	0	0	0	0	0	0	0	0	0	0	0	0	0	0	0	0	0	0	0	0	0	0	0	0	0	0	0	0	0	0	0	0	0	0	476	0	0	0	0	0	0	0	0	0	0	0	0	0	0	0	152	0	0	0	0	0	0	0	0	0	0	0	0	0	0	0	0	0	0	0	0	0	0	0	0	0	0	0	0	0	0	0	0	0	0	0	708	0	154	0	0	0	4346	0	840	0	0	0	162	0	116	0	0	0	588	506	0	0	0	0	0	0	
38616	Cerebelum_3_R	0	0	0	0	0	0	0	0	0	0	0	0	0	0	0	0	0	0	0	0	0	0	0	0	0	0	0	0	0	0	0	0	0	0	0	0	0	0	0	196	0	0	0	0	0	0	0	212	0	0	0	0	0	0	0	270	0	0	0	0	0	0	0	0	0	0	0	0	0	0	0	0	0	0	0	0	0	0	0	0	0	0	0	0	0	0	0	0	0	0	0	3246	0	742	0	0	130	5752	110	4208	0	0	0	1072	0	128	0	0	828	1550	318	0	546	0	0	0	
219276	Cerebelum_4_5_L	0	0	0	0	0	0	0	0	0	0	0	0	0	0	0	0	0	0	0	0	0	0	0	0	0	0	0	0	0	0	0	0	0	0	0	0	436	0	1546	0	0	0	0	0	0	0	4894	586	0	0	0	0	0	0	10770	0	0	0	0	0	0	0	0	0	0	0	0	0	0	0	0	0	0	0	0	0	0	0	0	0	0	0	0	0	0	0	0	0	0	0	22572	460	2060	0	4346	130	0	1514	32162	1802	916	0	4188	0	2948	226	212	94	1512	2090	10426	2424	0	354	492	478	
175416	Cerebelum_4_5_R	0	0	0	0	0	0	0	0	0	0	0	0	0	0	0	0	0	0	0	0	0	0	0	0	0	0	0	0	0	0	0	0	0	0	0	0	0	1514	0	2248	0	0	0	0	0	0	290	4154	0	0	0	0	0	0	542	7288	0	0	0	0	0	0	0	0	0	0	0	276	0	0	0	0	0	0	0	0	0	0	0	0	0	0	0	0	0	0	0	0	0	0	324	18202	0	1808	0	5752	1514	0	1248	27542	0	174	106	2334	116	0	0	0	236	1574	8212	720	1344	190	0	0	
399516	Cerebelum_6_L	0	0	0	0	0	0	0	0	0	0	0	0	0	0	0	0	0	0	0	0	0	0	0	0	0	0	0	0	0	0	0	0	0	0	0	0	264	0	558	0	0	0	644	158	216	0	14590	3752	290	0	918	0	1372	132	22714	1398	0	0	0	0	0	0	0	0	0	0	0	0	0	0	0	0	0	0	0	0	0	0	0	0	0	0	0	0	0	0	0	0	436	0	49718	4694	6474	1412	840	110	32162	1248	0	7182	3620	0	9828	1038	4434	534	738	210	650	834	8070	10076	7188	610	646	0	
317396	Cerebelum_6_R	0	0	0	0	0	0	0	0	0	0	0	0	0	0	0	0	0	0	0	0	0	0	0	0	0	0	0	0	0	0	0	0	0	0	0	0	0	138	0	270	0	0	326	394	0	0	3736	9808	98	0	358	0	522	480	2208	14694	0	0	0	0	0	0	0	0	0	0	0	0	0	0	0	0	0	0	0	0	0	0	0	0	0	0	0	0	0	0	0	0	0	0	2776	40966	546	4210	0	4208	1802	27542	7182	0	0	316	236	4318	462	432	0	576	436	1070	8164	11184	7710	914	616	0	
170536	Cerebelum_7b_L	0	0	0	0	0	0	0	0	0	0	0	0	0	0	0	0	0	0	0	0	0	0	0	0	0	0	0	0	0	0	0	0	0	0	0	0	0	0	0	0	0	0	0	0	0	0	0	0	0	0	0	0	0	0	248	0	0	0	0	0	0	0	0	0	0	0	0	0	0	0	0	0	0	0	0	0	0	0	0	0	0	0	0	0	0	0	0	0	0	0	8384	0	28752	1590	0	0	916	0	3620	0	0	1100	28052	2006	5756	164	198	0	0	0	0	0	1722	2760	0	0	
103096	Cerebelum_7b_R	0	0	0	0	0	0	0	0	0	0	0	0	0	0	0	0	0	0	0	0	0	0	0	0	0	0	0	0	0	0	0	0	0	0	0	0	0	0	0	0	0	0	0	0	0	0	0	0	0	0	0	0	0	0	0	0	0	0	0	0	0	0	0	0	0	0	0	0	0	0	0	0	0	0	0	0	0	0	0	0	0	0	0	0	0	0	0	0	0	0	122	7992	2368	17246	0	0	0	174	0	316	1100	0	734	16844	0	1608	0	0	0	0	0	0	1324	1720	0	0	
255956	Cerebelum_8_L	0	0	0	0	0	0	0	0	0	0	0	0	0	0	0	0	0	0	0	0	0	0	0	0	0	0	0	0	0	0	0	0	0	0	0	0	0	0	0	0	0	0	0	0	0	0	0	0	0	0	0	0	0	0	500	0	0	0	0	0	0	0	0	0	0	0	0	0	0	0	0	0	0	0	0	0	0	0	0	0	0	0	0	0	0	0	0	0	0	0	17588	206	29454	1214	162	0	4188	106	9828	236	28052	734	0	3152	19460	730	612	0	324	372	1514	212	2542	4940	1852	0	
241172	Cerebelum_8_R	0	0	0	0	0	0	0	0	0	0	0	0	0	0	0	0	0	0	0	0	0	0	0	0	0	0	0	0	0	0	0	0	0	0	0	0	0	0	0	0	0	0	0	0	0	0	372	0	0	0	0	0	0	0	0	130	0	0	0	0	0	0	0	0	0	0	0	0	0	0	0	0	0	0	0	0	0	0	0	0	0	0	0	0	0	0	0	0	0	0	1364	22244	2968	31260	0	1072	0	2334	1038	4318	2006	16844	3152	0	416	15940	0	872	178	0	176	450	7092	4856	1504	0	
119744	Cerebelum_9_L	0	0	0	0	0	0	0	0	0	0	0	0	0	0	0	0	0	0	0	0	0	0	0	0	0	0	0	0	0	0	0	0	0	0	0	0	0	0	0	0	0	0	0	0	0	0	0	130	0	0	0	0	0	0	0	140	0	0	0	0	0	0	0	0	0	0	0	0	0	0	0	0	0	0	0	0	0	0	0	0	0	0	0	0	0	0	0	0	0	0	4902	248	5494	0	116	0	2948	116	4434	462	5756	0	19460	416	0	928	2236	390	304	342	2360	2626	1362	1932	2584	186	
84248	Cerebelum_9_R	0	0	0	0	0	0	0	0	0	0	0	0	0	0	0	0	0	0	0	0	0	0	0	0	0	0	0	0	0	0	0	0	0	0	0	0	0	0	0	0	0	0	0	0	0	0	150	0	0	0	0	0	0	0	0	0	0	0	0	0	0	0	0	0	0	0	0	0	0	0	0	0	0	0	0	0	0	0	0	0	0	0	0	0	0	0	0	0	0	0	674	1880	298	2878	0	128	226	0	534	432	164	1608	730	15940	928	0	0	2148	300	124	782	1772	2396	3366	3668	998	
15960	Cerebelum_10_L	0	0	0	0	0	0	0	0	0	0	0	0	0	0	0	0	0	0	0	0	0	0	0	0	0	0	0	0	0	0	0	0	0	0	0	0	0	0	0	0	0	0	0	0	0	0	0	0	0	0	0	0	0	0	0	0	0	0	0	0	0	0	0	0	0	0	0	0	0	0	0	0	0	0	0	0	0	0	0	0	0	0	0	0	0	0	0	0	0	0	2064	0	1128	0	0	0	212	0	738	0	198	0	612	0	2236	0	0	0	0	0	124	222	174	114	158	0	
24496	Cerebelum_10_R	0	0	0	0	0	0	0	0	0	0	0	0	0	0	0	0	0	0	0	0	0	0	0	0	0	0	0	0	0	0	0	0	0	0	0	0	0	0	0	0	0	0	0	0	0	0	110	0	0	0	0	0	0	0	0	0	0	0	0	0	0	0	0	0	0	0	0	0	0	0	0	0	0	0	0	0	0	0	0	0	0	0	0	0	0	0	0	0	0	0	182	442	0	794	0	0	94	0	210	576	0	0	0	872	390	2148	0	0	0	0	408	1090	1672	1494	1638	128	
24492	Vermis_1_2	0	0	0	0	0	0	0	0	0	0	0	0	0	0	0	0	0	0	0	0	0	0	0	0	0	0	0	0	0	0	0	0	0	0	0	0	0	0	0	0	0	0	0	0	0	0	0	0	0	0	0	0	0	0	0	0	0	0	0	0	0	0	0	0	0	0	0	0	0	0	0	0	0	0	0	0	0	0	0	0	0	0	0	0	0	0	0	0	0	0	334	156	0	106	588	828	1512	236	650	436	0	0	324	178	304	300	0	0	0	4034	1748	402	0	0	0	110	
34580	Vermis_3	0	0	0	0	0	0	0	0	0	0	0	0	0	0	0	0	0	0	0	0	0	0	0	0	0	0	0	0	0	0	0	0	0	0	0	0	0	0	110	0	0	0	0	0	0	0	0	0	0	0	0	0	0	0	0	0	0	0	0	0	0	0	0	0	0	0	0	0	0	0	0	0	0	0	0	0	0	0	0	0	0	0	0	0	0	0	0	0	0	0	382	856	0	0	506	1550	2090	1574	834	1070	0	0	372	0	342	124	0	0	4034	0	2750	358	0	122	0	216	
166164	Vermis_4_5	0	1424	0	962	0	0	0	0	0	0	0	0	0	0	0	0	0	0	0	748	0	0	0	0	0	0	0	0	0	194	0	0	0	0	0	2686	0	2868	0	322	0	0	0	144	0	0	1048	3948	0	0	0	0	0	0	1780	1260	0	0	0	0	0	0	0	0	0	0	0	2896	0	0	0	0	0	192	0	0	0	570	0	0	0	0	0	0	0	0	0	0	0	0	3692	2748	396	112	0	318	10426	8212	8070	8164	0	0	1514	176	2360	782	124	408	1748	2750	0	5944	158	942	1726	1270	
162648	Vermis_6	0	0	0	0	0	0	0	0	0	0	0	0	0	0	0	0	0	0	0	0	0	0	0	0	0	0	0	0	0	0	0	0	0	0	0	0	0	0	0	0	0	0	328	366	0	0	6424	6406	134	0	444	0	526	370	2162	4288	0	0	0	0	0	0	0	0	0	0	0	0	0	0	0	0	0	0	0	0	0	0	0	0	0	0	0	0	0	0	0	0	0	0	3604	5364	302	762	0	0	2424	720	10076	11184	0	0	212	450	2626	1772	222	1090	402	358	5944	0	5742	2270	3092	1260	
