data	data	455824	206104	1.05844e+06	806968	106244	131668	516144	230212	66628	37260	337936	214928	305632	219356	136060	83624	324940	162796	823020	841236	37348	45336	493276	534212	36528	95520	17660	34424	668792	452764	271556	674232	306560	832836	135412	106084	199756	298212	75228	210988	16964	62080	374648	472876	252096	354284	225440	292936	276224	331264	691448	261924	196352	99704	339652	505584	330988	192312	225012	170060	331328	173548	152208	114944	243096	181136	483700	571476	181756	110560	148628	547540	285048	533996	39320	43264	130524	159712	156804	29480	292908	129108	78180	68008	365872	145264	47844	60956	346100	319484	380124	294252	240044	166768	22328	26508	245328	194488	403048	360892	171228	66112	237284	175144	100364	134152	29416	35928	28044	42700	204452	182916	93940	89748	85988	14928	
data	data	Precentral_L	Precentral_R	Frontal_Sup_L	Frontal_Sup_R	Frontal_Sup_Orb_L	Frontal_Sup_Orb_R	Frontal_Mid_L	Frontal_Mid_R	Frontal_Mid_Orb_L	Frontal_Mid_Orb_R	Frontal_Inf_Oper_L	Frontal_Inf_Oper_R	Frontal_Inf_Tri_L	Frontal_Inf_Tri_R	Frontal_Inf_Orb_L	Frontal_Inf_Orb_R	Rolandic_Oper_L	Rolandic_Oper_R	Supp_Motor_Area_L	Supp_Motor_Area_R	Olfactory_L	Olfactory_R	Frontal_Sup_Medial_L	Frontal_Sup_Medial_R	Frontal_Med_Orb_L	Frontal_Med_Orb_R	Rectus_L	Rectus_R	Insula_L	Insula_R	Cingulum_Ant_L	Cingulum_Ant_R	Cingulum_Mid_L	Cingulum_Mid_R	Cingulum_Post_L	Cingulum_Post_R	Hippocampus_L	Hippocampus_R	ParaHippocampal_L	ParaHippocampal_R	Amygdala_L	Amygdala_R	Calcarine_L	Calcarine_R	Cuneus_L	Cuneus_R	Lingual_L	Lingual_R	Occipital_Sup_L	Occipital_Sup_R	Occipital_Mid_L	Occipital_Mid_R	Occipital_Inf_L	Occipital_Inf_R	Fusiform_L	Fusiform_R	Postcentral_L	Postcentral_R	Parietal_Sup_L	Parietal_Sup_R	Parietal_Inf_L	Parietal_Inf_R	SupraMarginal_L	SupraMarginal_R	Angular_L	Angular_R	Precuneus_L	Precuneus_R	Paracentral_Lobule_L	Paracentral_Lobule_R	Caudate_L	Caudate_R	Putamen_L	Putamen_R	Pallidum_L	Pallidum_R	Thalamus_L	Thalamus_R	Heschl_L	Heschl_R	Temporal_Sup_L	Temporal_Sup_R	Temporal_Pole_Sup_L	Temporal_Pole_Sup_R	Temporal_Mid_L	Temporal_Mid_R	Temporal_Pole_Mid_L	Temporal_Pole_Mid_R	Temporal_Inf_L	Temporal_Inf_R	Cerebelum_Crus1_L	Cerebelum_Crus1_R	Cerebelum_Crus2_L	Cerebelum_Crus2_R	Cerebelum_3_L	Cerebelum_3_R	Cerebelum_4_5_L	Cerebelum_4_5_R	Cerebelum_6_L	Cerebelum_6_R	Cerebelum_7b_L	Cerebelum_7b_R	Cerebelum_8_L	Cerebelum_8_R	Cerebelum_9_L	Cerebelum_9_R	Cerebelum_10_L	Cerebelum_10_R	Vermis_1_2	Vermis_3	Vermis_4_5	Vermis_6	Vermis_7	Vermis_8	Vermis_9	Vermis_10	
455824	Precentral_L	0	0	19922	302	0	0	18958	0	0	0	19442	0	4312	0	0	0	15240	0	13420	1058	0	0	154	0	0	0	0	0	12812	0	0	0	1226	466	1468	0	6606	0	604	0	0	0	1214	0	126	0	514	0	0	0	4950	0	3534	0	2890	0	34066	0	1782	0	7738	0	2524	0	2680	0	1688	216	15670	0	1682	574	412	0	108	0	6148	302	7698	0	5816	0	0	0	4676	0	0	0	4568	0	174	0	0	0	0	0	0	0	172	0	0	0	0	0	0	0	0	0	0	0	0	0	0	0	0	0	
206104	Precentral_R	0	0	0	12492	0	0	0	6640	0	0	0	4366	0	310	0	0	0	2100	190	8374	0	0	0	210	0	0	0	0	0	5920	138	258	0	4232	0	156	0	5492	0	384	0	0	0	1164	0	0	0	1068	0	110	0	336	0	834	0	5530	0	25326	0	220	0	1342	0	2956	0	580	0	1296	0	2754	0	160	116	566	0	0	0	168	0	334	0	2250	0	126	0	836	0	0	0	3718	0	0	0	0	0	0	0	0	0	0	0	0	0	0	0	0	0	0	0	0	0	0	0	0	0	0	
1.05844e+06	Frontal_Sup_L	19922	0	0	5728	8268	216	61514	0	3986	0	18162	530	18754	432	8476	110	13506	0	101774	12474	0	0	46216	6746	1892	224	0	0	44530	1574	14750	12712	4238	10564	0	0	5342	0	1198	0	0	0	0	0	0	0	0	0	0	0	750	0	136	0	1490	0	10412	0	482	0	654	0	390	0	562	0	436	0	1624	0	9062	14644	27186	4764	3716	384	13264	654	4146	0	6874	0	1188	0	576	0	252	0	1738	0	0	0	0	0	0	0	0	0	0	0	0	0	0	0	0	0	0	0	0	0	0	0	0	0	0	0	
806968	Frontal_Sup_R	302	12492	5728	0	0	6206	1000	32878	0	1610	112	4934	128	7120	0	3860	0	10700	5418	60522	0	0	16816	45146	0	2188	0	0	312	18878	3136	35800	1088	26748	0	0	0	12118	0	5154	0	0	0	302	0	0	0	232	0	0	0	0	0	316	0	7028	0	3360	0	0	0	280	0	392	0	0	0	0	332	0	468	15836	168	23776	148	4700	902	15616	0	712	0	1788	0	0	0	298	0	0	0	6436	0	0	0	0	0	0	0	0	0	0	0	0	0	0	0	0	0	0	0	0	0	0	0	0	0	0	
106244	Frontal_Sup_Orb_L	0	0	8268	0	0	108	1030	0	7706	0	0	0	466	0	5348	0	0	0	434	0	306	0	4818	112	4674	188	3238	0	3276	0	3976	0	0	0	0	0	0	0	0	0	0	0	0	0	0	0	0	0	0	0	0	0	0	0	0	0	0	0	0	0	0	0	0	0	0	0	0	0	0	0	350	0	8630	0	0	0	0	0	0	0	0	0	194	0	0	0	0	0	0	0	0	0	0	0	0	0	0	0	0	0	0	0	0	0	0	0	0	0	0	0	0	0	0	0	0	0	
131668	Frontal_Sup_Orb_R	0	0	216	6206	108	0	0	2624	0	5088	0	910	0	1228	0	3494	0	0	454	766	0	270	612	4842	966	12248	0	6036	0	1254	1316	3654	0	466	0	0	0	0	0	0	0	0	0	0	0	0	0	0	0	0	0	0	0	0	0	0	0	0	0	0	0	0	0	0	0	0	0	0	0	0	0	6804	0	6272	0	0	0	0	0	0	0	0	0	0	0	0	0	0	0	0	0	0	0	0	0	0	0	0	0	0	0	0	0	0	0	0	0	0	0	0	0	0	0	0	0	0	
516144	Frontal_Mid_L	18958	0	61514	1000	1030	0	0	0	3242	0	19994	0	34932	0	8972	0	15558	0	10356	458	0	0	18754	1830	262	0	0	0	24994	0	2038	2568	3900	2574	0	354	328	0	0	0	0	0	0	0	0	0	0	0	0	0	0	0	0	0	0	0	7344	0	0	0	106	0	0	0	0	0	0	0	0	0	830	316	2388	0	0	0	2130	0	3910	0	7156	0	276	0	0	0	0	0	0	0	0	0	0	0	0	0	0	0	0	0	0	0	0	0	0	0	0	0	0	0	0	0	0	0	0	0	
230212	Frontal_Mid_R	0	6640	0	32878	0	2624	0	0	0	2042	0	8246	0	16830	0	4900	0	416	214	4348	0	0	926	6108	0	0	0	0	0	7966	414	4072	0	2232	0	0	0	1864	0	984	0	0	0	0	0	0	0	0	0	0	0	0	0	132	0	1642	0	1296	0	0	0	222	0	380	0	0	0	0	0	0	0	1048	0	4384	0	0	0	618	0	0	0	178	0	0	0	0	0	0	0	1502	0	0	0	0	0	0	0	0	0	0	0	0	0	0	0	0	0	0	0	0	0	0	0	0	0	0	
66628	Frontal_Mid_Orb_L	0	0	3986	0	7706	0	3242	0	0	0	0	0	2214	0	9048	0	0	0	0	0	0	0	108	0	790	0	1686	0	1714	0	770	0	0	0	0	0	0	0	0	0	0	0	0	0	0	0	0	0	0	0	0	0	0	0	0	0	0	0	0	0	0	0	0	0	0	0	0	0	0	0	0	0	2050	0	0	0	0	0	0	0	0	0	0	0	0	0	0	0	0	0	0	0	0	0	0	0	0	0	0	0	0	0	0	0	0	0	0	0	0	0	0	0	0	0	0	0	
37260	Frontal_Mid_Orb_R	0	0	0	1610	0	5088	0	2042	0	0	0	0	0	598	0	6284	0	0	0	216	0	0	0	250	0	166	0	130	0	310	0	0	0	0	0	0	0	0	0	0	0	0	0	0	0	0	0	0	0	0	0	0	0	0	0	0	0	0	0	0	0	0	0	0	0	0	0	0	0	0	0	630	0	1306	0	0	0	0	0	0	0	0	0	0	0	0	0	0	0	0	0	0	0	0	0	0	0	0	0	0	0	0	0	0	0	0	0	0	0	0	0	0	0	0	0	0	
337936	Frontal_Inf_Oper_L	19442	0	18162	112	0	0	19994	0	0	0	0	0	20800	0	714	0	18634	0	12146	294	0	0	3794	0	0	0	0	0	22598	124	2132	464	962	340	0	0	0	0	0	0	0	0	0	0	0	0	0	0	0	0	1360	0	194	0	0	0	7028	0	436	0	1686	0	242	0	900	0	586	0	0	0	814	510	452	204	0	0	0	0	1786	0	8666	0	2554	0	334	0	292	0	212	0	0	0	0	0	0	0	0	0	0	0	0	0	0	0	0	0	0	0	0	0	0	0	0	0	0	0	
214928	Frontal_Inf_Oper_R	0	4366	530	4934	0	910	0	8246	0	0	0	0	0	15428	0	878	0	4214	1460	4672	0	0	262	7686	0	0	0	0	0	22024	872	11780	0	2666	0	0	0	304	0	236	0	0	0	0	0	0	0	0	0	0	0	0	0	0	0	344	0	1034	0	0	0	0	0	0	0	0	0	0	0	0	0	5846	0	7134	0	0	0	0	0	0	0	394	0	952	0	0	0	0	0	292	0	0	0	0	0	0	0	0	0	0	0	0	0	0	0	0	0	0	0	0	0	0	0	0	0	0	
305632	Frontal_Inf_Tri_L	4312	0	18754	128	466	0	34932	0	2214	0	20800	0	0	0	11534	0	2826	0	5898	342	0	0	8860	136	0	0	0	0	24996	0	2432	2400	5072	2362	0	0	0	0	0	0	0	0	0	0	0	0	0	0	0	0	0	0	0	0	0	0	874	0	0	0	0	0	0	0	0	0	0	0	0	0	182	0	920	0	0	0	0	0	474	0	1174	0	728	0	0	0	0	0	0	0	0	0	0	0	0	0	0	0	0	0	0	0	0	0	0	0	0	0	0	0	0	0	0	0	0	0	
219356	Frontal_Inf_Tri_R	0	310	432	7120	0	1228	0	16830	0	598	0	15428	0	0	0	6830	0	578	1118	4328	0	0	312	9362	0	0	0	0	0	20574	224	7446	0	2430	0	0	0	472	0	290	0	0	0	0	0	0	0	0	0	0	0	0	0	0	0	430	0	362	0	0	0	0	0	0	0	0	0	0	0	0	0	5488	0	6700	0	0	0	118	0	0	0	0	0	266	0	0	0	0	0	404	0	0	0	0	0	0	0	0	0	0	0	0	0	0	0	0	0	0	0	0	0	0	0	0	0	0	
136060	Frontal_Inf_Orb_L	0	0	8476	0	5348	0	8972	0	9048	0	714	0	11534	0	0	0	0	0	440	0	468	0	1256	0	0	0	224	0	13420	0	292	154	558	142	0	0	0	0	0	0	0	0	0	0	0	0	0	0	0	0	0	0	0	0	0	0	0	0	0	0	0	0	0	0	0	0	0	0	0	0	184	0	6056	0	0	0	0	0	0	0	254	0	490	0	0	0	0	0	0	0	0	0	0	0	0	0	0	0	0	0	0	0	0	0	0	0	0	0	0	0	0	0	0	0	0	0	
83624	Frontal_Inf_Orb_R	0	0	110	3860	0	3494	0	4900	0	6284	0	878	0	6830	0	0	0	0	168	874	0	414	0	1186	0	0	0	454	0	6162	0	458	0	392	0	0	0	0	0	0	0	0	0	0	0	0	0	0	0	0	0	0	0	0	0	0	0	0	0	0	0	0	0	0	0	0	0	0	0	0	0	1266	0	4082	0	0	0	0	0	0	0	0	0	0	0	0	0	0	0	0	0	0	0	0	0	0	0	0	0	0	0	0	0	0	0	0	0	0	0	0	0	0	0	0	0	0	
324940	Rolandic_Oper_L	15240	0	13506	0	0	0	15558	0	0	0	18634	0	2826	0	0	0	0	0	8574	132	0	0	622	0	0	0	0	0	24496	0	156	0	0	116	0	0	882	0	164	0	0	0	0	0	0	0	120	0	0	0	568	0	434	0	648	0	17452	0	0	0	540	0	1618	0	248	0	0	0	0	0	0	0	384	0	0	0	158	0	11408	0	20146	0	2300	0	2578	0	380	0	2582	0	0	0	0	0	0	0	0	0	0	0	0	0	0	0	0	0	0	0	0	0	0	0	0	0	0	0	
162796	Rolandic_Oper_R	0	2100	0	10700	0	0	0	416	0	0	0	4214	0	578	0	0	0	0	1056	8014	0	0	144	634	0	0	0	0	0	18588	690	2602	0	3108	0	0	0	468	0	166	0	0	0	0	0	0	0	0	0	0	0	0	0	0	0	504	0	3582	0	0	0	0	0	2924	0	0	0	0	0	198	0	1172	0	3558	0	160	0	0	0	4302	0	8984	0	1584	0	552	0	0	0	400	0	0	0	0	0	0	0	0	0	0	0	0	0	0	0	0	0	0	0	0	0	0	0	0	0	0	
823020	Supp_Motor_Area_L	13420	190	101774	5418	434	454	10356	214	0	0	12146	1460	5898	1118	440	168	8574	1056	0	33148	0	0	8680	7630	0	252	0	0	28118	3010	6740	15264	9662	23836	1066	0	5794	112	1210	0	0	0	0	0	0	0	0	0	0	0	788	0	138	0	1484	104	5786	0	458	0	556	0	384	0	528	0	610	232	7456	196	5644	19026	22020	6074	5718	480	13150	1906	2380	0	4950	242	1004	0	576	0	252	0	1726	0	0	0	0	0	0	0	0	0	0	0	0	0	0	0	0	0	0	0	0	0	0	0	0	0	0	0	
841236	Supp_Motor_Area_R	1058	8374	12474	60522	0	766	458	4348	0	216	294	4672	342	4328	0	874	132	8014	33148	0	0	148	3262	20436	0	294	0	0	1136	16484	1478	20608	3022	62996	478	2528	492	7848	0	2676	0	118	0	2322	0	1046	0	990	0	716	0	438	0	514	0	4936	0	4460	124	722	0	1068	0	1462	0	484	520	8668	2332	11792	1030	31150	1040	21428	458	4804	3090	23164	0	346	0	2518	0	210	0	1038	0	0	0	3724	0	0	0	0	0	0	0	0	0	0	0	0	0	0	0	0	0	0	0	0	0	0	0	0	0	0	
37348	Olfactory_L	0	0	0	0	306	0	0	0	0	0	0	0	0	0	468	0	0	0	0	0	0	3194	0	0	0	0	0	0	1588	0	2420	1190	0	0	0	0	244	0	0	0	102	0	0	0	0	0	0	0	0	0	0	0	0	0	124	0	0	0	0	0	0	0	0	0	0	0	0	0	0	0	4316	2738	866	170	0	248	0	0	0	0	274	0	308	0	0	0	0	0	118	0	0	0	0	0	0	0	0	0	0	0	0	0	0	0	0	0	0	0	0	0	0	0	0	0	0	0	
45336	Olfactory_R	0	0	0	0	0	270	0	0	0	0	0	0	0	0	0	414	0	0	0	148	3194	0	0	0	0	784	0	592	0	1040	2852	2804	0	0	0	0	0	162	0	108	0	192	0	0	0	0	0	0	0	0	0	0	0	0	0	0	0	0	0	0	0	0	0	0	0	0	0	0	0	0	3456	4874	246	894	0	426	0	212	0	0	0	0	0	0	0	0	0	0	0	0	0	0	0	0	0	0	0	0	0	0	0	0	0	0	0	0	0	0	0	0	0	0	0	0	0	0	
493276	Frontal_Sup_Medial_L	154	0	46216	16816	4818	612	18754	926	108	0	3794	262	8860	312	1256	0	622	144	8680	3262	0	0	0	29156	3078	1550	130	0	7764	650	21902	27614	10522	20530	0	0	0	0	0	0	0	0	0	0	0	0	0	0	0	0	0	0	0	0	0	0	0	0	0	0	0	0	0	0	0	0	0	0	0	0	1662	1386	4318	516	0	0	0	0	0	0	264	0	0	0	0	0	0	0	0	0	0	0	0	0	0	0	0	0	0	0	0	0	0	0	0	0	0	0	0	0	0	0	0	0	0	0	
534212	Frontal_Sup_Medial_R	0	210	6746	45146	112	4842	1830	6108	0	250	0	7686	136	9362	0	1186	0	634	7630	20436	0	0	29156	0	102	5392	0	0	490	10140	6484	46488	2456	30686	0	0	0	232	0	206	0	0	0	0	0	0	0	0	0	0	0	0	0	0	0	228	0	178	0	0	0	0	0	0	0	0	0	0	0	0	104	12468	0	9658	0	0	0	0	0	0	0	102	0	0	0	0	0	0	0	222	0	0	0	0	0	0	0	0	0	0	0	0	0	0	0	0	0	0	0	0	0	0	0	0	0	0	
36528	Frontal_Med_Orb_L	0	0	1892	0	4674	966	262	0	790	0	0	0	0	0	0	0	0	0	0	0	0	0	3078	102	0	1476	1254	152	0	0	2558	124	0	0	0	0	0	0	0	0	0	0	0	0	0	0	0	0	0	0	0	0	0	0	0	0	0	0	0	0	0	0	0	0	0	0	0	0	0	0	238	0	698	0	0	0	0	0	0	0	0	0	0	0	0	0	0	0	0	0	0	0	0	0	0	0	0	0	0	0	0	0	0	0	0	0	0	0	0	0	0	0	0	0	0	0	
95520	Frontal_Med_Orb_R	0	0	224	2188	188	12248	0	0	0	166	0	0	0	0	0	0	0	0	252	294	0	784	1550	5392	1476	0	152	5116	0	0	1858	4636	0	140	0	0	0	0	0	0	0	0	0	0	0	0	0	0	0	0	0	0	0	0	0	0	0	0	0	0	0	0	0	0	0	0	0	0	0	0	0	6424	0	4672	0	0	0	0	0	0	0	0	0	0	0	0	0	0	0	0	0	0	0	0	0	0	0	0	0	0	0	0	0	0	0	0	0	0	0	0	0	0	0	0	0	0	
17660	Rectus_L	0	0	0	0	3238	0	0	0	1686	0	0	0	0	0	224	0	0	0	0	0	0	0	130	0	1254	152	0	132	0	0	1032	0	0	0	0	0	0	0	0	0	0	0	0	0	0	0	0	0	0	0	0	0	0	0	0	0	0	0	0	0	0	0	0	0	0	0	0	0	0	0	212	0	770	0	0	0	0	0	0	0	0	0	0	0	0	0	0	0	0	0	0	0	0	0	0	0	0	0	0	0	0	0	0	0	0	0	0	0	0	0	0	0	0	0	0	0	
34424	Rectus_R	0	0	0	0	0	6036	0	0	0	130	0	0	0	0	0	454	0	0	0	0	0	592	0	0	152	5116	132	0	0	646	0	564	0	0	0	0	0	0	0	0	0	0	0	0	0	0	0	0	0	0	0	0	0	0	0	0	0	0	0	0	0	0	0	0	0	0	0	0	0	0	0	1710	0	1680	0	0	0	0	0	0	0	0	0	0	0	0	0	0	0	0	0	0	0	0	0	0	0	0	0	0	0	0	0	0	0	0	0	0	0	0	0	0	0	0	0	0	
668792	Insula_L	12812	0	44530	312	3276	0	24994	0	1714	0	22598	0	24996	0	13420	0	24496	0	28118	1136	1588	0	7764	490	0	0	0	0	0	0	3654	3048	4586	2522	0	0	10578	0	1254	0	168	0	116	0	0	0	352	0	0	0	1044	0	1964	0	7942	0	9280	0	188	0	314	0	298	0	354	0	178	0	0	0	4422	2462	15748	114	0	0	564	0	11950	0	18842	0	4490	0	4102	0	1904	0	9566	0	148	0	0	0	0	0	0	0	0	0	0	0	0	0	0	0	0	0	0	0	0	0	0	0	0	0	
452764	Insula_R	0	5920	1574	18878	0	1254	0	7966	0	310	124	22024	0	20574	0	6162	0	18588	3010	16484	0	1040	650	10140	0	0	0	646	0	0	712	13222	0	6092	0	0	0	3902	0	1846	0	0	0	152	0	0	0	252	0	0	0	0	0	406	0	4682	0	2482	0	0	0	156	0	528	0	0	0	196	0	624	0	11744	0	26456	0	168	0	0	0	2546	0	6382	0	2412	0	1610	0	0	0	4468	0	0	0	0	0	0	0	0	0	0	0	0	0	0	0	0	0	0	0	0	0	0	0	0	0	0	
271556	Cingulum_Ant_L	0	138	14750	3136	3976	1316	2038	414	770	0	2132	872	2432	224	292	0	156	690	6740	1478	2420	2852	21902	6484	2558	1858	1032	0	3654	712	0	18834	5656	5098	0	0	0	0	0	0	0	0	0	0	0	0	0	0	0	0	0	0	0	0	0	0	0	0	0	0	0	0	0	0	0	0	0	0	0	0	7656	5642	6138	1108	0	476	0	0	0	0	0	0	0	144	0	0	0	0	0	0	0	0	0	0	0	0	0	0	0	0	0	0	0	0	0	0	0	0	0	0	0	0	0	0	0	0	
674232	Cingulum_Ant_R	0	258	12712	35800	0	3654	2568	4072	0	0	464	11780	2400	7446	154	458	0	2602	15264	20608	1190	2804	27614	46488	124	4636	0	564	3048	13222	18834	0	5982	39050	0	0	102	210	0	186	0	0	0	0	0	0	0	0	0	0	0	0	0	0	0	200	0	0	0	0	0	0	0	0	0	0	0	0	0	0	2394	30574	448	17872	0	582	0	0	0	0	0	0	0	574	0	0	0	0	0	178	0	0	0	0	0	0	0	0	0	0	0	0	0	0	0	0	0	0	0	0	0	0	0	0	0	0	
306560	Cingulum_Mid_L	1226	0	4238	1088	0	0	3900	0	0	0	962	0	5072	0	558	0	0	0	9662	3022	0	0	10522	2456	0	0	0	0	4586	0	5656	5982	0	18910	6414	390	0	0	0	0	0	0	3060	1350	1918	3202	398	280	1214	748	9466	232	310	0	0	134	800	0	1614	160	2996	0	1216	0	2130	0	16286	8640	8506	0	0	156	0	120	0	0	0	0	0	0	176	0	0	0	2528	0	0	0	996	0	0	0	0	0	0	0	0	0	0	0	0	0	0	0	0	0	0	0	0	0	0	0	0	0	0	0	
832836	Cingulum_Mid_R	466	4232	10564	26748	0	466	2574	2232	0	0	340	2666	2362	2430	142	392	116	3108	23836	62996	0	0	20530	30686	0	140	0	0	2522	6092	5098	39050	18910	0	5408	4958	0	638	0	218	0	0	212	14010	188	10616	294	3152	0	8240	192	2678	0	692	0	1980	0	5014	168	2636	0	2178	0	930	0	1330	6438	37196	3514	13152	0	9296	140	4998	0	0	402	1414	0	178	0	1428	0	0	104	2042	0	0	0	1686	0	0	0	0	0	0	0	0	0	0	0	0	0	0	0	0	0	0	0	0	0	0	0	0	0	0	
135412	Cingulum_Post_L	1468	0	0	0	0	0	0	0	0	0	0	0	0	0	0	0	0	0	1066	478	0	0	0	0	0	0	0	0	0	0	0	0	6414	5408	0	7052	1852	972	652	0	0	0	2714	1114	2452	3706	1190	576	900	766	2732	116	486	0	540	114	0	0	0	0	102	0	0	0	112	0	8870	8562	4236	0	434	0	0	0	0	0	374	416	0	0	0	0	0	0	1456	0	0	0	0	0	0	0	0	0	0	0	0	0	202	0	0	0	0	0	0	0	0	0	0	0	174	0	0	0	0	0	
106084	Cingulum_Post_R	0	156	0	0	0	0	354	0	0	0	0	0	0	0	0	0	0	0	0	2528	0	0	0	0	0	0	0	0	0	0	0	0	390	4958	7052	0	2110	2830	228	116	0	0	232	4250	464	1752	0	2790	0	318	206	170	0	598	0	1828	0	0	0	278	0	184	0	0	0	184	1668	12414	192	630	0	0	0	0	0	0	954	1046	0	0	0	0	0	0	174	0	0	0	0	1280	0	0	0	0	0	0	0	160	0	0	0	0	0	0	0	0	0	0	0	0	548	0	0	0	0	0	
199756	Hippocampus_L	6606	0	5342	0	0	0	328	0	0	0	0	0	0	0	0	0	882	0	5794	492	244	0	0	0	0	0	0	0	10578	0	0	102	0	0	1852	2110	0	822	7842	0	3350	0	528	0	0	0	1778	0	0	0	0	0	128	0	14228	0	2204	0	0	0	0	0	0	0	0	0	1650	376	284	0	156	934	8598	0	488	0	2390	1054	1864	0	3380	0	894	0	1586	0	626	0	10162	0	0	0	0	0	0	0	118	0	108	0	0	0	0	0	0	0	0	0	0	0	0	0	0	0	0	0	
298212	Hippocampus_R	0	5492	0	12118	0	0	0	1864	0	0	0	304	0	472	0	0	0	468	112	7848	0	162	0	232	0	0	0	0	0	3902	0	210	0	638	972	2830	822	0	0	22176	0	7000	0	112	0	0	0	1716	0	0	0	0	0	0	0	29022	0	740	0	0	0	116	0	266	0	0	0	1630	0	0	0	1100	0	18454	0	428	302	2940	0	0	0	690	0	1536	0	630	0	1712	0	19848	0	0	0	0	0	0	0	242	0	0	0	0	0	0	0	0	0	0	0	0	0	0	0	0	0	0	
75228	ParaHippocampal_L	604	0	1198	0	0	0	0	0	0	0	0	0	0	0	0	0	164	0	1210	0	0	0	0	0	0	0	0	0	1254	0	0	0	0	0	652	228	7842	0	0	0	654	0	1388	0	698	0	3698	0	0	0	0	0	1970	0	5832	0	314	0	0	0	0	0	0	0	0	0	3116	236	252	0	0	184	1882	0	266	0	402	310	406	0	310	0	178	0	0	0	0	0	882	0	148	0	0	0	0	0	528	0	808	0	0	0	0	0	0	0	0	0	0	0	0	0	0	0	0	0	
210988	ParaHippocampal_R	0	384	0	5154	0	0	0	984	0	0	0	236	0	290	0	0	0	166	0	2676	0	108	0	206	0	0	0	0	0	1846	0	186	0	218	0	116	0	22176	0	0	0	7196	0	0	0	0	0	3758	0	0	0	0	0	222	0	24890	0	186	0	0	0	0	0	0	0	0	0	894	0	0	0	702	0	12326	0	324	0	550	0	0	0	186	0	2452	0	114	0	3418	0	11766	0	0	0	0	0	198	0	1566	0	0	0	0	0	0	0	0	0	0	0	0	0	0	0	0	0	0	
16964	Amygdala_L	0	0	0	0	0	0	0	0	0	0	0	0	0	0	0	0	0	0	0	0	102	0	0	0	0	0	0	0	168	0	0	0	0	0	0	0	3350	0	654	0	0	0	0	0	0	0	0	0	0	0	0	0	0	0	2478	0	0	0	0	0	0	0	0	0	0	0	0	0	0	0	0	0	280	0	0	0	0	0	0	0	0	0	148	0	190	0	0	0	1112	0	0	0	0	0	0	0	0	0	0	0	0	0	0	0	0	0	0	0	0	0	0	0	0	0	0	0	
62080	Amygdala_R	0	0	0	0	0	0	0	0	0	0	0	0	0	0	0	0	0	0	0	118	0	192	0	0	0	0	0	0	0	0	0	0	0	0	0	0	0	7000	0	7196	0	0	0	0	0	0	0	0	0	0	0	0	0	0	0	7574	0	0	0	0	0	0	0	0	0	0	0	0	0	0	0	124	0	1672	0	0	0	104	0	0	0	0	0	2886	0	0	0	3164	0	1010	0	0	0	0	0	0	0	0	0	0	0	0	0	0	0	0	0	0	0	0	0	0	0	0	0	0	
374648	Calcarine_L	1214	0	0	0	0	0	0	0	0	0	0	0	0	0	0	0	0	0	0	0	0	0	0	0	0	0	0	0	116	0	0	0	3060	212	2714	232	528	0	1388	0	0	0	0	9590	20970	6986	18832	4258	20152	4118	38458	632	7854	126	3208	436	556	0	3200	0	678	0	408	0	1022	0	17440	2200	5266	0	0	0	0	0	0	0	0	0	108	0	152	0	0	0	7042	0	0	0	3148	0	356	0	0	0	0	0	0	0	664	0	0	0	0	0	0	0	0	0	0	0	0	0	0	0	0	0	
472876	Calcarine_R	0	1164	0	302	0	0	0	0	0	0	0	0	0	0	0	0	0	0	0	2322	0	0	0	0	0	0	0	0	0	152	0	0	1350	14010	1114	4250	0	112	0	0	0	0	9590	0	7394	32340	5224	30842	316	33220	276	21744	0	8210	0	9198	0	2544	0	1298	0	716	0	470	0	1086	3048	30192	166	2240	0	0	0	0	0	0	0	0	0	0	0	0	0	0	0	6934	0	0	0	3832	0	0	0	0	0	0	0	0	0	158	0	0	0	0	0	0	0	0	0	0	270	354	0	0	0	0	
252096	Cuneus_L	126	0	0	0	0	0	0	0	0	0	0	0	0	0	0	0	0	0	0	0	0	0	0	0	0	0	0	0	0	0	0	0	1918	188	2452	464	0	0	698	0	0	0	20970	7394	0	12800	5222	154	21204	4674	13688	260	1738	0	1464	0	0	0	3378	0	0	0	0	0	0	0	15712	5808	2328	0	0	0	0	0	0	0	0	0	0	0	0	0	0	0	2198	0	0	0	594	0	188	0	0	0	0	0	0	0	428	0	0	0	0	0	0	0	0	0	0	0	0	0	0	0	0	0	
354284	Cuneus_R	0	0	0	0	0	0	0	0	0	0	0	0	0	0	0	0	0	0	0	1046	0	0	0	0	0	0	0	0	0	0	0	0	3202	10616	3706	1752	0	0	0	0	0	0	6986	32340	12800	0	1518	3486	3442	30792	3762	5896	0	372	0	888	0	0	1048	2558	358	446	0	0	0	730	15818	31562	0	554	0	0	0	0	0	0	0	0	0	0	0	0	0	0	1200	148	0	0	0	0	0	0	0	0	0	0	0	0	0	0	0	0	0	0	0	0	0	0	0	0	116	0	0	0	0	0	
225440	Lingual_L	514	0	0	0	0	0	0	0	0	0	0	0	0	0	0	0	120	0	0	0	0	0	0	0	0	0	0	0	352	0	0	0	398	294	1190	0	1778	0	3698	0	0	0	18832	5224	5222	1518	0	4350	4730	680	14658	0	9732	0	13116	206	0	0	0	0	0	0	0	0	0	0	5196	800	660	0	0	0	0	0	0	0	0	0	200	0	114	0	0	0	1068	0	0	0	1780	0	2622	414	212	0	302	0	4178	886	4074	1152	180	0	214	0	0	0	0	0	0	0	1364	692	0	0	0	0	
292936	Lingual_R	0	1068	0	232	0	0	0	0	0	0	0	0	0	0	0	0	0	0	0	990	0	0	0	0	0	0	0	0	0	252	0	0	280	3152	576	2790	0	1716	0	3758	0	0	4258	30842	154	3486	4350	0	0	7398	0	8066	140	6916	346	18020	0	2864	0	614	0	120	0	0	0	148	712	16296	0	1670	0	0	0	0	0	0	0	202	0	0	0	0	0	0	0	980	0	0	0	2152	824	3190	0	162	0	424	598	3728	1722	5176	0	0	0	0	0	0	0	0	0	212	2642	2930	312	0	0	0	
276224	Occipital_Sup_L	0	0	0	0	0	0	0	0	0	0	0	0	0	0	0	0	0	0	0	0	0	0	0	0	0	0	0	0	0	0	0	0	1214	0	900	0	0	0	0	0	0	0	20152	316	21204	3442	4730	0	0	248	42576	0	1506	0	1058	0	340	0	11462	124	2278	0	180	0	702	0	14582	4934	614	0	0	0	0	0	0	0	0	0	0	0	0	0	0	0	4386	0	0	0	996	0	0	0	0	0	0	0	0	0	168	0	0	0	0	0	0	0	0	0	0	0	0	0	0	0	0	0	
331264	Occipital_Sup_R	0	110	0	0	0	0	0	0	0	0	0	0	0	0	0	0	0	0	0	716	0	0	0	0	0	0	0	0	0	0	0	0	748	8240	766	318	0	0	0	0	0	0	4118	33220	4674	30792	680	7398	248	0	324	26140	0	730	0	2384	0	0	194	10040	0	3974	0	0	0	9904	2608	15976	0	764	0	0	0	0	0	0	0	0	0	0	0	0	0	0	0	458	0	0	0	108	0	0	0	0	0	0	0	0	0	0	0	0	0	0	0	0	0	0	0	0	0	0	0	0	0	0	
691448	Occipital_Mid_L	4950	0	750	0	0	0	0	0	0	0	1360	0	0	0	0	0	568	0	788	0	0	0	0	0	0	0	0	0	1044	0	0	0	9466	192	2732	206	0	0	0	0	0	0	38458	276	13688	3762	14658	0	42576	324	0	0	24806	0	10654	0	2718	0	17946	142	30132	0	7690	0	32782	0	24782	4552	8016	0	0	0	0	0	0	0	0	0	300	0	1040	0	0	0	32032	0	0	0	11022	0	460	0	0	0	0	0	0	0	554	142	0	0	0	0	0	0	0	0	0	0	0	156	0	0	0	0	
261924	Occipital_Mid_R	0	336	0	0	0	0	0	0	0	0	0	0	0	0	0	0	0	0	0	438	0	0	0	0	0	0	0	0	0	0	0	0	232	2678	116	170	0	0	0	0	0	0	632	21744	260	5896	0	8066	0	26140	0	0	0	8094	0	4178	0	310	0	6274	0	7208	0	644	0	20404	390	5146	0	358	0	0	0	0	0	0	0	0	0	0	0	240	0	0	0	9306	0	0	0	1702	0	0	0	0	0	0	0	0	0	0	0	0	0	0	0	0	0	0	0	0	0	0	0	0	0	0	
196352	Occipital_Inf_L	3534	0	136	0	0	0	0	0	0	0	194	0	0	0	0	0	434	0	138	0	0	0	0	0	0	0	0	0	1964	0	0	0	310	0	486	0	128	0	1970	0	0	0	7854	0	1738	0	9732	140	1506	0	24806	0	0	0	18474	0	606	0	128	0	474	0	468	0	672	0	2580	164	2394	0	0	0	0	0	0	0	0	0	1522	0	430	0	0	0	5088	0	0	0	6724	0	1010	0	0	0	0	0	0	0	1888	184	0	0	0	0	0	0	0	0	0	0	102	198	0	0	0	0	
99704	Occipital_Inf_R	0	834	0	316	0	0	0	132	0	0	0	0	0	0	0	0	0	0	0	514	0	0	0	0	0	0	0	0	0	406	0	0	0	692	0	598	0	0	0	222	0	0	126	8210	0	372	0	6916	0	730	0	8094	0	0	0	11328	0	122	0	0	0	0	0	0	0	0	0	1686	0	0	0	0	0	0	0	0	0	0	0	0	0	0	0	0	0	746	0	0	0	7654	0	0	0	0	0	0	0	0	0	154	0	0	0	0	0	0	0	0	0	0	0	0	0	0	0	0	
339652	Fusiform_L	2890	0	1490	0	0	0	0	0	0	0	0	0	0	0	0	0	648	0	1484	0	124	0	0	0	0	0	0	0	7942	0	0	0	0	0	540	0	14228	0	5832	0	2478	0	3208	0	1464	0	13116	346	1058	0	10654	0	18474	0	0	0	978	0	0	0	0	0	0	0	0	0	2496	168	790	0	0	0	2290	0	0	0	0	0	2592	0	3430	0	2048	0	3918	0	2350	0	20582	0	16212	432	384	0	136	0	4126	258	17632	1108	102	0	0	0	0	0	0	0	0	0	660	1158	0	0	0	0	
505584	Fusiform_R	0	5530	0	7028	0	0	0	1642	0	0	0	344	0	430	0	0	0	504	104	4936	0	0	0	228	0	0	0	0	0	4682	0	200	134	1980	114	1828	0	29022	0	24890	0	7574	436	9198	0	888	206	18020	0	2384	0	4178	0	11328	0	0	0	2446	0	584	0	1064	0	2768	0	450	138	4514	0	152	0	1002	0	16732	0	346	0	138	0	134	0	3584	0	5184	0	2346	0	6868	0	39288	442	8722	0	110	0	150	538	3772	756	10276	0	0	0	0	0	0	0	0	0	0	982	1292	206	0	0	0	
330988	Postcentral_L	34066	0	10412	0	0	0	7344	0	0	0	7028	0	874	0	0	0	17452	0	5786	0	0	0	0	0	0	0	0	0	9280	0	0	0	800	0	0	0	2204	0	314	0	0	0	556	0	0	0	0	0	340	0	2718	0	606	0	978	0	0	0	7664	0	20552	0	7928	0	3744	0	2980	0	2442	0	0	0	196	0	0	0	220	0	9580	0	6286	0	112	0	1562	0	0	0	1470	0	0	0	0	0	0	0	0	0	0	0	0	0	0	0	0	0	0	0	0	0	0	0	0	0	0	0	
192312	Postcentral_R	0	25326	0	3360	0	0	0	1296	0	0	0	1034	0	362	0	0	0	3582	0	4460	0	0	0	178	0	0	0	0	0	2482	0	0	0	5014	0	0	0	740	0	186	0	0	0	2544	0	0	0	2864	0	0	0	310	0	122	0	2446	0	0	0	4158	0	7152	0	12058	0	1110	176	5460	0	6844	0	0	0	156	0	0	0	0	0	180	0	752	0	0	0	450	0	0	0	1354	0	0	0	0	0	0	0	0	0	0	0	0	0	0	0	0	0	0	0	0	0	0	0	0	0	0	
225012	Parietal_Sup_L	1782	0	482	0	0	0	0	0	0	0	436	0	0	0	0	0	0	0	458	124	0	0	0	0	0	0	0	0	188	0	0	0	1614	168	0	0	0	0	0	0	0	0	3200	0	3378	1048	0	0	11462	194	17946	0	128	0	0	0	7664	0	0	278	20566	0	550	0	11318	0	22482	4836	1554	0	0	0	0	0	0	0	0	0	0	0	0	0	0	0	416	0	0	0	234	0	0	0	0	0	0	0	0	0	0	0	0	0	0	0	0	0	0	0	0	0	0	0	0	0	0	0	
170060	Parietal_Sup_R	0	220	0	0	0	0	0	0	0	0	0	0	0	0	0	0	0	0	0	722	0	0	0	0	0	0	0	0	0	0	0	0	160	2636	0	278	0	0	0	0	0	0	0	1298	0	2558	0	614	124	10040	142	6274	0	0	0	584	0	4158	278	0	0	19266	0	3502	0	16362	1848	10616	108	728	0	0	0	0	0	0	0	0	0	0	0	432	0	0	0	1262	0	0	0	820	0	0	0	0	0	0	0	0	0	0	0	0	0	0	0	0	0	0	0	0	0	0	0	0	0	0	
331328	Parietal_Inf_L	7738	0	654	0	0	0	106	0	0	0	1686	0	0	0	0	0	540	0	556	0	0	0	0	0	0	0	0	0	314	0	0	0	2996	0	102	0	0	0	0	0	0	0	678	0	0	358	0	0	2278	0	30132	0	474	0	0	0	20552	0	20566	0	0	0	18286	0	33890	0	9788	482	1818	0	0	0	0	0	0	0	0	0	0	0	818	0	0	0	6068	0	0	0	4784	0	0	0	0	0	0	0	0	0	0	0	0	0	0	0	0	0	0	0	0	0	0	0	0	0	0	0	
173548	Parietal_Inf_R	0	1342	0	280	0	0	0	222	0	0	0	0	0	0	0	0	0	0	0	1068	0	0	0	0	0	0	0	0	0	156	0	0	0	2178	0	184	0	116	0	0	0	0	0	716	0	446	0	120	0	3974	0	7208	0	0	0	1064	0	7152	0	19266	0	0	0	13612	0	19666	306	3510	102	848	0	0	0	0	0	0	0	0	0	0	0	488	0	0	0	1490	0	0	0	1260	0	0	0	0	0	0	0	0	0	0	0	0	0	0	0	0	0	0	0	0	0	0	0	0	0	0	
152208	SupraMarginal_L	2524	0	390	0	0	0	0	0	0	0	242	0	0	0	0	0	1618	0	384	0	0	0	0	0	0	0	0	0	298	0	0	0	1216	0	0	0	0	0	0	0	0	0	408	0	0	0	0	0	180	0	7690	0	468	0	0	0	7928	0	550	0	18286	0	0	0	9122	0	1736	0	196	0	0	0	0	0	0	0	0	0	256	0	6746	0	0	0	8922	0	0	0	6944	0	0	0	0	0	0	0	0	0	0	0	0	0	0	0	0	0	0	0	0	0	0	0	0	0	0	0	
114944	SupraMarginal_R	0	2956	0	392	0	0	0	380	0	0	0	0	0	0	0	0	0	2924	0	1462	0	0	0	0	0	0	0	0	0	528	0	0	0	930	0	0	0	266	0	0	0	0	0	470	0	0	0	0	0	0	0	644	0	0	0	2768	0	12058	0	3502	0	13612	0	0	0	5442	0	350	0	290	0	0	0	0	0	0	0	0	0	0	0	5276	0	0	0	1534	0	0	0	1688	0	0	0	0	0	0	0	0	0	0	0	0	0	0	0	0	0	0	0	0	0	0	0	0	0	0	
243096	Angular_L	2680	0	562	0	0	0	0	0	0	0	900	0	0	0	0	0	248	0	528	0	0	0	0	0	0	0	0	0	354	0	0	0	2130	0	112	0	0	0	0	0	0	0	1022	0	0	0	0	0	702	0	32782	0	672	0	0	0	3744	0	11318	0	33890	0	9122	0	0	0	6226	106	1952	0	0	0	0	0	0	0	0	0	0	0	1354	0	0	0	8568	0	0	0	2576	0	0	0	0	0	0	0	0	0	0	0	0	0	0	0	0	0	0	0	0	0	0	0	0	0	0	0	
181136	Angular_R	0	580	0	0	0	0	0	0	0	0	0	0	0	0	0	0	0	0	0	484	0	0	0	0	0	0	0	0	0	0	0	0	0	1330	0	184	0	0	0	0	0	0	0	1086	0	730	0	148	0	9904	0	20404	0	0	0	450	0	1110	0	16362	0	19666	0	5442	0	0	432	2824	0	454	0	0	0	0	0	0	0	0	0	0	0	3720	0	0	0	4628	0	0	0	630	0	0	0	0	0	0	0	0	0	0	0	0	0	0	0	0	0	0	0	0	0	0	0	0	0	0	
483700	Precuneus_L	1688	0	436	0	0	0	0	0	0	0	586	0	0	0	0	0	0	0	610	520	0	0	0	0	0	0	0	0	178	0	0	0	16286	6438	8870	1668	1650	0	3116	0	0	0	17440	3048	15712	15818	5196	712	14582	2608	24782	390	2580	0	2496	138	2980	176	22482	1848	9788	306	1736	0	6226	432	0	31722	7326	314	0	0	0	0	0	0	0	236	0	0	208	0	0	0	5210	144	0	0	2114	0	178	0	0	0	0	0	0	0	660	0	0	0	0	0	0	0	0	0	0	0	216	0	0	0	0	0	
571476	Precuneus_R	216	1296	0	0	0	0	0	0	0	0	0	0	0	0	0	0	0	0	232	8668	0	0	0	0	0	0	0	0	0	196	0	0	8640	37196	8562	12414	376	1630	236	894	0	0	2200	30192	5808	31562	800	16296	4934	15976	4552	5146	164	1686	168	4514	0	5460	4836	10616	482	3510	0	350	106	2824	31722	0	2106	8446	0	0	0	0	0	0	108	678	0	0	0	418	0	0	1478	2952	0	0	0	2706	0	0	0	0	0	0	0	720	0	0	0	0	0	0	0	0	0	0	0	0	1666	0	0	0	0	0	
181756	Paracentral_Lobule_L	15670	0	1624	332	0	0	0	0	0	0	0	0	0	0	0	0	0	0	7456	2332	0	0	0	0	0	0	0	0	0	0	0	0	8506	3514	4236	192	284	0	252	0	0	0	5266	166	2328	0	660	0	614	0	8016	0	2394	0	790	0	2442	0	1554	108	1818	102	196	0	1952	0	7326	2106	0	1266	1032	834	0	0	0	0	1332	432	0	0	336	0	0	0	1964	0	0	0	1294	0	0	0	0	0	0	0	0	0	152	0	0	0	0	0	0	0	0	0	0	0	0	0	0	0	0	0	
110560	Paracentral_Lobule_R	0	2754	0	0	0	0	0	0	0	0	0	0	0	0	0	0	0	198	196	11792	0	0	0	0	0	0	0	0	0	624	0	0	0	13152	0	630	0	0	0	0	0	0	0	2240	0	554	0	1670	0	764	0	358	0	0	0	152	0	6844	0	728	0	848	0	290	0	454	314	8446	1266	0	0	0	0	0	0	0	0	0	0	0	0	200	0	0	0	586	0	0	0	220	0	0	0	0	0	0	0	0	0	0	0	0	0	0	0	0	0	0	0	0	0	0	0	0	0	0	
148628	Caudate_L	1682	0	9062	468	350	0	830	0	0	0	814	0	182	0	184	0	0	0	5644	1030	4316	3456	1662	104	238	0	212	0	4422	0	7656	2394	0	0	434	0	156	0	0	0	0	0	0	0	0	0	0	0	0	0	0	0	0	0	0	0	0	0	0	0	0	0	0	0	0	0	0	0	1032	0	0	8184	7586	274	1124	334	8748	1546	0	0	190	0	0	0	0	0	0	0	0	0	0	0	0	0	0	0	0	0	0	0	0	0	0	0	0	0	0	0	0	0	0	0	0	0	0	0	
547540	Caudate_R	574	160	14644	15836	0	6804	316	1048	0	630	510	5846	0	5488	0	1266	0	1172	19026	31150	2738	4874	1386	12468	0	6424	0	1710	2462	11744	5642	30574	156	9296	0	0	934	1100	184	702	0	124	0	0	0	0	0	0	0	0	0	0	0	0	0	1002	0	0	0	0	0	0	0	0	0	0	0	0	834	0	8184	0	3304	36208	552	2956	2834	20058	0	0	0	148	0	274	0	0	0	0	0	428	0	0	0	0	0	0	0	0	0	0	0	0	0	0	0	0	0	0	0	0	0	0	0	0	0	0	
285048	Putamen_L	412	116	27186	168	8630	0	2388	0	2050	0	452	0	920	0	6056	0	384	0	22020	1040	866	246	4318	0	698	0	770	0	15748	0	6138	448	0	140	0	0	8598	0	1882	0	280	0	0	0	0	0	0	0	0	0	0	0	0	0	2290	0	196	0	0	0	0	0	0	0	0	0	0	0	0	0	7586	3304	0	0	5286	0	2402	1342	726	0	3028	0	1028	0	416	0	624	0	2342	0	0	0	0	0	0	0	0	0	0	0	0	0	0	0	0	0	0	0	0	0	0	0	0	0	0	0	
533996	Putamen_R	0	566	4764	23776	0	6272	0	4384	0	1306	204	7134	0	6700	0	4082	0	3558	6074	21428	170	894	516	9658	0	4672	0	1680	114	26456	1108	17872	120	4998	0	0	0	18454	0	12326	0	1672	0	0	0	0	0	0	0	0	0	0	0	0	0	16732	0	156	0	0	0	0	0	0	0	0	0	0	0	0	274	36208	0	0	0	4714	0	724	0	0	0	984	0	1770	0	364	0	794	0	13320	0	0	0	0	0	0	0	0	0	0	0	0	0	0	0	0	0	0	0	0	0	0	0	0	0	0	
39320	Pallidum_L	108	0	3716	148	0	0	0	0	0	0	0	0	0	0	0	0	0	0	5718	458	0	0	0	0	0	0	0	0	0	0	0	0	0	0	0	0	488	0	266	0	0	0	0	0	0	0	0	0	0	0	0	0	0	0	0	0	0	0	0	0	0	0	0	0	0	0	0	0	0	0	1124	552	5286	0	0	0	1638	158	0	0	0	0	0	0	0	0	0	0	0	0	0	0	0	0	0	0	0	0	0	0	0	0	0	0	0	0	0	0	0	0	0	0	0	0	0	0	
43264	Pallidum_R	0	0	384	4700	0	0	0	0	0	0	0	0	0	0	0	0	0	160	480	4804	248	426	0	0	0	0	0	0	0	168	476	582	0	0	0	0	0	428	0	324	0	0	0	0	0	0	0	0	0	0	0	0	0	0	0	346	0	0	0	0	0	0	0	0	0	0	0	0	0	0	334	2956	0	4714	0	0	0	0	0	0	0	0	0	0	0	0	0	0	0	102	0	0	0	0	0	0	0	0	0	0	0	0	0	0	0	0	0	0	0	0	0	0	0	0	0	0	
130524	Thalamus_L	6148	0	13264	902	0	0	2130	0	0	0	0	0	0	0	0	0	158	0	13150	3090	0	0	0	0	0	0	0	0	564	0	0	0	0	402	374	954	2390	302	402	0	0	0	0	0	0	0	0	0	0	0	0	0	0	0	0	0	220	0	0	0	0	0	0	0	0	0	0	108	1332	0	8748	2834	2402	0	1638	0	0	3750	0	0	0	0	0	0	0	0	0	0	0	0	0	0	0	0	0	0	0	0	0	0	0	0	0	0	0	0	0	0	0	0	0	0	0	0	0	0	
159712	Thalamus_R	302	168	654	15616	0	0	0	618	0	0	0	0	0	118	0	0	0	0	1906	23164	0	212	0	0	0	0	0	0	0	0	0	0	0	1414	416	1046	1054	2940	310	550	0	104	0	0	0	0	0	202	0	0	0	0	0	0	0	138	0	0	0	0	0	0	0	0	0	0	236	678	432	0	1546	20058	1342	724	158	0	3750	0	0	0	0	0	0	0	0	0	0	0	0	0	0	0	0	0	0	0	0	0	0	0	0	0	0	0	0	0	0	0	0	0	0	0	0	0	0	0	
156804	Heschl_L	7698	0	4146	0	0	0	3910	0	0	0	1786	0	474	0	0	0	11408	0	2380	0	0	0	0	0	0	0	0	0	11950	0	0	0	0	0	0	0	1864	0	406	0	0	0	108	0	0	0	200	0	0	0	300	0	1522	0	2592	0	9580	0	0	0	0	0	256	0	0	0	0	0	0	0	0	0	726	0	0	0	0	0	0	0	8076	0	160	0	4194	0	0	0	4666	0	0	0	0	0	0	0	0	0	0	0	0	0	0	0	0	0	0	0	0	0	0	0	0	0	0	0	
29480	Heschl_R	0	334	0	712	0	0	0	0	0	0	0	0	0	0	0	0	0	4302	0	346	0	0	0	0	0	0	0	0	0	2546	0	0	0	178	0	0	0	0	0	0	0	0	0	0	0	0	0	0	0	0	0	0	0	0	0	134	0	180	0	0	0	0	0	0	0	0	0	0	0	0	0	0	0	0	0	0	0	0	0	0	0	5630	0	0	0	238	0	0	0	140	0	0	0	0	0	0	0	0	0	0	0	0	0	0	0	0	0	0	0	0	0	0	0	0	0	0	
292908	Temporal_Sup_L	5816	0	6874	0	0	0	7156	0	0	0	8666	0	1174	0	254	0	20146	0	4950	0	274	0	264	0	0	0	0	0	18842	0	0	0	176	0	0	0	3380	0	310	0	0	0	152	0	0	0	114	0	0	0	1040	0	430	0	3430	0	6286	0	0	0	818	0	6746	0	1354	0	208	0	336	0	190	0	3028	0	0	0	0	0	8076	0	0	0	5762	0	15846	0	2312	0	12044	0	0	0	0	0	0	0	0	0	0	0	0	0	0	0	0	0	0	0	0	0	0	0	0	0	0	0	
129108	Temporal_Sup_R	0	2250	0	1788	0	0	0	178	0	0	0	394	0	0	0	0	0	8984	242	2518	0	0	0	102	0	0	0	0	0	6382	0	0	0	1428	0	0	0	690	0	186	0	0	0	0	0	0	0	0	0	0	0	240	0	0	0	3584	0	752	0	432	0	488	0	5276	0	3720	0	418	0	200	0	148	0	984	0	0	0	0	0	5630	0	0	0	2066	0	11768	0	600	0	3106	0	0	0	0	0	0	0	0	0	0	0	0	0	0	0	0	0	0	0	0	0	0	0	0	0	0	
78180	Temporal_Pole_Sup_L	0	0	1188	0	194	0	276	0	0	0	2554	0	728	0	490	0	2300	0	1004	0	308	0	0	0	0	0	0	0	4490	0	0	0	0	0	0	0	894	0	178	0	148	0	0	0	0	0	0	0	0	0	0	0	0	0	2048	0	112	0	0	0	0	0	0	0	0	0	0	0	0	0	0	0	1028	0	0	0	0	0	160	0	5762	0	0	0	4858	0	6000	0	4370	0	0	0	0	0	0	0	0	0	0	0	0	0	0	0	0	0	0	0	0	0	0	0	0	0	0	0	
68008	Temporal_Pole_Sup_R	0	126	0	0	0	0	0	0	0	0	0	952	0	266	0	0	0	1584	0	210	0	0	0	0	0	0	0	0	0	2412	144	574	0	0	0	0	0	1536	0	2452	0	2886	0	0	0	0	0	0	0	0	0	0	0	0	0	5184	0	0	0	0	0	0	0	0	0	0	0	0	0	0	0	274	0	1770	0	0	0	0	0	0	0	2066	0	0	0	1272	0	7560	0	2736	0	0	0	0	0	0	0	0	0	0	0	0	0	0	0	0	0	0	0	0	0	0	0	0	0	0	
365872	Temporal_Mid_L	4676	0	576	0	0	0	0	0	0	0	334	0	0	0	0	0	2578	0	576	0	0	0	0	0	0	0	0	0	4102	0	0	0	2528	104	1456	174	1586	0	0	0	190	0	7042	0	2198	1200	1068	0	4386	0	32032	0	5088	0	3918	0	1562	0	416	0	6068	0	8922	0	8568	0	5210	1478	1964	0	0	0	416	0	0	0	0	0	4194	0	15846	0	4858	0	0	0	4510	0	43112	0	0	0	0	0	0	0	0	0	0	0	0	0	0	0	0	0	0	0	0	0	0	0	0	0	0	0	
145264	Temporal_Mid_R	0	836	0	298	0	0	0	0	0	0	0	0	0	0	0	0	0	552	0	1038	0	0	0	0	0	0	0	0	0	1610	0	0	0	2042	0	0	0	630	0	114	0	0	0	6934	0	148	0	980	0	458	0	9306	0	746	0	2346	0	450	0	1262	0	1490	0	1534	0	4628	144	2952	0	586	0	0	0	364	0	0	0	0	0	238	0	11768	0	1272	0	0	0	2546	0	15360	0	0	0	0	0	0	0	0	0	0	0	0	0	0	0	0	0	0	0	0	0	0	0	0	0	0	
47844	Temporal_Pole_Mid_L	0	0	252	0	0	0	0	0	0	0	292	0	0	0	0	0	380	0	252	0	0	0	0	0	0	0	0	0	1904	0	0	0	0	0	0	0	626	0	0	0	0	0	0	0	0	0	0	0	0	0	0	0	0	0	2350	0	0	0	0	0	0	0	0	0	0	0	0	0	0	0	0	0	624	0	0	0	0	0	0	0	2312	0	6000	0	4510	0	0	0	4420	0	0	0	0	0	0	0	0	0	0	0	0	0	0	0	0	0	0	0	0	0	0	0	0	0	0	0	
60956	Temporal_Pole_Mid_R	0	0	0	0	0	0	0	0	0	0	0	0	0	0	0	0	0	0	0	0	0	0	0	0	0	0	0	0	0	0	0	0	0	0	0	0	0	1712	0	3418	0	3164	0	0	0	0	0	0	0	0	0	0	0	0	0	6868	0	0	0	0	0	0	0	0	0	0	0	0	0	0	0	0	0	794	0	0	0	0	0	0	0	600	0	7560	0	2546	0	0	0	3816	0	0	0	0	0	0	0	0	0	0	0	0	0	0	0	0	0	0	0	0	0	0	0	0	0	0	
346100	Temporal_Inf_L	4568	0	1738	0	0	0	0	0	0	0	212	0	0	0	0	0	2582	0	1726	0	118	0	0	0	0	0	0	0	9566	0	0	0	996	0	0	0	10162	0	882	0	1112	0	3148	0	594	0	1780	0	996	0	11022	0	6724	0	20582	0	1470	0	234	0	4784	0	6944	0	2576	0	2114	0	1294	0	0	0	2342	0	0	0	0	0	4666	0	12044	0	4370	0	43112	0	4420	0	0	0	2288	0	370	0	0	0	254	0	1260	0	0	0	0	0	0	0	0	0	0	0	0	0	0	0	0	0	
319484	Temporal_Inf_R	0	3718	0	6436	0	0	0	1502	0	0	0	292	0	404	0	0	0	400	0	3724	0	0	0	222	0	0	0	0	0	4468	0	178	0	1686	0	1280	0	19848	0	11766	0	1010	0	3832	0	0	0	2152	0	108	0	1702	0	7654	0	39288	0	1354	0	820	0	1260	0	1688	0	630	0	2706	0	220	0	428	0	13320	0	102	0	0	0	140	0	3106	0	2736	0	15360	0	3816	0	0	0	278	0	0	0	0	0	0	0	108	0	0	0	0	0	0	0	0	0	0	0	0	0	0	0	0	
380124	Cerebelum_Crus1_L	174	0	0	0	0	0	0	0	0	0	0	0	0	0	0	0	0	0	0	0	0	0	0	0	0	0	0	0	148	0	0	0	0	0	0	0	0	0	148	0	0	0	356	0	188	0	2622	824	0	0	460	0	1010	0	16212	442	0	0	0	0	0	0	0	0	0	0	178	0	0	0	0	0	0	0	0	0	0	0	0	0	0	0	0	0	0	0	0	0	2288	0	0	4018	28810	574	540	132	18274	3940	54738	8552	9906	0	11972	584	1156	1484	794	332	240	410	5942	7402	2264	1390	1558	0	
294252	Cerebelum_Crus1_R	0	0	0	0	0	0	0	0	0	0	0	0	0	0	0	0	0	0	0	0	0	0	0	0	0	0	0	0	0	0	0	0	0	0	0	0	0	0	0	0	0	0	0	0	0	0	414	3190	0	0	0	0	0	0	432	8722	0	0	0	0	0	0	0	0	0	0	0	0	0	0	0	0	0	0	0	0	0	0	0	0	0	0	0	0	0	0	0	0	0	278	4018	0	1416	17940	0	1336	4790	15116	6032	48698	116	2302	160	8808	176	2488	0	490	0	568	7262	8676	2950	278	470	0	
240044	Cerebelum_Crus2_L	0	0	0	0	0	0	0	0	0	0	0	0	0	0	0	0	0	0	0	0	0	0	0	0	0	0	0	0	0	0	0	0	0	0	0	0	0	0	0	0	0	0	0	0	0	0	212	0	0	0	0	0	0	0	384	0	0	0	0	0	0	0	0	0	0	0	0	0	0	0	0	0	0	0	0	0	0	0	0	0	0	0	0	0	0	0	0	0	370	0	28810	1416	0	2934	0	0	2416	286	7978	1332	28976	306	27462	2760	2626	1626	1078	730	0	0	396	722	3450	2502	1250	0	
166768	Cerebelum_Crus2_R	0	0	0	0	0	0	0	0	0	0	0	0	0	0	0	0	0	0	0	0	0	0	0	0	0	0	0	0	0	0	0	0	0	0	0	0	0	0	0	0	0	0	0	0	0	0	0	162	0	0	0	0	0	0	0	110	0	0	0	0	0	0	0	0	0	0	0	0	0	0	0	0	0	0	0	0	0	0	0	0	0	0	0	0	0	0	0	0	0	0	574	17940	2934	0	0	0	0	134	242	3072	598	14930	1774	23882	346	6536	126	2322	0	0	0	584	3892	2056	1170	0	
22328	Cerebelum_3_L	0	0	0	0	0	0	0	0	0	0	0	0	0	0	0	0	0	0	0	0	0	0	0	0	0	0	0	0	0	0	0	0	0	0	0	0	0	0	0	0	0	0	0	0	0	0	302	0	0	0	0	0	0	0	136	0	0	0	0	0	0	0	0	0	0	0	0	0	0	0	0	0	0	0	0	0	0	0	0	0	0	0	0	0	0	0	0	0	0	0	540	0	0	0	0	0	4788	202	1384	288	0	0	0	0	116	0	0	0	1040	918	1110	340	0	0	0	0	
26508	Cerebelum_3_R	0	0	0	0	0	0	0	0	0	0	0	0	0	0	0	0	0	0	0	0	0	0	0	0	0	0	0	0	0	0	0	0	0	0	0	0	0	0	0	198	0	0	0	0	0	0	0	424	0	0	0	0	0	0	0	150	0	0	0	0	0	0	0	0	0	0	0	0	0	0	0	0	0	0	0	0	0	0	0	0	0	0	0	0	0	0	0	0	0	0	132	1336	0	0	0	0	354	2290	544	2594	0	0	0	0	170	364	0	0	754	2212	906	596	0	0	230	0	
245328	Cerebelum_4_5_L	0	0	0	0	0	0	0	0	0	0	0	0	0	0	0	0	0	0	0	0	0	0	0	0	0	0	0	0	0	0	0	0	0	0	0	0	118	0	528	0	0	0	0	0	0	0	4178	598	0	0	0	0	0	0	4126	538	0	0	0	0	0	0	0	0	0	0	0	0	0	0	0	0	0	0	0	0	0	0	0	0	0	0	0	0	0	0	0	0	254	0	18274	4790	2416	0	4788	354	0	10048	26358	10860	1734	0	2284	0	3158	806	342	0	1344	1722	16372	4674	108	120	718	1054	
194488	Cerebelum_4_5_R	0	0	0	0	0	0	0	0	0	0	0	0	0	0	0	0	0	0	0	0	0	0	0	0	0	0	0	0	0	0	0	0	0	0	0	160	0	242	0	1566	0	0	0	0	0	0	886	3728	0	0	0	0	0	0	258	3772	0	0	0	0	0	0	0	0	0	0	0	720	0	0	0	0	0	0	0	0	0	0	0	0	0	0	0	0	0	0	0	0	0	0	3940	15116	286	134	202	2290	10048	0	7656	24222	282	0	370	226	908	584	0	0	416	900	14900	2214	148	338	628	104	
403048	Cerebelum_6_L	172	0	0	0	0	0	0	0	0	0	0	0	0	0	0	0	0	0	0	0	0	0	0	0	0	0	0	0	0	0	0	0	0	0	202	0	108	0	808	0	0	0	664	0	428	0	4074	1722	168	0	554	0	1888	0	17632	756	0	0	0	0	0	0	0	0	0	0	660	0	152	0	0	0	0	0	0	0	0	0	0	0	0	0	0	0	0	0	0	0	1260	0	54738	6032	7978	242	1384	544	26358	7656	0	14782	4348	0	5192	210	2652	2264	1416	268	936	1668	11732	13898	1528	1804	2370	276	
360892	Cerebelum_6_R	0	0	0	0	0	0	0	0	0	0	0	0	0	0	0	0	0	0	0	0	0	0	0	0	0	0	0	0	0	0	0	0	0	0	0	0	0	0	0	0	0	0	0	158	0	0	1152	5176	0	0	142	0	184	154	1108	10276	0	0	0	0	0	0	0	0	0	0	0	0	0	0	0	0	0	0	0	0	0	0	0	0	0	0	0	0	0	0	0	0	0	108	8552	48698	1332	3072	288	2594	10860	24222	14782	0	414	0	804	2180	1570	1462	354	190	984	2320	16186	16196	3086	732	1110	0	
171228	Cerebelum_7b_L	0	0	0	0	0	0	0	0	0	0	0	0	0	0	0	0	0	0	0	0	0	0	0	0	0	0	0	0	0	0	0	0	0	0	0	0	0	0	0	0	0	0	0	0	0	0	180	0	0	0	0	0	0	0	102	0	0	0	0	0	0	0	0	0	0	0	0	0	0	0	0	0	0	0	0	0	0	0	0	0	0	0	0	0	0	0	0	0	0	0	9906	116	28976	598	0	0	1734	282	4348	414	0	178	28718	1466	3284	508	1178	118	0	0	390	372	626	1838	282	0	
66112	Cerebelum_7b_R	0	0	0	0	0	0	0	0	0	0	0	0	0	0	0	0	0	0	0	0	0	0	0	0	0	0	0	0	0	0	0	0	0	0	0	0	0	0	0	0	0	0	0	0	0	0	0	0	0	0	0	0	0	0	0	0	0	0	0	0	0	0	0	0	0	0	0	0	0	0	0	0	0	0	0	0	0	0	0	0	0	0	0	0	0	0	0	0	0	0	0	2302	306	14930	0	0	0	0	0	0	178	0	268	12728	0	1396	0	320	0	0	0	0	288	340	0	0	
237284	Cerebelum_8_L	0	0	0	0	0	0	0	0	0	0	0	0	0	0	0	0	0	0	0	0	0	0	0	0	0	0	0	0	0	0	0	0	0	0	0	0	0	0	0	0	0	0	0	0	0	0	214	0	0	0	0	0	0	0	0	0	0	0	0	0	0	0	0	0	0	0	0	0	0	0	0	0	0	0	0	0	0	0	0	0	0	0	0	0	0	0	0	0	0	0	11972	160	27462	1774	0	0	2284	370	5192	804	28718	268	0	4498	13508	3282	2894	750	0	0	448	950	3148	6272	3674	0	
175144	Cerebelum_8_R	0	0	0	0	0	0	0	0	0	0	0	0	0	0	0	0	0	0	0	0	0	0	0	0	0	0	0	0	0	0	0	0	0	0	0	0	0	0	0	0	0	0	0	0	0	0	0	0	0	0	0	0	0	0	0	0	0	0	0	0	0	0	0	0	0	0	0	0	0	0	0	0	0	0	0	0	0	0	0	0	0	0	0	0	0	0	0	0	0	0	584	8808	2760	23882	0	0	0	226	210	2180	1466	12728	4498	0	1046	13176	228	3388	0	0	0	708	4336	4914	2434	0	
100364	Cerebelum_9_L	0	0	0	0	0	0	0	0	0	0	0	0	0	0	0	0	0	0	0	0	0	0	0	0	0	0	0	0	0	0	0	0	0	0	0	0	0	0	0	0	0	0	0	0	0	0	0	0	0	0	0	0	0	0	0	0	0	0	0	0	0	0	0	0	0	0	0	0	0	0	0	0	0	0	0	0	0	0	0	0	0	0	0	0	0	0	0	0	0	0	1156	176	2626	346	116	170	3158	908	2652	1570	3284	0	13508	1046	0	2350	3890	264	228	450	2356	3108	982	2216	2718	904	
134152	Cerebelum_9_R	0	0	0	0	0	0	0	0	0	0	0	0	0	0	0	0	0	0	0	0	0	0	0	0	0	0	0	0	0	0	0	0	0	0	0	0	0	0	0	0	0	0	0	0	0	0	0	0	0	0	0	0	0	0	0	0	0	0	0	0	0	0	0	0	0	0	0	0	0	0	0	0	0	0	0	0	0	0	0	0	0	0	0	0	0	0	0	0	0	0	1484	2488	1626	6536	0	364	806	584	2264	1462	508	1396	3282	13176	2350	0	280	4234	346	572	1028	3628	5182	5524	6772	1184	
29416	Cerebelum_10_L	0	0	0	0	0	0	0	0	0	0	0	0	0	0	0	0	0	0	0	0	0	0	0	0	0	0	0	0	0	0	0	0	0	0	0	0	0	0	0	0	0	0	0	0	0	0	0	0	0	0	0	0	0	0	0	0	0	0	0	0	0	0	0	0	0	0	0	0	0	0	0	0	0	0	0	0	0	0	0	0	0	0	0	0	0	0	0	0	0	0	794	0	1078	126	0	0	342	0	1416	354	1178	0	2894	228	3890	280	0	0	108	224	242	534	338	400	282	0	
35928	Cerebelum_10_R	0	0	0	0	0	0	0	0	0	0	0	0	0	0	0	0	0	0	0	0	0	0	0	0	0	0	0	0	0	0	0	0	0	0	0	0	0	0	0	0	0	0	0	0	0	0	0	0	0	0	0	0	0	0	0	0	0	0	0	0	0	0	0	0	0	0	0	0	0	0	0	0	0	0	0	0	0	0	0	0	0	0	0	0	0	0	0	0	0	0	332	490	730	2322	0	0	0	0	268	190	118	320	750	3388	264	4234	0	0	0	0	0	312	1744	1234	1268	0	
28044	Vermis_1_2	0	0	0	0	0	0	0	0	0	0	0	0	0	0	0	0	0	0	0	0	0	0	0	0	0	0	0	0	0	0	0	0	0	0	0	0	0	0	0	0	0	0	0	0	0	0	0	0	0	0	0	0	0	0	0	0	0	0	0	0	0	0	0	0	0	0	0	0	0	0	0	0	0	0	0	0	0	0	0	0	0	0	0	0	0	0	0	0	0	0	240	0	0	0	1040	754	1344	416	936	984	0	0	0	0	228	346	108	0	0	4338	2124	980	0	0	184	0	
42700	Vermis_3	0	0	0	0	0	0	0	0	0	0	0	0	0	0	0	0	0	0	0	0	0	0	0	0	0	0	0	0	0	0	0	0	0	0	0	0	0	0	0	0	0	0	0	0	0	0	0	212	0	0	0	0	0	0	0	0	0	0	0	0	0	0	0	0	0	0	0	0	0	0	0	0	0	0	0	0	0	0	0	0	0	0	0	0	0	0	0	0	0	0	410	568	0	0	918	2212	1722	900	1668	2320	0	0	0	0	450	572	224	0	4338	0	2912	1608	0	0	316	0	
204452	Vermis_4_5	0	0	0	0	0	0	0	0	0	0	0	0	0	0	0	0	0	0	0	0	0	0	0	0	0	0	0	0	0	0	0	0	0	0	174	548	0	0	0	0	0	0	0	270	0	116	1364	2642	0	0	0	0	102	0	660	982	0	0	0	0	0	0	0	0	0	0	216	1666	0	0	0	0	0	0	0	0	0	0	0	0	0	0	0	0	0	0	0	0	0	0	5942	7262	396	0	1110	906	16372	14900	11732	16186	390	0	448	0	2356	1028	242	0	2124	2912	0	7020	0	0	676	1484	
182916	Vermis_6	0	0	0	0	0	0	0	0	0	0	0	0	0	0	0	0	0	0	0	0	0	0	0	0	0	0	0	0	0	0	0	0	0	0	0	0	0	0	0	0	0	0	0	354	0	0	692	2930	0	0	156	0	198	0	1158	1292	0	0	0	0	0	0	0	0	0	0	0	0	0	0	0	0	0	0	0	0	0	0	0	0	0	0	0	0	0	0	0	0	0	0	7402	8676	722	584	340	596	4674	2214	13898	16196	372	0	950	708	3108	3628	534	312	980	1608	7020	0	3000	2132	3458	1566	
93940	Vermis_7	0	0	0	0	0	0	0	0	0	0	0	0	0	0	0	0	0	0	0	0	0	0	0	0	0	0	0	0	0	0	0	0	0	0	0	0	0	0	0	0	0	0	0	0	0	0	0	312	0	0	0	0	0	0	0	206	0	0	0	0	0	0	0	0	0	0	0	0	0	0	0	0	0	0	0	0	0	0	0	0	0	0	0	0	0	0	0	0	0	0	2264	2950	3450	3892	0	0	108	148	1528	3086	626	288	3148	4336	982	5182	338	1744	0	0	0	3000	0	4708	4674	0	
89748	Vermis_8	0	0	0	0	0	0	0	0	0	0	0	0	0	0	0	0	0	0	0	0	0	0	0	0	0	0	0	0	0	0	0	0	0	0	0	0	0	0	0	0	0	0	0	0	0	0	0	0	0	0	0	0	0	0	0	0	0	0	0	0	0	0	0	0	0	0	0	0	0	0	0	0	0	0	0	0	0	0	0	0	0	0	0	0	0	0	0	0	0	0	1390	278	2502	2056	0	0	120	338	1804	732	1838	340	6272	4914	2216	5524	400	1234	0	0	0	2132	4708	0	5968	108	
