data	data	454800	230320	792920	855936	188236	158108	365516	200476	56432	35016	235440	182296	219028	144424	193036	81116	163652	100832	949620	1.00218e+06	102036	97720	347220	315172	80444	103172	50852	77992	586512	257944	225808	523832	116752	700180	160444	166340	284240	334788	48448	166856	41120	58356	249020	374896	249956	344032	276092	377720	234464	319996	504704	274164	170188	91048	360076	431448	290504	252112	124200	72548	236860	92800	118580	96176	102488	96908	239820	515380	135204	346900	309072	435472	282412	323912	48816	20616	169420	149592	80552	24136	211448	119352	77092	34316	264692	242160	19116	10684	271724	202928	500088	537696	311500	353052	68952	81096	390296	340792	509744	511036	298240	203796	361784	295564	175836	201276	13728	12524	97292	142400	413432	271784	345552	196776	123440	61720	
data	data	Precentral_L	Precentral_R	Frontal_Sup_L	Frontal_Sup_R	Frontal_Sup_Orb_L	Frontal_Sup_Orb_R	Frontal_Mid_L	Frontal_Mid_R	Frontal_Mid_Orb_L	Frontal_Mid_Orb_R	Frontal_Inf_Oper_L	Frontal_Inf_Oper_R	Frontal_Inf_Tri_L	Frontal_Inf_Tri_R	Frontal_Inf_Orb_L	Frontal_Inf_Orb_R	Rolandic_Oper_L	Rolandic_Oper_R	Supp_Motor_Area_L	Supp_Motor_Area_R	Olfactory_L	Olfactory_R	Frontal_Sup_Medial_L	Frontal_Sup_Medial_R	Frontal_Med_Orb_L	Frontal_Med_Orb_R	Rectus_L	Rectus_R	Insula_L	Insula_R	Cingulum_Ant_L	Cingulum_Ant_R	Cingulum_Mid_L	Cingulum_Mid_R	Cingulum_Post_L	Cingulum_Post_R	Hippocampus_L	Hippocampus_R	ParaHippocampal_L	ParaHippocampal_R	Amygdala_L	Amygdala_R	Calcarine_L	Calcarine_R	Cuneus_L	Cuneus_R	Lingual_L	Lingual_R	Occipital_Sup_L	Occipital_Sup_R	Occipital_Mid_L	Occipital_Mid_R	Occipital_Inf_L	Occipital_Inf_R	Fusiform_L	Fusiform_R	Postcentral_L	Postcentral_R	Parietal_Sup_L	Parietal_Sup_R	Parietal_Inf_L	Parietal_Inf_R	SupraMarginal_L	SupraMarginal_R	Angular_L	Angular_R	Precuneus_L	Precuneus_R	Paracentral_Lobule_L	Paracentral_Lobule_R	Caudate_L	Caudate_R	Putamen_L	Putamen_R	Pallidum_L	Pallidum_R	Thalamus_L	Thalamus_R	Heschl_L	Heschl_R	Temporal_Sup_L	Temporal_Sup_R	Temporal_Pole_Sup_L	Temporal_Pole_Sup_R	Temporal_Mid_L	Temporal_Mid_R	Temporal_Pole_Mid_L	Temporal_Pole_Mid_R	Temporal_Inf_L	Temporal_Inf_R	Cerebelum_Crus1_L	Cerebelum_Crus1_R	Cerebelum_Crus2_L	Cerebelum_Crus2_R	Cerebelum_3_L	Cerebelum_3_R	Cerebelum_4_5_L	Cerebelum_4_5_R	Cerebelum_6_L	Cerebelum_6_R	Cerebelum_7b_L	Cerebelum_7b_R	Cerebelum_8_L	Cerebelum_8_R	Cerebelum_9_L	Cerebelum_9_R	Cerebelum_10_L	Cerebelum_10_R	Vermis_1_2	Vermis_3	Vermis_4_5	Vermis_6	Vermis_7	Vermis_8	Vermis_9	Vermis_10	
454800	Precentral_L	0	7038	11678	6318	212	0	14016	746	0	0	8358	94	2044	0	200	0	6662	0	8010	14198	0	0	440	0	162	0	0	0	10762	112	354	372	782	7050	5614	2654	5324	1708	124	462	0	0	110	0	410	0	0	0	120	0	4884	0	288	0	1602	330	35118	818	3974	0	13516	0	3402	0	488	0	920	168	12462	2788	3244	642	2314	224	1940	0	10160	2490	2922	0	3476	0	488	0	1166	0	0	0	1442	0	0	0	0	0	0	0	0	0	0	0	0	0	0	0	0	0	0	0	0	0	0	0	0	0	0	0	
230320	Precentral_R	7038	0	1608	6630	0	0	308	4090	0	0	0	5970	0	0	0	0	0	1438	1872	11992	0	0	0	0	0	0	0	0	0	1384	0	0	0	7288	2782	886	162	3350	0	744	0	0	0	338	0	234	0	0	0	112	0	528	0	0	0	1840	1080	14872	0	370	278	2124	134	3164	0	672	0	1788	2066	12078	2186	1602	638	4894	874	792	1346	1010	0	232	0	430	0	0	0	872	0	0	0	1064	0	0	0	0	0	0	0	0	0	0	0	0	0	0	0	0	0	0	0	0	0	0	0	0	0	0	
792920	Frontal_Sup_L	11678	1608	0	10116	13810	218	53162	380	1764	0	17778	188	12824	0	7664	0	7112	0	76688	18088	204	0	37754	2284	5926	270	0	0	38904	0	7976	2480	4598	4366	1514	890	5036	724	0	102	0	0	0	0	0	0	0	0	0	0	584	0	0	0	148	0	3152	102	474	0	710	0	490	0	0	0	740	0	1138	502	6942	1010	16976	536	5040	0	3268	356	2690	0	3706	0	1530	0	124	0	0	0	136	0	0	0	0	0	0	0	0	0	0	0	0	0	0	0	0	0	0	0	0	0	0	0	0	0	0	0	
855936	Frontal_Sup_R	6318	6630	10116	0	172	8428	3246	29316	0	372	440	9568	158	9956	104	2500	0	7836	47510	90644	0	0	7768	34920	164	2822	0	364	858	14210	1552	35224	250	33498	534	548	562	1974	0	662	0	0	0	0	0	0	0	0	0	0	0	0	0	0	0	514	1280	2746	0	290	298	680	100	1064	0	0	0	982	366	1134	4898	23676	754	13312	226	498	2034	3608	0	166	0	118	0	0	0	0	0	0	0	0	0	0	0	0	0	0	0	0	0	0	0	0	0	0	0	0	0	0	0	0	0	0	0	0	0	0	
188236	Frontal_Sup_Orb_L	212	0	13810	172	0	220	1604	0	9286	0	0	0	2160	0	14320	0	0	0	1556	124	2774	1388	4660	212	7552	0	4120	254	14872	0	3070	618	0	0	0	0	104	0	0	0	270	0	0	0	0	0	0	0	0	0	0	0	0	0	0	0	0	0	0	0	0	0	0	0	0	0	0	0	0	0	2792	1080	6330	156	0	0	110	0	0	0	0	0	292	0	0	0	0	0	0	0	0	0	0	0	0	0	0	0	0	0	0	0	0	0	0	0	0	0	0	0	0	0	0	0	0	0	
158108	Frontal_Sup_Orb_R	0	0	218	8428	220	0	0	328	0	4930	0	250	0	886	0	2418	0	0	640	1784	530	2576	1486	10188	338	11220	282	9430	0	2312	178	7994	0	590	0	0	0	0	0	0	0	172	0	0	0	0	0	0	0	0	0	0	0	0	0	0	0	0	0	0	0	0	0	0	0	0	0	0	0	0	584	4858	190	6024	0	0	0	0	0	0	0	0	0	0	0	0	0	0	0	0	0	0	0	0	0	0	0	0	0	0	0	0	0	0	0	0	0	0	0	0	0	0	0	0	0	0	
365516	Frontal_Mid_L	14016	308	53162	3246	1604	0	0	440	1588	0	17750	146	17182	0	3386	0	1134	0	21634	2942	0	0	13092	588	344	0	0	0	12220	0	1136	442	1132	1240	980	706	2702	572	0	0	0	0	0	0	0	0	0	0	0	0	0	0	0	0	0	0	600	0	0	0	218	0	0	0	0	0	462	0	0	0	2046	398	692	158	224	0	684	182	1914	0	1286	0	202	0	0	0	0	0	0	0	0	0	0	0	0	0	0	0	0	0	0	0	0	0	0	0	0	0	0	0	0	0	0	0	0	0	
200476	Frontal_Mid_R	746	4090	380	29316	0	328	440	0	0	168	0	7370	0	8726	0	1772	0	920	4948	10094	0	0	570	3720	0	0	0	0	0	3222	0	5104	0	7122	386	382	316	1376	0	402	0	0	0	0	0	0	0	0	0	0	0	0	0	0	0	192	190	474	0	0	108	0	0	0	0	0	0	0	0	0	568	1552	162	2188	0	178	374	2354	0	0	0	0	0	0	0	0	0	0	0	0	0	0	0	0	0	0	0	0	0	0	0	0	0	0	0	0	0	0	0	0	0	0	0	0	0	0	
56432	Frontal_Mid_Orb_L	0	0	1764	0	9286	0	1588	0	0	0	0	0	1336	0	9644	0	0	0	0	0	130	0	0	0	0	0	552	0	2244	0	0	0	0	0	0	0	0	0	0	0	0	0	0	0	0	0	0	0	0	0	0	0	0	0	0	0	0	0	0	0	0	0	0	0	0	0	0	0	0	0	0	0	1526	0	0	0	0	0	0	0	0	0	146	0	0	0	0	0	0	0	0	0	0	0	0	0	0	0	0	0	0	0	0	0	0	0	0	0	0	0	0	0	0	0	0	0	
35016	Frontal_Mid_Orb_R	0	0	0	372	0	4930	0	168	0	0	0	136	0	1202	0	2868	0	0	0	0	0	0	0	1242	0	1076	0	660	0	1132	0	484	0	0	0	0	0	0	0	0	0	0	0	0	0	0	0	0	0	0	0	0	0	0	0	0	0	0	0	0	0	0	0	0	0	0	0	0	0	0	0	782	0	2456	0	0	0	0	0	0	0	0	0	0	0	0	0	0	0	0	0	0	0	0	0	0	0	0	0	0	0	0	0	0	0	0	0	0	0	0	0	0	0	0	0	0	
235440	Frontal_Inf_Oper_L	8358	0	17778	440	0	0	17750	0	0	0	0	290	9754	116	114	0	8728	0	11854	464	0	0	1962	0	0	0	0	0	16570	0	2026	718	568	0	186	134	1728	118	0	0	0	0	0	0	0	0	0	0	0	0	0	0	0	0	144	0	1878	0	0	0	506	0	0	0	0	0	0	0	0	0	4634	1156	2052	152	0	0	196	0	996	0	3332	0	2792	0	96	0	0	0	130	0	0	0	0	0	0	0	0	0	0	0	0	0	0	0	0	0	0	0	0	0	0	0	0	0	0	0	
182296	Frontal_Inf_Oper_R	94	5970	188	9568	0	250	146	7370	0	136	290	0	0	6196	0	352	0	2526	4394	7958	0	0	342	1156	0	0	0	0	140	10380	298	5668	0	2782	0	0	0	1624	0	484	0	174	0	0	0	0	0	0	0	0	0	0	0	0	0	408	0	5172	0	226	0	296	0	270	0	0	0	400	0	1614	1812	3868	1112	6332	0	394	0	420	0	102	0	108	0	0	0	128	0	0	0	0	0	0	0	0	0	0	0	0	0	0	0	0	0	0	0	0	0	0	0	0	0	0	0	0	0	0	
219028	Frontal_Inf_Tri_L	2044	0	12824	158	2160	0	17182	0	1336	0	9754	0	0	0	19310	0	674	0	5352	162	0	0	2496	0	1000	0	0	0	24578	0	2598	442	314	0	0	0	314	0	0	0	0	0	0	0	0	0	0	0	0	0	0	0	0	0	0	0	252	0	0	0	0	0	0	0	0	0	0	0	0	0	2208	300	3114	0	0	0	188	0	398	0	254	0	102	0	0	0	0	0	0	0	0	0	0	0	0	0	0	0	0	0	0	0	0	0	0	0	0	0	0	0	0	0	0	0	0	0	
144424	Frontal_Inf_Tri_R	0	0	0	9956	0	886	0	8726	0	1202	116	6196	0	0	0	9216	0	0	3730	7134	0	0	154	1834	0	0	0	0	0	7470	230	5622	0	6586	0	0	0	0	0	0	0	0	0	0	0	0	0	0	0	0	0	0	0	0	0	0	0	0	0	0	0	0	0	0	0	0	0	0	0	0	444	1574	194	942	0	0	0	0	0	0	0	0	0	0	0	0	0	0	0	0	0	0	0	0	0	0	0	0	0	0	0	0	0	0	0	0	0	0	0	0	0	0	0	0	0	0	
193036	Frontal_Inf_Orb_L	200	0	7664	104	14320	0	3386	0	9644	0	114	0	19310	0	0	0	0	0	2598	114	1926	506	1282	0	444	0	1558	98	18966	0	1930	338	0	0	0	0	588	0	126	0	666	0	0	0	0	0	0	0	0	0	0	0	0	0	0	0	0	0	0	0	0	0	0	0	0	0	0	0	0	0	2586	410	6426	0	0	0	184	0	0	0	0	0	1030	0	0	0	0	0	0	0	0	0	0	0	0	0	0	0	0	0	0	0	0	0	0	0	0	0	0	0	0	0	0	0	0	0	
81116	Frontal_Inf_Orb_R	0	0	0	2500	0	2418	0	1772	0	2868	0	352	0	9216	0	0	0	130	640	1798	0	840	0	1656	0	198	0	914	0	7974	0	788	0	1684	0	0	0	0	0	0	0	302	0	0	0	0	0	0	0	0	0	0	0	0	0	0	0	0	0	0	0	0	0	0	0	0	0	0	0	0	0	322	0	2024	0	0	0	0	0	0	0	802	0	1360	0	0	0	0	0	0	0	0	0	0	0	0	0	0	0	0	0	0	0	0	0	0	0	0	0	0	0	0	0	0	0	0	
163652	Rolandic_Oper_L	6662	0	7112	0	0	0	1134	0	0	0	8728	0	674	0	0	0	0	0	4240	0	0	0	386	0	0	0	0	0	14172	0	138	0	290	0	0	0	1258	0	0	0	0	0	0	0	0	0	0	0	0	0	3266	0	0	0	378	0	7852	0	2426	0	3418	0	1556	0	558	0	150	0	394	0	288	0	820	0	0	0	0	0	1770	0	10554	0	2654	0	588	0	0	0	360	0	0	0	0	0	0	0	0	0	0	0	0	0	0	0	0	0	0	0	0	0	0	0	0	0	0	0	
100832	Rolandic_Oper_R	0	1438	0	7836	0	0	0	920	0	0	0	2526	0	0	0	130	0	0	5342	7454	0	0	0	0	0	0	0	0	0	7204	158	286	0	286	0	0	0	920	0	148	0	0	0	0	0	0	0	0	0	0	0	0	0	0	0	324	0	4714	0	0	0	98	0	2476	0	140	0	248	0	468	324	218	148	2092	0	486	0	242	0	1496	0	1360	0	150	0	566	0	0	0	218	0	0	0	0	0	0	0	0	0	0	0	0	0	0	0	0	0	0	0	0	0	0	0	0	0	0	
949620	Supp_Motor_Area_L	8010	1872	76688	47510	1556	640	21634	4948	0	0	11854	4394	5352	3730	2598	640	4240	5342	0	81398	0	0	23280	8036	1244	0	0	0	22722	6900	10300	19974	12142	33336	1296	500	3390	600	0	126	0	0	0	0	0	0	0	0	0	0	0	0	0	0	0	0	684	764	0	0	346	0	92	102	0	0	468	0	4874	138	6062	11836	9440	6728	618	0	520	156	1496	128	2600	0	1506	0	0	0	0	0	0	0	0	0	0	0	0	0	0	0	0	0	0	0	0	0	0	0	0	0	0	0	0	0	0	0	0	0	
1.00218e+06	Supp_Motor_Area_R	14198	11992	18088	90644	124	1784	2942	10094	0	0	464	7958	162	7134	114	1798	0	7454	81398	0	0	0	2420	13026	114	0	0	0	1048	11028	1826	27440	2020	72364	1786	5732	646	2192	0	508	0	0	0	1826	0	968	0	234	0	372	0	508	0	124	0	2226	1616	7058	0	412	420	1216	94	2254	0	146	0	7694	5406	24866	4168	23568	1574	9610	132	574	368	1990	0	438	0	500	0	0	0	894	0	0	0	1334	0	0	0	0	0	0	0	0	0	0	0	0	0	0	0	0	0	0	0	0	0	0	0	0	0	0	
102036	Olfactory_L	0	0	204	0	2774	530	0	0	130	0	0	0	0	0	1926	0	0	0	0	0	0	7228	0	0	1592	0	3734	1338	3650	0	3772	1976	0	0	0	0	1424	0	466	0	1586	0	0	0	0	0	0	0	0	0	0	0	0	0	0	0	0	0	0	0	0	0	0	0	0	0	0	0	0	0	8404	5362	3154	1278	96	0	0	0	0	0	0	0	264	0	0	0	130	0	0	0	0	0	0	0	0	0	0	0	0	0	0	0	0	0	0	0	0	0	0	0	0	0	0	0	0	0	
97720	Olfactory_R	0	0	0	0	1388	2576	0	0	0	0	0	0	0	0	506	840	0	0	0	0	7228	0	0	146	1114	406	2894	3470	104	2278	2970	1762	0	0	0	0	0	262	0	190	0	1514	0	0	0	0	0	0	0	0	0	0	0	0	0	0	0	0	0	0	0	0	0	0	0	0	0	0	0	0	7154	7078	3048	1726	206	0	0	0	0	0	0	0	0	0	0	0	0	0	0	0	0	0	0	0	0	0	0	0	0	0	0	0	0	0	0	0	0	0	0	0	0	0	0	0	0	0	
347220	Frontal_Sup_Medial_L	440	0	37754	7768	4660	1486	13092	570	0	0	1962	342	2496	154	1282	0	386	0	23280	2420	0	0	0	13736	3470	1900	0	0	7408	284	14806	8606	9494	4998	144	106	492	0	0	0	0	0	0	0	0	0	0	0	0	0	0	0	0	0	0	0	0	0	0	0	0	0	0	0	0	0	0	0	0	0	3674	1356	4068	0	0	0	322	0	368	0	286	0	0	0	0	0	0	0	0	0	0	0	0	0	0	0	0	0	0	0	0	0	0	0	0	0	0	0	0	0	0	0	0	0	0	0	
315172	Frontal_Sup_Medial_R	0	0	2284	34920	212	10188	588	3720	0	1242	0	1156	0	1834	0	1656	0	0	8036	13026	0	146	13736	0	472	7916	0	2270	114	3606	1498	22058	0	13024	0	0	0	0	0	0	0	0	0	0	0	0	0	0	0	0	0	0	0	0	0	0	0	0	0	0	0	0	0	0	0	0	0	0	0	0	324	7480	0	6080	0	0	0	0	0	0	0	0	0	0	0	0	0	0	0	0	0	0	0	0	0	0	0	0	0	0	0	0	0	0	0	0	0	0	0	0	0	0	0	0	0	0	
80444	Frontal_Med_Orb_L	162	0	5926	164	7552	338	344	0	0	0	0	0	1000	0	444	0	0	0	1244	114	1592	1114	3470	472	0	1116	1170	382	4006	0	4674	1548	0	0	0	0	0	0	0	0	0	0	0	0	0	0	0	0	0	0	0	0	0	0	0	0	0	0	0	0	0	0	0	0	0	0	0	0	0	0	1244	978	952	216	0	0	0	0	0	0	0	0	0	0	0	0	0	0	0	0	0	0	0	0	0	0	0	0	0	0	0	0	0	0	0	0	0	0	0	0	0	0	0	0	0	0	
103172	Frontal_Med_Orb_R	0	0	270	2822	0	11220	0	0	0	1076	0	0	0	0	0	198	0	0	0	0	0	406	1900	7916	1116	0	98	7364	0	0	724	7248	0	0	0	0	0	0	0	0	0	0	0	0	0	0	0	0	0	0	0	0	0	0	0	0	0	0	0	0	0	0	0	0	0	0	0	0	0	0	182	4866	0	4180	0	0	0	0	0	0	0	0	0	0	0	0	0	0	0	0	0	0	0	0	0	0	0	0	0	0	0	0	0	0	0	0	0	0	0	0	0	0	0	0	0	0	
50852	Rectus_L	0	0	0	0	4120	282	0	0	552	0	0	0	0	0	1558	0	0	0	0	0	3734	2894	0	0	1170	98	0	648	336	0	3034	1024	0	0	0	0	0	0	0	0	0	0	0	0	0	0	0	0	0	0	0	0	0	0	0	0	0	0	0	0	0	0	0	0	0	0	0	0	0	0	3276	1768	594	338	0	0	0	0	0	0	0	0	0	0	0	0	0	0	0	0	0	0	0	0	0	0	0	0	0	0	0	0	0	0	0	0	0	0	0	0	0	0	0	0	0	0	
77992	Rectus_R	0	0	0	364	254	9430	0	0	0	660	0	0	0	0	98	914	0	0	0	0	1338	3470	0	2270	382	7364	648	0	0	636	730	3010	0	0	0	0	0	0	0	0	0	126	0	0	0	0	0	0	0	0	0	0	0	0	0	0	0	0	0	0	0	0	0	0	0	0	0	0	0	0	880	3344	292	2786	0	0	0	0	0	0	0	0	0	0	0	0	0	0	0	0	0	0	0	0	0	0	0	0	0	0	0	0	0	0	0	0	0	0	0	0	0	0	0	0	0	0	
586512	Insula_L	10762	0	38904	858	14872	0	12220	0	2244	0	16570	140	24578	0	18966	0	14172	0	22722	1048	3650	104	7408	114	4006	0	336	0	0	0	5462	1492	2362	320	1748	1146	17428	920	286	140	2148	0	0	0	0	0	0	0	0	0	478	0	220	0	2018	94	7612	0	378	0	1242	0	0	0	0	0	922	0	278	0	7552	1406	18028	232	170	0	2484	300	7920	0	7962	0	3950	0	1100	0	0	0	1784	0	0	0	0	0	0	0	0	0	0	0	0	0	0	0	0	0	0	0	0	0	0	0	0	0	0	0	
257944	Insula_R	112	1384	0	14210	0	2312	0	3222	0	1132	0	10380	0	7470	0	7974	0	7204	6900	11028	0	2278	284	3606	0	0	0	636	0	0	336	3778	0	2444	0	0	0	5316	0	2014	0	2236	0	0	0	0	0	0	0	0	0	0	0	0	0	2238	0	2416	0	0	0	0	0	0	0	0	0	206	0	316	508	1100	200	15832	0	362	0	850	0	1064	0	3854	0	1370	0	878	0	0	0	1422	0	0	0	0	0	0	0	0	0	100	0	0	0	0	0	0	0	0	0	0	0	0	0	0	0	0	
225808	Cingulum_Ant_L	354	0	7976	1552	3070	178	1136	0	0	0	2026	298	2598	230	1930	0	138	158	10300	1826	3772	2970	14806	1498	4674	724	3034	730	5462	336	0	9888	6284	2340	0	0	366	0	0	0	0	0	0	0	0	0	0	0	0	0	0	0	0	0	0	0	0	0	0	0	0	0	0	0	0	0	0	0	0	0	9028	3566	7722	1108	0	0	366	0	176	0	284	0	0	0	0	0	0	0	0	0	0	0	0	0	0	0	0	0	0	0	0	0	0	0	0	0	0	0	0	0	0	0	0	0	0	0	
523832	Cingulum_Ant_R	372	0	2480	35224	618	7994	442	5104	0	484	718	5668	442	5622	338	788	0	286	19974	27440	1976	1762	8606	22058	1548	7248	1024	3010	1492	3778	9888	0	1470	27552	94	96	610	214	0	0	0	0	0	0	0	0	0	0	0	0	0	0	0	0	0	0	250	0	0	0	212	0	98	0	0	0	0	0	0	0	6500	31372	2286	12118	126	0	1056	1478	0	0	0	0	0	0	0	0	0	0	0	0	0	0	0	0	0	0	0	0	0	0	0	0	0	0	0	0	0	0	0	0	0	0	0	0	0	0	
116752	Cingulum_Mid_L	782	0	4598	250	0	0	1132	0	0	0	568	0	314	0	0	0	290	0	12142	2020	0	0	9494	0	0	0	0	0	2362	0	6284	1470	0	4894	1756	0	230	0	0	0	0	0	272	106	516	94	110	0	102	0	272	0	0	0	0	0	174	0	0	0	0	0	0	0	0	0	2534	616	4194	130	146	0	120	0	0	0	0	0	228	0	176	0	0	0	0	0	0	0	0	0	0	0	0	0	0	0	0	0	0	0	0	0	0	0	0	0	0	0	0	0	0	0	0	0	0	0	
700180	Cingulum_Mid_R	7050	7288	4366	33498	0	590	1240	7122	0	0	0	2782	0	6586	0	1684	0	286	33336	72364	0	0	4998	13024	0	0	0	0	320	2444	2340	27552	4894	0	1112	6830	102	966	0	120	0	0	0	5994	0	5166	0	1118	0	3232	0	2454	0	294	0	1934	102	6128	0	314	0	636	0	1112	0	206	446	27386	2246	28124	518	5700	352	760	0	0	0	406	0	314	0	1110	0	0	0	7310	0	0	0	3834	0	0	0	0	0	0	0	0	0	0	0	0	0	0	0	0	0	0	0	0	0	0	0	0	0	0	
160444	Cingulum_Post_L	5614	2782	1514	534	0	0	980	386	0	0	186	0	0	0	0	0	0	0	1296	1786	0	0	144	0	0	0	0	0	1748	0	0	94	1756	1112	0	9746	8552	5868	1168	1582	0	0	2186	0	970	0	1576	0	0	0	128	0	0	0	300	1086	318	0	0	0	0	0	0	0	0	0	6454	922	5168	3018	240	100	0	0	646	0	3992	3918	1324	0	124	0	0	0	0	0	0	0	238	0	0	0	0	0	0	0	0	666	0	0	0	0	0	0	0	0	0	0	0	0	0	0	0	0	0	0	
166340	Cingulum_Post_R	2654	886	890	548	0	0	706	382	0	0	134	0	0	0	0	0	0	0	500	5732	0	0	106	0	0	0	0	0	1146	0	0	96	0	6830	9746	0	5050	9680	502	1878	0	0	0	484	0	364	104	1372	0	0	0	0	0	0	122	2266	154	856	0	0	0	0	0	0	0	0	944	8492	0	6056	138	104	0	0	0	0	5876	6138	758	0	0	0	0	0	0	0	0	0	0	184	0	0	0	0	0	0	0	780	0	0	0	0	0	0	0	0	0	0	0	0	512	0	0	0	0	0	
284240	Hippocampus_L	5324	162	5036	562	104	0	2702	316	0	0	1728	0	314	0	588	0	1258	0	3390	646	1424	0	492	0	0	0	0	0	17428	0	366	610	230	102	8552	5050	0	4340	7560	1060	7568	0	2214	0	0	0	2344	0	0	0	224	0	0	0	11688	734	2006	0	0	0	0	0	0	0	0	0	4626	110	1008	0	1088	628	5806	546	0	0	5772	2448	4420	0	2162	0	1910	0	2082	0	250	0	11944	0	130	0	0	0	0	0	388	510	170	0	0	0	0	0	0	0	0	0	0	0	0	0	0	0	0	0	
334788	Hippocampus_R	1708	3350	724	1974	0	0	572	1376	0	0	118	1624	0	0	0	0	0	920	600	2192	0	262	0	0	0	0	0	0	920	5316	0	214	0	966	5868	9680	4340	0	474	26018	0	10042	0	1322	0	0	124	3564	0	0	0	0	0	108	116	29274	296	2228	0	0	0	0	0	278	0	110	732	6544	0	2136	228	332	0	10214	0	686	3400	7042	546	706	0	3630	0	1852	0	3414	0	150	0	3826	0	296	0	130	0	292	0	2806	0	902	0	0	0	168	0	0	0	0	0	0	568	0	116	0	0	0	
48448	ParaHippocampal_L	124	0	0	0	0	0	0	0	0	0	0	0	0	0	126	0	0	0	0	0	466	0	0	0	0	0	0	0	286	0	0	0	0	0	1168	502	7560	474	0	0	1458	0	504	0	0	0	1388	0	0	0	0	0	0	0	3626	0	0	0	0	0	0	0	0	0	0	0	1184	0	0	0	0	0	174	0	0	0	286	98	0	0	0	0	480	0	0	0	686	0	520	0	374	0	96	0	302	0	1422	0	426	0	92	0	166	0	0	0	0	0	0	236	0	0	0	0	0	0	
166856	ParaHippocampal_R	462	744	102	662	0	0	0	402	0	0	0	484	0	0	0	0	0	148	126	508	0	190	0	0	0	0	0	0	140	2014	0	0	0	120	1582	1878	1060	26018	0	0	0	5654	0	154	0	0	0	2130	0	0	0	0	0	0	0	18752	0	380	0	0	0	0	0	0	0	0	0	904	0	318	0	0	0	5108	0	102	924	2930	224	332	0	890	0	902	0	786	0	308	0	518	0	366	0	174	0	432	0	3182	0	972	0	0	0	210	0	0	0	0	0	0	0	0	136	0	0	0	
41120	Amygdala_L	0	0	0	0	270	0	0	0	0	0	0	0	0	0	666	0	0	0	0	0	1586	0	0	0	0	0	0	0	2148	0	0	0	0	0	0	0	7568	0	1458	0	0	0	0	0	0	0	0	0	0	0	0	0	0	0	2364	0	0	0	0	0	0	0	0	0	0	0	0	0	0	0	296	0	280	0	0	0	0	0	0	0	0	0	1042	0	308	0	482	0	2092	0	0	0	0	0	0	0	0	0	0	0	0	0	0	0	0	0	0	0	0	0	0	0	0	0	0	0	
58356	Amygdala_R	0	0	0	0	0	172	0	0	0	0	0	174	0	0	0	302	0	0	0	0	0	1514	0	0	0	0	0	126	0	2236	0	0	0	0	0	0	0	10042	0	5654	0	0	0	0	0	0	0	0	0	0	0	0	0	0	0	4276	0	0	0	0	0	0	0	0	0	0	0	0	0	0	0	0	0	1290	0	0	0	114	0	0	0	0	0	2498	0	0	0	214	0	566	0	0	0	0	0	0	0	0	0	0	0	0	0	0	0	0	0	0	0	0	0	0	0	0	0	0	
249020	Calcarine_L	110	0	0	0	0	0	0	0	0	0	0	0	0	0	0	0	0	0	0	0	0	0	0	0	0	0	0	0	0	0	0	0	272	0	2186	0	2214	0	504	0	0	0	0	8748	19366	6630	14482	1804	14578	2302	19462	280	4620	0	4480	0	412	0	0	0	128	0	0	0	0	0	14776	0	540	0	0	0	0	0	0	0	0	0	112	0	0	0	0	0	2316	0	0	0	3626	0	104	0	0	0	0	0	0	0	262	0	0	0	0	0	0	0	0	0	0	0	96	100	0	0	0	0	
374896	Calcarine_R	0	338	0	0	0	0	0	0	0	0	0	0	0	0	0	0	0	0	0	1826	0	0	0	0	0	0	0	0	0	0	0	0	106	5994	0	484	0	1322	0	154	0	0	8748	0	7166	34274	3506	26890	122	23836	96	15730	0	5568	0	6770	0	2766	0	526	0	528	0	0	0	142	470	26376	0	3688	0	0	0	0	0	0	0	0	0	0	0	0	0	0	0	3708	0	0	0	5642	0	0	0	0	0	0	0	128	0	218	0	0	0	0	0	0	0	0	0	0	202	124	0	0	0	0	
249956	Cuneus_L	410	0	0	0	0	0	0	0	0	0	0	0	0	0	0	0	0	0	0	0	0	0	0	0	0	0	0	0	0	0	0	0	516	0	970	0	0	0	0	0	0	0	19366	7166	0	8848	5398	2212	31270	2580	20894	178	2908	0	1104	0	664	0	294	0	310	0	0	0	160	0	14044	596	912	0	0	0	0	0	0	0	0	0	176	0	0	0	0	0	2276	0	0	0	1470	0	0	0	0	0	0	0	122	0	134	0	0	0	0	0	0	0	0	0	0	0	0	0	0	0	0	0	
344032	Cuneus_R	0	234	0	0	0	0	0	0	0	0	0	0	0	0	0	0	0	0	0	968	0	0	0	0	0	0	0	0	0	0	0	0	94	5166	0	364	0	0	0	0	0	0	6630	34274	8848	0	2120	9526	102	40264	0	15496	0	1906	0	2252	0	1682	0	1714	0	354	0	0	0	278	1710	28032	0	2738	0	0	0	0	0	0	0	134	0	0	0	0	0	0	0	3210	0	0	0	3688	0	0	0	0	0	0	0	96	0	0	0	0	0	0	0	0	0	0	0	0	136	0	0	0	0	0	
276092	Lingual_L	0	0	0	0	0	0	0	0	0	0	0	0	0	0	0	0	0	0	0	0	0	0	0	0	0	0	0	0	0	0	0	0	110	0	1576	104	2344	124	1388	0	0	0	14482	3506	5398	2120	0	4568	6478	782	19200	254	10960	416	16224	726	0	0	0	0	0	0	0	0	0	0	5496	0	0	0	0	0	0	0	0	0	0	98	0	0	0	0	0	0	130	0	0	0	606	0	4054	1226	556	118	308	0	7948	418	13198	2176	140	0	0	0	0	160	0	0	200	228	3730	4872	1518	0	0	106	
377720	Lingual_R	0	0	0	0	0	0	0	0	0	0	0	0	0	0	0	0	0	0	0	234	0	0	0	0	0	0	0	0	0	0	0	0	0	1118	0	1372	0	3564	0	2130	0	0	1804	26890	2212	9526	4568	0	0	12868	1124	10370	832	6828	1148	19414	0	186	0	0	0	0	0	0	0	0	0	7840	0	572	0	0	0	0	0	0	0	158	0	0	0	0	0	0	0	330	0	0	0	908	3934	6722	900	248	334	212	2172	9042	7066	11078	182	0	262	0	808	814	184	0	252	352	10652	12820	3318	190	612	710	
234464	Occipital_Sup_L	120	0	0	0	0	0	0	0	0	0	0	0	0	0	0	0	0	0	0	0	0	0	0	0	0	0	0	0	0	0	0	0	102	0	0	0	0	0	0	0	0	0	14578	122	31270	102	6478	0	0	0	37676	0	3530	0	922	0	408	0	3782	0	468	0	0	0	156	0	14312	0	164	0	0	0	0	0	0	0	0	0	0	0	0	0	0	0	1828	0	0	0	922	0	0	0	0	0	0	0	136	0	156	0	0	0	0	0	0	0	0	0	0	0	0	0	0	0	0	0	
319996	Occipital_Sup_R	0	112	0	0	0	0	0	0	0	0	0	0	0	0	0	0	0	0	0	372	0	0	0	0	0	0	0	0	0	0	0	0	0	3232	0	0	0	0	0	0	0	0	2302	23836	2580	40264	782	12868	0	0	0	29664	0	2058	0	1674	0	1260	0	3576	0	488	0	0	0	1266	1562	23980	0	2914	0	0	0	0	0	0	0	0	0	0	0	0	0	0	0	2688	0	0	0	2418	0	0	0	0	0	0	0	0	0	0	0	0	0	0	0	0	0	0	0	0	102	0	0	0	0	0	
504704	Occipital_Mid_L	4884	0	584	0	0	0	0	0	0	0	0	0	0	0	0	0	3266	0	0	0	0	0	0	0	0	0	0	0	478	0	0	0	272	0	128	0	224	0	0	0	0	0	19462	96	20894	0	19200	1124	37676	0	0	0	25954	104	11282	180	11396	0	12062	0	14870	0	718	0	12014	0	10718	0	3258	0	0	0	106	0	0	0	0	0	482	0	6058	0	0	0	18640	0	0	0	10406	0	322	264	0	0	0	0	264	0	2446	590	0	0	0	0	0	0	0	0	0	0	0	1578	352	0	0	0	
274164	Occipital_Mid_R	0	528	0	0	0	0	0	0	0	0	0	0	0	0	0	0	0	0	0	508	0	0	0	0	0	0	0	0	0	0	0	0	0	2454	0	0	0	0	0	0	0	0	280	15730	178	15496	254	10370	0	29664	0	0	0	4574	0	2124	0	1554	0	1626	0	5572	0	264	0	14102	614	13022	0	2676	0	0	0	0	0	0	0	92	0	0	0	220	0	0	0	12606	0	0	0	2574	0	0	0	0	0	0	0	0	0	0	0	0	0	0	0	0	0	0	0	0	0	0	0	0	0	0	
170188	Occipital_Inf_L	288	0	0	0	0	0	0	0	0	0	0	0	0	0	0	0	0	0	0	0	0	0	0	0	0	0	0	0	220	0	0	0	0	0	0	0	0	0	0	0	0	0	4620	0	2908	0	10960	832	3530	0	25954	0	0	0	13888	120	260	0	0	0	0	0	0	0	0	0	1592	0	780	0	0	0	0	0	0	0	0	0	262	0	0	0	0	0	5018	0	0	0	7536	0	300	236	0	0	0	0	1058	0	2704	378	0	0	0	0	0	0	0	0	0	0	148	1208	294	0	0	0	
91048	Occipital_Inf_R	0	0	0	0	0	0	0	0	0	0	0	0	0	0	0	0	0	0	0	124	0	0	0	0	0	0	0	0	0	0	0	0	0	294	0	0	0	108	0	0	0	0	0	5568	0	1906	416	6828	0	2058	104	4574	0	0	0	8224	0	98	0	0	0	0	0	0	0	0	0	2050	0	218	0	0	0	0	0	0	0	0	0	0	0	0	0	0	0	1518	0	0	0	5756	0	336	0	0	0	0	0	572	494	1552	0	0	0	0	0	166	0	0	0	0	660	1426	212	0	112	150	
360076	Fusiform_L	1602	0	148	0	0	0	0	0	0	0	144	0	0	0	0	0	378	0	0	0	0	0	0	0	0	0	0	0	2018	0	0	0	0	0	300	122	11688	116	3626	0	2364	0	4480	0	1104	0	16224	1148	922	0	11282	0	13888	0	0	110	604	0	0	0	0	0	0	0	0	0	3784	0	1238	0	0	0	292	0	0	0	146	0	2012	0	1784	0	852	0	3470	0	246	0	20006	0	19516	478	1224	120	0	0	16558	250	27606	598	438	0	576	0	280	182	0	0	156	176	3074	1966	742	0	0	0	
431448	Fusiform_R	330	1840	0	514	0	0	0	192	0	0	0	408	0	0	0	0	0	324	0	2226	0	0	0	0	0	0	0	0	94	2238	0	0	0	1934	1086	2266	734	29274	0	18752	0	4276	0	6770	0	2252	726	19414	0	1674	180	2124	120	8224	110	0	0	1906	0	0	0	0	0	112	0	0	128	7978	0	2976	0	0	0	3482	0	92	574	1958	152	692	0	4412	0	2580	0	7008	0	1080	0	17062	234	12400	0	746	0	640	214	10662	956	15236	0	0	0	350	0	662	0	0	164	264	5838	4310	1702	100	416	556	
290504	Postcentral_L	35118	1080	3152	1280	0	0	600	190	0	0	1878	0	252	0	0	0	7852	0	684	1616	0	0	0	0	0	0	0	0	7612	0	0	250	174	102	318	154	2006	296	0	0	0	0	412	0	664	0	0	0	408	0	11396	0	260	0	604	0	0	876	8398	0	26738	0	9452	0	1060	0	3174	0	4070	0	764	274	1310	208	156	0	518	0	2560	0	5020	0	0	0	1684	0	0	0	632	0	0	0	0	0	0	0	0	0	0	0	0	0	0	0	0	0	0	0	0	0	0	0	0	0	0	0	
252112	Postcentral_R	818	14872	102	2746	0	0	0	474	0	0	0	5172	0	0	0	0	0	4714	764	7058	0	0	0	0	0	0	0	0	0	2416	0	0	0	6128	0	856	0	2228	0	380	0	0	0	2766	0	1682	0	186	0	1260	0	1554	0	98	0	1906	876	0	0	5994	128	6200	104	10076	0	1096	0	14878	0	16960	658	684	400	3076	0	510	118	684	0	412	0	1428	0	0	0	1830	0	0	0	1764	0	0	0	0	0	0	0	0	0	0	0	0	0	0	0	0	0	0	0	0	0	0	0	0	0	0	
124200	Parietal_Sup_L	3974	0	474	0	0	0	0	0	0	0	0	0	0	0	0	0	2426	0	0	0	0	0	0	0	0	0	0	0	378	0	0	0	0	0	0	0	0	0	0	0	0	0	0	0	294	0	0	0	3782	0	12062	0	0	0	0	0	8398	0	0	0	12684	0	378	0	676	0	10518	94	1002	0	0	0	0	0	0	0	0	0	0	0	4106	0	0	0	854	0	0	0	0	0	0	0	0	0	0	0	0	0	0	0	0	0	0	0	0	0	0	0	0	0	0	0	0	0	0	0	
72548	Parietal_Sup_R	0	370	0	290	0	0	0	0	0	0	0	226	0	0	0	0	0	0	0	412	0	0	0	0	0	0	0	0	0	0	0	0	0	314	0	0	0	0	0	0	0	0	0	526	0	1714	0	0	0	3576	0	1626	0	0	0	0	0	5994	0	0	0	5880	0	1036	0	2140	390	8556	0	2608	0	142	0	0	0	0	0	0	0	0	0	0	0	0	0	108	0	0	0	366	0	0	0	0	0	0	0	0	0	0	0	0	0	0	0	0	0	0	0	0	0	0	0	0	0	0	
236860	Parietal_Inf_L	13516	278	710	298	0	0	218	108	0	0	506	0	0	0	0	0	3418	0	346	420	0	0	0	0	0	0	0	0	1242	0	0	212	0	0	0	0	0	0	0	0	0	0	128	0	310	0	0	0	468	0	14870	0	0	0	0	0	26738	128	12684	0	0	0	16226	0	10152	0	2224	0	1858	0	402	236	0	194	0	0	0	0	0	0	5728	0	0	0	3478	0	0	0	1334	0	0	0	0	0	0	0	0	0	0	0	0	0	0	0	0	0	0	0	0	0	0	0	0	0	0	0	
92800	Parietal_Inf_R	0	2124	0	680	0	0	0	0	0	0	0	296	0	0	0	0	0	98	0	1216	0	0	0	0	0	0	0	0	0	0	0	0	0	636	0	0	0	0	0	0	0	0	0	528	0	354	0	0	0	488	0	5572	0	0	0	0	0	6200	0	5880	0	0	0	8450	0	9940	0	1860	0	666	0	130	0	0	0	0	0	0	0	0	0	380	0	0	0	758	0	0	0	144	0	0	0	0	0	0	0	0	0	0	0	0	0	0	0	0	0	0	0	0	0	0	0	0	0	0	
118580	SupraMarginal_L	3402	134	490	100	0	0	0	0	0	0	0	0	0	0	0	0	1556	0	92	94	0	0	0	0	0	0	0	0	0	0	0	98	0	0	0	0	0	0	0	0	0	0	0	0	0	0	0	0	0	0	718	0	0	0	0	0	9452	104	378	0	16226	0	0	0	8152	0	0	0	484	0	164	116	0	92	0	0	0	0	0	0	5946	0	0	0	7804	0	0	0	3688	0	0	0	0	0	0	0	0	0	0	0	0	0	0	0	0	0	0	0	0	0	0	0	0	0	0	0	
96176	SupraMarginal_R	0	3164	0	1064	0	0	0	0	0	0	0	270	0	0	0	0	0	2476	102	2254	0	0	0	0	0	0	0	0	0	0	0	0	0	1112	0	0	0	278	0	0	0	0	0	0	0	0	0	0	0	0	0	264	0	0	0	112	0	10076	0	1036	0	8450	0	0	0	5306	0	2064	0	1878	0	0	0	0	0	0	0	0	0	106	0	4470	0	0	0	1776	0	0	0	1830	0	0	0	0	0	0	0	0	0	0	0	0	0	0	0	0	0	0	0	0	0	0	0	0	0	0	
102488	Angular_L	488	0	0	0	0	0	0	0	0	0	0	0	0	0	0	0	558	0	0	0	0	0	0	0	0	0	0	0	0	0	0	0	0	0	0	0	0	0	0	0	0	0	0	0	160	0	0	0	156	0	12014	0	0	0	0	0	1060	0	676	0	10152	0	8152	0	0	0	104	0	176	0	0	0	0	0	0	0	0	0	0	0	3338	0	0	0	10752	0	0	0	3458	0	0	0	0	0	0	0	0	0	0	0	0	0	0	0	0	0	0	0	0	0	0	0	0	0	0	0	
96908	Angular_R	0	672	0	0	0	0	0	0	0	0	0	0	0	0	0	0	0	140	0	146	0	0	0	0	0	0	0	0	0	0	0	0	0	206	0	0	0	110	0	0	0	0	0	142	0	278	0	0	0	1266	0	14102	0	0	0	0	0	1096	0	2140	0	9940	0	5306	0	0	0	984	0	562	0	0	0	0	0	0	0	0	0	0	0	4216	0	0	0	6324	0	0	0	824	0	0	0	0	0	0	0	0	0	0	0	0	0	0	0	0	0	0	0	0	0	0	0	0	0	0	
239820	Precuneus_L	920	0	740	0	0	0	462	0	0	0	0	0	0	0	0	0	150	0	468	0	0	0	0	0	0	0	0	0	922	0	0	0	2534	446	6454	944	4626	732	1184	0	0	0	14776	470	14044	1710	5496	0	14312	1562	10718	614	1592	0	3784	128	3174	0	10518	390	2224	0	0	0	104	0	0	3540	4906	0	0	0	0	0	0	0	138	0	584	0	194	0	0	0	1270	0	0	0	2832	0	104	0	0	0	0	0	0	0	144	0	0	0	0	0	0	0	0	0	0	0	0	0	0	0	0	0	
515380	Precuneus_R	168	1788	0	982	0	0	0	0	0	0	0	400	0	0	0	0	0	248	0	7694	0	0	0	0	0	0	0	0	0	206	0	0	616	27386	922	8492	110	6544	0	904	0	0	0	26376	596	28032	0	7840	0	23980	0	13022	0	2050	0	7978	0	14878	94	8556	0	1860	0	2064	0	984	3540	0	0	31846	126	0	0	118	0	0	110	668	0	276	0	3154	0	0	0	12534	0	0	0	9052	0	0	0	0	0	0	0	298	0	0	0	0	0	0	0	0	0	0	0	0	1198	0	0	0	0	0	
135204	Paracentral_Lobule_L	12462	2066	1138	366	0	0	0	0	0	0	0	0	0	0	0	0	394	0	4874	5406	0	0	0	0	0	0	0	0	278	0	0	0	4194	2246	5168	0	1008	0	0	0	0	0	540	0	912	0	0	0	164	0	3258	0	780	0	1238	0	4070	0	1002	0	1858	0	484	0	176	0	4906	0	0	970	344	0	356	0	1346	0	2380	0	148	0	352	0	0	0	1316	0	0	0	1402	0	0	0	0	0	0	0	0	0	0	0	0	0	0	0	0	0	0	0	0	0	0	0	0	0	0	0	
346900	Paracentral_Lobule_R	2788	12078	502	1134	0	0	0	0	0	0	0	1614	0	0	0	0	0	468	138	24866	0	0	0	0	0	0	0	0	0	316	0	0	130	28124	3018	6056	0	2136	0	318	0	0	0	3688	0	2738	0	572	0	2914	0	2676	0	218	0	2976	0	16960	0	2608	0	666	0	1878	0	562	0	31846	970	0	506	358	302	388	752	0	136	134	0	514	0	2258	0	0	0	8216	0	0	0	4928	0	0	0	0	0	0	0	0	0	0	0	0	0	0	0	0	0	0	0	0	0	0	0	0	0	0	
309072	Caudate_L	3244	2186	6942	4898	2792	584	2046	568	0	0	4634	1812	2208	444	2586	0	288	324	6062	4168	8404	7154	3674	324	1244	182	3276	880	7552	508	9028	6500	146	518	240	138	1088	228	0	0	296	0	0	0	0	0	0	0	0	0	0	0	0	0	0	0	764	658	0	0	402	0	164	0	0	0	0	126	344	506	0	15728	20122	3532	2898	0	11304	678	0	0	144	0	0	0	0	0	0	0	0	0	0	0	0	0	0	0	0	0	0	0	0	0	0	0	0	0	0	0	0	0	0	0	0	0	0	0	
435472	Caudate_R	642	1602	1010	23676	1080	4858	398	1552	0	782	1156	3868	300	1574	410	322	0	218	11836	23568	5362	7078	1356	7480	978	4866	1768	3344	1406	1100	3566	31372	0	5700	100	104	628	332	0	0	0	0	0	0	0	0	0	0	0	0	0	0	0	0	0	0	274	684	0	142	236	130	116	0	0	0	0	0	0	358	15728	0	4966	19702	400	2080	3640	13888	0	0	0	0	0	0	0	0	0	0	0	0	0	0	0	0	0	0	0	0	0	0	0	0	0	0	0	0	0	0	0	0	0	0	0	0	0	0	
282412	Putamen_L	2314	638	16976	754	6330	190	692	162	1526	0	2052	1112	3114	194	6426	0	820	148	9440	1574	3154	3048	4068	0	952	0	594	292	18028	200	7722	2286	120	352	0	0	5806	0	174	0	280	0	0	0	0	0	0	0	0	0	106	0	0	0	292	0	1310	400	0	0	0	0	0	0	0	0	0	0	356	302	20122	4966	0	2184	5794	0	2702	0	0	0	436	0	444	0	0	0	0	0	254	0	0	0	0	0	0	0	0	0	0	0	0	0	0	0	0	0	0	0	0	0	0	0	0	0	0	0	
323912	Putamen_R	224	4894	536	13312	156	6024	158	2188	0	2456	152	6332	0	942	0	2024	0	2092	6728	9610	1278	1726	0	6080	216	4180	338	2786	232	15832	1108	12118	0	760	0	0	546	10214	0	5108	0	1290	0	0	0	0	0	0	0	0	0	0	0	0	0	3482	208	3076	0	0	194	0	92	0	0	0	0	118	0	388	3532	19702	2184	0	180	3554	464	2078	0	132	0	448	0	0	0	100	0	0	0	138	0	0	0	0	0	0	0	100	0	146	0	0	0	0	0	0	0	0	0	0	0	0	0	0	0	0	
48816	Pallidum_L	1940	874	5040	226	0	0	224	0	0	0	0	0	0	0	0	0	0	0	618	132	96	206	0	0	0	0	0	0	170	0	0	126	0	0	646	0	0	0	0	0	0	0	0	0	0	0	0	0	0	0	0	0	0	0	0	0	156	0	0	0	0	0	0	0	0	0	0	0	1346	752	2898	400	5794	180	0	0	2584	0	0	0	0	0	0	0	0	0	0	0	0	0	0	0	0	0	0	0	0	0	0	0	0	0	0	0	0	0	0	0	0	0	0	0	0	0	0	0	
20616	Pallidum_R	0	792	0	498	0	0	0	178	0	0	0	394	0	0	0	0	0	486	0	574	0	0	0	0	0	0	0	0	0	362	0	0	0	0	0	0	0	686	0	102	0	0	0	0	0	0	0	0	0	0	0	0	0	0	0	92	0	510	0	0	0	0	0	0	0	0	0	0	0	0	0	2080	0	3554	0	0	0	0	0	0	0	0	0	0	0	0	0	0	0	0	0	0	0	0	0	0	0	0	0	0	0	0	0	0	0	0	0	0	0	0	0	0	0	0	0	0	
169420	Thalamus_L	10160	1346	3268	2034	110	0	684	374	0	0	196	0	188	0	184	0	0	0	520	368	0	0	322	0	0	0	0	0	2484	0	366	1056	0	0	3992	5876	5772	3400	286	924	0	0	0	0	0	0	0	0	0	0	0	0	0	0	146	574	518	118	0	0	0	0	0	0	0	0	138	110	2380	136	11304	3640	2702	464	2584	0	0	13948	506	0	234	0	0	0	300	0	0	0	556	0	0	0	0	0	0	0	0	442	0	0	0	0	0	0	0	0	0	0	0	0	0	0	0	0	0	0	
149592	Thalamus_R	2490	1010	356	3608	0	0	182	2354	0	0	0	420	0	0	0	0	0	242	156	1990	0	0	0	0	0	0	0	0	300	850	0	1478	0	406	3918	6138	2448	7042	98	2930	0	114	0	0	0	134	98	158	0	0	0	92	0	0	0	1958	0	684	0	0	0	0	0	0	0	0	0	668	0	134	678	13888	0	2078	0	0	13948	0	368	0	0	194	0	0	0	126	0	0	0	98	0	0	0	0	0	114	0	848	0	0	0	0	0	0	0	0	0	0	0	0	0	0	0	0	0	0	
80552	Heschl_L	2922	0	2690	0	0	0	1914	0	0	0	996	0	398	0	0	0	1770	0	1496	0	0	0	368	0	0	0	0	0	7920	0	176	0	228	0	1324	758	4420	546	0	224	0	0	112	0	176	0	0	0	0	0	482	0	262	0	2012	152	2560	0	0	0	0	0	0	0	0	0	584	0	148	0	0	0	0	0	0	0	506	368	0	0	2206	0	0	0	1154	0	0	0	1282	0	0	0	0	0	0	0	0	122	0	0	0	0	0	0	0	0	0	0	0	0	0	0	0	0	0	0	
24136	Heschl_R	0	232	0	166	0	0	0	0	0	0	0	102	0	0	0	0	0	1496	128	438	0	0	0	0	0	0	0	0	0	1064	0	0	0	314	0	0	0	706	0	332	0	0	0	0	0	0	0	0	0	0	0	0	0	0	0	692	0	412	0	0	0	0	0	106	0	0	0	276	0	514	0	0	0	132	0	0	0	0	0	0	0	3872	0	0	0	832	0	0	0	254	0	0	0	0	0	0	0	0	0	0	0	0	0	0	0	0	0	0	0	0	0	0	0	0	0	0	
211448	Temporal_Sup_L	3476	0	3706	0	0	0	1286	0	0	0	3332	0	254	0	0	0	10554	0	2600	0	0	0	286	0	0	0	0	0	7962	0	284	0	176	0	124	0	2162	0	0	0	0	0	0	0	0	0	0	0	0	0	6058	0	0	0	1784	0	5020	0	4106	0	5728	0	5946	0	3338	0	194	0	352	0	144	0	436	0	0	0	234	0	2206	0	0	0	5924	0	19124	0	112	0	8816	0	0	0	0	0	0	0	0	0	0	0	0	0	0	0	0	0	0	0	0	0	0	0	0	0	0	0	
119352	Temporal_Sup_R	0	430	0	118	0	0	0	0	0	0	0	108	0	0	0	802	0	1360	0	500	0	0	0	0	0	0	0	0	0	3854	0	0	0	1110	0	0	0	3630	0	890	0	0	0	0	0	0	0	0	0	0	0	220	0	0	0	4412	0	1428	0	0	0	380	0	4470	0	4216	0	3154	0	2258	0	0	0	448	0	0	0	194	0	3872	0	0	0	1810	0	15974	0	92	0	3946	0	0	0	0	0	0	0	0	0	0	0	0	0	0	0	0	0	0	0	0	0	0	0	0	0	0	
77092	Temporal_Pole_Sup_L	488	0	1530	0	292	0	202	0	146	0	2792	0	102	0	1030	0	2654	0	1506	0	264	0	0	0	0	0	0	0	3950	0	0	0	0	0	0	0	1910	0	480	0	1042	0	0	0	0	0	0	0	0	0	0	0	0	0	852	0	0	0	0	0	0	0	0	0	0	0	0	0	0	0	0	0	444	0	0	0	0	0	0	0	5924	0	0	0	5646	0	3038	0	4254	0	0	0	0	0	0	0	0	0	0	0	0	0	0	0	0	0	0	0	0	0	0	0	0	0	0	0	
34316	Temporal_Pole_Sup_R	0	0	0	0	0	0	0	0	0	0	0	0	0	0	0	1360	0	150	0	0	0	0	0	0	0	0	0	0	0	1370	0	0	0	0	0	0	0	1852	0	902	0	2498	0	0	0	0	0	0	0	0	0	0	0	0	0	2580	0	0	0	0	0	0	0	0	0	0	0	0	0	0	0	0	0	0	0	0	0	0	0	0	0	1810	0	0	0	1594	0	1978	0	1064	0	0	0	0	0	0	0	0	0	0	0	0	0	0	0	0	0	0	0	0	0	0	0	0	0	0	
264692	Temporal_Mid_L	1166	0	124	0	0	0	0	0	0	0	96	0	0	0	0	0	588	0	0	0	0	0	0	0	0	0	0	0	1100	0	0	0	0	0	0	0	2082	0	0	0	308	0	2316	0	2276	0	130	0	1828	0	18640	0	5018	0	3470	0	1684	0	854	0	3478	0	7804	0	10752	0	1270	0	1316	0	0	0	0	0	0	0	300	0	1154	0	19124	0	5646	0	0	0	2386	0	37436	0	0	0	0	0	0	0	0	0	0	0	0	0	0	0	0	0	0	0	0	0	0	0	0	0	0	0	
242160	Temporal_Mid_R	0	872	0	0	0	0	0	0	0	0	0	128	0	0	0	0	0	566	0	894	0	0	0	0	0	0	0	0	0	878	0	0	0	7310	0	0	0	3414	0	786	0	0	0	3708	0	3210	0	330	0	2688	0	12606	0	1518	0	7008	0	1830	0	108	0	758	0	1776	0	6324	0	12534	0	8216	0	0	0	100	0	0	0	126	0	832	0	15974	0	1594	0	0	0	850	0	24046	0	0	0	0	0	0	0	0	0	96	0	0	0	0	0	0	0	0	0	0	0	0	0	0	0	0	
19116	Temporal_Pole_Mid_L	0	0	0	0	0	0	0	0	0	0	0	0	0	0	0	0	0	0	0	0	130	0	0	0	0	0	0	0	0	0	0	0	0	0	0	0	250	0	686	0	482	0	0	0	0	0	0	0	0	0	0	0	0	0	246	0	0	0	0	0	0	0	0	0	0	0	0	0	0	0	0	0	0	0	0	0	0	0	0	0	112	0	3038	0	2386	0	0	0	2228	0	0	0	0	0	0	0	0	0	0	0	0	0	0	0	0	0	0	0	0	0	0	0	0	0	0	0	
10684	Temporal_Pole_Mid_R	0	0	0	0	0	0	0	0	0	0	0	0	0	0	0	0	0	0	0	0	0	0	0	0	0	0	0	0	0	0	0	0	0	0	0	0	0	150	0	308	0	214	0	0	0	0	0	0	0	0	0	0	0	0	0	1080	0	0	0	0	0	0	0	0	0	0	0	0	0	0	0	0	0	0	0	0	0	0	0	0	0	92	0	1978	0	850	0	0	0	670	0	0	0	0	0	0	0	0	0	0	0	0	0	0	0	0	0	0	0	0	0	0	0	0	0	0	
271724	Temporal_Inf_L	1442	0	136	0	0	0	0	0	0	0	130	0	0	0	0	0	360	0	0	0	0	0	0	0	0	0	0	0	1784	0	0	0	0	0	238	0	11944	0	520	0	2092	0	3626	0	1470	0	606	0	922	0	10406	0	7536	0	20006	0	632	0	0	0	1334	0	3688	0	3458	0	2832	0	1402	0	0	0	254	0	0	0	556	0	1282	0	8816	0	4254	0	37436	0	2228	0	0	0	2602	0	438	0	0	0	176	0	1256	0	0	0	0	0	0	0	0	0	0	0	0	0	0	0	0	0	
202928	Temporal_Inf_R	0	1064	0	0	0	0	0	0	0	0	0	0	0	0	0	0	0	218	0	1334	0	0	0	0	0	0	0	0	0	1422	0	0	0	3834	0	184	0	3826	0	518	0	566	0	5642	0	3688	0	908	0	2418	0	2574	0	5756	0	17062	0	1764	0	366	0	144	0	1830	0	824	0	9052	0	4928	0	0	0	138	0	0	0	98	0	254	0	3946	0	1064	0	24046	0	670	0	0	0	940	0	214	0	0	0	0	0	172	0	0	0	0	0	0	0	0	0	0	0	0	0	0	0	0	
500088	Cerebelum_Crus1_L	0	0	0	0	0	0	0	0	0	0	0	0	0	0	0	0	0	0	0	0	0	0	0	0	0	0	0	0	0	0	0	0	0	0	0	0	130	0	374	0	0	0	104	0	0	0	4054	3934	0	0	322	0	300	0	19516	234	0	0	0	0	0	0	0	0	0	0	104	0	0	0	0	0	0	0	0	0	0	0	0	0	0	0	0	0	0	0	0	0	2602	0	0	4434	36984	2958	1678	0	35450	1818	63378	5296	15246	0	12868	100	4670	904	890	0	1462	1534	10112	8340	9104	396	442	306	
537696	Cerebelum_Crus1_R	0	0	0	0	0	0	0	0	0	0	0	0	0	0	0	0	0	0	0	0	0	0	0	0	0	0	0	0	0	0	0	0	0	0	0	0	0	296	0	366	0	0	0	0	0	0	1226	6722	0	0	264	0	236	336	478	12400	0	0	0	0	0	0	0	0	0	0	0	0	0	0	0	0	0	0	0	0	0	0	0	0	0	0	0	0	0	0	0	0	0	940	4434	0	1562	32876	516	6080	1802	29942	4562	65048	1788	4950	4240	15448	2150	4864	0	488	1826	4250	16808	12174	17588	5012	4734	2442	
311500	Cerebelum_Crus2_L	0	0	0	0	0	0	0	0	0	0	0	0	0	0	0	0	0	0	0	0	0	0	0	0	0	0	0	0	0	0	0	0	0	0	0	0	0	0	96	0	0	0	0	0	0	0	556	900	0	0	0	0	0	0	1224	0	0	0	0	0	0	0	0	0	0	0	0	0	0	0	0	0	0	0	0	0	0	0	0	0	0	0	0	0	0	0	0	0	438	0	36984	1562	0	9922	200	0	7222	752	12092	1222	35722	4798	21422	1206	918	192	0	0	312	328	3054	1902	10874	1750	102	0	
353052	Cerebelum_Crus2_R	0	0	0	0	0	0	0	0	0	0	0	0	0	0	0	0	0	0	0	0	0	0	0	0	0	0	0	0	0	0	0	0	0	0	0	0	0	130	0	174	0	0	0	0	0	0	118	248	0	0	0	0	0	0	120	746	0	0	0	0	0	0	0	0	0	0	0	0	0	0	0	0	0	0	0	0	0	0	0	0	0	0	0	0	0	0	0	0	0	214	2958	32876	9922	0	126	600	906	2060	1420	8212	12122	26818	12790	28570	2804	2044	0	344	298	352	1250	1400	15888	8982	1684	350	
68952	Cerebelum_3_L	0	0	0	0	0	0	0	0	0	0	0	0	0	0	0	0	0	0	0	0	0	0	0	0	0	0	0	0	0	0	0	0	0	0	0	0	0	0	302	0	0	0	0	0	0	0	308	334	0	0	0	0	0	0	0	0	0	0	0	0	0	0	0	0	0	0	0	0	0	0	0	0	0	0	0	0	0	0	0	0	0	0	0	0	0	0	0	0	0	0	1678	516	200	126	0	226	11408	432	2036	568	238	0	468	114	2384	568	220	0	2776	3418	3982	612	692	370	382	118	
81096	Cerebelum_3_R	0	0	0	0	0	0	0	0	0	0	0	0	0	0	0	0	0	0	0	0	0	0	0	0	0	0	0	0	0	0	0	0	0	0	0	0	0	292	0	432	0	0	0	0	0	0	0	212	0	0	0	0	0	0	0	640	0	0	0	0	0	0	0	0	0	0	0	0	0	0	0	0	0	0	0	0	0	114	0	0	0	0	0	0	0	0	0	0	0	0	0	6080	0	600	226	0	420	8348	146	7170	0	0	230	874	150	1516	0	128	602	5016	3144	518	1526	1154	1010	0	
390296	Cerebelum_4_5_L	0	0	0	0	0	0	0	0	0	0	0	0	0	0	0	0	0	0	0	0	0	0	0	0	0	0	0	0	0	0	0	0	0	0	0	0	388	0	1422	0	0	0	0	0	122	0	7948	2172	136	0	264	0	1058	0	16558	214	0	0	0	0	0	0	0	0	0	0	0	0	0	0	0	0	0	0	0	0	0	0	0	0	0	0	0	0	0	0	0	0	176	0	35450	1802	7222	906	11408	420	0	3314	45980	2110	3390	0	3360	176	5580	2174	404	0	4666	5552	20540	4670	2846	534	834	1352	
340792	Cerebelum_4_5_R	0	0	0	0	0	0	0	0	0	0	0	0	0	0	0	0	0	0	0	0	0	0	0	0	0	0	0	0	0	0	0	0	0	0	666	780	510	2806	0	3182	0	0	0	128	0	96	418	9042	0	0	0	0	0	572	250	10662	0	0	0	0	0	0	0	0	0	0	0	298	0	0	0	0	0	100	0	0	442	848	122	0	0	0	0	0	0	0	0	0	0	0	1818	29942	752	2060	432	8348	3314	0	2624	35336	138	0	582	1800	846	4354	0	102	2464	6572	21948	6146	4506	1670	2082	1638	
509744	Cerebelum_6_L	0	0	0	0	0	0	0	0	0	0	0	0	0	0	0	0	0	0	0	0	0	0	0	0	0	0	0	0	0	0	0	0	0	0	0	0	170	0	426	0	0	0	262	0	134	0	13198	7066	156	0	2446	0	2704	494	27606	956	0	0	0	0	0	0	0	0	0	0	144	0	0	0	0	0	0	0	0	0	0	0	0	0	0	0	0	0	0	0	0	0	1256	0	63378	4562	12092	1420	2036	146	45980	2624	0	6820	5872	0	4748	0	5062	1276	850	0	1808	1928	15210	13546	7176	440	564	316	
511036	Cerebelum_6_R	0	0	0	0	0	0	0	0	0	0	0	0	0	0	0	0	0	0	0	0	0	0	0	0	0	0	0	0	0	100	0	0	0	0	0	0	0	902	0	972	0	0	0	218	0	0	2176	11078	0	0	590	0	378	1552	598	15236	0	0	0	0	0	0	0	0	0	0	0	0	0	0	0	0	0	146	0	0	0	0	0	0	0	0	0	0	0	96	0	0	0	172	5296	65048	1222	8212	568	7170	2110	35336	6820	0	574	304	2182	6238	1558	5464	0	540	2100	5038	20456	17052	15410	4780	4878	2948	
298240	Cerebelum_7b_L	0	0	0	0	0	0	0	0	0	0	0	0	0	0	0	0	0	0	0	0	0	0	0	0	0	0	0	0	0	0	0	0	0	0	0	0	0	0	92	0	0	0	0	0	0	0	140	182	0	0	0	0	0	0	438	0	0	0	0	0	0	0	0	0	0	0	0	0	0	0	0	0	0	0	0	0	0	0	0	0	0	0	0	0	0	0	0	0	0	0	15246	1788	35722	12122	238	0	3390	138	5872	574	0	7648	38940	3890	5880	116	318	0	112	124	750	560	10138	4490	212	0	
203796	Cerebelum_7b_R	0	0	0	0	0	0	0	0	0	0	0	0	0	0	0	0	0	0	0	0	0	0	0	0	0	0	0	0	0	0	0	0	0	0	0	0	0	0	0	0	0	0	0	0	0	0	0	0	0	0	0	0	0	0	0	0	0	0	0	0	0	0	0	0	0	0	0	0	0	0	0	0	0	0	0	0	0	0	0	0	0	0	0	0	0	0	0	0	0	0	0	4950	4798	26818	0	0	0	0	0	304	7648	0	8306	29220	1024	7220	0	0	0	0	0	0	4592	6408	610	0	
361784	Cerebelum_8_L	0	0	0	0	0	0	0	0	0	0	0	0	0	0	0	0	0	0	0	0	0	0	0	0	0	0	0	0	0	0	0	0	0	0	0	0	0	0	166	0	0	0	0	0	0	0	0	262	0	0	0	0	0	0	576	0	0	0	0	0	0	0	0	0	0	0	0	0	0	0	0	0	0	0	0	0	0	0	0	0	0	0	0	0	0	0	0	0	0	0	12868	4240	21422	12790	468	230	3360	582	4748	2182	38940	8306	0	10934	24964	2662	894	0	288	348	1260	1334	11210	12874	2866	118	
295564	Cerebelum_8_R	0	0	0	0	0	0	0	0	0	0	0	0	0	0	0	0	0	0	0	0	0	0	0	0	0	0	0	0	0	0	0	0	0	0	0	0	0	168	0	210	0	0	0	0	0	0	0	0	0	0	0	0	0	0	0	350	0	0	0	0	0	0	0	0	0	0	0	0	0	0	0	0	0	0	0	0	0	0	0	0	0	0	0	0	0	0	0	0	0	0	100	15448	1206	28570	114	874	176	1800	0	6238	3890	29220	10934	0	3114	19866	0	656	364	580	1066	604	6560	11954	3408	312	
175836	Cerebelum_9_L	0	0	0	0	0	0	0	0	0	0	0	0	0	0	0	0	0	0	0	0	0	0	0	0	0	0	0	0	0	0	0	0	0	0	0	0	0	0	0	0	0	0	0	0	0	0	0	808	0	0	0	0	0	0	280	0	0	0	0	0	0	0	0	0	0	0	0	0	0	0	0	0	0	0	0	0	0	0	0	0	0	0	0	0	0	0	0	0	0	0	4670	2150	918	2804	2384	150	5580	846	5062	1558	5880	1024	24964	3114	0	2296	2426	0	1326	1484	3592	1898	4272	5120	2718	594	
201276	Cerebelum_9_R	0	0	0	0	0	0	0	0	0	0	0	0	0	0	0	0	0	0	0	0	0	0	0	0	0	0	0	0	0	0	0	0	0	0	0	0	0	0	0	0	0	0	0	0	0	0	160	814	0	0	0	0	0	166	182	662	0	0	0	0	0	0	0	0	0	0	0	0	0	0	0	0	0	0	0	0	0	0	0	0	0	0	0	0	0	0	0	0	0	0	904	4864	192	2044	568	1516	2174	4354	1276	5464	116	7220	2662	19866	2296	0	0	1938	3582	4460	6582	3410	4730	6682	8390	3364	
13728	Cerebelum_10_L	0	0	0	0	0	0	0	0	0	0	0	0	0	0	0	0	0	0	0	0	0	0	0	0	0	0	0	0	0	0	0	0	0	0	0	0	0	0	0	0	0	0	0	0	0	0	0	184	0	0	0	0	0	0	0	0	0	0	0	0	0	0	0	0	0	0	0	0	0	0	0	0	0	0	0	0	0	0	0	0	0	0	0	0	0	0	0	0	0	0	890	0	0	0	220	0	404	0	850	0	318	0	894	0	2426	0	0	0	0	0	246	226	206	0	0	0	
12524	Cerebelum_10_R	0	0	0	0	0	0	0	0	0	0	0	0	0	0	0	0	0	0	0	0	0	0	0	0	0	0	0	0	0	0	0	0	0	0	0	0	0	0	0	0	0	0	0	0	0	0	0	0	0	0	0	0	0	0	0	0	0	0	0	0	0	0	0	0	0	0	0	0	0	0	0	0	0	0	0	0	0	0	0	0	0	0	0	0	0	0	0	0	0	0	0	488	0	344	0	128	0	102	0	540	0	0	0	656	0	1938	0	0	224	358	392	0	328	386	378	0	
97292	Vermis_1_2	0	0	0	0	0	0	0	0	0	0	0	0	0	0	0	0	0	0	0	0	0	0	0	0	0	0	0	0	0	0	0	0	0	0	0	0	0	0	0	0	0	0	0	0	0	0	200	252	0	0	0	0	0	0	156	164	0	0	0	0	0	0	0	0	0	0	0	0	0	0	0	0	0	0	0	0	0	0	0	0	0	0	0	0	0	0	0	0	0	0	1462	1826	312	298	2776	602	4666	2464	1808	2100	112	0	288	364	1326	3582	0	224	0	10434	7978	944	1616	1080	1236	376	
142400	Vermis_3	0	0	0	0	0	0	0	0	0	0	0	0	0	0	0	0	0	0	0	0	0	0	0	0	0	0	0	0	0	0	0	0	0	0	0	0	0	0	236	0	0	0	0	0	0	0	228	352	0	0	0	0	0	0	176	264	0	0	0	0	0	0	0	0	0	0	0	0	0	0	0	0	0	0	0	0	0	0	0	0	0	0	0	0	0	0	0	0	0	0	1534	4250	328	352	3418	5016	5552	6572	1928	5038	124	0	348	580	1484	4460	0	358	10434	0	12132	964	1904	1316	1402	450	
413432	Vermis_4_5	0	0	0	0	0	0	0	0	0	0	0	0	0	0	0	0	0	0	0	0	0	0	0	0	0	0	0	0	0	0	0	0	0	0	0	512	0	568	0	0	0	0	96	202	0	136	3730	10652	0	102	0	0	148	660	3074	5838	0	0	0	0	0	0	0	0	0	0	0	1198	0	0	0	0	0	0	0	0	0	0	0	0	0	0	0	0	0	0	0	0	0	0	10112	16808	3054	1250	3982	3144	20540	21948	15210	20456	750	0	1260	1066	3592	6582	246	392	7978	12132	0	13516	6914	2068	2898	3902	
