data	data	459280	266780	1.10348e+06	906168	135112	59996	697788	226892	57172	10500	221732	201816	232604	150088	140956	65548	213496	108628	849748	819432	88920	87296	291336	358292	31360	68676	59384	68376	670184	402944	261744	398272	141396	433088	200376	214068	232760	329972	58544	157308	22388	49472	223964	324112	104288	332800	303564	251808	295212	371820	528876	245852	118984	112364	369908	374104	231016	278188	262168	84856	229580	118204	137876	110512	196876	127448	284164	429948	361040	160016	199524	560584	488504	410028	195792	29944	232424	228660	154128	21384	186644	114524	79188	33972	364304	133468	22224	7928	310200	157256	570984	440992	330996	300428	66424	61272	398000	280888	544080	476944	352352	192300	387656	310964	139780	145080	13208	7260	23096	90292	299088	199184	155632	135916	89108	33428	
data	data	Precentral_L	Precentral_R	Frontal_Sup_L	Frontal_Sup_R	Frontal_Sup_Orb_L	Frontal_Sup_Orb_R	Frontal_Mid_L	Frontal_Mid_R	Frontal_Mid_Orb_L	Frontal_Mid_Orb_R	Frontal_Inf_Oper_L	Frontal_Inf_Oper_R	Frontal_Inf_Tri_L	Frontal_Inf_Tri_R	Frontal_Inf_Orb_L	Frontal_Inf_Orb_R	Rolandic_Oper_L	Rolandic_Oper_R	Supp_Motor_Area_L	Supp_Motor_Area_R	Olfactory_L	Olfactory_R	Frontal_Sup_Medial_L	Frontal_Sup_Medial_R	Frontal_Med_Orb_L	Frontal_Med_Orb_R	Rectus_L	Rectus_R	Insula_L	Insula_R	Cingulum_Ant_L	Cingulum_Ant_R	Cingulum_Mid_L	Cingulum_Mid_R	Cingulum_Post_L	Cingulum_Post_R	Hippocampus_L	Hippocampus_R	ParaHippocampal_L	ParaHippocampal_R	Amygdala_L	Amygdala_R	Calcarine_L	Calcarine_R	Cuneus_L	Cuneus_R	Lingual_L	Lingual_R	Occipital_Sup_L	Occipital_Sup_R	Occipital_Mid_L	Occipital_Mid_R	Occipital_Inf_L	Occipital_Inf_R	Fusiform_L	Fusiform_R	Postcentral_L	Postcentral_R	Parietal_Sup_L	Parietal_Sup_R	Parietal_Inf_L	Parietal_Inf_R	SupraMarginal_L	SupraMarginal_R	Angular_L	Angular_R	Precuneus_L	Precuneus_R	Paracentral_Lobule_L	Paracentral_Lobule_R	Caudate_L	Caudate_R	Putamen_L	Putamen_R	Pallidum_L	Pallidum_R	Thalamus_L	Thalamus_R	Heschl_L	Heschl_R	Temporal_Sup_L	Temporal_Sup_R	Temporal_Pole_Sup_L	Temporal_Pole_Sup_R	Temporal_Mid_L	Temporal_Mid_R	Temporal_Pole_Mid_L	Temporal_Pole_Mid_R	Temporal_Inf_L	Temporal_Inf_R	Cerebelum_Crus1_L	Cerebelum_Crus1_R	Cerebelum_Crus2_L	Cerebelum_Crus2_R	Cerebelum_3_L	Cerebelum_3_R	Cerebelum_4_5_L	Cerebelum_4_5_R	Cerebelum_6_L	Cerebelum_6_R	Cerebelum_7b_L	Cerebelum_7b_R	Cerebelum_8_L	Cerebelum_8_R	Cerebelum_9_L	Cerebelum_9_R	Cerebelum_10_L	Cerebelum_10_R	Vermis_1_2	Vermis_3	Vermis_4_5	Vermis_6	Vermis_7	Vermis_8	Vermis_9	Vermis_10	
459280	Precentral_L	0	1062	16590	1790	0	0	28722	124	0	0	11332	0	2182	0	0	0	11682	0	5286	3756	0	0	0	270	0	0	0	0	20600	0	404	436	1100	2164	6544	5274	6230	3806	116	678	0	0	0	0	0	0	220	0	816	0	1678	0	0	0	1288	0	26534	0	1032	0	5398	0	1042	0	222	0	1254	1498	23828	1614	1164	918	6550	418	3376	0	8186	2286	4196	0	948	0	0	0	2032	0	0	0	2994	0	0	0	0	0	0	0	0	0	0	0	0	0	0	0	0	0	0	0	0	0	0	0	0	0	0	0	
266780	Precentral_R	1062	0	700	9408	0	0	0	7822	0	0	0	5460	0	140	0	0	0	2814	4740	9372	0	0	0	0	0	0	0	0	0	6362	0	0	418	3550	316	964	0	3078	0	334	0	0	0	164	0	272	0	0	0	232	0	112	0	252	0	682	0	22446	0	452	0	1598	0	1160	0	142	0	570	7624	8168	0	10374	0	1672	0	0	1092	16326	0	378	0	706	0	0	0	1200	0	0	0	1228	0	0	0	0	0	0	0	0	0	0	0	0	0	0	0	0	0	0	0	0	0	0	0	0	0	0	
1.10348e+06	Frontal_Sup_L	16590	700	0	20594	5318	0	100738	1466	1534	0	13260	742	22068	420	9038	152	6850	0	87828	25294	0	0	39320	10090	918	0	110	0	48160	1440	17424	7726	2592	5834	372	394	3184	1084	396	0	0	0	0	0	0	0	118	0	130	0	208	0	0	0	0	0	782	208	0	0	0	0	0	0	0	0	0	204	2848	0	8546	11578	42220	6096	18766	0	2948	876	1506	0	1282	0	1788	0	0	0	0	0	0	0	0	0	0	0	0	0	0	0	0	0	0	0	0	0	0	0	0	0	0	0	0	0	0	0	0	0	
906168	Frontal_Sup_R	1790	9408	20594	0	0	2776	8864	31476	0	702	0	10564	112	8458	0	2738	0	8984	26922	88024	0	248	11890	39630	0	2336	0	1030	554	23402	3622	30416	3026	21174	210	220	160	5506	0	1054	0	0	0	0	0	0	0	0	0	0	0	0	0	0	0	816	0	1566	0	0	0	0	0	106	0	0	0	0	1232	0	2308	36120	1672	23406	872	2038	396	15794	104	348	0	416	0	0	0	0	0	0	0	0	0	0	0	0	0	0	0	0	0	0	0	0	0	0	0	0	0	0	0	0	0	0	0	0	0	0	
135112	Frontal_Sup_Orb_L	0	0	5318	0	0	0	1218	0	11976	0	0	0	1328	0	15012	0	0	0	0	0	3604	0	2326	0	2582	0	5198	0	8358	0	3996	0	0	0	0	0	0	0	0	0	0	0	0	0	0	0	0	0	0	0	0	0	0	0	0	0	0	0	0	0	0	0	0	0	0	0	0	0	0	0	1438	0	4874	0	0	0	0	0	0	0	0	0	328	0	0	0	0	0	0	0	0	0	0	0	0	0	0	0	0	0	0	0	0	0	0	0	0	0	0	0	0	0	0	0	0	0	
59996	Frontal_Sup_Orb_R	0	0	0	2776	0	0	0	548	0	1316	0	0	0	0	0	1814	0	0	0	0	266	1472	110	1610	0	6194	0	8188	0	956	0	758	0	0	0	0	0	0	0	0	0	0	0	0	0	0	0	0	0	0	0	0	0	0	0	0	0	0	0	0	0	0	0	0	0	0	0	0	0	0	0	1900	0	2090	0	0	0	0	0	0	0	0	0	0	0	0	0	0	0	0	0	0	0	0	0	0	0	0	0	0	0	0	0	0	0	0	0	0	0	0	0	0	0	0	0	0	
697788	Frontal_Mid_L	28722	0	100738	8864	1218	0	0	478	1490	0	20558	0	33834	124	7206	0	7862	0	19470	8198	0	0	10856	2426	0	0	0	0	33170	174	6068	2976	1330	2056	290	288	1380	450	0	0	0	0	0	0	0	0	106	0	278	0	382	0	0	0	0	0	1316	0	206	0	110	0	0	0	0	0	128	210	2096	0	2544	4526	17140	920	13102	0	1576	178	1810	0	574	0	1466	0	0	0	0	0	0	0	0	0	0	0	0	0	0	0	0	0	0	0	0	0	0	0	0	0	0	0	0	0	0	0	0	0	
226892	Frontal_Mid_R	124	7822	1466	31476	0	548	478	0	0	450	0	9810	0	13480	0	2848	0	2604	1996	3472	0	0	794	3686	0	0	0	0	0	13500	298	2522	0	2648	0	0	0	1552	0	130	0	0	0	0	0	0	0	0	0	0	0	0	0	0	0	0	0	436	0	0	0	280	0	302	0	0	0	0	0	0	292	6176	148	3972	0	136	0	0	0	0	0	0	0	0	0	0	0	0	0	0	0	0	0	0	0	0	0	0	0	0	0	0	0	0	0	0	0	0	0	0	0	0	0	0	0	0	
57172	Frontal_Mid_Orb_L	0	0	1534	0	11976	0	1490	0	0	0	0	0	1420	0	8722	0	0	0	0	0	146	0	0	0	0	0	1300	0	1132	0	242	0	0	0	0	0	0	0	0	0	0	0	0	0	0	0	0	0	0	0	0	0	0	0	0	0	0	0	0	0	0	0	0	0	0	0	0	0	0	0	0	0	624	0	0	0	0	0	0	0	0	0	0	0	0	0	0	0	0	0	0	0	0	0	0	0	0	0	0	0	0	0	0	0	0	0	0	0	0	0	0	0	0	0	0	0	
10500	Frontal_Mid_Orb_R	0	0	0	702	0	1316	0	450	0	0	0	0	0	126	0	1768	0	0	0	0	0	0	0	0	0	0	0	160	0	0	0	0	0	0	0	0	0	0	0	0	0	0	0	0	0	0	0	0	0	0	0	0	0	0	0	0	0	0	0	0	0	0	0	0	0	0	0	0	0	0	0	210	0	518	0	0	0	0	0	0	0	0	0	0	0	0	0	0	0	0	0	0	0	0	0	0	0	0	0	0	0	0	0	0	0	0	0	0	0	0	0	0	0	0	0	0	
221732	Frontal_Inf_Oper_L	11332	0	13260	0	0	0	20558	0	0	0	0	0	7352	0	0	0	11234	0	3412	0	0	0	618	0	0	0	0	0	17378	0	1740	0	0	0	0	0	262	0	0	0	0	0	0	0	0	0	0	0	454	0	468	0	0	0	0	0	1886	0	406	0	0	0	0	0	0	0	208	0	160	0	0	0	8014	0	7932	0	0	0	770	0	1168	0	2150	0	0	0	0	0	104	0	0	0	0	0	0	0	0	0	0	0	0	0	0	0	0	0	0	0	0	0	0	0	0	0	0	0	
201816	Frontal_Inf_Oper_R	0	5460	742	10564	0	0	0	9810	0	0	0	0	0	8158	0	0	0	4502	1960	8508	0	0	0	0	0	0	0	0	0	25334	162	308	0	0	0	0	0	1112	0	172	0	0	0	0	0	0	0	0	0	0	0	0	0	0	0	156	0	2448	0	0	0	426	0	532	0	0	0	0	0	0	134	11496	0	8048	0	148	0	0	0	352	0	262	0	114	0	0	0	0	0	0	0	0	0	0	0	0	0	0	0	0	0	0	0	0	0	0	0	0	0	0	0	0	0	0	0	0	
232604	Frontal_Inf_Tri_L	2182	0	22068	112	1328	0	33834	0	1420	0	7352	0	0	0	10366	0	0	0	6622	244	0	0	1352	0	0	0	0	0	23346	0	1808	0	0	0	0	0	0	0	0	0	0	0	0	0	0	0	0	0	0	0	0	0	0	0	0	0	0	0	0	0	0	0	0	0	0	0	0	0	260	0	0	0	2338	0	1544	0	0	0	126	0	0	0	0	0	0	0	0	0	0	0	0	0	0	0	0	0	0	0	0	0	0	0	0	0	0	0	0	0	0	0	0	0	0	0	0	0	
150088	Frontal_Inf_Tri_R	0	140	420	8458	0	0	124	13480	0	126	0	8158	0	0	0	5646	0	194	2170	4494	0	0	196	2528	0	0	0	0	0	13852	0	2280	0	3620	0	0	0	624	0	178	0	0	0	0	0	0	0	0	0	0	0	0	0	0	0	108	0	0	0	0	0	0	0	0	0	0	0	0	0	0	0	4404	0	3658	0	186	0	0	0	0	0	0	0	0	0	0	0	0	0	0	0	0	0	0	0	0	0	0	0	0	0	0	0	0	0	0	0	0	0	0	0	0	0	0	0	0	
140956	Frontal_Inf_Orb_L	0	0	9038	0	15012	0	7206	0	8722	0	0	0	10366	0	0	0	0	0	344	0	1834	0	336	0	342	0	1054	0	10326	0	1166	0	0	0	0	0	0	0	0	0	0	0	0	0	0	0	0	0	0	0	0	0	0	0	0	0	0	0	0	0	0	0	0	0	0	0	0	0	0	0	424	0	3850	0	134	0	0	0	0	0	0	0	324	0	0	0	0	0	0	0	0	0	0	0	0	0	0	0	0	0	0	0	0	0	0	0	0	0	0	0	0	0	0	0	0	0	
65548	Frontal_Inf_Orb_R	0	0	152	2738	0	1814	0	2848	0	1768	0	0	0	5646	0	0	0	0	344	444	242	920	0	700	0	0	0	1634	0	6002	0	758	0	554	0	0	0	0	0	0	0	0	0	0	0	0	0	0	0	0	0	0	0	0	0	0	0	0	0	0	0	0	0	0	0	0	0	0	0	0	120	1554	102	2248	0	0	0	0	0	0	0	946	0	1040	0	200	0	0	0	0	0	0	0	0	0	0	0	0	0	0	0	0	0	0	0	0	0	0	0	0	0	0	0	0	0	0	
213496	Rolandic_Oper_L	11682	0	6850	0	0	0	7862	0	0	0	11234	0	0	0	0	0	0	0	1520	0	0	0	0	0	0	0	0	0	18956	0	0	0	0	0	0	0	542	0	0	0	0	0	0	0	0	0	0	0	974	0	1376	0	0	0	102	0	12784	0	936	0	1446	0	2300	0	0	0	686	0	334	0	0	0	6106	0	5442	0	330	0	5830	0	4928	0	1950	0	1718	0	0	0	860	0	0	0	0	0	0	0	0	0	0	0	0	0	0	0	0	0	0	0	0	0	0	0	0	0	0	0	
108628	Rolandic_Oper_R	0	2814	0	8984	0	0	0	2604	0	0	0	4502	0	194	0	0	0	0	162	6646	0	0	0	0	0	0	0	0	0	13322	0	0	0	0	0	0	0	172	0	0	0	0	0	0	0	0	0	0	0	0	0	0	0	0	0	0	0	4832	0	0	0	174	0	2024	0	0	0	0	0	0	0	242	0	2822	0	0	0	708	0	1448	0	2524	0	140	0	0	0	0	0	0	0	0	0	0	0	0	0	0	0	0	0	0	0	0	0	0	0	0	0	0	0	0	0	0	0	0	
849748	Supp_Motor_Area_L	5286	4740	87828	26922	0	0	19470	1996	0	0	3412	1960	6622	2170	344	344	1520	162	0	55950	0	0	6484	7062	0	0	0	0	18782	3478	8766	7996	11504	26060	202	288	2804	842	316	0	0	0	0	0	0	0	0	0	0	0	0	0	0	0	0	0	1408	128	0	0	0	0	0	0	0	0	0	0	31076	1014	8622	14520	22132	8196	5674	0	13312	4188	164	0	706	0	424	0	0	0	0	0	0	0	0	0	0	0	0	0	0	0	0	0	0	0	0	0	0	0	0	0	0	0	0	0	0	0	0	0	
819432	Supp_Motor_Area_R	3756	9372	25294	88024	0	0	8198	3472	0	0	0	8508	244	4494	0	444	0	6646	55950	0	0	0	900	6920	0	0	0	0	598	17040	2408	9136	7864	39796	650	1450	164	4872	0	1260	0	0	0	276	0	0	0	0	0	0	0	0	0	0	0	1644	0	3052	0	0	0	118	0	124	0	0	0	226	17562	16012	926	25852	610	22070	390	2104	386	9208	124	312	0	488	0	0	0	254	0	0	0	518	0	0	0	0	0	0	0	0	0	0	0	0	0	0	0	0	0	0	0	0	0	0	0	0	0	0	
88920	Olfactory_L	0	0	0	0	3604	266	0	0	146	0	0	0	0	0	1834	242	0	0	0	0	0	6102	210	0	1400	0	4438	772	3434	0	3722	1492	0	0	0	0	0	0	0	0	116	0	0	0	0	0	0	0	0	0	0	0	0	0	0	0	0	0	0	0	0	0	0	0	0	0	0	0	0	0	8054	3420	4964	0	0	0	0	0	0	0	0	0	244	0	0	0	0	0	0	0	0	0	0	0	0	0	0	0	0	0	0	0	0	0	0	0	0	0	0	0	0	0	0	0	0	0	
87296	Olfactory_R	0	0	0	248	0	1472	0	0	0	0	0	0	0	0	0	920	0	0	0	0	6102	0	0	304	0	1456	1804	3788	138	1522	2844	3894	0	0	0	0	0	0	0	0	0	616	0	0	0	0	0	0	0	0	0	0	0	0	0	0	0	0	0	0	0	0	0	0	0	0	0	0	0	0	6902	6674	4624	340	0	0	0	0	0	0	0	0	0	0	0	0	0	0	0	0	0	0	0	0	0	0	0	0	0	0	0	0	0	0	0	0	0	0	0	0	0	0	0	0	0	0	
291336	Frontal_Sup_Medial_L	0	0	39320	11890	2326	110	10856	794	0	0	618	0	1352	196	336	0	0	0	6484	900	210	0	0	24952	1560	486	462	0	3126	0	13916	11352	1660	8664	0	0	0	0	0	0	0	0	0	0	0	0	0	0	0	0	0	0	0	0	0	0	0	0	0	0	0	0	0	0	0	0	0	0	0	0	400	368	3034	296	0	0	0	0	0	0	0	0	0	0	0	0	0	0	0	0	0	0	0	0	0	0	0	0	0	0	0	0	0	0	0	0	0	0	0	0	0	0	0	0	0	0	
358292	Frontal_Sup_Medial_R	270	0	10090	39630	0	1610	2426	3686	0	0	0	0	0	2528	0	700	0	0	7062	6920	0	304	24952	0	118	5000	0	1658	216	1948	4358	28094	0	15270	0	0	0	0	0	0	0	0	0	0	0	0	0	0	0	0	0	0	0	0	0	0	0	0	0	0	0	0	0	0	0	0	0	0	114	0	926	11932	1074	6656	604	128	0	872	0	0	0	0	0	0	0	0	0	0	0	0	0	0	0	0	0	0	0	0	0	0	0	0	0	0	0	0	0	0	0	0	0	0	0	0	0	0	
31360	Frontal_Med_Orb_L	0	0	918	0	2582	0	0	0	0	0	0	0	0	0	342	0	0	0	0	0	1400	0	1560	118	0	192	2950	0	340	0	3560	122	0	0	0	0	0	0	0	0	0	0	0	0	0	0	0	0	0	0	0	0	0	0	0	0	0	0	0	0	0	0	0	0	0	0	0	0	0	0	994	0	602	0	0	0	0	0	0	0	0	0	0	0	0	0	0	0	0	0	0	0	0	0	0	0	0	0	0	0	0	0	0	0	0	0	0	0	0	0	0	0	0	0	0	0	
68676	Frontal_Med_Orb_R	0	0	0	2336	0	6194	0	0	0	0	0	0	0	0	0	0	0	0	0	0	0	1456	486	5000	192	0	0	7426	0	0	398	4884	0	0	0	0	0	0	0	0	0	0	0	0	0	0	0	0	0	0	0	0	0	0	0	0	0	0	0	0	0	0	0	0	0	0	0	0	0	0	0	3382	0	2584	0	0	0	0	0	0	0	0	0	0	0	0	0	0	0	0	0	0	0	0	0	0	0	0	0	0	0	0	0	0	0	0	0	0	0	0	0	0	0	0	0	0	
59384	Rectus_L	0	0	110	0	5198	0	0	0	1300	0	0	0	0	0	1054	0	0	0	0	0	4438	1804	462	0	2950	0	0	164	980	0	4164	894	0	0	0	0	0	0	0	0	0	0	0	0	0	0	0	0	0	0	0	0	0	0	0	0	0	0	0	0	0	0	0	0	0	0	0	0	0	0	2966	1016	2192	0	0	0	0	0	0	0	0	0	0	0	0	0	0	0	0	0	0	0	0	0	0	0	0	0	0	0	0	0	0	0	0	0	0	0	0	0	0	0	0	0	0	0	
68376	Rectus_R	0	0	0	1030	0	8188	0	0	0	160	0	0	0	0	0	1634	0	0	0	0	772	3788	0	1658	0	7426	164	0	0	1188	350	3490	0	0	0	0	0	0	0	0	0	0	0	0	0	0	0	0	0	0	0	0	0	0	0	0	0	0	0	0	0	0	0	0	0	0	0	0	0	0	362	2840	300	838	0	0	0	0	0	0	0	0	0	0	0	0	0	0	0	0	0	0	0	0	0	0	0	0	0	0	0	0	0	0	0	0	0	0	0	0	0	0	0	0	0	0	
670184	Insula_L	20600	0	48160	554	8358	0	33170	0	1132	0	17378	0	23346	0	10326	0	18956	0	18782	598	3434	138	3126	216	340	0	980	0	0	0	3618	352	0	148	2462	1772	12358	1636	1166	140	1246	0	122	0	0	0	138	0	3488	0	4638	0	0	0	2954	0	10246	0	3052	0	368	0	170	0	190	0	1844	1444	1302	0	1498	762	29304	228	9410	0	3490	228	11788	0	3462	0	4124	0	1600	0	0	0	4750	0	0	0	0	0	0	0	0	0	0	0	0	0	0	0	0	0	0	0	0	0	0	0	0	0	0	0	
402944	Insula_R	0	6362	1440	23402	0	956	174	13500	0	0	0	25334	0	13852	0	6002	0	13322	3478	17040	0	1522	0	1948	0	0	0	1188	0	0	0	2662	0	972	0	0	0	2944	0	546	0	564	0	0	0	136	0	0	0	164	0	0	0	0	0	1254	0	4514	0	192	0	978	0	704	0	140	0	218	0	162	230	16478	174	25550	0	134	112	900	0	1520	0	6120	0	1080	0	2884	0	0	0	620	0	0	0	0	0	0	0	0	0	0	0	0	0	0	0	0	0	0	0	0	0	0	0	0	0	0	
261744	Cingulum_Ant_L	404	0	17424	3622	3996	0	6068	298	242	0	1740	162	1808	0	1166	0	0	0	8766	2408	3722	2844	13916	4358	3560	398	4164	350	3618	0	0	15324	2218	3366	0	0	0	0	0	0	0	0	0	0	0	0	0	0	0	0	0	0	0	0	0	0	0	0	0	0	0	0	0	0	0	0	0	0	210	0	8506	3252	12048	452	234	0	228	0	0	0	0	0	0	0	0	0	0	0	0	0	0	0	0	0	0	0	0	0	0	0	0	0	0	0	0	0	0	0	0	0	0	0	0	0	0	0	
398272	Cingulum_Ant_R	436	0	7726	30416	0	758	2976	2522	0	0	0	308	0	2280	0	758	0	0	7996	9136	1492	3894	11352	28094	122	4884	894	3490	352	2662	15324	0	2290	16456	0	0	0	158	0	0	0	0	0	0	0	0	0	0	0	0	0	0	0	0	0	0	0	0	0	0	0	0	0	0	0	0	0	0	132	0	3226	22098	3190	11576	664	486	106	882	0	0	0	0	0	0	0	0	0	0	0	0	0	0	0	0	0	0	0	0	0	0	0	0	0	0	0	0	0	0	0	0	0	0	0	0	0	0	
141396	Cingulum_Mid_L	1100	418	2592	3026	0	0	1330	0	0	0	0	0	0	0	0	0	0	0	11504	7864	0	0	1660	0	0	0	0	0	0	0	2218	2290	0	10564	7314	652	0	0	0	0	0	0	0	0	0	116	0	0	212	0	816	0	0	0	160	0	0	0	598	0	154	0	0	0	152	0	4374	618	6906	224	0	0	0	0	0	0	0	0	0	0	0	0	0	0	2278	0	0	0	1558	0	0	0	0	0	0	0	0	0	0	0	0	0	0	0	0	0	0	0	0	0	0	0	0	0	0	0	
433088	Cingulum_Mid_R	2164	3550	5834	21174	0	0	2056	2648	0	0	0	0	0	3620	0	554	0	0	26060	39796	0	0	8664	15270	0	0	0	0	148	972	3366	16456	10564	0	1158	6524	0	354	0	122	0	0	0	1354	0	1896	0	122	0	218	0	150	0	0	0	654	0	5332	0	0	0	0	0	0	0	0	518	6198	9950	15128	0	894	0	1088	0	0	0	116	0	0	0	0	0	0	0	374	0	0	0	1498	0	0	0	0	0	0	0	0	0	0	0	0	0	0	0	0	0	0	0	0	0	0	0	0	0	0	
200376	Cingulum_Post_L	6544	316	372	210	0	0	290	0	0	0	0	0	0	0	0	0	0	0	202	650	0	0	0	0	0	0	0	0	2462	0	0	0	7314	1158	0	13594	7842	6770	1464	1542	0	0	2930	0	502	0	1862	602	198	0	874	0	0	0	476	500	874	488	168	0	0	0	0	0	0	0	9270	4652	9178	1048	0	102	120	344	0	0	5826	2132	1026	0	448	0	0	0	3058	0	0	0	2462	0	0	0	0	0	0	0	0	0	0	0	0	0	0	0	0	0	0	0	0	0	318	0	0	0	0	0	
214068	Cingulum_Post_R	5274	964	394	220	0	0	288	0	0	0	0	0	0	0	0	0	0	0	288	1450	0	0	0	0	0	0	0	0	1772	0	0	0	652	6524	13594	0	5122	11072	388	3686	0	0	0	1566	0	2220	0	1964	102	0	0	0	0	0	0	2380	668	3866	0	0	0	0	0	0	0	0	838	14472	4422	4088	0	0	138	372	0	102	8858	4558	1494	0	740	0	0	0	1060	0	0	0	522	194	0	0	0	0	0	0	0	202	0	0	0	0	0	0	0	0	0	0	0	0	520	0	0	0	0	0	
232760	Hippocampus_L	6230	0	3184	160	0	0	1380	0	0	0	262	0	0	0	0	0	542	0	2804	164	0	0	0	0	0	0	0	0	12358	0	0	0	0	0	7842	5122	0	4354	10106	1312	4378	0	952	0	0	0	2334	364	624	0	794	0	0	0	8854	180	2100	0	576	0	0	0	0	0	0	0	3408	2148	1994	0	158	0	5096	174	1280	0	5780	1192	3544	0	2648	0	832	0	1640	0	0	0	9328	0	0	0	0	0	0	0	0	0	0	0	0	0	0	0	0	0	0	0	0	0	182	0	0	0	0	0	
329972	Hippocampus_R	3806	3078	1084	5506	0	0	450	1552	0	0	0	1112	0	624	0	0	0	172	842	4872	0	0	0	0	0	0	0	0	1636	2944	0	158	0	354	6770	11072	4354	0	286	23960	0	9754	0	518	0	134	0	1382	102	0	0	0	0	0	0	25960	638	840	0	0	0	0	0	0	0	0	108	6264	2304	656	0	1136	134	10514	0	1486	7208	8492	1452	0	728	832	0	1148	1048	1078	0	0	500	4364	0	0	0	0	0	0	0	1472	0	0	0	0	0	0	0	0	0	0	0	0	102	0	0	0	0	0	
58544	ParaHippocampal_L	116	0	396	0	0	0	0	0	0	0	0	0	0	0	0	0	0	0	316	0	0	0	0	0	0	0	0	0	1166	0	0	0	0	0	1464	388	10106	286	0	106	1384	0	532	0	0	0	2186	328	0	0	0	0	0	0	3090	0	0	0	0	0	0	0	0	0	0	0	1570	152	150	0	0	0	796	0	0	0	902	0	0	0	234	0	638	0	0	0	538	0	1006	0	0	0	0	0	552	0	190	0	0	0	0	0	0	0	0	0	0	0	194	486	0	0	0	0	0	0	
157308	ParaHippocampal_R	678	334	0	1054	0	0	0	130	0	0	0	172	0	178	0	0	0	0	0	1260	0	0	0	0	0	0	0	0	140	546	0	0	0	122	1542	3686	1312	23960	106	0	0	5302	0	296	0	0	0	2964	0	0	0	0	0	0	0	16374	0	280	0	0	0	0	0	0	0	0	0	2166	474	204	0	234	0	4158	0	728	1654	3020	452	0	254	0	0	1286	454	0	0	438	102	308	0	0	0	0	0	0	0	2144	0	0	0	0	0	0	0	0	0	0	0	0	142	0	0	0	0	0	
22388	Amygdala_L	0	0	0	0	0	0	0	0	0	0	0	0	0	0	0	0	0	0	0	0	116	0	0	0	0	0	0	0	1246	0	0	0	0	0	0	0	4378	0	1384	0	0	0	0	0	0	0	0	0	0	0	0	0	0	0	1794	0	0	0	0	0	0	0	0	0	0	0	0	0	0	0	134	0	1142	0	0	0	0	0	0	0	0	0	526	0	0	0	0	0	474	0	0	0	0	0	0	0	0	0	0	0	0	0	0	0	0	0	0	0	0	0	0	0	0	0	0	0	
49472	Amygdala_R	0	0	0	0	0	0	0	0	0	0	0	0	0	0	0	0	0	0	0	0	0	616	0	0	0	0	0	0	0	564	0	0	0	0	0	0	0	9754	0	5302	0	0	0	0	0	0	0	0	0	0	0	0	0	0	0	5268	0	0	0	0	0	0	0	0	0	0	0	0	0	0	0	0	0	962	0	0	0	0	0	0	0	0	0	1436	0	0	0	0	0	834	0	0	0	0	0	0	0	0	0	0	0	0	0	0	0	0	0	0	0	0	0	0	0	0	0	0	
223964	Calcarine_L	0	0	0	0	0	0	0	0	0	0	0	0	0	0	0	0	0	0	0	0	0	0	0	0	0	0	0	0	122	0	0	0	0	0	2930	0	952	0	532	0	0	0	0	5246	7388	3346	17386	2496	5700	2362	25136	988	9004	650	3088	192	0	0	812	0	312	0	0	0	620	0	13612	0	156	0	0	0	0	0	0	0	0	0	0	0	0	0	0	0	5728	0	0	0	3224	0	0	0	0	0	0	0	0	0	0	0	0	0	0	0	0	0	0	0	0	0	0	0	0	0	0	0	
324112	Calcarine_R	0	164	0	0	0	0	0	0	0	0	0	0	0	0	0	0	0	0	0	276	0	0	0	0	0	0	0	0	0	0	0	0	0	1354	0	1566	0	518	0	296	0	0	5246	0	1754	22012	3006	22668	0	24616	0	14966	0	12362	0	11852	0	4674	0	292	0	102	0	0	0	264	0	21160	0	1878	0	0	0	0	0	0	0	160	0	0	0	146	0	0	0	2780	0	0	0	7944	0	0	0	0	0	0	0	0	0	0	0	0	0	0	0	0	0	0	0	0	0	0	0	0	0	0	
104288	Cuneus_L	0	0	0	0	0	0	0	0	0	0	0	0	0	0	0	0	0	0	0	0	0	0	0	0	0	0	0	0	0	0	0	0	0	0	502	0	0	0	0	0	0	0	7388	1754	0	1926	798	550	17018	1414	11878	510	300	272	0	0	0	0	980	0	108	0	0	0	202	0	5592	0	418	0	0	0	0	0	0	0	0	0	0	0	0	0	0	0	378	0	0	0	156	0	0	0	0	0	0	0	0	0	0	0	0	0	0	0	0	0	0	0	0	0	0	0	0	0	0	0	
332800	Cuneus_R	0	272	0	0	0	0	0	0	0	0	0	0	0	0	0	0	0	0	0	0	0	0	0	0	0	0	0	0	0	136	0	0	116	1896	0	2220	0	134	0	0	0	0	3346	22012	1926	0	1116	5172	0	44532	0	18566	0	3822	0	1816	0	6166	0	2788	0	2942	0	2300	0	3252	2188	30870	0	1382	0	0	0	0	0	0	0	0	0	0	0	1342	0	0	0	2760	0	0	0	3328	0	0	0	0	0	0	0	0	0	0	0	0	0	0	0	0	0	0	0	0	0	0	0	0	0	0	
303564	Lingual_L	220	0	118	0	0	0	106	0	0	0	0	0	0	0	0	0	0	0	0	0	0	0	0	0	0	0	0	0	138	0	0	0	0	0	1862	0	2334	0	2186	0	0	0	17386	3006	798	1116	0	4974	1194	1064	19850	348	15200	330	22868	820	0	0	356	0	0	0	0	0	0	0	4358	0	284	0	0	0	200	0	0	0	1034	0	106	0	0	0	0	0	362	0	0	0	566	0	9206	1294	132	0	216	0	11344	786	15888	2698	190	0	220	0	0	0	0	0	0	0	2422	3532	670	0	0	0	
251808	Lingual_R	0	0	0	0	0	0	0	0	0	0	0	0	0	0	0	0	0	0	0	0	0	0	0	0	0	0	0	0	0	0	0	0	0	122	602	1964	364	1382	328	2964	0	0	2496	22668	550	5172	4974	0	0	10630	0	7098	0	6752	824	18044	0	260	0	0	0	0	0	0	0	0	110	4146	0	0	0	0	0	0	0	0	0	0	0	0	0	0	0	0	0	0	0	0	0	308	692	3852	240	280	0	394	1016	4532	3220	9056	0	0	0	0	132	0	0	0	0	0	3954	6232	546	0	0	0	
295212	Occipital_Sup_L	816	0	130	0	0	0	278	0	0	0	454	0	0	0	0	0	974	0	0	0	0	0	0	0	0	0	0	0	3488	0	0	0	212	0	198	102	624	102	0	0	0	0	5700	0	17018	0	1194	0	0	0	43412	0	870	0	712	0	1190	0	27078	0	5044	0	2046	0	7772	0	15372	156	434	0	0	0	0	0	0	0	108	0	2292	0	2310	0	0	0	3384	0	0	0	4136	0	0	0	0	0	0	0	0	0	0	0	0	0	0	0	0	0	0	0	0	0	0	0	0	0	0	0	
371820	Occipital_Sup_R	0	232	0	0	0	0	0	0	0	0	0	0	0	0	0	0	0	0	0	0	0	0	0	0	0	0	0	0	0	164	0	0	0	218	0	0	0	0	0	0	0	0	2362	24616	1414	44532	1064	10630	0	0	0	29280	0	5772	0	2522	0	4696	0	6316	0	4544	0	2854	0	7412	1182	27264	0	304	0	0	0	0	0	0	0	0	0	0	0	1970	0	0	0	3272	0	0	0	3290	0	0	0	0	0	0	0	0	0	0	0	0	0	0	0	0	0	0	0	0	0	0	0	0	0	0	
528876	Occipital_Mid_L	1678	0	208	0	0	0	382	0	0	0	468	0	0	0	0	0	1376	0	0	0	0	0	0	0	0	0	0	0	4638	0	0	0	816	0	874	0	794	0	0	0	0	0	25136	0	11878	0	19850	0	43412	0	0	0	20502	0	6578	0	2148	0	33878	0	14208	0	2200	0	21982	0	18810	0	1596	0	0	0	0	0	0	0	106	0	2940	0	2588	0	0	0	18870	0	0	0	6398	0	0	0	0	0	0	0	0	0	124	0	0	0	0	0	0	0	0	0	0	0	0	0	0	0	0	0	
245852	Occipital_Mid_R	0	112	0	0	0	0	0	0	0	0	0	0	0	0	0	0	0	0	0	0	0	0	0	0	0	0	0	0	0	0	0	0	0	150	0	0	0	0	0	0	0	0	988	14966	510	18566	348	7098	0	29280	0	0	0	6292	0	1316	0	2534	0	3046	0	5214	0	824	0	11914	1006	10702	0	218	0	0	0	0	0	0	0	0	0	0	0	582	0	0	0	6460	0	0	0	800	0	0	0	0	0	0	0	0	0	0	0	0	0	0	0	0	0	0	0	0	0	0	0	0	0	0	
118984	Occipital_Inf_L	0	0	0	0	0	0	0	0	0	0	0	0	0	0	0	0	0	0	0	0	0	0	0	0	0	0	0	0	0	0	0	0	0	0	0	0	0	0	0	0	0	0	9004	0	300	0	15200	0	870	0	20502	0	0	0	8398	0	0	0	134	0	0	0	0	0	0	0	754	0	0	0	0	0	0	0	0	0	0	0	0	0	0	0	0	0	1494	0	0	0	2540	0	0	0	0	0	0	0	0	0	296	0	0	0	0	0	0	0	0	0	0	0	0	0	0	0	0	0	
112364	Occipital_Inf_R	0	252	0	0	0	0	0	0	0	0	0	0	0	0	0	0	0	0	0	0	0	0	0	0	0	0	0	0	0	0	0	0	0	0	0	0	0	0	0	0	0	0	650	12362	272	3822	330	6752	0	5772	0	6292	0	0	0	5654	0	1052	0	112	0	0	0	0	0	0	0	3352	0	160	0	0	0	0	0	0	0	0	0	0	0	144	0	0	0	486	0	0	0	7396	0	128	0	0	0	0	0	0	130	574	0	0	0	0	0	0	0	0	0	0	0	490	0	0	0	0	
369908	Fusiform_L	1288	0	0	0	0	0	0	0	0	0	0	0	0	0	0	0	102	0	0	0	0	0	0	0	0	0	0	0	2954	0	0	0	160	0	476	0	8854	0	3090	0	1794	0	3088	0	0	0	22868	824	712	0	6578	0	8398	0	0	194	486	0	480	0	0	0	0	0	0	0	754	0	258	0	0	0	872	0	0	0	0	0	1588	0	1240	0	1502	0	1042	0	658	0	16722	0	30362	772	3212	0	0	0	14834	542	34200	1948	3612	0	3218	0	188	152	0	0	0	0	1832	2386	378	190	146	0	
374104	Fusiform_R	0	682	0	816	0	0	0	0	0	0	0	156	0	108	0	0	0	0	0	1644	0	0	0	0	0	0	0	0	0	1254	0	0	0	654	500	2380	180	25960	0	16374	0	5268	192	11852	0	1816	820	18044	0	2522	0	1316	0	5654	194	0	0	1306	0	0	0	0	0	0	0	0	0	5970	102	1252	0	0	0	2786	0	188	122	934	0	0	0	688	0	2564	0	1116	0	1008	0	10558	212	14522	0	524	124	138	1956	10736	1308	19730	0	184	0	368	870	142	0	0	0	0	5732	3184	110	0	124	108	
231016	Postcentral_L	26534	0	782	0	0	0	1316	0	0	0	1886	0	0	0	0	0	12784	0	1408	0	0	0	0	0	0	0	0	0	10246	0	0	0	0	0	874	668	2100	638	0	0	0	0	0	0	0	0	0	0	1190	0	2148	0	0	0	486	0	0	0	2304	0	19216	0	8260	0	1424	0	1284	542	3398	0	0	0	2066	0	1112	0	1536	114	6186	0	1388	0	0	0	1932	0	0	0	1686	0	0	0	0	0	0	0	0	0	0	0	0	0	0	0	0	0	0	0	0	0	0	0	0	0	0	0	
278188	Postcentral_R	0	22446	208	1566	0	0	0	436	0	0	0	2448	0	0	0	0	0	4832	128	3052	0	0	0	0	0	0	0	0	0	4514	0	0	0	5332	488	3866	0	840	0	280	0	0	0	4674	0	6166	0	260	0	4696	0	2534	0	1052	0	1306	0	0	0	6440	0	7790	0	10480	0	352	150	16612	0	10020	0	0	0	1496	0	0	0	632	0	594	0	2208	0	0	0	4000	0	0	0	7196	0	0	0	0	0	0	0	0	0	0	0	0	0	0	0	0	0	0	0	0	0	0	0	0	0	0	
262168	Parietal_Sup_L	1032	0	0	0	0	0	206	0	0	0	406	0	0	0	0	0	936	0	0	0	0	0	0	0	0	0	0	0	3052	0	0	0	598	0	168	0	576	0	0	0	0	0	812	0	980	0	356	0	27078	0	33878	0	134	0	480	0	2304	0	0	0	10086	0	2004	0	10654	0	23396	124	264	0	0	0	0	0	0	0	106	0	2056	0	2254	0	0	0	3462	0	0	0	3682	0	0	0	0	0	0	0	0	0	0	0	0	0	0	0	0	0	0	0	0	0	0	0	0	0	0	0	
84856	Parietal_Sup_R	0	452	0	0	0	0	0	0	0	0	0	0	0	0	0	0	0	0	0	0	0	0	0	0	0	0	0	0	0	192	0	0	0	0	0	0	0	0	0	0	0	0	0	292	0	2788	0	0	0	6316	0	3046	0	112	0	0	0	6440	0	0	0	4626	0	226	0	2728	962	13684	0	428	0	0	0	0	0	0	0	0	0	0	0	0	0	0	0	0	0	0	0	136	0	0	0	0	0	0	0	0	0	0	0	0	0	0	0	0	0	0	0	0	0	0	0	0	0	0	
229580	Parietal_Inf_L	5398	0	0	0	0	0	110	0	0	0	0	0	0	0	0	0	1446	0	0	0	0	0	0	0	0	0	0	0	368	0	0	0	154	0	0	0	0	0	0	0	0	0	312	0	108	0	0	0	5044	0	14208	0	0	0	0	0	19216	0	10086	0	0	0	14954	0	25734	0	4166	0	122	0	0	0	0	0	0	0	0	0	286	0	604	0	0	0	9484	0	0	0	2990	0	0	0	0	0	0	0	0	0	0	0	0	0	0	0	0	0	0	0	0	0	0	0	0	0	0	0	
118204	Parietal_Inf_R	0	1598	0	0	0	0	0	280	0	0	0	426	0	0	0	0	0	174	0	118	0	0	0	0	0	0	0	0	0	978	0	0	0	0	0	0	0	0	0	0	0	0	0	102	0	2942	0	0	0	4544	0	5214	0	0	0	0	0	7790	0	4626	0	0	0	8656	0	14612	0	4044	0	0	0	0	0	2178	0	0	0	0	0	0	0	162	0	0	0	330	0	0	0	328	0	0	0	0	0	0	0	0	0	0	0	0	0	0	0	0	0	0	0	0	0	0	0	0	0	0	
137876	SupraMarginal_L	1042	0	0	0	0	0	0	0	0	0	0	0	0	0	0	0	2300	0	0	0	0	0	0	0	0	0	0	0	170	0	0	0	0	0	0	0	0	0	0	0	0	0	0	0	0	0	0	0	2046	0	2200	0	0	0	0	0	8260	0	2004	0	14954	0	0	0	7320	0	884	0	162	0	0	0	0	0	0	0	0	0	210	0	7174	0	0	0	14730	0	0	0	5482	0	0	0	0	0	0	0	0	0	0	0	0	0	0	0	0	0	0	0	0	0	0	0	0	0	0	0	
110512	SupraMarginal_R	0	1160	0	106	0	0	0	302	0	0	0	532	0	0	0	0	0	2024	0	124	0	0	0	0	0	0	0	0	0	704	0	0	0	0	0	0	0	0	0	0	0	0	0	0	0	2300	0	0	0	2854	0	824	0	0	0	0	0	10480	0	226	0	8656	0	0	0	6888	0	2960	0	0	0	0	0	2704	0	0	0	0	0	0	0	8320	0	0	0	2890	0	0	0	1202	0	0	0	0	0	0	0	0	0	0	0	0	0	0	0	0	0	0	0	0	0	0	0	0	0	0	
196876	Angular_L	222	0	0	0	0	0	0	0	0	0	0	0	0	0	0	0	0	0	0	0	0	0	0	0	0	0	0	0	190	0	0	0	152	0	0	0	0	0	0	0	0	0	620	0	202	0	0	0	7772	0	21982	0	0	0	0	0	1424	0	10654	0	25734	0	7320	0	0	0	5266	0	0	0	0	0	0	0	0	0	0	0	0	0	1954	0	0	0	12790	0	0	0	2156	0	0	0	0	0	0	0	0	0	0	0	0	0	0	0	0	0	0	0	0	0	0	0	0	0	0	0	
127448	Angular_R	0	142	0	0	0	0	0	0	0	0	0	0	0	0	0	0	0	0	0	0	0	0	0	0	0	0	0	0	0	140	0	0	0	0	0	0	0	0	0	0	0	0	0	264	0	3252	0	0	0	7412	0	11914	0	0	0	0	0	352	0	2728	0	14612	0	6888	0	0	0	3716	0	0	0	0	0	0	0	0	0	0	0	0	0	4538	0	0	0	5100	0	0	0	2666	0	0	0	0	0	0	0	0	0	0	0	0	0	0	0	0	0	0	0	0	0	0	0	0	0	0	
284164	Precuneus_L	1254	0	0	0	0	0	128	0	0	0	208	0	0	0	0	0	686	0	0	0	0	0	0	0	0	0	0	0	1844	0	0	0	4374	518	9270	838	3408	108	1570	0	0	0	13612	0	5592	2188	4358	110	15372	1182	18810	1006	754	0	754	0	1284	150	23396	962	4166	0	884	0	5266	0	0	4366	1928	0	0	0	0	0	0	0	0	0	670	0	920	0	0	0	5806	0	0	0	4340	0	0	0	0	0	0	0	0	0	0	0	0	0	0	0	0	0	0	0	0	0	0	0	0	0	0	0	
429948	Precuneus_R	1498	570	204	0	0	0	210	0	0	0	0	0	0	0	0	0	0	0	0	226	0	0	0	0	0	0	0	0	1444	218	0	0	618	6198	4652	14472	2148	6264	152	2166	0	0	0	21160	0	30870	0	4146	156	27264	0	10702	0	3352	0	5970	542	16612	124	13684	0	4044	0	2960	0	3716	4366	0	356	5250	0	0	0	152	0	0	3252	562	864	0	426	2220	0	0	486	2204	0	0	338	7312	0	0	0	0	0	0	0	396	0	0	0	0	0	0	0	0	0	0	0	0	448	0	0	0	0	0	
361040	Paracentral_Lobule_L	23828	7624	2848	1232	0	0	2096	0	0	0	160	0	260	0	0	0	334	0	31076	17562	0	0	0	114	0	0	0	0	1302	0	210	132	6906	9950	9178	4422	1994	2304	150	474	0	0	156	0	418	0	284	0	434	0	1596	0	0	0	258	102	3398	0	264	0	122	0	162	0	0	0	1928	356	0	5852	1110	3970	2432	384	796	0	20358	6200	614	0	142	0	0	0	3696	0	0	0	1332	0	0	0	0	0	0	0	0	0	0	0	0	0	0	0	0	0	0	0	0	0	0	0	0	0	0	0	
160016	Paracentral_Lobule_R	1614	8168	0	0	0	0	0	0	0	0	0	0	0	0	0	0	0	0	1014	16012	0	0	0	0	0	0	0	0	0	162	0	0	224	15128	1048	4088	0	656	0	204	0	0	0	1878	0	1382	0	0	0	304	0	218	0	160	0	1252	0	10020	0	428	0	0	0	0	0	0	0	5250	5852	0	0	0	0	0	0	0	104	634	0	110	0	286	0	0	0	970	0	0	0	2842	0	0	0	0	0	0	0	0	0	0	0	0	0	0	0	0	0	0	0	0	0	0	0	0	0	0	
199524	Caudate_L	1164	0	8546	2308	1438	0	2544	292	0	0	0	134	0	0	424	120	0	0	8622	926	8054	6902	400	926	994	0	2966	362	1498	230	8506	3226	0	0	0	0	158	0	0	0	134	0	0	0	0	0	0	0	0	0	0	0	0	0	0	0	0	0	0	0	0	0	0	0	0	0	0	0	1110	0	0	10316	16448	1026	1252	0	8520	216	0	0	0	0	0	0	0	0	0	0	0	0	0	0	0	0	0	0	0	0	0	0	0	0	0	0	0	0	0	0	0	0	0	0	0	0	0	0	
560584	Caudate_R	918	10374	11578	36120	0	1900	4526	6176	0	210	0	11496	0	4404	0	1554	0	242	14520	25852	3420	6674	368	11932	0	3382	1016	2840	762	16478	3252	22098	0	894	102	0	0	1136	0	234	0	0	0	0	0	0	0	0	0	0	0	0	0	0	0	0	0	0	0	0	0	0	0	0	0	0	0	0	3970	0	10316	0	7008	30880	1248	1870	1128	19186	0	0	0	228	0	0	0	0	0	0	0	0	0	0	0	0	0	0	0	0	0	0	0	0	0	0	0	0	0	0	0	0	0	0	0	0	0	0	
488504	Putamen_L	6550	0	42220	1672	4874	0	17140	148	624	0	8014	0	2338	0	3850	102	6106	0	22132	610	4964	4624	3034	1074	602	0	2192	300	29304	174	12048	3190	0	0	120	138	5096	134	796	0	1142	0	0	0	0	0	200	0	0	0	0	0	0	0	872	0	2066	0	0	0	0	0	0	0	0	0	0	0	2432	0	16448	7008	0	602	19966	0	4976	0	852	0	972	0	2170	0	0	0	0	0	376	0	0	0	0	0	0	0	0	0	0	0	0	0	0	0	0	0	0	0	0	0	0	0	0	0	0	0	
410028	Putamen_R	418	1672	6096	23406	0	2090	920	3972	0	518	0	8048	0	3658	0	2248	0	2822	8196	22070	0	340	296	6656	0	2584	0	838	228	25550	452	11576	0	1088	344	372	174	10514	0	4158	0	962	0	0	0	0	0	0	0	0	0	0	0	0	0	2786	0	1496	0	0	0	2178	0	2704	0	0	0	152	384	0	1026	30880	602	0	288	4316	448	4294	0	120	0	206	0	184	0	112	0	0	0	254	0	0	0	0	0	0	0	318	0	0	0	0	0	0	0	0	0	0	0	0	0	0	0	0	0	0	
195792	Pallidum_L	3376	0	18766	872	0	0	13102	0	0	0	7932	0	1544	0	134	0	5442	0	5674	390	0	0	0	604	0	0	0	0	9410	0	234	664	0	0	0	0	1280	0	0	0	0	0	0	0	0	0	0	0	0	0	0	0	0	0	0	0	1112	0	0	0	0	0	0	0	0	0	0	0	796	0	1252	1248	19966	288	0	0	1468	0	390	0	608	0	1344	0	0	0	0	0	0	0	0	0	0	0	0	0	0	0	0	0	0	0	0	0	0	0	0	0	0	0	0	0	0	0	0	0	
29944	Pallidum_R	0	0	0	2038	0	0	0	136	0	0	0	148	0	186	0	0	0	0	0	2104	0	0	0	128	0	0	0	0	0	134	0	486	0	0	0	102	0	1486	0	728	0	0	0	0	0	0	0	0	0	0	0	0	0	0	0	188	0	0	0	0	0	0	0	0	0	0	0	0	0	0	0	1870	0	4316	0	0	102	820	0	0	0	0	0	0	0	0	0	0	0	0	0	0	0	0	0	0	0	0	0	0	0	0	0	0	0	0	0	0	0	0	0	0	0	0	0	0	
232424	Thalamus_L	8186	1092	2948	396	0	0	1576	0	0	0	0	0	0	0	0	0	330	0	13312	386	0	0	0	0	0	0	0	0	3490	112	228	106	0	0	5826	8858	5780	7208	902	1654	0	0	0	0	0	0	1034	0	108	0	106	0	0	0	0	122	1536	0	106	0	0	0	0	0	0	0	0	3252	20358	104	8520	1128	4976	448	1468	102	0	5808	1786	0	1064	0	0	0	1270	0	0	0	526	0	0	0	0	0	0	0	0	0	0	0	0	0	0	0	0	0	0	0	0	0	0	0	0	0	0	0	
228660	Thalamus_R	2286	16326	876	15794	0	0	178	0	0	0	0	0	0	0	0	0	0	708	4188	9208	0	0	0	872	0	0	0	0	228	900	0	882	0	116	2132	4558	1192	8492	0	3020	0	0	0	160	0	0	0	0	0	0	0	0	0	0	0	934	114	632	0	0	0	0	0	0	0	0	0	562	6200	634	216	19186	0	4294	0	820	5808	0	632	0	320	710	0	0	586	208	0	0	172	186	0	0	0	0	0	0	0	0	0	0	0	0	0	0	0	0	0	0	0	0	0	0	0	0	0	0	
154128	Heschl_L	4196	0	1506	104	0	0	1810	0	0	0	770	0	126	0	0	0	5830	0	164	124	0	0	0	0	0	0	0	0	11788	0	0	0	0	0	1026	1494	3544	1452	0	452	0	0	0	0	0	0	106	0	2292	0	2940	0	0	0	1588	0	6186	0	2056	0	286	0	210	0	0	0	670	864	614	0	0	0	852	0	390	0	1786	632	0	0	6118	0	0	0	7040	0	0	0	8048	0	0	0	0	0	0	0	0	0	0	0	0	0	0	0	0	0	0	0	0	0	0	0	0	0	0	0	
21384	Heschl_R	0	378	0	348	0	0	0	0	0	0	0	352	0	0	0	0	0	1448	0	312	0	0	0	0	0	0	0	0	0	1520	0	0	0	0	0	0	0	0	0	0	0	0	0	0	0	0	0	0	0	0	0	0	0	0	0	0	0	594	0	0	0	0	0	0	0	0	0	0	0	110	0	0	0	120	0	0	0	0	0	0	0	4760	0	0	0	750	0	0	0	0	0	0	0	0	0	0	0	0	0	0	0	0	0	0	0	0	0	0	0	0	0	0	0	0	0	0	
186644	Temporal_Sup_L	948	0	1282	0	0	0	574	0	0	0	1168	0	0	0	0	0	4928	0	706	0	0	0	0	0	0	0	0	0	3462	0	0	0	0	0	448	740	2648	728	234	254	0	0	0	0	0	0	0	0	2310	0	2588	0	0	0	1240	0	1388	0	2254	0	604	0	7174	0	1954	0	920	426	142	0	0	0	972	0	608	0	1064	320	6118	0	0	0	4744	0	25868	0	196	0	14312	0	0	0	0	0	0	0	0	0	0	0	0	0	0	0	0	0	0	0	0	0	0	0	0	0	0	0	
114524	Temporal_Sup_R	0	706	0	416	0	0	0	0	0	0	0	262	0	0	0	946	0	2524	0	488	0	0	0	0	0	0	0	0	0	6120	0	0	0	0	0	0	0	832	0	0	0	0	0	146	0	1342	0	0	0	1970	0	582	0	144	0	688	0	2208	0	0	0	162	0	8320	0	4538	0	2220	0	286	0	228	0	206	0	0	0	710	0	4760	0	0	0	2152	0	12762	0	0	0	1544	0	0	0	0	0	0	0	0	0	0	0	0	0	0	0	0	0	0	0	0	0	0	0	0	0	0	
79188	Temporal_Pole_Sup_L	0	0	1788	0	328	0	1466	0	0	0	2150	0	0	0	324	0	1950	0	424	0	244	0	0	0	0	0	0	0	4124	0	0	0	0	0	0	0	832	0	638	0	526	0	0	0	0	0	0	0	0	0	0	0	0	0	1502	0	0	0	0	0	0	0	0	0	0	0	0	0	0	0	0	0	2170	0	1344	0	0	0	0	0	4744	0	0	0	6944	0	3852	0	4244	0	0	0	0	0	0	0	0	0	0	0	0	0	0	0	0	0	0	0	0	0	0	0	0	0	0	0	
33972	Temporal_Pole_Sup_R	0	0	0	0	0	0	0	0	0	0	0	114	0	0	0	1040	0	140	0	0	0	0	0	0	0	0	0	0	0	1080	0	0	0	0	0	0	0	1148	0	1286	0	1436	0	0	0	0	0	0	0	0	0	0	0	0	0	2564	0	0	0	0	0	0	0	0	0	0	0	0	0	0	0	0	0	184	0	0	0	0	0	0	0	2152	0	0	0	3690	0	1802	0	350	0	0	0	0	0	0	0	0	0	0	0	0	0	0	0	0	0	0	0	0	0	0	0	0	0	0	
364304	Temporal_Mid_L	2032	0	0	0	0	0	0	0	0	0	0	0	0	0	0	0	1718	0	0	0	0	0	0	0	0	0	0	0	1600	0	0	0	2278	0	3058	1060	1640	1048	0	454	0	0	5728	0	378	0	362	0	3384	0	18870	0	1494	0	1042	0	1932	0	3462	0	9484	0	14730	0	12790	0	5806	486	3696	0	0	0	0	0	0	0	1270	586	7040	0	25868	0	6944	0	0	0	2924	0	38988	0	0	0	0	0	0	0	0	0	0	0	0	0	0	0	0	0	0	0	0	0	0	0	0	0	0	0	
133468	Temporal_Mid_R	0	1200	0	0	0	0	0	0	0	0	0	0	0	0	0	200	0	0	0	254	0	0	0	0	0	0	0	0	0	2884	0	0	0	374	0	0	0	1078	0	0	0	0	0	2780	0	2760	0	0	0	3272	0	6460	0	486	0	1116	0	4000	0	0	0	330	0	2890	0	5100	0	2204	0	970	0	0	0	112	0	0	0	208	0	750	0	12762	0	3690	0	0	0	716	0	10138	0	0	0	0	0	0	0	0	0	0	0	0	0	0	0	0	0	0	0	0	0	0	0	0	0	0	
22224	Temporal_Pole_Mid_L	0	0	0	0	0	0	0	0	0	0	0	0	0	0	0	0	0	0	0	0	0	0	0	0	0	0	0	0	0	0	0	0	0	0	0	0	0	0	538	0	0	0	0	0	0	0	0	0	0	0	0	0	0	0	658	0	0	0	0	0	0	0	0	0	0	0	0	0	0	0	0	0	0	0	0	0	0	0	0	0	196	0	3852	0	2924	0	0	0	2944	0	0	0	0	0	0	0	0	0	0	0	0	0	0	0	0	0	0	0	0	0	0	0	0	0	0	0	
7928	Temporal_Pole_Mid_R	0	0	0	0	0	0	0	0	0	0	0	0	0	0	0	0	0	0	0	0	0	0	0	0	0	0	0	0	0	0	0	0	0	0	0	0	0	0	0	438	0	0	0	0	0	0	0	0	0	0	0	0	0	0	0	1008	0	0	0	0	0	0	0	0	0	0	0	0	0	0	0	0	0	0	0	0	0	0	0	0	0	0	0	1802	0	716	0	0	0	0	0	0	0	0	0	0	0	0	0	0	0	0	0	0	0	0	0	0	0	0	0	0	0	0	0	0	
310200	Temporal_Inf_L	2994	0	0	0	0	0	0	0	0	0	104	0	0	0	0	0	860	0	0	0	0	0	0	0	0	0	0	0	4750	0	0	0	1558	0	2462	522	9328	500	1006	102	474	0	3224	0	156	0	566	0	4136	0	6398	0	2540	0	16722	0	1686	0	3682	0	2990	0	5482	0	2156	0	4340	338	1332	0	0	0	376	0	0	0	526	172	8048	0	14312	0	4244	0	38988	0	2944	0	0	0	3374	0	720	0	0	0	0	0	304	0	504	0	180	0	0	0	0	0	0	0	0	0	0	0	0	0	
157256	Temporal_Inf_R	0	1228	0	0	0	0	0	0	0	0	0	0	0	0	0	0	0	0	0	518	0	0	0	0	0	0	0	0	0	620	0	0	0	1498	0	194	0	4364	0	308	0	834	0	7944	0	3328	0	308	0	3290	0	800	0	7396	0	10558	0	7196	0	136	0	328	0	1202	0	2666	0	7312	0	2842	0	0	0	254	0	0	0	186	0	0	0	1544	0	350	0	10138	0	0	0	0	0	1002	0	0	0	0	0	0	0	284	0	0	0	0	0	0	0	0	0	0	0	0	0	0	0	0	
570984	Cerebelum_Crus1_L	0	0	0	0	0	0	0	0	0	0	0	0	0	0	0	0	0	0	0	0	0	0	0	0	0	0	0	0	0	0	0	0	0	0	0	0	0	0	0	0	0	0	0	0	0	0	9206	692	0	0	0	0	0	0	30362	212	0	0	0	0	0	0	0	0	0	0	0	0	0	0	0	0	0	0	0	0	0	0	0	0	0	0	0	0	0	0	0	0	3374	0	0	3450	38392	2860	2074	738	34696	3528	70884	6490	20358	1428	22852	2350	4516	1056	578	0	702	2068	8770	4020	5930	2230	1258	418	
440992	Cerebelum_Crus1_R	0	0	0	0	0	0	0	0	0	0	0	0	0	0	0	0	0	0	0	0	0	0	0	0	0	0	0	0	0	0	0	0	0	0	0	0	0	0	0	0	0	0	0	0	0	0	1294	3852	0	0	0	0	0	128	772	14522	0	0	0	0	0	0	0	0	0	0	0	0	0	0	0	0	0	0	0	0	0	0	0	0	0	0	0	0	0	0	0	0	0	1002	3450	0	966	33606	560	1758	4024	21586	5492	62162	1128	10998	1544	19656	360	1998	0	102	0	1034	13066	7852	5432	1438	430	284	
330996	Cerebelum_Crus2_L	0	0	0	0	0	0	0	0	0	0	0	0	0	0	0	0	0	0	0	0	0	0	0	0	0	0	0	0	0	0	0	0	0	0	0	0	0	0	0	0	0	0	0	0	0	0	132	240	0	0	0	0	0	0	3212	0	0	0	0	0	0	0	0	0	0	0	0	0	0	0	0	0	0	0	0	0	0	0	0	0	0	0	0	0	0	0	0	0	720	0	38392	966	0	6082	200	146	2276	296	9576	1216	36612	3858	33238	6138	5418	912	0	0	0	214	606	1074	7708	5020	1246	0	
300428	Cerebelum_Crus2_R	0	0	0	0	0	0	0	0	0	0	0	0	0	0	0	0	0	0	0	0	0	0	0	0	0	0	0	0	0	0	0	0	0	0	0	0	0	0	0	0	0	0	0	0	0	0	0	280	0	0	0	0	0	0	0	524	0	0	0	0	0	0	0	0	0	0	0	0	0	0	0	0	0	0	0	0	0	0	0	0	0	0	0	0	0	0	0	0	0	0	2860	33606	6082	0	0	112	174	1052	404	11382	4014	28332	4742	36086	108	4680	0	250	0	0	508	890	9456	3890	782	0	
66424	Cerebelum_3_L	0	0	0	0	0	0	0	0	0	0	0	0	0	0	0	0	0	0	0	0	0	0	0	0	0	0	0	0	0	0	0	0	0	0	0	0	0	0	552	0	0	0	0	0	0	0	216	0	0	0	0	0	0	0	0	124	0	0	0	0	0	0	0	0	0	0	0	0	0	0	0	0	0	0	0	0	0	0	0	0	0	0	0	0	0	0	0	0	0	0	2074	560	200	0	0	762	8790	1300	4158	1100	620	0	580	0	1094	332	0	0	1350	4590	3186	1224	0	0	264	136	
61272	Cerebelum_3_R	0	0	0	0	0	0	0	0	0	0	0	0	0	0	0	0	0	0	0	0	0	0	0	0	0	0	0	0	0	0	0	0	0	0	0	0	0	0	0	0	0	0	0	0	0	0	0	394	0	0	0	0	0	0	0	138	0	0	0	0	0	0	0	0	0	0	0	0	0	0	0	0	0	0	0	0	0	0	0	0	0	0	0	0	0	0	0	0	0	0	738	1758	146	112	762	0	2096	3958	932	4566	534	0	512	114	260	1144	0	0	318	4662	2714	2700	0	262	1060	756	
398000	Cerebelum_4_5_L	0	0	0	0	0	0	0	0	0	0	0	0	0	0	0	0	0	0	0	0	0	0	0	0	0	0	0	0	0	0	0	0	0	0	0	0	0	0	190	0	0	0	0	0	0	0	11344	1016	0	0	0	0	0	0	14834	1956	0	0	0	0	0	0	0	0	0	0	0	0	0	0	0	0	0	0	0	0	0	0	0	0	0	0	0	0	0	0	0	0	0	0	34696	4024	2276	174	8790	2096	0	9268	45172	9550	5268	0	5720	0	4582	1552	204	0	1446	6058	20178	5538	138	0	1254	1676	
280888	Cerebelum_4_5_R	0	0	0	0	0	0	0	0	0	0	0	0	0	0	0	0	0	0	0	0	0	0	0	0	0	0	0	0	0	0	0	0	0	0	0	202	0	1472	0	2144	0	0	0	0	0	0	786	4532	0	0	0	0	0	0	542	10736	0	0	0	0	0	0	0	0	0	0	0	396	0	0	0	0	0	318	0	0	0	0	0	0	0	0	0	0	0	0	0	0	0	0	3528	21586	296	1052	1300	3958	9268	0	4896	37242	1008	358	908	718	1370	1114	0	0	0	2074	23262	3828	102	272	868	308	
544080	Cerebelum_6_L	0	0	0	0	0	0	0	0	0	0	0	0	0	0	0	0	0	0	0	0	0	0	0	0	0	0	0	0	0	0	0	0	0	0	0	0	0	0	0	0	0	0	0	0	0	0	15888	3220	0	0	124	0	296	130	34200	1308	0	0	0	0	0	0	0	0	0	0	0	0	0	0	0	0	0	0	0	0	0	0	0	0	0	0	0	0	0	0	0	0	304	0	70884	5492	9576	404	4158	932	45172	4896	0	11032	10478	0	12138	262	5242	1402	484	0	1130	3080	12632	11556	2972	858	1260	530	
476944	Cerebelum_6_R	0	0	0	0	0	0	0	0	0	0	0	0	0	0	0	0	0	0	0	0	0	0	0	0	0	0	0	0	0	0	0	0	0	0	0	0	0	0	0	0	0	0	0	0	0	0	2698	9056	0	0	0	0	0	574	1948	19730	0	0	0	0	0	0	0	0	0	0	0	0	0	0	0	0	0	0	0	0	0	0	0	0	0	0	0	0	0	0	0	0	0	284	6490	62162	1216	11382	1100	4566	9550	37242	11032	0	1180	2084	1130	5322	1166	640	0	210	0	2216	23302	14860	5742	844	372	374	
352352	Cerebelum_7b_L	0	0	0	0	0	0	0	0	0	0	0	0	0	0	0	0	0	0	0	0	0	0	0	0	0	0	0	0	0	0	0	0	0	0	0	0	0	0	0	0	0	0	0	0	0	0	190	0	0	0	0	0	0	0	3612	0	0	0	0	0	0	0	0	0	0	0	0	0	0	0	0	0	0	0	0	0	0	0	0	0	0	0	0	0	0	0	0	0	504	0	20358	1128	36612	4014	620	534	5268	1008	10478	1180	0	2438	46136	6590	11848	2872	1144	0	0	670	2168	948	4770	8046	2814	226	
192300	Cerebelum_7b_R	0	0	0	0	0	0	0	0	0	0	0	0	0	0	0	0	0	0	0	0	0	0	0	0	0	0	0	0	0	0	0	0	0	0	0	0	0	0	0	0	0	0	0	0	0	0	0	0	0	0	0	0	0	0	0	184	0	0	0	0	0	0	0	0	0	0	0	0	0	0	0	0	0	0	0	0	0	0	0	0	0	0	0	0	0	0	0	0	0	0	1428	10998	3858	28332	0	0	0	358	0	2084	2438	0	2722	31396	0	5214	0	0	0	0	0	170	3786	2808	374	0	
387656	Cerebelum_8_L	0	0	0	0	0	0	0	0	0	0	0	0	0	0	0	0	0	0	0	0	0	0	0	0	0	0	0	0	0	0	0	0	0	0	0	0	0	0	0	0	0	0	0	0	0	0	220	0	0	0	0	0	0	0	3218	0	0	0	0	0	0	0	0	0	0	0	0	0	0	0	0	0	0	0	0	0	0	0	0	0	0	0	0	0	0	0	0	0	180	0	22852	1544	33238	4742	580	512	5720	908	12138	1130	46136	2722	0	9550	17696	3806	1680	0	106	684	2018	1000	6126	11232	3876	214	
310964	Cerebelum_8_R	0	0	0	0	0	0	0	0	0	0	0	0	0	0	0	0	0	0	0	0	0	0	0	0	0	0	0	0	0	0	0	0	0	0	0	0	0	0	0	0	0	0	0	0	0	0	0	0	0	0	0	0	0	0	0	368	0	0	0	0	0	0	0	0	0	0	0	0	0	0	0	0	0	0	0	0	0	0	0	0	0	0	0	0	0	0	0	0	0	0	2350	19656	6138	36086	0	114	0	718	262	5322	6590	31396	9550	0	178	17172	0	410	0	0	210	276	7750	8624	2312	0	
139780	Cerebelum_9_L	0	0	0	0	0	0	0	0	0	0	0	0	0	0	0	0	0	0	0	0	0	0	0	0	0	0	0	0	0	0	0	0	0	0	0	0	0	0	0	0	0	0	0	0	0	0	0	132	0	0	0	0	0	0	188	870	0	0	0	0	0	0	0	0	0	0	0	0	0	0	0	0	0	0	0	0	0	0	0	0	0	0	0	0	0	0	0	0	0	0	4516	360	5418	108	1094	260	4582	1370	5242	1166	11848	0	17696	178	0	1790	2412	0	0	588	2346	2822	994	1414	1968	528	
145080	Cerebelum_9_R	0	0	0	0	0	0	0	0	0	0	0	0	0	0	0	0	0	0	0	0	0	0	0	0	0	0	0	0	0	0	0	0	0	0	0	0	0	0	0	0	0	0	0	0	0	0	0	0	0	0	0	0	0	0	152	142	0	0	0	0	0	0	0	0	0	0	0	0	0	0	0	0	0	0	0	0	0	0	0	0	0	0	0	0	0	0	0	0	0	0	1056	1998	912	4680	332	1144	1552	1114	1402	640	2872	5214	3806	17172	1790	0	0	1150	114	1368	1816	3704	2644	5984	7322	2460	
13208	Cerebelum_10_L	0	0	0	0	0	0	0	0	0	0	0	0	0	0	0	0	0	0	0	0	0	0	0	0	0	0	0	0	0	0	0	0	0	0	0	0	0	0	0	0	0	0	0	0	0	0	0	0	0	0	0	0	0	0	0	0	0	0	0	0	0	0	0	0	0	0	0	0	0	0	0	0	0	0	0	0	0	0	0	0	0	0	0	0	0	0	0	0	0	0	578	0	0	0	0	0	204	0	484	0	1144	0	1680	0	2412	0	0	0	0	0	0	102	0	0	0	0	
7260	Cerebelum_10_R	0	0	0	0	0	0	0	0	0	0	0	0	0	0	0	0	0	0	0	0	0	0	0	0	0	0	0	0	0	0	0	0	0	0	0	0	0	0	0	0	0	0	0	0	0	0	0	0	0	0	0	0	0	0	0	0	0	0	0	0	0	0	0	0	0	0	0	0	0	0	0	0	0	0	0	0	0	0	0	0	0	0	0	0	0	0	0	0	0	0	0	102	0	250	0	0	0	0	0	210	0	0	0	410	0	1150	0	0	0	0	0	230	166	370	384	358	
23096	Vermis_1_2	0	0	0	0	0	0	0	0	0	0	0	0	0	0	0	0	0	0	0	0	0	0	0	0	0	0	0	0	0	0	0	0	0	0	0	0	0	0	194	0	0	0	0	0	0	0	0	0	0	0	0	0	0	0	0	0	0	0	0	0	0	0	0	0	0	0	0	0	0	0	0	0	0	0	0	0	0	0	0	0	0	0	0	0	0	0	0	0	0	0	702	0	0	0	1350	318	1446	0	1130	0	0	0	106	0	0	114	0	0	0	4694	1336	158	0	0	0	0	
90292	Vermis_3	0	0	0	0	0	0	0	0	0	0	0	0	0	0	0	0	0	0	0	0	0	0	0	0	0	0	0	0	0	0	0	0	0	0	0	0	0	0	486	0	0	0	0	0	0	0	0	0	0	0	0	0	0	0	0	0	0	0	0	0	0	0	0	0	0	0	0	0	0	0	0	0	0	0	0	0	0	0	0	0	0	0	0	0	0	0	0	0	0	0	2068	1034	214	0	4590	4662	6058	2074	3080	2216	670	0	684	0	588	1368	0	0	4694	0	5210	3080	0	266	1196	908	
299088	Vermis_4_5	0	0	0	0	0	0	0	0	0	0	0	0	0	0	0	0	0	0	0	0	0	0	0	0	0	0	0	0	0	0	0	0	0	0	318	520	182	102	0	142	0	0	0	0	0	0	2422	3954	0	0	0	0	0	0	1832	5732	0	0	0	0	0	0	0	0	0	0	0	448	0	0	0	0	0	0	0	0	0	0	0	0	0	0	0	0	0	0	0	0	0	0	8770	13066	606	508	3186	2714	20178	23262	12632	23302	2168	0	2018	210	2346	1816	0	0	1336	5210	0	6870	0	0	1296	2398	
199184	Vermis_6	0	0	0	0	0	0	0	0	0	0	0	0	0	0	0	0	0	0	0	0	0	0	0	0	0	0	0	0	0	0	0	0	0	0	0	0	0	0	0	0	0	0	0	0	0	0	3532	6232	0	0	0	0	0	490	2386	3184	0	0	0	0	0	0	0	0	0	0	0	0	0	0	0	0	0	0	0	0	0	0	0	0	0	0	0	0	0	0	0	0	0	0	4020	7852	1074	890	1224	2700	5538	3828	11556	14860	948	170	1000	276	2822	3704	102	230	158	3080	6870	0	3644	1200	3466	2556	
155632	Vermis_7	0	0	0	0	0	0	0	0	0	0	0	0	0	0	0	0	0	0	0	0	0	0	0	0	0	0	0	0	0	0	0	0	0	0	0	0	0	0	0	0	0	0	0	0	0	0	670	546	0	0	0	0	0	0	378	110	0	0	0	0	0	0	0	0	0	0	0	0	0	0	0	0	0	0	0	0	0	0	0	0	0	0	0	0	0	0	0	0	0	0	5930	5432	7708	9456	0	0	138	102	2972	5742	4770	3786	6126	7750	994	2644	0	166	0	0	0	3644	0	6146	2454	152	
135916	Vermis_8	0	0	0	0	0	0	0	0	0	0	0	0	0	0	0	0	0	0	0	0	0	0	0	0	0	0	0	0	0	0	0	0	0	0	0	0	0	0	0	0	0	0	0	0	0	0	0	0	0	0	0	0	0	0	190	0	0	0	0	0	0	0	0	0	0	0	0	0	0	0	0	0	0	0	0	0	0	0	0	0	0	0	0	0	0	0	0	0	0	0	2230	1438	5020	3890	0	262	0	272	858	844	8046	2808	11232	8624	1414	5984	0	370	0	266	0	1200	6146	0	6284	580	
