data	data	556576	295764	1.34689e+06	991540	163796	94460	581696	299724	60184	20468	266476	182528	252032	173212	132208	54064	232096	84452	999072	806536	77300	79912	323432	329452	28848	78684	42816	49892	717940	335168	322064	348904	147760	475660	167788	123268	440828	369288	153468	326832	38856	51204	225548	277744	230036	334540	308360	297072	231820	377288	479488	161024	147280	121528	464660	466224	288964	171324	154396	107924	203424	121204	109864	137200	141084	117860	322440	381120	279804	160296	271048	337100	338924	424088	35760	18404	192304	173048	127928	26848	267292	86572	87412	53964	300336	222668	42764	22468	311564	205300	560856	559128	422980	370584	42308	80196	414100	292504	590220	522000	292288	179760	407228	263768	99504	171084	18228	5548	63712	110640	377388	197344	278268	210696	135852	29476	
data	data	Precentral_L	Precentral_R	Frontal_Sup_L	Frontal_Sup_R	Frontal_Sup_Orb_L	Frontal_Sup_Orb_R	Frontal_Mid_L	Frontal_Mid_R	Frontal_Mid_Orb_L	Frontal_Mid_Orb_R	Frontal_Inf_Oper_L	Frontal_Inf_Oper_R	Frontal_Inf_Tri_L	Frontal_Inf_Tri_R	Frontal_Inf_Orb_L	Frontal_Inf_Orb_R	Rolandic_Oper_L	Rolandic_Oper_R	Supp_Motor_Area_L	Supp_Motor_Area_R	Olfactory_L	Olfactory_R	Frontal_Sup_Medial_L	Frontal_Sup_Medial_R	Frontal_Med_Orb_L	Frontal_Med_Orb_R	Rectus_L	Rectus_R	Insula_L	Insula_R	Cingulum_Ant_L	Cingulum_Ant_R	Cingulum_Mid_L	Cingulum_Mid_R	Cingulum_Post_L	Cingulum_Post_R	Hippocampus_L	Hippocampus_R	ParaHippocampal_L	ParaHippocampal_R	Amygdala_L	Amygdala_R	Calcarine_L	Calcarine_R	Cuneus_L	Cuneus_R	Lingual_L	Lingual_R	Occipital_Sup_L	Occipital_Sup_R	Occipital_Mid_L	Occipital_Mid_R	Occipital_Inf_L	Occipital_Inf_R	Fusiform_L	Fusiform_R	Postcentral_L	Postcentral_R	Parietal_Sup_L	Parietal_Sup_R	Parietal_Inf_L	Parietal_Inf_R	SupraMarginal_L	SupraMarginal_R	Angular_L	Angular_R	Precuneus_L	Precuneus_R	Paracentral_Lobule_L	Paracentral_Lobule_R	Caudate_L	Caudate_R	Putamen_L	Putamen_R	Pallidum_L	Pallidum_R	Thalamus_L	Thalamus_R	Heschl_L	Heschl_R	Temporal_Sup_L	Temporal_Sup_R	Temporal_Pole_Sup_L	Temporal_Pole_Sup_R	Temporal_Mid_L	Temporal_Mid_R	Temporal_Pole_Mid_L	Temporal_Pole_Mid_R	Temporal_Inf_L	Temporal_Inf_R	Cerebelum_Crus1_L	Cerebelum_Crus1_R	Cerebelum_Crus2_L	Cerebelum_Crus2_R	Cerebelum_3_L	Cerebelum_3_R	Cerebelum_4_5_L	Cerebelum_4_5_R	Cerebelum_6_L	Cerebelum_6_R	Cerebelum_7b_L	Cerebelum_7b_R	Cerebelum_8_L	Cerebelum_8_R	Cerebelum_9_L	Cerebelum_9_R	Cerebelum_10_L	Cerebelum_10_R	Vermis_1_2	Vermis_3	Vermis_4_5	Vermis_6	Vermis_7	Vermis_8	Vermis_9	Vermis_10	
556576	Precentral_L	0	5952	38102	7266	0	0	20008	2218	0	0	13540	406	514	0	0	0	11688	0	21178	10942	0	0	0	0	0	0	0	0	12210	274	120	154	150	1704	3932	1516	8654	790	1026	490	0	0	940	0	278	0	470	0	226	0	5142	0	232	0	316	0	30794	524	1308	0	3802	0	4064	154	802	0	1814	0	28318	596	3968	1566	756	566	0	0	9242	2930	6848	0	5730	0	0	0	2656	0	0	0	1412	0	0	0	0	0	0	0	0	0	0	0	0	0	0	0	0	0	0	0	0	0	0	0	0	0	0	0	
295764	Precentral_R	5952	0	5096	22960	0	0	228	10224	0	0	202	1744	0	0	0	0	398	620	7426	8194	0	0	0	0	0	0	0	0	1836	2218	0	0	852	1594	884	1976	1732	4798	0	1002	0	0	0	154	0	608	0	522	0	1822	0	186	0	1750	0	852	798	21706	0	1266	0	518	0	2868	0	0	276	4156	2220	7256	452	2966	766	1204	498	446	2612	8460	0	182	170	244	0	0	0	544	0	0	0	2444	0	0	0	0	0	0	0	0	0	0	0	0	0	0	0	0	0	0	0	0	0	0	0	0	0	0	
1.34689e+06	Frontal_Sup_L	38102	5096	0	24988	13686	0	80276	3172	1222	0	17622	690	20698	612	6148	0	10104	526	118490	29424	246	0	44354	11796	1210	0	254	0	49178	1400	27512	6324	7742	7794	5184	1528	16026	908	3446	592	0	0	1454	0	0	0	736	0	0	0	154	0	0	0	3622	180	4694	172	0	0	0	0	392	134	0	0	2342	0	25406	614	10244	3172	20430	1750	3178	0	18310	3706	4748	0	5846	0	1808	0	474	0	0	0	2978	0	172	0	124	0	0	0	0	0	254	0	0	0	0	0	0	0	0	0	0	0	0	0	0	0	0	0	
991540	Frontal_Sup_R	7266	22960	24988	0	136	4580	8388	32388	0	614	634	13572	1028	12106	702	3136	574	6476	34080	73828	0	0	10982	39430	124	2120	0	168	5780	16688	4802	31300	1246	26604	958	630	2406	8156	1160	5434	0	0	0	0	0	0	0	416	0	202	0	0	0	0	0	4784	406	2120	0	0	0	0	382	188	0	0	334	718	2034	814	9178	23032	2884	21322	1274	1530	3390	12466	378	514	224	604	0	778	0	0	0	0	0	220	0	0	0	0	0	0	0	134	0	0	0	0	0	0	0	0	0	0	0	0	0	0	0	0	0	0	
163796	Frontal_Sup_Orb_L	0	0	13686	136	0	0	4282	0	13762	0	0	0	3998	0	13506	0	0	0	1042	0	1244	0	2272	0	3174	0	5838	0	8202	0	2270	0	0	0	0	0	0	0	0	0	142	0	0	0	0	0	0	0	0	0	0	0	0	0	0	0	0	0	0	0	0	0	0	0	0	0	0	0	0	0	398	0	7536	0	0	0	0	0	0	0	0	0	410	0	0	0	0	0	0	0	0	0	0	0	0	0	0	0	0	0	0	0	0	0	0	0	0	0	0	0	0	0	0	0	0	0	
94460	Frontal_Sup_Orb_R	0	0	0	4580	0	0	0	1300	0	3714	0	0	0	0	0	3358	0	0	0	0	250	1408	0	2360	746	9974	180	7384	0	2328	356	1268	0	0	0	0	0	0	0	0	0	288	0	0	0	0	0	0	0	0	0	0	0	0	0	0	0	0	0	0	0	0	0	0	0	0	0	0	0	0	242	2558	0	4936	0	0	0	0	0	0	0	0	0	0	0	0	0	0	0	0	0	0	0	0	0	0	0	0	0	0	0	0	0	0	0	0	0	0	0	0	0	0	0	0	0	0	
581696	Frontal_Mid_L	20008	228	80276	8388	4282	0	0	1062	1622	0	15254	472	30358	234	4816	0	5386	204	24552	5608	0	0	17012	2544	0	0	0	0	20770	614	16318	1650	2726	1870	536	0	2682	0	224	0	0	0	178	0	0	0	0	0	0	0	296	0	0	0	256	0	1802	0	306	0	490	0	0	0	0	0	308	0	486	0	3558	1964	3094	1382	0	0	300	0	1818	0	3610	0	454	0	300	0	0	0	550	0	0	0	0	0	0	0	0	0	0	0	0	0	0	0	0	0	0	0	0	0	0	0	0	0	0	0	
299724	Frontal_Mid_R	2218	10224	3172	32388	0	1300	1062	0	0	624	380	7616	404	16848	0	2866	346	720	3798	6584	0	0	982	7830	0	0	0	0	2030	9086	2144	5184	0	3100	0	230	564	3024	268	2264	0	0	0	0	0	0	0	156	0	0	0	0	0	0	0	2050	768	1072	0	0	0	0	122	926	0	0	0	0	0	0	2114	2988	674	9640	0	504	0	1404	0	0	188	0	0	0	0	0	0	0	0	0	0	0	0	0	0	0	0	0	0	0	0	0	0	0	0	0	0	0	0	0	0	0	0	0	0	0	
60184	Frontal_Mid_Orb_L	0	0	1222	0	13762	0	1622	0	0	0	0	0	1216	0	9710	0	0	0	0	0	0	0	0	0	140	0	1490	0	270	0	0	0	0	0	0	0	0	0	0	0	0	0	0	0	0	0	0	0	0	0	0	0	0	0	0	0	0	0	0	0	0	0	0	0	0	0	0	0	0	0	0	0	660	0	0	0	0	0	0	0	0	0	0	0	0	0	0	0	0	0	0	0	0	0	0	0	0	0	0	0	0	0	0	0	0	0	0	0	0	0	0	0	0	0	0	0	
20468	Frontal_Mid_Orb_R	0	0	0	614	0	3714	0	624	0	0	0	0	0	172	0	2354	0	0	0	0	0	264	0	0	0	0	0	388	0	780	0	0	0	0	0	0	0	0	0	0	0	142	0	0	0	0	0	0	0	0	0	0	0	0	0	0	0	0	0	0	0	0	0	0	0	0	0	0	0	0	0	232	0	950	0	0	0	0	0	0	0	0	0	0	0	0	0	0	0	0	0	0	0	0	0	0	0	0	0	0	0	0	0	0	0	0	0	0	0	0	0	0	0	0	0	0	
266476	Frontal_Inf_Oper_L	13540	202	17622	634	0	0	15254	380	0	0	0	0	10952	0	0	0	15168	0	12224	552	0	0	126	0	0	0	0	0	21912	158	1134	0	0	0	208	0	970	0	0	0	0	0	0	0	0	0	0	0	0	0	368	0	0	0	0	0	6118	0	378	0	1102	0	226	0	120	0	150	0	0	0	622	154	1178	0	0	0	0	0	934	0	7836	0	2440	0	276	0	0	0	300	0	0	0	0	0	0	0	0	0	0	0	0	0	0	0	0	0	0	0	0	0	0	0	0	0	0	0	
182528	Frontal_Inf_Oper_R	406	1744	690	13572	0	0	472	7616	0	0	0	0	0	14882	0	158	0	3722	1046	8540	0	0	0	1352	0	0	0	0	612	20706	772	860	0	914	0	0	290	1360	0	1288	0	0	0	0	0	0	0	0	0	0	0	0	0	0	0	1278	0	1020	0	0	0	0	0	0	0	0	0	0	0	0	1158	1618	282	3602	0	0	0	0	0	0	0	168	0	1136	0	0	0	0	0	0	0	0	0	0	0	0	0	0	0	0	0	0	0	0	0	0	0	0	0	0	0	0	0	0	0	0	
252032	Frontal_Inf_Tri_L	514	0	20698	1028	3998	0	30358	404	1216	0	10952	0	0	218	11958	0	1194	0	6164	648	0	0	784	0	0	0	0	0	25354	264	3766	184	172	0	0	0	1022	0	0	0	0	0	0	0	0	0	0	0	0	0	0	0	0	0	128	0	0	0	0	0	0	0	0	0	0	0	0	0	0	0	1368	0	2308	0	0	0	0	0	0	0	514	0	672	0	0	0	0	0	130	0	0	0	0	0	0	0	0	0	0	0	0	0	0	0	0	0	0	0	0	0	0	0	0	0	0	0	
173212	Frontal_Inf_Tri_R	0	0	612	12106	0	0	234	16848	0	172	0	14882	218	0	0	2498	0	240	1850	5450	0	0	132	2712	0	0	0	0	496	15856	1256	1682	0	1508	0	0	0	568	0	514	0	0	0	0	0	0	0	0	0	0	0	0	0	0	0	530	0	0	0	0	0	0	0	0	0	0	0	0	0	0	1578	1588	292	2784	0	0	0	0	0	0	0	0	0	0	0	0	0	0	0	0	0	0	0	0	0	0	0	0	0	0	0	0	0	0	0	0	0	0	0	0	0	0	0	0	0	0	
132208	Frontal_Inf_Orb_L	0	0	6148	702	13506	0	4816	0	9710	0	0	0	11958	0	0	0	0	0	792	394	1222	0	0	0	0	0	448	0	9292	0	930	144	0	0	0	0	0	0	198	0	152	0	0	0	0	0	0	0	0	0	0	0	0	0	0	0	0	0	0	0	0	0	0	0	0	0	0	0	0	0	946	0	3842	0	0	0	0	0	0	0	0	0	904	0	0	0	0	0	0	0	0	0	0	0	0	0	0	0	0	0	0	0	0	0	0	0	0	0	0	0	0	0	0	0	0	0	
54064	Frontal_Inf_Orb_R	0	0	0	3136	0	3358	0	2866	0	2354	0	158	0	2498	0	0	0	0	0	414	0	804	0	838	0	0	0	798	0	4566	0	168	0	202	0	0	0	0	0	170	0	130	0	0	0	0	0	0	0	0	0	0	0	0	0	0	0	0	0	0	0	0	0	0	0	0	0	0	0	0	0	554	0	2840	0	0	0	0	0	0	0	410	0	556	0	212	0	0	0	0	0	0	0	0	0	0	0	0	0	0	0	0	0	0	0	0	0	0	0	0	0	0	0	0	0	0	
232096	Rolandic_Oper_L	11688	398	10104	574	0	0	5386	346	0	0	15168	0	1194	0	0	0	0	0	4814	462	0	0	0	0	0	0	0	0	19772	0	0	0	0	0	206	0	1654	0	432	0	0	0	0	0	0	0	0	0	0	0	1602	0	372	0	300	0	10828	0	682	0	606	0	2428	0	120	0	206	0	0	0	504	130	1070	0	0	0	0	0	4384	0	16550	0	1688	0	1676	0	0	0	704	0	0	0	0	0	0	0	0	0	0	0	0	0	0	0	0	0	0	0	0	0	0	0	0	0	0	0	
84452	Rolandic_Oper_R	0	620	526	6476	0	0	204	720	0	0	0	3722	0	240	0	0	0	0	424	3572	0	0	0	0	0	0	0	0	164	8984	0	0	0	0	0	0	128	802	0	384	0	0	0	0	0	0	0	0	0	164	0	0	0	0	0	288	0	2816	0	0	0	0	0	1824	0	0	0	372	0	124	154	318	0	2218	0	148	0	0	0	2034	0	3204	0	1458	0	138	0	0	0	0	0	0	0	0	0	0	0	0	0	0	0	0	0	0	0	0	0	0	0	0	0	0	0	0	0	0	
999072	Supp_Motor_Area_L	21178	7426	118490	34080	1042	0	24552	3798	0	0	12224	1046	6164	1850	792	0	4814	424	0	69338	0	0	6040	5276	0	0	0	0	25326	1684	9982	9958	13296	32746	4258	2730	8124	922	920	606	0	0	0	0	0	222	128	0	0	0	0	0	0	0	3316	212	388	320	0	0	0	0	0	242	0	0	316	714	16854	2788	6860	2800	10772	1976	2574	144	9372	3060	0	0	2854	0	1532	0	0	0	0	0	2458	0	172	0	124	0	0	0	0	0	252	0	0	0	0	0	0	0	0	0	0	0	0	0	0	0	0	0	
806536	Supp_Motor_Area_R	10942	8194	29424	73828	0	0	5608	6584	0	0	552	8540	648	5450	394	414	462	3572	69338	0	0	0	1234	8876	0	0	0	0	3850	8852	1730	13648	8478	45936	1896	5282	1386	4808	788	4316	0	0	0	166	0	446	0	0	0	256	0	0	0	0	0	3838	480	2112	0	0	0	0	0	0	0	0	438	2310	6594	11432	5704	13068	1774	12618	762	460	352	3632	170	246	0	386	0	722	0	0	0	0	0	142	0	0	0	0	0	0	0	130	0	0	0	0	0	0	0	0	0	0	0	0	0	0	0	0	0	0	
77300	Olfactory_L	0	0	246	0	1244	250	0	0	0	0	0	0	0	0	1222	0	0	0	0	0	0	5648	0	0	0	364	2082	382	2772	0	2926	1582	0	0	0	0	180	0	1016	0	794	0	0	0	0	0	0	0	0	0	0	0	0	0	0	0	0	0	0	0	0	0	0	0	0	0	0	0	0	0	7688	4256	4280	878	0	0	0	0	0	0	0	0	840	0	0	0	0	0	0	0	0	0	0	0	0	0	0	0	0	0	0	0	0	0	0	0	0	0	0	0	0	0	0	0	0	0	
79912	Olfactory_R	0	0	0	0	0	1408	0	0	0	264	0	0	0	0	0	804	0	0	0	0	5648	0	0	0	0	1316	1528	1454	0	1946	2356	2372	0	0	0	0	0	0	0	292	0	836	0	0	0	0	0	0	0	0	0	0	0	0	0	0	0	0	0	0	0	0	0	0	0	0	0	0	0	0	7218	6414	4368	1600	0	0	0	0	0	0	0	0	0	132	0	0	0	0	0	0	0	0	0	0	0	0	0	0	0	0	0	0	0	0	0	0	0	0	0	0	0	0	0	0	0	0	
323432	Frontal_Sup_Medial_L	0	0	44354	10982	2272	0	17012	982	0	0	126	0	784	132	0	0	0	0	6040	1234	0	0	0	24724	1772	416	290	0	1002	0	23964	13042	3052	7746	0	0	0	0	0	0	0	0	0	0	0	0	0	0	0	0	0	0	0	0	0	0	0	0	0	0	0	0	0	0	0	0	0	0	0	0	202	456	1132	0	0	0	0	0	0	0	0	0	0	0	0	0	0	0	0	0	0	0	0	0	0	0	0	0	0	0	0	0	0	0	0	0	0	0	0	0	0	0	0	0	0	0	
329452	Frontal_Sup_Medial_R	0	0	11796	39430	0	2360	2544	7830	0	0	0	1352	0	2712	0	838	0	0	5276	8876	0	0	24724	0	518	4114	0	296	318	2976	3604	19592	182	12066	0	0	134	156	0	150	0	0	0	0	0	0	0	0	0	0	0	0	0	0	0	150	0	0	0	0	0	0	0	0	0	0	0	0	0	0	390	6502	158	5682	0	0	0	0	0	0	0	0	0	0	0	0	0	0	0	0	0	0	0	0	0	0	0	0	0	0	0	0	0	0	0	0	0	0	0	0	0	0	0	0	0	0	
28848	Frontal_Med_Orb_L	0	0	1210	124	3174	746	0	0	140	0	0	0	0	0	0	0	0	0	0	0	0	0	1772	518	0	1986	1178	0	0	0	2850	184	0	0	0	0	0	0	0	0	0	0	0	0	0	0	0	0	0	0	0	0	0	0	0	0	0	0	0	0	0	0	0	0	0	0	0	0	0	0	218	0	324	0	0	0	0	0	0	0	0	0	0	0	0	0	0	0	0	0	0	0	0	0	0	0	0	0	0	0	0	0	0	0	0	0	0	0	0	0	0	0	0	0	0	0	
78684	Frontal_Med_Orb_R	0	0	0	2120	0	9974	0	0	0	0	0	0	0	0	0	0	0	0	0	0	364	1316	416	4114	1986	0	250	6832	0	0	1784	4028	0	0	0	0	0	0	0	0	0	0	0	0	0	0	0	0	0	0	0	0	0	0	0	0	0	0	0	0	0	0	0	0	0	0	0	0	0	0	368	3690	0	2100	0	0	0	0	0	0	0	0	0	0	0	0	0	0	0	0	0	0	0	0	0	0	0	0	0	0	0	0	0	0	0	0	0	0	0	0	0	0	0	0	0	0	
42816	Rectus_L	0	0	254	0	5838	180	0	0	1490	0	0	0	0	0	448	0	0	0	0	0	2082	1528	290	0	1178	250	0	296	0	0	1920	252	0	0	0	0	0	0	0	0	0	0	0	0	0	0	0	0	0	0	0	0	0	0	0	0	0	0	0	0	0	0	0	0	0	0	0	0	0	0	2184	1052	1954	212	0	0	0	0	0	0	0	0	0	0	0	0	0	0	0	0	0	0	0	0	0	0	0	0	0	0	0	0	0	0	0	0	0	0	0	0	0	0	0	0	0	0	
49892	Rectus_R	0	0	0	168	0	7384	0	0	0	388	0	0	0	0	0	798	0	0	0	0	382	1454	0	296	0	6832	296	0	0	666	414	2330	0	0	0	0	0	0	0	0	0	226	0	0	0	0	0	0	0	0	0	0	0	0	0	0	0	0	0	0	0	0	0	0	0	0	0	0	0	0	360	1874	330	748	0	0	0	0	0	0	0	0	0	0	0	0	0	0	0	0	0	0	0	0	0	0	0	0	0	0	0	0	0	0	0	0	0	0	0	0	0	0	0	0	0	0	
717940	Insula_L	12210	1836	49178	5780	8202	0	20770	2030	270	0	21912	612	25354	496	9292	0	19772	164	25326	3850	2772	0	1002	318	0	0	0	0	0	538	4804	142	166	350	3310	0	26414	0	2472	0	3266	0	1138	0	0	0	388	0	688	0	2928	0	588	0	8022	0	8120	674	844	0	446	0	2534	0	294	0	2868	138	524	182	7884	1292	19750	984	430	0	388	0	11294	0	14388	0	6042	0	4044	0	164	0	8418	0	194	0	150	0	0	0	0	0	564	0	0	0	0	0	0	0	0	0	0	0	0	0	0	0	0	0	
335168	Insula_R	274	2218	1400	16688	0	2328	614	9086	0	780	158	20706	264	15856	0	4566	0	8984	1684	8852	0	1946	0	2976	0	0	0	666	538	0	316	960	0	870	0	0	164	9656	0	7448	0	1860	0	0	0	0	0	1094	0	0	0	0	0	0	0	7292	0	1574	0	0	0	0	0	184	0	0	0	0	0	0	1792	3670	414	21298	0	0	132	612	0	1234	0	2624	0	1272	0	1318	0	0	0	1024	0	0	0	0	0	0	0	0	0	192	0	0	0	0	0	0	0	0	0	0	0	0	0	0	0	0	
322064	Cingulum_Ant_L	120	0	27512	4802	2270	356	16318	2144	0	0	1134	772	3766	1256	930	0	0	0	9982	1730	2926	2356	23964	3604	2850	1784	1920	414	4804	316	0	14818	7058	3804	544	0	0	0	0	0	0	0	0	0	0	0	0	0	0	0	0	0	0	0	0	0	0	0	0	0	0	0	0	0	0	0	0	0	0	0	6160	2348	7300	970	0	0	0	0	0	0	0	0	0	0	0	0	0	0	0	0	0	0	0	0	0	0	0	0	0	0	0	0	0	0	0	0	0	0	0	0	0	0	0	0	0	0	
348904	Cingulum_Ant_R	154	0	6324	31300	0	1268	1650	5184	0	0	0	860	184	1682	144	168	0	0	9958	13648	1582	2372	13042	19592	184	4028	252	2330	142	960	14818	0	2598	21958	0	0	0	0	0	0	0	0	0	0	0	0	0	0	0	0	0	0	0	0	0	0	0	0	0	0	0	0	0	0	0	0	0	0	0	0	2284	9344	1270	5172	0	0	0	0	0	0	0	0	0	0	0	0	0	0	0	0	0	0	0	0	0	0	0	0	0	0	0	0	0	0	0	0	0	0	0	0	0	0	0	0	0	0	
147760	Cingulum_Mid_L	150	852	7742	1246	0	0	2726	0	0	0	0	0	172	0	0	0	0	0	13296	8478	0	0	3052	182	0	0	0	0	166	0	7058	2598	0	12448	4198	318	0	0	0	0	0	0	664	0	1046	134	0	0	464	0	504	0	0	0	0	0	0	0	640	0	0	0	0	0	0	0	1648	354	2764	822	158	0	0	0	0	0	0	0	0	0	0	0	0	0	0	0	0	0	0	0	0	0	0	0	0	0	0	0	0	0	0	0	0	0	0	0	0	0	0	0	0	0	0	0	0	0	
475660	Cingulum_Mid_R	1704	1594	7794	26604	0	0	1870	3100	0	0	0	914	0	1508	0	202	0	0	32746	45936	0	0	7746	12066	0	0	0	0	350	870	3804	21958	12448	0	1194	6290	0	176	0	146	0	0	0	882	0	4900	0	134	0	5468	0	164	0	518	0	194	0	2786	0	0	0	236	0	284	0	0	1042	12558	1754	10090	500	618	0	844	0	0	0	0	0	0	0	0	0	0	0	2834	0	0	0	1004	0	0	0	0	0	0	0	0	0	0	0	0	0	0	0	0	0	0	0	0	0	0	0	0	0	0	
167788	Cingulum_Post_L	3932	884	5184	958	0	0	536	0	0	0	208	0	0	0	0	0	206	0	4258	1896	0	0	0	0	0	0	0	0	3310	0	544	0	4198	1194	0	4754	9974	1042	1876	436	0	0	5568	0	768	0	2610	0	0	0	320	0	444	0	918	0	560	234	0	0	0	0	0	0	0	0	9466	1012	6390	1176	0	148	416	138	0	0	1976	1418	3324	0	658	0	0	0	376	0	0	0	584	0	0	0	0	0	0	0	0	0	0	0	0	0	0	0	0	0	0	0	0	0	0	0	0	0	0	0	
123268	Cingulum_Post_R	1516	1976	1528	630	0	0	0	230	0	0	0	0	0	0	0	0	0	0	2730	5282	0	0	0	0	0	0	0	0	0	0	0	0	318	6290	4754	0	566	5452	0	3240	0	0	0	1090	0	320	0	2242	0	0	0	0	0	0	0	644	0	1212	0	0	0	0	0	0	0	0	818	7938	1768	5118	0	0	0	342	0	0	1296	3482	0	0	0	0	0	0	0	0	0	0	0	0	0	0	0	0	0	0	0	216	0	0	0	0	0	0	0	0	0	0	0	0	636	0	0	0	0	0	
440828	Hippocampus_L	8654	1732	16026	2406	0	0	2682	564	0	0	970	290	1022	0	0	0	1654	128	8124	1386	180	0	0	134	0	0	0	0	26414	164	0	0	0	0	9974	566	0	470	19538	246	6312	0	4942	0	0	0	5372	0	224	0	850	0	1466	0	22072	0	596	634	144	0	0	0	162	0	0	0	9018	138	5176	182	848	612	17074	500	674	0	4944	752	6818	0	5868	0	1540	0	2288	0	186	0	14600	0	898	0	498	0	0	0	188	0	1514	0	0	0	0	0	0	0	0	0	0	0	0	0	0	0	0	0	
369288	Hippocampus_R	790	4798	908	8156	0	0	0	3024	0	0	0	1360	0	568	0	0	0	802	922	4808	0	0	0	156	0	0	0	0	0	9656	0	0	0	176	1042	5452	470	0	216	43602	0	8674	0	944	0	0	0	6590	0	0	0	0	0	354	0	35606	0	400	0	0	0	0	0	0	0	0	0	4308	744	0	184	1358	0	22706	0	570	830	5272	0	438	0	616	0	166	0	892	0	0	0	4092	0	264	0	0	0	140	0	888	0	1140	0	0	0	0	0	0	0	0	0	0	562	0	0	0	0	0	
153468	ParaHippocampal_L	1026	0	3446	1160	0	0	224	268	0	0	0	0	0	0	198	0	432	0	920	788	1016	0	0	0	0	0	0	0	2472	0	0	0	0	0	1876	0	19538	216	0	0	3868	0	1690	0	0	0	3436	212	0	0	0	0	1450	0	9734	0	0	0	0	0	0	0	0	0	0	0	2752	0	798	0	192	262	6160	250	462	0	3414	330	0	0	640	0	1850	0	150	0	1432	0	2282	0	350	0	196	0	320	0	440	0	484	0	0	0	0	0	0	0	0	0	0	0	0	0	0	0	0	0	
326832	ParaHippocampal_R	490	1002	592	5434	0	0	0	2264	0	0	0	1288	0	514	0	170	0	384	606	4316	0	292	0	150	0	0	0	0	0	7448	0	0	0	146	436	3240	246	43602	0	0	0	5250	0	862	0	0	0	7350	0	0	0	0	0	600	0	34720	0	0	0	0	0	0	0	0	0	0	0	3856	458	0	162	1240	0	19852	0	510	544	3420	0	126	0	270	0	2030	0	362	0	2222	0	3240	0	422	0	0	0	0	0	1458	0	1478	0	0	0	0	0	0	0	0	0	0	364	0	0	0	0	0	
38856	Amygdala_L	0	0	0	0	142	0	0	0	0	0	0	0	0	0	152	0	0	0	0	0	794	0	0	0	0	0	0	0	3266	0	0	0	0	0	0	0	6312	0	3868	0	0	0	0	0	0	0	0	0	0	0	0	0	0	0	2476	0	0	0	0	0	0	0	0	0	0	0	0	0	0	0	0	0	400	0	0	0	0	0	0	0	0	0	946	0	0	0	226	0	846	0	0	0	0	0	0	0	0	0	0	0	0	0	0	0	0	0	0	0	0	0	0	0	0	0	0	0	
51204	Amygdala_R	0	0	0	0	0	288	0	0	0	142	0	0	0	0	0	130	0	0	0	0	0	836	0	0	0	0	0	226	0	1860	0	0	0	0	0	0	0	8674	0	5250	0	0	0	0	0	0	0	0	0	0	0	0	0	0	0	5152	0	0	0	0	0	0	0	0	0	0	0	0	0	0	0	0	0	922	0	0	0	0	0	0	0	0	0	1332	0	0	0	224	0	140	0	0	0	0	0	0	0	0	0	426	0	0	0	0	0	0	0	0	0	0	0	0	0	0	0	0	
225548	Calcarine_L	940	0	1454	0	0	0	178	0	0	0	0	0	0	0	0	0	0	0	0	0	0	0	0	0	0	0	0	0	1138	0	0	0	664	0	5568	0	4942	0	1690	0	0	0	0	7284	13096	4836	14226	3494	10384	472	14910	0	2150	0	1992	0	374	0	0	0	0	0	0	0	126	0	15802	520	1832	0	0	0	0	0	0	0	260	0	1668	0	254	0	0	0	1174	0	0	0	712	0	0	0	0	0	0	0	178	0	186	0	0	0	0	0	0	0	0	0	0	0	270	0	0	0	0	0	
277744	Calcarine_R	0	154	0	0	0	0	0	0	0	0	0	0	0	0	0	0	0	0	0	166	0	0	0	0	0	0	0	0	0	0	0	0	0	882	0	1090	0	944	0	862	0	0	7284	0	4940	31630	1694	22908	826	23594	128	6684	0	3872	0	5064	0	572	0	242	0	0	0	0	0	484	2878	14728	0	752	0	0	0	0	0	0	0	0	0	0	0	0	0	0	0	3590	0	0	0	2542	0	0	0	0	0	0	0	0	0	0	0	0	0	0	0	0	0	0	0	0	152	210	0	0	0	0	
230036	Cuneus_L	278	0	0	0	0	0	0	0	0	0	0	0	0	0	0	0	0	0	0	0	0	0	0	0	0	0	0	0	0	0	0	0	1046	0	768	0	0	0	0	0	0	0	13096	4940	0	8012	4570	258	28394	1358	17404	0	4560	0	1270	0	438	0	4842	0	0	0	0	0	230	0	16616	2146	3290	0	0	0	0	0	0	0	0	0	0	0	0	0	0	0	1502	0	0	0	0	0	0	0	0	0	0	0	0	0	0	0	0	0	0	0	0	0	0	0	0	0	0	0	0	0	0	0	
334540	Cuneus_R	0	608	0	0	0	0	0	0	0	0	0	0	0	0	0	0	0	0	222	446	0	0	0	0	0	0	0	0	0	0	0	0	134	4900	0	320	0	0	0	0	0	0	4836	31630	8012	0	354	4208	1398	43442	248	8100	0	3562	0	1282	0	1686	0	2098	0	188	0	348	0	180	5908	29498	0	2206	0	0	0	0	0	0	0	0	0	0	0	162	0	0	0	8158	0	0	0	3136	0	0	0	0	0	0	0	0	0	0	0	0	0	0	0	0	0	0	0	0	0	0	0	0	0	0	
308360	Lingual_L	470	0	736	0	0	0	0	0	0	0	0	0	0	0	0	0	0	0	128	0	0	0	0	0	0	0	0	0	388	0	0	0	0	0	2610	0	5372	0	3436	0	0	0	14226	1694	4570	354	0	3256	7402	0	16638	0	7632	126	20772	722	0	0	244	0	0	0	0	0	0	0	5730	0	430	0	0	0	0	0	0	0	776	0	590	0	0	0	0	0	398	0	0	0	1242	0	8946	1690	1000	816	184	0	11192	194	17672	2206	186	0	642	0	0	0	0	0	0	0	4826	2966	1538	0	0	180	
297072	Lingual_R	0	522	0	416	0	0	0	156	0	0	0	0	0	0	0	0	0	0	0	0	0	0	0	0	0	0	0	0	0	1094	0	0	0	134	0	2242	0	6590	212	7350	0	0	3494	22908	258	4208	3256	0	0	4216	0	840	0	4760	582	23006	0	0	0	0	0	0	0	0	0	0	0	7372	0	0	0	0	0	712	0	0	0	722	0	0	0	0	0	0	0	0	0	0	0	1144	1854	6022	298	612	434	362	3244	6870	5084	9102	0	0	600	180	0	462	0	0	474	680	7908	5766	1390	512	488	0	
231820	Occipital_Sup_L	226	0	0	0	0	0	0	0	0	0	0	0	0	0	0	0	0	0	0	0	0	0	0	0	0	0	0	0	688	0	0	0	464	0	0	0	224	0	0	0	0	0	10384	826	28394	1398	7402	0	0	0	33406	0	5932	0	2146	0	548	0	6206	0	372	0	0	0	676	0	13854	0	326	0	0	0	0	0	0	0	0	0	0	0	0	0	0	0	1718	0	0	0	720	0	0	0	0	0	0	0	0	0	0	0	0	0	0	0	0	0	0	0	0	0	0	0	0	0	0	0	
377288	Occipital_Sup_R	0	1822	0	202	0	0	0	0	0	0	0	0	0	0	0	0	0	164	0	256	0	0	0	0	0	0	0	0	0	0	0	0	0	5468	0	0	0	0	0	0	0	0	472	23594	1358	43442	0	4216	0	0	0	18696	0	5880	0	2342	0	3760	0	8746	0	4894	0	998	0	6456	3520	30292	0	6282	0	0	0	0	0	0	0	0	0	0	0	242	0	0	0	10762	0	0	0	4780	0	0	0	0	0	0	0	0	0	0	0	0	0	0	0	0	0	0	0	0	0	0	0	0	0	0	
479488	Occipital_Mid_L	5142	0	154	0	0	0	296	0	0	0	368	0	0	0	0	0	1602	0	0	0	0	0	0	0	0	0	0	0	2928	0	0	0	504	0	320	0	850	0	0	0	0	0	14910	128	17404	248	16638	0	33406	0	0	0	20406	0	8676	0	11116	0	16408	0	15452	0	1786	0	21400	0	15016	0	3506	0	0	0	0	0	0	0	0	0	464	0	1756	0	0	0	24486	0	0	0	4208	0	0	0	0	0	0	0	0	0	166	0	0	0	0	0	0	0	0	0	0	0	0	0	0	0	0	0	
161024	Occipital_Mid_R	0	186	0	0	0	0	0	0	0	0	0	0	0	0	0	0	0	0	0	0	0	0	0	0	0	0	0	0	0	0	0	0	0	164	0	0	0	0	0	0	0	0	0	6684	0	8100	0	840	0	18696	0	0	0	5224	0	760	0	282	0	3290	0	6160	0	1348	0	11072	814	4276	0	422	0	0	0	0	0	0	0	0	0	0	0	0	0	0	0	8580	0	0	0	3614	0	0	0	0	0	0	0	0	0	0	0	0	0	0	0	0	0	0	0	0	0	0	0	0	0	0	
147280	Occipital_Inf_L	232	0	0	0	0	0	0	0	0	0	0	0	0	0	0	0	372	0	0	0	0	0	0	0	0	0	0	0	588	0	0	0	0	0	444	0	1466	0	1450	0	0	0	2150	0	4560	0	7632	0	5932	0	20406	0	0	0	11614	0	264	0	800	0	0	0	0	0	0	0	2886	0	0	0	0	0	0	0	0	0	0	0	388	0	804	0	0	0	4024	0	0	0	7280	0	130	0	0	0	0	0	0	0	218	0	0	0	0	0	0	0	0	0	0	0	0	0	0	0	0	0	
121528	Occipital_Inf_R	0	1750	0	0	0	0	0	0	0	0	0	0	0	0	0	0	0	0	0	0	0	0	0	0	0	0	0	0	0	0	0	0	0	518	0	0	0	354	0	600	0	0	0	3872	0	3562	126	4760	0	5880	0	5224	0	0	0	7680	0	1816	0	416	0	408	0	732	0	316	178	4610	0	618	0	0	0	0	0	0	0	0	0	0	0	0	0	0	0	2850	0	0	0	12832	0	0	0	0	0	0	0	122	354	466	0	0	0	0	0	0	0	0	0	0	146	574	0	0	0	0	
464660	Fusiform_L	316	0	3622	0	0	0	256	0	0	0	0	0	128	0	0	0	300	0	3316	0	0	0	0	0	0	0	0	0	8022	0	0	0	0	0	918	0	22072	0	9734	0	2476	0	1992	0	1270	0	20772	582	2146	0	8676	0	11614	0	0	192	210	0	0	0	0	0	0	0	0	0	2126	0	174	0	288	0	6542	0	140	0	590	0	254	0	2938	0	2844	0	2304	0	3342	0	19752	0	24114	860	6670	752	164	0	14008	162	32826	1000	1736	0	2534	0	340	0	0	0	0	0	4306	1570	1164	0	0	216	
466224	Fusiform_R	0	852	180	4784	0	0	0	2050	0	0	0	1278	0	530	0	0	0	288	212	3838	0	0	0	150	0	0	0	0	0	7292	0	0	0	194	0	644	0	35606	0	34720	0	5152	0	5064	0	1282	722	23006	0	2342	0	760	0	7680	192	0	0	148	0	0	0	0	0	136	0	0	0	2306	0	0	140	1186	0	17862	0	494	0	1178	0	168	0	560	0	4156	0	1936	0	2262	0	12476	1106	9436	192	602	0	170	1788	8340	2872	13256	0	0	404	274	0	258	0	0	204	224	5040	3756	850	274	240	0	
288964	Postcentral_L	30794	798	4694	406	0	0	1802	768	0	0	6118	0	0	0	0	0	10828	0	388	480	0	0	0	0	0	0	0	0	8120	0	0	0	0	0	560	0	596	0	0	0	0	0	374	0	438	0	0	0	548	0	11116	0	264	0	210	0	0	0	8896	0	23202	0	8680	0	3368	0	2780	0	5438	0	220	272	132	0	0	0	0	190	3208	0	3676	0	0	0	4302	0	0	0	816	0	0	0	0	0	0	0	0	0	0	0	0	0	0	0	0	0	0	0	0	0	0	0	0	0	0	0	
171324	Postcentral_R	524	21706	172	2120	0	0	0	1072	0	0	0	1020	0	0	0	0	0	2816	320	2112	0	0	0	0	0	0	0	0	674	1574	0	0	0	2786	234	1212	634	400	0	0	0	0	0	572	0	1686	0	0	0	3760	0	282	0	1816	0	148	0	0	0	4108	0	1724	0	9980	0	0	494	8654	0	9982	0	0	234	274	0	0	0	0	0	0	0	776	0	0	0	312	0	0	0	1484	0	0	0	0	0	0	0	0	0	0	0	0	0	0	0	0	0	0	0	0	0	0	0	0	0	0	
154396	Parietal_Sup_L	1308	0	0	0	0	0	306	0	0	0	378	0	0	0	0	0	682	0	0	0	0	0	0	0	0	0	0	0	844	0	0	0	640	0	0	0	144	0	0	0	0	0	0	0	4842	0	244	0	6206	0	16408	0	800	0	0	0	8896	0	0	0	14150	0	0	0	7044	0	12432	0	0	0	0	0	0	0	0	0	0	0	0	0	508	0	0	0	1198	0	0	0	168	0	0	0	0	0	0	0	0	0	0	0	0	0	0	0	0	0	0	0	0	0	0	0	0	0	0	0	
107924	Parietal_Sup_R	0	1266	0	0	0	0	0	0	0	0	0	0	0	0	0	0	0	0	0	0	0	0	0	0	0	0	0	0	0	0	0	0	0	0	0	0	0	0	0	0	0	0	0	242	0	2098	0	0	0	8746	0	3290	0	416	0	0	0	4108	0	0	0	10836	0	5648	0	7720	146	7174	0	816	0	0	0	0	0	0	0	0	0	0	0	0	0	0	0	704	0	0	0	752	0	0	0	0	0	0	0	0	0	0	0	0	0	0	0	0	0	0	0	0	0	0	0	0	0	0	
203424	Parietal_Inf_L	3802	0	0	0	0	0	490	0	0	0	1102	0	0	0	0	0	606	0	0	0	0	0	0	0	0	0	0	0	446	0	0	0	0	0	0	0	0	0	0	0	0	0	0	0	0	0	0	0	372	0	15452	0	0	0	0	0	23202	0	14150	0	0	0	14462	0	18052	0	1502	0	706	0	0	0	0	0	0	0	0	0	0	0	1320	0	0	0	4706	0	0	0	1342	0	0	0	0	0	0	0	0	0	0	0	0	0	0	0	0	0	0	0	0	0	0	0	0	0	0	0	
121204	Parietal_Inf_R	0	518	0	0	0	0	0	0	0	0	0	0	0	0	0	0	0	0	0	0	0	0	0	0	0	0	0	0	0	0	0	0	0	236	0	0	0	0	0	0	0	0	0	0	0	188	0	0	0	4894	0	6160	0	408	0	0	0	1724	0	10836	0	0	0	12546	0	16484	128	824	0	654	0	0	0	0	0	0	0	0	0	0	0	382	0	0	0	1944	0	0	0	2676	0	0	0	0	0	0	0	0	0	0	0	0	0	0	0	0	0	0	0	0	0	0	0	0	0	0	
109864	SupraMarginal_L	4064	0	392	382	0	0	0	122	0	0	226	0	0	0	0	0	2428	0	0	0	0	0	0	0	0	0	0	0	2534	0	0	0	0	0	0	0	162	0	0	0	0	0	0	0	0	0	0	0	0	0	1786	0	0	0	0	0	8680	0	0	0	14462	0	0	0	6484	0	0	0	0	0	0	0	0	0	0	0	0	0	186	0	5058	0	0	0	6094	0	0	0	1872	0	0	0	0	0	0	0	0	0	0	0	0	0	0	0	0	0	0	0	0	0	0	0	0	0	0	0	
137200	SupraMarginal_R	154	2868	134	188	0	0	0	926	0	0	0	0	0	0	0	0	0	1824	242	0	0	0	0	0	0	0	0	0	0	184	0	0	0	284	0	0	0	0	0	0	0	0	0	0	0	348	0	0	0	998	0	1348	0	732	0	136	0	9980	0	5648	0	12546	0	0	0	10116	0	1368	0	582	0	0	0	0	0	0	0	0	0	402	0	4476	0	0	0	7112	0	0	0	6004	0	0	0	0	0	0	0	0	0	0	0	0	0	0	0	0	0	0	0	0	0	0	0	0	0	0	
141084	Angular_L	802	0	0	0	0	0	0	0	0	0	120	0	0	0	0	0	120	0	0	0	0	0	0	0	0	0	0	0	294	0	0	0	0	0	0	0	0	0	0	0	0	0	126	0	230	0	0	0	676	0	21400	0	0	0	0	0	3368	0	7044	0	18052	0	6484	0	0	0	2410	0	0	0	0	0	0	0	0	0	0	0	0	0	1094	0	0	0	6552	0	0	0	1770	0	0	0	0	0	0	0	0	0	0	0	0	0	0	0	0	0	0	0	0	0	0	0	0	0	0	0	
117860	Angular_R	0	0	0	0	0	0	0	0	0	0	0	0	0	0	0	0	0	0	0	0	0	0	0	0	0	0	0	0	0	0	0	0	0	0	0	0	0	0	0	0	0	0	0	484	0	180	0	0	0	6456	0	11072	0	316	0	0	0	0	0	7720	0	16484	0	10116	0	0	0	646	0	256	0	0	0	0	0	0	0	0	0	0	0	1918	0	0	0	2226	0	0	0	1056	0	0	0	0	0	0	0	0	0	0	0	0	0	0	0	0	0	0	0	0	0	0	0	0	0	0	
322440	Precuneus_L	1814	276	2342	334	0	0	308	0	0	0	150	0	0	0	0	0	206	0	316	438	0	0	0	0	0	0	0	0	2868	0	0	0	1648	1042	9466	818	9018	0	2752	0	0	0	15802	2878	16616	5908	5730	0	13854	3520	15016	814	2886	178	2126	0	2780	494	12432	146	1502	128	0	0	2410	0	0	8390	4364	610	0	0	200	0	0	0	332	0	2990	0	652	0	0	0	2790	628	0	0	1248	0	0	0	0	0	0	0	0	0	0	0	0	0	0	0	0	0	0	0	0	0	0	0	0	0	0	0	
381120	Precuneus_R	0	4156	0	718	0	0	0	0	0	0	0	0	0	0	0	0	0	372	714	2310	0	0	0	0	0	0	0	0	138	0	0	0	354	12558	1012	7938	138	4308	0	3856	0	0	520	14728	2146	29498	0	7372	0	30292	0	4276	0	4610	0	2306	0	8654	0	7174	0	824	0	1368	0	646	8390	0	162	11006	0	0	0	0	0	0	0	782	0	0	0	420	0	0	0	9906	0	0	0	5842	0	0	0	0	0	0	0	302	0	0	0	0	0	0	0	0	0	0	0	0	764	0	0	0	0	0	
279804	Paracentral_Lobule_L	28318	2220	25406	2034	0	0	486	0	0	0	0	0	0	0	0	0	0	0	16854	6594	0	0	0	0	0	0	0	0	524	0	0	0	2764	1754	6390	1768	5176	744	798	458	0	0	1832	0	3290	0	430	0	326	0	3506	0	0	0	174	0	5438	0	0	0	706	0	0	0	0	0	4364	162	0	854	982	506	372	0	0	0	9222	2736	804	0	0	0	0	0	1770	0	0	0	140	0	0	0	0	0	0	0	0	0	0	0	0	0	0	0	0	0	0	0	0	0	0	0	0	0	0	0	
160296	Paracentral_Lobule_R	596	7256	614	814	0	0	0	0	0	0	0	0	0	0	0	0	0	124	2788	11432	0	0	0	0	0	0	0	0	182	0	0	0	822	10090	1176	5118	182	0	0	0	0	0	0	752	0	2206	0	0	0	6282	0	422	0	618	0	0	0	9982	0	816	0	654	0	582	0	256	610	11006	854	0	0	0	0	0	0	0	0	0	0	0	0	126	0	0	0	2268	0	0	0	1520	0	0	0	0	0	0	0	0	0	0	0	0	0	0	0	0	0	0	0	0	0	0	0	0	0	0	
271048	Caudate_L	3968	452	10244	9178	398	242	3558	2114	0	0	622	1158	1368	1578	946	0	504	154	6860	5704	7688	7218	202	390	218	368	2184	360	7884	1792	6160	2284	158	500	0	0	848	184	192	162	0	0	0	0	0	0	0	0	0	0	0	0	0	0	288	140	220	0	0	0	0	0	0	0	0	0	0	0	982	0	0	11348	14594	4208	1244	0	11964	1864	0	0	586	0	0	0	0	0	0	0	246	0	0	0	0	0	0	0	0	0	0	0	0	0	0	0	0	0	0	0	0	0	0	0	0	0	0	0	
337100	Caudate_R	1566	2966	3172	23032	0	2558	1964	2988	0	232	154	1618	0	1588	0	554	130	318	2800	13068	4256	6414	456	6502	0	3690	1052	1874	1292	3670	2348	9344	0	618	148	0	612	1358	262	1240	0	0	0	0	0	0	0	0	0	0	0	0	0	0	0	1186	272	0	0	0	0	0	0	0	0	0	0	0	506	0	11348	0	5580	24924	158	1636	2354	16464	154	0	0	0	0	0	0	0	0	0	0	0	0	0	0	0	0	0	0	124	0	0	0	0	0	0	0	0	0	0	0	0	0	0	0	0	0	0	
338924	Putamen_L	756	766	20430	2884	7536	0	3094	674	660	0	1178	282	2308	292	3842	0	1070	0	10772	1774	4280	4368	1132	158	324	0	1954	330	19750	414	7300	1270	0	0	416	0	17074	0	6160	0	400	0	0	0	0	0	0	0	0	0	0	0	0	0	6542	0	132	234	0	0	0	0	0	0	0	0	200	0	372	0	14594	5580	0	2174	4668	128	2808	0	194	0	1258	0	1214	0	0	0	0	0	3614	0	748	0	386	0	0	0	0	0	968	0	0	0	0	0	0	0	0	0	0	0	0	0	0	0	0	0	
424088	Putamen_R	566	1204	1750	21322	0	4936	1382	9640	0	950	0	3602	0	2784	0	2840	0	2218	1976	12618	878	1600	0	5682	0	2100	212	748	984	21298	970	5172	0	844	138	342	500	22706	250	19852	0	922	0	0	0	0	0	712	0	0	0	0	0	0	0	17862	0	274	0	0	0	0	0	0	0	0	0	0	0	0	4208	24924	2174	0	0	2416	682	3246	152	152	0	338	0	0	0	0	0	0	0	406	0	182	0	0	0	0	0	328	0	1002	0	0	0	0	0	0	0	0	0	0	0	0	0	0	0	0	
35760	Pallidum_L	0	498	3178	1274	0	0	0	0	0	0	0	0	0	0	0	0	0	0	2574	762	0	0	0	0	0	0	0	0	430	0	0	0	0	0	0	0	674	0	462	0	0	0	0	0	0	0	0	0	0	0	0	0	0	0	140	0	0	0	0	0	0	0	0	0	0	0	0	0	0	0	1244	158	4668	0	0	0	1426	260	0	0	0	0	0	0	0	0	0	0	132	0	0	0	0	0	0	0	0	0	0	0	0	0	0	0	0	0	0	0	0	0	0	0	0	0	0	0	
18404	Pallidum_R	0	446	0	1530	0	0	0	504	0	0	0	0	0	0	0	0	0	148	144	460	0	0	0	0	0	0	0	0	0	0	0	0	0	0	0	0	0	570	0	510	0	0	0	0	0	0	0	0	0	0	0	0	0	0	0	494	0	0	0	0	0	0	0	0	0	0	0	0	0	0	0	1636	128	2416	0	0	0	216	0	0	0	0	0	0	0	0	0	0	0	0	0	0	0	0	0	0	0	0	0	0	0	0	0	0	0	0	0	0	0	0	0	0	0	0	0	0	
192304	Thalamus_L	9242	2612	18310	3390	0	0	300	0	0	0	0	0	0	0	0	0	0	0	9372	352	0	0	0	0	0	0	0	0	388	132	0	0	0	0	1976	1296	4944	830	3414	544	0	0	260	0	0	0	776	0	0	0	0	0	0	0	590	0	0	0	0	0	0	0	0	0	0	0	332	0	9222	0	11964	2354	2808	682	1426	0	0	7738	0	0	160	0	0	0	224	0	0	0	514	0	0	0	0	0	0	0	0	0	0	0	0	0	0	0	0	0	0	0	0	0	0	0	0	0	0	0	
173048	Thalamus_R	2930	8460	3706	12466	0	0	0	1404	0	0	0	0	0	0	0	0	0	0	3060	3632	0	0	0	0	0	0	0	0	0	612	0	0	0	0	1418	3482	752	5272	330	3420	0	0	0	0	0	0	0	722	0	0	0	0	0	0	0	1178	190	0	0	0	0	0	0	0	0	0	0	782	2736	0	1864	16464	0	3246	260	216	7738	0	0	0	0	0	0	0	0	0	0	0	0	0	0	0	0	0	0	0	0	0	0	0	0	0	0	0	0	0	0	0	0	0	184	0	0	0	0	0	
127928	Heschl_L	6848	0	4748	378	0	0	1818	0	0	0	934	0	0	0	0	0	4384	0	0	170	0	0	0	0	0	0	0	0	11294	0	0	0	0	0	3324	0	6818	0	0	0	0	0	1668	0	0	0	590	0	0	0	464	0	388	0	254	0	3208	0	0	0	0	0	186	0	0	0	2990	0	804	0	0	154	194	152	0	0	0	0	0	0	5082	0	0	0	3876	0	0	0	3238	0	0	0	0	0	0	0	0	0	0	0	0	0	0	0	0	0	0	0	0	0	0	0	0	0	0	0	
26848	Heschl_R	0	182	0	514	0	0	0	0	0	0	0	0	0	0	0	0	0	2034	0	246	0	0	0	0	0	0	0	0	0	1234	0	0	0	0	0	0	0	438	0	126	0	0	0	0	0	0	0	0	0	0	0	0	0	0	0	168	0	0	0	0	0	0	0	402	0	0	0	0	0	0	0	0	0	152	0	0	0	0	0	0	0	5200	0	0	0	2062	0	0	0	666	0	0	0	0	0	0	0	0	0	0	0	0	0	0	0	0	0	0	0	0	0	0	0	0	0	0	
267292	Temporal_Sup_L	5730	170	5846	224	0	0	3610	188	0	0	7836	0	514	0	0	0	16550	0	2854	0	0	0	0	0	0	0	0	0	14388	0	0	0	0	0	658	0	5868	0	640	0	0	0	254	0	0	0	0	0	0	0	1756	0	804	0	2938	0	3676	0	508	0	1320	0	5058	0	1094	0	652	0	0	0	586	0	1258	0	0	0	160	0	5082	0	0	0	2584	0	24528	0	0	0	16192	0	0	0	0	0	0	0	0	0	120	0	0	0	0	0	0	0	0	0	0	0	0	0	0	0	0	0	
86572	Temporal_Sup_R	0	244	0	604	0	0	0	0	0	0	0	168	0	0	0	410	0	3204	0	386	0	0	0	0	0	0	0	0	0	2624	0	0	0	0	0	0	0	616	0	270	0	0	0	0	0	162	0	0	0	242	0	0	0	0	0	560	0	776	0	0	0	382	0	4476	0	1918	0	420	0	126	0	0	0	338	0	0	0	0	0	5200	0	0	0	3934	0	12538	0	380	0	3308	0	0	0	0	0	0	0	0	0	0	0	0	0	0	0	0	0	0	0	0	0	0	0	0	0	0	
87412	Temporal_Pole_Sup_L	0	0	1808	0	410	0	454	0	0	0	2440	0	672	0	904	0	1688	0	1532	0	840	0	0	0	0	0	0	0	6042	0	0	0	0	0	0	0	1540	0	1850	0	946	0	0	0	0	0	0	0	0	0	0	0	0	0	2844	0	0	0	0	0	0	0	0	0	0	0	0	0	0	0	0	0	1214	0	0	0	0	0	0	0	2584	0	0	0	5364	0	5960	0	4614	0	0	0	0	0	0	0	0	0	0	0	0	0	0	0	0	0	0	0	0	0	0	0	0	0	0	0	
53964	Temporal_Pole_Sup_R	0	0	0	778	0	0	0	0	0	0	0	1136	0	0	0	556	0	1458	0	722	0	132	0	0	0	0	0	0	0	1272	0	0	0	0	0	0	0	166	0	2030	0	1332	0	0	0	0	0	0	0	0	0	0	0	0	0	4156	0	0	0	0	0	0	0	0	0	0	0	0	0	0	0	0	0	0	0	0	0	0	0	0	0	3934	0	0	0	4256	0	4146	0	908	0	0	0	0	0	0	0	0	0	0	0	0	0	0	0	0	0	0	0	0	0	0	0	0	0	0	
300336	Temporal_Mid_L	2656	0	474	0	0	0	300	0	0	0	276	0	0	0	0	0	1676	0	0	0	0	0	0	0	0	0	0	0	4044	0	0	0	0	0	376	0	2288	0	150	0	0	0	1174	0	1502	0	398	0	1718	0	24486	0	4024	0	2304	0	4302	0	1198	0	4706	0	6094	0	6552	0	2790	0	1770	0	0	0	0	0	0	0	224	0	3876	0	24528	0	5364	0	0	0	4526	0	36392	0	0	0	0	0	0	0	0	0	0	0	0	0	0	0	0	0	0	0	0	0	0	0	0	0	0	0	
222668	Temporal_Mid_R	0	544	0	0	0	0	0	0	0	0	0	0	0	0	0	212	0	138	0	0	0	0	0	0	0	0	0	0	0	1318	0	0	0	2834	0	0	0	892	0	362	0	0	0	3590	0	8158	0	0	0	10762	0	8580	0	2850	0	1936	0	312	0	704	0	1944	0	7112	0	2226	628	9906	0	2268	0	0	0	0	0	0	0	0	0	2062	0	12538	0	4256	0	0	0	1200	0	24002	0	0	0	0	0	0	0	0	0	0	0	0	0	0	0	0	0	0	0	0	0	0	0	0	0	0	
42764	Temporal_Pole_Mid_L	0	0	0	0	0	0	0	0	0	0	0	0	0	0	0	0	0	0	0	0	0	0	0	0	0	0	0	0	164	0	0	0	0	0	0	0	186	0	1432	0	226	0	0	0	0	0	0	0	0	0	0	0	0	0	3342	0	0	0	0	0	0	0	0	0	0	0	0	0	0	0	0	0	0	0	0	0	0	0	0	0	0	0	5960	0	4526	0	0	0	5546	0	0	0	0	0	0	0	0	0	0	0	0	0	0	0	0	0	0	0	0	0	0	0	0	0	0	0	
22468	Temporal_Pole_Mid_R	0	0	0	0	0	0	0	0	0	0	0	0	0	0	0	0	0	0	0	0	0	0	0	0	0	0	0	0	0	0	0	0	0	0	0	0	0	0	0	2222	0	224	0	0	0	0	0	0	0	0	0	0	0	0	0	2262	0	0	0	0	0	0	0	0	0	0	0	0	0	0	0	0	0	0	0	0	0	0	0	0	0	380	0	4146	0	1200	0	0	0	800	0	0	0	0	0	0	0	0	0	0	0	0	0	0	0	0	0	0	0	0	0	0	0	0	0	0	
311564	Temporal_Inf_L	1412	0	2978	0	0	0	550	0	0	0	300	0	130	0	0	0	704	0	2458	0	0	0	0	0	0	0	0	0	8418	0	0	0	0	0	584	0	14600	0	2282	0	846	0	712	0	0	0	1242	0	720	0	4208	0	7280	0	19752	0	816	0	168	0	1342	0	1872	0	1770	0	1248	0	140	0	246	0	3614	0	132	0	514	0	3238	0	16192	0	4614	0	36392	0	5546	0	0	0	3936	0	1610	0	0	0	274	0	2490	0	198	0	254	0	0	0	0	0	0	0	0	0	0	0	0	0	
205300	Temporal_Inf_R	0	2444	0	220	0	0	0	0	0	0	0	0	0	0	0	0	0	0	0	142	0	0	0	0	0	0	0	0	0	1024	0	0	0	1004	0	0	0	4092	0	3240	0	140	0	2542	0	3136	0	1144	0	4780	0	3614	0	12832	0	12476	0	1484	0	752	0	2676	0	6004	0	1056	0	5842	0	1520	0	0	0	406	0	0	0	0	0	666	0	3308	0	908	0	24002	0	800	0	0	0	396	0	0	0	0	0	0	0	0	0	0	0	0	0	0	0	0	0	0	0	0	0	0	0	0	
560856	Cerebelum_Crus1_L	0	0	172	0	0	0	0	0	0	0	0	0	0	0	0	0	0	0	172	0	0	0	0	0	0	0	0	0	194	0	0	0	0	0	0	0	898	0	350	0	0	0	0	0	0	0	8946	1854	0	0	0	0	130	0	24114	1106	0	0	0	0	0	0	0	0	0	0	0	0	0	0	0	0	748	0	0	0	0	0	0	0	0	0	0	0	0	0	0	0	3936	0	0	5206	48172	5262	1660	438	27522	2372	63572	5708	17428	1132	27190	450	3502	866	470	0	1104	1760	10174	3864	7478	1360	966	152	
559128	Cerebelum_Crus1_R	0	0	0	0	0	0	0	0	0	0	0	0	0	0	0	0	0	0	0	0	0	0	0	0	0	0	0	0	0	0	0	0	0	0	0	0	0	264	0	422	0	0	0	0	0	0	1690	6022	0	0	0	0	0	0	860	9436	0	0	0	0	0	0	0	0	0	0	0	0	0	0	0	0	0	182	0	0	0	0	0	0	0	0	0	0	0	0	0	0	0	396	5206	0	1934	43006	672	4114	7352	29006	9296	59366	750	9464	1886	20126	470	5988	0	236	1598	3430	18114	12902	14968	5366	4558	484	
422980	Cerebelum_Crus2_L	0	0	124	0	0	0	0	0	0	0	0	0	0	0	0	0	0	0	124	0	0	0	0	0	0	0	0	0	150	0	0	0	0	0	0	0	498	0	196	0	0	0	0	0	0	0	1000	298	0	0	0	0	0	0	6670	192	0	0	0	0	0	0	0	0	0	0	0	0	0	0	0	0	386	0	0	0	0	0	0	0	0	0	0	0	0	0	0	0	1610	0	48172	1934	0	9658	532	0	8834	788	18758	1434	39438	5566	42032	1736	3806	214	1132	0	144	214	2102	774	8496	4246	232	0	
370584	Cerebelum_Crus2_R	0	0	0	0	0	0	0	0	0	0	0	0	0	0	0	0	0	0	0	0	0	0	0	0	0	0	0	0	0	0	0	0	0	0	0	0	0	0	0	0	0	0	0	0	0	0	816	612	0	0	0	0	0	0	752	602	0	0	0	0	0	0	0	0	0	0	0	0	0	0	0	0	0	0	0	0	0	0	0	0	0	0	0	0	0	0	0	0	0	0	5262	43006	9658	0	0	756	1184	2622	3998	10900	7546	23020	6394	26764	254	4242	0	176	640	976	2390	4260	18196	7626	2400	240	
42308	Cerebelum_3_L	0	0	0	0	0	0	0	0	0	0	0	0	0	0	0	0	0	0	0	0	0	0	0	0	0	0	0	0	0	0	0	0	0	0	0	0	0	0	320	0	0	0	0	0	0	0	184	434	0	0	0	0	0	0	164	0	0	0	0	0	0	0	0	0	0	0	0	0	0	0	0	0	0	0	0	0	0	0	0	0	0	0	0	0	0	0	0	0	0	0	1660	672	532	0	0	166	5700	280	2592	806	408	0	846	0	908	276	0	0	1040	2014	1072	256	282	278	264	0	
80196	Cerebelum_3_R	0	0	0	0	0	0	0	0	0	0	0	0	0	0	0	0	0	0	0	0	0	0	0	0	0	0	0	0	0	0	0	0	0	0	0	0	0	140	0	0	0	0	0	0	0	0	0	362	0	0	0	0	0	0	0	170	0	0	0	0	0	0	0	0	0	0	0	0	0	0	0	0	0	0	0	0	0	0	0	0	0	0	0	0	0	0	0	0	0	0	438	4114	0	756	166	0	848	7192	534	7182	0	0	218	856	0	2166	0	0	906	4588	3308	250	2044	1964	1896	0	
414100	Cerebelum_4_5_L	0	0	0	0	0	0	0	0	0	0	0	0	0	0	0	0	0	0	0	0	0	0	0	0	0	0	0	0	0	0	0	0	0	0	0	0	188	0	440	0	0	0	178	0	0	0	11192	3244	0	0	0	0	0	0	14008	1788	0	0	0	0	0	0	0	0	0	0	0	0	0	0	0	0	0	0	0	0	0	0	0	0	0	0	0	0	0	0	0	0	274	0	27522	7352	8834	1184	5700	848	0	5232	41396	9348	3814	0	9850	658	3500	2642	296	0	3254	4914	25052	5596	2374	2050	2550	1772	
292504	Cerebelum_4_5_R	0	0	0	134	0	0	0	0	0	0	0	0	0	0	0	0	0	0	0	130	0	0	0	0	0	0	0	0	0	0	0	0	0	0	0	216	0	888	0	1458	0	0	0	0	0	0	194	6870	0	0	0	0	0	122	162	8340	0	0	0	0	0	0	0	0	0	0	0	302	0	0	0	124	0	328	0	0	0	0	0	0	0	0	0	0	0	0	0	0	0	0	2372	29006	788	2622	280	7192	5232	0	4116	38434	0	0	1100	2710	264	1814	0	154	670	3892	19480	1460	2402	1600	1396	0	
590220	Cerebelum_6_L	0	0	254	0	0	0	0	0	0	0	0	0	0	0	0	0	0	0	252	0	0	0	0	0	0	0	0	0	564	0	0	0	0	0	0	0	1514	0	484	0	0	0	186	0	0	0	17672	5084	0	0	166	0	218	354	32826	2872	0	0	0	0	0	0	0	0	0	0	0	0	0	0	0	0	968	0	0	0	0	0	0	0	120	0	0	0	0	0	0	0	2490	0	63572	9296	18758	3998	2592	534	41396	4116	0	11492	8532	176	15950	458	3198	1466	132	0	1524	2304	18826	10152	6730	1846	1526	512	
522000	Cerebelum_6_R	0	0	0	0	0	0	0	0	0	0	0	0	0	0	0	0	0	0	0	0	0	0	0	0	0	0	0	0	0	192	0	0	0	0	0	0	0	1140	0	1478	0	426	0	0	0	0	2206	9102	0	0	0	0	0	466	1000	13256	0	0	0	0	0	0	0	0	0	0	0	0	0	0	0	0	0	1002	0	0	0	0	0	0	0	0	0	0	0	0	0	0	0	0	5708	59366	1434	10900	806	7182	9348	38434	11492	0	298	278	1844	5698	626	5784	0	270	2116	5098	23574	15386	13084	5976	5520	510	
292288	Cerebelum_7b_L	0	0	0	0	0	0	0	0	0	0	0	0	0	0	0	0	0	0	0	0	0	0	0	0	0	0	0	0	0	0	0	0	0	0	0	0	0	0	0	0	0	0	0	0	0	0	186	0	0	0	0	0	0	0	1736	0	0	0	0	0	0	0	0	0	0	0	0	0	0	0	0	0	0	0	0	0	0	0	0	0	0	0	0	0	0	0	0	0	198	0	17428	750	39438	7546	408	0	3814	0	8532	298	0	5458	37912	3446	3996	0	966	0	0	0	344	292	6032	7186	178	0	
179760	Cerebelum_7b_R	0	0	0	0	0	0	0	0	0	0	0	0	0	0	0	0	0	0	0	0	0	0	0	0	0	0	0	0	0	0	0	0	0	0	0	0	0	0	0	0	0	0	0	0	0	0	0	0	0	0	0	0	0	0	0	0	0	0	0	0	0	0	0	0	0	0	0	0	0	0	0	0	0	0	0	0	0	0	0	0	0	0	0	0	0	0	0	0	0	0	1132	9464	5566	23020	0	0	0	0	176	278	5458	0	4560	24966	0	4250	0	0	0	0	0	164	4566	5394	886	0	
407228	Cerebelum_8_L	0	0	0	0	0	0	0	0	0	0	0	0	0	0	0	0	0	0	0	0	0	0	0	0	0	0	0	0	0	0	0	0	0	0	0	0	0	0	0	0	0	0	0	0	0	0	642	600	0	0	0	0	0	0	2534	404	0	0	0	0	0	0	0	0	0	0	0	0	0	0	0	0	0	0	0	0	0	0	0	0	0	0	0	0	0	0	0	0	254	0	27190	1886	42032	6394	846	218	9850	1100	15950	1844	37912	4560	0	5776	15762	1094	2554	0	570	876	3470	844	5674	10730	2048	0	
263768	Cerebelum_8_R	0	0	0	0	0	0	0	0	0	0	0	0	0	0	0	0	0	0	0	0	0	0	0	0	0	0	0	0	0	0	0	0	0	0	0	0	0	0	0	0	0	0	0	0	0	0	0	180	0	0	0	0	0	0	0	274	0	0	0	0	0	0	0	0	0	0	0	0	0	0	0	0	0	0	0	0	0	0	0	0	0	0	0	0	0	0	0	0	0	0	450	20126	1736	26764	0	856	658	2710	458	5698	3446	24966	5776	0	408	16640	0	358	298	758	1454	576	3674	9416	3942	262	
99504	Cerebelum_9_L	0	0	0	0	0	0	0	0	0	0	0	0	0	0	0	0	0	0	0	0	0	0	0	0	0	0	0	0	0	0	0	0	0	0	0	0	0	0	0	0	0	0	0	0	0	0	0	0	0	0	0	0	0	0	340	0	0	0	0	0	0	0	0	0	0	0	0	0	0	0	0	0	0	0	0	0	0	0	0	0	0	0	0	0	0	0	0	0	0	0	3502	470	3806	254	908	0	3500	264	3198	626	3996	0	15762	408	0	1652	3380	0	0	350	1036	1648	570	1622	1726	734	
171084	Cerebelum_9_R	0	0	0	0	0	0	0	0	0	0	0	0	0	0	0	0	0	0	0	0	0	0	0	0	0	0	0	0	0	0	0	0	0	0	0	0	0	0	0	0	0	0	0	0	0	0	0	462	0	0	0	0	0	0	0	258	0	0	0	0	0	0	0	0	0	0	0	0	0	0	0	0	0	0	0	0	0	0	0	0	0	0	0	0	0	0	0	0	0	0	866	5988	214	4242	276	2166	2642	1814	1466	5784	0	4250	1094	16640	1652	0	0	1074	2248	3368	3658	2206	5330	7706	8514	1624	
18228	Cerebelum_10_L	0	0	0	0	0	0	0	0	0	0	0	0	0	0	0	0	0	0	0	0	0	0	0	0	0	0	0	0	0	0	0	0	0	0	0	0	0	0	0	0	0	0	0	0	0	0	0	0	0	0	0	0	0	0	0	0	0	0	0	0	0	0	0	0	0	0	0	0	0	0	0	0	0	0	0	0	0	0	0	0	0	0	0	0	0	0	0	0	0	0	470	0	1132	0	0	0	296	0	132	0	966	0	2554	0	3380	0	0	0	0	0	0	0	0	184	0	0	
5548	Cerebelum_10_R	0	0	0	0	0	0	0	0	0	0	0	0	0	0	0	0	0	0	0	0	0	0	0	0	0	0	0	0	0	0	0	0	0	0	0	0	0	0	0	0	0	0	0	0	0	0	0	0	0	0	0	0	0	0	0	0	0	0	0	0	0	0	0	0	0	0	0	0	0	0	0	0	0	0	0	0	0	0	0	0	0	0	0	0	0	0	0	0	0	0	0	236	0	176	0	0	0	154	0	270	0	0	0	358	0	1074	0	0	0	0	0	0	142	182	182	0	
63712	Vermis_1_2	0	0	0	0	0	0	0	0	0	0	0	0	0	0	0	0	0	0	0	0	0	0	0	0	0	0	0	0	0	0	0	0	0	0	0	0	0	0	0	0	0	0	0	0	0	0	0	474	0	0	0	0	0	0	0	204	0	0	0	0	0	0	0	0	0	0	0	0	0	0	0	0	0	0	0	0	0	0	0	0	0	0	0	0	0	0	0	0	0	0	1104	1598	144	640	1040	906	3254	670	1524	2116	0	0	570	298	0	2248	0	0	0	5418	3374	530	1864	1890	1990	0	
110640	Vermis_3	0	0	0	0	0	0	0	0	0	0	0	0	0	0	0	0	0	0	0	0	0	0	0	0	0	0	0	0	0	0	0	0	0	0	0	0	0	0	0	0	0	0	0	0	0	0	0	680	0	0	0	0	0	0	0	224	0	0	0	0	0	0	0	0	0	0	0	0	0	0	0	0	0	0	0	0	0	0	0	0	0	0	0	0	0	0	0	0	0	0	1760	3430	214	976	2014	4588	4914	3892	2304	5098	0	0	876	758	350	3368	0	0	5418	0	5092	778	2824	2840	2922	0	
377388	Vermis_4_5	0	0	0	0	0	0	0	0	0	0	0	0	0	0	0	0	0	0	0	0	0	0	0	0	0	0	0	0	0	0	0	0	0	0	0	636	0	562	0	364	0	0	270	152	0	0	4826	7908	0	0	0	0	0	146	4306	5040	0	0	0	0	0	0	0	0	0	0	0	764	0	0	0	0	0	0	0	0	0	184	0	0	0	0	0	0	0	0	0	0	0	0	10174	18114	2102	2390	1072	3308	25052	19480	18826	23574	344	0	3470	1454	1036	3658	0	0	3374	5092	0	7782	4424	3318	3620	1872	
197344	Vermis_6	0	0	0	0	0	0	0	0	0	0	0	0	0	0	0	0	0	0	0	0	0	0	0	0	0	0	0	0	0	0	0	0	0	0	0	0	0	0	0	0	0	0	0	210	0	0	2966	5766	0	0	0	0	0	574	1570	3756	0	0	0	0	0	0	0	0	0	0	0	0	0	0	0	0	0	0	0	0	0	0	0	0	0	0	0	0	0	0	0	0	0	0	3864	12902	774	4260	256	250	5596	1460	10152	15386	292	164	844	576	1648	2206	0	0	530	778	7782	0	7150	1780	2340	2840	
278268	Vermis_7	0	0	0	0	0	0	0	0	0	0	0	0	0	0	0	0	0	0	0	0	0	0	0	0	0	0	0	0	0	0	0	0	0	0	0	0	0	0	0	0	0	0	0	0	0	0	1538	1390	0	0	0	0	0	0	1164	850	0	0	0	0	0	0	0	0	0	0	0	0	0	0	0	0	0	0	0	0	0	0	0	0	0	0	0	0	0	0	0	0	0	0	7478	14968	8496	18196	282	2044	2374	2402	6730	13084	6032	4566	5674	3674	570	5330	0	142	1864	2824	4424	7150	0	9294	6088	506	
