data	data	418404	173896	600388	637480	176200	96988	331500	194388	147180	28180	187780	183284	231888	110312	184868	131840	158604	162700	474852	645224	107132	113732	286860	298808	56936	98040	66956	68428	545924	384424	245116	369216	105556	490756	136356	150976	225456	316032	125752	219924	60712	57460	238104	290872	209588	264804	332616	361748	243536	258964	558804	160140	108408	110248	483116	606636	260368	185288	242828	167192	178520	80956	127432	110932	174680	87440	409320	440108	223992	126064	266732	439036	361724	401212	33036	15380	129356	144508	54008	52620	161736	155452	128164	70720	274568	207260	46300	41612	263684	189736	551564	532316	399748	340460	56836	67000	321212	338480	512800	540900	287196	143500	337804	360636	121492	173112	18612	16212	34600	127536	332140	277268	337804	250148	180860	70988	
data	data	Precentral_L	Precentral_R	Frontal_Sup_L	Frontal_Sup_R	Frontal_Sup_Orb_L	Frontal_Sup_Orb_R	Frontal_Mid_L	Frontal_Mid_R	Frontal_Mid_Orb_L	Frontal_Mid_Orb_R	Frontal_Inf_Oper_L	Frontal_Inf_Oper_R	Frontal_Inf_Tri_L	Frontal_Inf_Tri_R	Frontal_Inf_Orb_L	Frontal_Inf_Orb_R	Rolandic_Oper_L	Rolandic_Oper_R	Supp_Motor_Area_L	Supp_Motor_Area_R	Olfactory_L	Olfactory_R	Frontal_Sup_Medial_L	Frontal_Sup_Medial_R	Frontal_Med_Orb_L	Frontal_Med_Orb_R	Rectus_L	Rectus_R	Insula_L	Insula_R	Cingulum_Ant_L	Cingulum_Ant_R	Cingulum_Mid_L	Cingulum_Mid_R	Cingulum_Post_L	Cingulum_Post_R	Hippocampus_L	Hippocampus_R	ParaHippocampal_L	ParaHippocampal_R	Amygdala_L	Amygdala_R	Calcarine_L	Calcarine_R	Cuneus_L	Cuneus_R	Lingual_L	Lingual_R	Occipital_Sup_L	Occipital_Sup_R	Occipital_Mid_L	Occipital_Mid_R	Occipital_Inf_L	Occipital_Inf_R	Fusiform_L	Fusiform_R	Postcentral_L	Postcentral_R	Parietal_Sup_L	Parietal_Sup_R	Parietal_Inf_L	Parietal_Inf_R	SupraMarginal_L	SupraMarginal_R	Angular_L	Angular_R	Precuneus_L	Precuneus_R	Paracentral_Lobule_L	Paracentral_Lobule_R	Caudate_L	Caudate_R	Putamen_L	Putamen_R	Pallidum_L	Pallidum_R	Thalamus_L	Thalamus_R	Heschl_L	Heschl_R	Temporal_Sup_L	Temporal_Sup_R	Temporal_Pole_Sup_L	Temporal_Pole_Sup_R	Temporal_Mid_L	Temporal_Mid_R	Temporal_Pole_Mid_L	Temporal_Pole_Mid_R	Temporal_Inf_L	Temporal_Inf_R	Cerebelum_Crus1_L	Cerebelum_Crus1_R	Cerebelum_Crus2_L	Cerebelum_Crus2_R	Cerebelum_3_L	Cerebelum_3_R	Cerebelum_4_5_L	Cerebelum_4_5_R	Cerebelum_6_L	Cerebelum_6_R	Cerebelum_7b_L	Cerebelum_7b_R	Cerebelum_8_L	Cerebelum_8_R	Cerebelum_9_L	Cerebelum_9_R	Cerebelum_10_L	Cerebelum_10_R	Vermis_1_2	Vermis_3	Vermis_4_5	Vermis_6	Vermis_7	Vermis_8	Vermis_9	Vermis_10	
418404	Precentral_L	0	218	15514	3226	144	0	10050	70	182	0	9038	0	1298	68	212	88	4402	128	6102	16968	0	0	0	0	0	0	0	0	10378	472	96	0	192	11504	2306	2336	5298	884	674	228	90	0	106	120	0	0	302	148	568	0	7814	0	636	0	808	238	30216	140	3742	0	1730	0	986	0	2354	0	3852	894	13820	130	4140	778	10596	0	3296	0	12452	74	1484	0	1028	0	370	0	2458	0	0	0	1328	0	0	0	0	0	0	0	0	0	0	0	0	0	0	0	0	0	0	0	0	428	0	0	0	0	0	0	
173896	Precentral_R	218	0	1416	12532	90	0	64	8126	92	0	0	4760	0	114	0	0	0	3168	1308	7506	0	0	0	0	0	0	0	0	0	1454	68	530	0	4016	392	840	0	1992	0	484	0	0	0	1216	0	88	0	356	0	64	0	0	0	104	0	1386	0	10598	0	1000	0	526	0	1152	0	80	0	2722	1402	5174	230	1498	0	1286	0	386	924	6064	0	678	0	408	0	0	0	232	0	0	0	204	0	0	0	0	0	0	0	0	0	0	0	0	0	0	0	0	0	0	0	0	0	0	0	0	0	0	
600388	Frontal_Sup_L	15514	1416	0	3634	6152	0	59734	802	4374	0	12962	242	13460	280	2260	504	2420	0	50388	10290	0	0	36440	4044	1642	344	0	0	19364	264	11474	1842	1802	4694	110	272	664	72	92	0	0	0	0	0	0	0	0	0	0	0	406	0	0	0	64	0	728	0	310	0	144	0	0	0	0	0	312	124	4396	0	4482	2538	13310	244	1006	0	2878	134	68	0	660	0	574	0	158	0	0	0	106	0	0	0	0	0	0	0	0	0	0	0	0	0	0	0	0	0	0	0	0	0	0	0	0	0	0	0	
637480	Frontal_Sup_R	3226	12532	3634	0	74	4414	442	29754	72	1098	0	9100	82	4184	0	2202	0	4818	9446	52126	84	294	9856	28888	220	2862	64	634	98	12362	2394	22036	744	20254	76	366	0	3610	0	2328	0	92	0	228	0	0	0	388	0	0	0	0	0	102	0	1412	610	1164	0	340	0	64	0	112	0	0	0	516	1594	148	416	23366	170	19150	0	738	272	22366	0	308	0	386	0	0	0	216	0	0	0	208	0	0	0	0	0	0	0	0	0	0	0	0	0	0	0	0	0	0	0	0	0	0	0	0	0	0	
176200	Frontal_Sup_Orb_L	144	90	6152	74	0	0	1166	0	18962	0	0	0	972	0	11800	0	0	0	852	182	4340	76	2740	62	3500	146	6620	112	8426	0	2640	0	0	70	0	0	0	0	706	0	598	0	0	0	0	0	0	0	0	0	0	0	0	0	0	0	0	0	0	0	0	0	0	0	0	0	0	0	170	0	4770	574	10360	0	0	0	586	242	0	0	0	0	968	0	0	0	0	0	0	0	0	0	0	0	0	0	0	0	0	0	0	0	0	0	0	0	0	0	0	0	0	0	0	0	0	0	
96988	Frontal_Sup_Orb_R	0	0	0	4414	0	0	0	526	0	5268	0	0	0	0	0	3692	0	0	0	0	326	3646	246	3226	1370	7922	298	7322	0	1228	288	994	0	0	0	0	0	0	0	0	0	0	0	0	0	0	0	0	0	0	0	0	0	0	0	0	0	0	0	0	0	0	0	0	0	0	0	0	0	0	282	4496	128	2822	0	0	0	0	0	0	0	0	0	0	0	0	0	0	0	0	0	0	0	0	0	0	0	0	0	0	0	0	0	0	0	0	0	0	0	0	0	0	0	0	0	0	
331500	Frontal_Mid_L	10050	64	59734	442	1166	0	0	0	4086	0	8358	196	19072	0	2104	668	814	0	14756	456	100	0	12368	568	0	0	0	0	8824	188	5910	674	380	554	0	74	476	0	174	0	90	0	0	0	0	0	0	0	0	0	102	0	0	0	0	0	396	0	72	0	0	0	0	0	0	0	74	0	716	0	3480	1298	5992	128	128	0	350	90	198	0	176	0	204	0	0	0	0	0	0	0	0	0	0	0	0	0	0	0	0	0	0	0	0	0	0	0	0	0	0	0	0	0	0	0	0	0	
194388	Frontal_Mid_R	70	8126	802	29754	0	526	0	0	0	312	0	9528	0	6382	0	1208	0	3514	1300	8036	0	60	584	2678	0	0	0	0	0	6820	426	2516	70	3966	0	0	0	494	0	146	0	0	0	0	0	0	0	0	0	0	0	0	0	0	0	84	0	62	0	0	0	0	0	0	0	0	0	0	288	0	92	2222	0	6234	0	204	314	280	0	96	0	0	0	0	0	0	0	0	0	0	0	0	0	0	0	0	0	0	0	0	0	0	0	0	0	0	0	0	0	0	0	0	0	0	0	0	
147180	Frontal_Mid_Orb_L	182	92	4374	72	18962	0	4086	0	0	0	0	0	3390	0	14942	98	0	0	1020	188	1130	0	316	0	828	0	3116	0	7174	0	236	0	0	72	0	0	0	0	0	0	0	0	0	0	0	0	0	0	0	0	0	0	0	0	0	0	0	0	0	0	0	0	0	0	0	0	0	0	210	0	4994	674	6528	0	0	0	658	248	0	0	0	0	0	0	0	0	0	0	0	0	0	0	0	0	0	0	0	0	0	0	0	0	0	0	0	0	0	0	0	0	0	0	0	0	0	0	
28180	Frontal_Mid_Orb_R	0	0	0	1098	0	5268	0	312	0	0	0	0	0	112	0	4566	0	0	0	64	0	240	0	0	0	632	0	748	0	86	0	0	0	0	0	0	0	0	0	0	0	0	0	0	0	0	0	0	0	0	0	0	0	0	0	0	0	0	0	0	0	0	0	0	0	0	0	0	0	0	0	610	0	354	0	0	0	0	0	0	0	0	0	0	0	0	0	0	0	0	0	0	0	0	0	0	0	0	0	0	0	0	0	0	0	0	0	0	0	0	0	0	0	0	0	0	
187780	Frontal_Inf_Oper_L	9038	0	12962	0	0	0	8358	0	0	0	0	0	10988	0	392	218	5094	0	7442	72	68	0	0	0	0	0	0	0	18892	0	392	0	0	0	122	96	1238	0	278	0	158	0	0	0	0	0	82	0	0	0	1190	0	192	0	342	0	4032	0	582	0	196	0	0	0	170	0	612	0	244	0	416	658	3862	0	0	0	170	0	530	0	1750	0	2290	0	396	0	0	0	368	0	0	0	0	0	0	0	0	0	0	0	0	0	0	0	0	0	0	0	0	0	0	0	0	0	0	0	
183284	Frontal_Inf_Oper_R	0	4760	242	9100	0	0	196	9528	0	0	0	0	214	7620	0	418	0	7226	534	7690	0	0	84	1060	0	0	0	0	164	20082	248	2450	0	1574	0	0	0	950	0	254	0	0	0	150	0	0	0	124	0	0	0	0	0	0	0	540	0	1982	0	362	0	98	0	204	0	0	0	276	0	92	96	2370	0	9306	0	162	0	220	0	500	0	428	0	152	0	106	0	0	0	80	0	0	0	0	0	0	0	0	0	0	0	0	0	0	0	0	0	0	0	0	0	0	0	0	0	0	
231888	Frontal_Inf_Tri_L	1298	0	13460	82	972	0	19072	0	3390	0	10988	214	0	204	9162	2326	438	0	8192	134	0	0	180	0	0	0	0	0	23020	220	2488	210	0	106	0	0	708	0	296	0	0	0	0	0	0	0	0	0	0	0	0	0	0	0	70	0	288	0	0	0	0	0	0	0	0	0	0	0	334	0	6636	5080	4814	100	0	0	296	256	128	0	246	0	536	0	0	0	0	0	0	0	0	0	0	0	0	0	0	0	0	0	0	0	0	0	0	0	0	0	0	0	0	0	0	0	0	0	
110312	Frontal_Inf_Tri_R	68	114	280	4184	0	0	0	6382	0	112	0	7620	204	0	160	4090	0	84	414	3028	0	0	0	716	0	0	0	0	130	14322	120	1226	0	682	0	0	0	272	0	218	0	0	0	0	0	0	0	0	0	0	0	0	0	0	0	0	0	0	0	0	0	0	0	0	0	0	0	0	0	0	162	3658	0	6768	0	0	142	0	0	0	0	0	0	0	0	0	0	0	0	0	0	0	0	0	0	0	0	0	0	0	0	0	0	0	0	0	0	0	0	0	0	0	0	0	0	0	
184868	Frontal_Inf_Orb_L	212	0	2260	0	11800	0	2104	0	14942	0	392	0	9162	160	0	802	0	0	1014	86	4322	0	144	0	0	0	2078	0	19162	0	592	0	0	62	0	0	516	0	1184	0	1118	0	0	0	0	0	0	0	0	0	0	0	0	0	204	0	0	0	0	0	0	0	0	0	0	0	0	0	260	0	4340	2178	9212	0	0	0	692	210	0	0	0	0	3096	0	60	0	70	0	0	0	0	0	0	0	0	0	0	0	0	0	0	0	0	0	0	0	0	0	0	0	0	0	0	0	0	0	
131840	Frontal_Inf_Orb_R	88	0	504	2202	0	3692	668	1208	98	4566	218	418	2326	4090	802	0	0	424	744	1224	258	4444	138	168	0	0	0	2334	2874	10326	320	2254	62	554	0	0	0	142	0	134	0	110	0	0	0	0	0	0	0	0	0	0	0	0	0	294	0	0	0	0	0	0	0	0	0	0	0	0	0	0	1142	9278	70	3884	0	0	180	0	0	0	0	1360	0	2124	0	86	0	112	0	0	0	0	0	0	0	0	0	0	0	0	0	0	0	0	0	0	0	0	0	0	0	0	0	0	0	0	
158604	Rolandic_Oper_L	4402	0	2420	0	0	0	814	0	0	0	5094	0	438	0	0	0	0	0	820	0	0	0	0	0	0	0	0	0	19920	0	0	0	0	0	136	108	1854	0	154	0	0	0	70	0	0	0	0	0	150	0	1516	0	1012	0	1098	0	11772	0	658	0	1694	0	6408	0	1004	0	742	0	988	0	0	0	1030	0	0	0	100	0	4622	0	6774	0	1110	0	818	0	0	0	1576	0	0	0	0	0	0	0	0	0	0	0	0	0	0	0	0	0	0	0	0	0	0	0	0	0	0	0	
162700	Rolandic_Oper_R	128	3168	0	4818	0	0	0	3514	0	0	0	7226	0	84	0	424	0	0	266	3640	0	0	0	0	0	0	0	0	0	15160	60	328	0	588	0	0	0	3324	0	482	0	0	0	102	0	80	0	62	0	90	0	0	0	0	0	834	0	8376	0	1800	0	156	0	3420	0	0	0	1238	0	334	86	296	0	4572	0	136	0	562	0	5416	0	8252	0	648	0	800	0	0	0	880	0	0	0	0	0	0	0	0	0	0	0	0	0	0	0	0	0	0	0	0	0	0	0	0	0	0	
474852	Supp_Motor_Area_L	6102	1308	50388	9446	852	0	14756	1300	1020	0	7442	534	8192	414	1014	744	820	266	0	37182	0	0	7496	4148	0	0	0	0	10046	1062	5792	6180	8776	21342	946	570	194	222	0	70	0	0	0	0	0	0	0	0	0	0	110	0	0	0	0	0	224	158	116	0	0	0	0	0	0	0	610	100	10046	322	2550	5674	3546	3212	178	0	1130	106	0	0	350	0	370	0	0	0	0	0	0	0	0	0	0	0	0	0	0	0	0	0	0	0	0	0	0	0	0	0	0	0	0	0	0	0	0	0	
645224	Supp_Motor_Area_R	16968	7506	10290	52126	182	0	456	8036	188	64	72	7690	134	3028	86	1224	0	3640	37182	0	0	0	1662	7580	0	0	0	0	278	12176	2140	12230	2612	59284	814	1022	0	1362	0	426	0	0	0	1364	0	168	0	514	0	0	716	0	64	152	108	1428	3256	2616	246	544	0	72	0	118	234	0	306	3426	14370	8400	1914	14878	380	12746	0	318	1316	1576	0	196	0	176	0	0	328	0	0	0	108	116	0	0	0	0	0	0	0	0	0	0	0	0	0	0	0	0	0	0	0	0	0	0	0	0	0	0	
107132	Olfactory_L	0	0	0	84	4340	326	100	0	1130	0	68	0	0	0	4322	258	0	0	0	0	0	5370	0	92	782	642	4878	732	3846	314	3406	1290	0	0	0	0	428	0	1946	0	1544	0	0	0	0	0	0	0	0	0	0	0	0	0	176	0	0	0	0	0	0	0	0	0	0	0	0	0	0	0	6998	3584	4508	536	0	0	0	0	0	0	0	0	1866	0	0	0	0	0	0	0	0	0	0	0	0	0	0	0	0	0	0	0	0	0	0	0	0	0	0	0	0	0	0	0	0	0	
113732	Olfactory_R	0	0	0	294	76	3646	0	60	0	240	0	0	0	0	0	4444	0	0	0	0	5370	0	0	278	668	2692	1406	5502	0	4138	3206	3700	0	0	0	0	0	74	0	0	0	318	0	0	0	0	0	0	0	0	0	0	0	0	0	0	0	0	0	0	0	0	0	0	0	0	0	0	0	0	7058	7238	4442	1688	210	118	0	0	0	0	0	0	0	0	0	0	0	0	0	0	0	0	0	0	0	0	0	0	0	0	0	0	0	0	0	0	0	0	0	0	0	0	0	0	0	0	
286860	Frontal_Sup_Medial_L	0	0	36440	9856	2740	246	12368	584	316	0	0	84	180	0	144	138	0	0	7496	1662	0	0	0	22342	2810	898	0	0	566	64	12976	13644	1876	10342	0	0	0	0	0	0	0	0	0	0	0	0	0	0	0	0	0	0	0	0	0	0	0	0	0	0	0	0	0	0	0	0	0	0	0	0	726	610	3988	334	0	0	0	0	0	0	0	0	0	0	0	0	0	0	0	0	0	0	0	0	0	0	0	0	0	0	0	0	0	0	0	0	0	0	0	0	0	0	0	0	0	0	
298808	Frontal_Sup_Medial_R	0	0	4044	28888	62	3226	568	2678	0	0	0	1060	0	716	0	168	0	0	4148	7580	92	278	22342	0	1134	5668	74	774	0	1226	4300	27582	440	14124	0	0	0	60	0	0	0	0	0	0	0	0	0	0	0	0	0	0	0	0	0	0	0	0	0	0	0	0	0	0	0	0	0	0	0	0	88	9862	120	8102	0	0	0	0	0	0	0	0	0	0	0	0	0	0	0	0	0	0	0	0	0	0	0	0	0	0	0	0	0	0	0	0	0	0	0	0	0	0	0	0	0	0	
56936	Frontal_Med_Orb_L	0	0	1642	220	3500	1370	0	0	828	0	0	0	0	0	0	0	0	0	0	0	782	668	2810	1134	0	4154	2606	704	0	0	4672	1274	0	0	0	0	0	0	0	0	0	0	0	0	0	0	0	0	0	0	0	0	0	0	0	0	0	0	0	0	0	0	0	0	0	0	0	0	0	0	914	356	676	158	0	0	0	0	0	0	0	0	0	0	0	0	0	0	0	0	0	0	0	0	0	0	0	0	0	0	0	0	0	0	0	0	0	0	0	0	0	0	0	0	0	0	
98040	Frontal_Med_Orb_R	0	0	344	2862	146	7922	0	0	0	632	0	0	0	0	0	0	0	0	0	0	642	2692	898	5668	4154	0	588	6742	0	0	1984	5854	0	0	0	0	0	0	0	0	0	0	0	0	0	0	0	0	0	0	0	0	0	0	0	0	0	0	0	0	0	0	0	0	0	0	0	0	0	0	508	4642	276	2466	0	0	0	0	0	0	0	0	0	0	0	0	0	0	0	0	0	0	0	0	0	0	0	0	0	0	0	0	0	0	0	0	0	0	0	0	0	0	0	0	0	0	
66956	Rectus_L	0	0	0	64	6620	298	0	0	3116	0	0	0	0	0	2078	0	0	0	0	0	4878	1406	0	74	2606	588	0	880	516	0	3690	674	0	0	0	0	0	0	0	0	0	0	0	0	0	0	0	0	0	0	0	0	0	0	0	0	0	0	0	0	0	0	0	0	0	0	0	0	0	0	2596	886	2308	200	0	0	0	0	0	0	0	0	0	0	0	0	0	0	0	0	0	0	0	0	0	0	0	0	0	0	0	0	0	0	0	0	0	0	0	0	0	0	0	0	0	0	
68428	Rectus_R	0	0	0	634	112	7322	0	0	0	748	0	0	0	0	0	2334	0	0	0	0	732	5502	0	774	704	6742	880	0	0	1394	480	1458	0	0	0	0	0	0	0	0	0	0	0	0	0	0	0	0	0	0	0	0	0	0	0	0	0	0	0	0	0	0	0	0	0	0	0	0	0	0	534	2396	260	1208	0	0	0	0	0	0	0	0	0	0	0	0	0	0	0	0	0	0	0	0	0	0	0	0	0	0	0	0	0	0	0	0	0	0	0	0	0	0	0	0	0	0	
545924	Insula_L	10378	0	19364	98	8426	0	8824	0	7174	0	18892	164	23020	130	19162	2874	19920	0	10046	278	3846	0	566	0	0	0	516	0	0	192	2482	210	126	218	662	650	11578	136	3558	72	4144	0	66	0	0	0	246	0	360	0	2896	0	1568	0	4546	0	8880	0	1176	0	2068	0	3568	0	1116	0	1272	128	2222	0	6826	5730	24316	96	82	0	2022	76	5212	0	7446	0	8382	0	1220	0	114	0	3292	0	0	0	0	0	0	0	0	0	0	0	0	0	0	0	0	0	0	0	0	330	0	0	0	0	0	0	
384424	Insula_R	472	1454	264	12362	0	1228	188	6820	0	86	0	20082	220	14322	0	10326	0	15160	1062	12176	314	4138	64	1226	0	0	0	1394	192	0	198	2470	0	2148	0	60	0	10568	0	2716	0	426	0	130	0	0	0	150	0	62	0	0	0	82	0	5148	0	3358	0	1342	0	136	0	684	0	0	0	964	0	302	290	3728	0	25176	0	0	212	750	0	5732	0	13448	0	1740	0	2544	0	192	0	3906	0	0	0	0	0	0	0	0	0	0	0	0	0	0	0	0	0	0	0	0	0	0	0	0	0	0	
245116	Cingulum_Ant_L	96	68	11474	2394	2640	288	5910	426	236	0	392	248	2488	120	592	320	0	60	5792	2140	3406	3206	12976	4300	4672	1984	3690	480	2482	198	0	15214	6730	5536	726	0	0	0	0	0	0	0	0	0	0	0	0	0	0	0	0	0	0	0	0	0	0	0	0	0	0	0	0	0	0	0	268	0	152	0	7762	4194	7020	1878	0	0	0	0	0	0	0	0	0	0	0	0	0	0	0	0	0	0	0	0	0	0	0	0	0	0	0	0	0	0	0	0	0	0	0	0	0	0	0	0	0	0	
369216	Cingulum_Ant_R	0	530	1842	22036	0	994	674	2516	0	0	0	2450	210	1226	0	2254	0	328	6180	12230	1290	3700	13644	27582	1274	5854	674	1458	210	2470	15214	0	2638	22480	116	0	0	150	0	0	0	0	0	0	0	0	0	0	0	0	0	0	0	0	0	0	0	146	0	0	0	0	0	0	0	0	0	0	0	0	2618	17702	898	10698	0	162	0	160	0	0	0	0	0	0	0	0	0	0	0	0	0	0	0	0	0	0	0	0	0	0	0	0	0	0	0	0	0	0	0	0	0	0	0	0	0	0	
105556	Cingulum_Mid_L	192	0	1802	744	0	0	380	70	0	0	0	0	0	0	0	62	0	0	8776	2612	0	0	1876	440	0	0	0	0	126	0	6730	2638	0	7270	4200	952	0	0	0	0	0	0	408	128	776	324	0	70	550	64	576	0	0	0	0	222	0	0	1070	0	0	0	0	0	0	0	4740	1178	3426	0	86	172	118	0	0	0	0	0	0	0	0	0	0	0	0	0	0	0	0	0	0	0	0	0	0	0	0	0	0	0	0	0	0	0	0	0	0	0	0	0	0	0	0	0	0	0	
490756	Cingulum_Mid_R	11504	4016	4694	20254	70	0	554	3966	72	0	0	1574	106	682	62	554	0	588	21342	59284	0	0	10342	14124	0	0	0	0	218	2148	5536	22480	7270	0	1394	5462	0	236	0	0	0	0	60	2076	0	706	0	694	0	64	720	0	66	156	112	1148	2152	846	294	240	0	0	0	0	230	0	1118	7468	12772	6724	1800	2668	338	1684	0	0	1232	854	0	98	0	90	0	0	324	0	0	0	112	0	0	0	0	0	0	0	0	0	0	0	0	0	0	0	0	0	0	0	0	0	0	0	0	0	0	0	
136356	Cingulum_Post_L	2306	392	110	76	0	0	0	0	0	0	122	0	0	0	0	0	136	0	946	814	0	0	0	0	0	0	0	0	662	0	726	116	4200	1394	0	12796	4850	948	1890	218	0	0	3200	64	2670	144	1324	84	1404	0	1766	0	142	0	198	272	976	82	1518	0	0	0	0	0	230	0	8956	3798	4054	580	100	0	334	0	0	0	2588	0	178	0	0	0	0	0	324	0	0	0	240	0	0	0	0	0	0	0	0	0	0	0	0	0	0	0	0	0	0	0	0	0	250	0	0	0	0	0	
150976	Cingulum_Post_R	2336	840	272	366	0	0	74	0	0	0	96	0	0	0	0	0	108	0	570	1022	0	0	0	0	0	0	0	0	650	60	0	0	952	5462	12796	0	3642	4516	574	1002	0	0	84	1236	196	886	160	4062	0	76	0	0	0	154	176	3428	416	202	0	0	0	0	0	0	0	0	1448	13566	2646	1312	160	446	378	118	0	0	5002	1636	174	0	0	0	0	0	0	0	0	0	156	240	0	0	0	0	0	0	0	392	0	0	0	0	0	0	0	0	0	0	0	0	1400	0	0	0	0	0	
225456	Hippocampus_L	5298	0	664	0	0	0	476	0	0	0	1238	0	708	0	516	0	1854	0	194	0	428	0	0	0	0	0	0	0	11578	0	0	0	0	0	4850	3642	0	1000	16938	370	9588	0	1842	0	0	0	4080	180	0	0	306	0	0	0	13488	64	2498	0	88	0	62	0	120	0	70	0	3206	874	192	0	0	0	5856	0	202	0	2824	0	2410	0	2334	0	2108	0	1934	0	112	0	7368	0	0	0	0	0	0	84	348	0	0	0	0	0	0	0	0	0	0	0	66	670	0	0	0	0	0	0	
316032	Hippocampus_R	884	1992	72	3610	0	0	0	494	0	0	0	950	0	272	0	142	0	3324	222	1362	0	74	0	60	0	0	0	0	136	10568	0	150	0	236	948	4516	1000	0	424	32632	0	8602	0	222	0	0	124	4026	0	0	0	0	0	0	92	28908	72	2110	0	106	0	0	0	96	0	0	160	3034	62	74	92	440	114	17322	0	656	2260	5566	0	400	0	2742	0	2100	0	4422	0	114	60	6344	0	0	0	0	0	0	0	2924	0	150	0	0	0	0	0	0	0	0	0	0	554	0	0	0	0	0	
125752	ParaHippocampal_L	674	0	92	0	706	0	174	0	0	0	278	0	296	0	1184	0	154	0	0	0	1946	0	0	0	0	0	0	0	3558	0	0	0	0	0	1890	574	16938	424	0	166	4866	0	1672	0	0	0	3782	118	0	0	144	0	0	0	8736	0	192	0	0	0	0	0	0	0	0	0	2684	248	88	0	0	0	2000	0	0	0	302	0	254	0	386	0	3456	0	168	0	1476	0	1220	0	110	0	0	0	150	112	882	0	436	0	0	0	0	0	0	0	0	0	92	248	0	0	0	0	0	0	
219924	ParaHippocampal_R	228	484	0	2328	0	0	0	146	0	0	0	254	0	218	0	134	0	482	70	426	0	0	0	0	0	0	0	0	72	2716	0	0	0	0	218	1002	370	32632	166	0	0	8458	0	288	0	0	0	4424	0	0	0	0	0	0	0	23944	0	386	0	0	0	0	0	0	0	0	0	1122	0	0	0	330	106	8278	0	546	508	3468	0	0	0	848	0	4952	0	886	0	1962	0	2558	0	108	0	0	0	206	0	3906	0	260	0	0	0	0	0	0	0	0	0	132	340	0	0	0	0	0	
60712	Amygdala_L	90	0	0	0	598	0	90	0	0	0	158	0	0	0	1118	0	0	0	0	0	1544	0	0	0	0	0	0	0	4144	0	0	0	0	0	0	0	9588	0	4866	0	0	0	0	0	0	0	0	0	0	0	0	0	0	0	3670	0	0	0	0	0	0	0	0	0	0	0	0	0	0	0	0	0	1314	0	0	0	62	0	0	0	174	0	2216	0	0	0	324	0	400	0	0	0	0	0	0	0	0	0	0	0	0	0	0	0	0	0	0	0	0	0	0	0	0	0	0	0	
57460	Amygdala_R	0	0	0	92	0	0	0	0	0	0	0	0	0	0	0	110	0	0	0	0	0	318	0	0	0	0	0	0	0	426	0	0	0	0	0	0	0	8602	0	8458	0	0	0	0	0	0	0	0	0	0	0	0	0	0	0	4866	0	0	0	0	0	0	0	0	0	0	0	0	0	0	0	0	0	1980	0	0	0	90	0	0	0	0	0	3268	0	0	0	238	0	164	0	0	0	0	0	0	0	118	0	0	0	0	0	0	0	0	0	0	0	0	0	0	0	0	0	0	
238104	Calcarine_L	106	0	0	0	0	0	0	0	0	0	0	0	0	0	0	0	70	0	0	0	0	0	0	0	0	0	0	0	66	0	0	0	408	60	3200	84	1842	0	1672	0	0	0	0	8844	15000	5950	11566	2010	12508	3086	23028	1138	4026	468	1348	260	0	0	1774	0	66	0	0	0	580	70	15056	1008	266	0	0	0	0	0	0	0	0	0	0	0	0	0	0	0	2110	0	0	0	1382	0	0	0	0	0	0	0	0	0	0	0	0	0	0	0	0	0	0	0	0	0	0	0	0	0	0	0	
290872	Calcarine_R	120	1216	0	228	0	0	0	0	0	0	0	150	0	0	0	0	0	102	0	1364	0	0	0	0	0	0	0	0	0	130	0	0	128	2076	64	1236	0	222	0	288	0	0	8844	0	3766	21190	830	21764	518	15636	264	10660	0	5288	0	12948	0	2678	0	276	0	0	0	0	0	410	890	24764	278	5016	0	106	0	0	0	0	0	110	0	0	0	0	0	0	0	1000	0	0	0	516	0	0	0	0	0	0	0	186	0	0	0	0	0	0	0	0	0	0	0	0	174	0	0	0	0	0	
209588	Cuneus_L	0	0	0	0	0	0	0	0	0	0	0	0	0	0	0	0	0	0	0	0	0	0	0	0	0	0	0	0	0	0	0	0	776	0	2670	196	0	0	0	0	0	0	15000	3766	0	5528	2078	574	24360	2488	17756	710	1954	238	1144	132	0	0	4164	0	0	0	0	0	140	0	17468	1848	682	0	0	0	0	0	0	0	0	0	0	0	0	0	0	0	500	0	0	0	622	0	0	0	0	0	0	0	0	0	0	0	0	0	0	0	0	0	0	0	0	0	0	0	0	0	0	0	
264804	Cuneus_R	0	88	0	0	0	0	0	0	0	0	0	0	0	0	0	0	0	80	0	168	0	0	0	0	0	0	0	0	0	0	0	0	324	706	144	886	0	0	0	0	0	0	5950	21190	5528	0	138	6586	576	32886	246	10394	0	3848	0	4898	0	798	196	6396	0	156	0	330	0	1022	3638	23304	0	978	0	0	0	0	0	0	0	0	0	0	0	102	0	0	0	766	0	0	0	0	0	0	0	0	0	0	0	0	0	0	0	0	0	0	0	0	0	0	0	0	80	0	0	0	0	0	
332616	Lingual_L	302	0	0	0	0	0	0	0	0	0	82	0	0	0	0	0	0	0	0	0	0	0	0	0	0	0	0	0	246	0	0	0	0	0	1324	160	4080	124	3782	0	0	0	11566	830	2078	138	0	3400	3556	0	12316	70	5284	204	24774	1000	120	0	0	0	0	0	0	0	0	0	6274	84	0	0	0	0	250	0	0	0	776	0	0	0	0	0	0	0	296	0	0	0	274	0	10086	3534	1690	590	120	0	16414	2542	21732	5102	212	0	230	440	72	68	0	0	0	296	8702	7266	3018	148	98	558	
361748	Lingual_R	148	356	0	388	0	0	0	0	0	0	0	124	0	0	0	0	0	62	0	514	0	0	0	0	0	0	0	0	0	150	0	0	70	694	84	4062	180	4026	118	4424	0	0	2010	21764	574	6586	3400	0	70	4698	0	3856	0	6530	1890	32158	0	888	0	490	0	0	0	0	0	402	246	14120	0	1036	0	194	82	0	0	0	122	884	0	0	0	0	0	0	0	784	0	0	0	704	1442	11846	720	188	62	246	1878	10026	5344	12314	62	0	82	106	76	82	0	0	0	496	7240	7530	2056	102	88	0	
243536	Occipital_Sup_L	568	0	0	0	0	0	0	0	0	0	0	0	0	0	0	0	150	0	0	0	0	0	0	0	0	0	0	0	360	0	0	0	550	0	1404	0	0	0	0	0	0	0	12508	518	24360	576	3556	70	0	380	37326	158	2366	0	1566	0	572	0	11462	0	1130	0	1020	0	382	0	18872	430	184	0	0	0	0	0	0	0	0	0	62	0	232	0	0	0	608	0	0	0	398	0	0	0	0	0	0	0	0	0	0	0	0	0	0	0	0	0	0	0	0	0	0	0	0	0	0	0	
258964	Occipital_Sup_R	0	64	0	0	0	0	0	0	0	0	0	0	0	0	0	0	0	90	0	0	0	0	0	0	0	0	0	0	0	62	0	0	64	64	0	76	0	0	0	0	0	0	3086	15636	2488	32886	0	4698	380	0	220	17044	0	4348	0	4192	0	464	196	10230	0	1300	0	1324	0	5420	2874	19214	0	370	0	0	0	0	0	0	0	0	0	0	0	242	0	0	0	2314	0	0	0	136	0	0	0	0	0	0	0	0	0	0	0	0	0	0	0	0	0	0	0	0	0	0	0	0	0	0	
558804	Occipital_Mid_L	7814	0	406	0	0	0	102	0	0	0	1190	0	0	0	0	0	1516	0	110	716	0	0	0	0	0	0	0	0	2896	0	0	0	576	720	1766	0	306	0	144	0	0	0	23028	264	17756	246	12316	0	37326	220	0	108	15450	0	5226	0	8350	0	31256	0	13612	0	4892	0	24144	0	37598	202	2716	62	82	0	0	0	0	0	130	0	286	0	874	0	0	0	19718	0	0	0	5278	0	0	0	0	0	0	0	0	0	0	0	0	0	0	0	0	0	0	0	0	0	0	0	0	0	0	0	
160140	Occipital_Mid_R	0	0	0	0	0	0	0	0	0	0	0	0	0	0	0	0	0	0	0	0	0	0	0	0	0	0	0	0	0	0	0	0	0	0	0	0	0	0	0	0	0	0	1138	10660	710	10394	70	3856	158	17044	108	0	0	3852	0	2882	0	0	114	1356	0	1304	0	94	0	10382	1078	4598	0	0	0	0	0	0	0	0	0	0	0	0	0	84	0	0	0	9500	0	0	0	688	0	0	0	0	0	0	0	0	0	0	0	0	0	0	0	0	0	0	0	0	0	0	0	0	0	0	
108408	Occipital_Inf_L	636	0	0	0	0	0	0	0	0	0	192	0	0	0	0	0	1012	0	0	64	0	0	0	0	0	0	0	0	1568	0	0	0	0	66	142	0	0	0	0	0	0	0	4026	0	1954	0	5284	0	2366	0	15450	0	0	0	4842	0	208	0	96	0	848	0	836	0	330	0	1572	0	68	0	0	0	0	0	0	0	0	0	254	0	110	0	0	0	2706	0	0	0	8542	0	228	86	0	0	0	0	0	0	366	104	0	0	0	0	0	0	0	0	0	0	0	164	84	0	0	0	
110248	Occipital_Inf_R	0	104	0	102	0	0	0	0	0	0	0	0	0	0	0	0	0	0	0	152	0	0	0	0	0	0	0	0	0	82	0	0	0	156	0	154	0	0	0	0	0	0	468	5288	238	3848	204	6530	0	4348	0	3852	0	0	0	11558	0	352	0	1256	0	122	0	152	0	1346	350	4028	0	286	0	0	0	0	0	0	0	0	0	0	0	98	0	0	0	3688	0	0	0	3838	0	204	0	0	0	0	0	102	452	554	0	0	0	0	0	0	0	0	0	0	108	884	220	0	0	0	
483116	Fusiform_L	808	0	64	0	0	0	0	0	0	0	342	0	70	0	204	0	1098	0	0	108	176	0	0	0	0	0	0	0	4546	0	0	0	0	112	198	176	13488	92	8736	0	3670	0	1348	0	1144	0	24774	1890	1566	0	5226	0	4842	0	0	652	558	0	66	0	1384	0	1622	0	700	0	3016	60	246	0	0	0	1194	0	0	0	222	0	1740	0	3738	0	4298	0	6352	0	2930	0	21238	0	26296	3496	3626	590	252	0	17392	1908	38270	4306	1626	0	2602	332	1260	80	0	0	0	94	5438	5516	2912	458	220	190	
606636	Fusiform_R	238	1386	0	1412	0	0	0	84	0	0	0	540	0	0	0	294	0	834	0	1428	0	0	0	0	0	0	0	0	0	5148	0	0	222	1148	272	3428	64	28908	0	23944	0	4866	260	12948	132	4898	1000	32158	0	4192	0	2882	0	11558	652	0	0	2262	0	1774	0	334	0	886	0	1884	592	15154	194	1746	0	90	0	6042	0	96	228	1778	0	288	0	3496	0	8938	0	9732	0	4434	0	20164	564	20626	346	2694	136	488	1408	13784	2272	21914	80	176	80	2654	92	210	0	0	0	658	4920	3610	1182	192	150	74	
260368	Postcentral_L	30216	0	728	610	0	0	396	0	0	0	4032	0	288	0	0	0	11772	0	224	3256	0	0	0	0	0	0	0	0	8880	0	0	0	0	2152	976	416	2498	72	192	0	0	0	0	0	0	0	120	0	572	0	8350	0	208	0	558	0	0	0	8040	0	11864	0	7960	0	2648	0	5892	132	6936	134	140	0	1592	0	126	0	826	0	2488	0	2304	0	0	0	1848	0	0	0	564	0	0	0	0	0	0	0	0	0	0	0	0	0	0	0	0	0	0	0	0	174	0	0	0	0	0	0	
185288	Postcentral_R	140	10598	0	1164	0	0	0	62	0	0	0	1982	0	0	0	0	0	8376	158	2616	0	0	0	0	0	0	0	0	0	3358	0	146	0	846	82	202	0	2110	0	386	0	0	0	2678	0	798	0	888	0	464	0	0	0	352	0	2262	0	0	0	9196	0	7024	0	10672	0	1278	0	11258	68	7072	112	192	0	1706	0	0	0	916	0	984	0	1208	0	0	0	806	0	0	0	484	0	0	0	0	0	0	0	0	0	0	0	0	0	0	0	0	0	0	0	0	0	0	0	0	0	0	
242828	Parietal_Sup_L	3742	0	310	0	0	0	72	0	0	0	582	0	0	0	0	0	658	0	116	246	0	0	0	0	0	0	0	0	1176	0	0	0	1070	294	1518	0	88	0	0	0	0	0	1774	0	4164	196	0	0	11462	196	31256	114	96	0	66	0	8040	0	0	0	9910	0	1758	0	5128	0	33410	304	2246	0	0	0	0	0	0	0	100	0	166	0	388	0	0	0	562	0	0	0	206	0	0	0	0	0	0	0	0	0	0	0	0	0	0	0	0	0	0	0	0	0	0	0	0	0	0	0	
167192	Parietal_Sup_R	0	1000	0	340	0	0	0	0	0	0	0	362	0	0	0	0	0	1800	0	544	0	0	0	0	0	0	0	0	0	1342	0	0	0	240	0	0	0	106	0	0	0	0	0	276	0	6396	0	490	0	10230	0	1356	0	1256	0	1774	0	9196	0	0	0	6182	0	5876	0	3236	520	18642	0	3066	0	0	0	0	0	0	0	0	0	288	0	1660	0	0	0	4562	0	0	0	2856	0	0	0	0	0	0	0	0	0	0	0	0	0	0	0	0	0	0	0	0	0	0	0	0	0	0	
178520	Parietal_Inf_L	1730	0	144	0	0	0	0	0	0	0	196	0	0	0	0	0	1694	0	0	0	0	0	0	0	0	0	0	0	2068	0	0	0	0	0	0	0	62	0	0	0	0	0	66	0	0	0	0	0	1130	0	13612	0	848	0	1384	0	11864	0	9910	0	0	0	14432	0	18942	0	4174	0	1340	0	0	0	0	0	0	0	0	0	98	0	1216	0	0	0	2538	0	0	0	1812	0	0	0	0	0	0	0	0	0	0	0	0	0	0	0	0	0	0	0	0	0	0	0	0	0	0	0	
80956	Parietal_Inf_R	0	526	0	64	0	0	0	0	0	0	0	98	0	0	0	0	0	156	0	72	0	0	0	0	0	0	0	0	0	136	0	0	0	0	0	0	0	0	0	0	0	0	0	0	0	156	0	0	0	1300	0	1304	0	122	0	334	0	7024	0	6182	0	0	0	13516	0	6956	0	1028	0	210	0	0	0	0	0	0	0	0	0	0	0	164	0	0	0	780	0	0	0	350	0	0	0	0	0	0	0	0	0	0	0	0	0	0	0	0	0	0	0	0	0	0	0	0	0	0	
127432	SupraMarginal_L	986	0	0	0	0	0	0	0	0	0	0	0	0	0	0	0	6408	0	0	0	0	0	0	0	0	0	0	0	3568	0	0	0	0	0	0	0	120	0	0	0	0	0	0	0	0	0	0	0	1020	0	4892	0	836	0	1622	0	7960	0	1758	0	14432	0	0	0	8216	0	1764	0	344	0	0	0	0	0	0	0	0	0	212	0	3970	0	0	0	3516	0	0	0	2092	0	0	0	0	0	0	0	0	0	0	0	0	0	0	0	0	0	0	0	0	0	0	0	0	0	0	0	
110932	SupraMarginal_R	0	1152	0	112	0	0	0	0	0	0	0	204	0	0	0	0	0	3420	0	118	0	0	0	0	0	0	0	0	0	684	0	0	0	0	0	0	0	96	0	0	0	0	0	0	0	330	0	0	0	1324	0	94	0	152	0	886	0	10672	0	5876	0	13516	0	0	0	4614	0	1906	0	426	0	0	0	0	0	0	0	124	0	156	0	3044	0	0	0	3478	0	0	0	3082	0	0	0	0	0	0	0	0	0	0	0	0	0	0	0	0	0	0	0	0	0	0	0	0	0	0	
174680	Angular_L	2354	0	0	0	0	0	0	0	0	0	170	0	0	0	0	0	1004	0	0	234	0	0	0	0	0	0	0	0	1116	0	0	0	0	230	230	0	70	0	0	0	0	0	580	0	140	0	0	0	382	0	24144	0	330	0	700	0	2648	0	5128	0	18942	0	8216	0	0	0	3506	0	260	0	0	0	0	0	0	0	0	0	122	0	2526	0	0	0	13146	0	0	0	1162	0	0	0	0	0	0	0	0	0	0	0	0	0	0	0	0	0	0	0	0	0	0	0	0	0	0	0	
87440	Angular_R	0	80	0	0	0	0	0	0	0	0	0	0	0	0	0	0	0	0	0	0	0	0	0	0	0	0	0	0	0	0	0	0	0	0	0	0	0	0	0	0	0	0	70	410	0	1022	0	402	0	5420	0	10382	0	1346	0	1884	0	1278	0	3236	0	6956	0	4614	0	0	0	746	0	82	0	0	0	0	0	0	0	0	0	0	0	1720	0	0	0	4072	0	0	0	0	0	0	0	0	0	0	0	0	0	0	0	0	0	0	0	0	0	0	0	0	0	0	0	0	0	0	
409320	Precuneus_L	3852	0	312	0	0	0	74	0	0	0	612	0	0	0	0	0	742	0	610	306	0	0	0	0	0	0	0	0	1272	0	268	0	4740	1118	8956	1448	3206	160	2684	0	0	0	15056	890	17468	3638	6274	246	18872	2874	37598	1078	1572	350	3016	592	5892	0	33410	520	4174	0	1764	0	3506	0	0	8186	3196	142	0	0	0	0	0	0	98	0	190	0	390	0	0	0	2308	0	0	0	844	0	0	0	0	0	0	0	0	0	156	0	0	0	0	0	0	0	0	0	0	0	0	0	0	0	0	0	
440108	Precuneus_R	894	2722	124	516	0	0	0	0	0	0	0	276	0	0	0	0	0	1238	100	3426	0	0	0	0	0	0	0	0	128	964	0	0	1178	7468	3798	13566	874	3034	248	1122	0	0	1008	24764	1848	23304	84	14120	430	19214	202	4598	0	4028	60	15154	132	11258	304	18642	0	1028	0	1906	0	746	8186	0	594	13136	0	476	116	0	0	0	900	538	0	164	0	1056	0	0	0	4442	0	0	0	3332	0	0	0	0	0	0	0	1168	0	0	0	0	0	0	0	0	0	0	0	0	1440	0	0	0	0	0	
223992	Paracentral_Lobule_L	13820	1402	4396	1594	170	0	716	288	210	0	244	0	334	0	260	0	988	0	10046	14370	0	0	0	0	0	0	0	0	2222	0	152	0	3426	12772	4054	2646	192	62	88	0	0	0	266	278	682	0	0	0	184	0	2716	0	68	0	246	194	6936	68	2246	0	1340	0	344	0	260	0	3196	594	0	3464	2224	260	4746	0	1586	0	3918	100	206	0	460	0	182	0	506	0	0	0	274	0	0	0	0	0	0	0	0	0	0	0	0	0	0	0	0	0	0	0	0	0	0	0	0	0	0	0	
126064	Paracentral_Lobule_R	130	5174	0	148	0	0	0	0	0	0	0	92	0	0	0	0	0	334	322	8400	0	0	0	0	0	0	0	0	0	302	0	0	0	6724	580	1312	0	74	0	0	0	0	0	5016	0	978	0	1036	0	370	62	0	0	286	0	1746	134	7072	0	3066	0	210	0	426	0	82	142	13136	3464	0	0	514	0	0	0	0	0	474	0	0	0	250	0	0	0	570	0	0	0	406	0	0	0	0	0	0	0	0	0	0	0	0	0	0	0	0	0	0	0	0	0	0	0	0	0	0	
266732	Caudate_L	4140	230	4482	416	4770	282	3480	92	4994	0	416	96	6636	162	4340	1142	0	86	2550	1914	6998	7058	726	88	914	508	2596	534	6826	290	7762	2618	86	1800	100	160	0	92	0	0	0	0	0	0	0	0	0	0	0	0	82	0	0	0	0	0	140	112	0	0	0	0	0	0	0	0	0	0	2224	0	0	17106	21474	1810	1856	540	7040	1504	0	0	0	0	94	0	0	0	0	0	0	0	0	0	0	0	0	0	0	0	0	0	0	0	0	0	0	0	0	0	0	0	0	0	0	0	0	0	
439036	Caudate_R	778	1498	2538	23366	574	4496	1298	2222	674	610	658	2370	5080	3658	2178	9278	0	296	5674	14878	3584	7238	610	9862	356	4642	886	2396	5730	3728	4194	17702	172	2668	0	446	0	440	0	330	0	0	0	106	0	0	0	194	0	0	0	0	0	0	0	90	0	192	0	0	0	0	0	0	0	0	0	476	260	514	17106	0	6278	29810	682	1514	1616	13508	0	0	0	0	64	0	0	0	0	0	0	0	0	0	0	0	0	0	0	0	0	0	0	0	0	0	0	0	0	0	0	0	0	0	0	0	0	0	
361724	Putamen_L	10596	0	13310	170	10360	128	5992	0	6528	0	3862	0	4814	0	9212	70	1030	0	3546	380	4508	4442	3988	120	676	276	2308	260	24316	0	7020	898	118	338	334	378	5856	114	2000	106	1314	0	0	0	0	0	250	82	0	0	0	0	0	0	1194	0	1592	0	0	0	0	0	0	0	0	0	0	116	4746	0	21474	6278	0	362	5964	206	2998	148	236	0	1638	0	3350	0	0	0	0	0	418	0	0	0	0	0	0	0	0	0	0	0	0	0	0	0	0	0	0	0	0	442	0	0	0	0	0	0	
401212	Putamen_R	0	1286	244	19150	0	2822	128	6234	0	354	0	9306	100	6768	0	3884	0	4572	3212	12746	536	1688	334	8102	158	2466	200	1208	96	25176	1878	10698	0	1684	0	118	0	17322	0	8278	0	1980	0	0	0	0	0	0	0	0	0	0	0	0	0	6042	0	1706	0	0	0	0	0	0	0	0	0	0	0	0	1810	29810	362	0	0	1908	112	2638	0	284	0	1050	0	278	0	546	0	0	0	1006	0	0	0	0	0	0	0	264	0	62	0	0	0	0	0	0	0	0	0	0	0	0	0	0	0	0	
33036	Pallidum_L	3296	0	1006	0	0	0	128	0	0	0	0	0	0	0	0	0	0	0	178	0	0	210	0	0	0	0	0	0	82	0	0	0	0	0	0	0	202	0	0	0	0	0	0	0	0	0	0	0	0	0	0	0	0	0	0	0	126	0	0	0	0	0	0	0	0	0	0	0	1586	0	1856	682	5964	0	0	0	1202	0	0	0	0	0	0	0	0	0	0	0	0	0	0	0	0	0	0	0	0	0	0	0	0	0	0	0	0	0	0	0	0	0	0	0	0	0	0	0	
15380	Pallidum_R	0	386	0	738	0	0	0	204	0	0	0	162	0	0	0	0	0	136	0	318	0	118	0	0	0	0	0	0	0	0	0	162	0	0	0	0	0	656	0	546	0	0	0	0	0	0	0	0	0	0	0	0	0	0	0	96	0	0	0	0	0	0	0	0	0	0	0	0	0	0	540	1514	206	1908	0	0	0	0	0	0	0	0	0	0	0	0	0	0	0	0	0	0	0	0	0	0	0	0	0	0	0	0	0	0	0	0	0	0	0	0	0	0	0	0	0	0	
129356	Thalamus_L	12452	924	2878	272	586	0	350	314	658	0	170	0	296	142	692	180	100	0	1130	1316	0	0	0	0	0	0	0	0	2022	212	0	0	0	1232	2588	5002	2824	2260	302	508	62	0	0	0	0	0	776	122	0	0	130	0	0	0	222	228	826	0	100	0	0	0	0	0	0	0	98	900	3918	0	7040	1616	2998	112	1202	0	0	4236	94	0	82	0	0	0	0	0	0	0	262	0	0	0	0	0	0	0	0	0	0	0	0	0	0	0	0	0	0	0	0	244	0	0	0	0	0	0	
144508	Thalamus_R	74	6064	134	22366	242	0	90	280	248	0	0	220	256	0	210	0	0	562	106	1576	0	0	0	0	0	0	0	0	76	750	0	160	0	854	0	1636	0	5566	0	3468	0	90	0	110	0	0	0	884	0	0	0	0	0	0	0	1778	0	916	0	0	0	0	0	124	0	0	0	538	100	474	1504	13508	148	2638	0	0	4236	0	0	0	0	0	0	0	0	0	0	0	0	0	0	0	0	0	0	0	0	268	0	0	0	0	0	0	0	0	0	0	0	0	0	0	0	0	0	0	
54008	Heschl_L	1484	0	68	0	0	0	198	0	0	0	530	0	128	0	0	0	4622	0	0	0	0	0	0	0	0	0	0	0	5212	0	0	0	0	0	178	174	2410	0	254	0	0	0	0	0	0	0	0	0	62	0	286	0	254	0	1740	0	2488	0	166	0	98	0	212	0	122	0	190	0	206	0	0	0	236	0	0	0	94	0	0	0	2500	0	0	0	1044	0	0	0	2048	0	0	0	0	0	0	0	0	0	0	0	0	0	0	0	0	0	0	0	0	0	0	0	0	0	0	0	
52620	Heschl_R	0	678	0	308	0	0	0	96	0	0	0	500	0	0	0	0	0	5416	0	196	0	0	0	0	0	0	0	0	0	5732	0	0	0	98	0	0	0	400	0	0	0	0	0	0	0	0	0	0	0	0	0	0	0	0	0	288	0	984	0	288	0	0	0	156	0	0	0	164	0	0	0	0	0	284	0	0	0	0	0	0	0	8488	0	90	0	1684	0	0	0	460	0	0	0	0	0	0	0	0	0	0	0	0	0	0	0	0	0	0	0	0	0	0	0	0	0	0	
161736	Temporal_Sup_L	1028	0	660	0	0	0	176	0	0	0	1750	0	246	0	0	0	6774	0	350	0	0	0	0	0	0	0	0	0	7446	0	0	0	0	0	0	0	2334	0	386	0	174	0	0	0	0	0	0	0	232	0	874	0	110	0	3738	0	2304	0	388	0	1216	0	3970	0	2526	0	390	0	460	0	0	0	1638	0	0	0	82	0	2500	0	0	0	6082	0	20982	0	0	0	12052	0	0	0	0	0	0	0	0	0	0	0	0	0	0	0	0	0	0	0	0	0	0	0	0	0	0	0	
155452	Temporal_Sup_R	0	408	0	386	0	0	0	0	0	0	0	428	0	0	0	1360	0	8252	0	176	0	0	0	0	0	0	0	0	0	13448	0	0	0	90	0	0	0	2742	0	848	0	0	0	0	0	102	0	0	0	242	0	84	0	98	0	3496	0	1208	0	1660	0	164	0	3044	0	1720	0	1056	0	250	0	0	0	1050	0	0	0	0	0	8488	0	0	0	2394	0	16398	0	652	0	7482	0	0	0	0	0	0	0	0	0	0	0	0	0	0	0	0	0	0	0	0	0	0	0	0	0	0	
128164	Temporal_Pole_Sup_L	370	0	574	0	968	0	204	0	0	0	2290	0	536	0	3096	0	1110	0	370	0	1866	0	0	0	0	0	0	0	8382	0	0	0	0	0	0	0	2108	0	3456	0	2216	0	0	0	0	0	0	0	0	0	0	0	0	0	4298	0	0	0	0	0	0	0	0	0	0	0	0	0	182	0	94	64	3350	0	0	0	0	0	0	0	6082	0	0	0	8388	0	6938	0	7140	0	0	0	0	0	0	0	0	0	0	0	0	0	0	0	0	0	0	0	0	0	0	0	0	0	0	0	
70720	Temporal_Pole_Sup_R	0	0	0	0	0	0	0	0	0	0	0	152	0	0	0	2124	0	648	0	0	0	0	0	0	0	0	0	0	0	1740	0	0	0	0	0	0	0	2100	0	4952	0	3268	0	0	0	0	0	0	0	0	0	0	0	0	0	8938	0	0	0	0	0	0	0	0	0	0	0	0	0	0	0	0	0	278	0	0	0	0	0	90	0	2394	0	0	0	804	0	5068	0	2636	0	0	0	0	0	0	0	168	0	0	0	0	0	0	0	0	0	0	0	0	0	0	0	0	0	0	
274568	Temporal_Mid_L	2458	0	158	0	0	0	0	0	0	0	396	0	0	0	60	0	818	0	0	328	0	0	0	0	0	0	0	0	1220	0	0	0	0	324	324	0	1934	0	168	0	0	0	2110	0	500	0	296	0	608	0	19718	0	2706	0	6352	0	1848	0	562	0	2538	0	3516	0	13146	0	2308	0	506	0	0	0	0	0	0	0	0	0	1044	0	20982	0	8388	0	0	0	5592	0	36376	0	0	0	0	0	0	0	0	0	0	0	0	0	0	0	0	0	0	0	0	0	0	0	0	0	0	0	
207260	Temporal_Mid_R	0	232	0	216	0	0	0	0	0	0	0	106	0	0	0	86	0	800	0	0	0	0	0	0	0	0	0	0	0	2544	0	0	0	0	0	0	0	4422	0	886	0	0	0	1000	0	766	0	784	0	2314	0	9500	0	3688	0	9732	0	806	0	4562	0	780	0	3478	0	4072	0	4442	0	570	0	0	0	546	0	0	0	0	0	1684	0	16398	0	804	0	0	0	2976	0	25436	0	0	0	0	0	0	0	0	0	0	0	0	0	0	0	0	0	0	0	0	0	0	0	0	0	0	
46300	Temporal_Pole_Mid_L	0	0	0	0	0	0	0	0	0	0	0	0	0	0	70	0	0	0	0	0	0	0	0	0	0	0	0	0	114	0	0	0	0	0	0	0	112	0	1476	0	324	0	0	0	0	0	0	0	0	0	0	0	0	0	2930	0	0	0	0	0	0	0	0	0	0	0	0	0	0	0	0	0	0	0	0	0	0	0	0	0	0	0	6938	0	5592	0	0	0	5594	0	0	0	0	0	0	0	0	0	0	0	0	0	0	0	0	0	0	0	0	0	0	0	0	0	0	0	
41612	Temporal_Pole_Mid_R	0	0	0	0	0	0	0	0	0	0	0	0	0	0	0	112	0	0	0	0	0	0	0	0	0	0	0	0	0	192	0	0	0	0	0	0	0	114	0	1962	0	238	0	0	0	0	0	0	0	0	0	0	0	0	0	4434	0	0	0	0	0	0	0	0	0	0	0	0	0	0	0	0	0	0	0	0	0	0	0	0	0	652	0	5068	0	2976	0	0	0	5058	0	0	0	0	0	0	0	0	0	0	0	0	0	0	0	0	0	0	0	0	0	0	0	0	0	0	
263684	Temporal_Inf_L	1328	0	106	0	0	0	0	0	0	0	368	0	0	0	0	0	1576	0	0	108	0	0	0	0	0	0	0	0	3292	0	0	0	0	112	240	156	7368	60	1220	0	400	0	1382	0	622	0	274	0	398	0	5278	0	8542	0	21238	0	564	0	206	0	1812	0	2092	0	1162	0	844	0	274	0	0	0	418	0	0	0	262	0	2048	0	12052	0	7140	0	36376	0	5594	0	0	0	3868	0	662	0	96	0	516	0	1320	0	392	0	76	0	0	0	0	0	0	0	0	0	0	0	0	0	
189736	Temporal_Inf_R	0	204	0	208	0	0	0	0	0	0	0	80	0	0	0	0	0	880	0	116	0	0	0	0	0	0	0	0	0	3906	0	0	0	0	0	240	0	6344	0	2558	0	164	0	516	0	0	0	704	0	136	0	688	0	3838	0	20164	0	484	0	2856	0	350	0	3082	0	0	0	3332	0	406	0	0	0	1006	0	0	0	0	0	460	0	7482	0	2636	0	25436	0	5058	0	0	0	790	0	62	0	0	0	308	0	374	0	0	0	0	0	0	0	0	0	0	0	0	0	0	0	0	
551564	Cerebelum_Crus1_L	0	0	0	0	0	0	0	0	0	0	0	0	0	0	0	0	0	0	0	0	0	0	0	0	0	0	0	0	0	0	0	0	0	0	0	0	0	0	110	0	0	0	0	0	0	0	10086	1442	0	0	0	0	228	0	26296	564	0	0	0	0	0	0	0	0	0	0	0	0	0	0	0	0	0	0	0	0	0	0	0	0	0	0	0	0	0	0	0	0	3868	0	0	5690	49768	7668	1864	556	13354	3052	47626	5928	25488	2024	19242	6094	2256	2082	172	352	494	1770	6744	6856	14766	5522	3326	494	
532316	Cerebelum_Crus1_R	0	0	0	0	0	0	0	0	0	0	0	0	0	0	0	0	0	0	0	0	0	0	0	0	0	0	0	0	0	0	0	0	0	0	0	0	0	0	0	108	0	0	0	0	0	0	3534	11846	0	0	0	0	86	204	3496	20626	0	0	0	0	0	0	0	0	0	0	0	0	0	0	0	0	0	0	0	0	0	0	0	0	0	0	0	0	0	0	0	0	0	790	5690	0	4720	36112	194	2140	3134	24178	10042	58884	636	4768	712	18122	128	2476	0	120	152	1864	11448	16718	17234	2534	2020	1442	
399748	Cerebelum_Crus2_L	0	0	0	0	0	0	0	0	0	0	0	0	0	0	0	0	0	0	0	0	0	0	0	0	0	0	0	0	0	0	0	0	0	0	0	0	0	0	0	0	0	0	0	0	0	0	1690	720	0	0	0	0	0	0	3626	346	0	0	0	0	0	0	0	0	0	0	0	0	0	0	0	0	0	0	0	0	0	0	0	0	0	0	0	0	0	0	0	0	662	0	49768	4720	0	12236	948	456	3440	1618	14020	4232	30980	5222	22360	6398	2060	1466	150	368	206	1236	3450	4778	14394	5832	2194	298	
340460	Cerebelum_Crus2_R	0	0	0	0	0	0	0	0	0	0	0	0	0	0	0	0	0	0	0	0	0	0	0	0	0	0	0	0	0	0	0	0	0	0	0	0	0	0	0	0	0	0	0	0	0	0	590	188	0	0	0	0	0	0	590	2694	0	0	0	0	0	0	0	0	0	0	0	0	0	0	0	0	0	0	0	0	0	0	0	0	0	0	0	0	0	0	0	0	0	62	7668	36112	12236	0	128	1744	752	7934	2738	17244	3546	18434	2742	26742	0	2680	0	178	162	1404	1660	2628	12984	3704	1938	748	
56836	Cerebelum_3_L	0	0	0	0	0	0	0	0	0	0	0	0	0	0	0	0	0	0	0	0	0	0	0	0	0	0	0	0	0	0	0	0	0	0	0	0	0	0	150	0	0	0	0	0	0	0	120	62	0	0	0	0	0	0	252	136	0	0	0	0	0	0	0	0	0	0	0	0	0	0	0	0	0	0	0	0	0	0	0	0	0	0	0	0	0	0	0	0	96	0	1864	194	948	128	0	144	5862	214	2474	240	324	0	1554	506	1686	882	0	0	1490	3858	1196	236	858	1538	1174	232	
67000	Cerebelum_3_R	0	0	0	0	0	0	0	0	0	0	0	0	0	0	0	0	0	0	0	0	0	0	0	0	0	0	0	0	0	0	0	0	0	0	0	0	84	0	112	206	0	0	0	0	0	0	0	246	0	0	0	0	0	0	0	488	0	0	0	0	0	0	0	0	0	0	0	0	0	0	0	0	0	0	0	0	0	0	0	0	0	0	0	0	0	0	0	0	0	0	556	2140	456	1744	144	0	446	5670	102	4964	482	122	492	1906	0	794	0	0	812	5048	2284	442	972	1420	1238	130	
321212	Cerebelum_4_5_L	0	0	0	0	0	0	0	0	0	0	0	0	0	0	0	0	0	0	0	0	0	0	0	0	0	0	0	0	0	0	0	0	0	0	0	0	348	0	882	0	0	0	0	0	0	0	16414	1878	0	0	0	0	0	0	17392	1408	0	0	0	0	0	0	0	0	0	0	0	0	0	0	0	0	0	0	0	0	0	0	0	0	0	0	0	0	0	0	0	0	516	0	13354	3134	3440	752	5862	446	0	4818	30422	5346	2496	98	5890	2140	5770	1390	0	0	588	3784	17168	4554	2634	3450	2426	1806	
338480	Cerebelum_4_5_R	0	0	0	0	0	0	0	0	0	0	0	0	0	0	0	0	0	0	0	0	0	0	0	0	0	0	0	0	0	0	0	0	0	0	0	392	0	2924	0	3906	0	118	0	186	0	0	2542	10026	0	0	0	0	0	102	1908	13784	0	0	0	0	0	0	0	0	0	0	0	1168	0	0	0	0	0	264	0	0	0	268	0	0	0	0	0	168	0	0	0	0	0	308	3052	24178	1618	7934	214	5670	4818	0	4622	37332	652	554	800	5192	116	808	0	100	134	4112	18144	5554	3194	1176	844	358	
512800	Cerebelum_6_L	0	0	0	0	0	0	0	0	0	0	0	0	0	0	0	0	0	0	0	0	0	0	0	0	0	0	0	0	0	0	0	0	0	0	0	0	0	0	436	0	0	0	0	0	0	0	21732	5344	0	0	0	0	366	452	38270	2272	0	0	0	0	0	0	0	0	0	0	156	0	0	0	0	0	0	0	0	0	0	0	0	0	0	0	0	0	0	0	0	0	1320	0	47626	10042	14020	2738	2474	102	30422	4622	0	12124	4628	274	6782	1582	2710	684	84	0	212	1444	12966	15908	10244	2120	1326	918	
540900	Cerebelum_6_R	0	0	0	0	0	0	0	0	0	0	0	0	0	0	0	0	0	0	0	0	0	0	0	0	0	0	0	0	0	0	0	0	0	0	0	0	0	150	0	260	0	0	0	0	0	0	5102	12314	0	0	0	0	104	554	4306	21914	0	0	0	0	0	0	0	0	0	0	0	0	0	0	0	0	0	62	0	0	0	0	0	0	0	0	0	0	0	0	0	0	0	374	5928	58884	4232	17244	240	4964	5346	37332	12124	0	346	1192	572	11230	114	1932	0	200	134	3684	19692	20454	13712	2156	1870	1728	
287196	Cerebelum_7b_L	0	0	0	0	0	0	0	0	0	0	0	0	0	0	0	0	0	0	0	0	0	0	0	0	0	0	0	0	0	0	0	0	0	0	0	0	0	0	0	0	0	0	0	0	0	0	212	62	0	0	0	0	0	0	1626	80	0	0	0	0	0	0	0	0	0	0	0	0	0	0	0	0	0	0	0	0	0	0	0	0	0	0	0	0	0	0	0	0	392	0	25488	636	30980	3546	324	482	2496	652	4628	346	0	2414	33694	5934	5598	2100	1134	418	362	992	1250	164	6662	7556	3026	344	
143500	Cerebelum_7b_R	0	0	0	0	0	0	0	0	0	0	0	0	0	0	0	0	0	0	0	0	0	0	0	0	0	0	0	0	0	0	0	0	0	0	0	0	0	0	0	0	0	0	0	0	0	0	0	0	0	0	0	0	0	0	0	176	0	0	0	0	0	0	0	0	0	0	0	0	0	0	0	0	0	0	0	0	0	0	0	0	0	0	0	0	0	0	0	0	0	0	2024	4768	5222	18434	0	122	98	554	274	1192	2414	0	1560	23538	0	3540	0	0	0	174	212	240	3338	3092	678	100	
337804	Cerebelum_8_L	0	0	0	0	0	0	0	0	0	0	0	0	0	0	0	0	0	0	0	0	0	0	0	0	0	0	0	0	0	0	0	0	0	0	0	0	0	0	0	0	0	0	0	0	0	0	230	82	0	0	0	0	0	0	2602	80	0	0	0	0	0	0	0	0	0	0	0	0	0	0	0	0	0	0	0	0	0	0	0	0	0	0	0	0	0	0	0	0	76	0	19242	712	22360	2742	1554	492	5890	800	6782	572	33694	1560	0	7586	22860	4360	3246	430	424	1224	1828	376	6632	12558	6486	1422	
360636	Cerebelum_8_R	0	0	0	0	0	0	0	0	0	0	0	0	0	0	0	0	0	0	0	0	0	0	0	0	0	0	0	0	0	0	0	0	0	0	0	0	0	0	0	0	0	0	0	0	0	0	440	106	0	0	0	0	0	0	332	2654	0	0	0	0	0	0	0	0	0	0	0	0	0	0	0	0	0	0	0	0	0	0	0	0	0	0	0	0	0	0	0	0	0	0	6094	18122	6398	26742	506	1906	2140	5192	1582	11230	5934	23538	7586	0	570	20068	0	1470	612	2896	3452	1340	8802	12670	6892	1044	
121492	Cerebelum_9_L	0	0	0	0	0	0	0	0	0	0	0	0	0	0	0	0	0	0	0	0	0	0	0	0	0	0	0	0	0	0	0	0	0	0	0	0	0	0	0	0	0	0	0	0	0	0	72	76	0	0	0	0	0	0	1260	92	0	0	0	0	0	0	0	0	0	0	0	0	0	0	0	0	0	0	0	0	0	0	0	0	0	0	0	0	0	0	0	0	0	0	2256	128	2060	0	1686	0	5770	116	2710	114	5598	0	22860	570	0	1524	4520	0	96	352	794	466	494	3514	2866	752	
173112	Cerebelum_9_R	0	0	0	0	0	0	0	0	0	0	0	0	0	0	0	0	0	0	0	0	0	0	0	0	0	0	0	0	0	0	0	0	0	0	0	0	0	0	0	0	0	0	0	0	0	0	68	82	0	0	0	0	0	0	80	210	0	0	0	0	0	0	0	0	0	0	0	0	0	0	0	0	0	0	0	0	0	0	0	0	0	0	0	0	0	0	0	0	0	0	2082	2476	1466	2680	882	794	1390	808	684	1932	2100	3540	4360	20068	1524	0	0	2048	1356	2622	1882	818	3340	11546	12524	3194	
18612	Cerebelum_10_L	0	0	0	0	0	0	0	0	0	0	0	0	0	0	0	0	0	0	0	0	0	0	0	0	0	0	0	0	0	0	0	0	0	0	0	0	0	0	0	0	0	0	0	0	0	0	0	0	0	0	0	0	0	0	0	0	0	0	0	0	0	0	0	0	0	0	0	0	0	0	0	0	0	0	0	0	0	0	0	0	0	0	0	0	0	0	0	0	0	0	172	0	150	0	0	0	0	0	84	0	1134	0	3246	0	4520	0	0	0	0	0	0	0	0	0	0	0	
16212	Cerebelum_10_R	0	0	0	0	0	0	0	0	0	0	0	0	0	0	0	0	0	0	0	0	0	0	0	0	0	0	0	0	0	0	0	0	0	0	0	0	0	0	0	0	0	0	0	0	0	0	0	0	0	0	0	0	0	0	0	0	0	0	0	0	0	0	0	0	0	0	0	0	0	0	0	0	0	0	0	0	0	0	0	0	0	0	0	0	0	0	0	0	0	0	352	120	368	178	0	0	0	100	0	200	418	0	430	1470	0	2048	0	0	0	0	0	0	448	1020	954	0	
34600	Vermis_1_2	0	0	0	0	0	0	0	0	0	0	0	0	0	0	0	0	0	0	0	0	0	0	0	0	0	0	0	0	0	0	0	0	0	0	0	0	66	0	92	0	0	0	0	0	0	0	0	0	0	0	0	0	0	0	0	0	0	0	0	0	0	0	0	0	0	0	0	0	0	0	0	0	0	0	0	0	0	0	0	0	0	0	0	0	0	0	0	0	0	0	494	152	206	162	1490	812	588	134	212	134	362	0	424	612	96	1356	0	0	0	5542	566	0	604	1472	1560	164	
127536	Vermis_3	428	0	0	0	0	0	0	0	0	0	0	0	0	0	0	0	0	0	0	0	0	0	0	0	0	0	0	0	330	0	0	0	0	0	0	0	670	0	248	132	0	0	0	0	0	0	296	496	0	0	0	0	0	0	94	658	174	0	0	0	0	0	0	0	0	0	0	0	0	0	0	0	442	0	0	0	244	0	0	0	0	0	0	0	0	0	0	0	0	0	1770	1864	1236	1404	3858	5048	3784	4112	1444	3684	992	174	1224	2896	352	2622	0	0	5542	0	6256	792	2434	4062	3660	346	
332140	Vermis_4_5	0	0	0	0	0	0	0	0	0	0	0	0	0	0	0	0	0	0	0	0	0	0	0	0	0	0	0	0	0	0	0	0	0	0	250	1400	0	554	0	340	0	0	0	174	0	80	8702	7240	0	0	0	0	0	108	5438	4920	0	0	0	0	0	0	0	0	0	0	0	1440	0	0	0	0	0	0	0	0	0	0	0	0	0	0	0	0	0	0	0	0	0	0	6744	11448	3450	1660	1196	2284	17168	18144	12966	19692	1250	212	1828	3452	794	1882	0	0	566	6256	0	11518	4624	3468	2998	1824	
