data	data	531208	207456	1.03516e+06	1.03791e+06	154404	113160	583636	382184	84348	207412	284440	187304	302328	249480	183508	311644	281960	181048	907292	1.04079e+06	82764	92836	470560	372164	65108	133916	76336	105368	675280	418024	494152	470248	192860	545008	86056	129644	203612	274536	37832	137596	28072	48988	257600	330012	147820	250048	232424	225980	172764	359732	563680	299116	159384	87116	295108	357132	341608	274160	215128	85364	175832	108272	99836	112592	125552	124432	373048	423060	169308	157136	443988	380052	438120	358188	58688	28924	212356	188372	118192	31192	207048	109152	123384	49748	373876	124228	18128	14928	235976	162912	431084	437332	343536	383352	7664	63260	159120	193036	327812	386484	208332	158832	277964	244764	116616	116152	62896	8468	22760	46576	140016	175696	248344	114912	103952	38464	
data	data	Precentral_L	Precentral_R	Frontal_Sup_L	Frontal_Sup_R	Frontal_Sup_Orb_L	Frontal_Sup_Orb_R	Frontal_Mid_L	Frontal_Mid_R	Frontal_Mid_Orb_L	Frontal_Mid_Orb_R	Frontal_Inf_Oper_L	Frontal_Inf_Oper_R	Frontal_Inf_Tri_L	Frontal_Inf_Tri_R	Frontal_Inf_Orb_L	Frontal_Inf_Orb_R	Rolandic_Oper_L	Rolandic_Oper_R	Supp_Motor_Area_L	Supp_Motor_Area_R	Olfactory_L	Olfactory_R	Frontal_Sup_Medial_L	Frontal_Sup_Medial_R	Frontal_Med_Orb_L	Frontal_Med_Orb_R	Rectus_L	Rectus_R	Insula_L	Insula_R	Cingulum_Ant_L	Cingulum_Ant_R	Cingulum_Mid_L	Cingulum_Mid_R	Cingulum_Post_L	Cingulum_Post_R	Hippocampus_L	Hippocampus_R	ParaHippocampal_L	ParaHippocampal_R	Amygdala_L	Amygdala_R	Calcarine_L	Calcarine_R	Cuneus_L	Cuneus_R	Lingual_L	Lingual_R	Occipital_Sup_L	Occipital_Sup_R	Occipital_Mid_L	Occipital_Mid_R	Occipital_Inf_L	Occipital_Inf_R	Fusiform_L	Fusiform_R	Postcentral_L	Postcentral_R	Parietal_Sup_L	Parietal_Sup_R	Parietal_Inf_L	Parietal_Inf_R	SupraMarginal_L	SupraMarginal_R	Angular_L	Angular_R	Precuneus_L	Precuneus_R	Paracentral_Lobule_L	Paracentral_Lobule_R	Caudate_L	Caudate_R	Putamen_L	Putamen_R	Pallidum_L	Pallidum_R	Thalamus_L	Thalamus_R	Heschl_L	Heschl_R	Temporal_Sup_L	Temporal_Sup_R	Temporal_Pole_Sup_L	Temporal_Pole_Sup_R	Temporal_Mid_L	Temporal_Mid_R	Temporal_Pole_Mid_L	Temporal_Pole_Mid_R	Temporal_Inf_L	Temporal_Inf_R	Cerebelum_Crus1_L	Cerebelum_Crus1_R	Cerebelum_Crus2_L	Cerebelum_Crus2_R	Cerebelum_3_L	Cerebelum_3_R	Cerebelum_4_5_L	Cerebelum_4_5_R	Cerebelum_6_L	Cerebelum_6_R	Cerebelum_7b_L	Cerebelum_7b_R	Cerebelum_8_L	Cerebelum_8_R	Cerebelum_9_L	Cerebelum_9_R	Cerebelum_10_L	Cerebelum_10_R	Vermis_1_2	Vermis_3	Vermis_4_5	Vermis_6	Vermis_7	Vermis_8	Vermis_9	Vermis_10	
531208	Precentral_L	0	1180	22402	5386	0	0	20426	194	0	0	15588	0	5480	0	0	0	9792	0	21316	8968	0	0	672	0	0	0	0	0	17868	0	224	0	0	782	190	0	4002	220	0	0	0	0	746	0	122	0	0	0	282	0	4832	0	602	0	136	0	33150	922	1744	0	3416	0	2616	0	2064	0	1828	0	22436	172	2906	1328	9468	140	738	0	15120	2494	6154	0	4696	0	446	0	8116	0	0	0	4240	0	0	0	0	0	0	0	0	0	0	0	0	0	0	0	0	0	0	0	0	0	0	0	0	0	0	0	
207456	Precentral_R	1180	0	904	17268	0	0	0	14054	0	534	0	8272	0	762	0	556	0	2886	2230	12160	0	0	0	0	0	0	0	0	226	4080	0	0	0	166	0	0	278	1892	0	460	0	0	0	0	0	0	0	0	0	306	0	0	0	0	0	800	178	12890	0	0	0	498	0	490	0	310	0	296	356	2054	2562	2968	920	1794	274	368	1850	6294	0	0	0	0	0	0	0	0	0	0	0	612	0	0	0	0	0	0	0	0	0	0	0	0	0	0	0	0	0	0	0	0	0	0	0	0	0	0	
1.03516e+06	Frontal_Sup_L	22402	904	0	11460	10554	0	97218	448	3428	286	11298	0	25968	574	8204	870	12338	0	81498	14116	0	0	52380	5302	2392	324	494	0	29006	546	30334	8208	7400	4920	0	0	2408	222	0	0	0	0	160	0	0	0	0	0	0	0	1896	0	118	0	338	0	6914	1018	980	0	1544	0	264	0	944	0	808	0	2750	0	8976	550	23860	200	4130	0	4738	800	1924	0	2476	0	2050	0	2370	0	0	0	2270	0	0	0	0	0	0	0	0	0	0	0	0	0	0	0	0	0	0	0	0	0	0	0	0	0	0	0	
1.03791e+06	Frontal_Sup_R	5386	17268	11460	0	0	5224	2326	46778	0	7746	1718	11198	174	14008	0	13908	2140	9964	22944	92558	0	158	10456	34386	194	5608	0	656	3680	21820	8266	26718	1182	18806	0	0	998	4104	0	1112	0	0	0	0	0	0	0	0	0	116	0	0	0	0	202	1010	1202	8996	0	0	0	142	132	0	0	188	0	118	1534	0	16102	27750	6098	18664	794	1096	5838	22358	296	124	374	116	798	704	186	98	0	0	704	270	0	0	0	0	0	0	0	0	0	0	0	0	0	0	0	0	0	0	0	0	0	0	0	0	0	0	
154404	Frontal_Sup_Orb_L	0	0	10554	0	0	0	1232	0	13060	0	0	0	1922	0	14812	0	0	0	0	0	2012	662	6040	0	4744	0	7042	160	6948	0	3096	0	0	0	0	0	0	0	0	0	640	0	0	0	0	0	0	0	0	0	0	0	0	0	0	0	0	0	0	0	0	0	0	0	0	0	0	0	0	0	1266	454	2284	0	0	0	0	0	0	0	0	0	274	0	0	0	0	0	0	0	0	0	0	0	0	0	0	0	0	0	0	0	0	0	0	0	0	0	0	0	0	0	0	0	0	0	
113160	Frontal_Sup_Orb_R	0	0	0	5224	0	0	0	1168	0	6126	0	0	0	466	0	6622	0	0	0	124	650	2162	0	3996	242	8710	274	10046	0	2774	348	572	0	0	0	0	0	0	0	0	0	324	0	0	0	0	0	0	0	0	0	0	0	0	0	0	0	0	0	0	0	0	0	0	0	0	0	0	0	0	732	1618	126	4064	0	0	0	0	0	0	0	0	0	212	0	0	0	0	0	0	0	0	0	0	0	0	0	0	0	0	0	0	0	0	0	0	0	0	0	0	0	0	0	0	0	0	
583636	Frontal_Mid_L	20426	0	97218	2326	1232	0	0	0	2668	130	11606	0	36816	248	4430	382	2572	0	25456	2636	0	0	22996	1356	0	0	0	0	14858	232	11944	3386	3968	1750	0	0	832	0	0	0	0	0	0	0	0	0	0	0	0	0	652	0	0	0	0	0	3974	0	294	0	1840	0	0	0	420	0	298	0	218	0	2956	0	6082	0	720	0	1150	0	1816	0	488	0	658	0	570	0	0	0	214	0	0	0	0	0	0	0	0	0	0	0	0	0	0	0	0	0	0	0	0	0	0	0	0	0	0	0	
382184	Frontal_Mid_R	194	14054	448	46778	0	1168	0	0	0	6230	0	15972	0	21196	0	9418	0	5294	2606	6780	0	0	976	5398	0	400	0	0	0	16974	300	3484	132	2604	0	0	0	628	0	208	0	0	0	0	0	0	0	0	0	0	0	0	0	0	0	526	0	2812	0	0	0	0	0	0	0	0	0	0	0	0	2174	8776	332	13448	190	750	382	158	0	0	0	0	0	136	0	0	0	0	0	166	0	0	0	0	0	0	0	0	0	0	0	0	0	0	0	0	0	0	0	0	0	0	0	0	0	0	
84348	Frontal_Mid_Orb_L	0	0	3428	0	13060	0	2668	0	0	0	0	0	2026	0	17652	0	0	0	0	0	102	0	366	0	110	0	918	0	1578	0	112	0	0	0	0	0	0	0	0	0	0	0	0	0	0	0	0	0	0	0	0	0	0	0	0	0	0	0	0	0	0	0	0	0	0	0	0	0	0	0	0	0	154	0	0	0	0	0	0	0	0	0	0	0	0	0	0	0	0	0	0	0	0	0	0	0	0	0	0	0	0	0	0	0	0	0	0	0	0	0	0	0	0	0	0	0	
207412	Frontal_Mid_Orb_R	0	534	286	7746	0	6126	130	6230	0	0	0	530	0	8802	0	33334	0	0	2040	5504	0	122	1686	2310	0	102	0	564	0	1424	1130	2622	538	5202	0	0	0	0	0	0	0	0	0	0	0	0	0	0	0	0	0	0	0	0	0	0	0	0	0	0	0	0	0	0	0	0	0	0	0	0	4410	9862	540	1830	102	0	0	0	0	0	0	0	0	0	0	0	0	0	0	0	0	0	0	0	0	0	0	0	0	0	0	0	0	0	0	0	0	0	0	0	0	0	0	0	0	0	
284440	Frontal_Inf_Oper_L	15588	0	11298	1718	0	0	11606	0	0	0	0	0	19588	0	992	0	12002	0	8706	1992	0	0	1440	188	224	0	0	0	23136	0	3524	1748	132	606	0	0	102	0	0	0	0	0	0	0	0	0	0	0	0	0	0	0	0	0	0	0	7434	0	0	0	0	0	146	0	0	0	0	0	0	0	6208	0	4748	0	0	0	0	0	560	0	1208	0	7326	0	0	0	0	0	0	0	0	0	0	0	0	0	0	0	0	0	0	0	0	0	0	0	0	0	0	0	0	0	0	0	0	0	
187304	Frontal_Inf_Oper_R	0	8272	0	11198	0	0	0	15972	0	530	0	0	0	7890	0	1066	0	13534	170	6048	0	0	0	0	0	0	0	0	0	16982	0	0	0	280	0	0	0	186	0	0	0	0	0	0	0	0	0	0	0	0	0	0	0	0	0	150	0	3980	0	0	0	0	0	0	0	0	0	0	0	0	160	2006	0	3656	0	386	0	0	0	0	0	0	0	1186	0	0	0	0	0	0	0	0	0	0	0	0	0	0	0	0	0	0	0	0	0	0	0	0	0	0	0	0	0	0	0	0	
302328	Frontal_Inf_Tri_L	5480	0	25968	174	1922	0	36816	0	2026	0	19588	0	0	0	13406	0	1996	0	4100	148	0	0	1856	164	418	0	0	0	24248	0	3666	746	0	244	0	0	0	0	0	0	0	0	0	0	0	0	0	0	0	0	0	0	0	0	0	0	1764	0	0	0	0	0	0	0	0	0	0	0	0	0	2284	0	3134	0	0	0	0	0	0	0	260	0	756	0	0	0	0	0	0	0	0	0	0	0	0	0	0	0	0	0	0	0	0	0	0	0	0	0	0	0	0	0	0	0	0	0	
249480	Frontal_Inf_Tri_R	0	762	574	14008	0	466	248	21196	0	8802	0	7890	0	0	0	14640	0	1376	2562	6626	0	102	1770	3818	0	0	0	0	0	22120	416	1620	374	5244	0	0	0	0	0	0	0	0	0	0	0	0	0	0	0	0	0	0	0	0	0	0	0	210	0	0	0	0	0	0	0	0	0	0	0	0	1650	1904	238	5916	0	0	0	0	0	0	0	0	0	208	0	0	0	0	0	0	0	0	0	0	0	0	0	0	0	0	0	0	0	0	0	0	0	0	0	0	0	0	0	0	0	0	
183508	Frontal_Inf_Orb_L	0	0	8204	0	14812	0	4430	0	17652	0	992	0	13406	0	0	0	310	0	642	0	1816	638	1344	0	294	0	1582	148	17562	0	1586	0	0	0	0	0	0	0	0	0	248	0	0	0	0	0	0	0	0	0	0	0	0	0	0	0	0	0	0	0	0	0	0	0	0	0	0	0	0	0	1122	448	2352	0	0	0	0	0	0	0	272	0	1744	0	0	0	150	0	0	0	0	0	0	0	0	0	0	0	0	0	0	0	0	0	0	0	0	0	0	0	0	0	0	0	0	0	
311644	Frontal_Inf_Orb_R	0	556	870	13908	0	6622	382	9418	0	33334	0	1066	0	14640	0	0	0	0	4154	11186	288	2228	2114	3784	0	112	100	1870	0	10236	1224	2900	702	9172	0	0	0	308	0	160	0	512	0	0	0	0	0	0	0	0	0	0	0	0	0	154	0	0	0	0	0	0	0	0	0	0	0	0	0	0	5106	12278	596	4868	112	0	0	0	0	0	0	0	0	862	0	0	0	0	0	0	0	0	0	0	0	0	0	0	0	0	0	0	0	0	0	0	0	0	0	0	0	0	0	0	0	0	
281960	Rolandic_Oper_L	9792	0	12338	2140	0	0	2572	0	0	0	12002	0	1996	0	310	0	0	0	13632	2218	0	0	256	0	0	0	0	0	27390	0	538	474	106	206	0	0	666	0	0	0	0	0	112	0	0	0	0	0	0	0	1760	0	0	0	0	0	11832	0	1058	0	940	0	1876	0	1206	0	694	0	0	0	2398	160	5242	0	126	0	338	146	6746	0	9396	0	5170	0	4020	0	0	0	1124	0	0	0	0	0	0	0	0	0	0	0	0	0	0	0	0	0	0	0	0	0	0	0	0	0	0	0	
181048	Rolandic_Oper_R	0	2886	0	9964	0	0	0	5294	0	0	0	13534	0	1376	0	0	0	0	0	5912	0	0	0	0	0	0	0	0	0	18654	0	0	0	0	0	0	0	1016	0	576	0	0	0	0	0	0	0	0	0	126	0	106	0	0	0	808	0	6638	0	0	0	174	0	3810	0	278	0	0	0	0	0	2936	0	5740	0	1696	0	0	0	2286	0	3762	0	1490	0	744	0	0	0	718	0	0	0	0	0	0	0	0	0	0	0	0	0	0	0	0	0	0	0	0	0	0	0	0	0	0	
907292	Supp_Motor_Area_L	21316	2230	81498	22944	0	0	25456	2606	0	2040	8706	170	4100	2562	642	4154	13632	0	0	61260	0	0	10640	4312	300	0	0	0	19660	2316	13374	10434	14918	23932	1218	322	2146	1084	0	198	0	0	0	0	0	0	0	0	0	0	848	0	0	0	104	262	5646	442	340	0	948	0	368	0	498	0	372	0	8568	0	19286	3896	24096	1320	5742	308	11146	2988	1162	0	2306	0	2364	0	1224	0	0	0	1136	106	0	0	0	0	0	0	0	0	0	0	0	0	0	0	0	0	0	0	0	0	0	0	0	0	0	0	
1.04079e+06	Supp_Motor_Area_R	8968	12160	14116	92558	0	124	2636	6780	0	5504	1992	6048	148	6626	0	11186	2218	5912	61260	0	0	0	2560	7664	0	576	0	0	3286	13570	5316	12612	7800	43338	1560	5030	868	9098	0	1906	0	0	0	1312	0	924	0	106	0	3434	178	1442	0	284	0	3780	754	17390	0	1142	0	640	132	276	0	808	838	7012	5278	17486	16650	26802	6670	13878	1868	1522	7236	23172	230	178	240	520	838	690	166	680	0	0	204	2216	0	0	0	0	0	0	0	0	0	0	0	0	0	0	0	0	0	0	0	0	0	0	0	0	0	0	
82764	Olfactory_L	0	0	0	0	2012	650	0	0	102	0	0	0	0	0	1816	288	0	0	0	0	0	5938	0	144	846	474	4762	3800	1740	0	2870	1440	0	0	0	0	0	0	192	0	864	0	0	0	0	0	0	0	0	0	0	0	0	0	0	0	0	0	0	0	0	0	0	0	0	0	0	0	0	0	8054	2740	2288	226	0	0	0	0	0	0	0	0	136	0	0	0	0	0	0	0	0	0	0	0	0	0	0	0	0	0	0	0	0	0	0	0	0	0	0	0	0	0	0	0	0	0	
92836	Olfactory_R	0	0	0	158	662	2162	0	0	0	122	0	0	0	102	638	2228	0	0	0	0	5938	0	0	220	200	916	2748	6344	0	2472	914	1894	0	0	0	0	0	278	0	574	0	1674	0	0	0	0	0	0	0	0	0	0	0	0	0	0	0	0	0	0	0	0	0	0	0	0	0	0	0	0	7398	5290	1926	1100	0	0	0	0	0	0	0	0	0	460	0	0	0	0	0	0	0	0	0	0	0	0	0	0	0	0	0	0	0	0	0	0	0	0	0	0	0	0	0	0	0	0	
470560	Frontal_Sup_Medial_L	672	0	52380	10456	6040	0	22996	976	366	1686	1440	0	1856	1770	1344	2114	256	0	10640	2560	0	0	0	21762	3560	1204	608	0	3770	1138	32610	17484	10268	15544	0	0	0	0	0	0	0	0	0	0	0	0	0	0	0	0	0	0	0	0	0	0	152	0	0	0	0	0	0	0	0	0	0	0	0	0	3262	248	5784	166	0	0	0	0	0	0	0	0	168	0	0	0	0	0	0	0	0	0	0	0	0	0	0	0	0	0	0	0	0	0	0	0	0	0	0	0	0	0	0	0	0	0	
372164	Frontal_Sup_Medial_R	0	0	5302	34386	0	3996	1356	5398	0	2310	188	0	164	3818	0	3784	0	0	4312	7664	144	220	21762	0	1098	12670	0	2116	240	3274	10776	29384	942	17830	0	0	0	0	0	0	0	0	0	0	0	0	0	0	0	0	0	0	0	0	0	0	0	0	0	0	0	0	0	0	0	0	0	0	0	0	1238	5020	352	6338	0	0	0	0	0	0	0	0	0	0	0	0	0	0	0	0	0	0	0	0	0	0	0	0	0	0	0	0	0	0	0	0	0	0	0	0	0	0	0	0	0	0	
65108	Frontal_Med_Orb_L	0	0	2392	194	4744	242	0	0	110	0	224	0	418	0	294	0	0	0	300	0	846	200	3560	1098	0	1504	3988	202	908	0	7336	494	0	0	0	0	0	0	0	0	0	0	0	0	0	0	0	0	0	0	0	0	0	0	0	0	0	0	0	0	0	0	0	0	0	0	0	0	0	0	1882	0	1618	0	0	0	0	0	0	0	0	0	0	0	0	0	0	0	0	0	0	0	0	0	0	0	0	0	0	0	0	0	0	0	0	0	0	0	0	0	0	0	0	0	0	0	
133916	Frontal_Med_Orb_R	0	0	324	5608	0	8710	0	400	0	102	0	0	0	0	0	112	0	0	0	576	474	916	1204	12670	1504	0	272	9440	0	154	3234	9338	0	138	0	0	0	0	0	0	0	0	0	0	0	0	0	0	0	0	0	0	0	0	0	0	0	0	0	0	0	0	0	0	0	0	0	0	0	0	768	4146	196	6672	0	0	0	0	0	0	0	0	0	0	0	0	0	0	0	0	0	0	0	0	0	0	0	0	0	0	0	0	0	0	0	0	0	0	0	0	0	0	0	0	0	0	
76336	Rectus_L	0	0	494	0	7042	274	0	0	918	0	0	0	0	0	1582	100	0	0	0	0	4762	2748	608	0	3988	272	0	1844	594	0	4978	842	0	0	0	0	0	0	0	0	418	0	0	0	0	0	0	0	0	0	0	0	0	0	0	0	0	0	0	0	0	0	0	0	0	0	0	0	0	0	4906	902	896	0	0	0	0	0	0	0	0	0	0	0	0	0	0	0	0	0	0	0	0	0	0	0	0	0	0	0	0	0	0	0	0	0	0	0	0	0	0	0	0	0	0	0	
105368	Rectus_R	0	0	0	656	160	10046	0	0	0	564	0	0	0	0	148	1870	0	0	0	0	3800	6344	0	2116	202	9440	1844	0	0	828	1090	3590	0	0	0	0	0	0	0	0	0	510	0	0	0	0	0	0	0	0	0	0	0	0	0	0	0	0	0	0	0	0	0	0	0	0	0	0	0	0	3872	2720	628	2256	0	0	0	0	0	0	0	0	0	0	0	0	0	0	0	0	0	0	0	0	0	0	0	0	0	0	0	0	0	0	0	0	0	0	0	0	0	0	0	0	0	0	
675280	Insula_L	17868	226	29006	3680	6948	0	14858	0	1578	0	23136	0	24248	0	17562	0	27390	0	19660	3286	1740	0	3770	240	908	0	594	0	0	0	7412	1876	182	658	0	0	9914	0	460	0	1588	0	362	0	0	0	0	0	0	0	2690	0	232	0	2264	0	8966	292	990	0	2896	0	3512	0	2672	0	980	0	178	0	7226	642	26526	0	0	0	2730	486	14336	0	14562	0	11374	0	9132	0	118	0	5686	0	0	0	0	0	0	0	0	0	0	0	0	0	0	0	0	0	0	0	0	0	0	0	0	0	0	0	
418024	Insula_R	0	4080	546	21820	0	2774	232	16974	0	1424	0	16982	0	22120	0	10236	0	18654	2316	13570	0	2472	1138	3274	0	154	0	828	0	0	132	1194	300	3536	0	0	0	7326	0	2052	0	3846	0	0	0	0	0	0	0	0	0	0	0	0	0	3518	0	2980	0	0	0	266	0	892	0	324	0	0	0	0	326	2530	0	27364	0	206	0	526	0	2380	0	3834	0	3168	0	1358	0	162	0	1198	0	0	0	0	0	0	0	0	0	0	0	0	0	0	0	0	0	0	0	0	0	0	0	0	0	0	
494152	Cingulum_Ant_L	224	0	30334	8266	3096	348	11944	300	112	1130	3524	0	3666	416	1586	1224	538	0	13374	5316	2870	914	32610	10776	7336	3234	4978	1090	7412	132	0	28292	10452	8488	1232	0	0	0	0	0	180	0	0	0	0	0	0	0	0	0	0	0	0	0	0	0	0	0	0	0	0	0	0	0	0	0	0	0	0	0	21706	1606	16154	890	0	0	0	0	0	0	0	0	1326	0	0	0	0	0	0	0	0	0	0	0	0	0	0	0	0	0	0	0	0	0	0	0	0	0	0	0	0	0	0	0	0	0	
470248	Cingulum_Ant_R	0	0	8208	26718	0	572	3386	3484	0	2622	1748	0	746	1620	0	2900	474	0	10434	12612	1440	1894	17484	29384	494	9338	842	3590	1876	1194	28292	0	6948	28466	176	0	0	0	0	0	0	0	0	0	0	0	0	0	0	0	0	0	0	0	0	0	0	0	0	0	0	0	0	0	0	0	0	0	0	0	9550	8994	1746	6912	108	0	0	0	0	0	0	0	872	0	0	0	0	0	0	0	0	0	0	0	0	0	0	0	0	0	0	0	0	0	0	0	0	0	0	0	0	0	0	0	0	0	
192860	Cingulum_Mid_L	0	0	7400	1182	0	0	3968	132	0	538	132	0	0	374	0	702	106	0	14918	7800	0	0	10268	942	0	0	0	0	182	300	10452	6948	0	17174	4410	1032	0	0	0	0	0	0	300	0	168	0	0	0	210	104	382	0	0	0	0	0	0	0	0	0	0	0	0	0	0	0	1500	682	3012	412	502	0	198	0	0	0	0	0	0	0	0	0	0	0	0	0	0	0	0	0	0	0	0	0	0	0	0	0	0	0	0	0	0	0	0	0	0	0	0	0	0	0	0	0	0	0	
545008	Cingulum_Mid_R	782	166	4920	18806	0	0	1750	2604	0	5202	606	280	244	5244	0	9172	206	0	23932	43338	0	0	15544	17830	0	138	0	0	658	3536	8488	28466	17174	0	2260	5382	0	1438	0	256	0	0	0	3008	0	4050	0	0	0	6054	0	2024	0	0	0	908	0	2858	0	428	0	296	0	0	0	616	2746	11904	1756	9070	2852	1046	886	792	380	0	214	1242	0	0	0	124	252	0	0	0	0	0	0	576	0	0	0	0	0	0	0	0	0	0	0	0	0	0	0	0	0	0	0	0	0	0	0	0	0	0	
86056	Cingulum_Post_L	190	0	0	0	0	0	0	0	0	0	0	0	0	0	0	0	0	0	1218	1560	0	0	0	0	0	0	0	0	0	0	1232	176	4410	2260	0	8800	2112	2942	122	328	0	0	1864	256	304	218	602	0	0	180	632	0	0	0	0	258	138	618	0	0	0	0	0	0	0	0	5550	2700	1148	976	0	0	0	0	0	0	310	824	0	0	0	0	0	0	472	0	0	0	0	0	0	0	0	0	0	0	0	0	0	0	0	0	0	0	0	0	0	0	0	0	628	0	0	0	0	0	
129644	Cingulum_Post_R	0	0	0	0	0	0	0	0	0	0	0	0	0	0	0	0	0	0	322	5030	0	0	0	0	0	0	0	0	0	0	0	0	1032	5382	8800	0	1944	6836	138	1348	0	0	100	2866	0	1170	0	1720	0	1000	0	458	0	144	0	2640	0	2550	0	0	0	0	0	0	0	0	3108	10088	146	4108	0	0	0	0	0	0	380	978	0	0	0	0	0	0	0	148	0	0	0	762	0	0	0	0	0	0	0	0	0	0	0	0	0	0	0	0	0	0	0	0	1624	0	0	0	0	0	
203612	Hippocampus_L	4002	278	2408	998	0	0	832	0	0	0	102	0	0	0	0	0	666	0	2146	868	0	0	0	0	0	0	0	0	9914	0	0	0	0	0	2112	1944	0	1450	5962	242	4862	0	324	0	0	0	1510	0	0	0	618	0	578	0	10560	240	1736	220	294	0	442	0	128	0	292	0	1718	536	116	0	416	230	7424	0	852	0	9666	1030	1964	0	2894	0	390	0	6180	0	0	0	12052	0	0	0	0	0	0	0	280	0	0	0	0	0	0	0	0	0	0	0	0	0	330	0	0	0	0	0	
274536	Hippocampus_R	220	1892	222	4104	0	0	0	628	0	0	0	186	0	0	0	308	0	1016	1084	9098	0	278	0	0	0	0	0	0	0	7326	0	0	0	1438	2942	6836	1450	0	0	18596	0	8062	0	1040	0	0	0	2856	0	0	0	0	0	386	0	27744	0	1306	0	0	0	512	0	394	0	0	400	3798	106	1434	0	296	0	11796	0	580	542	5394	0	692	0	716	0	424	0	676	0	0	0	8290	0	0	0	0	0	378	0	1138	0	0	0	0	0	0	0	0	0	0	0	110	574	0	0	0	0	0	
37832	ParaHippocampal_L	0	0	0	0	0	0	0	0	0	0	0	0	0	0	0	0	0	0	0	0	192	0	0	0	0	0	0	0	460	0	0	0	0	0	122	138	5962	0	0	0	888	0	108	0	0	0	2224	0	0	0	996	0	1238	0	3356	0	0	0	0	0	0	0	0	0	0	0	694	0	0	0	0	0	354	0	0	0	1144	354	0	0	0	0	158	0	0	0	0	0	212	0	0	0	0	0	0	0	316	0	0	0	0	0	0	0	0	0	0	0	0	0	0	0	0	0	0	0	
137596	ParaHippocampal_R	0	460	0	1112	0	0	0	208	0	0	0	0	0	0	0	160	0	576	198	1906	0	574	0	0	0	0	0	0	0	2052	0	0	0	256	328	1348	242	18596	0	0	0	3252	0	520	0	0	0	4098	0	112	0	118	0	996	0	16110	0	422	0	0	0	114	0	166	0	0	170	1502	0	290	0	0	0	3528	0	434	0	1386	0	332	0	330	0	650	0	318	0	122	0	2776	0	0	0	0	0	482	0	2136	0	122	0	0	0	0	0	0	0	0	0	148	148	0	0	0	0	0	
28072	Amygdala_L	0	0	0	0	640	0	0	0	0	0	0	0	0	0	248	0	0	0	0	0	864	0	0	0	0	0	418	0	1588	0	180	0	0	0	0	0	4862	0	888	0	0	0	0	0	0	0	0	0	0	0	0	0	0	0	2264	0	0	0	0	0	0	0	0	0	0	0	0	0	0	0	208	0	1316	0	0	0	0	0	0	0	0	0	148	0	0	0	0	0	412	0	0	0	0	0	0	0	0	0	0	0	0	0	0	0	0	0	0	0	0	0	0	0	0	0	0	0	
48988	Amygdala_R	0	0	0	0	0	324	0	0	0	0	0	0	0	0	0	512	0	0	0	0	0	1674	0	0	0	0	0	510	0	3846	0	0	0	0	0	0	0	8062	0	3252	0	0	0	0	0	0	0	0	0	0	0	0	0	0	0	4014	0	0	0	0	0	0	0	0	0	0	0	0	0	0	0	0	0	1394	0	0	0	0	0	0	0	0	0	906	0	0	0	0	0	0	0	0	0	0	0	0	0	0	0	0	0	0	0	0	0	0	0	0	0	0	0	0	0	0	0	0	
257600	Calcarine_L	746	0	160	0	0	0	0	0	0	0	0	0	0	0	0	0	112	0	0	0	0	0	0	0	0	0	0	0	362	0	0	0	300	0	1864	100	324	0	108	0	0	0	0	7014	10580	3570	17110	1778	10702	1474	36178	586	9300	128	624	326	1160	0	1446	0	148	0	0	0	410	0	13506	1172	660	0	0	0	0	0	0	0	0	0	358	0	0	0	0	0	5172	0	0	0	1322	0	0	0	0	0	0	0	0	0	0	0	0	0	0	0	0	0	0	0	0	0	0	0	0	0	0	0	
330012	Calcarine_R	0	0	0	0	0	0	0	0	0	0	0	0	0	0	0	0	0	0	0	1312	0	0	0	0	0	0	0	0	0	0	0	0	0	3008	256	2866	0	1040	0	520	0	0	7014	0	3298	21922	2374	19982	152	27770	134	23998	0	7050	0	6944	0	1462	0	128	0	0	0	0	0	156	1700	25638	0	1810	0	0	0	0	0	0	0	0	0	0	0	0	0	0	0	2588	0	0	0	1766	0	0	0	0	0	0	0	0	0	0	0	0	0	0	0	0	0	0	0	0	118	0	0	0	0	0	
147820	Cuneus_L	122	0	0	0	0	0	0	0	0	0	0	0	0	0	0	0	0	0	0	0	0	0	0	0	0	0	0	0	0	0	0	0	168	0	304	0	0	0	0	0	0	0	10580	3298	0	4488	1000	0	20324	1556	14830	1052	788	0	0	0	840	0	2332	0	0	0	0	0	132	0	9418	1320	440	0	0	0	0	0	0	0	0	0	0	0	0	0	0	0	744	0	0	0	174	0	0	0	0	0	0	0	0	0	0	0	0	0	0	0	0	0	0	0	0	0	0	0	0	0	0	0	
250048	Cuneus_R	0	0	0	0	0	0	0	0	0	0	0	0	0	0	0	0	0	0	0	924	0	0	0	0	0	0	0	0	0	0	0	0	0	4050	218	1170	0	0	0	0	0	0	3570	21922	4488	0	396	1774	468	34016	254	17026	0	482	0	458	0	548	0	1234	0	546	0	0	0	1248	5182	22590	0	1014	0	0	0	0	0	0	0	0	0	0	0	110	0	0	0	732	0	0	0	604	0	0	0	0	0	0	0	0	0	0	0	0	0	0	0	0	0	0	0	0	0	0	0	0	0	0	
232424	Lingual_L	0	0	0	0	0	0	0	0	0	0	0	0	0	0	0	0	0	0	0	0	0	0	0	0	0	0	0	0	0	0	0	0	0	0	602	0	1510	0	2224	0	0	0	17110	2374	1000	396	0	2566	2412	352	19136	168	14174	0	13990	210	0	0	0	0	0	0	0	0	0	0	3470	240	0	0	0	0	0	0	0	0	164	0	0	0	0	0	0	0	322	0	0	0	264	0	6520	136	180	140	0	0	8656	154	13132	254	0	0	0	0	366	100	0	0	0	0	1564	1508	568	0	0	250	
225980	Lingual_R	0	0	0	0	0	0	0	0	0	0	0	0	0	0	0	0	0	0	0	106	0	0	0	0	0	0	0	0	0	0	0	0	0	0	0	1720	0	2856	0	4098	0	0	1778	19982	0	1774	2566	0	0	4326	0	5722	0	8626	388	20070	0	0	0	0	0	0	0	0	0	0	0	9044	0	0	0	0	0	0	0	0	0	378	0	0	0	0	0	0	0	392	0	0	0	1290	660	2228	0	402	0	452	100	5406	2126	5478	0	0	0	174	226	314	0	0	0	192	3040	5248	1122	166	332	208	
172764	Occipital_Sup_L	282	0	0	0	0	0	0	0	0	0	0	0	0	0	0	0	0	0	0	0	0	0	0	0	0	0	0	0	0	0	0	0	210	0	0	0	0	0	0	0	0	0	10702	152	20324	468	2412	0	0	0	28298	0	1202	0	0	0	1116	0	7568	0	988	0	0	0	600	0	10092	110	786	0	0	0	0	0	0	0	0	0	0	0	0	0	0	0	1072	0	0	0	0	0	0	0	0	0	0	0	0	0	0	0	0	0	0	0	0	0	0	0	0	0	0	0	0	0	0	0	
359732	Occipital_Sup_R	0	306	0	116	0	0	0	0	0	0	0	0	0	0	0	0	0	126	0	3434	0	0	0	0	0	0	0	0	0	0	0	0	104	6054	180	1000	0	0	0	112	0	0	1474	27770	1556	34016	352	4326	0	0	0	38346	0	1368	0	1170	0	3130	0	2578	0	1722	0	0	0	4946	4578	31026	0	4920	0	0	0	0	0	0	0	0	0	0	0	712	0	0	0	1824	0	0	0	2620	0	0	0	0	0	0	0	0	0	0	0	0	0	0	0	0	0	0	0	0	0	0	0	0	0	0	
563680	Occipital_Mid_L	4832	0	1896	0	0	0	652	0	0	0	0	0	0	0	0	0	1760	0	848	178	0	0	0	0	0	0	0	0	2690	0	0	0	382	0	632	0	618	0	996	0	0	0	36178	134	14830	254	19136	0	28298	0	0	0	26620	0	5996	0	8150	0	25338	0	9490	0	460	0	14536	0	31918	0	4654	0	0	0	100	0	0	0	0	0	1900	0	1398	0	0	0	28086	0	0	0	8136	0	284	0	0	0	0	0	0	0	460	0	0	0	0	0	0	0	0	0	0	0	0	0	0	0	0	0	
299116	Occipital_Mid_R	0	0	0	0	0	0	0	0	0	0	0	0	0	0	0	0	0	106	0	1442	0	0	0	0	0	0	0	0	0	0	0	0	0	2024	0	458	0	0	0	118	0	0	586	23998	1052	17026	168	5722	0	38346	0	0	0	3976	0	1786	0	1296	0	1506	0	1956	0	114	0	9942	2290	19418	0	1830	0	0	0	0	0	0	0	0	0	0	0	650	0	0	0	9918	0	0	0	3830	0	0	0	0	0	0	0	0	0	0	0	0	0	0	0	0	0	0	0	0	0	0	0	0	0	0	
159384	Occipital_Inf_L	602	0	118	0	0	0	0	0	0	0	0	0	0	0	0	0	0	0	0	0	0	0	0	0	0	0	0	0	232	0	0	0	0	0	0	0	578	0	1238	0	0	0	9300	0	788	0	14174	0	1202	0	26620	0	0	0	9398	0	186	0	758	0	0	0	0	0	386	0	1824	0	130	0	0	0	0	0	0	0	0	0	164	0	0	0	0	0	4914	0	0	0	4984	0	882	0	0	0	0	0	110	0	1104	0	0	0	0	0	0	0	0	0	0	0	0	0	0	0	0	0	
87116	Occipital_Inf_R	0	0	0	0	0	0	0	0	0	0	0	0	0	0	0	0	0	0	0	284	0	0	0	0	0	0	0	0	0	0	0	0	0	0	0	144	0	386	0	996	0	0	128	7050	0	482	0	8626	0	1368	0	3976	0	0	0	10906	0	154	0	0	0	0	0	0	0	0	0	2388	0	236	0	0	0	0	0	0	0	0	0	104	0	268	0	0	0	918	0	0	0	3732	0	122	0	0	0	0	0	254	0	484	0	0	0	0	0	0	0	0	0	0	146	406	0	0	0	0	
295108	Fusiform_L	136	0	338	202	0	0	0	0	0	0	0	0	0	0	0	0	0	0	104	0	0	0	0	0	0	0	0	0	2264	0	0	0	0	0	0	0	10560	0	3356	0	2264	0	624	0	0	0	13990	388	0	0	5996	0	9398	0	0	0	0	0	0	0	0	0	0	0	0	0	0	0	0	0	0	0	984	0	0	0	214	0	228	0	364	0	2294	0	2664	0	560	0	13690	0	22940	0	3158	0	116	0	12234	0	30454	208	1202	0	2780	0	1300	0	1034	0	0	0	604	754	152	0	0	0	
357132	Fusiform_R	0	800	0	1010	0	0	0	526	0	0	0	150	0	0	0	154	0	808	262	3780	0	0	0	0	0	0	0	0	0	3518	0	0	0	908	258	2640	240	27744	0	16110	0	4014	326	6944	0	458	210	20070	0	1170	0	1786	0	10906	0	0	0	1246	0	0	0	630	0	444	0	0	200	5542	0	1502	0	0	0	7302	0	356	0	548	0	784	0	770	0	3660	0	1662	0	1604	0	14328	0	7698	0	430	0	196	0	6772	628	10718	0	0	0	236	154	408	0	0	110	104	1736	2790	498	156	362	200	
341608	Postcentral_L	33150	178	6914	1202	0	0	3974	0	0	0	7434	0	1764	0	0	0	11832	0	5646	754	0	0	152	0	0	0	0	0	8966	0	0	0	0	0	138	0	1736	0	0	0	0	0	1160	0	840	0	0	0	1116	0	8150	0	186	0	0	0	0	114	11672	0	22494	0	11460	0	2486	0	8444	0	5404	0	206	0	2014	0	0	0	776	0	2622	0	4710	0	0	0	2208	0	0	0	902	0	0	0	0	0	0	0	0	0	0	0	0	0	0	0	0	0	0	0	0	0	0	0	0	0	0	0	
274160	Postcentral_R	922	12890	1018	8996	0	0	0	2812	0	0	0	3980	0	210	0	0	0	6638	442	17390	0	0	0	0	0	0	0	0	292	2980	0	0	0	2858	618	2550	220	1306	0	422	0	0	0	1462	0	548	0	0	0	3130	0	1296	0	154	0	1246	114	0	0	6362	0	9414	0	15870	0	2066	1350	6474	306	12988	1068	614	788	450	106	164	1454	500	0	450	0	1090	0	0	0	0	0	0	0	1072	0	0	0	0	0	0	0	0	0	0	0	0	0	0	0	0	0	0	0	0	0	0	0	0	0	0	
215128	Parietal_Sup_L	1744	0	980	0	0	0	294	0	0	0	0	0	0	0	0	0	1058	0	340	0	0	0	0	0	0	0	0	0	990	0	0	0	0	0	0	0	294	0	0	0	0	0	1446	0	2332	0	0	0	7568	0	25338	0	758	0	0	0	11672	0	0	0	12806	0	106	0	2622	0	24666	0	3024	0	0	0	0	0	0	0	0	0	450	0	630	0	0	0	6218	0	0	0	2228	0	0	0	0	0	0	0	0	0	0	0	0	0	0	0	0	0	0	0	0	0	0	0	0	0	0	0	
85364	Parietal_Sup_R	0	0	0	0	0	0	0	0	0	0	0	0	0	0	0	0	0	0	0	1142	0	0	0	0	0	0	0	0	0	0	0	0	0	428	0	0	0	0	0	0	0	0	0	128	0	1234	0	0	0	2578	0	1506	0	0	0	0	0	6362	0	0	0	6806	0	3286	0	5384	1048	9420	0	2052	0	0	0	0	0	0	0	0	0	114	0	932	0	0	0	160	0	0	0	102	0	0	0	0	0	0	0	0	0	0	0	0	0	0	0	0	0	0	0	0	0	0	0	0	0	0	
175832	Parietal_Inf_L	3416	0	1544	0	0	0	1840	0	0	0	0	0	0	0	0	0	940	0	948	0	0	0	0	0	0	0	0	0	2896	0	0	0	0	0	0	0	442	0	0	0	0	0	148	0	0	0	0	0	988	0	9490	0	0	0	0	0	22494	0	12806	0	0	0	8990	0	13402	0	3904	0	1114	0	98	0	272	0	0	0	128	0	0	0	828	0	0	0	908	0	0	0	320	0	0	0	0	0	0	0	0	0	0	0	0	0	0	0	0	0	0	0	0	0	0	0	0	0	0	0	
108272	Parietal_Inf_R	0	498	0	142	0	0	0	0	0	0	0	0	0	0	0	0	0	174	0	640	0	0	0	0	0	0	0	0	0	266	0	0	0	296	0	0	0	512	0	114	0	0	0	0	0	546	0	0	0	1722	0	1956	0	0	0	630	0	9414	0	6806	0	0	0	12220	0	11548	292	1088	0	380	0	0	0	0	0	0	0	0	0	748	0	2540	0	0	0	838	0	0	0	766	0	0	0	0	0	0	0	0	0	0	0	0	0	0	0	0	0	0	0	0	0	0	0	0	0	0	
99836	SupraMarginal_L	2616	0	264	132	0	0	0	0	0	0	146	0	0	0	0	0	1876	0	368	132	0	0	0	0	0	0	0	0	3512	0	0	0	0	0	0	0	128	0	0	0	0	0	0	0	0	0	0	0	0	0	460	0	0	0	0	0	11460	0	106	0	8990	0	0	0	4608	0	204	0	152	0	0	0	0	0	0	0	0	0	636	0	8114	0	0	0	5210	0	0	0	804	0	0	0	0	0	0	0	0	0	0	0	0	0	0	0	0	0	0	0	0	0	0	0	0	0	0	0	
112592	SupraMarginal_R	0	490	0	0	0	0	0	0	0	0	0	0	0	0	0	0	0	3810	0	276	0	0	0	0	0	0	0	0	0	892	0	0	0	0	0	0	0	394	0	166	0	0	0	0	0	0	0	0	0	0	0	114	0	0	0	444	0	15870	0	3286	0	12220	0	0	0	7382	0	0	0	0	0	0	0	0	0	0	0	0	0	548	0	7474	0	0	0	1712	0	0	0	1218	0	0	0	0	0	0	0	0	0	0	0	0	0	0	0	0	0	0	0	0	0	0	0	0	0	0	
125552	Angular_L	2064	0	944	0	0	0	420	0	0	0	0	0	0	0	0	0	1206	0	498	0	0	0	0	0	0	0	0	0	2672	0	0	0	0	0	0	0	292	0	0	0	0	0	410	0	132	0	0	0	600	0	14536	0	386	0	0	0	2486	0	2622	0	13402	0	4608	0	0	0	2440	0	170	0	0	0	0	0	0	0	0	0	552	0	2452	0	0	0	7518	0	0	0	2366	0	0	0	0	0	0	0	0	0	0	0	0	0	0	0	0	0	0	0	0	0	0	0	0	0	0	0	
124432	Angular_R	0	310	0	188	0	0	0	0	0	0	0	0	0	0	0	0	0	278	0	808	0	0	0	0	0	0	0	0	0	324	0	0	0	616	0	0	0	0	0	0	0	0	0	156	0	1248	0	0	0	4946	0	9942	0	0	0	0	0	2066	0	5384	0	11548	0	7382	0	0	580	2940	0	1432	0	0	0	0	0	0	0	0	0	330	0	5234	0	0	0	4446	0	0	0	2058	0	0	0	0	0	0	0	0	0	0	0	0	0	0	0	0	0	0	0	0	0	0	0	0	0	0	
373048	Precuneus_L	1828	0	808	0	0	0	298	0	0	0	0	0	0	0	0	0	694	0	372	838	0	0	0	0	0	0	0	0	980	0	0	0	1500	2746	5550	3108	1718	400	694	170	0	0	13506	1700	9418	5182	3470	0	10092	4578	31918	2290	1824	0	0	200	8444	1350	24666	1048	3904	292	204	0	2440	580	0	14126	4684	1424	0	0	0	0	0	0	118	106	688	0	690	0	0	0	11336	166	0	0	3362	384	0	0	0	0	0	0	278	0	0	0	0	0	0	0	0	0	0	0	0	0	352	0	0	0	0	0	
423060	Precuneus_R	0	296	0	118	0	0	0	0	0	0	0	0	0	0	0	0	0	0	0	7012	0	0	0	0	0	0	0	0	0	0	0	0	682	11904	2700	10088	536	3798	0	1502	0	0	1172	25638	1320	22590	240	9044	110	31026	0	19418	0	2388	0	5542	0	6474	0	9420	0	1088	0	0	0	2940	14126	0	276	11284	0	0	0	0	0	0	98	802	0	0	0	536	0	0	0	2714	0	0	0	2526	0	0	0	0	0	0	0	320	0	0	0	0	0	0	0	0	0	0	0	0	1802	0	0	0	0	0	
169308	Paracentral_Lobule_L	22436	356	2750	1534	0	0	218	0	0	0	0	0	0	0	0	0	0	0	8568	5278	0	0	0	0	0	0	0	0	178	0	0	0	3012	1756	1148	146	116	106	0	0	0	0	660	0	440	0	0	0	786	0	4654	0	130	0	0	0	5404	306	3024	0	1114	0	152	0	170	0	4684	276	0	530	478	834	994	0	0	0	8162	2130	0	0	0	0	0	0	1656	0	0	0	468	0	0	0	0	0	0	0	0	0	0	0	0	0	0	0	0	0	0	0	0	0	0	0	0	0	0	0	
157136	Paracentral_Lobule_R	172	2054	0	0	0	0	0	0	0	0	0	0	0	0	0	0	0	0	0	17486	0	0	0	0	0	0	0	0	0	0	0	0	412	9070	976	4108	0	1434	0	290	0	0	0	1810	0	1014	0	0	0	4920	0	1830	0	236	0	1502	0	12988	0	2052	0	380	0	0	0	1432	1424	11284	530	0	0	0	0	0	0	0	0	0	0	0	0	0	0	0	0	0	0	0	0	1164	0	0	0	0	0	0	0	0	0	0	0	0	0	0	0	0	0	0	0	0	0	0	0	0	0	0	
443988	Caudate_L	2906	2562	8976	16102	1266	732	2956	2174	0	4410	6208	160	2284	1650	1122	5106	2398	0	19286	16650	8054	7398	3262	1238	1882	768	4906	3872	7226	326	21706	9550	502	2852	0	0	416	0	0	0	208	0	0	0	0	0	0	0	0	0	0	0	0	0	0	0	206	1068	0	0	98	0	0	0	0	0	0	0	478	0	0	11514	20182	1314	2418	0	9978	902	0	0	0	0	2722	0	0	0	0	0	0	0	0	0	0	0	0	0	0	0	0	0	0	0	0	0	0	0	0	0	0	0	0	0	0	0	0	0	
380052	Caudate_R	1328	2968	550	27750	454	1618	0	8776	0	9862	0	2006	0	1904	448	12278	160	2936	3896	26802	2740	5290	248	5020	0	4146	902	2720	642	2530	1606	8994	0	1046	0	0	230	296	0	0	0	0	0	0	0	0	0	0	0	0	0	0	0	0	0	0	0	614	0	0	0	0	0	0	0	0	0	0	834	0	11514	0	2500	15138	232	2732	1914	13636	0	110	0	0	0	656	0	0	0	0	0	0	0	0	0	0	0	0	0	0	0	0	0	0	0	0	0	0	0	0	0	0	0	0	0	0	0	0	
438120	Putamen_L	9468	920	23860	6098	2284	126	6082	332	154	540	4748	0	3134	238	2352	596	5242	0	24096	6670	2288	1926	5784	352	1618	196	896	628	26526	0	16154	1746	198	886	0	0	7424	0	354	0	1316	0	0	0	0	0	0	0	0	0	100	0	0	0	984	0	2014	788	0	0	272	0	0	0	0	0	0	0	994	0	20182	2500	0	414	7322	0	8136	466	930	0	2532	0	2416	0	1206	0	0	0	2572	0	0	0	0	0	0	0	0	0	0	0	0	0	0	0	0	0	0	0	0	0	0	0	0	0	0	0	
358188	Putamen_R	140	1794	200	18664	0	4064	0	13448	0	1830	0	3656	0	5916	0	4868	0	5740	1320	13878	226	1100	166	6338	0	6672	0	2256	0	27364	890	6912	0	792	0	0	0	11796	0	3528	0	1394	0	0	0	0	0	0	0	0	0	0	0	0	0	7302	0	450	0	0	0	0	0	0	0	0	0	0	0	0	1314	15138	414	0	0	3542	0	2058	0	492	0	400	0	594	0	112	0	0	0	2168	0	0	0	0	0	0	0	158	0	0	0	0	0	0	0	0	0	0	0	0	0	0	0	0	0	0	
58688	Pallidum_L	738	274	4130	794	0	0	720	190	0	102	0	0	0	0	0	112	126	0	5742	1868	0	0	0	0	0	0	0	0	0	0	0	108	0	380	0	0	852	0	0	0	0	0	0	0	0	0	0	0	0	0	0	0	0	0	0	0	0	106	0	0	0	0	0	0	0	0	0	0	0	0	2418	232	7322	0	0	0	3130	0	0	0	0	0	0	0	0	0	0	0	0	0	0	0	0	0	0	0	0	0	0	0	0	0	0	0	0	0	0	0	0	0	0	0	0	0	0	0	
28924	Pallidum_R	0	368	0	1096	0	0	0	750	0	0	0	386	0	0	0	0	0	1696	308	1522	0	0	0	0	0	0	0	0	0	206	0	0	0	0	0	0	0	580	0	434	0	0	0	0	0	0	0	0	0	0	0	0	0	0	0	356	0	164	0	0	0	0	0	0	0	0	0	0	0	0	0	2732	0	3542	0	0	0	0	0	214	0	108	0	0	0	0	0	0	0	0	0	0	0	0	0	0	0	0	0	0	0	0	0	0	0	0	0	0	0	0	0	0	0	0	0	0	
212356	Thalamus_L	15120	1850	4738	5838	0	0	1150	382	0	0	0	0	0	0	0	0	338	0	11146	7236	0	0	0	0	0	0	0	0	2730	0	0	0	0	214	310	380	9666	542	1144	0	0	0	0	0	0	0	164	0	0	0	0	0	0	0	214	0	776	1454	0	0	128	0	0	0	0	0	118	98	8162	0	9978	1914	8136	0	3130	0	0	1698	682	0	1854	0	0	0	3358	0	0	0	1530	0	0	0	0	0	0	0	0	0	0	0	0	0	0	0	0	0	0	0	0	0	0	0	0	0	0	0	
188372	Thalamus_R	2494	6294	800	22358	0	0	0	158	0	0	0	0	0	0	0	0	146	0	2988	23172	0	0	0	0	0	0	0	0	486	526	0	0	0	1242	824	978	1030	5394	354	1386	0	0	0	0	0	0	0	378	0	0	0	0	0	0	0	548	0	500	0	0	0	0	0	0	0	0	106	802	2130	0	902	13636	466	2058	0	0	1698	0	0	0	0	0	0	0	0	0	0	0	0	108	0	0	0	0	0	0	0	104	0	0	0	0	0	0	0	0	0	0	0	0	120	0	0	0	0	0	
118192	Heschl_L	6154	0	1924	296	0	0	1816	0	0	0	560	0	0	0	0	0	6746	0	1162	230	0	0	0	0	0	0	0	0	14336	0	0	0	0	0	0	0	1964	0	0	0	0	0	358	0	0	0	0	0	0	0	1900	0	164	0	228	0	2622	0	450	0	0	0	636	0	552	0	688	0	0	0	0	0	930	0	0	0	682	0	0	0	5050	0	0	0	7006	0	0	0	2642	0	0	0	0	0	0	0	0	0	0	0	0	0	0	0	0	0	0	0	0	0	0	0	0	0	0	0	
31192	Heschl_R	0	0	0	124	0	0	0	0	0	0	0	0	0	0	0	0	0	2286	0	178	0	0	0	0	0	0	0	0	0	2380	0	0	0	0	0	0	0	692	0	332	0	0	0	0	0	0	0	0	0	0	0	0	0	104	0	784	0	450	0	114	0	748	0	548	0	330	0	0	0	0	0	110	0	492	0	214	0	0	0	0	0	4550	0	0	0	602	0	0	0	558	0	0	0	0	0	0	0	0	0	0	0	0	0	0	0	0	0	0	0	0	0	0	0	0	0	0	
207048	Temporal_Sup_L	4696	0	2476	374	0	0	488	0	0	0	1208	0	260	0	272	0	9396	0	2306	240	0	0	0	0	0	0	0	0	14562	0	0	0	0	0	0	0	2894	0	0	0	0	0	0	0	0	0	0	0	0	0	1398	0	0	0	364	0	4710	0	630	0	828	0	8114	0	2452	0	690	0	0	0	0	0	2532	0	0	0	1854	0	5050	0	0	0	3458	0	26490	0	0	0	5782	0	0	0	0	0	0	0	0	0	0	0	0	0	0	0	0	0	0	0	0	0	0	0	0	0	0	0	
109152	Temporal_Sup_R	0	0	0	116	0	0	0	0	0	0	0	0	0	0	0	0	0	3762	0	520	0	0	0	0	0	0	0	0	0	3834	0	0	0	124	0	0	0	716	0	330	0	0	0	0	0	110	0	0	0	712	0	650	0	268	0	770	0	1090	0	932	0	2540	0	7474	0	5234	0	536	0	0	0	0	0	400	0	108	0	0	0	4550	0	0	0	1074	0	13340	0	0	0	5386	0	0	0	0	0	0	0	0	0	0	0	0	0	0	0	0	0	0	0	0	0	0	0	0	0	0	
123384	Temporal_Pole_Sup_L	446	0	2050	798	274	0	658	0	0	0	7326	0	756	0	1744	0	5170	0	2364	838	136	0	168	0	0	0	0	0	11374	0	1326	872	0	252	0	0	390	0	158	0	148	0	0	0	0	0	0	0	0	0	0	0	0	0	2294	0	0	0	0	0	0	0	0	0	0	0	0	0	0	0	2722	0	2416	0	0	0	0	0	0	0	3458	0	0	0	7346	0	3602	0	2606	0	0	0	0	0	0	0	0	0	0	0	0	0	0	0	0	0	0	0	0	0	0	0	0	0	0	0	
49748	Temporal_Pole_Sup_R	0	0	0	704	0	212	0	136	0	0	0	1186	0	208	0	862	0	1490	0	690	0	460	0	0	0	0	0	0	0	3168	0	0	0	0	0	0	0	424	0	650	0	906	0	0	0	0	0	0	0	0	0	0	0	0	0	3660	0	0	0	0	0	0	0	0	0	0	0	0	0	0	0	656	0	594	0	0	0	0	0	0	0	1074	0	0	0	2344	0	2950	0	2500	0	0	0	0	0	0	0	0	0	0	0	0	0	0	0	0	0	0	0	0	0	0	0	0	0	0	
373876	Temporal_Mid_L	8116	0	2370	186	0	0	570	0	0	0	0	0	0	0	0	0	4020	0	1224	166	0	0	0	0	0	0	0	0	9132	0	0	0	0	0	472	0	6180	0	0	0	0	0	5172	0	744	0	322	0	1072	0	28086	0	4914	0	2664	0	2208	0	6218	0	908	0	5210	0	7518	0	11336	0	1656	0	0	0	1206	0	0	0	3358	0	7006	0	26490	0	7346	0	0	0	3430	0	27638	0	0	0	0	0	0	0	0	0	0	0	0	0	0	0	0	0	0	0	0	0	0	0	0	0	0	0	
124228	Temporal_Mid_R	0	0	0	98	0	0	0	0	0	0	0	0	0	0	0	0	0	744	0	680	0	0	0	0	0	0	0	0	0	1358	0	0	0	0	0	148	0	676	0	318	0	0	0	2588	0	732	0	392	0	1824	0	9918	0	918	0	1662	0	0	0	160	0	838	0	1712	0	4446	166	2714	0	0	0	0	0	112	0	0	0	0	0	602	0	13340	0	2344	0	0	0	1134	0	12490	0	0	0	0	0	0	0	0	0	0	0	0	0	0	0	0	0	0	0	0	0	0	0	0	0	0	
18128	Temporal_Pole_Mid_L	0	0	0	0	0	0	0	0	0	0	0	0	0	0	150	0	0	0	0	0	0	0	0	0	0	0	0	0	118	0	0	0	0	0	0	0	0	0	0	0	0	0	0	0	0	0	0	0	0	0	0	0	0	0	560	0	0	0	0	0	0	0	0	0	0	0	0	0	0	0	0	0	0	0	0	0	0	0	0	0	0	0	3602	0	3430	0	0	0	1204	0	0	0	0	0	0	0	0	0	0	0	0	0	0	0	0	0	0	0	0	0	0	0	0	0	0	0	
14928	Temporal_Pole_Mid_R	0	0	0	0	0	0	0	0	0	0	0	0	0	0	0	0	0	0	0	0	0	0	0	0	0	0	0	0	0	162	0	0	0	0	0	0	0	0	0	122	0	0	0	0	0	0	0	0	0	0	0	0	0	0	0	1604	0	0	0	0	0	0	0	0	0	0	0	0	0	0	0	0	0	0	0	0	0	0	0	0	0	0	0	2950	0	1134	0	0	0	1492	0	0	0	0	0	0	0	0	0	0	0	0	0	0	0	0	0	0	0	0	0	0	0	0	0	0	
235976	Temporal_Inf_L	4240	0	2270	704	0	0	214	0	0	0	0	0	0	0	0	0	1124	0	1136	204	0	0	0	0	0	0	0	0	5686	0	0	0	0	0	0	0	12052	0	212	0	412	0	1322	0	174	0	264	0	0	0	8136	0	4984	0	13690	0	902	0	2228	0	320	0	804	0	2366	0	3362	0	468	0	0	0	2572	0	0	0	1530	0	2642	0	5782	0	2606	0	27638	0	1204	0	0	0	3134	0	1406	0	0	0	126	0	718	0	642	0	714	0	0	0	0	0	0	0	0	0	0	0	0	0	
162912	Temporal_Inf_R	0	612	0	270	0	0	0	166	0	0	0	0	0	0	0	0	0	718	106	2216	0	0	0	0	0	0	0	0	0	1198	0	0	0	576	0	762	0	8290	0	2776	0	0	0	1766	0	604	0	1290	0	2620	0	3830	0	3732	0	14328	0	1072	0	102	0	766	0	1218	0	2058	384	2526	0	1164	0	0	0	2168	0	0	0	108	0	558	0	5386	0	2500	0	12490	0	1492	0	0	0	1194	0	98	0	0	0	0	0	122	0	0	0	190	0	0	0	0	0	0	0	0	0	0	0	0	
431084	Cerebelum_Crus1_L	0	0	0	0	0	0	0	0	0	0	0	0	0	0	0	0	0	0	0	0	0	0	0	0	0	0	0	0	0	0	0	0	0	0	0	0	0	0	0	0	0	0	0	0	0	0	6520	660	0	0	284	0	882	0	22940	0	0	0	0	0	0	0	0	0	0	0	0	0	0	0	0	0	0	0	0	0	0	0	0	0	0	0	0	0	0	0	0	0	3134	0	0	5594	36292	8944	0	848	9926	1646	42196	4694	15382	2508	21578	2694	6750	146	5000	0	120	490	1100	2202	10740	1450	654	168	
437332	Cerebelum_Crus1_R	0	0	0	0	0	0	0	0	0	0	0	0	0	0	0	0	0	0	0	0	0	0	0	0	0	0	0	0	0	0	0	0	0	0	0	0	0	0	0	0	0	0	0	0	0	0	136	2228	0	0	0	0	0	122	0	7698	0	0	0	0	0	0	0	0	0	0	0	0	0	0	0	0	0	0	0	0	0	0	0	0	0	0	0	0	0	0	0	0	0	1194	5594	0	4920	37110	0	4856	668	19542	1650	49454	1038	8148	1210	18778	444	6660	132	460	1210	2742	6122	9884	15406	4414	5574	1272	
343536	Cerebelum_Crus2_L	0	0	0	0	0	0	0	0	0	0	0	0	0	0	0	0	0	0	0	0	0	0	0	0	0	0	0	0	0	0	0	0	0	0	0	0	0	0	0	0	0	0	0	0	0	0	180	0	0	0	0	0	0	0	3158	0	0	0	0	0	0	0	0	0	0	0	0	0	0	0	0	0	0	0	0	0	0	0	0	0	0	0	0	0	0	0	0	0	1406	0	36292	4920	0	12956	0	848	1372	1544	6262	3958	30344	5602	30278	4368	6824	118	5004	0	116	476	454	326	12122	2642	198	0	
383352	Cerebelum_Crus2_R	0	0	0	0	0	0	0	0	0	0	0	0	0	0	0	0	0	0	0	0	0	0	0	0	0	0	0	0	0	0	0	0	0	0	0	0	0	0	0	0	0	0	0	0	0	0	140	402	0	0	0	0	0	0	0	430	0	0	0	0	0	0	0	0	0	0	0	0	0	0	0	0	0	0	0	0	0	0	0	0	0	0	0	0	0	0	0	0	0	98	8944	37110	12956	0	0	2120	202	3880	980	15642	4802	24930	4896	31604	254	5502	0	310	438	1398	2126	3626	18834	6170	3340	542	
7664	Cerebelum_3_L	0	0	0	0	0	0	0	0	0	0	0	0	0	0	0	0	0	0	0	0	0	0	0	0	0	0	0	0	0	0	0	0	0	0	0	0	0	0	0	0	0	0	0	0	0	0	0	0	0	0	0	0	0	0	116	0	0	0	0	0	0	0	0	0	0	0	0	0	0	0	0	0	0	0	0	0	0	0	0	0	0	0	0	0	0	0	0	0	0	0	0	0	0	0	0	0	2770	0	360	0	0	0	0	0	0	0	0	0	188	278	120	0	0	0	0	0	
63260	Cerebelum_3_R	0	0	0	0	0	0	0	0	0	0	0	0	0	0	0	0	0	0	0	0	0	0	0	0	0	0	0	0	0	0	0	0	0	0	0	0	0	378	0	482	0	0	0	0	0	0	0	452	0	0	0	0	0	0	0	196	0	0	0	0	0	0	0	0	0	0	0	0	0	0	0	0	0	0	0	0	0	0	0	0	0	0	0	0	0	0	0	0	0	0	848	4856	848	2120	0	0	0	5860	0	6632	0	0	0	132	0	812	0	0	760	2702	1356	958	1256	0	982	0	
159120	Cerebelum_4_5_L	0	0	0	0	0	0	0	0	0	0	0	0	0	0	0	0	0	0	0	0	0	0	0	0	0	0	0	0	0	0	0	0	0	0	0	0	280	0	316	0	0	0	0	0	0	0	8656	100	0	0	0	0	110	0	12234	0	0	0	0	0	0	0	0	0	0	0	278	0	0	0	0	0	0	0	0	0	0	0	0	0	0	0	0	0	0	0	0	0	126	0	9926	668	1372	202	2770	0	0	600	23826	994	620	0	1206	0	4178	610	646	0	304	592	5288	1808	106	0	546	1198	
193036	Cerebelum_4_5_R	0	0	0	0	0	0	0	0	0	0	0	0	0	0	0	0	0	0	0	0	0	0	0	0	0	0	0	0	0	0	0	0	0	0	0	0	0	1138	0	2136	0	0	0	0	0	0	154	5406	0	0	0	0	0	254	0	6772	0	0	0	0	0	0	0	0	0	0	0	320	0	0	0	0	0	158	0	0	0	104	0	0	0	0	0	0	0	0	0	0	0	0	1646	19542	1544	3880	0	5860	600	0	698	25768	0	0	0	330	164	1108	0	0	806	2638	8232	2936	2670	222	908	524	
327812	Cerebelum_6_L	0	0	0	0	0	0	0	0	0	0	0	0	0	0	0	0	0	0	0	0	0	0	0	0	0	0	0	0	0	0	0	0	0	0	0	0	0	0	0	0	0	0	0	0	0	0	13132	2126	0	0	460	0	1104	0	30454	628	0	0	0	0	0	0	0	0	0	0	0	0	0	0	0	0	0	0	0	0	0	0	0	0	0	0	0	0	0	0	0	0	718	0	42196	1650	6262	980	360	0	23826	698	0	2694	3858	0	7614	306	6542	282	2640	0	0	184	4240	6142	2274	848	1112	576	
386484	Cerebelum_6_R	0	0	0	0	0	0	0	0	0	0	0	0	0	0	0	0	0	0	0	0	0	0	0	0	0	0	0	0	0	0	0	0	0	0	0	0	0	0	0	122	0	0	0	0	0	0	254	5478	0	0	0	0	0	484	208	10718	0	0	0	0	0	0	0	0	0	0	0	0	0	0	0	0	0	0	0	0	0	0	0	0	0	0	0	0	0	0	0	0	0	122	4694	49454	3958	15642	0	6632	994	25768	2694	0	756	1608	636	5418	776	4668	146	450	1402	3486	8516	12784	13868	4212	5742	1552	
208332	Cerebelum_7b_L	0	0	0	0	0	0	0	0	0	0	0	0	0	0	0	0	0	0	0	0	0	0	0	0	0	0	0	0	0	0	0	0	0	0	0	0	0	0	0	0	0	0	0	0	0	0	0	0	0	0	0	0	0	0	1202	0	0	0	0	0	0	0	0	0	0	0	0	0	0	0	0	0	0	0	0	0	0	0	0	0	0	0	0	0	0	0	0	0	642	0	15382	1038	30344	4802	0	0	620	0	3858	756	0	3030	26902	2994	2834	0	1194	0	0	0	120	404	4738	3180	126	0	
158832	Cerebelum_7b_R	0	0	0	0	0	0	0	0	0	0	0	0	0	0	0	0	0	0	0	0	0	0	0	0	0	0	0	0	0	0	0	0	0	0	0	0	0	0	0	0	0	0	0	0	0	0	0	0	0	0	0	0	0	0	0	0	0	0	0	0	0	0	0	0	0	0	0	0	0	0	0	0	0	0	0	0	0	0	0	0	0	0	0	0	0	0	0	0	0	0	2508	8148	5602	24930	0	0	0	0	0	1608	3030	0	2982	20914	0	1690	0	0	0	0	0	112	4968	2748	176	0	
277964	Cerebelum_8_L	0	0	0	0	0	0	0	0	0	0	0	0	0	0	0	0	0	0	0	0	0	0	0	0	0	0	0	0	0	0	0	0	0	0	0	0	0	0	0	0	0	0	0	0	0	0	0	0	0	0	0	0	0	0	2780	0	0	0	0	0	0	0	0	0	0	0	0	0	0	0	0	0	0	0	0	0	0	0	0	0	0	0	0	0	0	0	0	0	714	0	21578	1210	30278	4896	0	0	1206	0	7614	636	26902	2982	0	4566	14170	480	6738	0	0	0	0	216	5034	5704	1278	0	
244764	Cerebelum_8_R	0	0	0	0	0	0	0	0	0	0	0	0	0	0	0	0	0	0	0	0	0	0	0	0	0	0	0	0	0	0	0	0	0	0	0	0	0	0	0	0	0	0	0	0	0	0	0	174	0	0	0	0	0	0	0	236	0	0	0	0	0	0	0	0	0	0	0	0	0	0	0	0	0	0	0	0	0	0	0	0	0	0	0	0	0	0	0	0	0	190	2694	18778	4368	31604	0	132	0	330	306	5418	2994	20914	4566	0	246	12642	0	374	0	0	350	1072	7048	5390	2240	316	
116616	Cerebelum_9_L	0	0	0	0	0	0	0	0	0	0	0	0	0	0	0	0	0	0	0	0	0	0	0	0	0	0	0	0	0	0	0	0	0	0	0	0	0	0	0	0	0	0	0	0	0	0	366	226	0	0	0	0	0	0	1300	154	0	0	0	0	0	0	0	0	0	0	0	0	0	0	0	0	0	0	0	0	0	0	0	0	0	0	0	0	0	0	0	0	0	0	6750	444	6824	254	0	0	4178	164	6542	776	2834	0	14170	246	0	414	8552	0	0	0	1186	1582	248	170	542	386	
116152	Cerebelum_9_R	0	0	0	0	0	0	0	0	0	0	0	0	0	0	0	0	0	0	0	0	0	0	0	0	0	0	0	0	0	0	0	0	0	0	0	0	0	0	0	0	0	0	0	0	0	0	100	314	0	0	0	0	0	0	0	408	0	0	0	0	0	0	0	0	0	0	0	0	0	0	0	0	0	0	0	0	0	0	0	0	0	0	0	0	0	0	0	0	0	0	146	6660	118	5502	0	812	610	1108	282	4668	0	1690	480	12642	414	0	0	2020	852	714	2244	4490	1834	2362	5244	2362	
62896	Cerebelum_10_L	0	0	0	0	0	0	0	0	0	0	0	0	0	0	0	0	0	0	0	0	0	0	0	0	0	0	0	0	0	0	0	0	0	0	0	0	0	0	0	0	0	0	0	0	0	0	0	0	0	0	0	0	0	0	1034	0	0	0	0	0	0	0	0	0	0	0	0	0	0	0	0	0	0	0	0	0	0	0	0	0	0	0	0	0	0	0	0	0	0	0	5000	132	5004	0	0	0	646	0	2640	146	1194	0	6738	0	8552	0	0	0	0	0	0	264	98	0	0	0	
8468	Cerebelum_10_R	0	0	0	0	0	0	0	0	0	0	0	0	0	0	0	0	0	0	0	0	0	0	0	0	0	0	0	0	0	0	0	0	0	0	0	0	0	0	0	0	0	0	0	0	0	0	0	0	0	0	0	0	0	0	0	0	0	0	0	0	0	0	0	0	0	0	0	0	0	0	0	0	0	0	0	0	0	0	0	0	0	0	0	0	0	0	0	0	0	0	0	460	0	310	0	0	0	0	0	450	0	0	0	374	0	2020	0	0	0	0	0	112	226	156	126	0	
22760	Vermis_1_2	0	0	0	0	0	0	0	0	0	0	0	0	0	0	0	0	0	0	0	0	0	0	0	0	0	0	0	0	0	0	0	0	0	0	0	0	0	0	0	0	0	0	0	0	0	0	0	0	0	0	0	0	0	0	0	110	0	0	0	0	0	0	0	0	0	0	0	0	0	0	0	0	0	0	0	0	0	0	0	0	0	0	0	0	0	0	0	0	0	0	120	1210	116	438	188	760	304	806	0	1402	0	0	0	0	0	852	0	0	0	1942	1284	1068	194	0	586	0	
46576	Vermis_3	0	0	0	0	0	0	0	0	0	0	0	0	0	0	0	0	0	0	0	0	0	0	0	0	0	0	0	0	0	0	0	0	0	0	0	0	0	110	0	148	0	0	0	0	0	0	0	192	0	0	0	0	0	0	0	104	0	0	0	0	0	0	0	0	0	0	0	0	0	0	0	0	0	0	0	0	0	0	0	0	0	0	0	0	0	0	0	0	0	0	490	2742	476	1398	278	2702	592	2638	184	3486	0	0	0	0	0	714	0	0	1942	0	2594	926	682	0	890	0	
140016	Vermis_4_5	0	0	0	0	0	0	0	0	0	0	0	0	0	0	0	0	0	0	0	0	0	0	0	0	0	0	0	0	0	0	0	0	0	0	628	1624	330	574	0	148	0	0	0	118	0	0	1564	3040	0	0	0	0	0	146	604	1736	0	0	0	0	0	0	0	0	0	0	352	1802	0	0	0	0	0	0	0	0	0	120	0	0	0	0	0	0	0	0	0	0	0	0	1100	6122	454	2126	120	1356	5288	8232	4240	8516	120	0	0	350	1186	2244	0	0	1284	2594	0	6494	1028	264	1852	2252	
175696	Vermis_6	0	0	0	0	0	0	0	0	0	0	0	0	0	0	0	0	0	0	0	0	0	0	0	0	0	0	0	0	0	0	0	0	0	0	0	0	0	0	0	0	0	0	0	0	0	0	1508	5248	0	0	0	0	0	406	754	2790	0	0	0	0	0	0	0	0	0	0	0	0	0	0	0	0	0	0	0	0	0	0	0	0	0	0	0	0	0	0	0	0	0	0	2202	9884	326	3626	0	958	1808	2936	6142	12784	404	112	216	1072	1582	4490	264	112	1068	926	6494	0	6048	3560	6644	3484	
248344	Vermis_7	0	0	0	0	0	0	0	0	0	0	0	0	0	0	0	0	0	0	0	0	0	0	0	0	0	0	0	0	0	0	0	0	0	0	0	0	0	0	0	0	0	0	0	0	0	0	568	1122	0	0	0	0	0	0	152	498	0	0	0	0	0	0	0	0	0	0	0	0	0	0	0	0	0	0	0	0	0	0	0	0	0	0	0	0	0	0	0	0	0	0	10740	15406	12122	18834	0	1256	106	2670	2274	13868	4738	4968	5034	7048	248	1834	98	226	194	682	1028	6048	0	7306	4480	624	
