data	data	391684	267404	1.0345e+06	1.1341e+06	161664	116176	657044	338760	90276	15376	317804	199956	320016	264916	175868	61668	186432	96380	1.10332e+06	1.01892e+06	80944	72520	410960	483184	18704	90804	74568	73996	651936	291036	276280	513184	138412	612964	134196	110028	204136	201192	49424	77764	24912	41648	152880	309628	145080	366264	132988	210496	158204	413628	534660	288100	182712	78424	306456	283012	269248	251700	184316	254768	235116	183472	124036	169412	156084	166240	247516	488840	164716	137464	275844	457820	282104	318948	36040	17716	68988	128612	133500	64912	167400	92572	55424	26680	314032	244248	11968	9828	300536	203588	335020	335120	223308	209928	6952	19864	188908	165932	292756	304664	151884	112460	167488	183736	59512	56268	14720	2752	3320	11276	238792	148860	147056	61064	34416	21356	
data	data	Precentral_L	Precentral_R	Frontal_Sup_L	Frontal_Sup_R	Frontal_Sup_Orb_L	Frontal_Sup_Orb_R	Frontal_Mid_L	Frontal_Mid_R	Frontal_Mid_Orb_L	Frontal_Mid_Orb_R	Frontal_Inf_Oper_L	Frontal_Inf_Oper_R	Frontal_Inf_Tri_L	Frontal_Inf_Tri_R	Frontal_Inf_Orb_L	Frontal_Inf_Orb_R	Rolandic_Oper_L	Rolandic_Oper_R	Supp_Motor_Area_L	Supp_Motor_Area_R	Olfactory_L	Olfactory_R	Frontal_Sup_Medial_L	Frontal_Sup_Medial_R	Frontal_Med_Orb_L	Frontal_Med_Orb_R	Rectus_L	Rectus_R	Insula_L	Insula_R	Cingulum_Ant_L	Cingulum_Ant_R	Cingulum_Mid_L	Cingulum_Mid_R	Cingulum_Post_L	Cingulum_Post_R	Hippocampus_L	Hippocampus_R	ParaHippocampal_L	ParaHippocampal_R	Amygdala_L	Amygdala_R	Calcarine_L	Calcarine_R	Cuneus_L	Cuneus_R	Lingual_L	Lingual_R	Occipital_Sup_L	Occipital_Sup_R	Occipital_Mid_L	Occipital_Mid_R	Occipital_Inf_L	Occipital_Inf_R	Fusiform_L	Fusiform_R	Postcentral_L	Postcentral_R	Parietal_Sup_L	Parietal_Sup_R	Parietal_Inf_L	Parietal_Inf_R	SupraMarginal_L	SupraMarginal_R	Angular_L	Angular_R	Precuneus_L	Precuneus_R	Paracentral_Lobule_L	Paracentral_Lobule_R	Caudate_L	Caudate_R	Putamen_L	Putamen_R	Pallidum_L	Pallidum_R	Thalamus_L	Thalamus_R	Heschl_L	Heschl_R	Temporal_Sup_L	Temporal_Sup_R	Temporal_Pole_Sup_L	Temporal_Pole_Sup_R	Temporal_Mid_L	Temporal_Mid_R	Temporal_Pole_Mid_L	Temporal_Pole_Mid_R	Temporal_Inf_L	Temporal_Inf_R	Cerebelum_Crus1_L	Cerebelum_Crus1_R	Cerebelum_Crus2_L	Cerebelum_Crus2_R	Cerebelum_3_L	Cerebelum_3_R	Cerebelum_4_5_L	Cerebelum_4_5_R	Cerebelum_6_L	Cerebelum_6_R	Cerebelum_7b_L	Cerebelum_7b_R	Cerebelum_8_L	Cerebelum_8_R	Cerebelum_9_L	Cerebelum_9_R	Cerebelum_10_L	Cerebelum_10_R	Vermis_1_2	Vermis_3	Vermis_4_5	Vermis_6	Vermis_7	Vermis_8	Vermis_9	Vermis_10	
391684	Precentral_L	0	2546	10658	3194	0	0	31380	290	0	0	15796	0	3006	0	0	0	9810	0	5028	6762	0	0	0	0	0	0	0	0	13278	0	0	0	238	966	3160	226	1666	0	0	0	0	0	286	0	0	0	0	0	0	0	3580	0	1880	0	9536	0	26436	196	2826	0	9722	0	1480	0	2684	0	1700	154	9692	1312	376	470	840	0	0	0	616	510	6780	0	1670	0	0	0	2316	0	0	0	1848	0	928	0	0	0	0	0	0	0	0	0	0	0	0	0	0	0	0	0	0	0	0	0	0	0	0	0	
267404	Precentral_R	2546	0	1204	7516	0	0	1772	12120	0	0	0	3104	0	0	0	0	0	2148	252	4964	0	0	0	0	0	0	0	0	162	4228	0	0	0	1374	250	872	0	3730	0	442	0	0	0	336	0	954	0	214	0	1332	0	0	0	368	0	4162	0	34488	0	5172	0	4072	0	4844	0	1236	0	5678	720	9260	522	716	0	2522	0	124	228	820	0	1490	0	1408	0	0	0	1458	0	0	0	4894	0	0	0	0	0	0	0	0	0	0	0	0	0	0	0	0	0	0	0	0	0	0	0	0	0	0	
1.0345e+06	Frontal_Sup_L	10658	1204	0	26610	8318	0	74592	2436	2312	0	18746	0	26160	268	8364	0	7226	0	92714	33450	0	0	48908	14032	306	0	0	0	39634	0	20912	8308	4522	15688	480	180	2218	528	0	0	0	0	0	0	0	0	0	0	0	0	0	0	0	0	112	0	2598	0	0	0	0	0	0	0	0	0	0	0	2890	274	10130	656	21294	0	5414	0	1164	184	1106	0	1784	0	870	0	0	0	0	0	0	0	0	0	0	0	0	0	0	0	0	0	0	0	0	0	0	0	0	0	0	0	0	0	0	0	0	0	
1.1341e+06	Frontal_Sup_R	3194	7516	26610	0	104	4904	6380	40362	0	210	830	13042	1184	18246	142	1546	144	7910	61108	100022	0	0	18534	48006	0	2616	0	266	2520	16252	4570	44636	944	36990	410	170	0	7254	0	750	0	0	0	0	0	0	0	108	0	0	0	0	0	0	0	1088	0	584	0	0	0	0	0	0	0	0	0	0	1758	1046	8496	36746	1584	19092	0	2546	242	16102	0	172	0	114	0	0	0	0	0	0	0	0	0	0	0	0	0	0	0	0	0	0	0	0	0	0	0	0	0	0	0	0	0	0	0	0	0	0	
161664	Frontal_Sup_Orb_L	0	0	8318	104	0	212	1546	0	11368	0	0	0	1286	0	9242	0	0	0	756	0	3178	2020	5346	1042	2462	276	8898	754	3796	0	6444	500	0	0	0	0	0	0	0	0	0	0	0	0	0	0	0	0	0	0	0	0	0	0	0	0	0	0	0	0	0	0	0	0	0	0	0	0	0	0	4580	684	7496	0	0	0	0	0	0	0	0	0	524	0	0	0	0	0	0	0	0	0	0	0	0	0	0	0	0	0	0	0	0	0	0	0	0	0	0	0	0	0	0	0	0	0	
116176	Frontal_Sup_Orb_R	0	0	0	4904	212	0	0	0	0	1474	0	106	0	0	160	994	0	0	2822	2824	376	876	186	5628	0	7340	286	7092	0	582	216	4194	0	0	0	0	0	0	0	0	0	0	0	0	0	0	0	0	0	0	0	0	0	0	0	0	0	0	0	0	0	0	0	0	0	0	0	0	0	0	386	8924	0	8506	0	0	0	0	0	0	0	0	0	0	0	0	0	0	0	0	0	0	0	0	0	0	0	0	0	0	0	0	0	0	0	0	0	0	0	0	0	0	0	0	0	0	
657044	Frontal_Mid_L	31380	1772	74592	6380	1546	0	0	394	2818	0	15674	0	36944	0	8980	0	3554	0	21472	4218	0	0	19502	3728	0	0	0	0	27608	0	3140	2564	2488	2620	162	0	4208	186	0	0	0	0	0	0	0	0	0	0	0	0	2110	0	674	0	2116	0	3778	0	2330	0	4784	0	564	0	2478	0	330	0	0	134	2666	540	9054	0	1520	0	10662	496	3474	0	1324	0	488	0	1726	0	0	0	1124	0	220	0	0	0	0	0	0	0	0	0	0	0	0	0	0	0	0	0	0	0	0	0	0	0	0	0	
338760	Frontal_Mid_R	290	12120	2436	40362	0	0	394	0	0	486	488	14136	364	30600	118	3122	0	1474	6476	10612	0	0	1272	6474	0	0	0	0	1544	11506	358	3120	0	5080	0	0	0	2306	0	136	0	0	0	0	0	0	0	0	0	0	0	0	0	0	0	788	0	2794	0	0	0	252	0	1072	0	0	0	0	226	636	2196	1376	0	3238	0	442	0	868	0	102	0	0	0	0	0	0	0	0	0	116	0	0	0	0	0	0	0	0	0	0	0	0	0	0	0	0	0	0	0	0	0	0	0	0	0	0	
90276	Frontal_Mid_Orb_L	0	0	2312	0	11368	0	2818	0	0	0	0	0	1390	0	11272	0	0	0	0	0	986	930	0	0	416	0	4756	306	1098	0	766	0	0	0	0	0	0	0	0	0	0	0	0	0	0	0	0	0	0	0	0	0	0	0	0	0	0	0	0	0	0	0	0	0	0	0	0	0	0	0	1818	332	4570	0	0	0	0	0	0	0	0	0	0	0	0	0	0	0	0	0	0	0	0	0	0	0	0	0	0	0	0	0	0	0	0	0	0	0	0	0	0	0	0	0	0	0	
15376	Frontal_Mid_Orb_R	0	0	0	210	0	1474	0	486	0	0	0	0	0	254	0	2940	0	0	116	116	0	130	0	106	0	0	0	530	0	116	0	164	0	0	0	0	0	0	0	0	0	0	0	0	0	0	0	0	0	0	0	0	0	0	0	0	0	0	0	0	0	0	0	0	0	0	0	0	0	0	0	304	0	742	0	0	0	0	0	0	0	0	0	0	0	0	0	0	0	0	0	0	0	0	0	0	0	0	0	0	0	0	0	0	0	0	0	0	0	0	0	0	0	0	0	0	
317804	Frontal_Inf_Oper_L	15796	0	18746	830	0	0	15674	488	0	0	0	0	16786	0	228	0	10300	0	16974	618	0	0	0	0	0	0	0	0	29274	0	0	0	0	314	0	0	2920	468	0	0	0	0	0	0	0	0	0	0	0	0	1164	0	294	0	2174	0	1882	0	1668	0	3178	0	420	0	2280	0	120	0	0	0	2398	0	2230	0	290	0	422	0	4086	0	2906	0	982	0	1472	0	0	0	1520	0	0	0	0	0	0	0	0	0	0	0	0	0	0	0	0	0	0	0	0	0	0	0	0	0	0	0	
199956	Frontal_Inf_Oper_R	0	3104	0	13042	0	106	0	14136	0	0	0	0	0	15144	0	314	0	4956	9110	10452	0	0	0	1098	0	0	0	0	0	9156	0	672	0	1850	0	0	0	3102	0	716	0	0	0	0	0	0	0	312	0	0	0	0	0	106	0	1770	0	1900	0	164	0	180	0	368	0	0	0	0	0	0	0	788	0	5786	0	0	0	150	0	580	0	112	0	0	0	232	0	0	0	572	0	0	0	0	0	0	0	0	0	0	0	0	0	0	0	0	0	0	0	0	0	0	0	0	0	0	
320016	Frontal_Inf_Tri_L	3006	0	26160	1184	1286	0	36944	364	1390	0	16786	0	0	204	12970	0	324	0	14646	994	0	0	1370	0	0	0	0	0	30200	0	2080	0	0	636	0	0	854	186	0	0	0	0	0	0	0	0	0	0	0	0	0	0	0	0	158	0	422	0	0	0	0	0	0	0	0	0	0	0	0	0	2106	720	3418	0	204	0	206	0	0	0	262	0	928	0	0	0	0	0	0	0	0	0	0	0	0	0	0	0	0	0	0	0	0	0	0	0	0	0	0	0	0	0	0	0	0	0	
264916	Frontal_Inf_Tri_R	0	0	268	18246	0	0	0	30600	0	254	0	15144	204	0	0	5660	0	0	6656	10810	0	0	738	4272	0	0	0	0	290	23478	274	3962	200	7354	0	0	0	118	0	0	0	0	0	0	0	0	0	0	0	0	0	0	0	0	0	0	0	0	0	0	0	0	0	0	0	0	0	0	0	0	680	2266	176	808	0	0	0	0	0	0	0	0	0	0	0	0	0	0	0	0	0	0	0	0	0	0	0	0	0	0	0	0	0	0	0	0	0	0	0	0	0	0	0	0	0	0	
175868	Frontal_Inf_Orb_L	0	0	8364	142	9242	160	8980	118	11272	0	228	0	12970	0	0	0	0	0	2378	0	2494	1318	0	0	0	0	3098	556	12296	0	402	0	0	0	0	0	0	0	0	0	0	0	0	0	0	0	0	0	0	0	0	0	0	0	0	0	0	134	0	0	0	0	0	0	0	0	0	0	0	0	3356	524	7608	0	0	0	0	0	0	0	0	0	2294	0	0	0	0	0	0	0	0	0	0	0	0	0	0	0	0	0	0	0	0	0	0	0	0	0	0	0	0	0	0	0	0	0	
61668	Frontal_Inf_Orb_R	0	0	0	1546	0	994	0	3122	0	2940	0	314	0	5660	0	0	0	0	1240	1238	144	506	0	0	0	0	116	1102	0	5782	0	108	0	422	0	0	0	0	0	0	0	0	0	0	0	0	0	0	0	0	0	0	0	0	0	0	0	0	0	0	0	0	0	0	0	0	0	0	0	0	152	944	0	4504	0	0	0	0	0	0	0	0	0	0	0	0	0	0	0	0	0	0	0	0	0	0	0	0	0	0	0	0	0	0	0	0	0	0	0	0	0	0	0	0	0	0	
186432	Rolandic_Oper_L	9810	0	7226	144	0	0	3554	0	0	0	10300	0	324	0	0	0	0	0	4674	140	0	0	0	0	0	0	0	0	18458	0	0	0	0	0	0	0	1378	0	0	0	0	0	0	0	0	0	0	0	0	0	1556	0	1012	0	2408	0	6346	0	482	0	1234	0	4866	0	974	0	0	0	0	0	278	0	888	0	0	0	0	0	5334	0	7492	0	1024	0	2206	0	0	0	1108	0	0	0	0	0	0	0	0	0	0	0	0	0	0	0	0	0	0	0	0	0	0	0	0	0	0	0	
96380	Rolandic_Oper_R	0	2148	0	7910	0	0	0	1474	0	0	0	4956	0	0	0	0	0	0	4094	5092	0	0	0	0	0	0	0	0	0	9848	0	0	0	0	0	0	0	628	0	134	0	0	0	0	0	0	0	0	0	0	0	0	0	0	0	808	0	3500	0	0	0	0	0	1188	0	0	0	102	0	0	0	0	0	2374	0	0	0	0	0	2382	0	1116	0	0	0	0	0	0	0	436	0	0	0	0	0	0	0	0	0	0	0	0	0	0	0	0	0	0	0	0	0	0	0	0	0	0	
1.10332e+06	Supp_Motor_Area_L	5028	252	92714	61108	756	2822	21472	6476	0	116	16974	9110	14646	6656	2378	1240	4674	4094	0	91454	0	0	10254	10436	0	640	0	166	27040	7100	12504	17932	12130	37944	3194	0	1032	604	0	0	0	0	0	0	0	0	0	0	0	0	0	0	0	0	272	0	156	0	0	0	0	0	0	0	0	0	0	0	11870	886	10942	17270	13296	10726	152	0	404	0	0	0	1862	0	582	0	0	0	0	0	298	0	0	0	0	0	0	0	0	0	0	0	0	0	0	0	0	0	0	0	0	0	0	0	0	0	0	0	
1.01892e+06	Supp_Motor_Area_R	6762	4964	33450	100022	0	2824	4218	10612	0	116	618	10452	994	10810	0	1238	140	5092	91454	0	0	0	822	12560	0	644	0	164	1682	9858	1698	18980	7848	53914	2132	5096	0	1792	0	416	0	0	0	0	0	0	0	160	0	0	0	0	0	0	0	1196	0	2896	0	0	0	0	0	0	0	0	118	1140	9218	15030	7602	35758	1466	14836	0	1436	150	16732	0	0	0	0	0	0	0	0	0	0	0	352	0	0	0	0	0	0	0	0	0	0	0	0	0	0	0	0	0	0	0	0	0	0	0	0	0	0	
80944	Olfactory_L	0	0	0	0	3178	376	0	0	986	0	0	0	0	0	2494	144	0	0	0	0	0	5800	0	0	110	126	4114	1306	1338	0	3874	2532	0	0	0	0	118	0	146	0	254	0	0	0	0	0	0	0	0	0	0	0	0	0	0	0	0	0	0	0	0	0	0	0	0	0	0	0	0	0	7990	3382	1578	142	0	0	0	0	0	0	0	0	484	0	0	0	0	0	0	0	0	0	0	0	0	0	0	0	0	0	0	0	0	0	0	0	0	0	0	0	0	0	0	0	0	0	
72520	Olfactory_R	0	0	0	0	2020	876	0	0	930	130	0	0	0	0	1318	506	0	0	0	0	5800	0	0	128	0	422	2956	2688	0	898	2668	2110	0	0	0	0	0	0	0	0	0	236	0	0	0	0	0	0	0	0	0	0	0	0	0	0	0	0	0	0	0	0	0	0	0	0	0	0	0	0	6536	4322	1354	362	0	0	0	0	0	0	0	0	0	0	0	0	0	0	0	0	0	0	0	0	0	0	0	0	0	0	0	0	0	0	0	0	0	0	0	0	0	0	0	0	0	0	
410960	Frontal_Sup_Medial_L	0	0	48908	18534	5346	186	19502	1272	0	0	0	0	1370	738	0	0	0	0	10254	822	0	0	0	34584	820	678	0	0	1354	690	18402	19320	5604	16950	0	0	0	0	0	0	0	0	0	0	0	0	0	0	0	0	0	0	0	0	0	0	0	0	0	0	0	0	0	0	0	0	0	0	0	0	0	0	146	0	0	0	0	0	0	0	0	0	0	0	0	0	0	0	0	0	0	0	0	0	0	0	0	0	0	0	0	0	0	0	0	0	0	0	0	0	0	0	0	0	0	0	
483184	Frontal_Sup_Medial_R	0	0	14032	48006	1042	5628	3728	6474	0	106	0	1098	0	4272	0	0	0	0	10436	12560	0	128	34584	0	490	6550	0	1636	104	3536	6160	37126	1262	22834	0	0	0	0	0	0	0	0	0	0	0	0	0	0	0	0	0	0	0	0	0	0	0	0	0	0	0	0	0	0	0	0	0	0	0	0	314	13162	0	6324	0	0	0	0	0	0	0	0	0	0	0	0	0	0	0	0	0	0	0	0	0	0	0	0	0	0	0	0	0	0	0	0	0	0	0	0	0	0	0	0	0	0	
18704	Frontal_Med_Orb_L	0	0	306	0	2462	0	0	0	416	0	0	0	0	0	0	0	0	0	0	0	110	0	820	490	0	516	1662	0	0	0	2178	0	0	0	0	0	0	0	0	0	0	0	0	0	0	0	0	0	0	0	0	0	0	0	0	0	0	0	0	0	0	0	0	0	0	0	0	0	0	0	240	0	152	0	0	0	0	0	0	0	0	0	0	0	0	0	0	0	0	0	0	0	0	0	0	0	0	0	0	0	0	0	0	0	0	0	0	0	0	0	0	0	0	0	0	0	
90804	Frontal_Med_Orb_R	0	0	0	2616	276	7340	0	0	0	0	0	0	0	0	0	0	0	0	640	644	126	422	678	6550	516	0	0	5484	0	0	1834	4564	0	0	0	0	0	0	0	0	0	0	0	0	0	0	0	0	0	0	0	0	0	0	0	0	0	0	0	0	0	0	0	0	0	0	0	0	0	0	126	6922	0	6664	0	0	0	0	0	0	0	0	0	0	0	0	0	0	0	0	0	0	0	0	0	0	0	0	0	0	0	0	0	0	0	0	0	0	0	0	0	0	0	0	0	0	
74568	Rectus_L	0	0	0	0	8898	286	0	0	4756	0	0	0	0	0	3098	116	0	0	0	0	4114	2956	0	0	1662	0	0	970	0	0	2788	444	0	0	0	0	0	0	0	0	0	0	0	0	0	0	0	0	0	0	0	0	0	0	0	0	0	0	0	0	0	0	0	0	0	0	0	0	0	0	5394	1048	754	0	0	0	0	0	0	0	0	0	0	0	0	0	0	0	0	0	0	0	0	0	0	0	0	0	0	0	0	0	0	0	0	0	0	0	0	0	0	0	0	0	0	0	
73996	Rectus_R	0	0	0	266	754	7092	0	0	306	530	0	0	0	0	556	1102	0	0	166	164	1306	2688	0	1636	0	5484	970	0	0	728	210	940	0	0	0	0	0	0	0	0	0	0	0	0	0	0	0	0	0	0	0	0	0	0	0	0	0	0	0	0	0	0	0	0	0	0	0	0	0	0	1312	6060	0	4728	0	0	0	0	0	0	0	0	0	0	0	0	0	0	0	0	0	0	0	0	0	0	0	0	0	0	0	0	0	0	0	0	0	0	0	0	0	0	0	0	0	0	
651936	Insula_L	13278	162	39634	2520	3796	0	27608	1544	1098	0	29274	0	30200	290	12296	0	18458	0	27040	1682	1338	0	1354	104	0	0	0	0	0	0	4276	0	0	980	0	0	14406	1224	618	0	2142	0	0	0	0	0	0	0	0	0	2762	0	2242	0	9440	170	3706	730	808	0	1560	220	4704	110	842	0	208	0	0	0	8116	982	18792	0	144	0	1392	0	9924	0	10850	0	3626	0	3934	0	0	0	5206	0	178	0	0	0	0	0	0	0	0	0	0	0	0	0	0	0	0	0	0	0	0	0	0	0	0	0	
291036	Insula_R	0	4228	0	16252	0	582	0	11506	0	116	0	9156	0	23478	0	5782	0	9848	7100	9858	0	898	690	3536	0	0	0	728	0	0	168	3236	160	3806	0	0	0	4852	0	818	0	1696	0	0	0	0	0	0	0	0	0	0	0	0	0	2546	0	3334	0	0	0	0	0	260	0	0	0	0	0	0	116	2932	0	15380	0	0	0	0	0	598	0	722	0	250	0	232	0	0	0	654	0	0	0	0	0	0	0	0	0	0	0	0	0	0	0	0	0	0	0	0	0	0	0	0	0	0	
276280	Cingulum_Ant_L	0	0	20912	4570	6444	216	3140	358	766	0	0	0	2080	274	402	0	0	0	12504	1698	3874	2668	18402	6160	2178	1834	2788	210	4276	168	0	13602	4476	2530	0	0	0	182	0	0	0	0	0	0	0	0	0	0	0	0	0	0	0	0	0	0	0	0	0	0	0	0	0	0	0	0	0	0	0	0	9866	4600	6376	586	0	0	0	0	0	0	0	0	0	0	0	0	0	0	0	0	0	0	0	0	0	0	0	0	0	0	0	0	0	0	0	0	0	0	0	0	0	0	0	0	0	0	
513184	Cingulum_Ant_R	0	0	8308	44636	500	4194	2564	3120	0	164	0	672	0	3962	0	108	0	0	17932	18980	2532	2110	19320	37126	0	4564	444	940	0	3236	13602	0	2162	29430	0	0	0	0	0	0	0	0	0	0	0	0	0	0	0	0	0	0	0	0	0	0	0	0	0	0	0	0	0	0	0	0	0	0	0	0	3572	22276	984	9024	0	0	0	130	0	0	0	0	0	0	0	0	0	0	0	0	0	0	0	0	0	0	0	0	0	0	0	0	0	0	0	0	0	0	0	0	0	0	0	0	0	0	
138412	Cingulum_Mid_L	238	0	4522	944	0	0	2488	0	0	0	0	0	0	200	0	0	0	0	12130	7848	0	0	5604	1262	0	0	0	0	0	160	4476	2162	0	8750	1266	146	0	0	0	0	0	0	0	0	1018	0	0	0	2774	0	1846	0	116	0	0	0	1474	0	1018	0	572	0	0	0	0	0	4624	254	2858	216	0	0	0	0	0	0	0	0	0	0	0	0	0	0	240	0	0	0	0	0	0	0	0	0	0	0	0	0	0	0	0	0	0	0	0	0	0	0	0	0	0	0	0	0	0	0	
612964	Cingulum_Mid_R	966	1374	15688	36990	0	0	2620	5080	0	0	314	1850	636	7354	0	422	0	0	37944	53914	0	0	16950	22834	0	0	0	0	980	3806	2530	29430	8750	0	1982	5070	0	0	0	0	0	0	0	3090	0	3364	0	306	0	1004	0	622	0	236	0	130	0	4706	0	0	0	0	0	0	0	0	1566	12098	3742	10138	2000	3966	762	0	0	0	0	0	0	0	0	0	0	0	0	668	0	0	0	600	0	0	0	0	0	0	0	0	0	0	0	0	0	0	0	0	0	0	0	0	0	0	0	0	0	0	
134196	Cingulum_Post_L	3160	250	480	410	0	0	162	0	0	0	0	0	0	0	0	0	0	0	3194	2132	0	0	0	0	0	0	0	0	0	0	0	0	1266	1982	0	10002	4608	3678	3434	1910	0	0	2080	0	904	178	614	408	0	0	250	0	264	0	972	452	414	200	0	0	0	0	0	0	0	0	6786	2758	12286	738	0	0	0	0	0	0	252	594	0	0	0	0	0	0	0	0	0	0	136	0	0	0	0	0	0	0	0	0	0	0	0	0	0	0	0	0	0	0	0	0	144	0	0	0	0	0	
110028	Cingulum_Post_R	226	872	180	170	0	0	0	0	0	0	0	0	0	0	0	0	0	0	0	5096	0	0	0	0	0	0	0	0	0	0	0	0	146	5070	10002	0	3770	3930	2578	1952	0	0	0	130	0	260	0	1414	0	0	0	0	0	136	0	1266	0	1932	0	0	0	0	0	0	0	0	1520	6536	404	5266	0	0	0	0	0	0	484	722	0	0	0	0	0	0	0	0	0	0	0	714	0	0	0	0	0	0	0	0	0	0	0	0	0	0	0	0	0	0	0	0	238	0	0	0	0	0	
204136	Hippocampus_L	1666	0	2218	0	0	0	4208	0	0	0	2920	0	854	0	0	0	1378	0	1032	0	118	0	0	0	0	0	0	0	14406	0	0	0	0	0	4608	3770	0	3406	7826	1878	5630	0	1058	0	0	0	880	172	0	0	0	0	0	0	11952	362	402	0	0	0	138	0	0	0	0	0	1540	872	0	0	130	0	7194	0	1258	0	4862	1188	1406	0	2276	0	642	0	282	0	0	0	9412	0	0	0	0	0	0	0	0	0	0	0	0	0	0	0	0	0	0	0	0	0	124	0	0	0	0	0	
201192	Hippocampus_R	0	3730	528	7254	0	0	186	2306	0	0	468	3102	186	118	0	0	0	628	604	1792	0	0	0	0	0	0	0	0	1224	4852	182	0	0	0	3678	3930	3406	0	2386	11342	0	7690	0	0	0	0	0	1438	0	0	0	0	0	194	0	18294	0	292	0	0	0	0	0	0	0	0	110	1096	0	0	1720	266	0	10892	0	0	638	4234	0	0	0	0	0	210	0	574	0	0	0	918	0	0	0	0	0	0	0	0	0	0	0	0	0	0	0	0	0	0	0	0	128	0	0	0	0	0	
49424	ParaHippocampal_L	0	0	0	0	0	0	0	0	0	0	0	0	0	0	0	0	0	0	0	0	146	0	0	0	0	0	0	0	618	0	0	0	0	0	3434	2578	7826	2386	0	1530	424	0	846	0	0	0	690	132	0	0	0	0	0	0	766	288	0	0	0	0	0	0	0	0	0	0	870	450	0	0	0	0	160	0	0	0	418	702	0	0	0	0	102	0	0	0	0	0	0	0	0	0	0	0	0	0	0	0	0	0	0	0	104	0	134	0	0	0	0	0	108	0	0	0	0	0	
77764	ParaHippocampal_R	0	442	0	750	0	0	0	136	0	0	0	716	0	0	0	0	0	134	0	416	0	0	0	0	0	0	0	0	0	818	0	0	0	0	1910	1952	1878	11342	1530	0	0	3610	0	0	0	0	0	1126	0	0	0	0	0	0	0	6722	0	0	0	0	0	0	0	0	0	0	0	488	0	0	0	0	0	1840	0	0	190	1172	0	0	0	0	0	1152	0	0	0	434	0	0	0	0	0	0	0	0	0	124	0	0	0	0	0	0	0	0	0	0	0	0	0	0	0	0	0	0	
24912	Amygdala_L	0	0	0	0	0	0	0	0	0	0	0	0	0	0	0	0	0	0	0	0	254	0	0	0	0	0	0	0	2142	0	0	0	0	0	0	0	5630	0	424	0	0	0	0	0	0	0	0	0	0	0	0	0	0	0	2298	0	0	0	0	0	0	0	0	0	0	0	0	0	0	0	0	0	360	0	0	0	0	0	0	0	0	0	236	0	0	0	0	0	1112	0	0	0	0	0	0	0	0	0	0	0	0	0	0	0	0	0	0	0	0	0	0	0	0	0	0	0	
41648	Amygdala_R	0	0	0	0	0	0	0	0	0	0	0	0	0	0	0	0	0	0	0	0	0	236	0	0	0	0	0	0	0	1696	0	0	0	0	0	0	0	7690	0	3610	0	0	0	0	0	0	0	0	0	0	0	0	0	0	0	4830	0	0	0	0	0	0	0	0	0	0	0	0	0	0	0	0	0	1208	0	0	0	0	0	0	0	0	0	1392	0	0	0	162	0	0	0	0	0	0	0	0	0	0	0	0	0	0	0	0	0	0	0	0	0	0	0	0	0	0	0	0	
152880	Calcarine_L	286	0	0	0	0	0	0	0	0	0	0	0	0	0	0	0	0	0	0	0	0	0	0	0	0	0	0	0	0	0	0	0	0	0	2080	0	1058	0	846	0	0	0	0	2826	10806	1658	8856	704	7626	284	20726	0	6932	0	1224	0	174	0	0	0	0	0	0	0	0	0	7692	742	284	0	0	0	0	0	0	0	0	0	0	0	0	0	0	0	1146	0	0	0	272	0	218	0	0	0	0	0	0	0	0	0	0	0	0	0	0	0	0	0	0	0	0	0	0	0	0	0	
309628	Calcarine_R	0	336	0	0	0	0	0	0	0	0	0	0	0	0	0	0	0	0	0	0	0	0	0	0	0	0	0	0	0	0	0	0	0	3090	0	130	0	0	0	0	0	0	2826	0	2856	29352	1060	17034	0	25740	0	19976	0	7216	0	3052	0	1496	0	1818	0	0	0	0	0	148	594	24280	0	1118	0	0	0	0	0	0	0	0	0	0	0	0	0	0	0	7746	0	0	0	4946	0	0	0	0	0	0	0	0	0	0	0	0	0	0	0	0	0	0	0	0	0	0	0	0	0	0	
145080	Cuneus_L	0	0	0	0	0	0	0	0	0	0	0	0	0	0	0	0	0	0	0	0	0	0	0	0	0	0	0	0	0	0	0	0	1018	0	904	0	0	0	0	0	0	0	10806	2856	0	6586	1392	0	16718	2618	16550	0	1998	0	196	0	320	0	634	0	0	0	0	0	0	0	6592	886	1850	0	0	0	0	0	0	0	0	0	0	0	0	0	0	0	482	0	0	0	0	0	134	0	0	0	0	0	0	0	0	0	0	0	0	0	0	0	0	0	0	0	0	0	0	0	0	0	
366264	Cuneus_R	0	954	0	0	0	0	0	0	0	0	0	0	0	0	0	0	0	0	0	0	0	0	0	0	0	0	0	0	0	0	0	0	0	3364	178	260	0	0	0	0	0	0	1658	29352	6586	0	0	1858	152	51684	0	17642	0	1120	0	308	0	3536	104	11024	0	488	0	252	0	710	3732	41216	0	494	0	0	0	0	0	0	0	0	0	0	0	0	0	0	0	4698	0	0	0	1762	0	0	0	0	0	0	0	0	0	0	0	0	0	0	0	0	0	0	0	0	0	0	0	0	0	0	
132988	Lingual_L	0	0	0	0	0	0	0	0	0	0	0	0	0	0	0	0	0	0	0	0	0	0	0	0	0	0	0	0	0	0	0	0	0	0	614	0	880	0	690	0	0	0	8856	1060	1392	0	0	1266	662	0	17792	0	15200	0	5140	0	0	0	0	0	0	0	0	0	0	0	1696	0	0	0	0	0	0	0	0	0	0	0	0	0	0	0	0	0	162	0	0	0	0	0	3034	0	0	0	0	0	3190	0	3638	0	0	0	0	0	0	0	0	0	0	0	512	522	188	0	0	0	
210496	Lingual_R	0	214	0	108	0	0	0	0	0	0	0	312	0	0	0	0	0	0	0	160	0	0	0	0	0	0	0	0	0	0	0	0	0	306	408	1414	172	1438	132	1126	0	0	704	17034	0	1858	1266	0	0	5578	0	6666	0	5436	188	16150	0	162	0	102	0	0	0	0	0	0	124	5542	0	204	0	0	0	192	0	0	0	0	0	0	0	0	0	0	0	474	0	0	0	494	1270	4000	188	0	0	0	112	3182	2364	7586	0	0	0	122	0	116	0	0	0	0	8708	8004	1402	116	114	0	
158204	Occipital_Sup_L	0	0	0	0	0	0	0	0	0	0	0	0	0	0	0	0	0	0	0	0	0	0	0	0	0	0	0	0	0	0	0	0	2774	0	0	0	0	0	0	0	0	0	7626	0	16718	152	662	0	0	0	23754	0	858	0	0	0	4712	0	7342	0	1852	0	0	0	164	0	10832	128	680	0	0	0	0	0	0	0	0	0	0	0	0	0	0	0	848	0	0	0	0	0	0	0	0	0	0	0	0	0	0	0	0	0	0	0	0	0	0	0	0	0	0	0	0	0	0	0	
413628	Occipital_Sup_R	0	1332	0	0	0	0	0	0	0	0	0	0	0	0	0	0	0	0	0	0	0	0	0	0	0	0	0	0	0	0	0	0	0	1004	0	0	0	0	0	0	0	0	284	25740	2618	51684	0	5578	0	0	0	29470	0	1682	0	596	0	3126	0	21720	0	1500	0	1516	0	3768	2514	42296	0	238	0	0	0	0	0	0	0	0	0	266	0	542	0	0	0	6766	0	0	0	2574	0	0	0	0	0	0	0	0	0	0	0	0	0	0	0	0	0	0	0	0	0	0	0	0	0	0	
534660	Occipital_Mid_L	3580	0	0	0	0	0	2110	0	0	0	1164	0	0	0	0	0	1556	0	0	0	0	0	0	0	0	0	0	0	2762	0	0	0	1846	0	250	0	0	0	0	0	0	0	20726	0	16550	0	17792	0	23754	0	0	0	29870	0	3062	0	15762	0	21626	0	14480	0	3008	0	15262	0	18124	0	3516	0	0	0	0	0	0	0	0	0	3260	0	1920	0	0	0	32964	0	0	0	11764	0	622	0	0	0	0	0	0	0	0	0	0	0	0	0	0	0	0	0	0	0	0	0	0	0	0	0	
288100	Occipital_Mid_R	0	0	0	0	0	0	0	0	0	0	0	0	0	0	0	0	0	0	0	0	0	0	0	0	0	0	0	0	0	0	0	0	0	622	0	0	0	0	0	0	0	0	0	19976	0	17642	0	6666	0	29470	0	0	0	4652	0	492	0	182	0	7254	0	4154	0	914	0	18268	1050	14224	0	0	0	0	0	0	0	0	0	0	0	0	0	196	0	0	0	17296	0	0	0	992	0	0	0	0	0	0	0	0	0	0	0	0	0	0	0	0	0	0	0	0	0	0	0	0	0	0	
182712	Occipital_Inf_L	1880	0	0	0	0	0	674	0	0	0	294	0	0	0	0	0	1012	0	0	0	0	0	0	0	0	0	0	0	2242	0	0	0	116	0	264	0	0	0	0	0	0	0	6932	0	1998	0	15200	0	858	0	29870	0	0	0	8316	0	1676	0	154	0	374	0	856	0	326	0	4992	0	2064	0	0	0	0	0	0	0	0	0	1342	0	286	0	0	0	3192	0	0	0	5964	0	474	0	0	0	0	0	0	0	0	0	0	0	0	0	0	0	0	0	0	0	0	0	0	0	0	0	
78424	Occipital_Inf_R	0	368	0	0	0	0	0	0	0	0	0	106	0	0	0	0	0	0	0	0	0	0	0	0	0	0	0	0	0	0	0	0	0	236	0	136	0	194	0	0	0	0	0	7216	0	1120	0	5436	0	1682	0	4652	0	0	0	9160	0	160	0	462	0	124	0	110	0	126	0	2434	0	374	0	0	0	0	0	0	0	0	0	0	0	0	0	0	0	1046	0	0	0	2542	0	614	0	0	0	0	0	0	0	370	0	0	0	0	0	0	0	0	0	0	0	354	190	0	0	0	
306456	Fusiform_L	9536	0	112	0	0	0	2116	0	0	0	2174	0	158	0	0	0	2408	0	272	0	0	0	0	0	0	0	0	0	9440	0	0	0	0	0	972	0	11952	0	766	0	2298	0	1224	0	196	0	5140	188	0	0	3062	0	8316	0	0	0	2734	0	114	0	518	0	1782	0	410	0	2842	0	3562	0	0	0	332	0	0	0	422	0	2392	0	4068	0	1930	0	2832	0	860	0	19632	0	15736	354	996	0	0	0	8004	324	18232	464	204	0	298	0	0	0	0	0	0	0	2350	1182	174	0	0	150	
283012	Fusiform_R	0	4162	0	1088	0	0	0	788	0	0	0	1770	0	0	0	0	0	808	0	1196	0	0	0	0	0	0	0	0	170	2546	0	0	0	130	452	1266	362	18294	288	6722	0	4830	0	3052	0	308	0	16150	0	596	0	492	0	9160	0	0	0	1306	0	126	0	0	0	470	0	0	0	1958	0	1430	208	0	0	5268	0	0	0	304	0	188	0	478	0	5100	0	3088	0	1866	0	13796	256	6734	0	0	0	0	132	3744	656	9442	0	0	0	0	0	0	0	0	0	0	6008	4070	248	0	0	0	
269248	Postcentral_L	26436	0	2598	0	0	0	3778	0	0	0	1882	0	422	0	0	0	6346	0	156	0	0	0	0	0	0	0	0	0	3706	0	0	0	1474	0	414	0	402	0	0	0	0	0	174	0	320	0	0	0	4712	0	15762	0	1676	0	2734	0	0	0	8568	0	20904	0	8194	0	478	0	9020	0	3794	0	156	0	328	0	0	0	0	0	3844	0	708	0	0	0	4734	0	0	0	904	0	0	0	0	0	0	0	0	0	0	0	0	0	0	0	0	0	0	0	0	0	0	0	0	0	0	0	
251700	Postcentral_R	196	34488	0	584	0	0	0	2794	0	0	0	1900	0	0	134	0	0	3500	0	2896	0	0	0	0	0	0	0	0	730	3334	0	0	0	4706	200	1932	0	292	0	0	0	0	0	1496	0	3536	0	162	0	3126	0	182	0	160	0	1306	0	0	0	11218	0	9326	0	8700	0	2194	142	13594	0	7112	776	0	0	818	0	0	0	0	0	906	0	976	0	0	0	732	0	0	0	1702	0	0	0	0	0	0	0	0	0	0	0	0	0	0	0	0	0	0	0	0	0	0	0	0	0	0	
184316	Parietal_Sup_L	2826	0	0	0	0	0	2330	0	0	0	1668	0	0	0	0	0	482	0	0	0	0	0	0	0	0	0	0	0	808	0	0	0	1018	0	0	0	0	0	0	0	0	0	0	0	634	104	0	0	7342	0	21626	0	154	0	114	0	8568	0	0	0	18648	0	1476	0	7324	0	13700	122	612	0	0	0	0	0	0	0	0	0	486	0	132	0	0	0	1142	0	0	0	842	0	0	0	0	0	0	0	0	0	0	0	0	0	0	0	0	0	0	0	0	0	0	0	0	0	0	0	
254768	Parietal_Sup_R	0	5172	0	0	0	0	0	0	0	0	0	164	0	0	0	0	0	0	0	0	0	0	0	0	0	0	0	0	0	0	0	0	0	0	0	0	0	0	0	0	0	0	0	1818	0	11024	0	102	0	21720	0	7254	0	462	0	126	0	11218	0	0	0	13262	0	6654	0	10628	892	27234	0	312	0	0	0	0	0	0	0	0	0	804	0	1516	0	0	0	4218	0	0	0	2804	0	0	0	0	0	0	0	0	0	0	0	0	0	0	0	0	0	0	0	0	0	0	0	0	0	0	
235116	Parietal_Inf_L	9722	0	0	0	0	0	4784	0	0	0	3178	0	0	0	0	0	1234	0	0	0	0	0	0	0	0	0	0	0	1560	0	0	0	572	0	0	0	138	0	0	0	0	0	0	0	0	0	0	0	1852	0	14480	0	374	0	518	0	20904	0	18648	0	0	0	14382	0	14060	0	3180	0	330	0	0	0	196	0	0	0	0	0	1596	0	494	0	0	0	2924	0	0	0	2432	0	0	0	0	0	0	0	0	0	0	0	0	0	0	0	0	0	0	0	0	0	0	0	0	0	0	0	
183472	Parietal_Inf_R	0	4072	0	0	0	0	0	252	0	0	0	180	0	0	0	0	0	0	0	0	0	0	0	0	0	0	0	0	220	0	0	0	0	0	0	0	0	0	0	0	0	0	0	0	0	488	0	0	0	1500	0	4154	0	124	0	0	0	9326	0	13262	0	0	0	15594	0	20836	0	1760	0	412	232	0	0	0	0	0	0	0	0	2694	0	3284	0	0	0	8578	0	0	0	4768	0	0	0	0	0	0	0	0	0	0	0	0	0	0	0	0	0	0	0	0	0	0	0	0	0	0	
124036	SupraMarginal_L	1480	0	0	0	0	0	564	0	0	0	420	0	0	0	0	0	4866	0	0	0	0	0	0	0	0	0	0	0	4704	0	0	0	0	0	0	0	0	0	0	0	0	0	0	0	0	0	0	0	0	0	3008	0	856	0	1782	0	8194	0	1476	0	14382	0	0	0	6550	0	0	0	0	0	0	0	0	0	0	0	0	0	1864	0	4314	0	0	0	4996	0	0	0	2562	0	0	0	0	0	0	0	0	0	0	0	0	0	0	0	0	0	0	0	0	0	0	0	0	0	0	0	
169412	SupraMarginal_R	0	4844	0	0	0	0	0	1072	0	0	0	368	0	0	0	0	0	1188	0	0	0	0	0	0	0	0	0	0	110	260	0	0	0	0	0	0	0	0	0	0	0	0	0	0	0	252	0	0	0	1516	0	914	0	110	0	470	0	8700	0	6654	0	15594	0	0	0	8526	0	4104	0	814	122	0	0	0	0	0	0	0	0	4842	0	8494	0	0	0	9656	0	0	0	6096	0	0	0	0	0	0	0	0	0	0	0	0	0	0	0	0	0	0	0	0	0	0	0	0	0	0	
156084	Angular_L	2684	0	0	0	0	0	2478	0	0	0	2280	0	0	0	0	0	974	0	0	0	0	0	0	0	0	0	0	0	842	0	0	0	0	0	0	0	0	0	0	0	0	0	0	0	0	0	0	0	164	0	15262	0	326	0	410	0	478	0	7324	0	14060	0	6550	0	0	0	0	0	0	0	0	0	0	0	0	0	0	0	2500	0	1402	0	0	0	11946	0	0	0	8362	0	0	0	0	0	0	0	0	0	0	0	0	0	0	0	0	0	0	0	0	0	0	0	0	0	0	0	
166240	Angular_R	0	1236	0	0	0	0	0	0	0	0	0	0	0	0	0	0	0	0	0	0	0	0	0	0	0	0	0	0	0	0	0	0	0	0	0	0	0	0	0	0	0	0	0	148	0	710	0	0	0	3768	0	18268	0	126	0	0	0	2194	0	10628	0	20836	0	8526	0	0	0	1614	0	0	0	0	0	0	0	0	0	0	0	888	0	1534	0	0	0	9094	0	0	0	3550	0	0	0	0	0	0	0	0	0	0	0	0	0	0	0	0	0	0	0	0	0	0	0	0	0	0	
247516	Precuneus_L	1700	0	0	0	0	0	330	0	0	0	120	0	0	0	0	0	0	0	0	118	0	0	0	0	0	0	0	0	208	0	0	0	4624	1566	6786	1520	1540	110	870	0	0	0	7692	594	6592	3732	1696	124	10832	2514	18124	1050	4992	0	2842	0	9020	142	13700	892	3180	0	0	0	0	0	0	6162	6084	182	0	0	0	0	0	0	0	0	150	0	0	0	0	0	1790	552	0	0	1416	212	0	0	0	0	0	0	0	0	0	0	0	0	0	0	0	0	0	0	0	0	0	0	0	0	0	0	
488840	Precuneus_R	154	5678	0	0	0	0	0	0	0	0	0	0	0	0	0	0	0	102	0	1140	0	0	0	0	0	0	0	0	0	0	0	0	254	12098	2758	6536	872	1096	450	488	0	0	742	24280	886	41216	0	5542	128	42296	0	14224	0	2434	0	1958	0	13594	122	27234	0	1760	0	4104	0	1614	6162	0	0	4290	0	0	0	0	0	0	0	0	0	562	0	1250	0	0	0	9588	0	0	0	7842	0	0	0	0	0	0	0	150	0	0	0	0	0	0	0	0	0	0	0	0	816	0	0	0	0	0	
164716	Paracentral_Lobule_L	9692	720	2890	1758	0	0	0	226	0	0	0	0	0	0	0	0	0	0	11870	9218	0	0	0	0	0	0	0	0	0	0	0	0	2858	3742	12286	404	0	0	0	0	0	0	284	0	1850	0	0	0	680	0	3516	0	2064	0	3562	0	3794	0	612	0	330	0	0	0	0	0	6084	0	0	1910	0	0	0	0	0	0	0	0	0	0	0	0	0	0	738	0	0	0	982	0	288	0	0	0	0	0	0	0	0	0	0	0	0	0	0	0	0	0	0	0	0	0	0	0	0	0	
137464	Paracentral_Lobule_R	1312	9260	274	1046	0	0	134	636	0	0	0	0	0	0	0	0	0	0	886	15030	0	0	0	0	0	0	0	0	0	0	0	0	216	10138	738	5266	0	0	0	0	0	0	0	1118	0	494	0	204	0	238	0	0	0	374	0	1430	0	7112	0	312	0	412	0	814	0	0	182	4290	1910	0	0	0	0	0	0	0	0	0	0	442	0	940	0	0	0	948	0	0	0	2576	0	0	0	0	0	0	0	0	0	0	0	0	0	0	0	0	0	0	0	0	0	0	0	0	0	0	
275844	Caudate_L	376	522	10130	8496	4580	386	2666	2196	1818	0	2398	0	2106	680	3356	152	278	0	10942	7602	7990	6536	0	314	240	126	5394	1312	8116	116	9866	3572	0	2000	0	0	130	1720	0	0	0	0	0	0	0	0	0	0	0	0	0	0	0	0	0	208	156	776	0	0	0	232	0	122	0	0	0	0	0	0	0	9930	13944	478	1488	0	4324	0	0	0	148	0	0	0	0	0	0	0	0	0	0	0	0	0	0	0	0	0	0	0	0	0	0	0	0	0	0	0	0	0	0	0	0	0	0	0	
457820	Caudate_R	470	716	656	36746	684	8924	540	1376	332	304	0	788	720	2266	524	944	0	0	17270	35758	3382	4322	0	13162	0	6922	1048	6060	982	2932	4600	22276	0	3966	0	0	0	266	0	0	0	0	0	0	0	0	0	0	0	0	0	0	0	0	0	0	0	0	0	0	0	0	0	0	0	0	0	0	0	0	9930	0	2676	18714	0	2006	180	16468	0	0	0	0	0	0	0	0	0	0	0	0	0	0	0	0	0	0	0	0	0	0	0	0	0	0	0	0	0	0	0	0	0	0	0	0	0	0	
282104	Putamen_L	840	0	21294	1584	7496	0	9054	0	4570	0	2230	0	3418	176	7608	0	888	0	13296	1466	1578	1354	146	0	152	0	754	0	18792	0	6376	984	0	762	0	0	7194	0	160	0	360	0	0	0	0	0	0	0	0	0	0	0	0	0	332	0	328	0	0	0	196	0	0	0	0	0	0	0	0	0	13944	2676	0	302	5404	0	2798	0	400	0	814	0	926	0	0	0	0	0	400	0	0	0	0	0	0	0	0	0	0	0	0	0	0	0	0	0	0	0	0	0	0	0	0	0	0	0	
318948	Putamen_R	0	2522	0	19092	0	8506	0	3238	0	742	0	5786	0	808	0	4504	0	2374	10726	14836	142	362	0	6324	0	6664	0	4728	0	15380	586	9024	0	0	0	0	0	10892	0	1840	0	1208	0	0	0	0	0	192	0	0	0	0	0	0	0	5268	0	818	0	0	0	0	0	0	0	0	0	0	0	0	478	18714	302	0	0	2304	0	1114	0	0	0	0	0	0	0	0	0	0	0	0	0	0	0	0	0	0	0	0	0	0	0	0	0	0	0	0	0	0	0	0	0	0	0	0	0	0	
36040	Pallidum_L	0	0	5414	0	0	0	1520	0	0	0	290	0	204	0	0	0	0	0	152	0	0	0	0	0	0	0	0	0	144	0	0	0	0	0	0	0	1258	0	0	0	0	0	0	0	0	0	0	0	0	0	0	0	0	0	0	0	0	0	0	0	0	0	0	0	0	0	0	0	0	0	1488	0	5404	0	0	0	2146	0	0	0	0	0	0	0	0	0	0	0	0	0	0	0	0	0	0	0	0	0	0	0	0	0	0	0	0	0	0	0	0	0	0	0	0	0	0	0	
17716	Pallidum_R	0	124	0	2546	0	0	0	442	0	0	0	0	0	0	0	0	0	0	0	1436	0	0	0	0	0	0	0	0	0	0	0	0	0	0	0	0	0	0	0	0	0	0	0	0	0	0	0	0	0	0	0	0	0	0	0	0	0	0	0	0	0	0	0	0	0	0	0	0	0	0	0	2006	0	2304	0	0	0	0	0	0	0	0	0	0	0	0	0	0	0	0	0	0	0	0	0	0	0	0	0	0	0	0	0	0	0	0	0	0	0	0	0	0	0	0	0	0	
68988	Thalamus_L	616	228	1164	242	0	0	10662	0	0	0	422	0	206	0	0	0	0	0	404	150	0	0	0	0	0	0	0	0	1392	0	0	0	0	0	252	484	4862	638	418	190	0	0	0	0	0	0	0	0	0	0	0	0	0	0	422	0	0	0	0	0	0	0	0	0	0	0	0	0	0	0	4324	180	2798	0	2146	0	0	1816	0	0	0	0	0	0	0	0	0	0	478	0	0	0	0	0	0	0	0	0	0	0	0	0	0	0	0	0	0	0	0	0	0	0	0	0	0	0	
128612	Thalamus_R	510	820	184	16102	0	0	496	868	0	0	0	150	0	0	0	0	0	0	0	16732	0	0	0	0	0	0	0	0	0	0	0	130	0	0	594	722	1188	4234	702	1172	0	0	0	0	0	0	0	0	0	0	0	0	0	0	0	304	0	0	0	0	0	0	0	0	0	0	0	0	0	0	0	16468	0	1114	0	0	1816	0	0	0	0	0	0	0	0	0	0	0	0	0	0	0	0	0	0	0	0	0	0	0	0	0	0	0	0	0	0	0	0	0	0	0	0	0	0	0	
133500	Heschl_L	6780	0	1106	0	0	0	3474	0	0	0	4086	0	0	0	0	0	5334	0	0	0	0	0	0	0	0	0	0	0	9924	0	0	0	0	0	0	0	1406	0	0	0	0	0	0	0	0	0	0	0	0	0	3260	0	1342	0	2392	0	3844	0	486	0	1596	0	1864	0	2500	0	150	0	0	0	0	0	400	0	0	0	0	0	0	0	3098	0	0	0	7822	0	0	0	5886	0	0	0	0	0	0	0	0	0	0	0	0	0	0	0	0	0	0	0	0	0	0	0	0	0	0	0	
64912	Heschl_R	0	1490	0	172	0	0	0	102	0	0	0	580	0	0	0	0	0	2382	0	0	0	0	0	0	0	0	0	0	0	598	0	0	0	0	0	0	0	0	0	0	0	0	0	0	0	0	0	0	0	266	0	0	0	0	0	188	0	906	0	804	0	2694	0	4842	0	888	0	562	0	442	0	0	0	0	0	0	0	0	0	0	0	8982	0	0	0	2686	0	0	0	3872	0	0	0	0	0	0	0	0	0	0	0	0	0	0	0	0	0	0	0	0	0	0	0	0	0	0	
167400	Temporal_Sup_L	1670	0	1784	0	0	0	1324	0	0	0	2906	0	262	0	0	0	7492	0	1862	0	0	0	0	0	0	0	0	0	10850	0	0	0	0	0	0	0	2276	0	0	0	0	0	0	0	0	0	0	0	0	0	1920	0	286	0	4068	0	708	0	132	0	494	0	4314	0	1402	0	0	0	0	0	148	0	814	0	0	0	0	0	3098	0	0	0	4074	0	20766	0	136	0	10914	0	0	0	0	0	0	0	0	0	0	0	0	0	0	0	0	0	0	0	0	0	0	0	0	0	0	0	
92572	Temporal_Sup_R	0	1408	0	114	0	0	0	0	0	0	0	112	0	0	0	0	0	1116	0	0	0	0	0	0	0	0	0	0	0	722	0	0	0	0	0	0	0	0	0	0	0	0	0	0	0	0	0	0	0	542	0	196	0	0	0	478	0	976	0	1516	0	3284	0	8494	0	1534	0	1250	0	940	0	0	0	0	0	0	0	0	0	8982	0	0	0	1508	0	7424	0	0	0	5690	0	0	0	0	0	0	0	0	0	0	0	0	0	0	0	0	0	0	0	0	0	0	0	0	0	0	
55424	Temporal_Pole_Sup_L	0	0	870	0	524	0	488	0	0	0	982	0	928	0	2294	0	1024	0	582	0	484	0	0	0	0	0	0	0	3626	0	0	0	0	0	0	0	642	0	102	0	236	0	0	0	0	0	0	0	0	0	0	0	0	0	1930	0	0	0	0	0	0	0	0	0	0	0	0	0	0	0	0	0	926	0	0	0	0	0	0	0	4074	0	0	0	3044	0	1496	0	3460	0	0	0	0	0	0	0	0	0	0	0	0	0	0	0	0	0	0	0	0	0	0	0	0	0	0	0	
26680	Temporal_Pole_Sup_R	0	0	0	0	0	0	0	0	0	0	0	0	0	0	0	0	0	0	0	0	0	0	0	0	0	0	0	0	0	250	0	0	0	0	0	0	0	210	0	1152	0	1392	0	0	0	0	0	0	0	0	0	0	0	0	0	5100	0	0	0	0	0	0	0	0	0	0	0	0	0	0	0	0	0	0	0	0	0	0	0	0	0	1508	0	0	0	350	0	1872	0	1506	0	0	0	0	0	0	0	0	0	0	0	0	0	0	0	0	0	0	0	0	0	0	0	0	0	0	
314032	Temporal_Mid_L	2316	0	0	0	0	0	1726	0	0	0	1472	0	0	0	0	0	2206	0	0	0	0	0	0	0	0	0	0	0	3934	0	0	0	240	0	0	0	282	0	0	0	0	0	1146	0	482	0	162	0	848	0	32964	0	3192	0	2832	0	4734	0	1142	0	2924	0	4996	0	11946	0	1790	0	738	0	0	0	0	0	0	0	0	0	7822	0	20766	0	3044	0	0	0	1588	0	41724	0	0	0	0	0	0	0	0	0	0	0	0	0	0	0	0	0	0	0	0	0	0	0	0	0	0	0	
244248	Temporal_Mid_R	0	1458	0	0	0	0	0	0	0	0	0	232	0	0	0	0	0	0	0	0	0	0	0	0	0	0	0	0	0	232	0	0	0	668	0	0	0	574	0	0	0	0	0	7746	0	4698	0	474	0	6766	0	17296	0	1046	0	3088	0	732	0	4218	0	8578	0	9656	0	9094	552	9588	0	948	0	0	0	0	0	0	0	0	0	2686	0	7424	0	350	0	0	0	252	0	23768	0	0	0	0	0	0	0	0	0	0	0	0	0	0	0	0	0	0	0	0	0	0	0	0	0	0	
11968	Temporal_Pole_Mid_L	0	0	0	0	0	0	0	0	0	0	0	0	0	0	0	0	0	0	0	0	0	0	0	0	0	0	0	0	0	0	0	0	0	0	0	0	0	0	0	0	0	0	0	0	0	0	0	0	0	0	0	0	0	0	860	0	0	0	0	0	0	0	0	0	0	0	0	0	0	0	0	0	0	0	0	0	0	0	0	0	136	0	1496	0	1588	0	0	0	1904	0	0	0	0	0	0	0	0	0	0	0	0	0	0	0	0	0	0	0	0	0	0	0	0	0	0	0	
9828	Temporal_Pole_Mid_R	0	0	0	0	0	0	0	0	0	0	0	0	0	0	0	0	0	0	0	0	0	0	0	0	0	0	0	0	0	0	0	0	0	0	0	0	0	0	0	434	0	162	0	0	0	0	0	0	0	0	0	0	0	0	0	1866	0	0	0	0	0	0	0	0	0	0	0	0	0	0	0	0	0	0	0	0	0	0	0	0	0	0	0	1872	0	252	0	0	0	328	0	0	0	0	0	0	0	0	0	0	0	0	0	0	0	0	0	0	0	0	0	0	0	0	0	0	
300536	Temporal_Inf_L	1848	0	0	0	0	0	1124	0	0	0	1520	0	0	0	0	0	1108	0	298	0	0	0	0	0	0	0	0	0	5206	0	0	0	0	0	136	0	9412	0	0	0	1112	0	272	0	0	0	0	0	0	0	11764	0	5964	0	19632	0	904	0	842	0	2432	0	2562	0	8362	0	1416	0	982	0	0	0	400	0	0	0	478	0	5886	0	10914	0	3460	0	41724	0	1904	0	0	0	4500	0	176	0	0	0	820	0	3110	0	0	0	0	0	0	0	0	0	0	0	0	0	0	0	0	0	
203588	Temporal_Inf_R	0	4894	0	0	0	0	0	116	0	0	0	572	0	0	0	0	0	436	0	352	0	0	0	0	0	0	0	0	0	654	0	0	0	600	0	714	0	918	0	0	0	0	0	4946	0	1762	0	494	0	2574	0	992	0	2542	0	13796	0	1702	0	2804	0	4768	0	6096	0	3550	212	7842	0	2576	0	0	0	0	0	0	0	0	0	3872	0	5690	0	1506	0	23768	0	328	0	0	0	462	0	0	0	0	0	0	0	146	0	0	0	0	0	0	0	0	0	0	110	0	0	0	0	0	
335020	Cerebelum_Crus1_L	928	0	0	0	0	0	220	0	0	0	0	0	0	0	0	0	0	0	0	0	0	0	0	0	0	0	0	0	178	0	0	0	0	0	0	0	0	0	0	0	0	0	218	0	134	0	3034	1270	0	0	622	0	474	0	15736	256	0	0	0	0	0	0	0	0	0	0	0	0	288	0	0	0	0	0	0	0	0	0	0	0	0	0	0	0	0	0	0	0	4500	0	0	444	25308	1326	138	0	23220	212	48734	698	8362	828	10898	1188	1348	0	0	0	0	0	7354	4016	4814	510	254	0	
335120	Cerebelum_Crus1_R	0	0	0	0	0	0	0	0	0	0	0	0	0	0	0	0	0	0	0	0	0	0	0	0	0	0	0	0	0	0	0	0	0	0	0	0	0	0	0	0	0	0	0	0	0	0	0	4000	0	0	0	0	0	614	354	6734	0	0	0	0	0	0	0	0	0	0	0	0	0	0	0	0	0	0	0	0	0	0	0	0	0	0	0	0	0	0	0	0	0	462	444	0	218	28048	0	1384	1128	21398	1184	47070	0	5092	416	12388	0	1254	0	0	0	722	15746	7774	8382	1530	788	430	
223308	Cerebelum_Crus2_L	0	0	0	0	0	0	0	0	0	0	0	0	0	0	0	0	0	0	0	0	0	0	0	0	0	0	0	0	0	0	0	0	0	0	0	0	0	0	0	0	0	0	0	0	0	0	0	188	0	0	0	0	0	0	996	0	0	0	0	0	0	0	0	0	0	0	0	0	0	0	0	0	0	0	0	0	0	0	0	0	0	0	0	0	0	0	0	0	176	0	25308	218	0	7124	0	0	1192	0	3282	0	27982	2526	25872	3216	2156	0	338	0	0	0	354	410	8324	1992	0	0	
209928	Cerebelum_Crus2_R	0	0	0	0	0	0	0	0	0	0	0	0	0	0	0	0	0	0	0	0	0	0	0	0	0	0	0	0	0	0	0	0	0	0	0	0	0	0	0	0	0	0	0	0	0	0	0	0	0	0	0	0	0	0	0	0	0	0	0	0	0	0	0	0	0	0	0	0	0	0	0	0	0	0	0	0	0	0	0	0	0	0	0	0	0	0	0	0	0	0	1326	28048	7124	0	0	0	0	770	0	3968	2882	19644	1846	26548	0	2068	0	0	0	0	570	110	7636	2036	388	0	
6952	Cerebelum_3_L	0	0	0	0	0	0	0	0	0	0	0	0	0	0	0	0	0	0	0	0	0	0	0	0	0	0	0	0	0	0	0	0	0	0	0	0	0	0	0	0	0	0	0	0	0	0	0	0	0	0	0	0	0	0	0	0	0	0	0	0	0	0	0	0	0	0	0	0	0	0	0	0	0	0	0	0	0	0	0	0	0	0	0	0	0	0	0	0	0	0	138	0	0	0	0	0	2782	0	264	0	0	0	0	0	0	0	0	0	124	168	0	0	0	0	0	0	
19864	Cerebelum_3_R	0	0	0	0	0	0	0	0	0	0	0	0	0	0	0	0	0	0	0	0	0	0	0	0	0	0	0	0	0	0	0	0	0	0	0	0	0	0	0	0	0	0	0	0	0	0	0	0	0	0	0	0	0	0	0	0	0	0	0	0	0	0	0	0	0	0	0	0	0	0	0	0	0	0	0	0	0	0	0	0	0	0	0	0	0	0	0	0	0	0	0	1384	0	0	0	0	0	2992	0	3296	0	0	0	200	0	236	0	0	0	802	478	0	164	190	190	0	
188908	Cerebelum_4_5_L	0	0	0	0	0	0	0	0	0	0	0	0	0	0	0	0	0	0	0	0	0	0	0	0	0	0	0	0	0	0	0	0	0	0	0	0	0	0	0	0	0	0	0	0	0	0	3190	112	0	0	0	0	0	0	8004	132	0	0	0	0	0	0	0	0	0	0	0	0	0	0	0	0	0	0	0	0	0	0	0	0	0	0	0	0	0	0	0	0	820	0	23220	1128	1192	0	2782	0	0	1002	34024	1574	284	0	482	0	2628	126	0	0	0	138	10300	2612	0	0	116	588	
165932	Cerebelum_4_5_R	0	0	0	0	0	0	0	0	0	0	0	0	0	0	0	0	0	0	0	0	0	0	0	0	0	0	0	0	0	0	0	0	0	0	0	0	0	0	0	124	0	0	0	0	0	0	0	3182	0	0	0	0	0	0	324	3744	0	0	0	0	0	0	0	0	0	0	0	150	0	0	0	0	0	0	0	0	0	0	0	0	0	0	0	0	0	0	0	0	0	0	212	21398	0	770	0	2992	1002	0	1026	28674	0	0	0	620	0	178	0	0	0	922	15304	1310	890	0	0	144	
292756	Cerebelum_6_L	0	0	0	0	0	0	0	0	0	0	0	0	0	0	0	0	0	0	0	0	0	0	0	0	0	0	0	0	0	0	0	0	0	0	0	0	0	0	0	0	0	0	0	0	0	0	3638	2364	0	0	0	0	0	0	18232	656	0	0	0	0	0	0	0	0	0	0	0	0	0	0	0	0	0	0	0	0	0	0	0	0	0	0	0	0	0	0	0	0	3110	0	48734	1184	3282	0	264	0	34024	1026	0	2178	1134	0	1348	0	2988	256	232	0	0	0	11376	7524	1710	240	278	600	
304664	Cerebelum_6_R	0	0	0	0	0	0	0	0	0	0	0	0	0	0	0	0	0	0	0	0	0	0	0	0	0	0	0	0	0	0	0	0	0	0	0	0	0	0	0	0	0	0	0	0	0	0	0	7586	0	0	0	0	0	370	464	9442	0	0	0	0	0	0	0	0	0	0	0	0	0	0	0	0	0	0	0	0	0	0	0	0	0	0	0	0	0	0	0	0	0	146	698	47070	0	3968	0	3296	1574	28674	2178	0	0	480	0	2396	392	1356	0	0	0	912	21304	11026	6554	1030	912	504	
151884	Cerebelum_7b_L	0	0	0	0	0	0	0	0	0	0	0	0	0	0	0	0	0	0	0	0	0	0	0	0	0	0	0	0	0	0	0	0	0	0	0	0	0	0	0	0	0	0	0	0	0	0	0	0	0	0	0	0	0	0	204	0	0	0	0	0	0	0	0	0	0	0	0	0	0	0	0	0	0	0	0	0	0	0	0	0	0	0	0	0	0	0	0	0	0	0	8362	0	27982	2882	0	0	284	0	1134	0	0	1346	23206	1668	2628	0	524	0	0	0	0	0	3926	1796	0	0	
112460	Cerebelum_7b_R	0	0	0	0	0	0	0	0	0	0	0	0	0	0	0	0	0	0	0	0	0	0	0	0	0	0	0	0	0	0	0	0	0	0	0	0	0	0	0	0	0	0	0	0	0	0	0	0	0	0	0	0	0	0	0	0	0	0	0	0	0	0	0	0	0	0	0	0	0	0	0	0	0	0	0	0	0	0	0	0	0	0	0	0	0	0	0	0	0	0	828	5092	2526	19644	0	0	0	0	0	480	1346	0	1028	19288	0	1944	0	0	0	0	0	0	2986	1068	0	0	
167488	Cerebelum_8_L	0	0	0	0	0	0	0	0	0	0	0	0	0	0	0	0	0	0	0	0	0	0	0	0	0	0	0	0	0	0	0	0	0	0	0	0	0	0	104	0	0	0	0	0	0	0	0	0	0	0	0	0	0	0	298	0	0	0	0	0	0	0	0	0	0	0	0	0	0	0	0	0	0	0	0	0	0	0	0	0	0	0	0	0	0	0	0	0	0	0	10898	416	25872	1846	0	0	482	0	1348	0	23206	1028	0	2566	6866	0	2142	0	0	0	0	0	3880	2624	168	0	
183736	Cerebelum_8_R	0	0	0	0	0	0	0	0	0	0	0	0	0	0	0	0	0	0	0	0	0	0	0	0	0	0	0	0	0	0	0	0	0	0	0	0	0	0	0	0	0	0	0	0	0	0	0	122	0	0	0	0	0	0	0	0	0	0	0	0	0	0	0	0	0	0	0	0	0	0	0	0	0	0	0	0	0	0	0	0	0	0	0	0	0	0	0	0	0	0	1188	12388	3216	26548	0	200	0	620	0	2396	1668	19288	2566	0	0	8778	0	320	0	0	678	456	5894	3882	1376	284	
59512	Cerebelum_9_L	0	0	0	0	0	0	0	0	0	0	0	0	0	0	0	0	0	0	0	0	0	0	0	0	0	0	0	0	0	0	0	0	0	0	0	0	0	0	134	0	0	0	0	0	0	0	0	0	0	0	0	0	0	0	0	0	0	0	0	0	0	0	0	0	0	0	0	0	0	0	0	0	0	0	0	0	0	0	0	0	0	0	0	0	0	0	0	0	0	0	1348	0	2156	0	0	0	2628	0	2988	392	2628	0	6866	0	0	344	3774	0	0	0	1770	2060	706	558	680	724	
56268	Cerebelum_9_R	0	0	0	0	0	0	0	0	0	0	0	0	0	0	0	0	0	0	0	0	0	0	0	0	0	0	0	0	0	0	0	0	0	0	0	0	0	0	0	0	0	0	0	0	0	0	0	116	0	0	0	0	0	0	0	0	0	0	0	0	0	0	0	0	0	0	0	0	0	0	0	0	0	0	0	0	0	0	0	0	0	0	0	0	0	0	0	0	0	0	0	1254	0	2068	0	236	126	178	256	1356	0	1944	0	8778	344	0	0	1056	0	0	372	1724	1748	2416	2790	1372	
14720	Cerebelum_10_L	0	0	0	0	0	0	0	0	0	0	0	0	0	0	0	0	0	0	0	0	0	0	0	0	0	0	0	0	0	0	0	0	0	0	0	0	0	0	0	0	0	0	0	0	0	0	0	0	0	0	0	0	0	0	0	0	0	0	0	0	0	0	0	0	0	0	0	0	0	0	0	0	0	0	0	0	0	0	0	0	0	0	0	0	0	0	0	0	0	0	0	0	338	0	0	0	0	0	232	0	524	0	2142	0	3774	0	0	0	0	0	0	162	188	0	0	0	
2752	Cerebelum_10_R	0	0	0	0	0	0	0	0	0	0	0	0	0	0	0	0	0	0	0	0	0	0	0	0	0	0	0	0	0	0	0	0	0	0	0	0	0	0	0	0	0	0	0	0	0	0	0	0	0	0	0	0	0	0	0	0	0	0	0	0	0	0	0	0	0	0	0	0	0	0	0	0	0	0	0	0	0	0	0	0	0	0	0	0	0	0	0	0	0	0	0	0	0	0	0	0	0	0	0	0	0	0	0	320	0	1056	0	0	0	0	0	0	0	0	0	0	
3320	Vermis_1_2	0	0	0	0	0	0	0	0	0	0	0	0	0	0	0	0	0	0	0	0	0	0	0	0	0	0	0	0	0	0	0	0	0	0	0	0	0	0	0	0	0	0	0	0	0	0	0	0	0	0	0	0	0	0	0	0	0	0	0	0	0	0	0	0	0	0	0	0	0	0	0	0	0	0	0	0	0	0	0	0	0	0	0	0	0	0	0	0	0	0	0	0	0	0	124	0	0	0	0	0	0	0	0	0	0	0	0	0	0	1536	0	0	0	0	0	0	
11276	Vermis_3	0	0	0	0	0	0	0	0	0	0	0	0	0	0	0	0	0	0	0	0	0	0	0	0	0	0	0	0	0	0	0	0	0	0	0	0	0	0	0	0	0	0	0	0	0	0	0	0	0	0	0	0	0	0	0	0	0	0	0	0	0	0	0	0	0	0	0	0	0	0	0	0	0	0	0	0	0	0	0	0	0	0	0	0	0	0	0	0	0	0	0	722	0	0	168	802	138	922	0	912	0	0	0	0	0	0	0	0	1536	0	438	0	0	0	0	0	
238792	Vermis_4_5	0	0	0	0	0	0	0	0	0	0	0	0	0	0	0	0	0	0	0	0	0	0	0	0	0	0	0	0	0	0	0	0	0	0	144	238	124	128	108	0	0	0	0	0	0	0	512	8708	0	0	0	0	0	0	2350	6008	0	0	0	0	0	0	0	0	0	0	0	816	0	0	0	0	0	0	0	0	0	0	0	0	0	0	0	0	0	0	0	0	0	110	7354	15746	354	570	0	478	10300	15304	11376	21304	0	0	0	678	1770	372	0	0	0	438	0	10756	1938	274	368	770	
148860	Vermis_6	0	0	0	0	0	0	0	0	0	0	0	0	0	0	0	0	0	0	0	0	0	0	0	0	0	0	0	0	0	0	0	0	0	0	0	0	0	0	0	0	0	0	0	0	0	0	522	8004	0	0	0	0	0	354	1182	4070	0	0	0	0	0	0	0	0	0	0	0	0	0	0	0	0	0	0	0	0	0	0	0	0	0	0	0	0	0	0	0	0	0	0	4016	7774	410	110	0	0	2612	1310	7524	11026	0	0	0	456	2060	1724	162	0	0	0	10756	0	4654	1702	1908	2094	
147056	Vermis_7	0	0	0	0	0	0	0	0	0	0	0	0	0	0	0	0	0	0	0	0	0	0	0	0	0	0	0	0	0	0	0	0	0	0	0	0	0	0	0	0	0	0	0	0	0	0	188	1402	0	0	0	0	0	190	174	248	0	0	0	0	0	0	0	0	0	0	0	0	0	0	0	0	0	0	0	0	0	0	0	0	0	0	0	0	0	0	0	0	0	0	4814	8382	8324	7636	0	164	0	890	1710	6554	3926	2986	3880	5894	706	1748	188	0	0	0	1938	4654	0	4210	2228	494	
61064	Vermis_8	0	0	0	0	0	0	0	0	0	0	0	0	0	0	0	0	0	0	0	0	0	0	0	0	0	0	0	0	0	0	0	0	0	0	0	0	0	0	0	0	0	0	0	0	0	0	0	116	0	0	0	0	0	0	0	0	0	0	0	0	0	0	0	0	0	0	0	0	0	0	0	0	0	0	0	0	0	0	0	0	0	0	0	0	0	0	0	0	0	0	510	1530	1992	2036	0	190	0	0	240	1030	1796	1068	2624	3882	558	2416	0	0	0	0	274	1702	4210	0	3242	1116	
34416	Vermis_9	0	0	0	0	0	0	0	0	0	0	0	0	0	0	0	0	0	0	0	0	0	0	0	0	0	0	0	0	0	0	0	0	0	0	0	0	0	0	0	0	0	0	0	0	0	0	0	114	0	0	0	0	0	0	0	0	0	0	0	0	0	0	0	0	0	0	0	0	0	0	0	0	0	0	0	0	0	0	0	0	0	0	0	0	0	0	0	0	0	0	254	788	0	388	0	190	116	0	278	912	0	0	168	1376	680	2790	0	0	0	0	368	1908	2228	3242	0	1408	
21356	Vermis_10	0	0	0	0	0	0	0	0	0	0	0	0	0	0	0	0	0	0	0	0	0	0	0	0	0	0	0	0	0	0	0	0	0	0	0	0	0	0	0	0	0	0	0	0	0	0	0	0	0	0	0	0	0	0	150	0	0	0	0	0	0	0	0	0	0	0	0	0	0	0	0	0	0	0	0	0	0	0	0	0	0	0	0	0	0	0	0	0	0	0	0	430	0	0	0	0	588	144	600	504	0	0	0	284	724	1372	0	0	0	0	770	2094	494	1116	1408	0	
