data	data	397380	233920	1.20957e+06	1.05886e+06	283704	206888	502668	327580	125184	49936	272612	220588	291940	160848	217212	110728	246628	206320	901816	934184	111076	143140	435292	675272	58840	247100	57548	67156	717868	400772	432352	654860	216060	578856	131448	167204	272276	325824	155472	232148	47172	87184	202096	240748	132016	249200	307848	246008	173748	220644	409484	176664	209916	112384	423624	463968	312104	163484	101828	47756	261536	75504	140932	127888	146532	98932	272416	294932	199752	139564	314500	499316	444096	396028	43788	51036	206096	198184	197092	32520	253108	173212	136500	103160	448680	223372	52004	60276	310852	184040	408280	325164	309652	251404	35464	70012	264648	210656	429108	338752	242972	146580	269444	228268	132648	138328	27044	10716	19928	45692	225532	207896	166964	163764	105020	22292	
data	data	Precentral_L	Precentral_R	Frontal_Sup_L	Frontal_Sup_R	Frontal_Sup_Orb_L	Frontal_Sup_Orb_R	Frontal_Mid_L	Frontal_Mid_R	Frontal_Mid_Orb_L	Frontal_Mid_Orb_R	Frontal_Inf_Oper_L	Frontal_Inf_Oper_R	Frontal_Inf_Tri_L	Frontal_Inf_Tri_R	Frontal_Inf_Orb_L	Frontal_Inf_Orb_R	Rolandic_Oper_L	Rolandic_Oper_R	Supp_Motor_Area_L	Supp_Motor_Area_R	Olfactory_L	Olfactory_R	Frontal_Sup_Medial_L	Frontal_Sup_Medial_R	Frontal_Med_Orb_L	Frontal_Med_Orb_R	Rectus_L	Rectus_R	Insula_L	Insula_R	Cingulum_Ant_L	Cingulum_Ant_R	Cingulum_Mid_L	Cingulum_Mid_R	Cingulum_Post_L	Cingulum_Post_R	Hippocampus_L	Hippocampus_R	ParaHippocampal_L	ParaHippocampal_R	Amygdala_L	Amygdala_R	Calcarine_L	Calcarine_R	Cuneus_L	Cuneus_R	Lingual_L	Lingual_R	Occipital_Sup_L	Occipital_Sup_R	Occipital_Mid_L	Occipital_Mid_R	Occipital_Inf_L	Occipital_Inf_R	Fusiform_L	Fusiform_R	Postcentral_L	Postcentral_R	Parietal_Sup_L	Parietal_Sup_R	Parietal_Inf_L	Parietal_Inf_R	SupraMarginal_L	SupraMarginal_R	Angular_L	Angular_R	Precuneus_L	Precuneus_R	Paracentral_Lobule_L	Paracentral_Lobule_R	Caudate_L	Caudate_R	Putamen_L	Putamen_R	Pallidum_L	Pallidum_R	Thalamus_L	Thalamus_R	Heschl_L	Heschl_R	Temporal_Sup_L	Temporal_Sup_R	Temporal_Pole_Sup_L	Temporal_Pole_Sup_R	Temporal_Mid_L	Temporal_Mid_R	Temporal_Pole_Mid_L	Temporal_Pole_Mid_R	Temporal_Inf_L	Temporal_Inf_R	Cerebelum_Crus1_L	Cerebelum_Crus1_R	Cerebelum_Crus2_L	Cerebelum_Crus2_R	Cerebelum_3_L	Cerebelum_3_R	Cerebelum_4_5_L	Cerebelum_4_5_R	Cerebelum_6_L	Cerebelum_6_R	Cerebelum_7b_L	Cerebelum_7b_R	Cerebelum_8_L	Cerebelum_8_R	Cerebelum_9_L	Cerebelum_9_R	Cerebelum_10_L	Cerebelum_10_R	Vermis_1_2	Vermis_3	Vermis_4_5	Vermis_6	Vermis_7	Vermis_8	Vermis_9	Vermis_10	
397380	Precentral_L	0	2992	20096	8374	0	0	16662	0	0	0	17960	168	4124	0	0	0	11278	144	8826	5926	0	0	250	234	0	0	0	0	8674	172	482	170	3926	852	3166	976	1090	636	216	424	0	0	148	0	260	0	0	0	354	0	1676	0	1702	0	0	0	25976	0	140	0	4614	0	2440	0	486	0	1388	0	11498	0	1170	384	930	0	0	0	4532	712	5794	0	4568	0	0	0	7824	0	0	0	4276	0	0	0	0	0	0	0	0	0	0	0	0	0	0	0	0	0	0	0	0	0	0	0	0	0	0	0	
233920	Precentral_R	2992	0	4330	19766	232	0	242	12518	0	0	0	4462	0	0	0	0	276	2520	3658	8464	0	0	184	384	0	0	0	0	518	522	648	174	196	582	0	772	138	2746	0	828	0	0	0	924	0	322	0	242	0	144	0	214	0	844	0	1552	576	9768	0	0	0	852	0	2100	0	380	0	1082	688	6118	4314	996	4614	1094	0	0	3440	1978	0	600	0	1446	0	0	0	3022	0	0	0	2498	0	0	0	0	0	0	0	0	0	0	0	0	0	0	0	0	0	0	0	0	0	0	0	0	0	0	
1.20957e+06	Frontal_Sup_L	20096	4330	0	16328	12838	348	78302	2792	1276	0	11796	704	22054	254	6026	0	8144	2328	120510	24014	0	0	39614	8124	1478	1358	0	128	38658	2366	21364	9398	4808	9548	1586	1624	8372	1356	2796	930	0	0	0	0	0	0	588	472	0	0	762	0	1850	0	1478	272	5970	0	0	0	2130	0	932	0	174	0	302	0	666	0	8932	4248	32382	1624	5884	0	24014	1022	11034	0	4964	0	884	0	5074	0	0	0	3480	0	0	0	0	0	0	0	0	0	0	0	0	0	0	0	0	0	0	0	0	0	0	0	0	0	0	0	
1.05886e+06	Frontal_Sup_R	8374	19766	16328	0	826	9290	2230	37854	0	978	852	8728	236	8002	0	3968	372	4602	21246	88056	0	0	13110	53614	0	7596	0	0	1314	12866	6044	37652	2792	32118	0	0	0	8378	0	2436	0	0	0	284	0	0	0	244	0	0	0	0	0	974	0	2034	5670	2168	0	0	272	470	0	1590	0	0	0	0	664	0	4866	33982	2622	19582	366	4434	4530	31830	208	274	0	454	0	0	0	616	0	0	0	1666	0	0	0	0	0	0	0	0	0	0	0	0	0	0	0	0	0	0	0	0	0	0	0	0	0	0	
283704	Frontal_Sup_Orb_L	0	232	12838	826	0	650	2376	144	14192	0	1026	0	5618	0	13520	174	216	174	3890	186	4612	1792	4270	494	5394	1208	7136	732	22614	296	7884	728	0	0	0	0	254	0	220	0	0	0	0	0	0	0	0	0	0	0	0	0	0	0	0	0	0	0	0	0	0	0	0	0	0	0	0	0	0	0	6622	2552	15342	806	0	122	0	0	0	0	344	0	2368	0	0	0	0	0	0	0	0	0	0	0	0	0	0	0	0	0	0	0	0	0	0	0	0	0	0	0	0	0	0	0	0	0	
206888	Frontal_Sup_Orb_R	0	0	348	9290	650	0	0	1826	134	3512	0	1962	0	1630	760	5264	0	166	438	2984	1208	4802	882	11460	228	13876	328	6710	350	5590	1488	8714	0	1692	0	0	0	0	0	0	0	0	0	0	0	0	0	0	0	0	0	0	0	0	0	0	0	0	0	0	0	0	0	0	0	0	0	0	0	0	1080	9914	366	5792	0	0	0	0	0	0	0	0	0	0	0	0	0	0	0	0	0	0	0	0	0	0	0	0	0	0	0	0	0	0	0	0	0	0	0	0	0	0	0	0	0	0	
502668	Frontal_Mid_L	16662	242	78302	2230	2376	0	0	336	2266	0	10286	0	26242	0	5270	0	2046	406	16460	2614	0	0	17608	2272	0	240	0	0	20646	496	9086	3078	1662	1122	696	164	1664	0	666	0	0	0	0	0	0	0	0	0	0	0	326	0	278	0	0	0	2130	0	0	0	2040	0	1536	0	142	0	158	0	0	0	812	698	5236	210	812	0	770	0	6424	0	1588	0	214	0	1982	0	0	0	840	0	0	0	0	0	0	0	0	0	0	0	0	0	0	0	0	0	0	0	0	0	0	0	0	0	0	0	
327580	Frontal_Mid_R	0	12518	2792	37854	144	1826	336	0	0	678	194	8068	0	15460	0	2504	208	1142	3454	12730	0	0	2388	14616	0	604	0	0	502	5556	1424	7736	446	8244	0	0	0	1878	0	738	0	0	0	0	0	0	0	0	0	0	0	0	0	134	0	882	0	694	0	0	0	272	0	614	0	0	0	0	0	0	3380	1762	2442	4256	0	2508	946	1536	188	0	0	0	0	0	0	0	0	0	0	136	0	0	0	0	0	0	0	0	0	0	0	0	0	0	0	0	0	0	0	0	0	0	0	0	0	0	
125184	Frontal_Mid_Orb_L	0	0	1276	0	14192	134	2266	0	0	0	0	0	2044	0	16186	0	0	0	182	0	1702	674	0	0	964	0	4306	0	8046	0	1254	0	0	0	0	0	0	0	126	0	0	0	0	0	0	0	0	0	0	0	0	0	0	0	0	0	0	0	0	0	0	0	0	0	0	0	0	0	0	0	1830	684	5064	362	0	0	0	0	0	0	0	0	1300	0	0	0	0	0	0	0	0	0	0	0	0	0	0	0	0	0	0	0	0	0	0	0	0	0	0	0	0	0	0	0	0	0	
49936	Frontal_Mid_Orb_R	0	0	0	978	0	3512	0	678	0	0	0	174	0	0	0	9334	0	196	0	646	0	702	0	0	0	0	0	818	0	3794	190	276	0	0	0	0	0	164	0	0	0	0	0	0	0	0	0	0	0	0	0	0	0	0	0	0	0	0	0	0	0	0	0	0	0	0	0	0	0	0	0	884	0	2622	0	0	0	0	0	0	0	0	0	0	0	0	0	0	0	0	0	0	0	0	0	0	0	0	0	0	0	0	0	0	0	0	0	0	0	0	0	0	0	0	0	0	
272612	Frontal_Inf_Oper_L	17960	0	11796	852	1026	0	10286	194	0	0	0	2930	13022	554	0	0	12686	2044	9416	1168	0	0	1168	1470	0	228	0	0	13514	1790	5430	1500	0	0	0	0	286	0	0	0	0	0	0	0	0	0	0	0	0	0	0	0	0	0	0	0	5236	0	0	0	2596	0	864	0	0	0	0	0	0	0	5426	2768	1168	292	0	0	0	0	1720	0	3424	0	3136	0	202	0	0	0	154	0	0	0	0	0	0	0	0	0	0	0	0	0	0	0	0	0	0	0	0	0	0	0	0	0	0	0	
220588	Frontal_Inf_Oper_R	168	4462	704	8728	0	1962	0	8068	0	174	2930	0	892	11292	0	302	736	7506	824	6750	0	0	186	6734	0	2070	0	0	1884	13288	1844	8520	0	2922	0	0	0	508	0	0	0	0	0	0	0	0	0	0	0	0	0	0	0	0	0	0	0	1264	0	0	0	0	0	0	0	0	0	0	0	0	4480	2378	248	4328	0	186	186	1070	1032	290	232	876	122	148	0	0	0	0	0	0	0	0	0	0	0	0	0	0	0	0	0	0	0	0	0	0	0	0	0	0	0	0	0	0	0	0	
291940	Frontal_Inf_Tri_L	4124	0	22054	236	5618	0	26242	0	2044	0	13022	892	0	184	12310	0	2028	602	6842	362	0	0	4096	3190	140	0	0	0	25368	312	8182	2904	434	0	0	0	0	0	0	0	0	0	0	0	0	0	0	0	0	0	0	0	0	0	0	0	616	0	0	0	310	0	0	0	0	0	0	0	0	0	1284	814	548	0	0	0	0	0	364	0	226	0	622	0	0	0	0	0	0	0	0	0	0	0	0	0	0	0	0	0	0	0	0	0	0	0	0	0	0	0	0	0	0	0	0	0	
160848	Frontal_Inf_Tri_R	0	0	254	8002	0	1630	0	15460	0	0	554	11292	184	0	0	3266	190	662	490	3452	0	0	1232	6374	0	782	0	0	1136	9576	1438	7908	486	3848	0	0	0	0	0	0	0	0	0	0	0	0	0	0	0	0	0	0	0	0	0	0	0	0	0	0	0	0	0	0	0	0	0	0	0	0	286	520	0	666	0	0	0	0	736	0	0	0	0	0	0	0	0	0	0	0	0	0	0	0	0	0	0	0	0	0	0	0	0	0	0	0	0	0	0	0	0	0	0	0	0	0	
217212	Frontal_Inf_Orb_L	0	0	6026	0	13520	760	5270	0	16186	0	0	0	12310	0	0	220	0	0	482	0	4188	2546	850	0	230	0	2188	570	20704	0	2126	236	152	0	0	0	0	0	230	0	0	0	0	0	0	0	0	0	0	0	0	0	0	0	0	0	0	0	0	0	0	0	0	0	0	0	0	0	0	0	4704	2508	7794	880	0	124	0	0	0	0	0	0	3802	0	0	0	0	0	0	0	0	0	0	0	0	0	0	0	0	0	0	0	0	0	0	0	0	0	0	0	0	0	0	0	0	0	
110728	Frontal_Inf_Orb_R	0	0	0	3968	174	5264	0	2504	0	9334	0	302	0	3266	220	0	0	338	0	724	346	1708	208	944	0	338	0	1598	0	11328	422	790	0	354	0	0	0	168	0	0	0	0	0	0	0	0	0	0	0	0	0	0	0	0	0	230	0	0	0	0	0	0	0	0	0	0	0	0	0	0	324	2198	132	3660	0	0	0	0	0	0	0	2156	0	2366	0	0	0	0	0	0	0	0	0	0	0	0	0	0	0	0	0	0	0	0	0	0	0	0	0	0	0	0	0	0	0	0	
246628	Rolandic_Oper_L	11278	276	8144	372	216	0	2046	208	0	0	12686	736	2028	190	0	0	0	788	7174	522	0	0	286	378	0	0	0	0	22196	660	1286	346	0	0	0	0	1110	0	334	0	0	0	0	0	0	0	0	0	0	0	1314	0	298	0	178	0	10894	0	0	0	1444	0	3386	0	660	0	0	0	188	0	1798	816	1270	0	322	0	0	0	9142	0	10584	0	1704	0	4984	0	0	0	1072	0	0	0	0	0	0	0	0	0	0	0	0	0	0	0	0	0	0	0	0	0	0	0	0	0	0	0	
206320	Rolandic_Oper_R	144	2520	2328	4602	174	166	406	1142	0	196	2044	7506	602	662	0	338	788	0	1260	3958	0	0	0	452	0	288	0	0	1208	18154	488	486	0	522	0	0	0	1182	0	186	0	0	0	0	0	0	0	0	0	0	0	0	0	146	0	384	0	9782	0	0	0	2280	0	9754	0	370	0	0	0	0	4210	1476	738	5372	0	0	172	1150	330	3106	222	10396	140	222	0	898	0	0	0	210	0	0	0	0	0	0	0	0	0	0	0	0	0	0	0	0	0	0	0	0	0	0	0	0	0	0	
901816	Supp_Motor_Area_L	8826	3658	120510	21246	3890	438	16460	3454	182	0	9416	824	6842	490	482	0	7174	1260	0	45240	0	0	9684	10872	0	862	0	0	21210	1500	7404	9186	10546	20612	412	578	5606	662	1890	384	0	0	0	0	0	0	436	288	0	0	774	0	1414	0	1256	122	5056	0	0	0	1966	0	766	0	166	0	0	0	2766	0	8106	5126	25998	1266	3710	0	18876	830	8368	0	4442	0	464	0	4132	0	0	0	2780	0	0	0	0	0	0	0	0	0	0	0	0	0	0	0	0	0	0	0	0	0	0	0	0	0	0	0	
934184	Supp_Motor_Area_R	5926	8464	24014	88056	186	2984	2614	12730	0	646	1168	6750	362	3452	0	724	522	3958	45240	0	0	0	5794	30248	0	6068	0	0	844	7114	3310	22460	7346	52116	630	5084	0	4814	0	1000	0	0	0	2774	0	3038	0	696	0	2454	0	1004	0	1706	0	2002	828	2092	0	0	0	528	0	1040	0	332	0	5300	5180	12712	3596	19640	2438	16088	724	1812	1690	13234	296	694	0	1472	0	0	0	5052	0	0	0	4046	0	0	0	0	0	0	0	0	0	0	0	0	0	0	0	0	0	0	0	0	0	0	0	0	0	0	
111076	Olfactory_L	0	0	0	0	4612	1208	0	0	1702	0	0	0	0	0	4188	346	0	0	0	0	0	6748	0	0	472	234	1284	892	4016	324	3266	884	0	0	0	0	506	0	758	0	866	172	0	0	0	0	0	0	0	0	0	0	0	0	0	0	0	0	0	0	0	0	0	0	0	0	0	0	0	0	8262	5980	4504	2180	192	636	0	0	0	0	0	0	1306	0	0	0	0	0	0	0	0	0	0	0	0	0	0	0	0	0	0	0	0	0	0	0	0	0	0	0	0	0	0	0	0	0	
143140	Olfactory_R	0	0	0	0	1792	4802	0	0	674	702	0	0	0	0	2546	1708	0	0	0	0	6748	0	0	196	358	3028	370	4606	492	3408	4466	3936	0	0	0	0	0	0	0	310	0	674	0	0	0	0	0	0	0	0	0	0	0	0	0	0	0	0	0	0	0	0	0	0	0	0	0	0	0	0	7092	13212	3654	4730	124	1580	0	0	0	0	0	0	0	362	0	0	0	0	0	0	0	0	0	0	0	0	0	0	0	0	0	0	0	0	0	0	0	0	0	0	0	0	0	0	0	0	
435292	Frontal_Sup_Medial_L	250	184	39614	13110	4270	882	17608	2388	0	0	1168	186	4096	1232	850	208	286	0	9684	5794	0	0	0	29792	4048	2436	254	512	3534	2434	27004	19808	6860	16612	0	0	0	0	0	0	0	0	0	0	0	0	0	0	0	0	0	0	0	0	0	0	0	0	0	0	0	0	0	0	0	0	0	0	0	0	536	336	770	252	0	0	0	0	398	0	122	0	128	0	0	0	0	0	0	0	0	0	0	0	0	0	0	0	0	0	0	0	0	0	0	0	0	0	0	0	0	0	0	0	0	0	
675272	Frontal_Sup_Medial_R	234	384	8124	53614	494	11460	2272	14616	0	0	1470	6734	3190	6374	0	944	378	452	10872	30248	0	196	29792	0	314	17626	0	186	1264	9114	13390	49808	3358	35818	0	0	0	600	0	0	0	0	0	0	0	0	0	0	0	0	0	0	0	0	0	0	0	0	0	0	0	0	0	0	0	0	0	0	0	0	1050	11190	336	9678	0	658	192	668	416	0	122	0	0	0	0	0	0	0	0	0	0	0	0	0	0	0	0	0	0	0	0	0	0	0	0	0	0	0	0	0	0	0	0	0	0	0	
58840	Frontal_Med_Orb_L	0	0	1478	0	5394	228	0	0	964	0	0	0	140	0	230	0	0	0	0	0	472	358	4048	314	0	2470	2282	810	200	0	7490	622	0	0	0	0	0	0	0	0	0	0	0	0	0	0	0	0	0	0	0	0	0	0	0	0	0	0	0	0	0	0	0	0	0	0	0	0	0	0	600	426	752	142	0	0	0	0	0	0	0	0	0	0	0	0	0	0	0	0	0	0	0	0	0	0	0	0	0	0	0	0	0	0	0	0	0	0	0	0	0	0	0	0	0	0	
247100	Frontal_Med_Orb_R	0	0	1358	7596	1208	13876	240	604	0	0	228	2070	0	782	0	338	0	288	862	6068	234	3028	2436	17626	2470	0	982	4372	480	3838	3294	17908	0	2516	0	0	0	0	0	0	0	0	0	0	0	0	0	0	0	0	0	0	0	0	0	0	0	0	0	0	0	0	0	0	0	0	0	0	0	0	722	16488	154	11196	0	0	0	288	0	0	0	0	0	0	0	0	0	0	0	0	0	0	0	0	0	0	0	0	0	0	0	0	0	0	0	0	0	0	0	0	0	0	0	0	0	0	
57548	Rectus_L	0	0	0	0	7136	328	0	0	4306	0	0	0	0	0	2188	0	0	0	0	0	1284	370	254	0	2282	982	0	1090	814	0	2492	144	0	0	0	0	0	0	0	0	0	0	0	0	0	0	0	0	0	0	0	0	0	0	0	0	0	0	0	0	0	0	0	0	0	0	0	0	0	0	2580	376	1822	0	0	0	0	0	0	0	0	0	326	0	0	0	0	0	0	0	0	0	0	0	0	0	0	0	0	0	0	0	0	0	0	0	0	0	0	0	0	0	0	0	0	0	
67156	Rectus_R	0	0	128	0	732	6710	0	0	0	818	0	0	0	0	570	1598	0	0	0	0	892	4606	512	186	810	4372	1090	0	0	1370	1586	1150	0	0	0	0	0	0	0	0	0	0	0	0	0	0	0	0	0	0	0	0	0	0	0	0	0	0	0	0	0	0	0	0	0	0	0	0	0	0	670	4142	296	1340	0	0	0	0	0	0	0	0	0	0	0	0	0	0	0	0	0	0	0	0	0	0	0	0	0	0	0	0	0	0	0	0	0	0	0	0	0	0	0	0	0	0	
717868	Insula_L	8674	518	38658	1314	22614	350	20646	502	8046	0	13514	1884	25368	1136	20704	0	22196	1208	21210	844	4016	492	3534	1264	200	480	814	0	0	1088	7642	1782	382	0	186	166	9762	0	2316	0	3642	0	0	0	0	0	0	0	0	0	1496	0	1450	0	2566	0	2734	130	0	0	888	0	2546	0	828	0	0	0	136	0	6434	2672	22652	580	0	0	484	0	24018	0	14744	0	11518	0	9300	0	0	0	6606	0	0	0	0	0	0	0	0	0	0	0	0	0	0	0	0	0	0	0	0	0	0	0	0	0	0	0	
400772	Insula_R	172	522	2366	12866	296	5590	496	5556	0	3794	1790	13288	312	9576	0	11328	660	18154	1500	7114	324	3408	2434	9114	0	3838	0	1370	1088	0	1232	9052	636	5312	0	0	0	3464	0	708	0	578	0	0	0	0	0	0	0	0	0	0	0	428	0	3266	0	552	0	0	0	132	0	540	0	282	0	0	0	184	3874	6066	284	20262	0	154	126	918	374	1248	212	10556	0	3492	0	3310	0	210	0	5978	0	0	0	0	0	0	0	0	0	0	0	0	0	0	0	0	0	0	0	0	0	0	0	0	0	0	
432352	Cingulum_Ant_L	482	648	21364	6044	7884	1488	9086	1424	1254	190	5430	1844	8182	1438	2126	422	1286	488	7404	3310	3266	4466	27004	13390	7490	3294	2492	1586	7642	1232	0	24472	6894	5558	0	0	0	0	0	0	0	0	0	0	0	0	0	0	0	0	0	0	0	0	0	0	0	0	0	0	0	0	0	0	0	0	0	0	0	0	5862	6820	6780	2660	0	226	0	0	968	0	768	0	1382	0	130	0	0	0	0	0	0	0	0	0	0	0	0	0	0	0	0	0	0	0	0	0	0	0	0	0	0	0	0	0	0	0	
654860	Cingulum_Ant_R	170	174	9398	37652	728	8714	3078	7736	0	276	1500	8520	2904	7908	236	790	346	486	9186	22460	884	3936	19808	49808	622	17908	144	1150	1782	9052	24472	0	5686	31152	0	0	0	0	0	0	0	0	0	0	0	0	0	0	0	0	0	0	0	0	0	0	0	0	0	0	0	0	0	0	0	0	0	0	0	0	3120	22382	846	11154	0	182	0	560	374	0	146	0	0	0	0	0	0	0	0	0	0	0	0	0	0	0	0	0	0	0	0	0	0	0	0	0	0	0	0	0	0	0	0	0	0	0	
216060	Cingulum_Mid_L	3926	196	4808	2792	0	0	1662	446	0	0	0	0	434	486	152	0	0	0	10546	7346	0	0	6860	3358	0	0	0	0	382	636	6894	5686	0	15030	3456	1058	0	0	0	0	0	0	618	0	920	208	294	0	2816	0	2768	0	346	0	0	0	1194	0	1232	0	368	0	0	0	0	0	7112	462	11138	1138	0	0	0	0	0	0	0	0	0	0	0	0	0	0	776	0	0	0	486	0	0	0	0	0	0	0	0	0	0	0	0	0	0	0	0	0	0	0	0	0	0	0	0	0	0	0	
578856	Cingulum_Mid_R	852	582	9548	32118	0	1692	1122	8244	0	0	0	2922	0	3848	0	354	0	522	20612	52116	0	0	16612	35818	0	2516	0	0	0	5312	5558	31152	15030	0	276	5106	0	384	0	0	0	0	0	1604	0	5008	0	352	0	2720	0	232	0	220	0	404	0	1254	0	140	0	0	0	0	0	0	890	8990	3202	6580	0	2340	0	2030	0	0	134	428	0	0	0	0	0	0	0	332	0	0	0	272	0	0	0	0	0	0	0	0	0	0	0	0	0	0	0	0	0	0	0	0	0	0	0	0	0	0	
131448	Cingulum_Post_L	3166	0	1586	0	0	0	696	0	0	0	0	0	0	0	0	0	0	0	412	630	0	0	0	0	0	0	0	0	186	0	0	0	3456	276	0	8764	7656	2610	1960	928	0	0	3372	196	1338	0	2690	306	242	0	538	0	1694	136	1246	876	1136	0	0	0	338	0	0	0	0	0	8278	1106	3730	164	0	0	330	0	0	0	1760	0	240	0	192	0	0	0	1732	0	0	0	1612	146	0	0	0	0	0	0	0	0	0	0	0	0	0	0	0	0	0	0	0	0	0	0	0	0	0	0	
167204	Cingulum_Post_R	976	772	1624	0	0	0	164	0	0	0	0	0	0	0	0	0	0	0	578	5084	0	0	0	0	0	0	0	0	166	0	0	0	1058	5106	8764	0	6978	6222	2058	3176	0	0	0	3362	0	1032	644	4004	0	778	0	1206	648	1610	1142	2052	0	374	0	0	0	0	0	0	0	0	1278	8988	1282	3042	0	0	352	0	0	0	4084	502	240	0	162	0	0	0	0	2382	0	0	0	708	0	0	0	0	0	0	0	0	0	0	0	0	0	0	0	0	0	0	0	0	1004	0	0	0	0	0	
272276	Hippocampus_L	1090	138	8372	0	254	0	1664	0	0	0	286	0	0	0	0	0	1110	0	5606	0	506	0	0	0	0	0	0	0	9762	0	0	0	0	0	7656	6978	0	3210	18614	1700	8418	0	1652	366	0	0	5936	1176	0	0	1150	0	2964	0	13490	832	0	0	0	0	0	0	0	0	0	0	3376	978	0	0	0	0	9942	0	430	0	4548	130	886	0	2148	0	2552	0	692	0	0	0	6632	0	246	0	0	0	0	0	340	0	308	0	0	0	0	0	0	0	0	0	0	0	0	0	0	0	0	0	
325824	Hippocampus_R	636	2746	1356	8378	0	0	0	1878	0	164	0	508	0	0	0	168	0	1182	662	4814	0	0	0	600	0	0	0	0	0	3464	0	0	0	384	2610	6222	3210	0	1068	31558	0	13726	0	574	0	0	196	3904	0	0	0	0	0	1772	446	29140	0	482	0	0	0	186	0	600	0	0	306	2518	0	254	300	0	574	11422	0	406	3870	6274	0	214	0	786	0	1926	0	1382	0	1162	0	6876	0	166	0	0	0	284	0	1002	0	278	0	0	0	0	0	0	0	0	0	0	278	0	0	0	0	0	
155472	ParaHippocampal_L	216	0	2796	0	220	0	666	0	126	0	0	0	0	0	230	0	334	0	1890	0	758	0	0	0	0	0	0	0	2316	0	0	0	0	0	1960	2058	18614	1068	0	608	3468	0	544	136	0	0	6298	602	0	0	1508	0	2604	0	11534	270	0	0	0	0	0	0	0	0	0	0	988	250	0	0	0	0	3292	0	210	0	1936	0	0	0	408	0	2142	0	296	0	1276	0	1718	0	944	0	440	0	228	0	1400	0	1384	0	0	0	0	0	0	0	0	0	0	0	0	0	0	0	0	0	
232148	ParaHippocampal_R	424	828	930	2436	0	0	0	738	0	0	0	0	0	0	0	0	0	186	384	1000	0	310	0	0	0	0	0	0	0	708	0	0	0	0	928	3176	1700	31558	608	0	0	12064	0	0	0	0	0	5116	0	0	0	0	0	684	274	23260	0	0	0	0	0	0	0	0	0	0	0	1024	0	0	144	0	302	3758	0	174	2526	3460	0	0	0	218	0	4962	0	560	0	3808	0	1224	0	456	0	0	0	386	0	3302	0	1098	0	0	0	0	0	448	0	0	0	0	262	212	0	220	218	0	
47172	Amygdala_L	0	0	0	0	0	0	0	0	0	0	0	0	0	0	0	0	0	0	0	0	866	0	0	0	0	0	0	0	3642	0	0	0	0	0	0	0	8418	0	3468	0	0	0	0	0	0	0	0	0	0	0	0	0	0	0	2678	0	0	0	0	0	0	0	0	0	0	0	0	0	0	0	0	0	392	0	0	0	0	0	0	0	220	0	2800	0	0	0	168	0	934	0	0	0	0	0	0	0	0	0	0	0	0	0	0	0	0	0	0	0	0	0	0	0	0	0	0	0	
87184	Amygdala_R	0	0	0	0	0	0	0	0	0	0	0	0	0	0	0	0	0	0	0	0	172	674	0	0	0	0	0	0	0	578	0	0	0	0	0	0	0	13726	0	12064	0	0	0	0	0	0	0	0	0	0	0	0	0	0	0	6108	0	0	0	0	0	0	0	0	0	0	0	0	0	0	0	134	0	1850	0	0	0	0	0	0	0	0	0	4836	0	0	0	2646	0	338	0	0	0	0	0	182	0	284	0	0	0	0	0	0	0	0	0	0	0	0	0	0	0	0	0	0	
202096	Calcarine_L	148	0	0	0	0	0	0	0	0	0	0	0	0	0	0	0	0	0	0	0	0	0	0	0	0	0	0	0	0	0	0	0	618	0	3372	0	1652	0	544	0	0	0	0	3268	16220	1376	16576	1918	11318	438	16490	0	2826	0	570	176	314	0	0	0	0	0	0	0	0	0	14880	334	2556	0	0	0	0	0	0	0	0	0	0	0	0	0	0	0	2260	0	0	0	1352	0	0	0	0	0	0	0	254	0	202	212	0	0	0	0	0	152	0	0	0	0	530	348	0	0	0	144	
240748	Calcarine_R	0	924	0	284	0	0	0	0	0	0	0	0	0	0	0	0	0	0	0	2774	0	0	0	0	0	0	0	0	0	0	0	0	0	1604	196	3362	366	574	136	0	0	0	3268	0	788	18864	1306	15668	0	11908	0	10380	0	6060	0	10416	0	1276	0	0	0	128	0	0	0	564	1182	16380	224	2516	0	0	0	0	0	0	266	0	0	0	0	0	0	0	0	6620	0	0	0	1680	0	0	0	0	0	0	0	0	0	270	0	0	0	0	0	0	0	0	0	0	390	0	0	0	0	0	
132016	Cuneus_L	260	0	0	0	0	0	0	0	0	0	0	0	0	0	0	0	0	0	0	0	0	0	0	0	0	0	0	0	0	0	0	0	920	0	1338	0	0	0	0	0	0	0	16220	788	0	2690	2314	0	16460	754	9072	0	314	0	0	0	320	0	1944	0	886	0	0	0	0	0	8382	790	1762	0	0	0	0	0	0	0	0	0	0	0	0	0	0	0	572	0	0	0	222	0	0	0	0	0	0	0	0	0	0	0	0	0	0	0	0	0	0	0	0	0	0	0	0	0	0	0	
249200	Cuneus_R	0	322	0	0	0	0	0	0	0	0	0	0	0	0	0	0	0	0	0	3038	0	0	0	0	0	0	0	0	0	0	0	0	208	5008	0	1032	0	0	0	0	0	0	1376	18864	2690	0	224	4150	0	28698	0	10000	0	1286	0	3050	0	2290	0	2808	0	222	0	0	0	1108	6098	25266	280	5002	0	0	0	0	0	0	0	0	0	0	0	0	0	0	0	1128	0	0	0	202	0	0	0	0	0	0	0	0	0	0	0	0	0	0	0	0	0	0	0	0	250	0	0	0	0	0	
307848	Lingual_L	0	0	588	0	0	0	0	0	0	0	0	0	0	0	0	0	0	0	436	0	0	0	0	0	0	0	0	0	0	0	0	0	294	0	2690	644	5936	196	6298	0	0	0	16576	1306	2314	224	0	2830	3916	0	22938	0	13008	0	18308	356	168	0	0	0	0	0	0	0	0	0	7430	0	1024	0	0	0	0	0	0	0	446	0	0	0	0	0	0	0	2046	0	0	0	1428	0	6066	368	990	0	344	0	9902	430	14948	992	0	0	0	0	0	0	0	0	0	0	3726	4402	356	0	0	0	
246008	Lingual_R	0	242	472	244	0	0	0	0	0	0	0	0	0	0	0	0	0	0	288	696	0	0	0	0	0	0	0	0	0	0	0	0	0	352	306	4004	1176	3904	602	5116	0	0	1918	15668	0	4150	2830	0	0	3132	162	3370	144	6306	642	16120	0	220	0	0	0	0	0	0	0	166	154	9158	0	496	0	0	226	0	0	0	1270	280	0	0	0	0	0	0	0	1332	0	0	0	1300	1030	5152	834	502	0	440	918	4744	1970	9078	0	0	0	0	0	0	0	0	0	0	4662	5496	1732	0	0	0	
173748	Occipital_Sup_L	354	0	0	0	0	0	0	0	0	0	0	0	0	0	0	0	0	0	0	0	0	0	0	0	0	0	0	0	0	0	0	0	2816	0	242	0	0	0	0	0	0	0	11318	0	16460	0	3916	0	0	0	25814	0	1510	0	342	0	878	0	7630	0	3562	0	0	0	0	0	8288	0	1778	0	0	0	0	0	0	0	0	0	0	0	0	0	0	0	1424	0	0	0	124	0	0	0	0	0	0	0	0	0	222	0	0	0	0	0	0	0	0	0	0	0	0	196	0	0	0	0	
220644	Occipital_Sup_R	0	144	0	0	0	0	0	0	0	0	0	0	0	0	0	0	0	0	0	2454	0	0	0	0	0	0	0	0	0	0	0	0	0	2720	0	778	0	0	0	0	0	0	438	11908	754	28698	0	3132	0	0	0	21272	0	1480	0	3476	0	2352	0	4694	0	544	0	130	0	5336	1672	12878	162	3672	0	0	0	0	0	0	0	0	0	0	0	0	0	0	0	1434	0	0	0	194	0	0	0	0	0	0	0	0	0	0	0	0	0	0	0	0	0	0	0	0	0	0	0	0	0	0	
409484	Occipital_Mid_L	1676	0	762	0	0	0	326	0	0	0	0	0	0	0	0	0	1314	0	774	0	0	0	0	0	0	0	0	0	1496	0	0	0	2768	0	538	0	1150	0	1508	0	0	0	16490	0	9072	0	22938	162	25814	0	0	0	18608	0	7538	0	8084	0	10132	0	10728	0	1382	0	11980	0	11350	0	6246	0	0	0	0	0	0	0	0	0	722	0	770	0	0	0	20984	0	0	0	4182	0	650	0	138	0	0	0	580	0	2520	0	0	0	0	0	0	0	0	0	0	0	362	998	0	0	0	0	
176664	Occipital_Mid_R	0	214	0	0	0	0	0	0	0	0	0	0	0	0	0	0	0	0	0	1004	0	0	0	0	0	0	0	0	0	0	0	0	0	232	0	1206	0	0	0	0	0	0	0	10380	0	10000	0	3370	0	21272	0	0	0	2718	0	3268	0	266	0	2130	0	2066	0	248	0	13058	210	3646	0	454	0	0	0	0	0	0	0	0	0	0	0	622	0	0	0	11212	0	0	0	756	0	0	0	0	0	0	0	0	0	0	0	0	0	0	0	0	0	0	0	0	0	0	0	0	0	0	
209916	Occipital_Inf_L	1702	0	1850	0	0	0	278	0	0	0	0	0	0	0	0	0	298	0	1414	0	0	0	0	0	0	0	0	0	1450	0	0	0	346	0	1694	648	2964	0	2604	0	0	0	2826	0	314	0	13008	144	1510	0	18608	0	0	0	14266	0	778	0	0	0	638	0	272	0	132	0	1910	0	920	0	0	0	0	0	0	0	232	0	1646	0	736	0	0	0	11910	0	0	0	10816	0	732	0	140	0	0	0	1828	0	3796	180	0	0	0	0	0	0	0	0	0	0	880	1488	0	0	0	0	
112384	Occipital_Inf_R	0	844	0	974	0	0	0	134	0	0	0	0	0	0	0	0	0	146	0	1706	0	0	0	0	0	0	0	0	0	428	0	0	0	220	136	1610	0	1772	0	684	0	0	0	6060	0	1286	0	6306	0	1480	0	2718	0	0	0	12910	0	338	0	0	0	0	0	238	0	0	0	4300	126	536	0	0	0	192	0	0	0	152	0	0	0	0	0	0	0	2930	0	0	0	6220	0	248	0	0	0	0	0	202	0	624	0	0	0	0	0	0	0	0	0	0	324	348	0	0	0	0	
423624	Fusiform_L	0	0	1478	0	0	0	0	0	0	0	0	0	0	0	0	0	178	0	1256	0	0	0	0	0	0	0	0	0	2566	0	0	0	0	0	1246	1142	13490	446	11534	274	2678	0	570	0	0	0	18308	642	342	0	7538	0	14266	0	0	234	0	0	0	0	0	0	0	0	0	0	494	0	0	0	0	0	1322	0	0	0	900	0	268	0	3084	0	4178	0	4778	0	3812	0	15780	0	26742	0	4066	0	292	0	20146	204	38966	300	924	0	1156	0	274	0	0	0	0	0	3092	2846	0	0	0	0	
463968	Fusiform_R	0	1552	272	2034	0	0	0	882	0	0	0	0	0	0	0	230	0	384	122	2002	0	0	0	0	0	0	0	0	0	3266	0	0	0	404	876	2052	832	29140	270	23260	0	6108	176	10416	0	3050	356	16120	0	3476	0	3268	0	12910	234	0	0	616	0	0	0	0	0	144	0	0	0	4558	0	916	200	0	240	4734	0	0	808	838	0	144	0	2500	0	9512	0	3482	0	6512	0	14568	144	16710	0	492	0	1452	0	10846	308	23618	0	0	0	360	0	366	0	0	0	0	2008	1428	454	168	166	0	
312104	Postcentral_L	25976	576	5970	5670	0	0	2130	0	0	0	5236	0	616	0	0	0	10894	0	5056	828	0	0	0	0	0	0	0	0	2734	0	0	0	1194	0	1136	0	0	0	0	0	0	0	314	0	320	0	168	0	878	0	8084	0	778	0	0	0	0	0	7428	0	27046	0	8324	0	6286	0	4872	0	8424	0	0	0	458	0	290	0	0	0	2772	0	4098	0	0	0	5700	0	0	0	1796	0	0	0	0	0	0	0	0	0	0	0	0	0	0	0	0	0	0	0	0	0	0	0	0	0	0	0	
163484	Postcentral_R	0	9768	0	2168	0	0	0	694	0	0	0	1264	0	0	0	0	0	9782	0	2092	0	0	0	0	0	0	0	0	130	552	0	0	0	1254	0	374	0	482	0	0	0	0	0	1276	0	2290	0	220	0	2352	0	266	0	338	0	616	0	0	0	4268	0	4064	0	13660	0	858	252	7272	216	6398	940	0	1516	196	0	0	0	496	0	526	0	4002	0	0	0	686	0	0	0	474	0	0	0	0	0	0	0	0	0	0	0	0	0	0	0	0	0	0	0	0	0	0	0	0	0	0	
101828	Parietal_Sup_L	140	0	0	0	0	0	0	0	0	0	0	0	0	0	0	0	0	0	0	0	0	0	0	0	0	0	0	0	0	0	0	0	1232	0	0	0	0	0	0	0	0	0	0	0	1944	0	0	0	7630	0	10132	0	0	0	0	0	7428	0	0	0	8178	0	0	0	2332	0	9254	0	1838	0	0	0	0	0	0	0	0	0	0	0	0	0	0	0	654	0	0	0	152	0	0	0	0	0	0	0	0	0	0	0	0	0	0	0	0	0	0	0	0	0	0	0	0	0	0	0	
47756	Parietal_Sup_R	0	0	0	0	0	0	0	0	0	0	0	0	0	0	0	0	0	0	0	0	0	0	0	0	0	0	0	0	0	0	0	0	0	140	0	0	0	0	0	0	0	0	0	0	0	2808	0	0	0	4694	0	2130	0	0	0	0	0	4268	0	0	0	1352	0	130	0	2098	552	5168	0	538	0	0	0	0	0	0	0	0	0	0	0	0	0	0	0	0	0	0	0	0	0	0	0	0	0	0	0	0	0	0	0	0	0	0	0	0	0	0	0	0	0	0	0	0	0	0	
261536	Parietal_Inf_L	4614	0	2130	272	0	0	2040	0	0	0	2596	0	310	0	0	0	1444	0	1966	0	0	0	0	0	0	0	0	0	888	0	0	0	368	0	338	0	0	0	0	0	0	0	0	0	886	0	0	0	3562	0	10728	0	638	0	0	0	27046	0	8178	0	0	0	18412	0	20372	0	2786	0	4460	0	0	0	0	0	0	0	0	0	298	0	3864	0	0	0	10682	0	0	0	1890	0	0	0	0	0	0	0	0	0	0	0	0	0	0	0	0	0	0	0	0	0	0	0	0	0	0	0	
75504	Parietal_Inf_R	0	852	0	470	0	0	0	272	0	0	0	0	0	0	0	0	0	2280	0	528	0	0	0	0	0	0	0	0	0	132	0	0	0	0	0	0	0	186	0	0	0	0	0	128	0	222	0	0	0	544	0	2066	0	0	0	0	0	4064	0	1352	0	0	0	9968	0	11472	0	182	0	436	228	0	420	144	0	0	0	202	0	306	0	714	0	0	0	584	0	0	0	0	0	0	0	0	0	0	0	0	0	0	0	0	0	0	0	0	0	0	0	0	0	0	0	0	0	0	
140932	SupraMarginal_L	2440	0	932	0	0	0	1536	0	0	0	864	0	0	0	0	0	3386	0	766	0	0	0	0	0	0	0	0	0	2546	0	0	0	0	0	0	0	0	0	0	0	0	0	0	0	0	0	0	0	0	0	1382	0	272	0	0	0	8324	0	0	0	18412	0	0	0	6414	0	854	0	1662	0	0	0	0	0	0	0	0	0	746	0	10708	0	0	0	8746	0	0	0	476	0	0	0	0	0	0	0	0	0	0	0	0	0	0	0	0	0	0	0	0	0	0	0	0	0	0	0	
127888	SupraMarginal_R	0	2100	0	1590	0	0	0	614	0	0	0	0	0	0	0	0	0	9754	0	1040	0	0	0	0	0	0	0	0	0	540	0	0	0	0	0	0	0	600	0	0	0	0	0	0	0	0	0	0	0	130	0	248	0	238	0	144	0	13660	0	130	0	9968	0	0	0	4340	0	0	0	590	718	0	1304	298	0	0	0	454	0	792	0	9504	0	0	0	4404	0	0	0	784	0	0	0	0	0	0	0	0	0	0	0	0	0	0	0	0	0	0	0	0	0	0	0	0	0	0	
146532	Angular_L	486	0	174	0	0	0	142	0	0	0	0	0	0	0	0	0	660	0	166	0	0	0	0	0	0	0	0	0	828	0	0	0	0	0	0	0	0	0	0	0	0	0	0	0	0	0	0	0	0	0	11980	0	132	0	0	0	6286	0	2332	0	20372	0	6414	0	0	0	3062	0	4266	0	0	0	0	0	0	0	0	0	252	0	1916	0	0	0	13164	0	0	0	634	0	0	0	0	0	0	0	0	0	0	0	0	0	0	0	0	0	0	0	0	0	0	0	0	0	0	0	
98932	Angular_R	0	380	0	0	0	0	0	0	0	0	0	0	0	0	0	0	0	370	0	332	0	0	0	0	0	0	0	0	0	282	0	0	0	0	0	0	0	0	0	0	0	0	0	564	0	1108	0	166	0	5336	0	13058	0	0	0	0	0	858	0	2098	0	11472	0	4340	0	0	0	754	0	420	0	0	0	0	0	0	0	0	0	0	0	2712	0	0	0	5038	0	0	0	178	0	0	0	0	0	0	0	0	0	0	0	0	0	0	0	0	0	0	0	0	0	0	0	0	0	0	
272416	Precuneus_L	1388	0	302	0	0	0	158	0	0	0	0	0	0	0	0	0	0	0	0	0	0	0	0	0	0	0	0	0	0	0	0	0	7112	890	8278	1278	3376	306	988	0	0	0	14880	1182	8382	6098	7430	154	8288	1672	11350	210	1910	0	494	0	4872	252	9254	552	2786	0	854	0	3062	0	0	8644	12390	492	0	0	0	0	0	0	0	0	0	0	430	0	0	0	4416	0	0	0	1894	0	0	0	0	0	0	0	0	0	0	0	0	0	0	0	0	0	0	0	0	0	184	0	0	0	0	0	
294932	Precuneus_R	0	1082	0	0	0	0	0	0	0	0	0	0	0	0	0	0	0	0	0	5300	0	0	0	0	0	0	0	0	0	0	0	0	462	8990	1106	8988	978	2518	250	1024	0	0	334	16380	790	25266	0	9158	0	12878	0	3646	0	4300	0	4558	0	7272	0	5168	0	182	0	0	0	754	8644	0	642	9320	0	0	0	0	0	0	364	0	0	0	0	0	0	0	0	3676	0	0	0	1436	0	0	0	0	0	0	0	222	0	0	0	0	0	0	0	0	0	0	0	0	1778	0	0	0	0	0	
199752	Paracentral_Lobule_L	11498	688	666	664	0	0	0	0	0	0	0	0	0	0	0	0	188	0	2766	5180	0	0	0	0	0	0	0	0	136	0	0	0	11138	3202	3730	1282	0	0	0	0	0	0	2556	224	1762	280	1024	0	1778	162	6246	0	920	126	0	0	8424	216	1838	0	4460	0	1662	0	4266	0	12390	642	0	1490	0	0	0	0	0	0	0	0	0	0	646	0	0	0	5594	146	0	0	1886	0	0	0	0	0	0	0	0	0	0	0	0	0	0	0	0	0	0	0	0	0	0	0	0	0	0	0	
139564	Paracentral_Lobule_R	0	6118	0	0	0	0	0	0	0	0	0	0	0	0	0	0	0	0	0	12712	0	0	0	0	0	0	0	0	0	184	0	0	1138	6580	164	3042	0	254	0	0	0	0	0	2516	0	5002	0	496	0	3672	0	454	0	536	0	916	0	6398	0	538	0	436	0	590	0	420	492	9320	1490	0	0	0	0	0	0	0	0	0	0	0	0	572	0	0	0	3286	0	0	0	2456	0	0	0	0	0	0	0	0	0	0	0	0	0	0	0	0	0	0	0	0	0	0	0	0	0	0	
314500	Caudate_L	1170	4314	8932	4866	6622	1080	812	3380	1830	0	5426	4480	1284	286	4704	324	1798	4210	8106	3596	8262	7092	536	1050	600	722	2580	670	6434	3874	5862	3120	0	0	0	0	0	300	0	144	0	0	0	0	0	0	0	0	0	0	0	0	0	0	0	200	0	940	0	0	0	228	0	718	0	0	0	0	0	0	0	12298	20096	3518	978	1778	5832	270	248	0	708	158	814	0	0	0	0	0	0	0	0	0	0	0	0	0	0	0	0	0	0	0	0	0	0	0	0	0	0	0	0	0	0	0	0	0	
499316	Caudate_R	384	996	4248	33982	2552	9914	698	1762	684	884	2768	2378	814	520	2508	2198	816	1476	5126	19640	5980	13212	336	11190	426	16488	376	4142	2672	6066	6820	22382	0	2340	0	0	0	0	0	0	0	134	0	0	0	0	0	0	0	0	0	0	0	0	0	0	0	0	0	0	0	0	0	0	0	0	0	0	0	0	12298	0	4790	20976	0	4180	774	18992	312	0	278	0	146	0	0	0	0	0	0	0	0	0	0	0	0	0	0	0	0	0	0	0	0	0	0	0	0	0	0	0	0	0	0	0	0	0	
444096	Putamen_L	930	4614	32382	2622	15342	366	5236	2442	5064	0	1168	248	548	0	7794	132	1270	738	25998	2438	4504	3654	770	336	752	154	1822	296	22652	284	6780	846	0	0	330	352	9942	574	3292	302	392	0	0	0	0	0	0	226	0	0	0	0	0	0	1322	240	458	1516	0	0	0	420	0	1304	0	0	0	0	0	0	20096	4790	0	1714	6768	792	5972	338	690	0	3370	182	2392	0	278	0	0	0	1814	0	0	0	0	0	0	0	0	0	0	0	0	0	0	0	0	0	0	0	0	0	0	0	0	0	0	0	
396028	Putamen_R	0	1094	1624	19582	806	5792	210	4256	362	2622	292	4328	0	666	880	3660	0	5372	1266	16088	2180	4730	252	9678	142	11196	0	1340	580	20262	2660	11154	0	2030	0	0	0	11422	0	3758	0	1850	0	0	0	0	0	0	0	0	0	0	0	192	0	4734	0	196	0	0	0	144	0	298	0	0	0	0	0	0	3518	20976	1714	0	0	5566	714	3614	142	394	0	862	0	928	0	0	0	160	0	1728	0	0	0	0	0	0	0	0	0	0	0	0	0	0	0	0	0	0	0	0	0	0	0	0	0	0	
43788	Pallidum_L	0	0	5884	366	0	0	812	0	0	0	0	0	0	0	0	0	322	0	3710	724	192	124	0	0	0	0	0	0	0	0	0	0	0	0	0	0	430	0	210	0	0	0	0	0	0	0	0	0	0	0	0	0	0	0	0	0	290	0	0	0	0	0	0	0	0	0	0	0	0	0	978	0	6768	0	0	0	1084	0	0	0	0	0	0	0	0	0	0	0	0	0	0	0	0	0	0	0	0	0	0	0	0	0	0	0	0	0	0	0	0	0	0	0	0	0	0	0	
51036	Pallidum_R	0	0	0	4434	122	0	0	2508	0	0	0	186	0	0	124	0	0	0	0	1812	636	1580	0	658	0	0	0	0	0	154	226	182	0	0	0	0	0	406	0	174	0	0	0	0	0	0	0	0	0	0	0	0	0	0	0	0	0	0	0	0	0	0	0	0	0	0	0	0	0	0	1778	4180	792	5566	0	0	0	0	0	0	0	0	0	0	0	0	0	0	0	0	0	0	0	0	0	0	0	0	0	0	0	0	0	0	0	0	0	0	0	0	0	0	0	0	0	0	
206096	Thalamus_L	4532	3440	24014	4530	0	0	770	946	0	0	0	186	0	0	0	0	0	172	18876	1690	0	0	0	192	0	0	0	0	484	126	0	0	0	134	1760	4084	4548	3870	1936	2526	0	0	0	266	0	0	446	1270	0	0	0	0	232	0	900	808	0	0	0	0	0	0	0	0	0	0	0	364	0	0	5832	774	5972	714	1084	0	0	5570	0	0	0	0	0	0	0	0	0	0	0	0	0	0	0	0	0	0	0	0	0	0	0	0	0	0	0	0	0	0	0	0	0	0	0	0	0	0	
198184	Thalamus_R	712	1978	1022	31830	0	0	0	1536	0	0	0	1070	0	0	0	0	0	1150	830	13234	0	0	0	668	0	288	0	0	0	918	0	560	0	428	0	502	130	6274	0	3460	0	0	0	0	0	0	0	280	0	0	0	0	0	152	0	838	0	496	0	0	0	202	0	454	0	0	0	0	0	0	270	18992	338	3614	0	0	5570	0	0	0	0	372	0	0	0	200	0	0	0	724	0	0	0	0	0	0	0	0	0	0	0	0	0	0	0	0	0	0	0	0	0	0	0	0	0	0	
197092	Heschl_L	5794	0	11034	208	0	0	6424	188	0	0	1720	1032	364	736	0	0	9142	330	8368	296	0	0	398	416	0	0	0	0	24018	374	968	374	0	0	240	240	886	0	0	0	0	0	0	0	0	0	0	0	0	0	722	0	1646	0	268	0	2772	0	0	0	298	0	746	0	252	0	0	0	0	0	248	312	690	142	0	0	0	0	0	0	4928	0	0	0	8536	0	0	0	3436	0	0	0	0	0	0	0	0	0	0	0	0	0	0	0	0	0	0	0	0	0	0	0	0	0	0	0	
32520	Heschl_R	0	600	0	274	0	0	0	0	0	0	0	290	0	0	0	0	0	3106	0	694	0	0	0	0	0	0	0	0	0	1248	0	0	0	0	0	0	0	214	0	0	0	0	0	0	0	0	0	0	0	0	0	0	0	0	0	144	0	526	0	0	0	306	0	792	0	0	0	0	0	0	0	0	0	394	0	0	0	0	0	0	0	4672	0	0	0	2524	0	0	0	476	0	0	0	0	0	0	0	0	0	0	0	0	0	0	0	0	0	0	0	0	0	0	0	0	0	0	
253108	Temporal_Sup_L	4568	0	4964	0	344	0	1588	0	0	0	3424	232	226	0	0	0	10584	222	4442	0	0	0	122	122	0	0	0	0	14744	212	768	146	0	0	192	162	2148	0	408	0	220	0	0	0	0	0	0	0	0	0	770	0	736	0	3084	0	4098	0	0	0	3864	0	10708	0	1916	0	430	0	646	0	708	278	3370	0	0	0	0	0	4928	0	0	0	4140	0	25070	0	0	0	11970	0	0	0	0	0	0	0	0	0	0	0	0	0	0	0	0	0	0	0	0	0	0	0	0	0	0	0	
173212	Temporal_Sup_R	0	1446	0	454	0	0	0	0	0	0	0	876	0	0	0	2156	0	10396	0	1472	0	0	0	0	0	0	0	0	0	10556	0	0	0	0	0	0	0	786	0	218	0	0	0	0	0	0	0	0	0	0	0	622	0	0	0	2500	0	4002	0	0	0	714	0	9504	0	2712	0	0	0	572	158	0	182	862	0	0	0	372	0	4672	0	0	0	5434	0	18458	0	1414	0	6068	0	0	0	0	0	0	0	0	0	0	0	0	0	0	0	0	0	0	0	0	0	0	0	0	0	0	
136500	Temporal_Pole_Sup_L	0	0	884	0	2368	0	214	0	1300	0	3136	122	622	0	3802	0	1704	140	464	0	1306	0	128	0	0	0	326	0	11518	0	1382	0	0	0	0	0	2552	0	2142	0	2800	0	0	0	0	0	0	0	0	0	0	0	0	0	4178	0	0	0	0	0	0	0	0	0	0	0	0	0	0	0	814	146	2392	0	0	0	0	0	0	0	4140	0	0	0	6390	0	7770	0	5510	0	0	0	0	0	0	0	0	0	0	0	0	0	0	0	0	0	0	0	0	0	0	0	0	0	0	0	
103160	Temporal_Pole_Sup_R	0	0	0	0	0	0	0	0	0	0	0	148	0	0	0	2366	0	222	0	0	0	362	0	0	0	0	0	0	0	3492	0	0	0	0	0	0	0	1926	0	4962	0	4836	0	0	0	0	0	0	0	0	0	0	0	0	0	9512	0	0	0	0	0	0	0	0	0	0	0	0	0	0	0	0	0	928	0	0	0	0	0	0	0	5434	0	0	0	4270	0	8620	0	4502	0	0	0	0	0	0	0	0	0	0	0	0	0	0	0	0	0	0	0	0	0	0	0	0	0	0	
448680	Temporal_Mid_L	7824	0	5074	0	0	0	1982	0	0	0	202	0	0	0	0	0	4984	0	4132	0	0	0	0	0	0	0	0	0	9300	0	130	0	776	0	1732	0	692	0	296	0	0	0	2260	0	572	0	2046	0	1424	0	20984	0	11910	0	4778	0	5700	0	654	0	10682	0	8746	0	13164	0	4416	0	5594	0	0	0	278	0	0	0	0	0	8536	0	25070	0	6390	0	0	0	6866	0	47146	0	0	0	0	0	0	0	0	0	0	0	0	0	0	0	0	0	0	0	0	0	0	0	0	0	0	0	
223372	Temporal_Mid_R	0	3022	0	616	0	0	0	0	0	0	0	0	0	0	0	0	0	898	0	5052	0	0	0	0	0	0	0	0	0	3310	0	0	0	332	0	2382	0	1382	0	560	0	0	0	6620	0	1128	0	1332	0	1434	0	11212	0	2930	0	3482	0	686	0	0	0	584	0	4404	0	5038	0	3676	146	3286	0	0	0	0	0	0	0	200	0	2524	0	18458	0	4270	0	0	0	3264	0	19458	0	0	0	0	0	0	0	0	0	0	0	0	0	0	0	0	0	0	0	0	0	0	0	0	0	0	
52004	Temporal_Pole_Mid_L	0	0	0	0	0	0	0	0	0	0	0	0	0	0	0	0	0	0	0	0	0	0	0	0	0	0	0	0	0	0	0	0	0	0	0	0	0	0	1276	0	168	0	0	0	0	0	0	0	0	0	0	0	0	0	3812	0	0	0	0	0	0	0	0	0	0	0	0	0	0	0	0	0	0	0	0	0	0	0	0	0	0	0	7770	0	6866	0	0	0	6110	0	0	0	0	0	0	0	0	0	0	0	0	0	0	0	0	0	0	0	0	0	0	0	0	0	0	0	
60276	Temporal_Pole_Mid_R	0	0	0	0	0	0	0	0	0	0	0	0	0	0	0	0	0	0	0	0	0	0	0	0	0	0	0	0	0	210	0	0	0	0	0	0	0	1162	0	3808	0	2646	0	0	0	0	0	0	0	0	0	0	0	0	0	6512	0	0	0	0	0	0	0	0	0	0	0	0	0	0	0	0	0	160	0	0	0	0	0	0	0	1414	0	8620	0	3264	0	0	0	2342	0	0	0	0	0	0	0	0	0	0	0	0	0	0	0	0	0	0	0	0	0	0	0	0	0	0	
310852	Temporal_Inf_L	4276	0	3480	0	0	0	840	0	0	0	154	0	0	0	0	0	1072	0	2780	0	0	0	0	0	0	0	0	0	6606	0	0	0	486	0	1612	0	6632	0	1718	0	934	0	1352	0	222	0	1428	0	124	0	4182	0	10816	0	15780	0	1796	0	152	0	1890	0	476	0	634	0	1894	0	1886	0	0	0	1814	0	0	0	0	0	3436	0	11970	0	5510	0	47146	0	6110	0	0	0	3762	0	392	0	0	0	0	0	1336	0	364	0	364	0	0	0	0	0	0	0	0	0	0	0	0	0	
184040	Temporal_Inf_R	0	2498	0	1666	0	0	0	136	0	0	0	0	0	0	0	0	0	210	0	4046	0	0	0	0	0	0	0	0	0	5978	0	0	0	272	146	708	0	6876	0	1224	0	338	0	1680	0	202	0	1300	0	194	0	756	0	6220	0	14568	0	474	0	0	0	0	0	784	0	178	0	1436	0	2456	0	0	0	1728	0	0	0	724	0	476	0	6068	0	4502	0	19458	0	2342	0	0	0	1886	0	0	0	0	0	0	0	490	0	0	0	0	0	0	0	0	0	0	0	0	0	0	0	0	
408280	Cerebelum_Crus1_L	0	0	0	0	0	0	0	0	0	0	0	0	0	0	0	0	0	0	0	0	0	0	0	0	0	0	0	0	0	0	0	0	0	0	0	0	246	0	944	0	0	0	0	0	0	0	6066	1030	0	0	650	0	732	0	26742	144	0	0	0	0	0	0	0	0	0	0	0	0	0	0	0	0	0	0	0	0	0	0	0	0	0	0	0	0	0	0	0	0	3762	0	0	1000	32404	4946	1380	802	16392	746	51254	1166	13580	846	13772	3028	3138	506	772	0	266	492	1480	3720	7902	2768	1464	0	
325164	Cerebelum_Crus1_R	0	0	0	0	0	0	0	0	0	0	0	0	0	0	0	0	0	0	0	0	0	0	0	0	0	0	0	0	0	0	0	0	0	0	0	0	0	166	0	456	0	0	0	0	0	0	368	5152	0	0	0	0	0	248	0	16710	0	0	0	0	0	0	0	0	0	0	0	0	0	0	0	0	0	0	0	0	0	0	0	0	0	0	0	0	0	0	0	0	0	1886	1000	0	862	21308	0	2922	508	19140	786	53872	376	3516	218	13568	0	2272	0	0	0	1738	6392	4296	3504	906	412	0	
309652	Cerebelum_Crus2_L	0	0	0	0	0	0	0	0	0	0	0	0	0	0	0	0	0	0	0	0	0	0	0	0	0	0	0	0	0	0	0	0	0	0	0	0	0	0	440	0	0	0	0	0	0	0	990	834	0	0	138	0	140	0	4066	0	0	0	0	0	0	0	0	0	0	0	0	0	0	0	0	0	0	0	0	0	0	0	0	0	0	0	0	0	0	0	0	0	392	0	32404	862	0	7236	522	148	2596	184	9310	730	40308	3080	30024	2172	2684	150	454	0	0	136	222	1878	9826	2490	410	0	
251404	Cerebelum_Crus2_R	0	0	0	0	0	0	0	0	0	0	0	0	0	0	0	0	0	0	0	0	0	0	0	0	0	0	0	0	0	0	0	0	0	0	0	0	0	0	0	0	0	0	0	0	0	0	0	502	0	0	0	0	0	0	0	492	0	0	0	0	0	0	0	0	0	0	0	0	0	0	0	0	0	0	0	0	0	0	0	0	0	0	0	0	0	0	0	0	0	0	4946	21308	7236	0	0	1368	0	1762	426	3360	5752	23512	5390	26574	422	2182	0	0	198	384	408	1210	11520	5716	1034	0	
35464	Cerebelum_3_L	0	0	0	0	0	0	0	0	0	0	0	0	0	0	0	0	0	0	0	0	0	0	0	0	0	0	0	0	0	0	0	0	0	0	0	0	0	0	228	0	0	0	0	0	0	0	344	0	0	0	0	0	0	0	292	0	0	0	0	0	0	0	0	0	0	0	0	0	0	0	0	0	0	0	0	0	0	0	0	0	0	0	0	0	0	0	0	0	0	0	1380	0	522	0	0	0	5480	0	2640	0	0	0	0	0	2528	0	360	0	1304	1184	1148	322	0	0	0	0	
70012	Cerebelum_3_R	0	0	0	0	0	0	0	0	0	0	0	0	0	0	0	0	0	0	0	0	0	0	0	0	0	0	0	0	0	0	0	0	0	0	0	0	0	284	0	386	0	182	0	0	0	0	0	440	0	0	0	0	0	0	0	1452	0	0	0	0	0	0	0	0	0	0	0	0	0	0	0	0	0	0	0	0	0	0	0	0	0	0	0	0	0	0	0	0	0	0	802	2922	148	1368	0	0	148	7540	536	6982	190	228	178	1406	0	1296	0	122	206	1582	940	1538	1508	1572	1050	0	
264648	Cerebelum_4_5_L	0	0	0	0	0	0	0	0	0	0	0	0	0	0	0	0	0	0	0	0	0	0	0	0	0	0	0	0	0	0	0	0	0	0	0	0	340	0	1400	0	0	0	254	0	0	0	9902	918	0	0	580	0	1828	0	20146	0	0	0	0	0	0	0	0	0	0	0	0	0	0	0	0	0	0	0	0	0	0	0	0	0	0	0	0	0	0	0	0	0	0	0	16392	508	2596	0	5480	148	0	1036	37520	1212	462	0	816	206	5444	1574	362	0	476	872	13276	5050	0	926	1322	1278	
210656	Cerebelum_4_5_R	0	0	0	0	0	0	0	0	0	0	0	0	0	0	0	0	0	0	0	0	0	0	0	0	0	0	0	0	0	0	0	0	0	0	0	0	0	1002	0	3302	0	284	0	0	0	0	430	4744	0	0	0	0	0	202	204	10846	0	0	0	0	0	0	0	0	0	0	0	222	0	0	0	0	0	0	0	0	0	0	0	0	0	0	0	0	0	0	0	0	0	0	746	19140	184	1762	0	7540	1036	0	882	31690	196	288	222	1782	136	1224	0	0	0	2420	9830	1260	1476	1328	950	0	
429108	Cerebelum_6_L	0	0	0	0	0	0	0	0	0	0	0	0	0	0	0	0	0	0	0	0	0	0	0	0	0	0	0	0	0	0	0	0	0	0	0	0	308	0	1384	0	0	0	202	0	0	0	14948	1970	222	0	2520	0	3796	0	38966	308	0	0	0	0	0	0	0	0	0	0	0	0	0	0	0	0	0	0	0	0	0	0	0	0	0	0	0	0	0	0	0	0	1336	0	51254	786	9310	426	2640	536	37520	882	0	1902	3314	0	4542	218	6124	1402	1476	0	208	438	8790	10502	2208	1922	1992	202	
338752	Cerebelum_6_R	0	0	0	0	0	0	0	0	0	0	0	0	0	0	0	0	0	0	0	0	0	0	0	0	0	0	0	0	0	0	0	0	0	0	0	0	0	278	0	1098	0	0	212	270	0	0	992	9078	0	0	0	0	180	624	300	23618	0	0	0	0	0	0	0	0	0	0	0	0	0	0	0	0	0	0	0	0	0	0	0	0	0	0	0	0	0	0	0	0	0	490	1166	53872	730	3360	0	6982	1212	31690	1902	0	314	438	220	3866	204	1334	0	0	0	2526	11354	7434	2510	782	340	0	
242972	Cerebelum_7b_L	0	0	0	0	0	0	0	0	0	0	0	0	0	0	0	0	0	0	0	0	0	0	0	0	0	0	0	0	0	0	0	0	0	0	0	0	0	0	0	0	0	0	0	0	0	0	0	0	0	0	0	0	0	0	924	0	0	0	0	0	0	0	0	0	0	0	0	0	0	0	0	0	0	0	0	0	0	0	0	0	0	0	0	0	0	0	0	0	364	0	13580	376	40308	5752	0	190	462	196	3314	314	0	3640	34124	2292	4168	192	794	0	0	0	126	494	6516	3100	260	0	
146580	Cerebelum_7b_R	0	0	0	0	0	0	0	0	0	0	0	0	0	0	0	0	0	0	0	0	0	0	0	0	0	0	0	0	0	0	0	0	0	0	0	0	0	0	0	0	0	0	0	0	0	0	0	0	0	0	0	0	0	0	0	0	0	0	0	0	0	0	0	0	0	0	0	0	0	0	0	0	0	0	0	0	0	0	0	0	0	0	0	0	0	0	0	0	0	0	846	3516	3080	23512	0	228	0	288	0	438	3640	0	4560	22062	752	2190	0	0	0	0	0	0	3500	4678	0	0	
269444	Cerebelum_8_L	0	0	0	0	0	0	0	0	0	0	0	0	0	0	0	0	0	0	0	0	0	0	0	0	0	0	0	0	0	0	0	0	0	0	0	0	0	0	0	0	0	0	0	0	0	0	0	0	0	0	0	0	0	0	1156	0	0	0	0	0	0	0	0	0	0	0	0	0	0	0	0	0	0	0	0	0	0	0	0	0	0	0	0	0	0	0	0	0	364	0	13772	218	30024	5390	0	178	816	222	4542	220	34124	4560	0	2980	17996	784	2534	0	0	0	390	794	5062	6670	1926	0	
228268	Cerebelum_8_R	0	0	0	0	0	0	0	0	0	0	0	0	0	0	0	0	0	0	0	0	0	0	0	0	0	0	0	0	0	0	0	0	0	0	0	0	0	0	0	0	0	0	0	0	0	0	0	0	0	0	0	0	0	0	0	360	0	0	0	0	0	0	0	0	0	0	0	0	0	0	0	0	0	0	0	0	0	0	0	0	0	0	0	0	0	0	0	0	0	0	3028	13568	2172	26574	0	1406	206	1782	218	3866	2292	22062	2980	0	594	16654	0	266	214	380	680	1014	5994	5892	1678	254	
132648	Cerebelum_9_L	0	0	0	0	0	0	0	0	0	0	0	0	0	0	0	0	0	0	0	0	0	0	0	0	0	0	0	0	0	0	0	0	0	0	0	0	0	0	0	0	0	0	0	0	0	0	0	0	0	0	0	0	0	0	274	0	0	0	0	0	0	0	0	0	0	0	0	0	0	0	0	0	0	0	0	0	0	0	0	0	0	0	0	0	0	0	0	0	0	0	3138	0	2684	422	2528	0	5444	136	6124	204	4168	752	17996	594	0	1730	6078	0	246	494	2914	2510	1224	3354	2724	586	
138328	Cerebelum_9_R	0	0	0	0	0	0	0	0	0	0	0	0	0	0	0	0	0	0	0	0	0	0	0	0	0	0	0	0	0	0	0	0	0	0	0	0	0	0	0	448	0	0	152	0	0	0	0	0	0	0	0	0	0	0	0	366	0	0	0	0	0	0	0	0	0	0	0	0	0	0	0	0	0	0	0	0	0	0	0	0	0	0	0	0	0	0	0	0	0	0	506	2272	150	2182	0	1296	1574	1224	1402	1334	192	2190	784	16654	1730	0	0	1742	158	544	5776	7642	1798	7312	7664	2072	
27044	Cerebelum_10_L	0	0	0	0	0	0	0	0	0	0	0	0	0	0	0	0	0	0	0	0	0	0	0	0	0	0	0	0	0	0	0	0	0	0	0	0	0	0	0	0	0	0	0	0	0	0	0	0	0	0	0	0	0	0	0	0	0	0	0	0	0	0	0	0	0	0	0	0	0	0	0	0	0	0	0	0	0	0	0	0	0	0	0	0	0	0	0	0	0	0	772	0	454	0	360	0	362	0	1476	0	794	0	2534	0	6078	0	0	0	0	0	0	434	0	122	136	0	
10716	Cerebelum_10_R	0	0	0	0	0	0	0	0	0	0	0	0	0	0	0	0	0	0	0	0	0	0	0	0	0	0	0	0	0	0	0	0	0	0	0	0	0	0	0	0	0	0	0	0	0	0	0	0	0	0	0	0	0	0	0	0	0	0	0	0	0	0	0	0	0	0	0	0	0	0	0	0	0	0	0	0	0	0	0	0	0	0	0	0	0	0	0	0	0	0	0	0	0	0	0	122	0	0	0	0	0	0	0	266	0	1742	0	0	0	0	800	810	0	808	810	0	
19928	Vermis_1_2	0	0	0	0	0	0	0	0	0	0	0	0	0	0	0	0	0	0	0	0	0	0	0	0	0	0	0	0	0	0	0	0	0	0	0	0	0	0	0	0	0	0	0	0	0	0	0	0	0	0	0	0	0	0	0	0	0	0	0	0	0	0	0	0	0	0	0	0	0	0	0	0	0	0	0	0	0	0	0	0	0	0	0	0	0	0	0	0	0	0	266	0	0	198	1304	206	476	0	208	0	0	0	0	214	246	158	0	0	0	4244	856	292	322	448	526	0	
45692	Vermis_3	0	0	0	0	0	0	0	0	0	0	0	0	0	0	0	0	0	0	0	0	0	0	0	0	0	0	0	0	0	0	0	0	0	0	0	0	0	0	0	0	0	0	0	0	0	0	0	0	0	0	0	0	0	0	0	0	0	0	0	0	0	0	0	0	0	0	0	0	0	0	0	0	0	0	0	0	0	0	0	0	0	0	0	0	0	0	0	0	0	0	492	1738	136	384	1184	1582	872	2420	438	2526	0	0	0	380	494	544	0	0	4244	0	2578	668	586	834	746	0	
225532	Vermis_4_5	0	0	0	0	0	0	0	0	0	0	0	0	0	0	0	0	0	0	0	0	0	0	0	0	0	0	0	0	0	0	0	0	0	0	0	1004	0	278	0	262	0	0	530	390	0	250	3726	4662	0	0	362	0	880	324	3092	2008	0	0	0	0	0	0	0	0	0	0	184	1778	0	0	0	0	0	0	0	0	0	0	0	0	0	0	0	0	0	0	0	0	0	0	1480	6392	222	408	1148	940	13276	9830	8790	11354	126	0	390	680	2914	5776	0	800	856	2578	0	12182	440	4934	5090	2430	
