data	data	530524	175448	1.20882e+06	882484	323664	153792	600892	326472	128496	53688	314764	292616	261228	216384	197160	131620	330560	147128	935200	884212	68816	98632	545632	475340	86592	246048	75260	128976	679472	341880	437952	705320	179004	571696	127480	121296	240140	231848	112544	158852	38792	48988	189988	389336	217636	360396	281440	415540	175188	367520	490856	238524	204748	73124	411860	420712	336168	174580	161368	93740	196408	109176	81708	122676	150420	123644	278684	383736	128320	84852	257208	467372	397928	331116	65956	77116	150124	195748	96900	54740	286112	177544	151580	76496	378184	296416	49344	47688	282272	230676	433984	391640	315056	280740	31104	33504	291088	243848	493012	458632	264944	156052	389076	307368	140632	134228	40356	50408	13588	24932	244072	214676	200892	131204	127220	37024	
data	data	Precentral_L	Precentral_R	Frontal_Sup_L	Frontal_Sup_R	Frontal_Sup_Orb_L	Frontal_Sup_Orb_R	Frontal_Mid_L	Frontal_Mid_R	Frontal_Mid_Orb_L	Frontal_Mid_Orb_R	Frontal_Inf_Oper_L	Frontal_Inf_Oper_R	Frontal_Inf_Tri_L	Frontal_Inf_Tri_R	Frontal_Inf_Orb_L	Frontal_Inf_Orb_R	Rolandic_Oper_L	Rolandic_Oper_R	Supp_Motor_Area_L	Supp_Motor_Area_R	Olfactory_L	Olfactory_R	Frontal_Sup_Medial_L	Frontal_Sup_Medial_R	Frontal_Med_Orb_L	Frontal_Med_Orb_R	Rectus_L	Rectus_R	Insula_L	Insula_R	Cingulum_Ant_L	Cingulum_Ant_R	Cingulum_Mid_L	Cingulum_Mid_R	Cingulum_Post_L	Cingulum_Post_R	Hippocampus_L	Hippocampus_R	ParaHippocampal_L	ParaHippocampal_R	Amygdala_L	Amygdala_R	Calcarine_L	Calcarine_R	Cuneus_L	Cuneus_R	Lingual_L	Lingual_R	Occipital_Sup_L	Occipital_Sup_R	Occipital_Mid_L	Occipital_Mid_R	Occipital_Inf_L	Occipital_Inf_R	Fusiform_L	Fusiform_R	Postcentral_L	Postcentral_R	Parietal_Sup_L	Parietal_Sup_R	Parietal_Inf_L	Parietal_Inf_R	SupraMarginal_L	SupraMarginal_R	Angular_L	Angular_R	Precuneus_L	Precuneus_R	Paracentral_Lobule_L	Paracentral_Lobule_R	Caudate_L	Caudate_R	Putamen_L	Putamen_R	Pallidum_L	Pallidum_R	Thalamus_L	Thalamus_R	Heschl_L	Heschl_R	Temporal_Sup_L	Temporal_Sup_R	Temporal_Pole_Sup_L	Temporal_Pole_Sup_R	Temporal_Mid_L	Temporal_Mid_R	Temporal_Pole_Mid_L	Temporal_Pole_Mid_R	Temporal_Inf_L	Temporal_Inf_R	Cerebelum_Crus1_L	Cerebelum_Crus1_R	Cerebelum_Crus2_L	Cerebelum_Crus2_R	Cerebelum_3_L	Cerebelum_3_R	Cerebelum_4_5_L	Cerebelum_4_5_R	Cerebelum_6_L	Cerebelum_6_R	Cerebelum_7b_L	Cerebelum_7b_R	Cerebelum_8_L	Cerebelum_8_R	Cerebelum_9_L	Cerebelum_9_R	Cerebelum_10_L	Cerebelum_10_R	Vermis_1_2	Vermis_3	Vermis_4_5	Vermis_6	Vermis_7	Vermis_8	Vermis_9	Vermis_10	
530524	Precentral_L	0	1444	35880	4614	1232	0	33878	490	0	0	15096	664	2018	596	118	0	21186	160	20524	18678	0	610	2218	154	0	362	0	168	12140	530	1622	918	2746	2392	2814	306	3216	248	0	0	0	0	0	0	114	0	0	0	0	0	240	0	0	0	0	0	25198	150	0	0	2256	0	712	0	0	0	330	0	5800	532	2000	5714	6994	600	556	0	10552	8474	3826	0	3960	0	232	0	0	0	0	0	0	0	0	0	0	0	0	0	0	0	0	0	0	0	0	0	0	0	0	0	0	0	0	0	0	0	0	0	
175448	Precentral_R	1444	0	3768	11930	0	0	1162	16908	0	0	272	7738	0	636	0	0	464	2816	1626	6270	0	0	0	0	0	0	0	0	472	906	750	132	0	198	0	1842	142	384	0	0	0	0	0	136	0	152	0	0	0	200	0	142	0	0	0	0	556	12440	0	0	134	414	0	632	0	0	0	400	136	1096	1928	3052	1324	402	604	0	498	3036	0	0	0	162	0	0	0	300	0	0	0	120	0	0	0	0	0	0	0	0	0	0	0	0	0	0	0	0	0	0	0	0	0	0	0	0	0	0	
1.20882e+06	Frontal_Sup_L	35880	3768	0	13812	18748	296	78120	3460	2868	0	18562	3502	19338	1486	6626	328	13918	154	109638	29198	0	136	59710	10694	1382	502	0	154	32478	656	22294	13130	3292	11446	674	0	4634	0	234	0	0	0	0	0	0	0	0	0	0	0	0	0	0	0	0	0	8062	114	0	0	1156	0	0	0	0	0	0	0	4744	0	9814	3042	24880	552	6910	182	14662	1436	3462	0	3338	0	936	0	0	0	0	0	0	0	0	0	0	0	0	0	0	0	0	0	0	0	0	0	0	0	0	0	0	0	0	0	0	0	0	0	
882484	Frontal_Sup_R	4614	11930	13812	0	916	6764	3300	39856	0	124	770	19300	332	12026	0	2262	302	5422	21282	82266	0	912	8976	40228	362	6568	0	1744	1492	8086	7424	44566	3898	28452	0	0	320	906	0	316	0	0	0	120	0	0	0	0	0	0	0	0	0	0	0	194	628	2022	0	0	0	136	0	222	0	0	0	234	816	0	2238	23438	1122	12978	142	4842	1772	8814	0	358	0	492	0	498	0	476	0	0	0	172	0	0	0	0	0	0	0	0	0	0	0	0	0	0	0	0	0	0	0	0	0	0	0	0	0	0	
323664	Frontal_Sup_Orb_L	1232	0	18748	916	0	0	5454	616	18500	0	1960	930	7268	918	19398	0	636	0	4422	920	1764	446	5588	738	4774	996	6468	164	27074	218	5876	2040	154	304	0	0	0	0	0	0	292	0	0	0	0	0	0	0	0	0	0	0	0	0	0	0	204	0	0	0	0	0	0	0	0	0	0	0	0	0	4510	1590	14128	348	352	126	0	0	0	0	222	0	1538	0	0	0	0	0	0	0	0	0	0	0	0	0	0	0	0	0	0	0	0	0	0	0	0	0	0	0	0	0	0	0	0	0	
153792	Frontal_Sup_Orb_R	0	0	296	6764	0	0	0	3530	0	7926	0	668	0	1616	0	8792	0	184	662	412	0	868	308	4322	0	11156	156	7174	0	6108	430	3408	0	552	0	0	0	0	0	0	0	0	0	0	0	0	0	0	0	0	0	0	0	0	0	0	0	0	0	0	0	0	0	0	0	0	0	0	0	0	0	3300	0	7130	0	1134	0	0	0	0	0	0	0	0	0	0	0	0	0	0	0	0	0	0	0	0	0	0	0	0	0	0	0	0	0	0	0	0	0	0	0	0	0	0	0	0	
600892	Frontal_Mid_L	33878	1162	78120	3300	5454	0	0	594	2638	0	12052	906	25872	486	3794	0	8882	0	20890	8374	0	140	25216	2568	0	0	0	0	16740	536	7846	4554	184	1978	0	0	1492	122	0	0	0	0	0	0	0	0	0	0	0	0	0	0	0	0	0	0	3774	0	0	0	150	0	0	0	0	0	0	0	908	0	2136	4264	6896	206	942	0	6508	3504	2372	0	1008	0	0	0	0	0	0	0	0	0	0	0	0	0	0	0	0	0	0	0	0	0	0	0	0	0	0	0	0	0	0	0	0	0	0	0	
326472	Frontal_Mid_R	490	16908	3460	39856	616	3530	594	0	0	1722	920	14736	134	14148	0	1574	466	220	6456	10586	0	0	1558	8936	0	356	0	202	1762	864	1558	11044	0	7888	0	0	204	326	0	0	0	0	0	0	0	0	0	0	0	0	0	0	0	0	0	0	268	1614	0	0	0	0	0	0	0	0	0	0	0	0	2226	3506	1010	292	368	0	236	2480	0	0	122	0	0	0	0	0	0	0	0	0	0	0	0	0	0	0	0	0	0	0	0	0	0	0	0	0	0	0	0	0	0	0	0	0	0	0	
128496	Frontal_Mid_Orb_L	0	0	2868	0	18500	0	2638	0	0	0	230	0	3348	0	18184	0	0	0	182	0	348	248	128	0	938	0	3062	0	7686	0	212	140	0	0	0	0	0	0	0	0	0	0	0	0	0	0	0	0	0	0	0	0	0	0	0	0	0	0	0	0	0	0	0	0	0	0	0	0	0	0	474	178	3424	110	234	0	0	0	0	0	0	0	1116	0	0	0	0	0	0	0	0	0	0	0	0	0	0	0	0	0	0	0	0	0	0	0	0	0	0	0	0	0	0	0	0	0	
53688	Frontal_Mid_Orb_R	0	0	0	124	0	7926	0	1722	0	0	0	110	0	1172	0	11768	0	0	0	0	0	0	0	0	0	900	0	376	0	1678	0	0	0	0	0	0	0	0	0	0	0	0	0	0	0	0	0	0	0	0	0	0	0	0	0	0	0	0	0	0	0	0	0	0	0	0	0	0	0	0	0	220	0	848	0	0	0	0	0	0	0	0	0	0	0	0	0	0	0	0	0	0	0	0	0	0	0	0	0	0	0	0	0	0	0	0	0	0	0	0	0	0	0	0	0	0	
314764	Frontal_Inf_Oper_L	15096	272	18562	770	1960	0	12052	920	230	0	0	2792	13572	2198	302	0	12264	0	16010	976	0	0	4316	286	0	114	0	0	16110	2600	4356	1516	0	360	0	0	1184	0	0	0	0	0	0	0	0	0	0	0	0	0	0	0	0	0	0	0	6664	0	0	0	598	0	354	0	0	0	0	0	0	0	6234	3472	2530	0	0	0	382	0	1324	0	4128	0	2878	0	0	0	0	0	0	0	0	0	0	0	0	0	0	0	0	0	0	0	0	0	0	0	0	0	0	0	0	0	0	0	0	0	
292616	Frontal_Inf_Oper_R	664	7738	3502	19300	930	668	906	14736	0	110	2792	0	876	13282	0	1408	1038	7570	4450	11248	0	0	1096	3182	0	2732	0	856	2072	14812	1072	5434	212	3592	0	0	128	0	0	0	0	0	0	0	0	0	0	0	0	0	0	0	0	0	0	0	256	1342	0	0	0	0	0	186	0	0	0	0	0	0	3238	8138	244	4222	0	0	0	174	0	260	336	328	180	858	0	140	0	0	0	0	0	0	0	0	0	0	0	0	0	0	0	0	0	0	0	0	0	0	0	0	0	0	0	0	0	0	
261228	Frontal_Inf_Tri_L	2018	0	19338	332	7268	0	25872	134	3348	0	13572	876	0	542	12490	0	364	0	7198	590	0	0	4636	446	0	0	0	0	20918	640	4538	960	0	304	0	0	0	0	0	0	0	0	0	0	0	0	0	0	0	0	0	0	0	0	0	0	260	0	0	0	0	0	0	0	0	0	0	0	0	0	1484	1376	610	0	0	0	0	0	0	0	144	0	356	0	0	0	0	0	0	0	0	0	0	0	0	0	0	0	0	0	0	0	0	0	0	0	0	0	0	0	0	0	0	0	0	0	
216384	Frontal_Inf_Tri_R	596	636	1486	12026	918	1616	486	14148	0	1172	2198	13282	542	0	0	5430	424	194	2982	6668	0	0	582	5192	0	2582	0	1446	1816	9758	1536	8644	0	3534	0	0	290	0	0	0	0	0	0	0	0	0	0	0	0	0	0	0	0	0	0	0	298	0	0	0	0	0	0	0	0	0	0	0	0	0	1400	5264	252	516	0	0	0	0	0	0	278	0	0	0	0	0	0	0	0	0	0	0	0	0	0	0	0	0	0	0	0	0	0	0	0	0	0	0	0	0	0	0	0	0	0	0	
197160	Frontal_Inf_Orb_L	118	0	6626	0	19398	0	3794	0	18184	0	302	0	12490	0	0	0	152	0	354	0	2382	332	900	164	0	0	2824	0	17530	0	656	258	0	0	0	0	0	0	0	0	436	0	0	0	0	0	0	0	0	0	0	0	0	0	0	0	0	0	0	0	0	0	0	0	0	0	0	0	0	0	720	202	5738	144	282	122	0	0	0	0	0	0	4472	0	0	0	0	0	0	0	0	0	0	0	0	0	0	0	0	0	0	0	0	0	0	0	0	0	0	0	0	0	0	0	0	0	
131620	Frontal_Inf_Orb_R	0	0	328	2262	0	8792	0	1574	0	11768	0	1408	0	5430	0	0	0	1482	330	340	0	1932	0	1254	0	1878	0	2030	0	13164	190	1416	0	0	0	0	0	110	0	152	0	304	0	0	0	0	0	0	0	0	0	0	0	0	0	0	0	0	0	0	0	0	0	0	0	0	0	0	0	0	0	1218	0	2960	0	150	0	0	0	408	0	1790	0	2752	0	388	0	0	0	0	0	0	0	0	0	0	0	0	0	0	0	0	0	0	0	0	0	0	0	0	0	0	0	0	0	0	
330560	Rolandic_Oper_L	21186	464	13918	302	636	0	8882	466	0	0	12264	1038	364	424	152	0	0	0	10714	172	0	0	1682	126	0	0	0	0	25192	750	1392	520	118	134	0	0	1168	0	116	0	0	0	0	0	204	0	0	0	132	0	2196	0	1820	0	1376	0	12074	0	720	0	1782	0	2482	0	532	0	396	0	0	0	2562	476	6480	0	128	0	1030	0	9154	0	13006	0	3430	0	2240	0	0	0	880	0	0	0	0	0	0	0	0	0	0	0	0	0	0	0	0	0	0	0	0	0	0	0	0	0	0	0	
147128	Rolandic_Oper_R	160	2816	154	5422	0	184	0	220	0	0	0	7570	0	194	0	1482	0	0	0	3932	0	0	0	260	0	502	0	0	0	11952	0	460	0	0	326	296	448	968	110	172	0	0	0	0	0	0	0	0	0	0	0	0	0	0	0	0	0	2704	0	126	0	536	0	3510	0	200	0	132	0	0	0	1500	0	8932	0	212	292	3566	0	4672	0	6158	0	2088	0	912	0	0	0	396	0	0	0	0	0	0	0	0	0	0	0	0	0	0	0	0	0	0	0	0	0	0	0	0	0	0	
935200	Supp_Motor_Area_L	20524	1626	109638	21282	4422	662	20890	6456	182	0	16010	4450	7198	2982	354	330	10714	0	0	49904	0	0	22018	8436	244	572	0	330	18510	670	11028	15392	12954	32290	1142	0	2428	0	170	0	0	0	0	0	128	0	0	0	0	0	324	0	0	0	0	0	5312	0	0	0	880	0	0	0	0	0	458	128	7920	176	7974	2590	18462	266	5312	160	7240	616	2386	0	2492	0	786	0	182	0	0	0	0	0	0	0	0	0	0	0	0	0	0	0	0	0	0	0	0	0	0	0	0	0	0	0	0	0	0	0	
884212	Supp_Motor_Area_R	18678	6270	29198	82266	920	412	8374	10586	0	0	976	11248	590	6668	0	340	172	3932	49904	0	0	1986	6216	11820	266	3486	0	1396	1640	4046	4388	21444	6302	44608	636	2970	456	1324	0	308	0	0	0	404	0	970	0	136	0	940	0	330	0	0	0	206	508	1670	0	0	0	0	0	134	0	0	0	2840	3638	9920	2116	32306	1174	9894	0	4714	1984	22274	0	316	0	462	0	344	0	752	0	0	0	248	0	0	0	0	0	0	0	0	0	0	0	0	0	0	0	0	0	0	0	0	0	0	0	0	0	0	
68816	Olfactory_L	0	0	0	0	1764	0	0	0	348	0	0	0	0	0	2382	0	0	0	0	0	0	3938	0	0	624	196	2862	184	2522	0	2692	1320	0	0	0	0	278	0	370	0	988	0	0	0	0	0	0	0	0	0	0	0	0	0	0	0	0	0	0	0	0	0	0	0	0	0	0	0	0	0	5374	2172	3186	1128	416	778	0	0	0	0	0	0	886	0	0	0	0	0	0	0	0	0	0	0	0	0	0	0	0	0	0	0	0	0	0	0	0	0	0	0	0	0	0	0	0	0	
98632	Olfactory_R	610	0	136	912	446	868	140	0	248	0	0	0	0	0	332	1932	0	0	0	1986	3938	0	0	0	522	2924	1288	3848	0	3540	2786	3066	0	0	0	0	0	0	0	0	0	714	0	0	0	0	0	0	0	0	0	0	0	0	0	0	0	0	0	0	0	0	0	0	0	0	0	0	0	0	4408	7658	1792	2492	242	1150	0	1338	0	0	0	0	0	0	0	0	0	0	0	0	0	0	0	0	0	0	0	0	0	0	0	0	0	0	0	0	0	0	0	0	0	0	0	0	0	0	
545632	Frontal_Sup_Medial_L	2218	0	59710	8976	5588	308	25216	1558	128	0	4316	1096	4636	582	900	0	1682	0	22018	6216	0	0	0	26474	5316	1642	134	114	8058	304	35126	26116	4284	13572	0	0	394	0	0	0	0	0	0	0	0	0	0	0	0	0	0	0	0	0	0	0	476	0	0	0	0	0	0	0	0	0	0	0	0	0	1284	942	2162	210	132	0	160	0	438	0	330	0	0	0	0	0	0	0	0	0	0	0	0	0	0	0	0	0	0	0	0	0	0	0	0	0	0	0	0	0	0	0	0	0	0	0	
475340	Frontal_Sup_Medial_R	154	0	10694	40228	738	4322	2568	8936	0	0	286	3182	446	5192	164	1254	126	260	8436	11820	0	0	26474	0	2662	12782	0	4916	940	6484	9502	40936	1970	21702	0	0	0	0	0	0	0	0	0	0	0	0	0	0	0	0	0	0	0	0	0	0	0	0	0	0	0	0	0	0	0	0	0	0	0	0	318	7636	262	2280	0	0	0	0	0	0	0	0	0	0	0	0	0	0	0	0	0	0	0	0	0	0	0	0	0	0	0	0	0	0	0	0	0	0	0	0	0	0	0	0	0	0	
86592	Frontal_Med_Orb_L	0	0	1382	362	4774	0	0	0	938	0	0	0	0	0	0	0	0	0	244	266	624	522	5316	2662	0	3622	4568	500	168	0	8410	3640	0	0	0	0	0	0	0	0	0	0	0	0	0	0	0	0	0	0	0	0	0	0	0	0	0	0	0	0	0	0	0	0	0	0	0	0	0	0	1778	816	1964	514	226	0	0	0	0	0	0	0	0	0	0	0	0	0	0	0	0	0	0	0	0	0	0	0	0	0	0	0	0	0	0	0	0	0	0	0	0	0	0	0	0	0	
246048	Frontal_Med_Orb_R	362	0	502	6568	996	11156	0	356	0	900	114	2732	0	2582	0	1878	0	502	572	3486	196	2924	1642	12782	3622	0	706	12526	280	7796	3258	16182	0	288	0	0	0	0	0	0	0	0	0	0	0	0	0	0	0	0	0	0	0	0	0	0	0	0	0	0	0	0	0	0	0	0	0	0	0	0	402	13502	226	11526	0	1668	0	792	0	0	0	0	0	0	0	0	0	0	0	0	0	0	0	0	0	0	0	0	0	0	0	0	0	0	0	0	0	0	0	0	0	0	0	0	0	0	
75260	Rectus_L	0	0	0	0	6468	156	0	0	3062	0	0	0	0	0	2824	0	0	0	0	0	2862	1288	134	0	4568	706	0	796	1696	0	3194	694	0	0	0	0	0	0	0	0	284	0	0	0	0	0	0	0	0	0	0	0	0	0	0	0	0	0	0	0	0	0	0	0	0	0	0	0	0	0	3600	636	3574	262	186	254	0	0	0	0	0	0	386	0	0	0	0	0	0	0	0	0	0	0	0	0	0	0	0	0	0	0	0	0	0	0	0	0	0	0	0	0	0	0	0	0	
128976	Rectus_R	168	0	154	1744	164	7174	0	202	0	376	0	856	0	1446	0	2030	0	0	330	1396	184	3848	114	4916	500	12526	796	0	0	3714	378	6286	0	224	0	0	0	0	0	0	0	0	0	0	0	0	0	0	0	0	0	0	0	0	0	0	0	0	0	0	0	0	0	0	0	0	0	0	0	0	284	8562	0	4730	0	1118	0	268	0	0	0	0	0	0	0	0	0	0	0	0	0	0	0	0	0	0	0	0	0	0	0	0	0	0	0	0	0	0	0	0	0	0	0	0	0	0	
679472	Insula_L	12140	472	32478	1492	27074	0	16740	1762	7686	0	16110	2072	20918	1816	17530	0	25192	0	18510	1640	2522	0	8058	940	168	280	1696	0	0	904	8896	2374	142	688	0	0	9896	0	1904	0	2090	0	0	0	0	0	0	0	0	0	620	0	748	0	3232	0	3200	0	196	0	1322	0	386	0	308	0	0	0	0	0	8020	2590	29574	234	336	0	2082	210	11310	0	11468	0	12366	0	3484	0	144	0	3716	0	0	0	0	0	0	0	0	0	0	0	0	0	0	0	0	0	0	0	0	0	0	0	0	0	0	0	
341880	Insula_R	530	906	656	8086	218	6108	536	864	0	1678	2600	14812	640	9758	0	13164	750	11952	670	4046	0	3540	304	6484	0	7796	0	3714	904	0	1070	8276	0	252	240	206	386	3192	0	730	0	490	0	190	0	0	0	176	0	0	0	0	0	0	0	1414	212	120	0	0	0	0	0	178	0	0	0	268	0	0	1860	9406	0	21322	0	514	0	1330	0	3608	236	7484	134	2878	0	2404	0	0	0	1648	0	0	0	0	0	0	0	0	0	0	0	0	0	0	0	0	0	0	0	0	0	0	0	0	0	0	
437952	Cingulum_Ant_L	1622	750	22294	7424	5876	430	7846	1558	212	0	4356	1072	4538	1536	656	190	1392	0	11028	4388	2692	2786	35126	9502	8410	3258	3194	378	8896	1070	0	31582	6588	5742	0	0	202	0	0	0	0	0	0	0	0	0	0	0	0	0	0	0	0	0	0	0	384	0	0	0	0	0	0	0	0	0	0	0	0	0	7806	5592	6092	1176	346	298	130	136	0	0	218	0	204	0	0	0	0	0	0	0	0	0	0	0	0	0	0	0	0	0	0	0	0	0	0	0	0	0	0	0	0	0	0	0	0	0	
705320	Cingulum_Ant_R	918	132	13130	44566	2040	3408	4554	11044	140	0	1516	5434	960	8644	258	1416	520	460	15392	21444	1320	3066	26116	40936	3640	16182	694	6286	2374	8276	31582	0	4454	30420	0	0	0	0	0	0	0	0	0	0	0	0	0	0	0	0	0	0	0	0	0	0	146	0	0	0	0	0	0	0	0	0	0	0	0	0	4444	26460	1290	7620	0	988	0	276	0	0	114	0	0	0	0	0	0	0	0	0	0	0	0	0	0	0	0	0	0	0	0	0	0	0	0	0	0	0	0	0	0	0	0	0	0	0	
179004	Cingulum_Mid_L	2746	0	3292	3898	154	0	184	0	0	0	0	212	0	0	0	0	118	0	12954	6302	0	0	4284	1970	0	0	0	0	142	0	6588	4454	0	12714	6614	266	0	0	0	0	0	0	0	0	794	0	0	0	1658	0	2116	0	0	0	0	0	1808	0	330	0	394	0	0	0	0	0	5832	1724	6578	230	122	0	158	0	0	0	0	0	0	0	142	0	0	0	428	0	0	0	296	0	0	0	0	0	0	0	0	0	0	0	0	0	0	0	0	0	0	0	0	0	0	0	0	0	0	0	
571696	Cingulum_Mid_R	2392	198	11446	28452	304	552	1978	7888	0	0	360	3592	304	3534	0	0	134	0	32290	44608	0	0	13572	21702	0	288	0	224	688	252	5742	30420	12714	0	906	3754	0	0	0	0	0	0	0	596	0	10314	0	128	0	9936	0	994	0	0	0	0	0	3080	0	564	0	312	0	358	0	590	1050	16328	1294	7506	210	1058	0	0	0	0	0	158	0	0	0	150	0	0	0	1798	0	0	0	1130	0	0	0	0	0	0	0	0	0	0	0	0	0	0	0	0	0	0	0	0	0	0	0	0	0	0	
127480	Cingulum_Post_L	2814	0	674	0	0	0	0	0	0	0	0	0	0	0	0	0	0	326	1142	636	0	0	0	0	0	0	0	0	0	240	0	0	6614	906	0	6950	4364	2688	2708	568	0	0	2604	0	2458	0	768	168	1470	0	1734	0	312	0	228	186	3080	370	186	0	1158	0	0	0	0	0	10514	1366	3302	148	0	0	0	826	0	0	184	1548	0	0	200	0	0	0	300	0	0	0	0	0	0	0	0	0	0	0	0	0	0	0	0	0	0	0	0	0	0	0	0	0	0	0	0	0	0	0	
121296	Cingulum_Post_R	306	1842	0	0	0	0	0	0	0	0	0	0	0	0	0	0	0	296	0	2970	0	0	0	0	0	0	0	0	0	206	0	0	266	3754	6950	0	2952	4162	1556	1036	0	0	0	2868	0	2272	158	2176	0	1036	0	754	0	0	0	302	0	4358	0	0	0	304	0	392	0	0	1356	9154	288	3888	0	0	0	896	0	0	308	1708	0	0	116	0	0	0	0	1136	0	0	0	478	0	0	0	0	0	0	0	0	0	0	0	0	0	0	0	0	0	0	0	0	404	0	0	0	0	0	
240140	Hippocampus_L	3216	142	4634	320	0	0	1492	204	0	0	1184	128	0	290	0	0	1168	448	2428	456	278	0	394	0	0	0	0	0	9896	386	202	0	0	0	4364	2952	0	2520	13704	632	5742	0	1048	0	402	0	2808	198	162	0	2584	0	2956	0	9318	226	720	0	316	0	384	0	0	0	0	0	2706	680	0	0	664	116	8106	1356	876	0	4862	2518	2226	0	3902	0	2732	0	2770	0	478	0	7410	0	0	0	0	0	0	0	216	0	150	0	0	0	0	0	0	0	0	0	0	0	0	0	0	0	0	0	
231848	Hippocampus_R	248	384	0	906	0	0	122	326	0	0	0	0	0	0	0	110	0	968	0	1324	0	0	0	0	0	0	0	0	0	3192	0	0	0	0	2688	4162	2520	0	1484	20966	0	7678	0	2046	0	282	194	6588	0	0	0	0	0	154	0	18768	0	128	0	0	0	0	0	0	0	0	626	3628	0	0	0	0	0	9212	0	1686	192	4026	0	640	0	4070	0	1536	0	4398	0	1042	0	8296	0	0	0	0	0	0	0	644	0	182	0	0	0	0	0	0	0	0	0	0	508	0	0	0	0	0	
112544	ParaHippocampal_L	0	0	234	0	0	0	0	0	0	0	0	0	0	0	0	0	116	110	170	0	370	0	0	0	0	0	0	0	1904	0	0	0	0	0	2708	1556	13704	1484	0	408	2360	0	852	0	0	0	4756	110	0	0	174	0	726	0	9004	118	0	0	0	0	0	0	0	0	0	0	2282	494	0	0	0	0	2122	266	0	0	478	672	0	0	638	0	2970	0	250	0	2048	0	2148	0	118	0	0	0	0	0	478	0	444	0	0	0	0	0	0	0	0	0	0	0	0	0	0	0	0	0	
158852	ParaHippocampal_R	0	0	0	316	0	0	0	0	0	0	0	0	0	0	0	152	0	172	0	308	0	0	0	0	0	0	0	0	0	730	0	0	0	0	568	1036	632	20966	408	0	0	6116	0	1614	0	0	0	7990	0	0	0	0	0	284	0	18268	0	0	0	0	0	0	0	0	0	0	210	2028	0	0	0	0	0	4210	0	1330	0	1096	0	0	0	298	0	1902	0	936	0	1412	0	4758	0	174	0	0	0	0	0	980	0	254	0	0	0	0	0	0	0	0	0	0	278	0	0	0	0	0	
38792	Amygdala_L	0	0	0	0	292	0	0	0	0	0	0	0	0	0	436	0	0	0	0	0	988	0	0	0	0	0	284	0	2090	0	0	0	0	0	0	0	5742	0	2360	0	0	0	0	0	0	0	0	0	0	0	0	0	0	0	2488	0	0	0	0	0	0	0	0	0	0	0	0	0	0	0	214	0	762	0	0	0	296	0	0	0	0	0	1854	0	0	0	446	0	1144	0	0	0	0	0	0	0	0	0	0	0	0	0	0	0	0	0	0	0	0	0	0	0	0	0	0	0	
48988	Amygdala_R	0	0	0	0	0	0	0	0	0	0	0	0	0	0	0	304	0	0	0	0	0	714	0	0	0	0	0	0	0	490	0	0	0	0	0	0	0	7678	0	6116	0	0	0	0	0	0	0	166	0	0	0	0	0	0	0	4088	0	0	0	0	0	0	0	0	0	0	0	0	0	0	0	0	0	1302	0	0	0	0	0	0	0	0	0	2054	0	332	0	696	0	554	0	0	0	0	0	0	0	0	0	0	0	0	0	0	0	0	0	0	0	0	0	0	0	0	0	0	
189988	Calcarine_L	0	0	0	0	0	0	0	0	0	0	0	0	0	0	0	0	0	0	0	0	0	0	0	0	0	0	0	0	0	0	0	0	0	0	2604	0	1048	0	852	0	0	0	0	8478	14750	7778	9728	3894	10328	3180	16506	368	1430	0	896	196	244	0	0	0	0	0	0	0	290	0	9124	376	238	0	0	0	0	0	0	0	0	0	0	0	0	0	0	0	442	0	0	0	0	0	0	0	0	0	0	0	948	182	378	0	0	0	0	0	0	0	0	0	0	0	736	0	0	0	0	0	
389336	Calcarine_R	0	136	0	120	0	0	0	0	0	0	0	0	0	0	0	0	0	0	0	404	0	0	0	0	0	0	0	0	0	190	0	0	0	596	0	2868	0	2046	0	1614	0	0	8478	0	6954	30346	1182	40678	1602	23850	1448	16182	0	4754	0	8952	0	1252	0	0	0	112	0	176	0	608	0	22924	112	762	0	0	0	0	0	0	0	218	0	222	0	454	0	0	0	9000	0	0	0	3894	0	580	0	0	0	0	0	302	138	770	0	0	0	0	0	0	0	0	0	0	454	290	0	0	0	0	
217636	Cuneus_L	114	0	0	0	0	0	0	0	0	0	0	0	0	0	0	0	204	0	128	0	0	0	0	0	0	0	0	0	0	0	0	0	794	0	2458	0	402	0	0	0	0	0	14750	6954	0	10984	1770	2746	19044	5400	15760	814	852	0	480	136	2812	0	1676	0	198	0	0	0	368	0	13868	1104	2246	0	0	0	0	0	0	0	0	0	0	0	760	0	0	0	1672	0	0	0	324	0	0	0	0	0	0	0	0	0	0	0	0	0	0	0	0	0	0	0	0	0	0	0	0	0	0	0	
360396	Cuneus_R	0	152	0	0	0	0	0	0	0	0	0	0	0	0	0	0	0	0	0	970	0	0	0	0	0	0	0	0	0	0	0	0	0	10314	0	2272	0	282	0	0	0	0	7778	30346	10984	0	622	13566	2524	41584	2136	11394	0	270	0	1202	0	3162	0	1768	0	482	0	518	0	932	2074	26230	422	2544	0	0	0	0	0	0	0	0	0	0	0	218	0	0	0	3138	0	0	0	1730	0	198	0	0	0	0	0	0	0	204	0	0	0	0	0	0	0	0	0	0	182	0	0	0	0	0	
281440	Lingual_L	0	0	0	0	0	0	0	0	0	0	0	0	0	0	0	0	0	0	0	0	0	0	0	0	0	0	0	0	0	0	0	0	0	0	768	158	2808	194	4756	0	0	0	9728	1182	1770	622	0	4830	1052	242	15050	0	9566	0	20270	1690	0	0	0	0	0	0	0	0	0	0	3162	120	0	0	0	0	0	0	0	0	464	148	0	0	204	0	0	0	444	0	0	0	306	0	1906	4004	206	308	0	0	10616	3594	15548	5958	0	0	0	206	0	234	0	176	0	0	7992	7746	2552	0	0	140	
415540	Lingual_R	0	0	0	0	0	0	0	0	0	0	0	0	0	0	0	0	0	0	0	136	0	0	0	0	0	0	0	0	0	176	0	0	0	128	168	2176	198	6588	110	7990	0	166	3894	40678	2746	13566	4830	0	946	14104	1070	7382	114	7794	1424	21676	0	232	0	0	0	0	0	0	0	0	0	13126	0	126	0	0	0	410	0	534	0	394	0	0	0	258	0	0	0	3488	0	0	0	4180	1258	3988	0	0	150	0	4212	7860	5294	8420	0	0	120	0	1012	0	364	0	0	0	8412	5134	150	0	338	250	
175188	Occipital_Sup_L	0	0	0	0	0	0	0	0	0	0	0	0	0	0	0	0	132	0	0	0	0	0	0	0	0	0	0	0	0	0	0	0	1658	0	1470	0	162	0	0	0	0	0	10328	1602	19044	2524	1052	946	0	1458	26090	132	290	0	216	0	1196	0	4424	0	1016	0	0	0	1016	0	10470	342	830	0	0	0	0	0	0	0	0	0	0	0	232	0	0	0	776	0	0	0	188	0	0	0	0	0	0	0	0	0	0	0	0	0	0	0	0	0	0	0	0	0	0	0	0	0	0	0	
367520	Occipital_Sup_R	0	200	0	0	0	0	0	0	0	0	0	0	0	0	0	0	0	0	0	940	0	0	0	0	0	0	0	0	0	0	0	0	0	9936	0	1036	0	0	0	0	0	0	3180	23850	5400	41584	242	14104	1458	0	1398	25472	0	1366	0	3054	0	3316	0	5064	0	1234	0	668	0	6416	1408	22572	344	2312	0	0	0	0	0	0	0	0	0	0	0	440	0	0	0	3812	0	0	0	2186	0	322	0	0	0	0	0	0	0	298	0	0	0	0	0	0	0	0	0	0	0	148	0	0	0	0	
490856	Occipital_Mid_L	240	0	0	0	0	0	0	0	0	0	0	0	0	0	0	0	2196	0	324	0	0	0	0	0	0	0	0	0	620	0	0	0	2116	0	1734	0	2584	0	174	0	0	0	16506	1448	15760	2136	15050	1070	26090	1398	0	128	27740	0	13122	0	7248	0	11312	0	12748	0	346	0	19580	0	16268	700	3048	0	0	0	0	0	0	0	128	0	494	0	3830	0	0	0	26068	0	0	0	9932	0	196	186	0	0	0	0	776	156	1104	244	0	0	0	0	0	0	0	0	0	0	354	274	0	0	0	0	
238524	Occipital_Mid_R	0	142	0	0	0	0	0	0	0	0	0	0	0	0	0	0	0	0	0	330	0	0	0	0	0	0	0	0	0	0	0	0	0	994	0	754	0	0	0	0	0	0	368	16182	814	11394	0	7382	132	25472	128	0	0	4562	0	2474	0	618	0	2522	0	1292	0	786	0	14272	290	10012	0	536	0	0	0	0	0	0	0	0	0	0	0	1080	0	0	0	11748	0	0	0	4542	0	116	0	0	0	0	0	0	0	320	0	0	0	0	0	0	0	0	0	0	0	0	0	0	0	0	
204748	Occipital_Inf_L	0	0	0	0	0	0	0	0	0	0	0	0	0	0	0	0	1820	0	0	0	0	0	0	0	0	0	0	0	748	0	0	0	0	0	312	0	2956	0	726	0	0	0	1430	0	852	0	9566	114	290	0	27740	0	0	0	20954	0	372	0	284	0	208	0	122	0	0	0	1802	0	0	0	0	0	0	0	0	0	122	0	560	0	4448	0	292	0	10232	0	0	0	5596	0	2548	0	0	0	0	0	3232	156	4382	126	0	0	120	0	0	0	0	0	0	0	264	0	0	0	0	0	
73124	Occipital_Inf_R	0	0	0	0	0	0	0	0	0	0	0	0	0	0	0	0	0	0	0	0	0	0	0	0	0	0	0	0	0	0	0	0	0	0	0	0	0	154	0	284	0	0	0	4754	0	270	0	7794	0	1366	0	4562	0	0	0	8552	0	0	0	0	0	0	0	0	0	0	0	0	0	0	0	0	0	0	0	0	0	0	0	0	0	0	0	0	0	482	0	0	0	2904	0	836	0	0	0	0	0	1258	0	2526	0	0	0	0	0	0	0	0	0	0	704	116	0	0	0	0	
411860	Fusiform_L	0	0	0	0	0	0	0	0	0	0	0	0	0	0	0	0	1376	0	0	0	0	0	0	0	0	0	0	0	3232	0	0	0	0	0	228	0	9318	0	9004	0	2488	0	896	0	480	0	20270	1424	216	0	13122	0	20954	0	0	592	222	0	0	0	0	0	0	0	0	0	1036	0	0	0	0	0	824	0	0	0	130	0	468	0	9806	0	5116	0	14148	0	3416	0	24016	0	10752	514	912	116	0	0	16290	2280	22898	1556	614	0	610	192	0	372	0	222	0	0	3952	1306	218	0	120	224	
420712	Fusiform_R	0	0	0	194	0	0	0	0	0	0	0	0	0	0	0	0	0	0	0	206	0	0	0	0	0	0	0	0	0	1414	0	0	0	0	186	302	226	18768	118	18268	0	4088	196	8952	136	1202	1690	21676	0	3054	0	2474	0	8552	592	0	0	0	0	0	0	0	0	0	0	0	0	1774	0	0	0	0	0	3706	0	474	0	894	0	138	0	2504	0	4008	0	4830	0	6030	0	19012	556	13608	0	590	0	1500	1822	16562	2350	26238	0	0	0	808	548	286	274	0	0	0	5202	3250	466	0	422	210	
336168	Postcentral_L	25198	556	8062	628	204	0	3774	268	0	0	6664	256	260	298	0	0	12074	0	5312	508	0	0	476	0	0	0	0	0	3200	212	384	146	1808	0	3080	0	720	0	0	0	0	0	244	0	2812	0	0	0	1196	0	7248	0	372	0	222	0	0	0	9484	0	20666	0	7374	0	7454	0	7530	0	6890	0	508	194	2094	0	152	0	1086	0	1718	0	7774	0	168	0	6362	0	0	0	2448	0	0	0	0	0	0	0	0	0	0	0	0	0	0	0	0	0	0	0	0	0	0	0	0	0	0	0	
174580	Postcentral_R	150	12440	114	2022	0	0	0	1614	0	0	0	1342	0	0	0	0	0	2704	0	1670	0	0	0	0	0	0	0	0	0	120	0	0	0	3080	370	4358	0	128	0	0	0	0	0	1252	0	3162	0	232	0	3316	0	618	0	0	0	0	0	0	0	5138	0	9550	0	13176	0	1634	142	6462	0	4196	0	634	0	390	0	0	0	1724	0	330	0	1002	0	0	0	2784	0	0	0	1436	0	0	0	0	0	0	0	0	0	0	0	0	0	0	0	0	0	0	0	0	0	0	0	0	0	0	
161368	Parietal_Sup_L	0	0	0	0	0	0	0	0	0	0	0	0	0	0	0	0	720	0	0	0	0	0	0	0	0	0	0	0	196	0	0	0	330	0	186	0	316	0	0	0	0	0	0	0	1676	0	0	0	4424	0	11312	0	284	0	0	0	9484	0	0	0	13360	0	1906	0	7504	0	13624	458	354	0	0	0	0	0	0	0	0	0	0	0	1344	0	0	0	8500	0	0	0	4706	0	0	0	0	0	0	0	0	0	0	0	0	0	0	0	0	0	0	0	0	0	0	0	0	0	0	0	
93740	Parietal_Sup_R	0	0	0	0	0	0	0	0	0	0	0	0	0	0	0	0	0	126	0	0	0	0	0	0	0	0	0	0	0	0	0	0	0	564	0	0	0	0	0	0	0	0	0	0	0	1768	0	0	0	5064	0	2522	0	0	0	0	0	5138	0	0	0	7478	0	2638	0	6218	1186	10042	0	156	0	0	0	0	0	0	0	0	0	0	0	554	0	0	0	2352	0	0	0	1064	0	0	0	0	0	0	0	0	0	0	0	0	0	0	0	0	0	0	0	0	0	0	0	0	0	0	
196408	Parietal_Inf_L	2256	134	1156	0	0	0	150	0	0	0	598	0	0	0	0	0	1782	0	880	0	0	0	0	0	0	0	0	0	1322	0	0	0	394	0	1158	0	384	0	0	0	0	0	0	0	198	0	0	0	1016	0	12748	0	208	0	0	0	20666	0	13360	0	0	0	9864	0	18160	0	2494	0	530	0	0	0	662	0	0	0	494	0	314	0	1416	0	0	0	4016	0	0	0	1844	0	0	0	0	0	0	0	0	0	0	0	0	0	0	0	0	0	0	0	0	0	0	0	0	0	0	0	
109176	Parietal_Inf_R	0	414	0	136	0	0	0	0	0	0	0	0	0	0	0	0	0	536	0	0	0	0	0	0	0	0	0	0	0	0	0	0	0	312	0	304	0	0	0	0	0	0	0	112	0	482	0	0	0	1234	0	1292	0	0	0	0	0	9550	0	7478	0	0	0	15818	0	9682	0	766	0	0	0	202	0	0	0	0	0	214	0	116	0	1344	0	0	0	3312	0	0	0	1284	0	0	0	0	0	0	0	0	0	0	0	0	0	0	0	0	0	0	0	0	0	0	0	0	0	0	
81708	SupraMarginal_L	712	0	0	0	0	0	0	0	0	0	354	0	0	0	0	0	2482	0	0	0	0	0	0	0	0	0	0	0	386	0	0	0	0	0	0	0	0	0	0	0	0	0	0	0	0	0	0	0	0	0	346	0	122	0	0	0	7374	0	1906	0	9864	0	0	0	6974	0	150	0	0	0	0	0	0	0	0	0	0	0	182	0	4620	0	0	0	4958	0	0	0	424	0	0	0	0	0	0	0	0	0	0	0	0	0	0	0	0	0	0	0	0	0	0	0	0	0	0	0	
122676	SupraMarginal_R	0	632	0	222	0	0	0	0	0	0	0	186	0	0	0	0	0	3510	0	134	0	0	0	0	0	0	0	0	0	178	0	0	0	358	0	392	0	0	0	0	0	0	0	176	0	518	0	0	0	668	0	786	0	0	0	0	0	13176	0	2638	0	15818	0	0	0	7952	0	872	0	0	0	214	0	0	0	0	0	688	0	1142	0	5462	0	0	0	4620	0	0	0	996	0	0	0	0	0	0	0	0	0	0	0	0	0	0	0	0	0	0	0	0	0	0	0	0	0	0	
150420	Angular_L	0	0	0	0	0	0	0	0	0	0	0	0	0	0	0	0	532	0	0	0	0	0	0	0	0	0	0	0	308	0	0	0	0	0	0	0	0	0	0	0	0	0	290	0	368	0	0	0	1016	0	19580	0	0	0	0	0	7454	0	7504	0	18160	0	6974	0	0	0	1904	0	1700	0	0	0	0	0	0	0	0	0	0	0	630	0	0	0	7766	0	0	0	1024	0	0	0	0	0	0	0	0	0	0	0	0	0	0	0	0	0	0	0	0	0	0	0	0	0	0	0	
123644	Angular_R	0	0	0	0	0	0	0	0	0	0	0	0	0	0	0	0	0	200	0	0	0	0	0	0	0	0	0	0	0	0	0	0	0	590	0	0	0	0	0	0	0	0	0	608	0	932	0	0	0	6416	0	14272	0	0	0	0	0	1634	0	6218	0	9682	0	7952	0	0	0	1590	0	0	0	0	0	0	0	0	0	0	0	156	0	3792	0	0	0	6558	0	0	0	1222	0	0	0	0	0	0	0	0	0	0	0	0	0	0	0	0	0	0	0	0	0	0	0	0	0	0	
278684	Precuneus_L	330	0	0	0	0	0	0	0	0	0	0	0	0	0	0	0	396	0	458	0	0	0	0	0	0	0	0	0	0	0	0	0	5832	1050	10514	1356	2706	626	2282	210	0	0	9124	0	13868	2074	3162	0	10470	1408	16268	290	1802	0	1036	0	7530	142	13624	1186	2494	0	150	0	1904	0	0	8490	4466	0	0	0	0	0	0	0	0	0	0	0	1846	0	0	0	8204	0	0	0	3884	0	0	0	0	0	0	0	160	0	0	0	0	0	0	0	0	0	0	0	0	0	0	0	0	0	0	0	
383736	Precuneus_R	0	400	0	234	0	0	0	0	0	0	0	0	0	0	0	0	0	132	128	2840	0	0	0	0	0	0	0	0	0	268	0	0	1724	16328	1366	9154	680	3628	494	2028	0	0	376	22924	1104	26230	120	13126	342	22572	700	10012	0	0	0	1774	0	6462	458	10042	0	766	0	872	0	1590	8490	0	838	5830	0	0	0	0	0	0	0	674	0	182	0	626	0	0	336	9824	0	0	240	5206	0	0	0	0	0	0	0	0	0	0	0	0	0	0	0	0	0	0	0	0	748	0	0	0	0	0	
128320	Paracentral_Lobule_L	5800	136	4744	816	0	0	908	0	0	0	0	0	0	0	0	0	0	0	7920	3638	0	0	0	0	0	0	0	0	0	0	0	0	6578	1294	3302	288	0	0	0	0	0	0	238	112	2246	422	0	0	830	344	3048	0	0	0	0	0	6890	0	354	0	530	0	0	0	1700	0	4466	838	0	1586	0	0	0	0	0	0	1234	372	0	0	774	0	0	0	2358	0	0	0	394	0	0	0	0	0	0	0	0	0	0	0	0	0	0	0	0	0	0	0	0	0	0	0	0	0	0	0	
84852	Paracentral_Lobule_R	532	1096	0	0	0	0	0	0	0	0	0	0	0	0	0	0	0	0	176	9920	0	0	0	0	0	0	0	0	0	0	0	0	230	7506	148	3888	0	0	0	0	0	0	0	762	0	2544	0	126	0	2312	0	536	0	0	0	0	0	4196	0	156	0	0	0	0	0	0	0	5830	1586	0	0	0	0	0	0	0	0	0	0	0	0	0	0	0	0	608	0	0	0	274	0	0	0	0	0	0	0	0	0	0	0	0	0	0	0	0	0	0	0	0	0	0	0	0	0	0	
257208	Caudate_L	2000	1928	9814	2238	4510	0	2136	2226	474	0	6234	3238	1484	1400	720	0	2562	0	7974	2116	5374	4408	1284	318	1778	402	3600	284	8020	1860	7806	4444	122	210	0	0	664	0	0	0	214	0	0	0	0	0	0	0	0	0	0	0	0	0	0	0	508	0	0	0	0	0	0	0	0	0	0	0	0	0	0	7540	15788	1458	4400	950	4894	0	0	0	584	0	640	0	0	0	0	0	0	0	0	0	0	0	0	0	0	0	0	0	0	0	0	0	0	0	0	0	0	0	0	0	0	0	0	0	
467372	Caudate_R	5714	3052	3042	23438	1590	3300	4264	3506	178	220	3472	8138	1376	5264	202	1218	476	1500	2590	32306	2172	7658	942	7636	816	13502	636	8562	2590	9406	5592	26460	0	1058	0	0	116	0	0	0	0	0	0	0	0	0	0	0	0	0	0	0	0	0	0	0	194	634	0	0	0	202	0	214	0	0	0	0	0	0	7540	0	1784	15242	130	5608	0	9658	0	0	146	0	0	342	0	0	0	0	0	0	0	0	0	0	0	0	0	0	0	0	0	0	0	0	0	0	0	0	0	0	0	0	0	0	0	0	
397928	Putamen_L	6994	1324	24880	1122	14128	0	6896	1010	3424	0	2530	244	610	252	5738	0	6480	0	18462	1174	3186	1792	2162	262	1964	226	3574	0	29574	0	6092	1290	158	0	0	0	8106	0	2122	0	762	0	0	0	0	0	0	0	0	0	0	0	0	0	824	0	2094	0	0	0	662	0	0	0	0	0	0	0	0	0	15788	1784	0	662	7808	540	5064	118	1786	0	1184	0	3302	0	166	0	0	0	644	0	0	0	0	0	0	0	0	0	0	0	0	0	0	0	0	0	0	0	0	0	0	0	0	0	0	0	
331116	Putamen_R	600	402	552	12978	348	7130	206	292	110	848	0	4222	0	516	144	2960	0	8932	266	9894	1128	2492	210	2280	514	11526	262	4730	234	21322	1176	7620	0	0	826	896	1356	9212	266	4210	0	1302	0	0	0	0	0	410	0	0	0	0	0	0	0	3706	0	390	0	0	0	0	0	0	0	0	0	0	0	0	1458	15242	662	0	0	8894	1286	7060	0	242	214	1024	0	1280	0	566	0	146	0	1016	0	0	0	0	0	0	0	0	0	0	0	0	0	0	0	0	0	0	0	0	0	0	0	0	0	0	
65956	Pallidum_L	556	604	6910	142	352	0	942	368	234	0	0	0	0	0	282	0	128	0	5312	0	416	242	132	0	226	0	186	0	336	0	346	0	0	0	0	0	876	0	0	0	0	0	0	0	0	0	0	0	0	0	0	0	0	0	0	0	152	0	0	0	0	0	0	0	0	0	0	0	0	0	4400	130	7808	0	0	0	1898	0	0	0	0	0	0	0	0	0	0	0	0	0	0	0	0	0	0	0	0	0	0	0	0	0	0	0	0	0	0	0	0	0	0	0	0	0	0	0	
77116	Pallidum_R	0	0	182	4842	126	1134	0	0	0	0	0	0	0	0	122	150	0	212	160	4714	778	1150	0	0	0	1668	254	1118	0	514	298	988	0	0	0	0	0	1686	0	1330	0	0	0	0	0	0	0	534	0	0	0	0	0	0	0	474	0	0	0	0	0	0	0	0	0	0	0	0	0	0	950	5608	540	8894	0	0	0	132	0	0	0	0	0	0	0	0	0	0	0	0	0	0	0	0	0	0	0	0	0	0	0	0	0	0	0	0	0	0	0	0	0	0	0	0	0	0	
150124	Thalamus_L	10552	498	14662	1772	0	0	6508	236	0	0	382	0	0	0	0	0	1030	292	7240	1984	0	0	160	0	0	0	0	0	2082	0	130	0	0	0	184	308	4862	192	478	0	296	0	0	0	0	0	464	0	0	0	128	0	122	0	130	0	1086	0	0	0	494	0	0	0	0	0	0	0	1234	0	4894	0	5064	1286	1898	0	0	3642	238	0	318	0	216	0	0	0	0	0	0	0	0	0	0	0	0	0	0	0	0	0	0	0	0	0	0	0	0	0	0	0	0	0	0	0	0	0	
195748	Thalamus_R	8474	3036	1436	8814	0	0	3504	2480	0	0	0	174	0	0	0	0	0	3566	616	22274	0	1338	0	0	0	792	0	268	210	1330	136	276	0	158	1548	1708	2518	4026	672	1096	0	0	0	218	0	0	148	394	0	0	0	0	0	0	0	894	0	1724	0	0	0	214	0	688	0	0	0	674	372	0	0	9658	118	7060	0	132	3642	0	0	0	218	688	0	0	0	262	0	0	0	320	0	0	0	0	0	0	0	0	0	0	0	0	0	0	0	0	0	0	0	0	0	0	0	0	0	0	
96900	Heschl_L	3826	0	3462	0	0	0	2372	0	0	0	1324	0	0	0	0	0	9154	0	2386	0	0	0	438	0	0	0	0	0	11310	0	0	0	0	0	0	0	2226	0	0	0	0	0	0	0	0	0	0	0	0	0	494	0	560	0	468	0	1718	0	0	0	314	0	182	0	0	0	0	0	0	0	0	0	1786	0	0	0	238	0	0	0	4096	0	0	0	1280	0	0	0	816	0	0	0	0	0	0	0	0	0	0	0	0	0	0	0	0	0	0	0	0	0	0	0	0	0	0	0	
54740	Heschl_R	0	0	0	358	0	0	0	0	0	0	0	260	0	0	0	408	0	4672	0	316	0	0	0	0	0	0	0	0	0	3608	0	0	0	0	0	0	0	640	0	0	0	0	0	222	0	0	0	0	0	0	0	0	0	0	0	138	0	330	0	0	0	116	0	1142	0	156	0	182	0	0	0	0	0	242	0	0	0	0	0	0	0	9096	0	450	0	4122	0	0	0	912	0	0	0	0	0	0	0	0	0	0	0	0	0	0	0	0	0	0	0	0	0	0	0	0	0	0	
286112	Temporal_Sup_L	3960	0	3338	0	222	0	1008	122	0	0	4128	336	144	278	0	0	13006	0	2492	0	0	0	330	0	0	0	0	0	11468	236	218	114	142	0	200	116	3902	0	638	0	0	0	0	0	760	0	204	0	232	0	3830	0	4448	0	9806	0	7774	0	1344	0	1416	0	4620	0	630	0	1846	0	774	0	584	146	1184	214	0	0	318	218	4096	0	0	0	8580	0	28720	0	744	0	14170	0	0	0	0	0	0	0	0	0	0	0	0	0	0	0	0	0	0	0	0	0	0	0	0	0	0	0	
177544	Temporal_Sup_R	0	162	0	492	0	0	0	0	0	0	0	328	0	0	0	1790	0	6158	0	462	0	0	0	0	0	0	0	0	0	7484	0	0	0	150	0	0	0	4070	0	298	0	0	0	454	0	218	0	258	0	440	0	1080	0	0	0	2504	0	1002	0	554	0	1344	0	5462	0	3792	0	626	0	0	0	0	0	1024	0	0	0	688	0	9096	0	0	0	5094	0	25644	0	818	0	7280	0	0	0	0	0	0	0	0	0	0	0	0	0	0	0	0	0	0	0	0	0	0	0	0	0	0	
151580	Temporal_Pole_Sup_L	232	0	936	0	1538	0	0	0	1116	0	2878	180	356	0	4472	0	3430	0	786	0	886	0	0	0	0	0	386	0	12366	134	204	0	0	0	0	0	2732	0	2970	0	1854	0	0	0	0	0	0	0	0	0	0	0	292	0	5116	0	168	0	0	0	0	0	0	0	0	0	0	0	0	0	640	0	3302	0	0	0	216	0	0	0	8580	0	0	0	7112	0	6874	0	6034	0	0	0	0	0	0	0	0	0	0	0	0	0	0	0	0	0	0	0	0	0	0	0	0	0	0	0	
76496	Temporal_Pole_Sup_R	0	0	0	498	0	0	0	0	0	0	0	858	0	0	0	2752	0	2088	0	344	0	0	0	0	0	0	0	0	0	2878	0	0	0	0	0	0	0	1536	0	1902	0	2054	0	0	0	0	0	0	0	0	0	0	0	0	0	4008	0	0	0	0	0	0	0	0	0	0	0	0	0	0	0	342	0	1280	0	0	0	0	0	450	0	5094	0	0	0	3736	0	6232	0	2196	0	0	0	0	0	0	0	0	0	0	0	0	0	0	0	0	0	0	0	0	0	0	0	0	0	0	
378184	Temporal_Mid_L	0	0	0	0	0	0	0	0	0	0	0	0	0	0	0	0	2240	0	182	0	0	0	0	0	0	0	0	0	3484	0	0	0	428	0	300	0	2770	0	250	0	0	0	442	0	1672	0	444	0	776	0	26068	0	10232	0	14148	0	6362	0	8500	0	4016	0	4958	0	7766	0	8204	336	2358	0	0	0	166	0	0	0	0	0	1280	0	28720	0	7112	0	0	0	5532	0	40346	0	0	0	0	0	0	0	0	0	0	0	0	0	0	0	0	0	0	0	0	0	0	0	0	0	0	0	
296416	Temporal_Mid_R	0	300	0	476	0	0	0	0	0	0	0	140	0	0	0	388	0	912	0	752	0	0	0	0	0	0	0	0	0	2404	0	0	0	1798	0	1136	0	4398	0	936	0	332	0	9000	0	3138	0	3488	0	3812	0	11748	0	482	0	4830	0	2784	0	2352	0	3312	0	4620	0	6558	0	9824	0	608	0	0	0	566	0	0	0	262	0	4122	0	25644	0	3736	0	0	0	4024	0	29326	0	0	0	0	0	0	0	0	0	0	0	0	0	0	0	0	0	0	0	0	0	0	0	0	0	0	
49344	Temporal_Pole_Mid_L	0	0	0	0	0	0	0	0	0	0	0	0	0	0	0	0	0	0	0	0	0	0	0	0	0	0	0	0	144	0	0	0	0	0	0	0	478	0	2048	0	446	0	0	0	0	0	0	0	0	0	0	0	0	0	3416	0	0	0	0	0	0	0	0	0	0	0	0	0	0	0	0	0	0	0	0	0	0	0	0	0	744	0	6874	0	5532	0	0	0	4990	0	0	0	0	0	0	0	0	0	0	0	0	0	0	0	0	0	0	0	0	0	0	0	0	0	0	0	
47688	Temporal_Pole_Mid_R	0	0	0	0	0	0	0	0	0	0	0	0	0	0	0	0	0	0	0	0	0	0	0	0	0	0	0	0	0	0	0	0	0	0	0	0	0	1042	0	1412	0	696	0	0	0	0	0	0	0	0	0	0	0	0	0	6030	0	0	0	0	0	0	0	0	0	0	0	0	0	0	0	0	0	146	0	0	0	0	0	0	0	818	0	6232	0	4024	0	0	0	3444	0	0	0	0	0	0	0	0	0	0	0	0	0	0	0	0	0	0	0	0	0	0	0	0	0	0	
282272	Temporal_Inf_L	0	0	0	0	0	0	0	0	0	0	0	0	0	0	0	0	880	0	0	0	0	0	0	0	0	0	0	0	3716	0	0	0	296	0	0	0	7410	0	2148	0	1144	0	0	0	324	0	306	0	188	0	9932	0	5596	0	24016	0	2448	0	4706	0	1844	0	424	0	1024	0	3884	240	394	0	0	0	644	0	0	0	0	0	816	0	14170	0	6034	0	40346	0	4990	0	0	0	1472	0	606	0	0	0	0	0	416	0	384	0	338	0	0	0	0	0	0	0	0	0	0	0	0	0	
230676	Temporal_Inf_R	0	120	0	172	0	0	0	0	0	0	0	0	0	0	0	0	0	396	0	248	0	0	0	0	0	0	0	0	0	1648	0	0	0	1130	0	478	0	8296	0	4758	0	554	0	3894	0	1730	0	4180	0	2186	0	4542	0	2904	0	19012	0	1436	0	1064	0	1284	0	996	0	1222	0	5206	0	274	0	0	0	1016	0	0	0	320	0	912	0	7280	0	2196	0	29326	0	3444	0	0	0	1562	0	348	0	0	0	0	0	892	0	0	0	312	0	0	0	0	0	0	0	0	0	0	0	0	
433984	Cerebelum_Crus1_L	0	0	0	0	0	0	0	0	0	0	0	0	0	0	0	0	0	0	0	0	0	0	0	0	0	0	0	0	0	0	0	0	0	0	0	0	0	0	118	0	0	0	0	0	0	0	1906	1258	0	0	196	0	2548	0	10752	556	0	0	0	0	0	0	0	0	0	0	0	0	0	0	0	0	0	0	0	0	0	0	0	0	0	0	0	0	0	0	0	0	1472	0	0	3692	35938	5034	1090	0	12692	1358	52666	4422	19118	1970	27948	2148	6568	1426	1118	596	0	0	3330	6712	7146	994	1624	596	
391640	Cerebelum_Crus1_R	0	0	0	0	0	0	0	0	0	0	0	0	0	0	0	0	0	0	0	0	0	0	0	0	0	0	0	0	0	0	0	0	0	0	0	0	0	0	0	174	0	0	0	580	0	198	4004	3988	0	322	186	116	0	836	514	13608	0	0	0	0	0	0	0	0	0	0	0	0	0	0	0	0	0	0	0	0	0	0	0	0	0	0	0	0	0	0	0	0	0	1562	3692	0	1666	32584	0	1586	1594	10540	6940	50160	972	8392	1818	19468	640	2832	202	1296	0	164	3124	9492	8838	1572	2160	0	
315056	Cerebelum_Crus2_L	0	0	0	0	0	0	0	0	0	0	0	0	0	0	0	0	0	0	0	0	0	0	0	0	0	0	0	0	0	0	0	0	0	0	0	0	0	0	0	0	0	0	0	0	0	0	206	0	0	0	0	0	0	0	912	0	0	0	0	0	0	0	0	0	0	0	0	0	0	0	0	0	0	0	0	0	0	0	0	0	0	0	0	0	0	0	0	0	606	0	35938	1666	0	9414	0	0	554	0	8530	490	37178	5152	31184	5838	4052	244	788	0	0	0	0	478	8616	4622	1060	0	
280740	Cerebelum_Crus2_R	0	0	0	0	0	0	0	0	0	0	0	0	0	0	0	0	0	0	0	0	0	0	0	0	0	0	0	0	0	0	0	0	0	0	0	0	0	0	0	0	0	0	0	0	0	0	308	0	0	0	0	0	0	0	116	590	0	0	0	0	0	0	0	0	0	0	0	0	0	0	0	0	0	0	0	0	0	0	0	0	0	0	0	0	0	0	0	0	0	348	5034	32584	9414	0	0	150	358	680	950	12628	5598	21474	7190	25676	372	606	0	260	0	0	542	1204	9974	3410	904	0	
31104	Cerebelum_3_L	0	0	0	0	0	0	0	0	0	0	0	0	0	0	0	0	0	0	0	0	0	0	0	0	0	0	0	0	0	0	0	0	0	0	0	0	0	0	0	0	0	0	0	0	0	0	0	150	0	0	0	0	0	0	0	0	0	0	0	0	0	0	0	0	0	0	0	0	0	0	0	0	0	0	0	0	0	0	0	0	0	0	0	0	0	0	0	0	0	0	1090	0	0	0	0	0	7304	354	1816	188	0	0	568	0	1038	0	0	0	738	794	1512	0	0	0	0	0	
33504	Cerebelum_3_R	0	0	0	0	0	0	0	0	0	0	0	0	0	0	0	0	0	0	0	0	0	0	0	0	0	0	0	0	0	0	0	0	0	0	0	0	0	0	0	0	0	0	0	0	0	0	0	0	0	0	0	0	0	0	0	1500	0	0	0	0	0	0	0	0	0	0	0	0	0	0	0	0	0	0	0	0	0	0	0	0	0	0	0	0	0	0	0	0	0	0	0	1586	0	150	0	0	210	4712	148	4078	0	0	0	158	0	1136	0	0	246	2030	546	142	0	0	0	110	
291088	Cerebelum_4_5_L	0	0	0	0	0	0	0	0	0	0	0	0	0	0	0	0	0	0	0	0	0	0	0	0	0	0	0	0	0	0	0	0	0	0	0	0	216	0	478	0	0	0	948	0	0	0	10616	4212	0	0	776	0	3232	0	16290	1822	0	0	0	0	0	0	0	0	0	0	160	0	0	0	0	0	0	0	0	0	0	0	0	0	0	0	0	0	0	0	0	0	0	0	12692	1594	554	358	7304	210	0	7512	32830	4792	690	0	2800	850	4584	2176	1938	1202	398	772	15960	4130	0	0	1656	1792	
243848	Cerebelum_4_5_R	0	0	0	0	0	0	0	0	0	0	0	0	0	0	0	0	0	0	0	0	0	0	0	0	0	0	0	0	0	0	0	0	0	0	0	0	0	644	0	980	0	0	182	302	0	0	3594	7860	0	0	156	0	156	1258	2280	16562	0	0	0	0	0	0	0	0	0	0	0	0	0	0	0	0	0	0	0	0	0	0	0	0	0	0	0	0	0	0	0	0	0	0	1358	10540	0	680	354	4712	7512	0	4920	28026	0	242	192	1370	1460	1916	502	1504	200	1116	15974	3222	270	0	922	958	
493012	Cerebelum_6_L	0	0	0	0	0	0	0	0	0	0	0	0	0	0	0	0	0	0	0	0	0	0	0	0	0	0	0	0	0	0	0	0	0	0	0	0	150	0	444	0	0	0	378	138	0	0	15548	5294	0	0	1104	0	4382	0	22898	2350	0	0	0	0	0	0	0	0	0	0	0	0	0	0	0	0	0	0	0	0	0	0	0	0	0	0	0	0	0	0	0	0	416	0	52666	6940	8530	950	1816	148	32830	4920	0	10962	8694	0	18462	1032	5496	2334	1310	1106	0	152	11166	15266	4862	406	2164	1192	
458632	Cerebelum_6_R	0	0	0	0	0	0	0	0	0	0	0	0	0	0	0	0	0	0	0	0	0	0	0	0	0	0	0	0	0	0	0	0	0	0	0	0	0	182	0	254	0	0	0	770	0	204	5958	8420	0	298	244	320	126	2526	1556	26238	0	0	0	0	0	0	0	0	0	0	0	0	0	0	0	0	0	0	0	0	0	0	0	0	0	0	0	0	0	0	0	0	0	892	4422	50160	490	12628	188	4078	4792	28026	10962	0	180	2256	1046	12306	1294	4666	538	3720	126	990	11978	14008	7268	1622	3198	386	
264944	Cerebelum_7b_L	0	0	0	0	0	0	0	0	0	0	0	0	0	0	0	0	0	0	0	0	0	0	0	0	0	0	0	0	0	0	0	0	0	0	0	0	0	0	0	0	0	0	0	0	0	0	0	0	0	0	0	0	0	0	614	0	0	0	0	0	0	0	0	0	0	0	0	0	0	0	0	0	0	0	0	0	0	0	0	0	0	0	0	0	0	0	0	0	384	0	19118	972	37178	5598	0	0	690	0	8694	180	0	4060	32646	5644	3766	204	676	0	0	0	0	170	5826	5134	918	0	
156052	Cerebelum_7b_R	0	0	0	0	0	0	0	0	0	0	0	0	0	0	0	0	0	0	0	0	0	0	0	0	0	0	0	0	0	0	0	0	0	0	0	0	0	0	0	0	0	0	0	0	0	0	0	0	0	0	0	0	0	0	0	0	0	0	0	0	0	0	0	0	0	0	0	0	0	0	0	0	0	0	0	0	0	0	0	0	0	0	0	0	0	0	0	0	0	0	1970	8392	5152	21474	0	0	0	242	0	2256	4060	0	5334	19252	204	154	0	0	0	0	0	0	4824	3736	976	0	
389076	Cerebelum_8_L	0	0	0	0	0	0	0	0	0	0	0	0	0	0	0	0	0	0	0	0	0	0	0	0	0	0	0	0	0	0	0	0	0	0	0	0	0	0	0	0	0	0	0	0	0	0	0	120	0	0	0	0	120	0	610	0	0	0	0	0	0	0	0	0	0	0	0	0	0	0	0	0	0	0	0	0	0	0	0	0	0	0	0	0	0	0	0	0	338	0	27948	1818	31184	7190	568	0	2800	192	18462	1046	32646	5334	0	11284	18258	2708	3036	234	0	0	528	1388	10084	11066	5436	140	
307368	Cerebelum_8_R	0	0	0	0	0	0	0	0	0	0	0	0	0	0	0	0	0	0	0	0	0	0	0	0	0	0	0	0	0	0	0	0	0	0	0	0	0	0	0	0	0	0	0	0	0	0	206	0	0	0	0	0	0	0	192	808	0	0	0	0	0	0	0	0	0	0	0	0	0	0	0	0	0	0	0	0	0	0	0	0	0	0	0	0	0	0	0	0	0	312	2148	19468	5838	25676	0	158	850	1370	1032	12306	5644	19252	11284	0	1210	13220	218	2776	0	0	1538	1370	7746	10860	8062	140	
140632	Cerebelum_9_L	0	0	0	0	0	0	0	0	0	0	0	0	0	0	0	0	0	0	0	0	0	0	0	0	0	0	0	0	0	0	0	0	0	0	0	0	0	0	0	0	0	0	0	0	0	0	0	1012	0	0	0	0	0	0	0	548	0	0	0	0	0	0	0	0	0	0	0	0	0	0	0	0	0	0	0	0	0	0	0	0	0	0	0	0	0	0	0	0	0	0	6568	640	4052	372	1038	0	4584	1460	5496	1294	3766	204	18258	1210	0	2074	5564	430	0	0	2778	2060	1504	1750	2902	752	
134228	Cerebelum_9_R	0	0	0	0	0	0	0	0	0	0	0	0	0	0	0	0	0	0	0	0	0	0	0	0	0	0	0	0	0	0	0	0	0	0	0	0	0	0	0	0	0	0	0	0	0	0	234	0	0	0	0	0	0	0	372	286	0	0	0	0	0	0	0	0	0	0	0	0	0	0	0	0	0	0	0	0	0	0	0	0	0	0	0	0	0	0	0	0	0	0	1426	2832	244	606	0	1136	2176	1916	2334	4666	204	154	2708	13220	2074	0	388	3318	122	734	3734	4218	3198	3890	7990	2934	
40356	Cerebelum_10_L	0	0	0	0	0	0	0	0	0	0	0	0	0	0	0	0	0	0	0	0	0	0	0	0	0	0	0	0	0	0	0	0	0	0	0	0	0	0	0	0	0	0	0	0	0	0	0	364	0	0	0	0	0	0	0	274	0	0	0	0	0	0	0	0	0	0	0	0	0	0	0	0	0	0	0	0	0	0	0	0	0	0	0	0	0	0	0	0	0	0	1118	202	788	0	0	0	1938	502	1310	538	676	0	3036	218	5564	388	0	150	0	0	932	966	206	190	522	296	
50408	Cerebelum_10_R	0	0	0	0	0	0	0	0	0	0	0	0	0	0	0	0	0	0	0	0	0	0	0	0	0	0	0	0	0	0	0	0	0	0	0	0	0	0	0	0	0	0	0	0	0	0	176	0	0	0	0	0	0	0	222	0	0	0	0	0	0	0	0	0	0	0	0	0	0	0	0	0	0	0	0	0	0	0	0	0	0	0	0	0	0	0	0	0	0	0	596	1296	0	260	0	0	1202	1504	1106	3720	0	0	234	2776	430	3318	150	0	0	0	2106	1846	544	590	2028	1100	
13588	Vermis_1_2	0	0	0	0	0	0	0	0	0	0	0	0	0	0	0	0	0	0	0	0	0	0	0	0	0	0	0	0	0	0	0	0	0	0	0	0	0	0	0	0	0	0	0	0	0	0	0	0	0	0	0	0	0	0	0	0	0	0	0	0	0	0	0	0	0	0	0	0	0	0	0	0	0	0	0	0	0	0	0	0	0	0	0	0	0	0	0	0	0	0	0	0	0	0	738	246	398	200	0	126	0	0	0	0	0	122	0	0	0	3824	1140	0	0	0	0	0	
24932	Vermis_3	0	0	0	0	0	0	0	0	0	0	0	0	0	0	0	0	0	0	0	0	0	0	0	0	0	0	0	0	0	0	0	0	0	0	0	0	0	0	0	0	0	0	0	0	0	0	0	0	0	0	0	0	0	0	0	0	0	0	0	0	0	0	0	0	0	0	0	0	0	0	0	0	0	0	0	0	0	0	0	0	0	0	0	0	0	0	0	0	0	0	0	164	0	0	794	2030	772	1116	152	990	0	0	0	0	0	734	0	0	3824	0	1772	118	0	0	0	0	
244072	Vermis_4_5	0	0	0	0	0	0	0	0	0	0	0	0	0	0	0	0	0	0	0	0	0	0	0	0	0	0	0	0	0	0	0	0	0	0	0	404	0	508	0	278	0	0	736	454	0	182	7992	8412	0	0	354	0	264	704	3952	5202	0	0	0	0	0	0	0	0	0	0	0	748	0	0	0	0	0	0	0	0	0	0	0	0	0	0	0	0	0	0	0	0	0	0	3330	3124	0	542	1512	546	15960	15974	11166	11978	0	0	528	1538	2778	3734	932	2106	1140	1772	0	7948	202	0	2124	2912	
