data	data	508436	245796	1.01709e+06	936164	135340	86216	523368	198880	121676	18312	347540	257820	265492	180884	168296	63856	326524	98176	670316	765212	102012	119152	365684	392772	26688	85732	37844	44692	646080	443928	292664	461496	152460	582800	132680	163392	319028	467124	134272	341448	38896	91256	291964	344628	223320	290952	366824	360580	245052	293428	459684	252644	247348	210304	483400	728704	238212	195732	156304	98480	231588	142784	152636	132416	153988	173880	401288	466904	222060	292000	436628	468484	387556	369472	83236	35268	154020	254032	91572	18992	226132	85064	58136	42832	271304	225360	24376	19284	393068	309952	578796	492108	364204	372088	46836	96640	403716	382020	577176	481316	320420	171804	392632	312916	198808	233144	41540	6568	45044	78792	383056	372224	299428	270128	188124	13336	
data	data	Precentral_L	Precentral_R	Frontal_Sup_L	Frontal_Sup_R	Frontal_Sup_Orb_L	Frontal_Sup_Orb_R	Frontal_Mid_L	Frontal_Mid_R	Frontal_Mid_Orb_L	Frontal_Mid_Orb_R	Frontal_Inf_Oper_L	Frontal_Inf_Oper_R	Frontal_Inf_Tri_L	Frontal_Inf_Tri_R	Frontal_Inf_Orb_L	Frontal_Inf_Orb_R	Rolandic_Oper_L	Rolandic_Oper_R	Supp_Motor_Area_L	Supp_Motor_Area_R	Olfactory_L	Olfactory_R	Frontal_Sup_Medial_L	Frontal_Sup_Medial_R	Frontal_Med_Orb_L	Frontal_Med_Orb_R	Rectus_L	Rectus_R	Insula_L	Insula_R	Cingulum_Ant_L	Cingulum_Ant_R	Cingulum_Mid_L	Cingulum_Mid_R	Cingulum_Post_L	Cingulum_Post_R	Hippocampus_L	Hippocampus_R	ParaHippocampal_L	ParaHippocampal_R	Amygdala_L	Amygdala_R	Calcarine_L	Calcarine_R	Cuneus_L	Cuneus_R	Lingual_L	Lingual_R	Occipital_Sup_L	Occipital_Sup_R	Occipital_Mid_L	Occipital_Mid_R	Occipital_Inf_L	Occipital_Inf_R	Fusiform_L	Fusiform_R	Postcentral_L	Postcentral_R	Parietal_Sup_L	Parietal_Sup_R	Parietal_Inf_L	Parietal_Inf_R	SupraMarginal_L	SupraMarginal_R	Angular_L	Angular_R	Precuneus_L	Precuneus_R	Paracentral_Lobule_L	Paracentral_Lobule_R	Caudate_L	Caudate_R	Putamen_L	Putamen_R	Pallidum_L	Pallidum_R	Thalamus_L	Thalamus_R	Heschl_L	Heschl_R	Temporal_Sup_L	Temporal_Sup_R	Temporal_Pole_Sup_L	Temporal_Pole_Sup_R	Temporal_Mid_L	Temporal_Mid_R	Temporal_Pole_Mid_L	Temporal_Pole_Mid_R	Temporal_Inf_L	Temporal_Inf_R	Cerebelum_Crus1_L	Cerebelum_Crus1_R	Cerebelum_Crus2_L	Cerebelum_Crus2_R	Cerebelum_3_L	Cerebelum_3_R	Cerebelum_4_5_L	Cerebelum_4_5_R	Cerebelum_6_L	Cerebelum_6_R	Cerebelum_7b_L	Cerebelum_7b_R	Cerebelum_8_L	Cerebelum_8_R	Cerebelum_9_L	Cerebelum_9_R	Cerebelum_10_L	Cerebelum_10_R	Vermis_1_2	Vermis_3	Vermis_4_5	Vermis_6	Vermis_7	Vermis_8	Vermis_9	Vermis_10	
508436	Precentral_L	0	988	21166	3720	0	0	19544	110	0	0	22216	154	1050	0	78	0	21896	370	7046	2860	0	0	0	0	0	0	0	0	12530	456	0	90	330	1042	726	132	10486	1354	744	1078	0	0	624	0	232	0	190	0	386	0	3972	0	2296	0	2614	504	27112	196	3404	0	7862	0	2382	84	1494	0	3940	0	14740	798	1786	772	8140	780	2330	0	17346	2128	3762	0	3928	0	0	0	2900	0	0	0	7134	0	216	0	0	0	0	0	0	0	0	0	0	0	0	0	0	0	0	0	0	0	0	0	0	0	0	0	
245796	Precentral_R	988	0	554	17918	0	0	316	4182	0	0	130	4024	0	0	0	0	210	1006	1540	6100	0	0	0	0	0	0	0	0	2902	3120	0	260	124	4092	178	1090	652	2324	140	734	0	0	0	130	0	284	0	406	0	462	0	0	0	598	294	1164	164	21786	0	0	0	1004	0	3574	0	384	782	1850	1228	8994	3454	3810	1666	1226	342	0	1252	11068	80	78	1904	188	0	0	0	614	0	0	164	1364	0	0	0	0	0	0	0	0	0	0	0	0	0	0	0	0	0	0	0	0	0	0	0	0	0	0	
1.01709e+06	Frontal_Sup_L	21166	554	0	23752	10416	0	69870	514	7550	0	22066	1046	20468	978	8418	0	18538	768	77652	24426	0	102	43964	7134	978	0	1020	0	39278	3612	13462	4102	6970	5786	0	0	2966	1134	142	846	0	104	0	0	0	0	0	0	0	0	218	0	126	0	968	516	2672	386	124	0	632	100	0	164	0	0	130	0	706	90	16464	3976	18518	5056	3054	410	5474	496	840	0	4672	0	540	0	596	0	0	0	1746	90	0	0	0	0	0	0	0	0	0	0	0	0	0	0	0	0	0	0	0	0	0	0	0	0	0	0	
936164	Frontal_Sup_R	3720	17918	23752	0	346	3818	4220	26532	78	414	590	12590	286	12534	122	2266	2666	3622	29440	63964	0	106	15734	44096	0	3554	0	644	3508	17810	7964	35428	2624	31074	102	118	752	3042	96	1414	0	92	0	0	0	0	0	534	0	0	0	0	0	0	368	782	1112	522	0	0	0	0	0	0	0	0	0	0	2612	1458	9658	25426	4314	16404	1018	884	1244	22980	316	80	516	242	0	118	0	0	0	0	356	102	0	0	0	0	0	0	0	0	0	0	0	0	0	0	0	0	0	0	0	0	0	0	0	0	0	0	
135340	Frontal_Sup_Orb_L	0	0	10416	346	0	0	2810	0	12594	0	0	0	2058	0	11264	0	0	0	238	0	1012	0	2756	0	1988	84	5334	0	4222	0	1662	382	0	0	0	0	118	0	0	0	102	0	0	0	0	0	0	0	0	0	0	0	0	0	0	0	0	0	0	0	0	0	0	0	0	0	0	0	0	0	4944	0	4978	0	0	0	0	0	0	0	0	0	362	0	0	0	0	0	0	0	0	0	0	0	0	0	0	0	0	0	0	0	0	0	0	0	0	0	0	0	0	0	0	0	0	0	
86216	Frontal_Sup_Orb_R	0	0	0	3818	0	0	0	1240	0	3504	0	0	0	0	0	4516	0	0	0	0	0	1292	92	2130	246	8558	0	6374	0	1468	346	624	0	0	0	0	0	0	0	0	0	128	0	0	0	0	0	0	0	0	0	0	0	0	0	0	0	0	0	0	0	0	0	0	0	0	0	0	0	0	0	4474	0	4298	0	0	0	0	0	0	0	0	0	0	0	0	0	0	0	0	0	0	0	0	0	0	0	0	0	0	0	0	0	0	0	0	0	0	0	0	0	0	0	0	0	0	
523368	Frontal_Mid_L	19544	316	69870	4220	2810	0	0	186	6248	0	20400	318	29198	158	6548	0	10630	1174	8256	2056	0	0	16092	2120	0	0	0	0	22700	1384	3456	760	2422	1216	0	0	1774	920	0	732	0	0	0	0	0	0	0	0	0	0	0	0	0	0	376	368	1514	626	0	0	0	0	0	0	0	0	0	0	0	0	3826	1888	5720	2896	2612	222	2014	128	444	178	2980	0	0	0	0	0	0	0	384	0	0	0	0	0	0	0	0	0	0	0	0	0	0	0	0	0	0	0	0	0	0	0	0	0	0	0	
198880	Frontal_Mid_R	110	4182	514	26532	0	1240	186	0	0	1076	0	14236	0	12672	0	3090	0	832	1612	7586	0	0	356	3890	0	0	0	0	718	8104	140	490	0	4184	0	0	82	1080	0	340	0	0	0	0	0	0	0	0	0	0	0	0	0	0	0	386	0	174	0	0	0	0	0	0	0	0	0	0	0	0	1000	640	800	1934	90	240	0	262	0	0	484	84	0	0	0	0	0	0	0	94	0	0	0	0	0	0	0	0	0	0	0	0	0	0	0	0	0	0	0	0	0	0	0	0	0	0	
121676	Frontal_Mid_Orb_L	0	0	7550	78	12594	0	6248	0	0	0	0	0	5152	0	15532	0	0	0	260	0	84	0	222	0	270	0	1880	0	4532	0	154	0	0	0	0	0	0	0	0	0	0	0	0	0	0	0	0	0	0	0	0	0	0	0	0	0	0	0	0	0	0	0	0	0	0	0	0	0	0	0	2044	0	3794	0	0	0	0	0	0	0	0	0	444	0	0	0	0	0	0	0	0	0	0	0	0	0	0	0	0	0	0	0	0	0	0	0	0	0	0	0	0	0	0	0	0	0	
18312	Frontal_Mid_Orb_R	0	0	0	414	0	3504	0	1076	0	0	0	78	0	168	0	3252	0	0	0	0	0	0	0	0	0	0	0	214	0	318	0	0	0	0	0	0	0	0	0	0	0	0	0	0	0	0	0	0	0	0	0	0	0	0	0	0	0	0	0	0	0	0	0	0	0	0	0	0	0	0	0	0	0	132	0	0	0	0	0	0	0	0	0	0	0	0	0	0	0	0	0	0	0	0	0	0	0	0	0	0	0	0	0	0	0	0	0	0	0	0	0	0	0	0	0	0	
347540	Frontal_Inf_Oper_L	22216	130	22066	590	0	0	20400	0	0	0	0	108	15172	666	482	0	22686	0	11114	272	0	0	842	206	0	0	0	0	28798	800	1134	508	0	0	0	0	1240	96	0	0	0	0	0	0	0	0	0	0	100	0	368	0	210	0	264	0	4730	0	468	0	1976	0	518	0	238	0	330	0	0	0	2574	1342	1638	124	0	0	148	180	1166	0	5700	0	726	0	572	0	0	0	872	0	0	0	0	0	0	0	0	0	0	0	0	0	0	0	0	0	0	0	0	0	0	0	0	0	0	0	
257820	Frontal_Inf_Oper_R	154	4024	1046	12590	0	0	318	14236	0	78	108	0	154	15648	84	540	0	4652	1218	7348	0	122	222	1842	0	0	0	0	1340	32816	1534	4688	0	3008	0	0	138	1350	0	306	0	0	0	0	0	0	0	0	0	0	0	0	0	0	80	382	0	1412	0	0	0	0	0	120	0	0	0	0	0	0	2712	6096	1530	3796	138	844	0	702	0	0	278	322	0	816	0	0	0	0	0	118	0	0	0	0	0	0	0	0	0	0	0	0	0	0	0	0	0	0	0	0	0	0	0	0	0	0	
265492	Frontal_Inf_Tri_L	1050	0	20468	286	2058	0	29198	0	5152	0	15172	154	0	680	11920	0	1630	0	3632	160	0	0	2148	296	0	0	0	0	26622	830	2488	710	624	0	0	0	0	0	0	0	0	0	0	0	0	0	0	0	0	0	0	0	0	0	0	0	0	0	0	0	0	0	0	0	0	0	0	0	0	0	3458	1250	2104	0	0	0	0	0	0	0	496	0	160	0	0	0	0	0	0	0	0	0	0	0	0	0	0	0	0	0	0	0	0	0	0	0	0	0	0	0	0	0	0	0	0	0	
180884	Frontal_Inf_Tri_R	0	0	978	12534	0	0	158	12672	0	168	666	15648	680	0	0	2376	0	196	1132	4468	0	0	86	3294	0	0	0	0	1324	18922	782	3044	0	2122	0	0	0	92	0	0	0	0	0	0	0	0	0	0	0	0	0	0	0	0	0	0	0	0	0	0	0	0	0	0	0	0	0	0	0	0	3042	4246	1212	600	0	0	0	0	0	0	0	0	0	0	0	0	0	0	0	0	0	0	0	0	0	0	0	0	0	0	0	0	0	0	0	0	0	0	0	0	0	0	0	0	0	0	
168296	Frontal_Inf_Orb_L	78	0	8418	122	11264	0	6548	0	15532	0	482	84	11920	0	0	0	144	0	696	0	1322	0	388	0	0	0	1598	0	11232	126	340	142	140	0	0	0	164	0	0	0	182	0	0	0	0	0	0	0	0	0	0	0	0	0	116	0	0	0	0	0	0	0	0	0	0	0	0	0	0	0	3016	94	7958	0	0	0	0	0	0	0	0	0	2042	0	0	0	0	0	0	0	0	0	0	0	0	0	0	0	0	0	0	0	0	0	0	0	0	0	0	0	0	0	0	0	0	0	
63856	Frontal_Inf_Orb_R	0	0	0	2266	0	4516	0	3090	0	3252	0	540	0	2376	0	0	0	0	0	236	0	622	0	376	0	0	0	468	92	8522	192	658	0	178	0	0	0	166	0	168	0	140	0	0	0	0	0	0	0	0	0	0	0	0	0	90	0	0	0	0	0	0	0	0	0	0	0	0	0	0	106	682	0	3092	0	0	0	0	0	0	0	0	0	100	0	0	0	0	0	0	0	0	0	0	0	0	0	0	0	0	0	0	0	0	0	0	0	0	0	0	0	0	0	0	0	0	
326524	Rolandic_Oper_L	21896	210	18538	2666	0	0	10630	0	0	0	22686	0	1630	0	144	0	0	0	8274	268	0	0	0	0	0	0	0	0	22326	0	0	0	124	0	154	0	2950	128	0	0	0	0	144	0	0	0	0	0	0	0	720	0	818	0	1088	0	9216	0	916	0	1788	0	3612	0	398	0	1042	0	160	0	362	174	596	0	0	0	322	262	5842	0	12410	0	640	0	3346	0	0	0	6782	0	0	0	0	0	0	0	0	0	0	0	0	0	0	0	0	0	0	0	0	0	0	0	0	0	0	0	
98176	Rolandic_Oper_R	370	1006	768	3622	0	0	1174	832	0	0	0	4652	0	196	0	0	0	0	324	3770	0	0	0	0	0	0	0	0	748	12936	0	100	0	388	0	0	0	2034	0	558	0	0	0	0	0	0	0	0	0	0	0	0	0	0	0	624	0	3594	0	0	0	0	0	2818	0	0	0	98	0	554	778	430	370	1750	0	114	0	116	0	1634	0	1804	0	800	0	0	0	0	0	126	0	0	0	0	0	0	0	0	0	0	0	0	0	0	0	0	0	0	0	0	0	0	0	0	0	0	
670316	Supp_Motor_Area_L	7046	1540	77652	29440	238	0	8256	1612	260	0	11114	1218	3632	1132	696	0	8274	324	0	49518	0	0	5198	7098	0	0	0	0	17616	3184	3226	5386	6610	24524	648	146	1364	830	0	594	0	96	0	0	0	0	0	0	0	0	230	0	124	0	612	416	786	142	92	0	450	90	0	116	0	0	300	0	15220	2618	9028	2808	11884	3942	1694	244	1168	270	316	0	2030	0	168	0	576	0	0	0	1362	0	0	0	0	0	0	0	0	0	0	0	0	0	0	0	0	0	0	0	0	0	0	0	0	0	0	0	
765212	Supp_Motor_Area_R	2860	6100	24426	63964	0	0	2056	7586	0	0	272	7348	160	4468	0	236	268	3770	49518	0	0	0	1924	10890	0	0	0	0	1026	8166	4334	14944	3936	54776	396	2784	228	4932	0	1160	0	0	0	590	0	248	0	248	0	468	0	104	0	3580	116	6798	136	2572	0	0	0	0	0	0	0	0	1130	2228	16214	18326	6610	11254	1936	5340	498	232	2526	7436	0	272	186	660	0	96	0	1452	0	0	0	8822	0	0	0	0	0	0	0	0	0	0	0	0	0	0	0	0	0	0	0	0	0	0	0	0	0	0	
102012	Olfactory_L	0	0	0	0	1012	0	0	0	84	0	0	0	0	0	1322	0	0	0	0	0	0	7146	0	94	238	178	564	762	2494	0	3696	1638	0	0	0	0	1956	0	358	0	2192	0	0	0	0	0	0	0	0	0	0	0	0	0	1082	0	0	0	0	0	0	0	0	0	0	0	0	0	0	0	9152	6014	6556	1708	1528	128	0	0	0	0	124	0	676	0	0	0	0	0	304	0	0	0	0	0	0	0	0	0	0	0	0	0	0	0	0	0	0	0	0	0	0	0	0	0	0	0	
119152	Olfactory_R	0	0	102	106	0	1292	0	0	0	0	0	122	0	0	0	622	0	0	0	0	7146	0	0	410	88	2292	0	1872	0	1590	3234	3400	0	0	0	0	0	906	0	1044	0	1390	0	0	0	0	0	0	0	0	0	0	0	0	0	210	0	0	0	0	0	0	0	0	0	0	0	0	0	0	9674	9996	5870	4222	2338	1340	0	0	0	0	0	0	0	226	0	0	0	0	0	0	0	0	0	0	0	0	0	84	0	0	0	0	0	0	0	0	0	0	0	0	0	0	0	0	0	0	
365684	Frontal_Sup_Medial_L	0	0	43964	15734	2756	92	16092	356	222	0	842	222	2148	86	388	0	0	0	5198	1924	0	0	0	26092	1318	502	916	0	3740	236	19360	14772	9340	10900	0	0	0	0	0	0	0	0	0	0	0	0	0	0	0	0	0	0	0	0	0	0	0	0	0	0	0	0	0	0	0	0	0	0	0	0	2968	896	1428	350	0	0	0	0	0	0	0	0	0	0	0	0	0	0	0	0	0	0	0	0	0	0	0	0	0	0	0	0	0	0	0	0	0	0	0	0	0	0	0	0	0	0	
392772	Frontal_Sup_Medial_R	0	0	7134	44096	0	2130	2120	3890	0	0	206	1842	296	3294	0	376	0	0	7098	10890	94	410	26092	0	458	6986	0	796	760	5082	7910	28010	1716	15694	0	0	0	508	0	342	0	0	0	0	0	0	0	0	0	0	0	0	0	0	0	182	0	0	0	0	0	0	0	0	0	0	0	0	0	0	1662	10090	360	5862	0	0	0	0	0	0	0	0	0	0	0	0	0	0	0	0	0	0	0	0	0	0	0	0	0	0	0	0	0	0	0	0	0	0	0	0	0	0	0	0	0	0	
26688	Frontal_Med_Orb_L	0	0	978	0	1988	246	0	0	270	0	0	0	0	0	0	0	0	0	0	0	238	88	1318	458	0	978	2548	0	0	0	2608	310	0	0	0	0	0	0	0	0	0	0	0	0	0	0	0	0	0	0	0	0	0	0	0	0	0	0	0	0	0	0	0	0	0	0	0	0	0	0	784	0	532	0	0	0	0	0	0	0	0	0	0	0	0	0	0	0	0	0	0	0	0	0	0	0	0	0	0	0	0	0	0	0	0	0	0	0	0	0	0	0	0	0	0	0	
85732	Frontal_Med_Orb_R	0	0	0	3554	84	8558	0	0	0	0	0	0	0	0	0	0	0	0	0	0	178	2292	502	6986	978	0	102	4812	0	0	1536	4732	0	0	0	0	0	0	0	0	0	0	0	0	0	0	0	0	0	0	0	0	0	0	0	0	0	0	0	0	0	0	0	0	0	0	0	0	0	0	0	5736	0	2816	0	0	0	0	0	0	0	0	0	0	0	0	0	0	0	0	0	0	0	0	0	0	0	0	0	0	0	0	0	0	0	0	0	0	0	0	0	0	0	0	0	0	
37844	Rectus_L	0	0	1020	0	5334	0	0	0	1880	0	0	0	0	0	1598	0	0	0	0	0	564	0	916	0	2548	102	0	0	218	0	1688	0	0	0	0	0	0	0	0	0	0	0	0	0	0	0	0	0	0	0	0	0	0	0	0	0	0	0	0	0	0	0	0	0	0	0	0	0	0	0	1354	0	1700	0	0	0	0	0	0	0	0	0	0	0	0	0	0	0	0	0	0	0	0	0	0	0	0	0	0	0	0	0	0	0	0	0	0	0	0	0	0	0	0	0	0	0	
44692	Rectus_R	0	0	0	644	0	6374	0	0	0	214	0	0	0	0	0	468	0	0	0	0	762	1872	0	796	0	4812	0	0	0	280	78	1282	0	0	0	0	0	0	0	0	0	218	0	0	0	0	0	0	0	0	0	0	0	0	0	0	0	0	0	0	0	0	0	0	0	0	0	0	0	0	734	1864	624	1202	122	0	0	0	0	0	0	0	0	0	0	0	0	0	0	0	0	0	0	0	0	0	0	0	0	0	0	0	0	0	0	0	0	0	0	0	0	0	0	0	0	0	
646080	Insula_L	12530	2902	39278	3508	4222	0	22700	718	4532	0	28798	1340	26622	1324	11232	92	22326	748	17616	1026	2494	0	3740	760	0	0	218	0	0	2354	2618	912	730	98	372	82	13760	400	368	216	796	0	326	0	120	0	200	0	0	0	574	0	924	0	8364	114	1450	764	500	0	370	0	694	336	276	0	934	0	146	278	11168	2876	20216	500	0	128	1588	1168	6070	0	15204	0	2668	0	1676	0	82	0	11798	0	0	0	0	0	0	0	0	0	96	0	0	0	0	0	0	0	0	0	0	0	0	0	0	0	0	0	
443928	Insula_R	456	3120	3612	17810	0	1468	1384	8104	0	318	800	32816	830	18922	126	8522	0	12936	3184	8166	0	1590	236	5082	0	0	0	280	2354	0	2350	8454	0	2662	0	0	0	8148	0	3232	0	932	0	0	0	0	0	0	0	0	0	0	0	312	0	5232	136	3022	0	0	0	0	0	414	0	0	0	298	0	652	4880	10470	1798	20680	154	846	0	1924	0	2190	158	4380	0	1432	0	1524	0	0	0	3254	0	0	0	0	0	0	0	314	0	0	0	0	0	0	0	0	0	0	0	0	0	0	0	0	0	0	
292664	Cingulum_Ant_L	0	0	13462	7964	1662	346	3456	140	154	0	1134	1534	2488	782	340	192	0	0	3226	4334	3696	3234	19360	7910	2608	1536	1688	78	2618	2350	0	23686	4822	4332	0	0	0	0	0	0	0	0	0	0	0	0	0	0	0	0	0	0	0	0	0	0	0	0	0	0	0	0	0	0	0	0	0	0	0	0	9630	7816	5694	3728	332	0	0	0	0	0	0	0	0	0	0	0	0	0	0	0	0	0	0	0	0	0	0	0	0	0	0	0	0	0	0	0	0	0	0	0	0	0	0	0	0	0	
461496	Cingulum_Ant_R	90	260	4102	35428	382	624	760	490	0	0	508	4688	710	3044	142	658	0	100	5386	14944	1638	3400	14772	28010	310	4732	0	1282	912	8454	23686	0	4144	22002	0	884	0	762	0	404	0	0	0	0	0	0	0	0	0	0	0	0	0	0	0	274	0	0	0	0	0	0	0	0	0	0	0	0	0	372	6682	22354	2248	10530	224	118	0	238	0	0	0	0	0	0	0	0	0	0	0	0	0	0	0	0	0	0	0	0	0	0	0	0	0	0	0	0	0	0	0	0	0	0	0	0	0	0	
152460	Cingulum_Mid_L	330	124	6970	2624	0	0	2422	0	0	0	0	0	624	0	140	0	124	0	6610	3936	0	0	9340	1716	0	0	0	0	730	0	4822	4144	0	9870	3402	732	0	88	0	0	0	0	362	214	442	188	0	0	632	116	1670	92	394	164	0	178	438	0	884	0	104	0	146	0	192	0	4538	728	4550	796	0	0	0	0	0	0	0	0	0	0	0	0	0	0	134	0	0	0	354	166	0	0	0	0	0	0	0	0	0	0	0	0	0	0	0	0	0	0	0	0	0	0	0	0	0	0	
582800	Cingulum_Mid_R	1042	4092	5786	31074	0	0	1216	4184	0	0	0	3008	0	2122	0	178	0	388	24524	54776	0	0	10900	15694	0	0	0	0	98	2662	4332	22002	9870	0	678	5622	0	2476	0	226	0	0	0	3760	0	4864	0	436	0	3234	0	1600	0	2858	94	3410	0	3764	0	106	0	252	0	178	0	478	4204	13824	11166	21410	402	778	0	116	0	0	976	1386	0	0	0	188	0	0	0	1696	0	0	0	3270	0	0	0	0	0	0	0	0	0	0	0	0	0	0	0	0	0	0	0	0	0	0	0	0	0	0	
132680	Cingulum_Post_L	726	178	0	102	0	0	0	0	0	0	0	0	0	0	0	0	154	0	648	396	0	0	0	0	0	0	0	0	372	0	0	0	3402	678	0	7340	6620	4268	4328	2516	0	0	3242	0	804	0	2228	298	266	0	1162	0	938	602	4912	1842	0	0	0	0	0	0	0	0	0	0	6080	2530	1588	314	0	0	0	0	0	0	666	2018	698	0	372	0	0	0	538	0	0	0	2806	708	0	0	0	0	0	0	0	0	0	0	0	0	0	0	0	0	0	0	0	0	0	0	0	0	0	0	
163392	Cingulum_Post_R	132	1090	0	118	0	0	0	0	0	0	0	0	0	0	0	0	0	0	146	2784	0	0	0	0	0	0	0	0	82	0	0	884	732	5622	7340	0	3802	9058	2378	3406	0	0	0	860	0	554	0	1228	0	688	0	124	0	5626	1544	7834	0	526	0	0	0	0	0	0	0	0	2438	11448	166	2852	0	150	0	0	0	0	232	2238	94	0	0	0	0	0	0	194	0	0	0	5106	0	0	0	0	0	0	0	80	0	0	0	0	0	0	0	0	0	0	0	0	140	0	0	0	0	0	
319028	Hippocampus_L	10486	652	2966	752	118	0	1774	82	0	0	1240	138	0	0	164	0	2950	0	1364	228	1956	0	0	0	0	0	0	0	13760	0	0	0	0	0	6620	3802	0	4846	16568	3404	6730	0	1964	0	0	0	3494	214	0	0	210	0	2484	0	24180	1308	366	172	0	0	78	0	0	0	0	0	3112	1252	134	0	1894	314	7388	0	684	0	5996	3918	4204	0	2466	0	886	0	588	0	144	0	11304	0	160	0	0	0	0	0	0	0	0	0	0	0	0	0	0	0	0	0	0	0	0	0	0	0	0	0	
467124	Hippocampus_R	1354	2324	1134	3042	0	0	920	1080	0	0	96	1350	0	92	0	166	128	2034	830	4932	0	906	0	508	0	0	0	0	400	8148	0	762	88	2476	4268	9058	4846	0	3070	43166	0	11848	0	1940	0	490	110	4762	0	98	0	452	0	4240	1974	44268	0	992	0	0	0	0	0	254	0	0	502	7458	652	1856	412	2054	134	14082	0	1400	1768	9176	228	810	0	1322	0	550	0	1210	0	86	78	9714	0	510	0	154	0	250	0	3634	0	936	0	0	272	150	544	874	220	0	0	90	480	858	844	822	826	0	
134272	ParaHippocampal_L	744	140	142	96	0	0	0	0	0	0	0	0	0	0	0	0	0	0	0	0	358	0	0	0	0	0	0	0	368	0	0	0	0	0	4328	2378	16568	3070	0	2438	2240	0	1972	0	0	0	4310	258	0	0	228	0	702	0	13220	902	0	0	0	0	0	0	0	0	0	0	3098	1114	0	0	0	0	416	0	0	0	2476	2232	0	0	90	0	400	0	0	0	448	0	650	0	122	0	0	0	356	0	936	0	146	0	0	0	0	0	0	0	0	0	78	112	0	0	0	0	0	0	
341448	ParaHippocampal_R	1078	734	846	1414	0	0	732	340	0	0	0	306	0	0	0	168	0	558	594	1160	0	1044	0	342	0	0	0	0	216	3232	0	404	0	226	2516	3406	3404	43166	2438	0	0	10656	0	1186	0	140	0	5950	0	0	0	138	0	1000	1322	33254	0	276	0	0	0	0	0	0	0	0	126	5026	120	214	160	968	0	9860	0	1350	1488	6156	136	106	0	594	0	2544	0	468	0	1494	0	3650	0	454	0	152	0	298	0	4400	80	692	0	0	396	146	698	1194	300	86	0	80	508	1144	1122	1146	1122	0	
38896	Amygdala_L	0	0	0	0	102	0	0	0	0	0	0	0	0	0	182	0	0	0	0	0	2192	0	0	0	0	0	0	0	796	0	0	0	0	0	0	0	6730	0	2240	0	0	0	0	0	0	0	0	0	0	0	0	0	0	0	4744	0	0	0	0	0	0	0	0	0	0	0	0	0	0	0	274	0	738	0	0	0	0	0	0	0	0	0	448	0	0	0	0	0	1002	0	0	0	0	0	0	0	0	0	0	0	0	0	0	0	0	0	0	0	0	0	0	0	0	0	0	0	
91256	Amygdala_R	0	0	104	92	0	128	0	0	0	0	0	0	0	0	0	140	0	0	96	0	0	1390	0	0	0	0	0	218	0	932	0	0	0	0	0	0	0	11848	0	10656	0	0	0	0	0	0	0	84	0	0	0	0	0	0	0	9448	0	0	0	0	0	0	0	0	0	0	0	0	0	0	0	82	0	2910	0	0	0	0	0	0	0	0	0	1896	0	0	0	252	0	1288	0	84	0	0	0	224	0	998	0	110	0	0	138	0	264	418	120	0	0	0	204	406	346	358	394	0	
291964	Calcarine_L	624	0	0	0	0	0	0	0	0	0	0	0	0	0	0	0	144	0	0	0	0	0	0	0	0	0	0	0	326	0	0	0	362	0	3242	0	1964	0	1972	0	0	0	0	9128	23540	6540	15532	4144	13862	1336	16708	246	8130	0	3554	0	374	0	634	0	296	0	266	0	658	0	21094	716	1572	0	0	0	0	0	0	0	0	0	586	0	480	0	0	0	2482	0	0	0	5178	0	292	0	0	0	0	0	0	0	0	0	0	0	0	0	0	0	0	0	0	0	0	0	0	0	0	0	
344628	Calcarine_R	0	130	0	0	0	0	0	0	0	0	0	0	0	0	0	0	0	0	0	590	0	0	0	0	0	0	0	0	0	0	0	0	214	3760	0	860	0	1940	0	1186	0	0	9128	0	5198	26680	4738	23154	106	17880	0	16154	0	10710	0	11740	0	510	0	1350	0	0	0	0	0	436	2888	20970	0	3760	0	132	0	0	0	0	0	224	0	0	0	0	0	0	0	5132	0	0	0	2744	0	0	0	0	0	0	0	0	0	0	0	0	0	0	0	0	0	0	0	0	0	0	0	0	0	0	
223320	Cuneus_L	232	0	0	0	0	0	0	0	0	0	0	0	0	0	0	0	0	0	0	0	0	0	0	0	0	0	0	0	120	0	0	0	442	0	804	0	0	0	0	0	0	0	23540	5198	0	6276	4330	584	25120	922	13460	0	2676	0	424	86	0	0	1502	0	142	0	112	0	198	0	19708	1880	1130	0	0	0	0	0	0	0	0	0	108	0	106	0	0	0	1026	0	0	0	1534	0	0	0	0	0	0	0	0	0	0	0	0	0	0	0	0	0	0	0	0	0	0	0	0	0	0	0	
290952	Cuneus_R	0	284	0	0	0	0	0	0	0	0	0	0	0	0	0	0	0	0	0	248	0	0	0	0	0	0	0	0	0	0	0	0	188	4864	0	554	0	490	0	140	0	0	6540	26680	6276	0	2942	5326	148	29960	0	9868	0	1578	0	1842	0	1348	0	3094	0	1284	0	1008	0	2682	4626	25060	0	4226	0	0	0	0	0	0	0	0	0	0	0	0	0	0	0	3002	0	0	0	1218	0	0	0	0	0	0	0	0	0	0	0	0	0	0	0	0	0	0	0	0	0	0	0	0	0	0	
366824	Lingual_L	190	0	0	0	0	0	0	0	0	0	0	0	0	0	0	0	0	0	0	0	0	0	0	0	0	0	0	0	200	0	0	0	0	0	2228	0	3494	110	4310	0	0	0	15532	4738	4330	2942	0	5650	3426	1516	9976	344	7500	188	23262	832	80	0	180	0	102	0	0	0	98	0	7672	192	154	0	0	0	0	0	0	0	292	0	218	0	366	0	0	0	192	0	0	0	1022	0	15386	2688	1260	860	270	158	16630	3316	22096	3428	308	0	506	184	1590	476	0	0	576	590	8544	2142	394	274	400	0	
360580	Lingual_R	0	406	0	534	0	0	0	0	0	0	0	0	0	0	0	0	0	0	0	248	0	0	0	0	0	0	0	0	0	0	0	0	0	436	298	1228	214	4762	258	5950	0	84	4144	23154	584	5326	5650	0	0	5878	0	5588	0	6816	1068	27730	0	0	0	0	0	0	0	0	0	0	532	10948	0	450	0	106	0	136	0	0	0	1378	0	0	0	0	0	0	0	428	0	0	0	1076	3176	8270	574	928	116	442	3306	9638	4446	11872	234	0	338	182	460	788	0	0	138	234	7786	8262	2024	394	1160	112	
245052	Occipital_Sup_L	386	0	0	0	0	0	0	0	0	0	100	0	0	0	0	0	0	0	0	0	0	0	0	0	0	0	0	0	0	0	0	0	632	0	266	0	0	0	0	0	0	0	13862	106	25120	148	3426	0	0	0	35034	0	5558	0	170	0	1424	0	14420	0	2684	0	92	0	1446	0	16182	0	928	0	0	0	0	0	0	0	0	0	0	0	0	0	0	0	462	0	0	0	80	0	0	0	0	0	0	0	0	0	0	0	0	0	0	0	0	0	0	0	0	0	0	0	0	0	0	0	
293428	Occipital_Sup_R	0	462	0	0	0	0	0	0	0	0	0	0	0	0	0	0	0	0	0	468	0	0	0	0	0	0	0	0	0	0	0	0	116	3234	0	688	0	98	0	0	0	0	1336	17880	922	29960	1516	5878	0	0	0	24832	0	1084	0	1486	0	3516	0	8210	0	2686	0	1624	0	5698	3720	20500	0	4092	0	0	0	0	0	0	0	0	0	0	0	80	0	0	0	3822	0	0	0	2806	0	0	0	0	0	0	0	0	0	0	0	0	0	0	0	0	0	0	0	0	0	0	0	0	0	0	
459684	Occipital_Mid_L	3972	0	218	0	0	0	0	0	0	0	368	0	0	0	0	0	720	0	230	0	0	0	0	0	0	0	0	0	574	0	0	0	1670	0	1162	0	210	0	228	0	0	0	16708	0	13460	0	9976	0	35034	0	0	0	34784	0	6132	0	4290	0	14262	0	13816	0	3666	0	17188	0	16762	0	4944	0	0	0	0	0	0	0	152	0	306	0	542	0	0	0	17266	0	0	0	10032	0	1170	0	0	0	0	0	0	0	0	0	0	0	0	0	0	0	0	0	0	0	0	0	0	0	0	0	
252644	Occipital_Mid_R	0	0	0	0	0	0	0	0	0	0	0	0	0	0	0	0	0	0	0	104	0	0	0	0	0	0	0	0	0	0	0	0	92	1600	0	124	0	452	0	138	0	0	246	16154	0	9868	344	5588	0	24832	0	0	0	9064	0	5024	0	784	0	5898	0	7036	0	930	0	13644	734	8604	0	1354	0	0	0	0	0	0	0	0	0	0	0	124	0	0	0	11542	0	0	0	2042	0	0	0	0	0	0	0	0	0	0	0	0	0	0	0	0	0	0	0	0	0	0	0	0	0	0	
247348	Occipital_Inf_L	2296	0	126	0	0	0	0	0	0	0	210	0	0	0	0	0	818	0	124	0	0	0	0	0	0	0	0	0	924	0	0	0	394	0	938	0	2484	0	702	0	0	0	8130	0	2676	0	7500	0	5558	0	34784	0	0	0	13418	0	1044	0	1806	0	2420	0	1616	0	3394	0	3362	0	2208	0	0	0	0	0	0	0	0	0	1402	0	1182	0	0	0	8214	0	0	0	13552	0	2140	0	0	0	0	0	0	0	252	0	0	0	0	0	0	0	0	0	0	0	0	0	0	0	0	0	
210304	Occipital_Inf_R	0	598	0	0	0	0	0	0	0	0	0	0	0	0	0	0	0	0	0	3580	0	0	0	0	0	0	0	0	0	312	0	0	164	2858	602	5626	0	4240	0	1000	0	0	0	10710	0	1578	188	6816	0	1084	0	9064	0	0	176	21986	0	386	0	0	0	0	0	0	0	258	636	8634	0	1718	0	746	0	98	0	0	78	1576	0	0	0	0	0	0	0	5512	0	0	0	13180	228	220	0	0	0	0	0	0	364	438	0	0	0	0	0	0	0	0	0	0	0	498	0	0	0	0	
483400	Fusiform_L	2614	294	968	368	0	0	376	0	0	0	264	80	0	0	116	0	1088	0	612	116	1082	0	0	0	0	0	0	0	8364	0	0	0	0	94	4912	1544	24180	1974	13220	1322	4744	0	3554	0	424	0	23262	1068	170	0	6132	0	13418	176	0	1180	98	90	0	0	0	0	0	0	166	0	3184	738	378	0	868	128	2472	0	0	0	2258	1410	1968	0	4114	0	2962	0	2870	0	1486	0	26236	0	22746	1282	1476	400	364	0	11294	1098	26062	1538	496	0	418	0	0	0	0	0	0	0	3342	1780	262	0	0	0	
728704	Fusiform_R	504	1164	516	782	0	0	368	386	0	0	0	382	0	0	0	90	0	624	416	6798	0	210	0	182	0	0	0	0	114	5232	0	274	178	3410	1842	7834	1308	44268	902	33254	0	9448	0	11740	86	1842	832	27730	0	1486	0	5024	0	21986	1180	0	0	746	0	0	0	0	0	178	0	114	712	13020	276	3064	222	1834	92	8504	0	998	588	4766	0	148	0	1288	0	4724	0	3412	0	2252	0	24926	2056	20108	564	1702	0	1210	2284	17202	2902	26036	284	0	642	1432	1100	1848	292	0	146	254	5410	7774	3144	1616	2090	0	
238212	Postcentral_L	27112	164	2672	1112	0	0	1514	0	0	0	4730	0	0	0	0	0	9216	0	786	136	0	0	0	0	0	0	0	0	1450	136	0	0	438	0	0	0	366	0	0	0	0	0	374	0	0	0	80	0	1424	0	4290	0	1044	0	98	0	0	0	8482	0	22470	0	10162	0	4788	0	4584	0	5690	0	130	0	256	0	142	0	0	600	956	0	3060	0	0	0	180	0	0	0	464	0	0	0	0	0	0	0	0	0	0	0	0	0	0	0	0	0	0	0	0	0	0	0	0	0	0	0	
195732	Postcentral_R	196	21786	386	522	0	0	626	174	0	0	0	1412	0	0	0	0	0	3594	142	2572	0	0	0	0	0	0	0	0	764	3022	0	0	0	3764	0	526	172	992	0	276	0	0	0	510	0	1348	0	0	0	3516	0	784	0	386	90	746	0	0	0	4620	0	5756	0	9892	0	3942	1172	6038	0	10616	604	0	326	650	0	0	144	562	0	154	124	448	0	0	0	2154	0	0	0	2358	0	0	0	0	0	0	0	0	0	0	0	0	0	0	0	0	0	0	0	0	0	0	0	0	0	0	
156304	Parietal_Sup_L	3404	0	124	0	0	0	0	0	0	0	468	0	0	0	0	0	916	0	92	0	0	0	0	0	0	0	0	0	500	0	0	0	884	0	0	0	0	0	0	0	0	0	634	0	1502	0	180	0	14420	0	14262	0	1806	0	0	0	8482	0	0	0	8194	0	1728	0	3532	0	13120	0	2552	0	0	0	0	0	0	0	0	0	128	0	534	0	0	0	258	0	0	0	432	0	0	0	0	0	0	0	0	0	0	0	0	0	0	0	0	0	0	0	0	0	0	0	0	0	0	0	
98480	Parietal_Sup_R	0	0	0	0	0	0	0	0	0	0	0	0	0	0	0	0	0	0	0	0	0	0	0	0	0	0	0	0	0	0	0	0	0	106	0	0	0	0	0	0	0	0	0	1350	0	3094	0	0	0	8210	0	5898	0	0	0	0	0	4620	0	0	0	7340	0	0	0	6822	582	9106	0	1564	0	0	0	0	0	0	0	0	0	0	0	0	0	0	0	266	0	0	0	282	0	0	0	0	0	0	0	0	0	0	0	0	0	0	0	0	0	0	0	0	0	0	0	0	0	0	
231588	Parietal_Inf_L	7862	0	632	0	0	0	0	0	0	0	1976	0	0	0	0	0	1788	0	450	0	0	0	0	0	0	0	0	0	370	0	0	0	104	0	0	0	78	0	0	0	0	0	296	0	142	0	102	0	2684	0	13816	0	2420	0	0	0	22470	0	8194	0	0	0	20452	0	16746	0	1700	0	1508	0	0	0	104	0	0	0	0	0	156	0	908	0	0	0	6438	0	0	0	4398	0	0	0	0	0	0	0	0	0	0	0	0	0	0	0	0	0	0	0	0	0	0	0	0	0	0	0	
142784	Parietal_Inf_R	0	1004	100	0	0	0	0	0	0	0	0	0	0	0	0	0	0	0	90	0	0	0	0	0	0	0	0	0	0	0	0	0	0	252	0	0	0	0	0	0	0	0	0	0	0	1284	0	0	0	2686	0	7036	0	0	0	0	0	5756	0	7340	0	0	0	11008	0	23254	578	2702	0	2760	0	0	0	0	0	0	0	0	0	0	0	170	0	0	0	3254	0	0	0	2118	0	0	0	0	0	0	0	0	0	0	0	0	0	0	0	0	0	0	0	0	0	0	0	0	0	0	
152636	SupraMarginal_L	2382	0	0	0	0	0	0	0	0	0	518	0	0	0	0	0	3612	0	0	0	0	0	0	0	0	0	0	0	694	0	0	0	146	0	0	0	0	0	0	0	0	0	266	0	112	0	0	0	92	0	3666	0	1616	0	0	0	10162	0	1728	0	20452	0	0	0	10424	0	1890	0	160	0	0	0	0	0	0	0	0	0	226	0	4412	0	0	0	8638	0	0	0	5122	0	0	0	0	0	0	0	0	0	0	0	0	0	0	0	0	0	0	0	0	0	0	0	0	0	0	0	
132416	SupraMarginal_R	84	3574	164	0	0	0	0	0	0	0	0	120	0	0	0	0	0	2818	116	0	0	0	0	0	0	0	0	0	336	414	0	0	0	178	0	0	0	254	0	0	0	0	0	0	0	1008	0	0	0	1624	0	930	0	0	0	178	0	9892	0	0	0	11008	0	0	0	10210	272	1366	0	1712	260	0	174	0	0	0	0	0	0	112	0	7228	0	0	0	8504	0	0	0	3672	0	0	0	0	0	0	0	0	0	0	0	0	0	0	0	0	0	0	0	0	0	0	0	0	0	0	
153988	Angular_L	1494	0	0	0	0	0	0	0	0	0	238	0	0	0	0	0	398	0	0	0	0	0	0	0	0	0	0	0	276	0	0	0	192	0	0	0	0	0	0	0	0	0	658	0	198	0	98	0	1446	0	17188	0	3394	0	166	0	4788	0	3532	0	16746	0	10424	0	0	0	2918	0	694	0	0	0	0	0	0	0	0	0	0	0	708	0	0	0	9356	0	0	0	1822	0	260	0	0	0	0	0	0	0	0	0	0	0	0	0	0	0	0	0	0	0	0	0	0	0	0	0	
173880	Angular_R	0	384	0	0	0	0	0	0	0	0	0	0	0	0	0	0	0	0	0	0	0	0	0	0	0	0	0	0	0	0	0	0	0	478	0	0	0	0	0	0	0	0	0	436	0	2682	0	0	0	5698	0	13644	0	258	0	114	0	3942	0	6822	0	23254	0	10210	0	0	580	3736	0	2056	0	0	0	0	0	0	0	0	0	0	0	2892	0	0	0	7170	0	0	0	2584	0	0	0	0	0	0	0	0	0	0	0	0	0	0	0	0	0	0	0	0	0	0	0	0	0	0	
401288	Precuneus_L	3940	782	130	0	0	0	0	0	0	0	330	0	0	0	0	0	1042	0	300	1130	0	0	0	0	0	0	0	0	934	0	0	0	4538	4204	6080	2438	3112	502	3098	126	0	0	21094	2888	19708	4626	7672	532	16182	3720	16762	734	3362	636	3184	712	4584	1172	13120	582	1700	578	1890	272	2918	580	0	13730	5474	7324	0	0	0	0	0	0	120	92	834	0	890	0	0	0	2800	1194	0	0	4512	1666	114	0	0	0	0	0	0	0	0	0	0	0	0	0	0	0	0	0	0	0	0	0	0	0	0	0	
466904	Precuneus_R	0	1850	0	0	0	0	0	0	0	0	0	0	0	0	0	0	0	98	0	2228	0	0	0	0	0	0	0	0	0	298	0	0	728	13824	2530	11448	1252	7458	1114	5026	0	0	716	20970	1880	25060	192	10948	0	20500	0	8604	0	8634	738	13020	0	6038	0	9106	0	2702	0	1366	0	3736	13730	0	0	20036	0	262	0	136	0	0	0	814	0	0	0	556	0	0	0	6378	0	0	0	8566	0	82	0	0	0	0	0	362	0	162	0	0	0	0	0	0	0	0	0	0	304	0	0	0	0	0	
222060	Paracentral_Lobule_L	14740	1228	706	2612	0	0	0	0	0	0	0	0	0	0	0	0	160	0	15220	16214	0	0	0	0	0	0	0	0	146	0	0	0	4550	11166	1588	166	134	652	0	120	0	0	1572	0	1130	0	154	0	928	0	4944	0	2208	0	378	276	5690	0	2552	0	1508	0	160	0	694	0	5474	0	0	5882	536	282	0	0	0	0	2978	350	186	0	122	0	0	0	1130	0	0	0	2210	78	206	0	0	0	0	0	0	0	0	0	0	0	0	0	0	0	0	0	0	0	0	0	0	0	0	0	
292000	Paracentral_Lobule_R	798	8994	90	1458	0	0	0	0	0	0	0	0	0	0	0	0	0	554	2618	18326	0	0	0	0	0	0	0	0	278	652	0	372	796	21410	314	2852	0	1856	0	214	0	0	0	3760	0	4226	0	450	0	4092	0	1354	0	1718	0	3064	0	10616	0	1564	0	2760	0	1712	0	2056	7324	20036	5882	0	1028	772	94	90	0	0	1450	1018	0	156	78	788	0	0	0	3290	0	0	0	5040	0	0	0	0	0	0	0	0	0	0	0	0	0	0	0	0	0	0	0	0	0	0	0	0	0	0	
436628	Caudate_L	1786	3454	16464	9658	4944	0	3826	1000	2044	0	2574	2712	3458	3042	3016	106	362	778	9028	6610	9152	9674	2968	1662	784	0	1354	734	11168	4880	9630	6682	0	402	0	0	1894	412	0	160	274	0	0	0	0	0	0	0	0	0	0	0	0	0	868	222	130	604	0	0	0	0	0	260	0	0	0	0	536	1028	0	19880	29854	5512	7618	2128	8982	1762	0	0	1312	0	0	0	0	0	0	0	830	96	0	0	0	0	0	0	0	0	0	0	0	0	0	0	0	0	0	0	0	0	0	0	0	0	0	0	
468484	Caudate_R	772	3810	3976	25426	0	4474	1888	640	0	0	1342	6096	1250	4246	94	682	174	430	2808	11254	6014	9996	896	10090	0	5736	0	1864	2876	10470	7816	22354	0	778	0	150	314	2054	0	968	0	82	0	132	0	0	0	106	0	0	0	0	0	746	128	1834	0	0	0	0	0	0	0	0	0	0	0	262	282	772	19880	0	7530	20506	2506	2896	1398	20372	0	0	498	146	0	150	0	172	0	0	196	1910	0	0	0	0	0	0	0	0	0	0	0	0	0	0	0	0	0	0	0	0	0	0	0	0	0	0	
387556	Putamen_L	8140	1666	18518	4314	4978	0	5720	800	3794	0	1638	1530	2104	1212	7958	0	596	370	11884	1936	6556	5870	1428	360	532	0	1700	624	20216	1798	5694	2248	0	0	0	0	7388	134	416	0	738	0	0	0	0	0	0	0	0	0	0	0	0	0	2472	92	256	326	0	0	104	0	0	174	0	0	0	0	0	94	29854	7530	0	2684	10834	358	1776	410	0	0	664	0	1180	0	0	0	0	0	2110	0	0	0	0	0	0	0	0	0	0	0	0	0	0	0	0	0	0	0	0	0	0	0	0	0	0	0	
369472	Putamen_R	780	1226	5056	16404	0	4298	2896	1934	0	132	124	3796	0	600	0	3092	0	1750	3942	5340	1708	4222	350	5862	0	2816	0	1202	500	20680	3728	10530	0	116	0	0	0	14082	0	9860	0	2910	0	0	0	0	0	136	0	0	0	0	0	98	0	8504	0	650	0	0	0	0	0	0	0	0	0	136	0	90	5512	20506	2684	0	1162	2402	0	2376	0	168	82	900	0	160	0	366	0	0	0	1870	0	220	0	0	0	236	0	2012	0	354	0	0	176	0	402	676	142	0	0	0	248	662	612	618	640	0	
83236	Pallidum_L	2330	342	3054	1018	0	0	2612	90	0	0	0	138	0	0	0	0	0	0	1694	498	1528	2338	0	0	0	0	0	122	0	154	332	224	0	0	0	0	684	0	0	0	0	0	0	0	0	0	0	0	0	0	0	0	0	0	0	0	142	0	0	0	0	0	0	0	0	0	0	0	0	0	7618	2506	10834	1162	0	258	1734	206	0	0	0	0	0	0	0	0	0	0	0	0	0	0	0	0	0	0	0	0	0	0	0	0	0	0	0	0	0	0	0	0	0	0	0	0	0	0	
35268	Pallidum_R	0	0	410	884	0	0	222	240	0	0	0	844	0	0	0	0	0	114	244	232	128	1340	0	0	0	0	0	0	128	846	0	118	0	0	0	0	0	1400	0	1350	0	0	0	0	0	0	0	0	0	0	0	0	0	0	0	998	0	0	0	0	0	0	0	0	0	0	0	0	0	0	2128	2896	358	2402	258	0	0	0	0	0	0	0	0	0	0	0	0	0	0	0	0	0	0	0	0	0	0	94	0	0	0	0	0	0	0	0	0	0	0	0	0	0	0	0	0	0	
154020	Thalamus_L	17346	1252	5474	1244	0	0	2014	0	0	0	148	0	0	0	0	0	322	0	1168	2526	0	0	0	0	0	0	0	0	1588	0	0	0	0	976	666	232	5996	1768	2476	1488	0	0	0	0	0	0	292	0	0	0	152	0	0	78	2258	588	0	144	0	0	0	0	0	0	0	0	120	0	2978	1450	8982	1398	1776	0	1734	0	0	5796	824	0	342	0	0	0	268	0	0	0	1014	132	0	0	0	0	0	0	0	0	0	0	0	0	0	0	0	0	0	0	0	0	0	0	0	0	0	0	
254032	Thalamus_R	2128	11068	496	22980	0	0	128	262	0	0	180	702	0	0	0	0	262	116	270	7436	0	0	0	0	0	0	0	0	1168	1924	0	238	0	1386	2018	2238	3918	9176	2232	6156	0	0	0	224	0	0	0	1378	0	0	0	0	0	1576	1410	4766	600	562	0	0	0	0	0	0	0	0	92	814	350	1018	1762	20372	410	2376	206	0	5796	0	420	260	358	724	0	0	0	578	0	0	290	4082	0	0	0	0	0	0	0	110	0	0	0	0	0	0	0	0	0	0	0	0	0	0	0	0	0	0	
91572	Heschl_L	3762	80	840	316	0	0	444	0	0	0	1166	0	0	0	0	0	5842	0	316	0	0	0	0	0	0	0	0	0	6070	0	0	0	0	0	698	94	4204	228	0	136	0	0	586	0	108	0	218	0	0	0	306	0	1402	0	1968	0	956	0	128	0	156	0	226	0	0	0	834	0	186	0	0	0	0	0	0	0	824	420	0	0	4442	0	0	0	2518	0	0	0	6312	0	0	0	0	0	0	0	0	0	0	0	0	0	0	0	0	0	0	0	0	0	0	0	0	0	0	0	
18992	Heschl_R	0	78	0	80	0	0	178	0	0	0	0	0	0	0	0	0	0	1634	0	272	0	0	0	0	0	0	0	0	0	2190	0	0	0	0	0	0	0	810	0	106	0	0	0	0	0	0	0	0	0	0	0	0	0	0	0	148	0	154	0	0	0	0	0	112	0	0	0	0	0	156	0	0	0	168	0	0	0	260	0	0	0	1936	0	0	0	840	0	0	0	374	0	0	0	0	0	0	0	0	0	0	0	0	0	0	0	0	0	0	0	0	0	0	0	0	0	0	
226132	Temporal_Sup_L	3928	1904	4672	516	0	0	2980	484	0	0	5700	278	496	0	0	0	12410	0	2030	186	124	0	0	0	0	0	0	0	15204	158	0	0	0	0	372	0	2466	0	90	0	0	0	480	0	106	0	366	0	0	0	542	0	1182	0	4114	0	3060	124	534	0	908	0	4412	0	708	0	890	0	122	78	1312	498	664	82	0	0	342	358	4442	0	0	0	1964	0	17002	0	0	0	14778	0	0	0	0	0	0	0	0	0	0	0	0	0	0	0	0	0	0	0	0	0	0	0	0	0	0	0	
85064	Temporal_Sup_R	0	188	0	242	0	0	0	84	0	0	0	322	0	0	0	0	0	1804	0	660	0	0	0	0	0	0	0	0	0	4380	0	0	0	188	0	0	0	1322	0	594	0	0	0	0	0	0	0	0	0	80	0	124	0	0	0	1288	0	448	0	0	0	170	0	7228	0	2892	0	556	0	788	0	146	0	900	0	0	0	724	0	1936	0	0	0	1986	0	10802	0	0	0	2680	0	0	0	0	0	0	0	0	0	0	0	0	0	0	0	0	0	0	0	0	0	0	0	0	0	0	
58136	Temporal_Pole_Sup_L	0	0	540	0	362	0	0	0	444	0	726	0	160	0	2042	0	640	0	168	0	676	0	0	0	0	0	0	0	2668	0	0	0	0	0	0	0	886	0	400	0	448	0	0	0	0	0	0	0	0	0	0	0	0	0	2962	0	0	0	0	0	0	0	0	0	0	0	0	0	0	0	0	0	1180	0	0	0	0	0	0	0	1964	0	0	0	4904	0	3140	0	4758	0	0	0	0	0	0	0	0	0	0	0	0	0	0	0	0	0	0	0	0	0	0	0	0	0	0	0	
42832	Temporal_Pole_Sup_R	0	0	0	118	0	0	0	0	0	0	0	816	0	0	0	100	0	800	0	96	0	226	0	0	0	0	0	0	0	1432	0	0	0	0	0	0	0	550	0	2544	0	1896	0	0	0	0	0	0	0	0	0	0	0	0	0	4724	0	0	0	0	0	0	0	0	0	0	0	0	0	0	0	150	0	160	0	0	0	0	0	0	0	1986	0	0	0	1252	0	3560	0	1006	0	0	0	0	0	0	0	0	0	0	0	0	0	0	0	0	0	0	0	0	0	0	0	0	0	0	
271304	Temporal_Mid_L	2900	0	596	0	0	0	0	0	0	0	572	0	0	0	0	0	3346	0	576	0	0	0	0	0	0	0	0	0	1676	0	0	0	134	0	538	0	588	0	0	0	0	0	2482	0	1026	0	192	0	462	0	17266	0	8214	0	2870	0	180	0	258	0	6438	0	8638	0	9356	0	2800	0	1130	0	0	0	0	0	0	0	268	0	2518	0	17002	0	4904	0	0	0	3300	0	34966	0	456	0	0	0	0	0	0	0	0	0	0	0	0	0	0	0	0	0	0	0	0	0	0	0	0	0	
225360	Temporal_Mid_R	0	614	0	0	0	0	0	0	0	0	0	0	0	0	0	0	0	0	0	1452	0	0	0	0	0	0	0	0	0	1524	0	0	0	1696	0	194	0	1210	0	468	0	0	0	5132	0	3002	0	428	0	3822	0	11542	0	5512	0	3412	0	2154	0	266	0	3254	0	8504	0	7170	1194	6378	0	3290	0	172	0	366	0	0	0	578	0	840	0	10802	0	1252	0	0	0	464	0	25988	0	0	0	0	0	0	0	0	0	0	0	0	0	0	0	0	0	0	0	0	0	0	0	0	0	0	
24376	Temporal_Pole_Mid_L	0	0	0	0	0	0	0	0	0	0	0	0	0	0	0	0	0	0	0	0	0	0	0	0	0	0	0	0	82	0	0	0	0	0	0	0	144	0	448	0	0	0	0	0	0	0	0	0	0	0	0	0	0	0	1486	0	0	0	0	0	0	0	0	0	0	0	0	0	0	0	0	0	0	0	0	0	0	0	0	0	0	0	3140	0	3300	0	0	0	3588	0	0	0	0	0	0	0	0	0	0	0	0	0	0	0	0	0	0	0	0	0	0	0	0	0	0	0	
19284	Temporal_Pole_Mid_R	0	0	0	0	0	0	0	0	0	0	0	0	0	0	0	0	0	0	0	0	0	0	0	0	0	0	0	0	0	0	0	0	0	0	0	0	0	86	0	1494	0	252	0	0	0	0	0	0	0	0	0	0	0	0	0	2252	0	0	0	0	0	0	0	0	0	0	0	0	0	0	0	0	0	0	0	0	0	0	0	0	0	0	0	3560	0	464	0	0	0	1534	0	0	0	0	0	0	0	0	0	0	0	0	0	0	0	0	0	0	0	0	0	0	0	0	0	0	
393068	Temporal_Inf_L	7134	164	1746	356	0	0	384	0	0	0	872	0	0	0	0	0	6782	0	1362	0	304	0	0	0	0	0	0	0	11798	0	0	0	354	0	2806	0	11304	78	650	0	1002	0	5178	0	1534	0	1022	0	80	0	10032	0	13552	0	26236	0	464	0	432	0	4398	0	5122	0	1822	0	4512	0	2210	0	830	196	2110	0	0	0	1014	290	6312	0	14778	0	4758	0	34966	0	3588	0	0	0	2980	0	236	0	0	0	80	0	464	0	128	0	114	0	0	0	0	0	0	0	0	0	0	0	0	0	
309952	Temporal_Inf_R	0	1364	90	102	0	0	0	94	0	0	0	118	0	0	0	0	0	126	0	8822	0	0	0	0	0	0	0	0	0	3254	0	0	166	3270	708	5106	0	9714	0	3650	0	1288	0	2744	0	1218	0	1076	0	2806	0	2042	0	13180	0	24926	0	2358	0	282	0	2118	0	3672	0	2584	1666	8566	78	5040	96	1910	0	1870	0	0	132	4082	0	374	0	2680	0	1006	0	25988	0	1534	0	0	0	1030	0	0	0	112	0	592	0	188	0	0	0	116	98	186	0	0	0	0	106	170	152	158	168	0	
578796	Cerebelum_Crus1_L	216	0	0	0	0	0	0	0	0	0	0	0	0	0	0	0	0	0	0	0	0	0	0	0	0	0	0	0	0	0	0	0	0	0	0	0	160	0	122	0	0	0	292	0	0	0	15386	3176	0	0	1170	0	2140	228	22746	2056	0	0	0	0	0	0	0	0	260	0	114	0	206	0	0	0	0	0	0	0	0	0	0	0	0	0	0	0	456	0	0	0	2980	0	0	8630	36738	5256	1366	720	26272	6068	63918	9504	17014	142	19160	2100	1622	1390	286	0	78	392	14522	11716	7134	2034	1518	110	
492108	Cerebelum_Crus1_R	0	0	0	0	0	0	0	0	0	0	0	0	0	0	0	0	0	0	0	0	0	0	0	0	0	0	0	0	0	0	0	0	0	0	0	0	0	510	0	454	0	84	0	0	0	0	2688	8270	0	0	0	0	0	220	1282	20108	0	0	0	0	0	0	0	0	0	0	0	82	0	0	0	0	0	220	0	0	0	0	0	0	0	0	0	0	0	0	0	0	0	1030	8630	0	4008	35886	0	1568	5136	20320	9864	52580	2050	5764	1998	18126	698	2260	134	0	0	404	10370	12372	14722	3006	1210	0	
364204	Cerebelum_Crus2_L	0	0	0	0	0	0	0	0	0	0	0	0	0	0	0	0	0	0	0	0	0	0	0	0	0	0	0	0	0	0	0	0	0	0	0	0	0	0	0	0	0	0	0	0	0	0	1260	574	0	0	0	0	0	0	1476	564	0	0	0	0	0	0	0	0	0	0	0	0	0	0	0	0	0	0	0	0	0	0	0	0	0	0	0	0	0	0	0	0	236	0	36738	4008	0	9586	164	218	3678	1340	10542	2598	39156	1552	35676	4048	3672	754	492	0	0	130	2428	3740	10746	5688	932	106	
372088	Cerebelum_Crus2_R	0	0	0	0	0	0	0	0	0	0	0	0	0	0	0	0	0	0	0	0	0	0	0	0	0	0	0	0	0	0	0	0	0	0	0	0	0	154	0	152	0	0	0	0	0	0	860	928	0	0	0	0	0	0	400	1702	0	0	0	0	0	0	0	0	0	0	0	0	0	0	0	0	0	0	0	0	0	0	0	0	0	0	0	0	0	0	0	0	0	0	5256	35886	9586	0	0	226	1828	3744	3576	10664	8828	24010	7914	34182	388	3470	0	0	0	78	2760	4222	15462	8864	904	0	
46836	Cerebelum_3_L	0	0	0	0	0	0	0	0	0	0	0	0	0	0	0	0	0	0	0	0	0	0	0	0	0	0	0	0	0	0	0	0	0	0	0	0	0	0	356	0	0	0	0	0	0	0	270	116	0	0	0	0	0	0	364	0	0	0	0	0	0	0	0	0	0	0	0	0	0	0	0	0	0	0	0	0	0	0	0	0	0	0	0	0	0	0	0	0	0	0	1366	0	164	0	0	554	7390	444	2572	146	128	0	294	0	1096	680	102	0	880	1976	1942	992	282	622	682	0	
96640	Cerebelum_3_R	0	0	0	0	0	0	0	0	0	0	0	0	0	0	0	0	0	0	0	0	0	0	0	0	0	0	0	0	0	0	0	0	0	0	0	0	0	250	0	298	0	224	0	0	0	0	158	442	0	0	0	0	0	0	0	1210	0	0	0	0	0	0	0	0	0	0	0	0	0	0	0	0	0	236	0	0	0	0	0	0	0	0	0	0	0	0	0	0	0	112	720	1568	218	226	554	0	1996	5428	1574	2994	198	0	892	310	2208	4214	548	0	1512	3800	3376	4066	1494	3600	3894	0	
403716	Cerebelum_4_5_L	0	0	0	0	0	0	0	0	0	0	0	0	0	0	0	0	0	0	0	0	0	0	0	0	0	0	0	0	0	0	0	0	0	0	0	0	0	0	936	0	0	0	0	0	0	0	16630	3306	0	0	0	0	0	0	11294	2284	0	0	0	0	0	0	0	0	0	0	0	0	0	0	0	0	0	0	0	0	0	0	0	0	0	0	0	0	0	0	0	0	80	0	26272	5136	3678	1828	7390	1996	0	11276	40312	6596	3148	0	4282	432	5778	3482	682	0	1942	3568	25628	6494	808	2480	3616	504	
382020	Cerebelum_4_5_R	0	0	0	0	0	0	0	0	0	0	0	0	0	0	0	0	0	0	0	0	0	84	0	0	0	0	0	0	0	314	0	0	0	0	0	80	0	3634	0	4400	0	998	0	0	0	0	3316	9638	0	0	0	0	0	0	1098	17202	0	0	0	0	0	0	0	0	0	0	0	362	0	0	0	0	0	2012	0	94	0	110	0	0	0	0	0	0	0	0	0	0	0	592	6068	20320	1340	3744	444	5428	11276	0	8854	33282	1174	166	2052	2138	2792	4846	604	164	340	1316	20700	7474	3150	4178	5096	130	
577176	Cerebelum_6_L	0	0	0	0	0	0	0	0	0	0	0	0	0	0	0	0	0	0	0	0	0	0	0	0	0	0	0	0	96	0	0	0	0	0	0	0	0	0	146	80	0	0	0	0	0	0	22096	4446	0	0	0	0	252	364	26062	2902	0	0	0	0	0	0	0	0	0	0	0	0	0	0	0	0	0	0	0	0	0	0	0	0	0	0	0	0	0	0	0	0	464	0	63918	9864	10542	3576	2572	1574	40312	8854	0	13052	6166	0	7444	1136	6070	3048	916	0	1236	1834	21300	17864	4870	2372	2960	200	
481316	Cerebelum_6_R	0	0	0	0	0	0	0	0	0	0	0	0	0	0	0	0	0	0	0	0	0	0	0	0	0	0	0	0	0	0	0	0	0	0	0	0	0	936	0	692	0	110	0	0	0	0	3428	11872	0	0	0	0	0	438	1538	26036	0	0	0	0	0	0	0	0	0	0	0	162	0	0	0	0	0	354	0	0	0	0	0	0	0	0	0	0	0	0	0	0	0	188	9504	52580	2598	10664	146	2994	6596	33282	13052	0	1252	292	1646	6704	1920	2956	424	160	0	608	13920	16924	11426	3004	2252	0	
320420	Cerebelum_7b_L	0	0	0	0	0	0	0	0	0	0	0	0	0	0	0	0	0	0	0	0	0	0	0	0	0	0	0	0	0	0	0	0	0	0	0	0	0	0	0	0	0	0	0	0	0	0	308	234	0	0	0	0	0	0	496	284	0	0	0	0	0	0	0	0	0	0	0	0	0	0	0	0	0	0	0	0	0	0	0	0	0	0	0	0	0	0	0	0	128	0	17014	2050	39156	8828	128	198	3148	1174	6166	1252	0	4812	40830	6650	4686	682	640	0	0	126	2196	1056	7250	9764	850	104	
171804	Cerebelum_7b_R	0	0	0	0	0	0	0	0	0	0	0	0	0	0	0	0	0	0	0	0	0	0	0	0	0	0	0	0	0	0	0	0	0	0	0	0	0	0	0	0	0	0	0	0	0	0	0	0	0	0	0	0	0	0	0	0	0	0	0	0	0	0	0	0	0	0	0	0	0	0	0	0	0	0	0	0	0	0	0	0	0	0	0	0	0	0	0	0	0	0	142	5764	1552	24010	0	0	0	166	0	292	4812	0	5350	30012	280	5812	0	0	0	0	0	78	1610	5812	210	0	
392632	Cerebelum_8_L	0	0	0	0	0	0	0	0	0	0	0	0	0	0	0	0	0	0	0	0	0	0	0	0	0	0	0	0	0	0	0	0	0	0	0	0	0	272	0	396	0	138	0	0	0	0	506	338	0	0	0	0	0	0	418	642	0	0	0	0	0	0	0	0	0	0	0	0	0	0	0	0	0	176	0	0	0	0	0	0	0	0	0	0	0	0	0	0	114	0	19160	1998	35676	7914	294	892	4282	2052	7444	1646	40830	5350	0	9138	17676	3598	2906	0	154	660	3076	3222	7604	13482	4134	128	
312916	Cerebelum_8_R	0	0	0	0	0	0	0	0	0	0	0	0	0	0	0	0	0	0	0	0	0	0	0	0	0	0	0	0	0	0	0	0	0	0	0	0	0	150	0	146	0	0	0	0	0	0	184	182	0	0	0	0	0	0	0	1432	0	0	0	0	0	0	0	0	0	0	0	0	0	0	0	0	0	0	0	0	0	0	0	0	0	0	0	0	0	0	0	0	0	116	2100	18126	4048	34182	0	310	432	2138	1136	6704	6650	30012	9138	0	1324	14722	0	192	80	152	988	1878	8236	9730	1970	0	
198808	Cerebelum_9_L	0	0	0	0	0	0	0	0	0	0	0	0	0	0	0	0	0	0	0	0	0	0	0	0	0	0	0	0	0	0	0	0	0	0	0	0	0	544	0	698	0	264	0	0	0	0	1590	460	0	0	0	0	0	0	0	1100	0	0	0	0	0	0	0	0	0	0	0	0	0	0	0	0	0	402	0	0	0	0	0	0	0	0	0	0	0	0	0	0	0	98	1622	698	3672	388	1096	2208	5778	2792	6070	1920	4686	280	17676	1324	0	6420	4546	176	1606	2170	4608	7878	3778	5996	6604	256	
233144	Cerebelum_9_R	0	0	0	0	0	0	0	0	0	0	0	0	0	0	0	0	0	0	0	0	0	0	0	0	0	0	0	0	0	0	0	0	0	0	0	0	0	874	0	1194	0	418	0	0	0	0	476	788	0	0	0	0	0	0	0	1848	0	0	0	0	0	0	0	0	0	0	0	0	0	0	0	0	0	676	0	0	0	0	0	0	0	0	0	0	0	0	0	0	0	186	1390	2260	754	3470	680	4214	3482	4846	3048	2956	682	5812	3598	14722	6420	0	1240	1490	1728	2900	5764	10080	6274	9558	11550	1194	
41540	Cerebelum_10_L	0	0	0	0	0	0	0	0	0	0	0	0	0	0	0	0	0	0	0	0	0	0	0	0	0	0	0	0	0	0	0	0	0	0	0	0	0	220	0	300	0	120	0	0	0	0	0	0	0	0	0	0	0	0	0	292	0	0	0	0	0	0	0	0	0	0	0	0	0	0	0	0	0	142	0	0	0	0	0	0	0	0	0	0	0	0	0	0	0	0	286	134	492	0	102	548	682	604	916	424	640	0	2906	0	4546	1240	0	0	0	438	478	1608	1082	1304	1266	0	
6568	Cerebelum_10_R	0	0	0	0	0	0	0	0	0	0	0	0	0	0	0	0	0	0	0	0	0	0	0	0	0	0	0	0	0	0	0	0	0	0	0	0	0	0	0	86	0	0	0	0	0	0	0	0	0	0	0	0	0	0	0	0	0	0	0	0	0	0	0	0	0	0	0	0	0	0	0	0	0	0	0	0	0	0	0	0	0	0	0	0	0	0	0	0	0	0	0	0	0	0	0	0	0	164	0	160	0	0	0	192	176	1490	0	0	0	0	0	204	214	216	382	0	
45044	Vermis_1_2	0	0	0	0	0	0	0	0	0	0	0	0	0	0	0	0	0	0	0	0	0	0	0	0	0	0	0	0	0	0	0	0	0	0	0	0	0	0	78	0	0	0	0	0	0	0	576	138	0	0	0	0	0	0	0	146	0	0	0	0	0	0	0	0	0	0	0	0	0	0	0	0	0	0	0	0	0	0	0	0	0	0	0	0	0	0	0	0	0	0	78	0	0	0	880	1512	1942	340	1236	0	0	0	154	80	1606	1728	0	0	0	4998	2586	1678	300	966	1352	148	
