data	data	467300	222696	1.33991e+06	1.00622e+06	254392	260460	617080	370872	122772	53192	265216	344788	309212	160752	184648	122268	284584	123776	656992	602628	84668	102012	668784	574760	71300	201252	51304	81668	752240	406404	644412	831848	212096	597252	157592	166920	323588	385748	142160	239192	46684	63644	149376	121020	85292	232616	236868	160240	135168	275212	340248	163260	126692	26260	394432	307868	213560	177648	61272	56724	114752	117364	125772	131040	113900	108124	191596	343952	224180	122788	498856	547508	438756	420756	74636	33684	208476	187084	92088	31624	257692	121788	142288	66052	256220	136232	34880	26616	237224	131040	413416	437584	327848	289320	37024	65572	229036	195532	404768	384532	200424	96348	207776	188328	87256	88276	11548	7840	11404	46464	121380	145496	184564	86036	53900	18300	
data	data	Precentral_L	Precentral_R	Frontal_Sup_L	Frontal_Sup_R	Frontal_Sup_Orb_L	Frontal_Sup_Orb_R	Frontal_Mid_L	Frontal_Mid_R	Frontal_Mid_Orb_L	Frontal_Mid_Orb_R	Frontal_Inf_Oper_L	Frontal_Inf_Oper_R	Frontal_Inf_Tri_L	Frontal_Inf_Tri_R	Frontal_Inf_Orb_L	Frontal_Inf_Orb_R	Rolandic_Oper_L	Rolandic_Oper_R	Supp_Motor_Area_L	Supp_Motor_Area_R	Olfactory_L	Olfactory_R	Frontal_Sup_Medial_L	Frontal_Sup_Medial_R	Frontal_Med_Orb_L	Frontal_Med_Orb_R	Rectus_L	Rectus_R	Insula_L	Insula_R	Cingulum_Ant_L	Cingulum_Ant_R	Cingulum_Mid_L	Cingulum_Mid_R	Cingulum_Post_L	Cingulum_Post_R	Hippocampus_L	Hippocampus_R	ParaHippocampal_L	ParaHippocampal_R	Amygdala_L	Amygdala_R	Calcarine_L	Calcarine_R	Cuneus_L	Cuneus_R	Lingual_L	Lingual_R	Occipital_Sup_L	Occipital_Sup_R	Occipital_Mid_L	Occipital_Mid_R	Occipital_Inf_L	Occipital_Inf_R	Fusiform_L	Fusiform_R	Postcentral_L	Postcentral_R	Parietal_Sup_L	Parietal_Sup_R	Parietal_Inf_L	Parietal_Inf_R	SupraMarginal_L	SupraMarginal_R	Angular_L	Angular_R	Precuneus_L	Precuneus_R	Paracentral_Lobule_L	Paracentral_Lobule_R	Caudate_L	Caudate_R	Putamen_L	Putamen_R	Pallidum_L	Pallidum_R	Thalamus_L	Thalamus_R	Heschl_L	Heschl_R	Temporal_Sup_L	Temporal_Sup_R	Temporal_Pole_Sup_L	Temporal_Pole_Sup_R	Temporal_Mid_L	Temporal_Mid_R	Temporal_Pole_Mid_L	Temporal_Pole_Mid_R	Temporal_Inf_L	Temporal_Inf_R	Cerebelum_Crus1_L	Cerebelum_Crus1_R	Cerebelum_Crus2_L	Cerebelum_Crus2_R	Cerebelum_3_L	Cerebelum_3_R	Cerebelum_4_5_L	Cerebelum_4_5_R	Cerebelum_6_L	Cerebelum_6_R	Cerebelum_7b_L	Cerebelum_7b_R	Cerebelum_8_L	Cerebelum_8_R	Cerebelum_9_L	Cerebelum_9_R	Cerebelum_10_L	Cerebelum_10_R	Vermis_1_2	Vermis_3	Vermis_4_5	Vermis_6	Vermis_7	Vermis_8	Vermis_9	Vermis_10	
467300	Precentral_L	0	2706	27262	1740	0	0	21258	400	0	0	13518	1988	4026	238	0	0	6518	282	20852	3504	0	0	312	108	0	0	0	0	10858	1566	526	252	502	1400	8302	2244	5980	1486	628	382	0	0	1060	0	468	0	350	0	212	0	3276	0	692	0	2544	0	21986	152	0	0	1988	0	1316	0	450	0	1956	0	21518	0	7406	1034	2516	784	1690	164	12798	2622	3844	0	1532	112	0	0	1918	0	0	0	424	0	0	0	0	0	0	0	0	0	0	0	0	0	0	0	0	0	0	0	0	0	0	0	0	0	0	0	
222696	Precentral_R	2706	0	4566	13758	0	0	1004	8782	0	0	0	8802	0	398	0	0	0	1516	4224	4110	0	0	0	0	0	0	0	0	112	1976	0	0	0	382	478	1256	240	5792	0	2760	0	0	0	468	0	2038	0	242	0	2674	0	688	0	0	0	1844	0	13384	0	0	0	2342	0	2864	0	162	0	3876	2744	2960	998	3046	280	682	0	114	1478	3042	0	0	0	264	0	0	0	1626	0	0	0	670	0	0	0	0	0	0	0	0	0	0	0	0	0	0	0	0	0	0	0	0	0	0	0	0	0	0	
1.33991e+06	Frontal_Sup_L	27262	4566	0	24534	16998	218	95780	3862	5422	0	8278	2024	27194	716	7968	192	13404	292	68892	17758	212	0	73376	20778	3420	654	0	0	42746	1148	34384	15724	8170	15848	4342	3844	9922	2102	1602	428	140	0	114	0	0	0	0	0	0	102	274	0	0	0	424	158	2798	396	0	0	0	156	0	154	0	0	400	170	8336	0	20464	4266	30154	2360	6340	500	15294	4798	1478	0	4444	116	1454	0	148	0	0	0	456	0	0	0	0	0	0	0	0	0	0	0	0	0	0	0	0	0	0	0	0	0	0	0	0	0	0	0	
1.00622e+06	Frontal_Sup_R	1740	13758	24534	0	280	19482	3832	40980	0	1896	1552	8484	1022	4860	142	4564	648	1412	19958	52726	224	346	22924	55616	98	7764	0	520	1258	10584	19026	56858	3044	31572	392	674	326	4760	0	2532	0	98	0	236	0	1272	0	0	0	2260	0	796	0	106	0	1782	114	1166	0	644	0	1140	0	1548	0	376	0	2532	1444	278	3716	30686	1760	19012	0	1542	822	2674	0	0	154	1958	0	292	0	2156	0	0	0	2160	0	0	0	0	0	0	0	0	0	0	0	0	0	0	0	0	0	0	0	0	0	0	0	0	0	0	
254392	Frontal_Sup_Orb_L	0	0	16998	280	0	114	5856	0	15996	0	622	204	3486	0	15952	0	258	0	308	0	818	0	15676	544	7390	904	5876	0	10526	0	10186	752	372	462	0	0	398	0	0	0	306	0	0	0	0	0	0	0	0	0	0	0	0	0	138	0	0	0	0	0	0	0	0	0	0	0	0	0	0	0	1202	0	10098	0	0	0	0	0	0	0	166	0	1308	0	0	0	0	0	0	0	0	0	0	0	0	0	0	0	0	0	0	0	0	0	0	0	0	0	0	0	0	0	0	0	0	0	
260460	Frontal_Sup_Orb_R	0	0	218	19482	114	0	0	3504	0	8828	0	1254	0	1414	0	9388	0	0	350	2888	1242	3036	454	7090	870	18046	388	6796	0	4444	2706	10872	0	422	0	0	0	122	0	0	0	756	0	0	0	0	0	0	0	0	0	0	0	0	0	0	0	0	0	0	0	0	0	0	0	0	0	0	0	0	1846	11038	976	11686	0	0	0	0	0	0	0	0	0	0	0	0	0	0	0	0	0	0	0	0	0	0	0	0	0	0	0	0	0	0	0	0	0	0	0	0	0	0	0	0	0	0	
617080	Frontal_Mid_L	21258	1004	95780	3832	5856	0	0	1144	4058	0	6922	1590	37060	698	6422	0	4526	270	5746	2286	0	0	20816	4510	1888	238	0	0	20830	676	11086	3222	2930	3806	296	0	3740	1552	426	1202	0	0	300	0	0	0	118	0	0	0	932	0	126	0	636	144	1744	182	0	0	252	0	374	0	116	0	352	0	0	0	8346	1272	5774	2586	2558	368	1502	200	1038	0	2644	142	344	98	496	0	0	0	226	0	0	0	0	0	0	0	0	0	0	0	0	0	0	0	0	0	0	0	0	0	0	0	0	0	0	0	
370872	Frontal_Mid_R	400	8782	3862	40980	0	3504	1144	0	0	3678	148	14768	104	14634	0	6162	394	330	1656	2932	0	0	4518	8638	0	100	0	0	938	4104	3278	7814	522	6650	0	136	312	2352	0	1124	0	0	0	330	0	3314	0	0	0	6734	0	2594	0	102	0	1410	0	1724	0	1238	0	1512	0	1970	0	868	208	5686	0	644	1656	910	532	2280	0	138	116	1078	0	0	224	1350	0	0	0	2608	0	0	0	2246	0	0	0	0	0	0	0	0	0	0	0	0	0	0	0	0	0	0	0	0	0	0	0	0	0	0	
122772	Frontal_Mid_Orb_L	0	0	5422	0	15996	0	4058	0	0	0	230	98	2104	0	21920	0	0	0	128	0	0	0	884	0	0	0	1994	0	3784	0	830	158	0	0	0	0	0	0	0	0	0	0	0	0	0	0	0	0	0	0	0	0	0	0	0	0	0	0	0	0	0	0	0	0	0	0	0	0	0	0	554	0	2470	0	0	0	0	0	0	0	0	0	756	0	0	0	0	0	0	0	0	0	0	0	0	0	0	0	0	0	0	0	0	0	0	0	0	0	0	0	0	0	0	0	0	0	
53192	Frontal_Mid_Orb_R	0	0	0	1896	0	8828	0	3678	0	0	0	0	0	1524	0	9048	0	0	0	0	0	0	0	0	0	924	0	288	0	302	0	0	0	0	0	0	0	0	0	0	0	0	0	0	0	0	0	0	0	0	0	0	0	0	0	0	0	0	0	0	0	0	0	0	0	0	0	0	0	0	0	108	0	0	0	0	0	0	0	0	0	0	0	0	0	0	0	0	0	0	0	0	0	0	0	0	0	0	0	0	0	0	0	0	0	0	0	0	0	0	0	0	0	0	0	0	
265216	Frontal_Inf_Oper_L	13518	0	8278	1552	622	0	6922	148	230	0	0	4044	14396	114	324	0	11988	718	1992	1514	0	0	1862	186	0	0	0	0	20298	4018	8600	734	342	268	0	0	768	550	0	322	0	0	0	0	0	0	0	0	0	0	0	0	0	0	0	0	4642	0	0	0	0	0	0	0	0	0	0	0	0	0	9362	3910	2174	962	178	0	0	0	1238	0	2916	332	2208	100	120	0	0	0	158	0	0	0	0	0	0	0	0	0	0	0	0	0	0	0	0	0	0	0	0	0	0	0	0	0	0	0	
344788	Frontal_Inf_Oper_R	1988	8802	2024	8484	204	1254	1590	14768	98	0	4044	0	2252	9870	96	164	2230	6594	1294	2588	0	0	560	2044	0	390	0	0	3046	24496	1944	9026	0	1514	0	0	144	1786	0	894	0	0	0	188	0	4118	0	0	0	7182	0	1832	0	0	0	1246	256	1770	0	968	0	592	0	688	0	514	152	5704	0	744	6574	9530	834	4848	142	472	532	3400	0	178	602	2650	318	1156	0	696	0	0	0	320	0	0	0	0	0	0	0	0	0	0	0	0	0	0	0	0	0	0	0	0	0	0	0	0	0	0	
309212	Frontal_Inf_Tri_L	4026	0	27194	1022	3486	0	37060	104	2104	0	14396	2252	0	206	11262	0	812	200	1786	722	0	0	7044	630	1354	252	102	0	22364	2266	5892	780	1770	1334	0	0	106	0	0	0	0	0	0	0	0	0	0	0	0	0	0	0	0	0	0	0	348	0	0	0	0	0	0	0	0	0	0	0	0	0	1238	948	370	184	0	0	0	0	110	0	140	0	742	0	0	0	0	0	0	0	0	0	0	0	0	0	0	0	0	0	0	0	0	0	0	0	0	0	0	0	0	0	0	0	0	0	
160752	Frontal_Inf_Tri_R	238	398	716	4860	0	1414	698	14634	0	1524	114	9870	206	0	0	5986	0	0	314	238	0	0	578	2224	0	154	0	0	232	13370	2722	9796	122	1120	0	0	0	784	0	500	0	0	0	0	0	0	0	0	0	0	0	0	0	0	0	270	0	0	0	0	0	0	0	0	0	0	0	0	0	0	804	3596	192	2256	0	0	158	288	0	0	0	0	0	0	0	0	0	0	0	0	0	0	0	0	0	0	0	0	0	0	0	0	0	0	0	0	0	0	0	0	0	0	0	0	0	0	
184648	Frontal_Inf_Orb_L	0	0	7968	142	15952	0	6422	0	21920	0	324	96	11262	0	0	0	138	0	308	0	1590	0	2318	148	132	0	1776	0	9874	0	2350	374	470	370	0	0	654	0	556	0	318	0	0	0	0	0	0	0	0	0	0	0	0	0	222	0	0	0	0	0	0	0	0	0	0	0	0	0	0	0	806	0	3186	0	0	0	0	0	0	0	0	0	2512	0	0	0	0	0	136	0	0	0	0	0	0	0	0	0	0	0	0	0	0	0	0	0	0	0	0	0	0	0	0	0	0	0	
122268	Frontal_Inf_Orb_R	0	0	192	4564	0	9388	0	6162	0	9048	0	164	0	5986	0	0	0	0	0	0	180	1748	488	610	0	1512	0	1382	0	11740	584	1350	264	904	0	0	0	388	0	314	0	288	0	0	0	0	0	0	0	0	0	0	0	0	0	0	0	0	0	0	0	0	0	0	0	0	0	0	0	0	144	912	0	2386	0	0	0	0	0	0	0	0	0	436	0	0	0	0	0	0	0	0	0	0	0	0	0	0	0	0	0	0	0	0	0	0	0	0	0	0	0	0	0	0	0	0	
284584	Rolandic_Oper_L	6518	0	13404	648	258	0	4526	394	0	0	11988	2230	812	0	138	0	0	872	4590	548	0	0	714	146	0	0	0	0	30810	1956	3040	652	450	180	186	0	1194	920	0	558	0	0	148	0	100	0	0	0	1088	146	2820	0	402	0	796	0	8588	0	0	0	866	0	3498	0	202	0	502	118	122	0	7110	1594	2662	1158	116	0	0	0	4026	0	11386	310	2802	0	3000	0	0	0	1000	0	0	0	0	0	0	0	0	0	0	0	0	0	0	0	0	0	0	0	0	0	0	0	0	0	0	0	
123776	Rolandic_Oper_R	282	1516	292	1412	0	0	270	330	0	0	718	6594	200	0	0	0	872	0	296	1224	0	0	0	122	0	0	0	0	1140	14160	170	898	0	432	0	0	0	2864	0	836	0	0	0	174	0	0	0	0	0	0	0	0	0	108	0	2228	0	2334	0	0	0	0	0	1988	0	0	0	380	0	172	1762	2048	114	3438	0	664	0	0	0	3158	294	6334	174	1154	0	206	0	0	0	530	0	0	0	0	0	0	0	0	0	0	0	0	0	0	0	0	0	0	0	0	0	0	0	0	0	0	
656992	Supp_Motor_Area_L	20852	4224	68892	19958	308	350	5746	1656	128	0	1992	1294	1786	314	308	0	4590	296	0	36658	0	0	9452	7042	0	318	0	0	8034	758	9708	9622	13516	22220	2422	266	3172	662	386	232	0	0	0	0	108	0	0	0	0	0	0	0	0	0	0	104	976	114	0	0	0	0	0	0	0	0	196	0	22928	0	12126	5066	10370	1900	3716	428	10570	436	772	0	1202	116	206	0	0	0	0	0	0	0	0	0	0	0	0	0	0	0	0	0	0	0	0	0	0	0	0	0	0	0	0	0	0	0	0	0	
602628	Supp_Motor_Area_R	3504	4110	17758	52726	0	2888	2286	2932	0	0	1514	2588	722	238	0	0	548	1224	36658	0	0	0	4364	11588	0	1336	0	0	644	2442	6274	21290	7100	34786	1008	7344	0	1870	0	612	0	0	0	404	0	280	0	336	0	308	0	146	0	106	0	998	0	534	0	0	0	98	0	0	0	0	0	2126	5214	10034	1694	26260	572	6292	0	1380	0	11938	0	0	0	818	0	216	0	968	0	0	0	238	0	0	0	0	0	0	0	0	0	0	0	0	0	0	0	0	0	0	0	0	0	0	0	0	0	0	
84668	Olfactory_L	0	0	212	224	818	1242	0	0	0	0	0	0	0	0	1590	180	0	0	0	0	0	4492	168	0	402	1780	1588	2770	3336	128	2496	2450	0	0	0	0	1280	0	1470	0	1606	0	0	0	0	0	0	0	0	0	0	0	0	0	662	0	0	0	0	0	0	0	0	0	0	0	0	0	0	0	6694	1850	2896	156	0	0	0	0	0	0	0	0	1626	0	0	0	0	0	218	0	0	0	0	0	0	0	0	0	0	0	0	0	0	0	0	0	0	0	0	0	0	0	0	0	0	0	
102012	Olfactory_R	0	0	0	346	0	3036	0	0	0	0	0	0	0	0	0	1748	0	0	0	0	4492	0	0	0	236	3840	844	5080	178	2432	1016	2438	0	0	0	0	0	0	108	314	0	1182	0	0	0	0	0	0	0	0	0	0	0	0	0	0	0	0	0	0	0	0	0	0	0	0	0	0	0	0	8706	6776	5592	776	1208	122	0	0	0	0	0	0	0	536	0	0	0	0	0	0	0	0	0	0	0	0	0	0	0	0	0	0	0	0	0	0	0	0	0	0	0	0	0	0	0	0	
668784	Frontal_Sup_Medial_L	312	0	73376	22924	15676	454	20816	4518	884	0	1862	560	7044	578	2318	488	714	0	9452	4364	168	0	0	37622	4748	1504	0	0	13980	752	36280	27598	9256	25280	0	0	496	152	0	0	114	0	0	0	0	0	0	0	0	0	0	0	0	0	150	0	0	0	0	0	0	0	0	0	0	0	0	0	0	0	1920	1298	5028	554	102	0	0	0	0	0	364	0	586	0	0	0	0	0	100	0	0	0	0	0	0	0	0	0	0	0	0	0	0	0	0	0	0	0	0	0	0	0	0	0	0	0	
574760	Frontal_Sup_Medial_R	108	0	20778	55616	544	7090	4510	8638	0	0	186	2044	630	2224	148	610	146	122	7042	11588	0	0	37622	0	420	7454	0	0	618	4372	15372	47090	3696	27868	0	0	0	148	0	0	0	0	0	0	0	0	0	0	0	0	0	0	0	0	0	0	0	0	0	0	0	0	0	0	0	0	0	0	0	0	350	12642	148	7378	0	178	0	0	0	0	0	0	0	0	0	0	0	0	0	0	0	0	0	0	0	0	0	0	0	0	0	0	0	0	0	0	0	0	0	0	0	0	0	0	0	0	
71300	Frontal_Med_Orb_L	0	0	3420	98	7390	870	1888	0	0	0	0	0	1354	0	132	0	0	0	0	0	402	236	4748	420	0	2548	2320	216	1290	0	5822	424	162	126	0	0	0	0	0	0	0	0	0	0	0	0	0	0	0	0	0	0	0	0	0	0	0	0	0	0	0	0	0	0	0	0	0	0	0	0	634	0	1150	0	0	0	0	0	0	0	0	0	0	0	0	0	0	0	0	0	0	0	0	0	0	0	0	0	0	0	0	0	0	0	0	0	0	0	0	0	0	0	0	0	0	0	
201252	Frontal_Med_Orb_R	0	0	654	7764	904	18046	238	100	0	924	0	390	252	154	0	1512	0	0	318	1336	1780	3840	1504	7454	2548	0	998	8172	310	1424	4146	10958	0	362	0	0	0	0	0	0	0	336	0	0	0	0	0	0	0	0	0	0	0	0	0	0	0	0	0	0	0	0	0	0	0	0	0	0	0	0	2548	11128	1454	9072	0	0	0	0	0	0	0	0	0	0	0	0	0	0	0	0	0	0	0	0	0	0	0	0	0	0	0	0	0	0	0	0	0	0	0	0	0	0	0	0	0	0	
51304	Rectus_L	0	0	0	0	5876	388	0	0	1994	0	0	0	102	0	1776	0	0	0	0	0	1588	844	0	0	2320	998	0	1130	114	0	3734	894	0	0	0	0	0	0	0	0	0	0	0	0	0	0	0	0	0	0	0	0	0	0	0	0	0	0	0	0	0	0	0	0	0	0	0	0	0	0	1918	116	1860	0	0	0	0	0	0	0	0	0	0	0	0	0	0	0	0	0	0	0	0	0	0	0	0	0	0	0	0	0	0	0	0	0	0	0	0	0	0	0	0	0	0	0	
81668	Rectus_R	0	0	0	520	0	6796	0	0	0	288	0	0	0	0	0	1382	0	0	0	0	2770	5080	0	0	216	8172	1130	0	134	470	824	2718	0	0	0	0	0	0	0	0	0	238	0	0	0	0	0	0	0	0	0	0	0	0	0	0	0	0	0	0	0	0	0	0	0	0	0	0	0	0	3668	3350	1734	1344	0	0	0	0	0	0	0	0	0	0	0	0	0	0	0	0	0	0	0	0	0	0	0	0	0	0	0	0	0	0	0	0	0	0	0	0	0	0	0	0	0	0	
752240	Insula_L	10858	112	42746	1258	10526	0	20830	938	3784	0	20298	3046	22364	232	9874	0	30810	1140	8034	644	3336	178	13980	618	1290	310	114	134	0	2310	12392	2086	2104	1418	890	124	16410	1514	1900	978	3078	0	548	0	218	154	204	0	494	306	4136	106	778	0	8286	178	7026	0	0	0	1212	0	4398	0	156	0	922	242	260	0	14392	2526	19466	2116	272	174	472	126	10032	0	19506	428	11366	126	5216	0	0	0	7620	0	0	0	0	0	0	0	0	0	0	0	0	0	0	0	0	0	0	0	0	0	0	0	0	0	0	0	
406404	Insula_R	1566	1976	1148	10584	0	4444	676	4104	0	302	4018	24496	2266	13370	0	11740	1956	14160	758	2442	128	2432	752	4372	0	1424	0	470	2310	0	2062	11610	110	1826	0	0	0	10570	0	5162	0	1820	0	144	0	108	0	0	0	0	0	0	0	108	0	7276	234	362	0	0	0	0	0	180	0	0	0	396	0	184	5088	9036	330	19882	0	588	184	710	0	2556	514	5956	304	2216	0	640	0	0	0	1152	0	0	0	0	0	0	0	0	0	0	0	0	0	0	0	0	0	0	0	0	0	0	0	0	0	0	
644412	Cingulum_Ant_L	526	0	34384	19026	10186	2706	11086	3278	830	0	8600	1944	5892	2722	2350	584	3040	170	9708	6274	2496	1016	36280	15372	5822	4146	3734	824	12392	2062	0	42814	10238	14622	184	0	206	1346	0	744	0	0	0	0	0	0	0	0	0	0	0	0	0	0	0	234	108	0	0	0	0	0	0	0	0	0	0	0	0	0	15308	7570	14760	4024	190	0	112	0	0	0	728	102	1368	0	0	0	0	0	98	0	0	0	0	0	0	0	0	0	0	0	0	0	0	0	0	0	0	0	0	0	0	0	0	0	0	0	
831848	Cingulum_Ant_R	252	0	15724	56858	752	10872	3222	7814	158	0	734	9026	780	9796	374	1350	652	898	9622	21290	2450	2438	27598	47090	424	10958	894	2718	2086	11610	42814	0	7438	41336	0	0	0	2670	0	1500	0	0	0	0	0	0	0	0	0	0	0	0	0	0	0	656	0	0	0	0	0	0	0	0	0	0	0	0	0	0	6920	32300	2776	17802	0	616	0	0	0	0	170	310	0	176	0	0	0	0	0	0	0	0	0	0	0	0	0	0	0	0	0	0	0	0	0	0	0	0	0	0	0	0	0	0	0	0	
212096	Cingulum_Mid_L	502	0	8170	3044	372	0	2930	522	0	0	342	0	1770	122	470	264	450	0	13516	7100	0	0	9256	3696	162	0	0	0	2104	110	10238	7438	0	20604	2736	1150	0	0	0	0	0	0	0	0	194	222	0	0	308	130	304	126	0	0	0	0	0	0	0	0	0	0	0	0	0	0	1286	470	4244	406	484	174	352	172	0	0	0	0	0	0	108	0	0	0	0	0	0	0	0	0	0	0	0	0	0	0	0	0	0	0	0	0	0	0	0	0	0	0	0	0	0	0	0	0	0	0	
597252	Cingulum_Mid_R	1400	382	15848	31572	462	422	3806	6650	0	0	268	1514	1334	1120	370	904	180	432	22220	34786	0	0	25280	27868	126	362	0	0	1418	1826	14622	41336	20604	0	1602	7782	0	516	0	212	0	0	0	568	0	1556	0	186	0	1072	0	874	0	0	0	0	0	1026	0	0	0	0	0	0	0	138	198	6462	4158	8608	952	3678	518	1114	0	150	0	0	0	0	0	144	0	0	0	0	0	0	0	0	0	0	0	0	0	0	0	0	0	0	0	0	0	0	0	0	0	0	0	0	0	0	0	0	0	0	
157592	Cingulum_Post_L	8302	478	4342	392	0	0	296	0	0	0	0	0	0	0	0	0	186	0	2422	1008	0	0	0	0	0	0	0	0	890	0	184	0	2736	1602	0	6700	6828	3094	2994	400	0	0	3038	0	1142	0	2180	0	0	0	918	0	168	0	472	0	626	0	0	0	0	0	382	0	96	0	8366	816	7802	190	0	144	126	0	0	0	3320	4696	418	0	546	0	0	0	332	0	0	0	164	0	0	0	0	0	0	0	0	0	0	0	0	0	0	0	0	0	0	0	0	0	0	0	0	0	0	0	
166920	Cingulum_Post_R	2244	1256	3844	674	0	0	0	136	0	0	0	0	0	0	0	0	0	0	266	7344	0	0	0	0	0	0	0	0	124	0	0	0	1150	7782	6700	0	3264	7618	1358	1568	0	0	0	894	0	154	0	4166	0	0	0	0	0	0	0	686	0	724	0	0	0	238	0	242	0	0	590	8654	958	6758	216	476	160	0	0	0	5168	7496	0	0	0	0	0	0	0	0	0	0	0	0	0	0	0	0	0	0	0	0	0	0	0	0	0	0	0	0	0	0	0	0	552	0	0	0	0	0	
323588	Hippocampus_L	5980	240	9922	326	398	0	3740	312	0	0	768	144	106	0	654	0	1194	0	3172	0	1280	0	496	0	0	0	0	0	16410	0	206	0	0	0	6828	3264	0	3200	20522	548	5796	0	3000	0	254	0	5096	808	0	0	914	0	526	0	14678	0	1138	0	0	0	118	0	124	0	0	0	6036	680	816	0	996	108	11688	426	1552	0	4384	3556	4526	0	2004	0	1922	0	264	0	184	0	7974	0	0	0	0	0	308	146	440	0	424	0	0	0	0	0	0	0	0	0	322	876	0	0	0	0	0	0	
385748	Hippocampus_R	1486	5792	2102	4760	0	122	1552	2352	0	0	550	1786	0	784	0	388	920	2864	662	1870	0	0	152	148	0	0	0	0	1514	10570	1346	2670	0	516	3094	7618	3200	0	1388	35204	0	9780	0	668	0	532	206	4954	0	618	0	0	0	108	0	28094	0	1178	0	0	0	218	0	1684	0	0	324	6144	0	196	2280	548	182	23888	0	736	2328	5710	166	1020	256	904	148	274	0	364	0	102	0	2208	0	0	0	0	0	284	0	536	0	282	0	0	0	0	0	0	0	0	0	0	544	0	0	0	0	0	
142160	ParaHippocampal_L	628	0	1602	0	0	0	426	0	0	0	0	0	0	0	556	0	0	0	386	0	1470	108	0	0	0	0	0	0	1900	0	0	0	0	0	2994	1358	20522	1388	0	286	3282	0	1302	0	230	0	2948	504	0	0	306	0	108	0	6750	0	0	0	0	0	0	0	0	0	0	0	2392	428	0	0	284	0	3270	154	326	0	1626	1402	0	0	98	0	2650	0	0	0	2124	0	750	0	482	0	0	0	360	148	2190	0	2208	0	0	0	0	0	0	0	0	0	390	744	0	0	0	0	0	0	
239192	ParaHippocampal_R	382	2760	428	2532	0	0	1202	1124	0	0	322	894	0	500	0	314	558	836	232	612	0	314	0	0	0	0	0	0	978	5162	744	1500	0	212	400	1568	548	35204	286	0	0	7902	0	124	0	0	0	2098	0	98	0	0	0	0	0	19886	0	246	0	0	0	0	0	314	0	0	0	1762	0	0	1630	326	0	11896	0	462	422	1512	118	498	174	292	100	3654	0	170	0	3160	0	502	0	0	0	0	0	282	0	1542	0	530	0	0	0	0	0	176	0	0	0	0	108	0	0	0	0	0	
46684	Amygdala_L	0	0	140	0	306	0	0	0	0	0	0	0	0	0	318	0	0	0	0	0	1606	0	114	0	0	0	0	0	3078	0	0	0	0	0	0	0	5796	0	3282	0	0	0	0	0	0	0	0	0	0	0	0	0	0	0	2936	0	0	0	0	0	0	0	0	0	0	0	0	0	0	0	518	0	376	0	0	0	96	220	0	0	100	0	2904	0	0	0	1124	0	428	0	0	0	0	0	0	0	0	0	0	0	0	0	0	0	0	0	0	0	0	0	0	0	0	0	0	0	
63644	Amygdala_R	0	0	0	98	0	756	0	0	0	0	0	0	0	0	0	288	0	0	0	0	0	1182	0	0	0	336	0	238	0	1820	0	0	0	0	0	0	0	9780	0	7902	0	0	0	0	0	0	0	0	0	0	0	0	0	0	0	4392	0	0	0	0	0	0	0	0	0	0	0	0	0	0	0	0	0	2316	0	0	0	0	0	0	0	0	0	1938	0	0	0	776	0	0	0	0	0	0	0	0	0	0	0	0	0	0	0	0	0	0	0	0	0	0	0	0	0	0	0	0	
149376	Calcarine_L	1060	0	114	0	0	0	300	0	0	0	0	0	0	0	0	0	148	0	0	0	0	0	0	0	0	0	0	0	548	0	0	0	0	0	3038	0	3000	0	1302	0	0	0	0	2610	5526	1152	10580	718	5752	574	14276	184	3104	0	1952	0	3130	0	0	0	146	0	234	0	124	0	10752	144	1138	0	0	0	0	0	0	0	0	0	348	0	370	0	0	0	2000	0	0	0	364	0	0	0	0	0	0	0	0	0	0	0	0	0	0	0	0	0	0	0	0	0	0	0	0	0	0	0	
121020	Calcarine_R	0	468	0	236	0	0	0	330	0	0	0	188	0	0	0	0	0	174	0	404	0	0	0	0	0	0	0	0	0	144	0	0	0	568	0	894	0	668	0	124	0	0	2610	0	568	9940	1346	8118	0	8154	0	5854	0	1976	0	1542	0	1804	0	0	0	0	0	0	0	0	810	9450	0	1274	0	0	0	0	0	0	0	0	0	0	0	192	0	0	0	1236	0	0	0	1438	0	0	0	0	0	0	0	0	0	0	0	0	0	0	0	0	0	0	0	0	0	0	0	0	0	0	
85292	Cuneus_L	468	0	0	0	0	0	0	0	0	0	0	0	0	0	0	0	100	0	108	0	0	0	0	0	0	0	0	0	218	0	0	0	194	0	1142	0	254	0	230	0	0	0	5526	568	0	2102	1308	0	10272	584	5972	0	416	0	114	0	532	0	1070	0	0	0	0	0	0	0	7532	500	2798	0	0	0	0	0	0	0	0	0	138	0	118	0	0	0	382	0	0	0	0	0	0	0	0	0	0	0	0	0	0	0	0	0	0	0	0	0	0	0	0	0	0	0	0	0	0	0	
232616	Cuneus_R	0	2038	0	1272	0	0	0	3314	0	0	0	4118	0	0	0	0	0	0	0	280	0	0	0	0	0	0	0	0	154	108	0	0	222	1556	0	154	0	532	0	0	0	0	1152	9940	2102	0	130	1510	0	31172	0	10332	0	176	0	680	0	4912	0	1764	0	428	0	676	0	1466	3216	26670	0	2708	212	0	0	106	0	0	0	0	0	0	0	658	0	0	0	1768	0	0	0	782	0	0	0	0	0	0	0	0	0	0	0	0	0	0	0	0	0	0	0	0	0	0	0	0	0	0	
236868	Lingual_L	350	0	0	0	0	0	118	0	0	0	0	0	0	0	0	0	0	0	0	0	0	0	0	0	0	0	0	0	204	0	0	0	0	0	2180	0	5096	206	2948	0	0	0	10580	1346	1308	130	0	1776	2906	302	14728	156	8094	0	14140	138	390	0	0	0	0	0	114	0	124	0	5430	0	690	0	0	0	106	110	0	0	204	192	120	0	240	0	0	0	934	0	0	0	252	0	9704	778	2612	0	140	0	8670	192	14810	1044	0	0	0	0	0	0	0	0	0	268	702	2734	1168	0	0	0	
160240	Lingual_R	0	242	0	0	0	0	0	0	0	0	0	0	0	0	0	0	0	0	0	336	0	0	0	0	0	0	0	0	0	0	0	0	0	186	0	4166	808	4954	504	2098	0	0	718	8118	0	1510	1776	0	0	2146	0	2218	0	1970	0	7578	0	338	0	0	0	0	0	0	0	0	162	7450	0	468	0	0	0	0	0	0	110	278	0	0	0	102	0	0	0	146	0	0	0	192	852	6684	684	332	0	156	394	3536	1344	8348	0	0	0	0	0	0	0	0	0	134	2884	4586	1612	0	0	0	
135168	Occipital_Sup_L	212	0	0	0	0	0	0	0	0	0	0	0	0	0	0	0	1088	0	0	0	0	0	0	0	0	0	0	0	494	0	0	0	308	0	0	0	0	0	0	0	0	0	5752	0	10272	0	2906	0	0	0	23314	0	3236	0	484	0	882	0	5550	0	1758	0	0	0	2278	0	7324	0	416	0	0	0	0	0	0	0	0	0	0	0	806	0	0	0	504	0	0	0	0	0	0	0	0	0	0	0	0	0	0	0	0	0	0	0	0	0	0	0	0	0	0	0	0	0	0	0	
275212	Occipital_Sup_R	0	2674	102	2260	0	0	0	6734	0	0	0	7182	0	0	0	0	146	0	0	308	0	0	0	0	0	0	0	0	306	0	0	0	130	1072	0	0	0	618	0	98	0	0	574	8154	584	31172	302	2146	0	0	0	19158	0	566	0	1024	0	5466	0	4550	0	2808	0	918	0	4062	1322	26398	0	3120	400	0	134	114	0	0	0	98	0	0	0	636	0	0	0	1712	0	0	0	558	0	0	0	0	0	0	0	0	0	0	0	0	0	0	0	0	0	0	0	0	0	0	0	0	0	0	
340248	Occipital_Mid_L	3276	0	274	0	0	0	932	0	0	0	0	0	0	0	0	0	2820	0	0	0	0	0	0	0	0	0	0	0	4136	0	0	0	304	0	918	0	914	0	306	0	0	0	14276	0	5972	0	14728	0	23314	0	0	0	23250	0	5496	0	5416	0	5030	0	8172	0	1800	0	14520	0	7464	0	2064	0	540	0	0	130	0	0	0	0	1774	0	3730	0	0	0	14302	0	0	0	2850	0	258	0	184	0	0	0	520	0	454	0	0	0	0	0	0	0	0	0	0	0	0	0	0	0	0	0	
163260	Occipital_Mid_R	0	688	0	796	0	0	0	2594	0	0	0	1832	0	0	0	0	0	0	0	146	0	0	0	0	0	0	0	0	106	0	0	0	126	874	0	0	0	0	0	0	0	0	184	5854	0	10332	156	2218	0	19158	0	0	0	1552	0	982	0	1310	0	914	0	4602	0	538	0	8766	478	9612	0	1054	128	0	0	0	0	0	0	0	0	0	0	0	0	0	0	6336	0	0	0	294	0	0	0	0	0	0	0	0	0	0	0	0	0	0	0	0	0	0	0	0	0	0	0	0	0	0	
126692	Occipital_Inf_L	692	0	0	0	0	0	126	0	0	0	0	0	0	0	0	0	402	0	0	0	0	0	0	0	0	0	0	0	778	0	0	0	0	0	168	0	526	0	108	0	0	0	3104	0	416	0	8094	0	3236	0	23250	0	0	0	8796	0	636	0	0	0	0	0	492	0	418	0	1554	0	288	0	0	0	0	0	0	0	0	0	882	0	1330	0	0	0	4404	0	0	0	3544	0	102	0	0	0	0	0	0	0	0	0	0	0	0	0	0	0	0	0	0	0	0	0	0	0	0	0	
26260	Occipital_Inf_R	0	0	0	106	0	0	0	102	0	0	0	0	0	0	0	0	0	108	0	106	0	0	0	0	0	0	0	0	0	108	0	0	0	0	0	0	0	108	0	0	0	0	0	1976	0	176	0	1970	0	566	0	1552	0	0	0	2730	0	0	0	0	0	0	0	0	0	0	0	580	0	106	0	0	0	0	0	0	0	0	0	0	0	0	0	0	0	164	0	0	0	1720	0	230	0	0	0	0	0	0	0	350	0	0	0	0	0	0	0	0	0	0	0	276	96	0	0	0	
394432	Fusiform_L	2544	0	424	0	138	0	636	0	0	0	0	0	0	0	222	0	796	0	0	0	662	0	150	0	0	0	0	0	8286	0	0	0	0	0	472	0	14678	0	6750	0	2936	0	1952	0	114	0	14140	0	484	0	5496	0	8796	0	0	0	744	0	0	0	122	0	464	0	0	0	1380	0	244	0	434	0	1994	0	0	0	248	172	4648	0	4920	0	3370	0	1832	0	1958	0	18002	0	27618	0	4048	0	426	0	14642	0	36850	0	748	0	930	0	358	0	0	0	0	0	0	860	528	0	0	0	
307868	Fusiform_R	0	1844	158	1782	0	0	144	1410	0	0	0	1246	0	270	0	0	0	2228	104	998	0	0	0	0	0	0	0	0	178	7276	234	656	0	0	0	686	0	28094	0	19886	0	4392	0	1542	0	680	138	7578	0	1024	0	982	0	2730	0	0	0	522	0	0	0	0	0	1614	0	338	0	2230	0	604	276	136	0	7840	0	312	0	312	0	1620	0	3096	0	3750	0	1274	0	1784	0	10578	168	11284	230	644	0	110	0	3882	180	12452	0	0	0	0	0	178	0	0	0	0	406	1412	442	0	0	0	
213560	Postcentral_L	21986	0	2798	114	0	0	1744	0	0	0	4642	256	348	0	0	0	8588	0	976	0	0	0	0	0	0	0	0	0	7026	234	108	0	0	0	626	0	1138	0	0	0	0	0	3130	0	532	0	390	0	882	0	5416	0	636	0	744	0	0	0	4024	0	13858	0	9000	0	1202	0	3278	0	1906	0	1150	142	578	150	100	0	0	142	3372	0	3258	0	0	0	1878	0	0	0	428	0	0	0	0	0	0	0	0	0	0	0	0	0	0	0	0	0	0	0	0	0	0	0	0	0	0	0	
177648	Postcentral_R	152	13384	396	1166	0	0	182	1724	0	0	0	1770	0	0	0	0	0	2334	114	534	0	0	0	0	0	0	0	0	0	362	0	0	0	1026	0	724	0	1178	0	246	0	0	0	1804	0	4912	0	338	0	5466	0	1310	0	0	0	522	0	0	0	3116	0	10148	0	12816	0	2350	0	9978	0	5514	148	668	0	230	0	0	500	1274	0	118	0	452	0	0	0	1424	0	0	0	444	0	0	0	0	0	0	0	0	0	0	0	0	0	0	0	0	0	0	0	0	0	0	0	0	0	0	
61272	Parietal_Sup_L	0	0	0	0	0	0	0	0	0	0	0	0	0	0	0	0	0	0	0	0	0	0	0	0	0	0	0	0	0	0	0	0	0	0	0	0	0	0	0	0	0	0	0	0	1070	0	0	0	5550	0	5030	0	0	0	0	0	4024	0	0	0	5478	0	0	0	2804	0	6680	0	0	0	0	0	0	0	0	0	0	0	0	0	0	0	0	0	0	0	0	0	0	0	0	0	0	0	0	0	0	0	0	0	0	0	0	0	0	0	0	0	0	0	0	0	0	0	0	0	
56724	Parietal_Sup_R	0	0	0	644	0	0	0	1238	0	0	0	968	0	0	0	0	0	0	0	0	0	0	0	0	0	0	0	0	0	0	0	0	0	0	0	0	0	0	0	0	0	0	0	0	0	1764	0	0	0	4550	0	914	0	0	0	0	0	3116	0	0	0	4088	0	418	0	3836	142	5704	0	980	0	0	0	0	0	0	0	0	0	0	0	0	0	0	0	0	0	0	0	0	0	0	0	0	0	0	0	0	0	0	0	0	0	0	0	0	0	0	0	0	0	0	0	0	0	0	
114752	Parietal_Inf_L	1988	0	0	0	0	0	252	0	0	0	0	0	0	0	0	0	866	0	0	0	0	0	0	0	0	0	0	0	1212	0	0	0	0	0	0	0	118	0	0	0	0	0	146	0	0	0	0	0	1758	0	8172	0	0	0	122	0	13858	0	5478	0	0	0	9638	0	10870	0	424	0	274	0	0	0	0	0	0	0	0	0	190	0	532	0	0	0	1026	0	0	0	452	0	0	0	0	0	0	0	0	0	0	0	0	0	0	0	0	0	0	0	0	0	0	0	0	0	0	0	
117364	Parietal_Inf_R	0	2342	156	1140	0	0	0	1512	0	0	0	592	0	0	0	0	0	0	0	98	0	0	0	0	0	0	0	0	0	0	0	0	0	0	0	238	0	218	0	0	0	0	0	0	0	428	0	0	0	2808	0	4602	0	0	0	0	0	10148	0	4088	0	0	0	12894	0	11800	0	1290	0	746	0	488	0	0	0	0	376	1172	0	0	0	134	0	0	0	1178	0	0	0	234	0	0	0	0	0	0	0	0	0	0	0	0	0	0	0	0	0	0	0	0	0	0	0	0	0	0	
125772	SupraMarginal_L	1316	0	0	0	0	0	374	0	0	0	0	0	0	0	0	0	3498	0	0	0	0	0	0	0	0	0	0	0	4398	0	0	0	0	0	382	0	124	0	0	0	0	0	234	0	0	0	114	0	0	0	1800	0	492	0	464	0	9000	0	0	0	9638	0	0	0	7410	0	98	0	0	0	0	0	0	0	0	0	0	0	246	0	8576	0	0	0	10870	0	0	0	3852	0	0	0	0	0	0	0	0	0	0	0	0	0	0	0	0	0	0	0	0	0	0	0	0	0	0	0	
131040	SupraMarginal_R	0	2864	154	1548	0	0	0	1970	0	0	0	688	0	0	0	0	0	1988	0	0	0	0	0	0	0	0	0	0	0	180	0	0	0	0	0	242	0	1684	0	314	0	0	0	0	0	676	0	0	0	918	0	538	0	0	0	1614	0	12816	0	418	0	12894	0	0	0	6096	0	768	0	164	0	488	0	0	0	0	384	1174	0	98	0	5418	0	0	0	5918	0	0	0	3506	0	0	0	0	0	0	0	0	0	0	0	0	0	0	0	0	0	0	0	0	0	0	0	0	0	0	
113900	Angular_L	450	0	0	0	0	0	116	0	0	0	0	0	0	0	0	0	202	0	0	0	0	0	0	0	0	0	0	0	156	0	0	0	0	0	96	0	0	0	0	0	0	0	124	0	0	0	124	0	2278	0	14520	0	418	0	0	0	1202	0	2804	0	10870	0	7410	0	0	0	658	0	454	0	0	0	0	0	0	0	0	0	0	0	2268	0	0	0	10166	0	0	0	2634	0	0	0	0	0	0	0	0	0	0	0	0	0	0	0	0	0	0	0	0	0	0	0	0	0	0	0	
108124	Angular_R	0	162	0	376	0	0	0	868	0	0	0	514	0	0	0	0	0	0	0	0	0	0	0	0	0	0	0	0	0	0	0	0	0	138	0	0	0	0	0	0	0	0	0	0	0	1466	0	0	0	4062	0	8766	0	0	0	338	0	2350	0	3836	0	11800	0	6096	0	0	0	1998	0	1038	0	0	0	0	0	0	0	0	0	0	0	1766	0	0	0	5248	0	0	0	3240	0	0	0	0	0	0	0	0	0	0	0	0	0	0	0	0	0	0	0	0	0	0	0	0	0	0	
191596	Precuneus_L	1956	0	400	0	0	0	352	208	0	0	0	152	0	0	0	0	502	0	196	0	0	0	0	0	0	0	0	0	922	0	0	0	1286	198	8366	590	6036	324	2392	0	0	0	10752	810	7532	3216	5430	162	7324	1322	7464	478	1554	0	1380	0	3278	0	6680	142	424	0	98	0	658	0	0	5210	5294	0	0	0	96	0	0	0	116	282	532	0	686	0	0	0	824	0	0	0	174	0	0	0	0	0	0	0	0	0	0	0	0	0	0	0	0	0	0	0	0	0	0	0	0	0	0	0	
343952	Precuneus_R	0	3876	170	2532	0	0	0	5686	0	0	0	5704	0	0	0	0	118	380	0	2126	0	0	0	0	0	0	0	0	242	396	0	0	470	6462	816	8654	680	6144	428	1762	0	0	144	9450	500	26670	0	7450	0	26398	0	9612	0	580	0	2230	0	9978	0	5704	0	1290	0	768	0	1998	5210	0	268	9118	332	0	110	128	0	0	666	1064	0	0	0	984	0	0	0	2300	0	0	0	1808	0	0	0	0	0	0	0	0	0	0	0	0	0	0	0	0	0	0	0	0	570	0	0	0	0	0	
224180	Paracentral_Lobule_L	21518	2744	8336	1444	0	0	0	0	0	0	0	0	0	0	0	0	122	0	22928	5214	0	0	0	0	0	0	0	0	260	0	0	0	4244	4158	7802	958	816	0	0	0	0	0	1138	0	2798	0	690	0	416	0	2064	0	288	0	244	0	1906	0	0	0	274	0	0	0	454	0	5294	268	0	1470	2920	228	336	0	260	0	9306	192	0	0	166	0	0	0	834	0	0	0	0	0	0	0	0	0	0	0	0	0	0	0	0	0	0	0	0	0	0	0	0	0	0	0	0	0	0	0	
122788	Paracentral_Lobule_R	0	2960	0	278	0	0	0	644	0	0	0	744	0	0	0	0	0	172	0	10034	0	0	0	0	0	0	0	0	0	184	0	0	406	8608	190	6758	0	196	0	0	0	0	0	1274	0	2708	0	468	0	3120	0	1054	0	106	0	604	0	5514	0	980	0	746	0	164	0	1038	0	9118	1470	0	0	0	0	0	0	0	0	0	0	0	0	374	0	0	0	1190	0	0	0	292	0	0	0	0	0	0	0	0	0	0	0	0	0	0	0	0	0	0	0	0	0	0	0	0	0	0	
498856	Caudate_L	7406	998	20464	3716	1202	1846	8346	1656	554	0	9362	6574	1238	804	806	144	7110	1762	12126	1694	6694	8706	1920	350	634	2548	1918	3668	14392	5088	15308	6920	484	952	0	216	996	2280	284	1630	518	0	0	0	0	212	0	0	0	400	540	128	0	0	434	276	1150	148	0	0	0	0	0	0	0	0	0	332	2920	0	0	17198	34952	5064	5434	304	10024	820	264	0	2564	806	1372	298	320	0	0	0	154	0	0	0	0	0	0	0	0	0	0	0	0	0	0	0	0	0	0	0	0	0	0	0	0	0	0	0	
547508	Caudate_R	1034	3046	4266	30686	0	11038	1272	910	0	108	3910	9530	948	3596	0	912	1594	2048	5066	26260	1850	6776	1298	12642	0	11128	116	3350	2526	9036	7570	32300	174	3678	144	476	108	548	0	326	0	0	0	0	0	0	0	0	0	0	0	0	0	0	0	136	142	668	0	0	0	488	0	488	0	0	0	0	228	0	17198	0	8138	21046	1540	2940	2190	16580	0	374	460	366	326	176	0	0	0	0	0	0	0	0	0	0	0	0	0	0	0	0	0	0	0	0	0	0	0	0	0	0	0	0	0	0	0	0	
438756	Putamen_L	2516	280	30154	1760	10098	976	5774	532	2470	0	2174	834	370	192	3186	0	2662	114	10370	572	2896	5592	5028	148	1150	1454	1860	1734	19466	330	14760	2776	352	518	126	160	11688	182	3270	0	376	0	0	0	0	0	106	0	0	134	0	0	0	0	1994	0	578	0	0	0	0	0	0	0	0	0	96	110	336	0	34952	8138	0	1888	9992	266	5214	908	0	0	2202	0	1138	0	0	0	0	0	2426	0	0	0	0	0	0	0	0	0	0	0	0	0	0	0	0	0	0	0	0	0	0	0	0	0	0	0	
420756	Putamen_R	784	682	2360	19012	0	11686	2586	2280	0	0	962	4848	184	2256	0	2386	1158	3438	1900	6292	156	776	554	7378	0	9072	0	1344	2116	19882	4024	17802	172	1114	0	0	426	23888	154	11896	0	2316	0	0	0	106	110	0	0	114	130	0	0	0	0	7840	150	230	0	0	0	0	0	0	0	0	0	128	0	0	5064	21046	1888	0	0	3878	584	996	214	314	328	502	190	190	0	0	0	0	0	296	0	0	0	0	0	0	0	98	0	98	0	0	0	0	0	0	0	0	0	0	0	0	0	0	0	0	
74636	Pallidum_L	1690	0	6340	0	0	0	2558	0	0	0	178	142	0	0	0	0	116	0	3716	0	0	1208	102	0	0	0	0	0	272	0	190	0	0	0	0	0	1552	0	326	0	0	0	0	0	0	0	0	0	0	0	0	0	0	0	0	0	100	0	0	0	0	0	0	0	0	0	0	0	260	0	5434	1540	9992	0	0	102	1244	256	0	0	0	0	0	0	0	0	0	0	0	0	0	0	0	0	0	0	0	0	0	0	0	0	0	0	0	0	0	0	0	0	0	0	0	0	0	0	
33684	Pallidum_R	164	114	500	1542	0	0	368	138	0	0	0	472	0	0	0	0	0	664	428	1380	0	122	0	178	0	0	0	0	174	588	0	616	0	150	0	0	0	736	0	462	0	0	0	0	0	0	0	0	0	0	0	0	0	0	0	312	0	0	0	0	0	0	0	0	0	0	0	0	0	0	304	2940	266	3878	102	0	0	244	0	0	0	0	0	0	0	0	0	0	0	0	0	0	0	0	0	0	0	0	0	0	0	0	0	0	0	0	0	0	0	0	0	0	0	0	0	0	
208476	Thalamus_L	12798	1478	15294	822	0	0	1502	116	0	0	0	532	0	158	0	0	0	0	10570	0	0	0	0	0	0	0	0	0	472	184	112	0	0	0	3320	5168	4384	2328	1626	422	96	0	0	0	0	0	204	110	0	0	0	0	0	0	248	0	0	500	0	0	0	376	0	384	0	0	116	666	9306	0	10024	2190	5214	584	1244	0	0	11482	0	0	0	0	0	0	0	0	0	0	208	0	0	0	0	0	0	0	0	0	0	0	0	0	0	0	0	0	0	0	0	0	0	0	0	0	0	0	
187084	Thalamus_R	2622	3042	4798	2674	0	0	200	1078	0	0	0	3400	0	288	0	0	0	0	436	11938	0	0	0	0	0	0	0	0	126	710	0	0	0	0	4696	7496	3556	5710	1402	1512	220	0	0	0	0	0	192	278	0	98	0	0	0	0	172	312	142	1274	0	0	0	1172	0	1174	0	0	282	1064	192	0	820	16580	908	996	256	244	11482	0	0	0	0	0	0	0	0	0	0	0	0	0	0	0	0	0	0	0	0	0	0	0	0	0	0	0	0	0	0	0	0	0	0	0	0	0	0	0	
92088	Heschl_L	3844	0	1478	0	0	0	1038	0	0	0	1238	0	110	0	0	0	4026	0	772	0	0	0	0	0	0	0	0	0	10032	0	0	0	0	0	418	0	4526	166	0	118	0	0	348	0	138	0	120	0	0	0	1774	0	882	0	4648	0	3372	0	0	0	190	0	246	0	0	0	532	0	0	0	264	0	0	214	0	0	0	0	0	0	3790	0	0	0	972	0	0	0	788	0	0	0	0	0	0	0	0	0	0	0	0	0	0	0	0	0	0	0	0	0	0	0	0	0	0	0	
31624	Heschl_R	0	0	0	0	0	0	0	0	0	0	0	178	0	0	0	0	0	3158	0	0	0	0	0	0	0	0	0	0	0	2556	0	0	0	0	0	0	0	1020	0	498	0	0	0	0	0	0	0	0	0	0	0	0	0	0	0	1620	0	118	0	0	0	0	0	98	0	0	0	0	0	0	0	374	0	314	0	0	0	0	0	0	0	3570	0	162	0	992	0	0	0	1154	0	0	0	0	0	0	0	0	0	0	0	0	0	0	0	0	0	0	0	0	0	0	0	0	0	0	
257692	Temporal_Sup_L	1532	0	4444	154	166	0	2644	224	0	0	2916	602	140	0	0	0	11386	294	1202	0	0	0	364	0	0	0	0	0	19506	514	728	170	108	0	546	0	2004	256	98	174	100	0	370	0	118	0	240	0	806	0	3730	0	1330	0	4920	0	3258	0	0	0	532	0	8576	0	2268	0	686	0	166	0	2564	460	2202	328	0	0	0	0	3790	0	0	116	6812	0	23716	0	0	0	11586	0	0	0	0	0	0	0	0	0	0	0	0	0	0	0	0	0	0	0	0	0	0	0	0	0	0	0	
121788	Temporal_Sup_R	112	264	116	1958	0	0	142	1350	0	0	332	2650	0	0	0	0	310	6334	116	818	0	0	0	0	0	0	0	0	428	5956	102	310	0	144	0	0	0	904	0	292	0	0	0	192	0	658	0	102	0	636	0	0	0	0	0	3096	0	452	0	0	0	134	0	5418	0	1766	0	984	0	374	806	366	0	502	0	0	0	0	0	3570	116	0	0	4888	0	10314	0	262	0	3620	0	0	0	0	0	0	0	0	0	0	0	0	0	0	0	0	0	0	0	0	0	0	0	0	0	0	
142288	Temporal_Pole_Sup_L	0	0	1454	0	1308	0	344	0	756	0	2208	318	742	0	2512	0	2802	174	206	0	1626	0	586	0	0	0	0	0	11366	304	1368	0	0	0	0	0	1922	148	2650	100	2904	0	0	0	0	0	0	0	0	0	0	0	0	0	3370	0	0	0	0	0	0	0	0	0	0	0	0	0	0	0	1372	326	1138	190	0	0	0	0	0	0	6812	0	0	0	9060	0	5278	0	7800	0	0	0	0	0	0	0	0	0	0	0	0	0	0	0	0	0	0	0	0	0	0	0	0	0	0	0	
66052	Temporal_Pole_Sup_R	0	0	0	292	0	0	98	0	0	0	100	1156	0	0	0	436	0	1154	0	216	0	536	0	0	0	0	0	0	126	2216	0	176	0	0	0	0	0	274	0	3654	0	1938	0	0	0	0	0	0	0	0	0	0	0	0	0	3750	0	0	0	0	0	0	0	0	0	0	0	0	0	0	298	176	0	190	0	0	0	0	0	162	0	4888	0	0	0	3086	0	5348	0	2756	0	0	0	0	0	0	0	0	0	0	0	0	0	0	0	0	0	0	0	0	0	0	0	0	0	0	
256220	Temporal_Mid_L	1918	0	148	0	0	0	496	0	0	0	120	0	0	0	0	0	3000	0	0	0	0	0	0	0	0	0	0	0	5216	0	0	0	0	0	332	0	264	0	0	0	0	0	2000	0	382	0	934	0	504	0	14302	0	4404	0	1832	0	1878	0	0	0	1026	0	10870	0	10166	0	824	0	834	0	320	0	0	0	0	0	0	0	972	0	23716	0	9060	0	0	0	3684	0	28908	0	0	0	0	0	0	0	0	0	0	0	0	0	0	0	0	0	0	0	0	0	0	0	0	0	0	0	
136232	Temporal_Mid_R	0	1626	0	2156	0	0	0	2608	0	0	0	696	0	0	0	0	0	206	0	968	0	0	0	0	0	0	0	0	0	640	0	0	0	0	0	0	0	364	0	170	0	0	0	1236	0	1768	0	146	0	1712	0	6336	0	164	0	1274	0	1424	0	0	0	1178	0	5918	0	5248	0	2300	0	1190	0	0	0	0	0	0	0	0	0	992	0	10314	0	3086	0	0	0	942	0	13454	0	0	0	0	0	0	0	0	0	0	0	0	0	0	0	0	0	0	0	0	0	0	0	0	0	0	
34880	Temporal_Pole_Mid_L	0	0	0	0	0	0	0	0	0	0	0	0	0	0	0	0	0	0	0	0	0	0	0	0	0	0	0	0	0	0	0	0	0	0	0	0	184	0	2124	0	1124	0	0	0	0	0	0	0	0	0	0	0	0	0	1958	0	0	0	0	0	0	0	0	0	0	0	0	0	0	0	0	0	0	0	0	0	0	0	0	0	0	0	5278	0	3684	0	0	0	3088	0	0	0	0	0	0	0	0	0	0	0	0	0	0	0	0	0	0	0	0	0	0	0	0	0	0	0	
26616	Temporal_Pole_Mid_R	0	0	0	0	0	0	0	0	0	0	0	0	0	0	0	0	0	0	0	0	0	0	0	0	0	0	0	0	0	0	0	0	0	0	0	0	0	102	0	3160	0	776	0	0	0	0	0	0	0	0	0	0	0	0	0	1784	0	0	0	0	0	0	0	0	0	0	0	0	0	0	0	0	0	0	0	0	0	0	0	0	0	262	0	5348	0	942	0	0	0	934	0	0	0	0	0	0	0	0	0	0	0	0	0	0	0	0	0	0	0	0	0	0	0	0	0	0	
237224	Temporal_Inf_L	424	0	456	0	0	0	226	0	0	0	158	0	0	0	136	0	1000	0	0	0	218	0	100	0	0	0	0	0	7620	0	98	0	0	0	164	0	7974	0	750	0	428	0	364	0	0	0	252	0	0	0	2850	0	3544	0	18002	0	428	0	0	0	452	0	3852	0	2634	0	174	0	0	0	154	0	2426	0	0	0	208	0	788	0	11586	0	7800	0	28908	0	3088	0	0	0	5340	0	2090	0	0	0	374	0	2622	0	520	0	404	0	0	0	0	0	0	0	0	0	0	0	0	0	
131040	Temporal_Inf_R	0	670	0	2160	0	0	0	2246	0	0	0	320	0	0	0	0	0	530	0	238	0	0	0	0	0	0	0	0	0	1152	0	0	0	0	0	0	0	2208	0	502	0	0	0	1438	0	782	0	192	0	558	0	294	0	1720	0	10578	0	444	0	0	0	234	0	3506	0	3240	0	1808	0	292	0	0	0	296	0	0	0	0	0	1154	0	3620	0	2756	0	13454	0	934	0	0	0	4506	0	2566	0	0	0	0	0	1122	0	0	0	0	0	0	0	0	0	0	0	0	0	0	0	0	
413416	Cerebelum_Crus1_L	0	0	0	0	0	0	0	0	0	0	0	0	0	0	0	0	0	0	0	0	0	0	0	0	0	0	0	0	0	0	0	0	0	0	0	0	0	0	482	0	0	0	0	0	0	0	9704	852	0	0	258	0	102	0	27618	168	0	0	0	0	0	0	0	0	0	0	0	0	0	0	0	0	0	0	0	0	0	0	0	0	0	0	0	0	0	0	0	0	5340	0	0	4122	38272	2414	1876	0	18260	252	56318	3030	12732	0	10544	128	1136	0	0	0	0	0	738	4880	7324	158	0	0	
437584	Cerebelum_Crus1_R	0	0	0	0	0	0	0	0	0	0	0	0	0	0	0	0	0	0	0	0	0	0	0	0	0	0	0	0	0	0	0	0	0	0	0	0	0	0	0	0	0	0	0	0	0	0	778	6684	0	0	0	0	0	230	0	11284	0	0	0	0	0	0	0	0	0	0	0	0	0	0	0	0	0	0	0	0	0	0	0	0	0	0	0	0	0	0	0	0	0	4506	4122	0	4502	38354	296	3896	1430	24322	3530	62584	578	3552	572	13152	416	730	0	158	0	1854	9834	7836	11814	1202	576	0	
327848	Cerebelum_Crus2_L	0	0	0	0	0	0	0	0	0	0	0	0	0	0	0	0	0	0	0	0	0	0	0	0	0	0	0	0	0	0	0	0	0	0	0	0	0	0	0	0	0	0	0	0	0	0	2612	684	0	0	184	0	0	0	4048	230	0	0	0	0	0	0	0	0	0	0	0	0	0	0	0	0	0	0	0	0	0	0	0	0	0	0	0	0	0	0	0	0	2090	0	38272	4502	0	12280	658	0	5648	202	11756	2168	33796	2234	23804	778	940	0	0	0	0	0	512	1904	13250	1372	0	0	
289320	Cerebelum_Crus2_R	0	0	0	0	0	0	0	0	0	0	0	0	0	0	0	0	0	0	0	0	0	0	0	0	0	0	0	0	0	0	0	0	0	0	0	0	0	0	0	0	0	0	0	0	0	0	0	332	0	0	0	0	0	0	0	644	0	0	0	0	0	0	0	0	0	0	0	0	0	0	0	0	0	0	0	0	0	0	0	0	0	0	0	0	0	0	0	0	0	2566	2414	38354	12280	0	96	1124	432	3032	648	10496	4584	15940	3572	26808	332	1610	0	190	0	770	1656	1086	12478	2890	326	0	
37024	Cerebelum_3_L	0	0	0	0	0	0	0	0	0	0	0	0	0	0	0	0	0	0	0	0	0	0	0	0	0	0	0	0	0	0	0	0	0	0	0	0	308	0	360	0	0	0	0	0	0	0	140	0	0	0	0	0	0	0	426	0	0	0	0	0	0	0	0	0	0	0	0	0	0	0	0	0	0	0	0	0	0	0	0	0	0	0	0	0	0	0	0	0	0	0	1876	296	658	96	0	0	5468	0	3774	266	0	0	0	0	1668	252	0	0	462	534	204	736	420	276	292	0	
65572	Cerebelum_3_R	0	0	0	0	0	0	0	0	0	0	0	0	0	0	0	0	0	0	0	0	0	0	0	0	0	0	0	0	0	0	0	0	0	0	0	0	146	284	148	282	0	0	0	0	0	0	0	156	0	0	0	0	0	0	0	110	0	0	0	0	0	0	0	0	0	0	0	0	0	0	0	0	0	0	0	0	0	0	0	0	0	0	0	0	0	0	0	0	0	0	0	3896	0	1124	0	0	0	8714	0	8904	0	0	0	470	0	1358	0	0	428	4054	386	120	652	860	694	0	
229036	Cerebelum_4_5_L	0	0	0	0	0	0	0	0	0	0	0	0	0	0	0	0	0	0	0	0	0	0	0	0	0	0	0	0	0	0	0	0	0	0	0	0	440	0	2190	0	0	0	0	0	0	0	8670	394	0	0	520	0	0	0	14642	0	0	0	0	0	0	0	0	0	0	0	0	0	0	0	0	0	0	0	0	0	0	0	0	0	0	0	0	0	0	0	0	0	374	0	18260	1430	5648	432	5468	0	0	874	34046	1838	448	0	1342	0	5746	824	304	0	210	644	4560	2410	574	458	1040	732	
195532	Cerebelum_4_5_R	0	0	0	0	0	0	0	0	0	0	0	0	0	0	0	0	0	0	0	0	0	0	0	0	0	0	0	0	0	0	0	0	0	0	0	0	0	536	0	1542	0	0	0	0	0	0	192	3536	0	0	0	0	0	0	0	3882	0	0	0	0	0	0	0	0	0	0	0	0	0	0	0	0	0	98	0	0	0	0	0	0	0	0	0	0	0	0	0	0	0	0	252	24322	202	3032	0	8714	874	0	366	35360	0	0	0	796	0	970	0	0	0	2318	9220	462	382	398	312	0	
404768	Cerebelum_6_L	0	0	0	0	0	0	0	0	0	0	0	0	0	0	0	0	0	0	0	0	0	0	0	0	0	0	0	0	0	0	0	0	0	0	0	0	424	0	2208	0	0	0	0	0	0	0	14810	1344	0	0	454	0	0	0	36850	180	0	0	0	0	0	0	0	0	0	0	0	0	0	0	0	0	0	0	0	0	0	0	0	0	0	0	0	0	0	0	0	0	2622	0	56318	3530	11756	648	3774	0	34046	366	0	4062	2470	0	2068	132	4218	1262	0	0	0	166	2408	9226	4176	1028	1278	560	
384532	Cerebelum_6_R	0	0	0	0	0	0	0	0	0	0	0	0	0	0	0	0	0	0	0	0	0	0	0	0	0	0	0	0	0	0	0	0	0	0	0	0	0	282	0	530	0	0	0	0	0	0	1044	8348	0	0	0	0	0	350	0	12452	0	0	0	0	0	0	0	0	0	0	0	0	0	0	0	0	0	98	0	0	0	0	0	0	0	0	0	0	0	0	0	0	0	1122	3030	62584	2168	10496	266	8904	1838	35360	4062	0	0	0	0	2426	464	836	0	212	0	2454	12212	9912	8404	1422	990	0	
200424	Cerebelum_7b_L	0	0	0	0	0	0	0	0	0	0	0	0	0	0	0	0	0	0	0	0	0	0	0	0	0	0	0	0	0	0	0	0	0	0	0	0	0	0	0	0	0	0	0	0	0	0	0	0	0	0	0	0	0	0	748	0	0	0	0	0	0	0	0	0	0	0	0	0	0	0	0	0	0	0	0	0	0	0	0	0	0	0	0	0	0	0	0	0	520	0	12732	578	33796	4584	0	0	448	0	2470	0	0	2306	31192	1240	2542	0	456	0	0	0	0	0	4410	2190	0	0	
96348	Cerebelum_7b_R	0	0	0	0	0	0	0	0	0	0	0	0	0	0	0	0	0	0	0	0	0	0	0	0	0	0	0	0	0	0	0	0	0	0	0	0	0	0	0	0	0	0	0	0	0	0	0	0	0	0	0	0	0	0	0	0	0	0	0	0	0	0	0	0	0	0	0	0	0	0	0	0	0	0	0	0	0	0	0	0	0	0	0	0	0	0	0	0	0	0	0	3552	2234	15940	0	0	0	0	0	0	2306	0	2146	16124	182	994	0	0	0	0	0	0	1920	2776	0	0	
207776	Cerebelum_8_L	0	0	0	0	0	0	0	0	0	0	0	0	0	0	0	0	0	0	0	0	0	0	0	0	0	0	0	0	0	0	0	0	0	0	0	0	0	0	0	0	0	0	0	0	0	0	0	0	0	0	0	0	0	0	930	0	0	0	0	0	0	0	0	0	0	0	0	0	0	0	0	0	0	0	0	0	0	0	0	0	0	0	0	0	0	0	0	0	404	0	10544	572	23804	3572	0	0	1342	0	2068	0	31192	2146	0	2906	13774	432	1818	0	0	0	0	0	3626	4064	694	0	
188328	Cerebelum_8_R	0	0	0	0	0	0	0	0	0	0	0	0	0	0	0	0	0	0	0	0	0	0	0	0	0	0	0	0	0	0	0	0	0	0	0	0	0	0	0	0	0	0	0	0	0	0	0	0	0	0	0	0	0	0	0	0	0	0	0	0	0	0	0	0	0	0	0	0	0	0	0	0	0	0	0	0	0	0	0	0	0	0	0	0	0	0	0	0	0	0	128	13152	778	26808	0	470	0	796	132	2426	1240	16124	2906	0	834	14876	0	1658	0	468	736	306	2768	6092	1466	0	
87256	Cerebelum_9_L	0	0	0	0	0	0	0	0	0	0	0	0	0	0	0	0	0	0	0	0	0	0	0	0	0	0	0	0	0	0	0	0	0	0	0	0	0	0	0	0	0	0	0	0	0	0	0	0	0	0	0	0	0	0	358	0	0	0	0	0	0	0	0	0	0	0	0	0	0	0	0	0	0	0	0	0	0	0	0	0	0	0	0	0	0	0	0	0	0	0	1136	416	940	332	1668	0	5746	0	4218	464	2542	182	13774	834	0	1008	3196	0	0	0	1072	1896	710	1622	1174	340	
88276	Cerebelum_9_R	0	0	0	0	0	0	0	0	0	0	0	0	0	0	0	0	0	0	0	0	0	0	0	0	0	0	0	0	0	0	0	0	0	0	0	0	0	0	0	176	0	0	0	0	0	0	0	0	0	0	0	0	0	0	0	178	0	0	0	0	0	0	0	0	0	0	0	0	0	0	0	0	0	0	0	0	0	0	0	0	0	0	0	0	0	0	0	0	0	0	0	730	0	1610	252	1358	824	970	1262	836	0	994	432	14876	1008	0	0	1604	118	1050	1364	2868	1524	3576	4748	1780	
11548	Cerebelum_10_L	0	0	0	0	0	0	0	0	0	0	0	0	0	0	0	0	0	0	0	0	0	0	0	0	0	0	0	0	0	0	0	0	0	0	0	0	0	0	0	0	0	0	0	0	0	0	0	0	0	0	0	0	0	0	0	0	0	0	0	0	0	0	0	0	0	0	0	0	0	0	0	0	0	0	0	0	0	0	0	0	0	0	0	0	0	0	0	0	0	0	0	0	0	0	0	0	304	0	0	0	456	0	1818	0	3196	0	0	0	0	0	0	0	0	0	0	0	
7840	Cerebelum_10_R	0	0	0	0	0	0	0	0	0	0	0	0	0	0	0	0	0	0	0	0	0	0	0	0	0	0	0	0	0	0	0	0	0	0	0	0	0	0	0	0	0	0	0	0	0	0	0	0	0	0	0	0	0	0	0	0	0	0	0	0	0	0	0	0	0	0	0	0	0	0	0	0	0	0	0	0	0	0	0	0	0	0	0	0	0	0	0	0	0	0	0	158	0	190	0	0	0	0	0	212	0	0	0	1658	0	1604	0	0	0	0	0	0	0	0	98	0	
11404	Vermis_1_2	0	0	0	0	0	0	0	0	0	0	0	0	0	0	0	0	0	0	0	0	0	0	0	0	0	0	0	0	0	0	0	0	0	0	0	0	322	0	390	0	0	0	0	0	0	0	0	0	0	0	0	0	0	0	0	0	0	0	0	0	0	0	0	0	0	0	0	0	0	0	0	0	0	0	0	0	0	0	0	0	0	0	0	0	0	0	0	0	0	0	0	0	0	0	462	428	210	0	0	0	0	0	0	0	0	118	0	0	0	3658	114	0	0	0	0	0	
46464	Vermis_3	0	0	0	0	0	0	0	0	0	0	0	0	0	0	0	0	0	0	0	0	0	0	0	0	0	0	0	0	0	0	0	0	0	0	0	0	876	0	744	0	0	0	0	0	0	0	268	134	0	0	0	0	0	0	0	0	0	0	0	0	0	0	0	0	0	0	0	0	0	0	0	0	0	0	0	0	0	0	0	0	0	0	0	0	0	0	0	0	0	0	0	1854	0	770	534	4054	644	2318	166	2454	0	0	0	468	0	1050	0	0	3658	0	962	208	590	810	670	0	
121380	Vermis_4_5	0	0	0	0	0	0	0	0	0	0	0	0	0	0	0	0	0	0	0	0	0	0	0	0	0	0	0	0	0	0	0	0	0	0	0	552	0	544	0	108	0	0	0	0	0	0	702	2884	0	0	0	0	0	0	0	406	0	0	0	0	0	0	0	0	0	0	0	570	0	0	0	0	0	0	0	0	0	0	0	0	0	0	0	0	0	0	0	0	0	0	738	9834	512	1656	204	386	4560	9220	2408	12212	0	0	0	736	1072	1364	0	0	114	962	0	4274	786	752	1488	1646	
