data	data	424676	259520	680320	691372	122256	76040	395452	184396	48244	28384	192240	194396	265256	143312	195372	121752	158744	103164	509360	752048	57940	69276	297164	305612	32144	77228	34220	65832	485344	307264	274496	396260	136364	586840	86544	110316	228720	294492	52120	171264	42364	57712	183044	330980	124988	329372	229980	249596	145668	414164	428196	368144	119572	44252	308156	313344	250812	266400	90156	88684	227572	77492	170524	100628	142752	136808	187856	454768	248276	388672	197852	356088	247784	385660	43592	28904	86712	158656	76464	22024	127400	116480	52420	46784	311564	189968	7340	16868	246576	144028	384264	461408	266820	233420	38988	55300	260316	201760	394856	465716	142112	84428	237624	271972	92832	124112	24324	30344	15264	46844	137028	180024	146296	120452	102936	34264	
data	data	Precentral_L	Precentral_R	Frontal_Sup_L	Frontal_Sup_R	Frontal_Sup_Orb_L	Frontal_Sup_Orb_R	Frontal_Mid_L	Frontal_Mid_R	Frontal_Mid_Orb_L	Frontal_Mid_Orb_R	Frontal_Inf_Oper_L	Frontal_Inf_Oper_R	Frontal_Inf_Tri_L	Frontal_Inf_Tri_R	Frontal_Inf_Orb_L	Frontal_Inf_Orb_R	Rolandic_Oper_L	Rolandic_Oper_R	Supp_Motor_Area_L	Supp_Motor_Area_R	Olfactory_L	Olfactory_R	Frontal_Sup_Medial_L	Frontal_Sup_Medial_R	Frontal_Med_Orb_L	Frontal_Med_Orb_R	Rectus_L	Rectus_R	Insula_L	Insula_R	Cingulum_Ant_L	Cingulum_Ant_R	Cingulum_Mid_L	Cingulum_Mid_R	Cingulum_Post_L	Cingulum_Post_R	Hippocampus_L	Hippocampus_R	ParaHippocampal_L	ParaHippocampal_R	Amygdala_L	Amygdala_R	Calcarine_L	Calcarine_R	Cuneus_L	Cuneus_R	Lingual_L	Lingual_R	Occipital_Sup_L	Occipital_Sup_R	Occipital_Mid_L	Occipital_Mid_R	Occipital_Inf_L	Occipital_Inf_R	Fusiform_L	Fusiform_R	Postcentral_L	Postcentral_R	Parietal_Sup_L	Parietal_Sup_R	Parietal_Inf_L	Parietal_Inf_R	SupraMarginal_L	SupraMarginal_R	Angular_L	Angular_R	Precuneus_L	Precuneus_R	Paracentral_Lobule_L	Paracentral_Lobule_R	Caudate_L	Caudate_R	Putamen_L	Putamen_R	Pallidum_L	Pallidum_R	Thalamus_L	Thalamus_R	Heschl_L	Heschl_R	Temporal_Sup_L	Temporal_Sup_R	Temporal_Pole_Sup_L	Temporal_Pole_Sup_R	Temporal_Mid_L	Temporal_Mid_R	Temporal_Pole_Mid_L	Temporal_Pole_Mid_R	Temporal_Inf_L	Temporal_Inf_R	Cerebelum_Crus1_L	Cerebelum_Crus1_R	Cerebelum_Crus2_L	Cerebelum_Crus2_R	Cerebelum_3_L	Cerebelum_3_R	Cerebelum_4_5_L	Cerebelum_4_5_R	Cerebelum_6_L	Cerebelum_6_R	Cerebelum_7b_L	Cerebelum_7b_R	Cerebelum_8_L	Cerebelum_8_R	Cerebelum_9_L	Cerebelum_9_R	Cerebelum_10_L	Cerebelum_10_R	Vermis_1_2	Vermis_3	Vermis_4_5	Vermis_6	Vermis_7	Vermis_8	Vermis_9	Vermis_10	
424676	Precentral_L	0	3484	11518	2072	248	0	18992	0	0	0	12346	0	3358	0	1670	0	9716	0	10174	11348	0	0	682	0	0	0	0	0	13832	0	1324	0	758	8178	832	1422	3276	1216	436	0	0	0	180	0	134	94	0	0	198	118	3584	136	0	0	488	0	27936	178	448	0	3038	0	940	0	596	0	532	232	27920	7078	514	432	3388	0	1260	0	5714	754	2888	0	1164	0	82	0	3678	0	0	0	1752	0	0	0	0	0	0	0	0	0	0	0	0	0	0	0	0	0	0	0	0	0	0	0	0	0	0	0	
259520	Precentral_R	3484	0	2000	11964	0	0	138	5350	0	0	156	5370	0	0	0	162	76	2420	2940	9284	0	0	0	0	0	0	0	0	276	3208	0	126	1176	3086	208	88	196	3154	0	302	0	0	0	0	0	1174	0	0	0	1228	176	846	0	0	0	334	1108	23250	0	708	402	828	0	830	76	1126	72	2212	3936	11328	882	4442	474	5094	298	1168	622	9520	96	168	0	354	0	0	112	612	0	0	0	1120	0	0	0	0	0	0	0	0	0	0	0	0	0	0	0	0	0	0	0	0	0	0	0	0	0	0	
680320	Frontal_Sup_L	11518	2000	0	7548	8420	0	62248	510	2834	0	5836	0	19052	0	12970	0	5232	0	60594	12398	0	0	38564	4108	844	0	0	0	21878	0	15220	2186	4860	2924	0	0	3152	0	0	0	0	0	0	0	0	0	0	0	0	0	346	0	0	0	1474	0	2046	174	0	0	314	0	338	0	262	0	88	0	932	186	9084	1060	7672	824	3112	1002	4298	208	410	0	448	0	144	0	190	0	0	0	652	0	0	0	0	0	0	0	0	0	0	0	0	0	0	0	0	0	0	0	0	0	0	0	0	0	0	0	
691372	Frontal_Sup_R	2072	11964	7548	0	0	2864	412	22840	0	408	216	12040	0	6754	0	7192	0	4014	8560	49446	0	662	11470	37642	0	4392	0	1772	192	12816	5410	32898	1380	22416	0	0	134	5594	0	1704	0	128	0	0	0	0	0	0	0	0	0	0	0	0	0	1246	210	622	0	0	0	0	0	0	0	0	0	0	1362	1470	3294	21184	368	25396	98	1100	392	13106	0	0	0	268	0	478	0	0	0	0	0	152	0	0	0	0	0	0	0	0	0	0	0	0	0	0	0	0	0	0	0	0	0	0	0	0	0	0	
122256	Frontal_Sup_Orb_L	248	0	8420	0	0	0	4086	0	7738	0	132	0	2944	0	11050	0	0	0	126	0	1754	0	2480	0	3214	0	5468	0	7326	0	3720	0	0	0	0	0	162	0	0	0	222	0	0	0	0	0	0	0	0	0	0	0	0	0	0	0	0	0	0	0	0	0	0	0	0	0	0	0	0	0	504	0	1042	0	0	0	0	0	0	0	0	0	492	0	0	0	0	0	0	0	0	0	0	0	0	0	0	0	0	0	0	0	0	0	0	0	0	0	0	0	0	0	0	0	0	0	
76040	Frontal_Sup_Orb_R	0	0	0	2864	0	0	0	712	0	4436	0	0	0	168	0	3898	0	0	0	0	0	2270	300	2902	168	8668	0	8516	0	410	200	912	0	0	0	0	0	0	0	0	0	130	0	0	0	0	0	0	0	0	0	0	0	0	0	0	0	0	0	0	0	0	0	0	0	0	0	0	0	0	0	778	0	688	0	0	0	0	0	0	0	0	0	0	0	0	0	0	0	0	0	0	0	0	0	0	0	0	0	0	0	0	0	0	0	0	0	0	0	0	0	0	0	0	0	0	
395452	Frontal_Mid_L	18992	138	62248	412	4086	0	0	74	1986	0	11698	0	35984	0	11794	0	2924	0	8976	318	0	0	12226	292	0	0	0	0	17728	0	2520	0	286	112	0	0	1262	0	0	0	0	0	0	0	0	0	0	0	0	0	0	0	0	0	0	0	142	0	0	0	0	0	0	0	0	0	0	0	0	0	858	492	464	0	302	0	1412	0	0	0	0	0	0	0	0	0	0	0	0	0	0	0	0	0	0	0	0	0	0	0	0	0	0	0	0	0	0	0	0	0	0	0	0	0	0	0	
184396	Frontal_Mid_R	0	5350	510	22840	0	712	74	0	0	1090	0	8496	0	11746	0	7390	0	1106	1274	1858	0	0	636	1246	0	0	0	0	76	7444	344	2312	78	2008	0	0	90	1344	0	228	0	0	0	0	0	0	0	0	0	0	0	0	0	0	0	100	122	528	0	0	0	0	0	0	0	0	0	0	0	0	318	4378	190	6448	84	356	342	836	0	0	0	244	0	0	0	0	0	0	0	0	0	0	0	0	0	0	0	0	0	0	0	0	0	0	0	0	0	0	0	0	0	0	0	0	0	0	
48244	Frontal_Mid_Orb_L	0	0	2834	0	7738	0	1986	0	0	0	0	0	1344	0	6684	0	0	0	0	0	0	0	0	0	102	0	1634	0	1554	0	106	0	0	0	0	0	0	0	0	0	0	0	0	0	0	0	0	0	0	0	0	0	0	0	0	0	0	0	0	0	0	0	0	0	0	0	0	0	0	0	0	0	140	0	0	0	0	0	0	0	0	0	0	0	0	0	0	0	0	0	0	0	0	0	0	0	0	0	0	0	0	0	0	0	0	0	0	0	0	0	0	0	0	0	0	0	
28384	Frontal_Mid_Orb_R	0	0	0	408	0	4436	0	1090	0	0	0	0	0	264	0	4518	0	0	0	0	0	688	0	78	0	188	0	1562	0	354	0	112	0	0	0	0	0	0	0	0	0	0	0	0	0	0	0	0	0	0	0	0	0	0	0	0	0	0	0	0	0	0	0	0	0	0	0	0	0	0	0	238	0	256	0	0	0	0	0	0	0	0	0	0	0	0	0	0	0	0	0	0	0	0	0	0	0	0	0	0	0	0	0	0	0	0	0	0	0	0	0	0	0	0	0	0	
192240	Frontal_Inf_Oper_L	12346	156	5836	216	132	0	11698	0	0	0	0	0	16534	0	566	0	9212	0	1174	184	0	0	566	0	0	0	0	0	17494	0	652	0	0	0	0	0	1604	0	96	0	0	0	0	0	0	0	0	0	0	0	338	0	0	0	762	0	5682	0	72	0	264	0	0	0	0	0	0	0	0	0	172	0	3634	0	756	0	2480	0	746	0	976	0	1206	0	242	0	0	0	324	0	0	0	0	0	0	0	0	0	0	0	0	0	0	0	0	0	0	0	0	0	0	0	0	0	0	0	
194396	Frontal_Inf_Oper_R	0	5370	0	12040	0	0	0	8496	0	0	0	0	0	15134	0	438	0	8368	368	9702	0	0	82	1380	0	0	0	0	0	15830	90	1636	100	3018	0	0	0	1058	0	394	0	0	0	0	0	0	0	0	0	0	0	0	0	0	0	306	76	3546	0	0	0	0	0	0	0	0	0	0	0	0	0	526	0	8158	0	0	0	360	0	0	0	0	0	722	0	0	0	0	0	0	0	0	0	0	0	0	0	0	0	0	0	0	0	0	0	0	0	0	0	0	0	0	0	0	0	0	
265256	Frontal_Inf_Tri_L	3358	0	19052	0	2944	0	35984	0	1344	0	16534	0	0	0	19744	0	376	0	2672	0	0	0	1952	0	0	0	0	0	24804	0	1620	0	0	0	0	0	208	0	0	0	0	0	0	0	0	0	0	0	0	0	0	0	0	0	150	0	0	0	0	0	0	0	0	0	0	0	0	0	0	0	234	0	862	0	0	0	0	0	0	0	0	0	790	0	0	0	0	0	0	0	0	0	0	0	0	0	0	0	0	0	0	0	0	0	0	0	0	0	0	0	0	0	0	0	0	0	
143312	Frontal_Inf_Tri_R	0	0	0	6754	0	168	0	11746	0	264	0	15134	0	0	0	3422	0	778	248	5112	0	0	146	1960	0	0	0	0	0	13184	154	1774	246	4100	0	0	0	230	0	108	0	0	0	0	0	0	0	0	0	0	0	0	0	0	0	94	0	0	0	0	0	0	0	0	0	0	0	0	0	0	0	574	0	5324	0	0	0	0	0	0	0	0	0	136	0	0	0	0	0	0	0	0	0	0	0	0	0	0	0	0	0	0	0	0	0	0	0	0	0	0	0	0	0	0	0	0	
195372	Frontal_Inf_Orb_L	1670	0	12970	0	11050	0	11794	0	6684	0	566	0	19744	0	0	0	0	0	2278	0	1624	0	1616	0	386	0	1458	0	19508	0	2830	0	0	0	0	0	360	0	0	0	322	0	0	0	0	0	0	0	0	0	0	0	0	0	0	0	0	0	0	0	0	0	0	0	0	0	0	0	0	0	402	0	638	0	0	0	0	0	0	0	0	0	1786	0	0	0	0	0	0	0	0	0	0	0	0	0	0	0	0	0	0	0	0	0	0	0	0	0	0	0	0	0	0	0	0	0	
121752	Frontal_Inf_Orb_R	0	162	0	7192	0	3898	0	7390	0	4518	0	438	0	3422	0	0	0	0	342	2328	0	1126	138	1652	0	1078	0	1496	0	9278	112	1282	178	1674	0	0	0	1032	0	290	0	466	0	0	0	0	0	0	0	0	0	0	0	0	0	178	0	120	0	0	0	0	0	0	0	0	0	0	0	0	0	6282	0	2644	0	110	0	308	0	0	0	696	0	970	0	76	0	0	0	0	0	0	0	0	0	0	0	0	0	0	0	0	0	0	0	0	0	0	0	0	0	0	0	0	0	0	
158744	Rolandic_Oper_L	9716	76	5232	0	0	0	2924	0	0	0	9212	0	376	0	0	0	0	0	4972	0	0	0	76	0	0	0	0	0	18822	0	172	0	0	0	0	0	1336	0	92	0	0	0	0	0	0	0	0	0	0	0	252	0	90	0	994	0	6870	0	0	0	864	0	2578	0	440	0	0	0	318	0	90	0	832	0	0	0	0	0	3832	0	5204	0	892	0	1656	0	0	0	1454	0	0	0	0	0	0	0	0	0	0	0	0	0	0	0	0	0	0	0	0	0	0	0	0	0	0	0	
103164	Rolandic_Oper_R	0	2420	0	4014	0	0	0	1106	0	0	0	8368	0	778	0	0	0	0	0	3654	0	0	0	86	0	0	0	0	0	10308	0	306	0	200	0	0	0	540	0	110	0	0	0	0	0	0	0	0	0	0	0	0	0	0	0	156	0	5798	0	0	0	154	0	2980	0	354	0	0	0	0	0	0	0	2066	0	116	0	0	0	1292	0	5522	0	732	0	522	0	0	0	0	0	0	0	0	0	0	0	0	0	0	0	0	0	0	0	0	0	0	0	0	0	0	0	0	0	0	
509360	Supp_Motor_Area_L	10174	2940	60594	8560	126	0	8976	1274	0	0	1174	368	2672	248	2278	342	4972	0	0	33942	0	0	7082	968	0	0	0	0	11008	290	7738	4564	9462	10114	490	136	3620	1348	0	526	0	0	0	0	0	0	0	0	0	0	946	0	0	0	1636	566	5068	240	178	0	394	0	432	0	334	0	194	0	7098	3622	9548	2812	11566	3034	5302	944	1260	196	716	0	386	0	0	0	732	0	0	0	1360	130	0	0	0	0	0	0	0	0	0	0	0	0	0	0	0	0	0	0	0	0	0	0	0	0	0	0	
752048	Supp_Motor_Area_R	11348	9284	12398	49446	0	0	318	1858	0	0	184	9702	0	5112	0	2328	0	3654	33942	0	0	0	778	4944	0	0	0	0	144	8394	1488	15324	7202	44460	1210	2318	84	4838	0	1342	0	0	0	516	0	934	0	0	0	1796	148	2232	0	0	0	1340	776	2798	0	350	0	492	0	502	0	420	0	3308	19672	48368	6042	25142	342	10148	0	1232	544	14510	0	0	0	138	0	432	96	830	0	0	0	816	0	0	0	0	0	0	0	0	0	0	0	0	0	0	0	0	0	0	0	0	0	0	0	0	0	0	
57940	Olfactory_L	0	0	0	0	1754	0	0	0	0	0	0	0	0	0	1624	0	0	0	0	0	0	2488	0	0	602	0	1762	656	3610	0	2478	878	0	0	0	0	770	0	710	0	1170	0	0	0	0	0	0	0	0	0	0	0	0	0	252	0	0	0	0	0	0	0	0	0	0	0	0	0	0	0	4310	1534	3116	0	0	0	0	0	0	0	0	0	1256	0	0	0	0	0	0	0	0	0	0	0	0	0	0	0	0	0	0	0	0	0	0	0	0	0	0	0	0	0	0	0	0	0	
69276	Olfactory_R	0	0	0	662	0	2270	0	0	0	688	0	0	0	0	0	1126	0	0	0	0	2488	0	0	446	0	1552	0	4090	0	1876	2062	3312	0	0	0	0	0	194	0	0	0	716	0	0	0	0	0	0	0	0	0	0	0	0	0	0	0	0	0	0	0	0	0	0	0	0	0	0	0	0	4774	4378	3578	270	0	0	0	0	0	0	0	0	0	156	0	0	0	0	0	0	0	0	0	0	0	0	0	0	0	0	0	0	0	0	0	0	0	0	0	0	0	0	0	0	0	0	
297164	Frontal_Sup_Medial_L	682	0	38564	11470	2480	300	12226	636	0	0	566	82	1952	146	1616	138	76	0	7082	778	0	0	0	18520	1580	494	76	0	1994	174	16676	11094	4452	11286	0	0	90	0	0	0	0	0	0	0	0	0	0	0	0	0	0	0	0	0	0	0	0	0	0	0	0	0	0	0	0	0	0	0	0	0	140	1412	368	1432	0	0	0	0	0	0	0	0	0	0	0	0	0	0	0	0	0	0	0	0	0	0	0	0	0	0	0	0	0	0	0	0	0	0	0	0	0	0	0	0	0	0	
305612	Frontal_Sup_Medial_R	0	0	4108	37642	0	2902	292	1246	0	78	0	1380	0	1960	0	1652	0	86	968	4944	0	446	18520	0	0	5786	0	832	0	2494	6718	25720	1016	17250	0	0	0	136	0	0	0	0	0	0	0	0	0	0	0	0	0	0	0	0	0	0	0	0	0	0	0	0	0	0	0	0	0	0	0	0	0	7406	0	9224	0	0	0	0	0	0	0	0	0	0	0	0	0	0	0	0	0	0	0	0	0	0	0	0	0	0	0	0	0	0	0	0	0	0	0	0	0	0	0	0	0	0	
32144	Frontal_Med_Orb_L	0	0	844	0	3214	168	0	0	102	0	0	0	0	0	386	0	0	0	0	0	602	0	1580	0	0	338	1842	0	454	0	4202	0	0	0	0	0	0	0	0	0	0	0	0	0	0	0	0	0	0	0	0	0	0	0	0	0	0	0	0	0	0	0	0	0	0	0	0	0	0	0	672	0	1668	0	0	0	0	0	0	0	0	0	0	0	0	0	0	0	0	0	0	0	0	0	0	0	0	0	0	0	0	0	0	0	0	0	0	0	0	0	0	0	0	0	0	0	
77228	Frontal_Med_Orb_R	0	0	0	4392	0	8668	0	0	0	188	0	0	0	0	0	1078	0	0	0	0	0	1552	494	5786	338	0	0	6078	0	854	618	3678	0	0	0	0	0	0	0	0	0	0	0	0	0	0	0	0	0	0	0	0	0	0	0	0	0	0	0	0	0	0	0	0	0	0	0	0	0	0	0	2502	0	2388	0	0	0	0	0	0	0	0	0	0	0	0	0	0	0	0	0	0	0	0	0	0	0	0	0	0	0	0	0	0	0	0	0	0	0	0	0	0	0	0	0	0	
34220	Rectus_L	0	0	0	0	5468	0	0	0	1634	0	0	0	0	0	1458	0	0	0	0	0	1762	0	76	0	1842	0	0	0	876	0	1952	0	0	0	0	0	0	0	0	0	0	0	0	0	0	0	0	0	0	0	0	0	0	0	0	0	0	0	0	0	0	0	0	0	0	0	0	0	0	0	966	0	1076	0	0	0	0	0	0	0	0	0	0	0	0	0	0	0	0	0	0	0	0	0	0	0	0	0	0	0	0	0	0	0	0	0	0	0	0	0	0	0	0	0	0	0	
65832	Rectus_R	0	0	0	1772	0	8516	0	0	0	1562	0	0	0	0	0	1496	0	0	0	0	656	4090	0	832	0	6078	0	0	0	596	698	2384	0	0	0	0	0	0	0	0	0	152	0	0	0	0	0	0	0	0	0	0	0	0	0	0	0	0	0	0	0	0	0	0	0	0	0	0	0	0	838	1736	796	714	0	0	0	0	0	0	0	0	0	0	0	0	0	0	0	0	0	0	0	0	0	0	0	0	0	0	0	0	0	0	0	0	0	0	0	0	0	0	0	0	0	0	
485344	Insula_L	13832	276	21878	192	7326	0	17728	76	1554	0	17494	0	24804	0	19508	0	18822	0	11008	144	3610	0	1994	0	454	0	876	0	0	0	7060	0	0	0	0	0	17774	0	712	0	3136	0	0	0	0	0	0	0	0	0	600	0	0	0	8282	0	4104	0	122	0	250	0	530	0	192	0	0	0	136	0	2318	148	16060	0	0	0	504	0	3942	0	3248	0	5446	0	1410	0	0	0	5122	0	0	0	0	0	0	0	0	0	0	0	0	0	0	0	0	0	0	0	0	0	0	0	0	0	0	0	
307264	Insula_R	0	3208	0	12816	0	410	0	7444	0	354	0	15830	0	13184	0	9278	0	10308	290	8394	0	1876	174	2494	0	854	0	596	0	0	204	2908	236	3864	0	174	0	7110	0	2344	0	1752	0	110	0	0	0	142	0	0	0	0	0	0	0	2558	0	4926	0	0	0	100	0	1648	0	624	0	202	0	108	0	1062	0	22360	0	0	72	392	0	1852	0	5626	0	1812	0	2742	0	0	0	1194	0	0	0	0	0	0	0	0	0	0	0	0	0	0	0	0	0	0	0	0	0	0	0	0	0	0	
274496	Cingulum_Ant_L	1324	0	15220	5410	3720	200	2520	344	106	0	652	90	1620	154	2830	112	172	0	7738	1488	2478	2062	16676	6718	4202	618	1952	698	7060	204	0	13116	3670	4516	0	0	692	0	0	0	0	0	0	0	0	0	0	0	0	0	0	0	0	0	422	0	0	0	0	0	0	0	0	0	0	0	0	0	0	0	9008	3408	14348	1484	0	0	0	0	0	0	0	0	216	0	0	0	0	0	0	0	0	0	0	0	0	0	0	0	0	0	0	0	0	0	0	0	0	0	0	0	0	0	0	0	0	0	
396260	Cingulum_Ant_R	0	126	2186	32898	0	912	0	2312	0	112	0	1636	0	1774	0	1282	0	306	4564	15324	878	3312	11094	25720	0	3678	0	2384	0	2908	13116	0	2994	27264	0	0	0	1196	0	384	0	102	0	0	0	0	0	0	0	0	0	0	0	0	0	316	0	0	0	0	0	0	0	0	0	0	0	0	0	0	2996	16758	2544	16682	0	108	0	264	0	0	0	0	0	0	0	0	0	0	0	0	0	0	0	0	0	0	0	0	0	0	0	0	0	0	0	0	0	0	0	0	0	0	0	0	0	0	
136364	Cingulum_Mid_L	758	1176	4860	1380	0	0	286	78	0	0	0	100	0	246	0	178	0	0	9462	7202	0	0	4452	1016	0	0	0	0	0	236	3670	2994	0	11270	3026	910	0	0	0	0	0	0	132	0	322	418	0	0	700	616	962	546	0	0	0	0	480	0	398	0	358	0	98	0	144	0	3420	808	2472	2084	0	336	0	426	0	0	0	0	0	0	0	0	0	0	162	0	0	0	0	0	0	0	0	0	0	0	0	0	0	0	0	0	0	0	0	0	0	0	0	0	0	0	0	0	0	0	
586840	Cingulum_Mid_R	8178	3086	2924	22416	0	0	112	2008	0	0	0	3018	0	4100	0	1674	0	200	10114	44460	0	0	11286	17250	0	0	0	0	0	3864	4516	27264	11270	0	2010	8230	0	740	0	78	0	0	0	2842	0	4956	0	696	0	12838	160	11722	0	0	0	120	0	5386	0	422	0	636	0	250	92	1010	784	15268	12050	19960	100	5308	0	7138	0	0	0	170	0	0	0	0	0	0	106	2036	0	0	0	572	0	0	0	0	0	0	0	0	0	0	0	0	0	0	0	0	0	0	0	0	0	0	0	0	0	0	
86544	Cingulum_Post_L	832	208	0	0	0	0	0	0	0	0	0	0	0	0	0	0	0	0	490	1210	0	0	0	0	0	0	0	0	0	0	0	0	3026	2010	0	6490	2728	1434	766	0	0	0	4570	110	510	0	1230	112	506	120	2488	208	0	0	600	134	146	240	0	0	132	0	128	0	254	0	5694	608	2050	1000	0	0	0	0	0	0	0	0	0	0	0	0	0	0	2718	242	0	0	122	156	0	0	0	0	0	0	0	0	0	0	0	0	0	0	0	0	0	0	0	0	0	0	0	0	0	0	
110316	Cingulum_Post_R	1422	88	0	0	0	0	0	0	0	0	0	0	0	0	0	0	0	0	136	2318	0	0	0	0	0	0	0	0	0	174	0	0	910	8230	6490	0	1226	3076	474	188	0	0	0	3380	0	770	0	3854	0	1782	182	1870	0	0	0	652	0	384	0	0	0	76	0	0	94	72	402	8664	2078	1806	0	0	0	0	0	0	126	0	134	0	0	0	0	0	476	1668	0	0	0	950	0	0	0	0	0	0	0	170	0	0	0	0	0	0	0	0	0	0	0	0	836	0	0	0	0	0	
228720	Hippocampus_L	3276	196	3152	134	162	0	1262	90	0	0	1604	0	208	0	360	0	1336	0	3620	84	770	0	90	0	0	0	0	0	17774	0	692	0	0	0	2728	1226	0	1670	7864	166	8180	0	2150	0	0	0	1674	0	74	0	734	0	456	0	15558	0	1084	72	0	0	0	0	84	0	0	0	2372	0	142	0	1454	0	9198	88	700	0	3406	468	2778	0	2164	0	1718	0	1480	0	0	0	9738	0	0	0	0	0	0	0	124	0	0	0	0	0	0	0	0	0	0	0	0	0	0	0	0	0	0	0	
294492	Hippocampus_R	1216	3154	0	5594	0	0	0	1344	0	0	0	1058	0	230	0	1032	0	540	1348	4838	0	194	0	136	0	0	0	0	0	7110	0	1196	0	740	1434	3076	1670	0	672	26056	0	8462	0	1374	0	0	0	4034	0	0	0	0	0	0	86	24736	0	2786	0	0	0	0	0	684	0	216	0	2328	1728	766	0	1416	0	15746	0	704	904	3728	340	156	124	594	0	1716	238	2064	0	350	100	7294	0	94	0	0	0	0	0	1198	0	102	0	0	0	0	0	0	0	0	0	0	540	0	0	0	0	0	
52120	ParaHippocampal_L	436	0	0	0	0	0	0	0	0	0	96	0	0	0	0	0	92	0	0	0	710	0	0	0	0	0	0	0	712	0	0	0	0	0	766	474	7864	672	0	106	1250	0	734	0	0	0	2534	0	0	0	648	0	464	0	3344	0	0	0	0	0	0	0	0	0	0	0	1018	0	112	0	0	0	444	0	0	0	776	78	282	0	0	0	264	0	1200	0	0	0	108	0	144	0	0	0	140	0	438	0	154	0	0	0	0	0	0	0	0	0	0	0	0	0	0	0	0	0	
171264	ParaHippocampal_R	0	302	0	1704	0	0	0	228	0	0	0	394	0	108	0	290	0	110	526	1342	0	0	0	0	0	0	0	0	0	2344	0	384	0	78	0	188	166	26056	106	0	0	6122	0	1042	0	0	0	4260	0	0	0	0	0	0	0	20804	0	148	0	0	0	0	0	0	0	0	0	568	0	0	0	554	0	6888	0	660	0	690	0	0	0	142	0	1678	0	250	0	584	0	2420	0	648	0	0	0	80	0	2768	0	736	0	0	0	0	0	0	0	0	0	0	190	0	74	0	0	0	
42364	Amygdala_L	0	0	0	0	222	0	0	0	0	0	0	0	0	0	322	0	0	0	0	0	1170	0	0	0	0	0	0	0	3136	0	0	0	0	0	0	0	8180	0	1250	0	0	0	0	0	0	0	0	0	0	0	0	0	0	0	3226	0	0	0	0	0	0	0	0	0	0	0	0	0	0	0	0	0	224	0	0	0	0	0	0	0	0	0	1312	0	136	0	0	0	2004	0	0	0	0	0	0	0	0	0	0	0	0	0	0	0	0	0	0	0	0	0	0	0	0	0	0	0	
57712	Amygdala_R	0	0	0	128	0	130	0	0	0	0	0	0	0	0	0	466	0	0	0	0	0	716	0	0	0	0	0	152	0	1752	0	102	0	0	0	0	0	8462	0	6122	0	0	0	0	0	0	0	0	0	0	0	0	0	0	0	5952	0	0	0	0	0	0	0	0	0	0	0	0	0	0	0	0	0	1358	0	0	0	0	0	0	0	0	0	2556	0	150	0	514	0	296	0	0	0	0	0	0	0	0	0	0	0	0	0	0	0	0	0	0	0	0	0	0	0	0	0	0	
183044	Calcarine_L	180	0	0	0	0	0	0	0	0	0	0	0	0	0	0	0	0	0	0	0	0	0	0	0	0	0	0	0	0	0	0	0	132	0	4570	0	2150	0	734	0	0	0	0	5204	10246	3278	9858	1898	10306	1402	19262	554	806	0	768	138	566	0	398	0	552	0	692	0	596	0	11596	74	410	0	0	0	0	0	0	0	0	0	0	0	0	0	0	0	3212	0	0	0	624	0	98	100	0	0	0	0	0	278	104	242	0	0	0	0	0	0	0	0	0	0	350	144	0	0	0	0	
330980	Calcarine_R	0	0	0	0	0	0	0	0	0	0	0	0	0	0	0	0	0	0	0	516	0	0	0	0	0	0	0	0	0	110	0	0	0	2842	110	3380	0	1374	0	1042	0	0	5204	0	4798	24340	840	27540	378	24300	0	25698	0	2738	0	3342	0	1116	0	0	0	0	0	0	0	322	0	23136	0	2184	0	0	0	0	0	0	0	0	0	0	0	0	0	0	0	6822	0	0	0	2126	0	484	0	0	0	0	0	418	0	238	0	0	0	0	0	0	0	0	0	0	92	0	0	0	0	0	
124988	Cuneus_L	134	0	0	0	0	0	0	0	0	0	0	0	0	0	0	0	0	0	0	0	0	0	0	0	0	0	0	0	0	0	0	0	322	0	510	0	0	0	0	0	0	0	10246	4798	0	5254	2182	688	15972	580	9848	224	0	0	0	0	750	0	1434	0	0	0	0	0	0	0	8498	266	246	0	0	0	0	0	0	0	0	0	0	0	0	0	0	0	418	0	0	0	124	0	0	0	0	0	0	0	0	0	0	0	0	0	0	0	0	0	0	0	0	0	0	0	0	0	0	0	
329372	Cuneus_R	94	1174	0	0	0	0	0	0	0	0	0	0	0	0	0	0	0	0	0	934	0	0	0	0	0	0	0	0	0	0	0	0	418	4956	0	770	0	0	0	0	0	0	3278	24340	5254	0	196	3984	510	45156	0	18822	0	132	0	264	0	6058	0	4048	0	326	0	0	0	854	2942	34492	100	5188	0	0	0	0	0	0	0	0	0	0	0	0	0	0	0	396	0	0	0	0	0	0	0	0	0	0	0	0	0	0	0	0	0	0	0	0	0	0	0	0	0	0	0	0	0	0	
229980	Lingual_L	0	0	0	0	0	0	0	0	0	0	0	0	0	0	0	0	0	0	0	0	0	0	0	0	0	0	0	0	0	0	0	0	0	0	1230	0	1674	0	2534	0	0	0	9858	840	2182	196	0	1118	2332	0	23278	0	12990	0	17644	0	0	0	0	0	0	0	0	0	0	0	2702	0	0	0	0	0	0	0	0	0	116	0	150	0	0	0	0	0	764	0	0	0	346	0	6312	1110	992	0	162	0	8466	422	11356	1506	0	0	176	0	598	0	0	0	0	0	1422	2216	298	0	0	0	
249596	Lingual_R	0	0	0	0	0	0	0	0	0	0	0	0	0	0	0	0	0	0	0	0	0	0	0	0	0	0	0	0	0	142	0	0	0	696	112	3854	0	4034	0	4260	0	0	1898	27540	688	3984	1118	0	0	9200	0	7750	0	4734	0	17646	0	94	0	0	0	0	0	0	0	0	0	9010	0	86	0	0	0	0	0	0	0	250	0	0	0	0	0	0	0	1108	0	0	0	1508	0	3514	0	0	0	164	78	4446	1042	7220	0	0	0	0	0	138	0	0	0	0	3092	4976	114	100	130	72	
145668	Occipital_Sup_L	198	0	0	0	0	0	0	0	0	0	0	0	0	0	0	0	0	0	0	0	0	0	0	0	0	0	0	0	0	0	0	0	700	0	506	0	74	0	0	0	0	0	10306	378	15972	510	2332	0	0	0	23988	0	80	0	0	0	850	0	3512	0	424	0	92	0	378	0	8360	586	268	0	0	0	0	0	0	0	0	0	0	0	0	0	0	0	2732	0	0	0	588	0	0	0	0	0	0	0	0	0	0	0	0	0	0	0	0	0	0	0	0	0	0	0	0	0	0	0	
414164	Occipital_Sup_R	118	1228	0	0	0	0	0	0	0	0	0	0	0	0	0	0	0	0	0	1796	0	0	0	0	0	0	0	0	0	0	0	0	616	12838	120	1782	0	0	0	0	0	0	1402	24300	580	45156	0	9200	0	0	0	38022	0	512	0	1022	0	6712	0	5018	0	1060	0	202	0	4486	2138	37392	142	7922	0	0	0	0	0	0	0	0	0	0	0	0	0	0	0	2336	0	0	0	316	0	388	0	0	0	0	0	0	0	194	0	0	0	0	0	0	0	0	0	0	84	0	0	0	0	0	
428196	Occipital_Mid_L	3584	176	346	0	0	0	0	0	0	0	338	0	0	0	0	0	252	0	946	148	0	0	0	0	0	0	0	0	600	0	0	0	962	160	2488	182	734	0	648	0	0	0	19262	0	9848	0	23278	0	23988	0	0	0	20914	0	13956	0	5212	0	8310	0	10432	0	2836	0	17232	0	12792	464	3656	138	504	0	0	0	0	0	80	0	402	0	388	0	0	0	22204	0	0	0	5222	0	728	0	0	0	0	0	250	0	438	0	0	0	0	0	0	0	0	0	0	0	0	0	0	0	0	0	
368144	Occipital_Mid_R	136	846	0	0	0	0	0	0	0	0	0	0	0	0	0	0	0	0	0	2232	0	0	0	0	0	0	0	0	0	0	0	0	546	11722	208	1870	0	0	0	0	0	0	554	25698	224	18822	0	7750	0	38022	0	0	0	3778	0	928	0	4266	0	2102	0	2906	0	424	0	12226	1100	25356	192	6134	0	0	0	0	0	0	0	0	0	0	0	1122	0	0	0	13240	0	0	0	1584	0	0	0	0	0	0	0	0	0	0	0	0	0	0	0	0	0	0	0	0	84	0	0	0	0	0	
119572	Occipital_Inf_L	0	0	0	0	0	0	0	0	0	0	0	0	0	0	0	0	90	0	0	0	0	0	0	0	0	0	0	0	0	0	0	0	0	0	0	0	456	0	464	0	0	0	806	0	0	0	12990	0	80	0	20914	0	0	0	15296	0	72	0	0	0	0	0	0	0	0	0	134	0	0	0	0	0	0	0	0	0	0	0	336	0	0	0	0	0	2280	0	0	0	4134	0	764	0	0	0	0	0	444	0	526	0	0	0	0	0	0	0	0	0	0	0	0	0	0	0	0	0	
44252	Occipital_Inf_R	0	0	0	0	0	0	0	0	0	0	0	0	0	0	0	0	0	0	0	0	0	0	0	0	0	0	0	0	0	0	0	0	0	0	0	0	0	0	0	0	0	0	0	2738	0	132	0	4734	0	512	0	3778	0	0	0	4866	0	0	0	0	0	0	0	0	0	0	0	476	0	0	0	0	0	0	0	0	0	0	0	0	0	0	0	0	0	630	0	0	0	2894	0	476	0	0	0	0	0	0	0	714	0	0	0	0	0	0	0	0	0	0	0	176	0	0	0	0	
308156	Fusiform_L	488	0	1474	0	0	0	0	0	0	0	762	0	150	0	0	0	994	0	1636	0	252	0	0	0	0	0	0	0	8282	0	422	0	0	0	600	0	15558	86	3344	0	3226	0	768	0	0	0	17644	0	0	0	13956	0	15296	0	0	0	148	0	0	0	96	0	94	0	96	0	728	0	312	0	806	0	4850	0	0	0	528	0	1880	0	1450	0	1050	0	3800	0	0	0	11946	0	10500	440	608	0	0	0	11420	0	16688	462	0	0	0	0	0	0	0	0	0	0	358	672	208	0	0	0	
313344	Fusiform_R	0	334	0	1246	0	0	0	100	0	0	0	306	0	94	0	178	0	156	566	1340	0	0	0	0	0	0	0	0	0	2558	0	316	0	120	134	652	0	24736	0	20804	0	5952	138	3342	0	264	0	17646	0	1022	0	928	0	4866	0	0	0	454	0	0	0	0	0	182	0	0	0	1026	134	158	0	450	0	6116	0	488	0	78	0	0	0	320	0	3404	0	2162	0	1134	0	14574	0	8006	0	0	0	134	0	8368	328	12970	0	0	0	0	0	462	0	0	0	0	2946	3904	134	302	448	192	
250812	Postcentral_L	27936	1108	2046	210	0	0	142	122	0	0	5682	76	0	0	0	0	6870	0	5068	776	0	0	0	0	0	0	0	0	4104	0	0	0	480	0	146	0	1084	0	0	0	0	0	566	0	750	0	0	0	850	0	5212	0	72	0	148	0	0	84	6780	0	21406	0	11058	0	2156	0	2972	0	3604	0	236	0	2586	0	858	0	1296	0	2644	0	3728	0	0	0	1898	0	0	0	652	0	0	0	0	0	0	0	0	0	0	0	0	0	0	0	0	0	0	0	0	0	0	0	0	0	0	0	
266400	Postcentral_R	178	23250	174	622	0	0	0	528	0	0	0	3546	0	0	0	120	0	5798	240	2798	0	0	0	0	0	0	0	0	0	4926	0	0	0	5386	240	384	72	2786	0	148	0	0	0	1116	0	6058	0	94	0	6712	0	4266	0	0	0	454	84	0	0	6958	0	3966	0	9670	0	2880	108	15376	210	14608	0	164	0	3560	0	424	84	550	0	320	0	2354	0	0	0	1278	0	0	0	710	0	0	0	0	0	0	0	0	0	0	0	0	0	0	0	0	0	0	0	0	0	0	0	0	0	0	
90156	Parietal_Sup_L	448	0	0	0	0	0	0	0	0	0	72	0	0	0	0	0	0	0	178	0	0	0	0	0	0	0	0	0	122	0	0	0	398	0	0	0	0	0	0	0	0	0	398	0	1434	0	0	0	3512	0	8310	0	0	0	0	0	6780	0	0	0	10804	0	102	0	2974	0	8420	118	606	0	0	0	0	0	0	0	0	0	0	0	0	0	0	0	330	0	0	0	72	0	0	0	0	0	0	0	0	0	0	0	0	0	0	0	0	0	0	0	0	0	0	0	0	0	0	0	
88684	Parietal_Sup_R	0	708	0	0	0	0	0	0	0	0	0	0	0	0	0	0	0	0	0	350	0	0	0	0	0	0	0	0	0	0	0	0	0	422	0	0	0	0	0	0	0	0	0	0	0	4048	0	0	0	5018	0	2102	0	0	0	0	0	6958	0	0	0	4104	0	1106	0	4774	500	11418	0	2834	0	0	0	0	0	0	0	0	0	0	0	0	0	0	0	0	0	0	0	0	0	0	0	0	0	0	0	0	0	0	0	0	0	0	0	0	0	0	0	0	0	0	0	0	0	0	
227572	Parietal_Inf_L	3038	402	314	0	0	0	0	0	0	0	264	0	0	0	0	0	864	0	394	0	0	0	0	0	0	0	0	0	250	0	0	0	358	0	132	0	0	0	0	0	0	0	552	0	0	0	0	0	424	0	10432	0	0	0	96	0	21406	0	10804	0	0	0	20232	0	19570	0	1884	0	2898	0	160	0	0	0	0	0	0	0	328	0	2280	0	0	0	9934	0	0	0	6770	0	0	0	0	0	0	0	0	0	0	0	0	0	0	0	0	0	0	0	0	0	0	0	0	0	0	0	
77492	Parietal_Inf_R	0	828	0	0	0	0	0	0	0	0	0	0	0	0	0	0	0	154	0	492	0	0	0	0	0	0	0	0	0	100	0	0	0	636	0	76	0	0	0	0	0	0	0	0	0	326	0	0	0	1060	0	2906	0	0	0	0	0	3966	0	4104	0	0	0	10060	0	11368	0	840	0	632	0	0	0	0	0	0	0	0	0	92	0	630	0	0	0	394	0	0	0	82	0	0	0	0	0	0	0	0	0	0	0	0	0	0	0	0	0	0	0	0	0	0	0	0	0	0	
170524	SupraMarginal_L	940	0	338	0	0	0	0	0	0	0	0	0	0	0	0	0	2578	0	432	0	0	0	0	0	0	0	0	0	530	0	0	0	98	0	128	0	84	0	0	0	0	0	692	0	0	0	0	0	92	0	2836	0	0	0	94	0	11058	0	102	0	20232	0	0	0	10632	0	710	0	1352	0	0	0	0	0	0	0	0	0	850	0	8174	0	0	0	14902	0	0	0	8408	0	0	0	0	0	0	0	0	0	0	0	0	0	0	0	0	0	0	0	0	0	0	0	0	0	0	0	
100628	SupraMarginal_R	0	830	0	0	0	0	0	0	0	0	0	0	0	0	0	0	0	2980	0	502	0	0	0	0	0	0	0	0	0	1648	0	0	0	250	0	0	0	684	0	0	0	0	0	0	0	0	0	0	0	202	0	424	0	0	0	182	0	9670	0	1106	0	10060	0	0	0	10406	0	170	0	598	0	0	0	0	0	0	0	0	0	512	0	7316	0	0	0	1980	0	0	0	794	0	0	0	0	0	0	0	0	0	0	0	0	0	0	0	0	0	0	0	0	0	0	0	0	0	0	
142752	Angular_L	596	76	262	0	0	0	0	0	0	0	0	0	0	0	0	0	440	0	334	0	0	0	0	0	0	0	0	0	192	0	0	0	144	92	254	94	0	0	0	0	0	0	596	0	0	0	0	0	378	0	17232	0	0	0	96	0	2156	0	2974	0	19570	0	10632	0	0	0	528	0	2920	86	112	0	0	0	0	0	0	0	0	0	838	0	0	0	8178	0	0	0	2596	0	0	0	0	0	0	0	0	0	0	0	0	0	0	0	0	0	0	0	0	0	0	0	0	0	0	0	
136808	Angular_R	0	1126	0	0	0	0	0	0	0	0	0	0	0	0	0	0	0	354	0	420	0	0	0	0	0	0	0	0	0	624	0	0	0	1010	0	72	0	216	0	0	0	0	0	322	0	854	0	0	0	4486	0	12226	0	0	0	0	0	2880	0	4774	0	11368	0	10406	0	0	0	2290	0	1070	0	0	0	0	0	0	0	0	0	268	0	6528	0	0	0	6352	0	0	0	758	0	0	0	0	0	0	0	0	0	0	0	0	0	0	0	0	0	0	0	0	0	0	0	0	0	0	
187856	Precuneus_L	532	72	88	0	0	0	0	0	0	0	0	0	0	0	0	0	0	0	194	0	0	0	0	0	0	0	0	0	0	0	0	0	3420	784	5694	402	2372	0	1018	0	0	0	11596	0	8498	2942	2702	0	8360	2138	12792	1100	134	0	728	0	2972	108	8420	500	1884	0	710	0	528	0	0	6054	2818	108	78	0	0	0	0	0	0	0	0	0	0	0	0	0	3486	0	0	0	696	0	0	0	0	0	0	0	0	0	0	0	0	0	0	0	0	0	0	0	0	0	0	0	0	0	0	0	
454768	Precuneus_R	232	2212	0	0	0	0	0	0	0	0	0	0	0	0	0	0	0	0	0	3308	0	0	0	0	0	0	0	0	0	202	0	0	808	15268	608	8664	0	2328	0	568	0	0	74	23136	266	34492	0	9010	586	37392	464	25356	0	476	0	1026	0	15376	118	11418	0	840	0	170	0	2290	6054	0	302	14750	0	0	0	0	0	0	0	210	0	0	0	86	0	0	0	6102	0	0	0	1908	0	0	0	0	0	0	0	266	0	0	0	0	0	0	0	0	0	0	0	0	1018	0	0	0	0	0	
248276	Paracentral_Lobule_L	27920	3936	932	1362	0	0	0	0	0	0	0	0	0	0	0	0	318	0	7098	19672	0	0	0	0	0	0	0	0	136	0	0	0	2472	12050	2050	2078	142	1728	112	0	0	0	410	0	246	100	0	0	268	142	3656	192	0	0	312	134	3604	210	606	0	2898	0	1352	0	2920	0	2818	302	0	16168	98	190	0	0	0	0	120	94	120	0	224	0	0	0	3322	128	0	0	1296	202	0	0	0	0	0	0	0	0	0	0	0	0	0	0	0	0	0	0	0	0	0	0	0	0	0	0	
388672	Paracentral_Lobule_R	7078	11328	186	1470	0	0	0	0	0	0	0	0	0	0	0	0	0	0	3622	48368	0	0	0	0	0	0	0	0	0	108	0	0	2084	19960	1000	1806	0	766	0	0	0	0	0	2184	0	5188	0	86	0	7922	138	6134	0	0	0	158	0	14608	0	2834	0	632	0	598	86	1070	108	14750	16168	0	190	9990	0	0	0	0	408	10750	0	0	0	0	0	0	96	1102	0	0	0	1360	0	0	0	0	0	0	0	0	0	0	0	0	0	0	0	0	0	0	0	0	0	0	0	0	0	0	
197852	Caudate_L	514	882	9084	3294	504	0	858	318	0	0	172	0	234	0	402	0	90	0	9548	6042	4310	4774	140	0	672	0	966	838	2318	0	9008	2996	0	100	0	0	1454	0	0	0	0	0	0	0	0	0	0	0	0	0	504	0	0	0	806	0	236	0	0	0	160	0	0	0	112	0	78	0	98	190	0	9732	15664	1222	1484	1038	7356	100	144	0	0	0	98	0	266	0	0	0	120	0	0	0	0	0	0	0	0	0	0	0	0	0	0	0	0	0	0	0	0	0	0	0	0	0	0	0	
356088	Caudate_R	432	4442	1060	21184	0	778	492	4378	0	238	0	526	0	574	0	6282	0	0	2812	25142	1534	4378	1412	7406	0	2502	0	1736	148	1062	3408	16758	336	5308	0	0	0	1416	0	554	0	0	0	0	0	0	0	0	0	0	0	0	0	0	0	450	0	164	0	0	0	0	0	0	0	0	0	0	190	9990	9732	0	4808	19126	0	1858	152	15194	0	0	0	82	0	0	0	0	0	0	0	0	0	0	0	0	0	0	0	0	0	0	0	0	0	0	0	0	0	0	0	0	0	0	0	0	0	0	
247784	Putamen_L	3388	474	7672	368	1042	0	464	190	140	0	3634	0	862	0	638	0	832	0	11566	342	3116	3578	368	0	1668	0	1076	796	16060	0	14348	2544	0	0	0	0	9198	0	444	0	224	0	0	0	0	0	0	0	0	0	0	0	0	0	4850	0	2586	0	0	0	0	0	0	0	0	0	0	0	0	0	15664	4808	0	604	6262	0	1654	0	0	0	390	0	530	0	0	0	0	0	1512	0	0	0	0	0	0	0	0	0	0	0	0	0	0	0	0	0	0	0	0	0	0	0	0	0	0	0	
385660	Putamen_R	0	5094	824	25396	0	688	0	6448	0	256	0	8158	0	5324	0	2644	0	2066	3034	10148	0	270	1432	9224	0	2388	0	714	0	22360	1484	16682	426	7138	0	0	88	15746	0	6888	0	1358	0	0	0	0	0	0	0	0	0	0	0	0	0	6116	0	3560	0	0	0	0	0	0	0	0	0	0	0	0	1222	19126	604	0	0	2916	96	1732	0	0	0	478	0	0	0	108	0	0	0	594	0	0	0	0	0	0	0	0	0	0	0	0	0	0	0	0	0	0	0	0	0	0	0	0	0	0	
43592	Pallidum_L	1260	298	3112	98	0	0	302	84	0	0	756	0	0	0	0	0	0	0	5302	0	0	0	0	0	0	0	0	0	0	0	0	0	0	0	0	0	700	0	0	0	0	0	0	0	0	0	0	0	0	0	0	0	0	0	0	0	858	0	0	0	0	0	0	0	0	0	0	0	0	0	1484	0	6262	0	0	0	1280	0	0	0	0	0	0	0	0	0	0	0	0	0	0	0	0	0	0	0	0	0	0	0	0	0	0	0	0	0	0	0	0	0	0	0	0	0	0	0	
28904	Pallidum_R	0	1168	1002	1100	0	0	0	356	0	0	0	0	0	0	0	110	0	116	944	1232	0	0	0	0	0	0	0	0	0	0	0	108	0	0	0	0	0	704	0	660	0	0	0	0	0	0	0	0	0	0	0	0	0	0	0	488	0	424	0	0	0	0	0	0	0	0	0	0	0	0	1038	1858	0	2916	0	0	0	228	0	0	0	0	0	0	0	0	0	0	0	0	0	0	0	0	0	0	0	0	0	0	0	0	0	0	0	0	0	0	0	0	0	0	0	0	0	0	
86712	Thalamus_L	5714	622	4298	392	0	0	1412	342	0	0	2480	0	0	0	0	0	0	0	1260	544	0	0	0	0	0	0	0	0	504	72	0	0	0	0	0	126	3406	904	776	0	0	0	0	0	0	0	116	0	0	0	80	0	0	0	528	0	1296	84	0	0	0	0	0	0	0	0	0	0	120	408	7356	152	1654	96	1280	0	0	3782	1908	0	610	0	0	0	238	0	0	0	668	0	0	0	0	0	0	0	0	0	0	0	0	0	0	0	0	0	0	0	0	128	0	0	0	0	0	0	
158656	Thalamus_R	754	9520	208	13106	0	0	0	836	0	0	0	360	0	0	0	308	0	0	196	14510	0	0	0	0	0	0	0	0	0	392	0	264	0	170	0	0	468	3728	78	690	0	0	0	0	0	0	0	250	0	0	0	0	0	0	0	78	0	550	0	0	0	0	0	0	0	0	0	210	94	10750	100	15194	0	1732	0	228	3782	0	368	0	118	0	0	0	0	0	0	0	88	0	0	0	0	0	0	0	0	102	0	0	0	0	0	0	0	0	0	0	0	0	96	0	0	0	0	0	
76464	Heschl_L	2888	96	410	0	0	0	0	0	0	0	746	0	0	0	0	0	3832	0	716	0	0	0	0	0	0	0	0	0	3942	0	0	0	0	0	0	134	2778	340	282	0	0	0	0	0	0	0	150	0	0	0	402	0	336	0	1880	0	2644	0	0	0	328	0	850	0	0	0	0	0	120	0	144	0	0	0	0	0	1908	368	0	0	4618	0	0	0	4910	0	0	0	3410	0	0	0	0	0	0	0	0	0	0	0	0	0	0	0	0	0	0	0	0	0	0	0	0	0	0	0	
22024	Heschl_R	0	168	0	0	0	0	0	0	0	0	0	0	0	0	0	0	0	1292	0	0	0	0	0	0	0	0	0	0	0	1852	0	0	0	0	0	0	0	156	0	0	0	0	0	0	0	0	0	0	0	0	0	0	0	0	0	0	0	320	0	0	0	92	0	512	0	268	0	0	0	0	0	0	0	0	0	0	0	0	0	0	0	4658	0	112	0	1236	0	0	0	346	0	0	0	0	0	0	0	0	0	0	0	0	0	0	0	0	0	0	0	0	0	0	0	0	0	0	
127400	Temporal_Sup_L	1164	0	448	0	0	0	0	0	0	0	976	0	0	0	0	0	5204	0	386	0	0	0	0	0	0	0	0	0	3248	0	0	0	0	0	0	0	2164	124	0	0	0	0	0	0	0	0	0	0	0	0	388	0	0	0	1450	0	3728	0	0	0	2280	0	8174	0	838	0	0	0	224	0	0	0	390	0	0	0	610	118	4618	0	0	0	2566	0	15958	0	0	0	8644	0	0	0	0	0	0	0	0	0	0	0	0	0	0	0	0	0	0	0	0	0	0	0	0	0	0	0	
116480	Temporal_Sup_R	0	354	0	268	0	0	0	244	0	0	0	0	0	0	0	696	0	5522	0	138	0	0	0	0	0	0	0	0	0	5626	0	0	0	0	0	0	0	594	0	142	0	0	0	0	0	0	0	0	0	0	0	1122	0	0	0	320	0	2354	0	0	0	630	0	7316	0	6528	0	86	0	0	0	82	0	478	0	0	0	0	0	4658	0	0	0	3858	0	14196	0	576	0	2452	0	0	0	0	0	0	0	0	0	0	0	0	0	0	0	0	0	0	0	0	0	0	0	0	0	0	
52420	Temporal_Pole_Sup_L	82	0	144	0	492	0	0	0	0	0	1206	0	790	0	1786	0	892	0	0	0	1256	0	0	0	0	0	0	0	5446	0	216	0	0	0	0	0	1718	0	264	0	1312	0	0	0	0	0	0	0	0	0	0	0	0	0	1050	0	0	0	0	0	0	0	0	0	0	0	0	0	0	0	98	0	530	0	0	0	0	0	0	0	2566	0	0	0	2870	0	1088	0	2404	0	0	0	0	0	0	0	0	0	0	0	0	0	0	0	0	0	0	0	0	0	0	0	0	0	0	0	
46784	Temporal_Pole_Sup_R	0	0	0	478	0	0	0	0	0	0	0	722	0	136	0	970	0	732	0	432	0	156	0	0	0	0	0	0	0	1812	0	0	0	0	0	0	0	1716	0	1678	0	2556	0	0	0	0	0	0	0	0	0	0	0	0	0	3404	0	0	0	0	0	0	0	0	0	0	0	0	0	0	0	0	0	0	0	0	0	0	0	112	0	3858	0	0	0	1098	0	2142	0	1390	0	0	0	0	0	0	0	0	0	0	0	0	0	0	0	0	0	0	0	0	0	0	0	0	0	0	
311564	Temporal_Mid_L	3678	112	190	0	0	0	0	0	0	0	242	0	0	0	0	0	1656	0	732	96	0	0	0	0	0	0	0	0	1410	0	0	0	162	106	2718	476	1480	238	1200	0	136	0	3212	0	418	0	764	0	2732	0	22204	0	2280	0	3800	0	1898	0	330	0	9934	0	14902	0	8178	0	3486	0	3322	96	266	0	0	0	0	0	238	0	4910	0	15958	0	2870	0	0	0	1312	0	38040	0	0	0	0	0	0	0	0	0	0	0	0	0	0	0	0	0	0	0	0	0	0	0	0	0	0	0	
189968	Temporal_Mid_R	0	612	0	0	0	0	0	0	0	0	0	0	0	0	0	76	0	522	0	830	0	0	0	0	0	0	0	0	0	2742	0	0	0	2036	242	1668	0	2064	0	250	0	150	0	6822	0	396	0	1108	0	2336	0	13240	0	630	0	2162	0	1278	0	0	0	394	0	1980	0	6352	0	6102	128	1102	0	0	0	108	0	0	0	0	0	1236	0	14196	0	1098	0	0	0	1564	0	21560	0	0	0	0	0	0	0	0	0	0	0	0	0	0	0	0	0	0	0	0	0	0	0	0	0	0	
7340	Temporal_Pole_Mid_L	0	0	0	0	0	0	0	0	0	0	0	0	0	0	0	0	0	0	0	0	0	0	0	0	0	0	0	0	0	0	0	0	0	0	0	0	0	0	0	0	0	0	0	0	0	0	0	0	0	0	0	0	0	0	0	0	0	0	0	0	0	0	0	0	0	0	0	0	0	0	0	0	0	0	0	0	0	0	0	0	0	0	1088	0	1312	0	0	0	1270	0	0	0	0	0	0	0	0	0	0	0	0	0	0	0	0	0	0	0	0	0	0	0	0	0	0	0	
16868	Temporal_Pole_Mid_R	0	0	0	0	0	0	0	0	0	0	0	0	0	0	0	0	0	0	0	0	0	0	0	0	0	0	0	0	0	0	0	0	0	0	0	0	0	350	0	584	0	514	0	0	0	0	0	0	0	0	0	0	0	0	0	1134	0	0	0	0	0	0	0	0	0	0	0	0	0	0	0	0	0	0	0	0	0	0	0	0	0	576	0	2142	0	1564	0	0	0	1570	0	0	0	0	0	0	0	0	0	0	0	0	0	0	0	0	0	0	0	0	0	0	0	0	0	0	
246576	Temporal_Inf_L	1752	0	652	0	0	0	0	0	0	0	324	0	0	0	0	0	1454	0	1360	0	0	0	0	0	0	0	0	0	5122	0	0	0	0	0	122	0	9738	100	108	0	2004	0	624	0	124	0	346	0	588	0	5222	0	4134	0	11946	0	652	0	72	0	6770	0	8408	0	2596	0	696	0	1296	0	120	0	1512	0	0	0	668	88	3410	0	8644	0	2404	0	38040	0	1270	0	0	0	346	0	0	0	0	0	420	0	156	0	0	0	0	0	0	0	0	0	0	0	0	0	0	0	0	0	
144028	Temporal_Inf_R	0	1120	0	152	0	0	0	0	0	0	0	0	0	0	0	0	0	0	130	816	0	0	0	0	0	0	0	0	0	1194	0	0	0	572	156	950	0	7294	0	2420	0	296	0	2126	0	0	0	1508	0	316	0	1584	0	2894	0	14574	0	710	0	0	0	82	0	794	0	758	0	1908	202	1360	0	0	0	594	0	0	0	0	0	346	0	2452	0	1390	0	21560	0	1570	0	0	0	94	0	0	0	0	0	0	0	92	0	0	0	0	0	0	0	0	0	0	0	0	0	0	0	0	
384264	Cerebelum_Crus1_L	0	0	0	0	0	0	0	0	0	0	0	0	0	0	0	0	0	0	0	0	0	0	0	0	0	0	0	0	0	0	0	0	0	0	0	0	0	0	144	0	0	0	98	0	0	0	6312	0	0	0	728	0	764	0	10500	0	0	0	0	0	0	0	0	0	0	0	0	0	0	0	0	0	0	0	0	0	0	0	0	0	0	0	0	0	0	0	0	0	346	0	0	2476	35536	1478	2328	338	29030	600	59708	2872	5848	0	14506	1452	3002	120	2616	0	142	514	2818	3008	3768	688	312	80	
461408	Cerebelum_Crus1_R	0	0	0	0	0	0	0	0	0	0	0	0	0	0	0	0	0	0	0	0	0	0	0	0	0	0	0	0	0	0	0	0	0	0	0	0	0	94	0	648	0	0	100	484	0	0	1110	3514	0	388	0	0	0	476	440	8006	0	0	0	0	0	0	0	0	0	0	0	0	0	0	0	0	0	0	0	0	0	0	0	0	0	0	0	0	0	0	0	0	0	94	2476	0	278	26798	310	4904	1490	22808	5246	71720	0	760	1340	21554	1156	6920	0	3266	600	2490	5652	14828	10174	4140	5250	1190	
266820	Cerebelum_Crus2_L	0	0	0	0	0	0	0	0	0	0	0	0	0	0	0	0	0	0	0	0	0	0	0	0	0	0	0	0	0	0	0	0	0	0	0	0	0	0	0	0	0	0	0	0	0	0	992	0	0	0	0	0	0	0	608	0	0	0	0	0	0	0	0	0	0	0	0	0	0	0	0	0	0	0	0	0	0	0	0	0	0	0	0	0	0	0	0	0	0	0	35536	278	0	4692	1020	142	7270	248	15154	450	25702	3236	28038	2912	1020	0	490	0	0	212	1038	80	2250	1830	212	0	
233420	Cerebelum_Crus2_R	0	0	0	0	0	0	0	0	0	0	0	0	0	0	0	0	0	0	0	0	0	0	0	0	0	0	0	0	0	0	0	0	0	0	0	0	0	0	0	0	0	0	0	0	0	0	0	0	0	0	0	0	0	0	0	0	0	0	0	0	0	0	0	0	0	0	0	0	0	0	0	0	0	0	0	0	0	0	0	0	0	0	0	0	0	0	0	0	0	0	1478	26798	4692	0	76	116	84	838	860	7696	756	16448	2024	39050	396	3450	0	1214	0	138	132	744	6608	2712	400	0	
38988	Cerebelum_3_L	0	0	0	0	0	0	0	0	0	0	0	0	0	0	0	0	0	0	0	0	0	0	0	0	0	0	0	0	0	0	0	0	0	0	0	0	0	0	140	0	0	0	0	0	0	0	162	0	0	0	0	0	0	0	0	0	0	0	0	0	0	0	0	0	0	0	0	0	0	0	0	0	0	0	0	0	0	0	0	0	0	0	0	0	0	0	0	0	0	0	2328	310	1020	76	0	0	6240	100	2802	360	72	0	1394	130	1438	0	0	0	700	784	808	152	290	96	92	0	
55300	Cerebelum_3_R	0	0	0	0	0	0	0	0	0	0	0	0	0	0	0	0	0	0	0	0	0	0	0	0	0	0	0	0	0	0	0	0	0	0	0	0	0	0	0	80	0	0	0	0	0	0	0	164	0	0	0	0	0	0	0	134	0	0	0	0	0	0	0	0	0	0	0	0	0	0	0	0	0	0	0	0	0	0	0	0	0	0	0	0	0	0	0	0	0	0	338	4904	142	116	0	0	612	5862	350	7536	0	0	0	236	0	1106	0	0	238	4056	1162	310	108	0	196	0	
260316	Cerebelum_4_5_L	0	0	0	0	0	0	0	0	0	0	0	0	0	0	0	0	0	0	0	0	0	0	0	0	0	0	0	0	0	0	0	0	0	0	0	0	124	0	438	0	0	0	0	0	0	0	8466	78	0	0	250	0	444	0	11420	0	0	0	0	0	0	0	0	0	0	0	0	0	0	0	0	0	0	0	0	0	0	0	0	0	0	0	0	0	0	0	0	0	420	0	29030	1490	7270	84	6240	612	0	1404	40838	2536	672	0	2862	106	2934	460	678	0	382	1160	7018	1402	500	0	340	500	
201760	Cerebelum_4_5_R	0	0	0	0	0	0	0	0	0	0	0	0	0	0	0	0	0	0	0	0	0	0	0	0	0	0	0	0	0	0	0	0	0	0	0	170	0	1198	0	2768	0	0	278	418	0	0	422	4446	0	0	0	0	0	0	0	8368	0	0	0	0	0	0	0	0	0	0	0	266	0	0	0	0	0	0	0	0	0	102	0	0	0	0	0	0	0	0	0	0	0	0	600	22808	248	838	100	5862	1404	0	1140	32606	0	0	0	980	0	464	0	342	0	1746	10048	1804	614	152	286	402	
394856	Cerebelum_6_L	0	0	0	0	0	0	0	0	0	0	0	0	0	0	0	0	0	0	0	0	0	0	0	0	0	0	0	0	0	0	0	0	0	0	0	0	0	0	154	0	0	0	104	0	0	0	11356	1042	0	0	438	0	526	0	16688	328	0	0	0	0	0	0	0	0	0	0	0	0	0	0	0	0	0	0	0	0	0	0	0	0	0	0	0	0	0	0	0	0	156	0	59708	5246	15154	860	2802	350	40838	1140	0	6230	3126	0	6506	844	3330	238	2700	0	148	524	4026	7646	3852	598	522	248	
465716	Cerebelum_6_R	0	0	0	0	0	0	0	0	0	0	0	0	0	0	0	0	0	0	0	0	0	0	0	0	0	0	0	0	0	0	0	0	0	0	0	0	0	102	0	736	0	0	242	238	0	0	1506	7220	0	194	0	0	0	714	462	12970	0	0	0	0	0	0	0	0	0	0	0	0	0	0	0	0	0	0	0	0	0	0	0	0	0	0	0	0	0	0	0	0	0	92	2872	71720	450	7696	360	7536	2536	32606	6230	0	0	140	1230	8458	1168	7340	0	3676	660	3704	10664	18390	8854	4548	6116	1428	
142112	Cerebelum_7b_L	0	0	0	0	0	0	0	0	0	0	0	0	0	0	0	0	0	0	0	0	0	0	0	0	0	0	0	0	0	0	0	0	0	0	0	0	0	0	0	0	0	0	0	0	0	0	0	0	0	0	0	0	0	0	0	0	0	0	0	0	0	0	0	0	0	0	0	0	0	0	0	0	0	0	0	0	0	0	0	0	0	0	0	0	0	0	0	0	0	0	5848	0	25702	756	72	0	672	0	3126	0	0	464	25710	2170	1700	0	324	0	0	0	0	0	2010	2156	346	0	
84428	Cerebelum_7b_R	0	0	0	0	0	0	0	0	0	0	0	0	0	0	0	0	0	0	0	0	0	0	0	0	0	0	0	0	0	0	0	0	0	0	0	0	0	0	0	0	0	0	0	0	0	0	0	0	0	0	0	0	0	0	0	0	0	0	0	0	0	0	0	0	0	0	0	0	0	0	0	0	0	0	0	0	0	0	0	0	0	0	0	0	0	0	0	0	0	0	0	760	3236	16448	0	0	0	0	0	140	464	0	592	18438	0	384	0	0	0	0	0	0	648	1104	0	0	
237624	Cerebelum_8_L	0	0	0	0	0	0	0	0	0	0	0	0	0	0	0	0	0	0	0	0	0	0	0	0	0	0	0	0	0	0	0	0	0	0	0	0	0	0	0	0	0	0	0	0	0	0	176	0	0	0	0	0	0	0	0	0	0	0	0	0	0	0	0	0	0	0	0	0	0	0	0	0	0	0	0	0	0	0	0	0	0	0	0	0	0	0	0	0	0	0	14506	1340	28038	2024	1394	0	2862	0	6506	1230	25710	592	0	6620	9872	576	904	0	0	0	394	562	5656	7494	2206	150	
271972	Cerebelum_8_R	0	0	0	0	0	0	0	0	0	0	0	0	0	0	0	0	0	0	0	0	0	0	0	0	0	0	0	0	0	0	0	0	0	0	0	0	0	0	0	0	0	0	0	0	0	0	0	0	0	0	0	0	0	0	0	0	0	0	0	0	0	0	0	0	0	0	0	0	0	0	0	0	0	0	0	0	0	0	0	0	0	0	0	0	0	0	0	0	0	0	1452	21554	2912	39050	130	236	106	980	844	8458	2170	18438	6620	0	1478	9868	0	1648	0	278	152	606	7526	8730	2654	96	
92832	Cerebelum_9_L	0	0	0	0	0	0	0	0	0	0	0	0	0	0	0	0	0	0	0	0	0	0	0	0	0	0	0	0	0	0	0	0	0	0	0	0	0	0	0	0	0	0	0	0	0	0	598	0	0	0	0	0	0	0	0	0	0	0	0	0	0	0	0	0	0	0	0	0	0	0	0	0	0	0	0	0	0	0	0	0	0	0	0	0	0	0	0	0	0	0	3002	1156	1020	396	1438	0	2934	0	3330	1168	1700	0	9872	1478	0	1560	3758	0	0	0	1182	2234	2920	2684	3248	738	
124112	Cerebelum_9_R	0	0	0	0	0	0	0	0	0	0	0	0	0	0	0	0	0	0	0	0	0	0	0	0	0	0	0	0	0	0	0	0	0	0	0	0	0	0	0	0	0	0	0	0	0	0	0	138	0	0	0	0	0	0	0	462	0	0	0	0	0	0	0	0	0	0	0	0	0	0	0	0	0	0	0	0	0	0	0	0	0	0	0	0	0	0	0	0	0	0	120	6920	0	3450	0	1106	460	464	238	7340	0	384	576	9868	1560	0	0	2500	194	1042	1728	5712	1986	4810	8288	2710	
24324	Cerebelum_10_L	0	0	0	0	0	0	0	0	0	0	0	0	0	0	0	0	0	0	0	0	0	0	0	0	0	0	0	0	0	0	0	0	0	0	0	0	0	0	0	0	0	0	0	0	0	0	0	0	0	0	0	0	0	0	0	0	0	0	0	0	0	0	0	0	0	0	0	0	0	0	0	0	0	0	0	0	0	0	0	0	0	0	0	0	0	0	0	0	0	0	2616	0	490	0	0	0	678	0	2700	0	324	0	904	0	3758	0	0	0	0	0	0	220	376	0	96	0	
30344	Cerebelum_10_R	0	0	0	0	0	0	0	0	0	0	0	0	0	0	0	0	0	0	0	0	0	0	0	0	0	0	0	0	0	0	0	0	0	0	0	0	0	0	0	0	0	0	0	0	0	0	0	0	0	0	0	0	0	0	0	0	0	0	0	0	0	0	0	0	0	0	0	0	0	0	0	0	0	0	0	0	0	0	0	0	0	0	0	0	0	0	0	0	0	0	0	3266	0	1214	0	0	0	342	0	3676	0	0	0	1648	0	2500	0	0	0	0	0	242	556	668	1060	0	
15264	Vermis_1_2	0	0	0	0	0	0	0	0	0	0	0	0	0	0	0	0	0	0	0	0	0	0	0	0	0	0	0	0	0	0	0	0	0	0	0	0	0	0	0	0	0	0	0	0	0	0	0	0	0	0	0	0	0	0	0	0	0	0	0	0	0	0	0	0	0	0	0	0	0	0	0	0	0	0	0	0	0	0	0	0	0	0	0	0	0	0	0	0	0	0	142	600	0	0	700	238	382	0	148	660	0	0	0	0	0	194	0	0	0	3668	760	140	0	0	0	0	
46844	Vermis_3	0	0	0	0	0	0	0	0	0	0	0	0	0	0	0	0	0	0	0	0	0	0	0	0	0	0	0	0	0	0	0	0	0	0	0	0	0	0	0	0	0	0	0	0	0	0	0	0	0	0	0	0	0	0	0	0	0	0	0	0	0	0	0	0	0	0	0	0	0	0	0	0	0	0	0	0	128	0	0	0	0	0	0	0	0	0	0	0	0	0	514	2490	212	138	784	4056	1160	1746	524	3704	0	0	0	278	0	1042	0	0	3668	0	2282	368	152	0	176	0	
137028	Vermis_4_5	0	0	0	0	0	0	0	0	0	0	0	0	0	0	0	0	0	0	0	0	0	0	0	0	0	0	0	0	0	0	0	0	0	0	0	836	0	540	0	190	0	0	350	92	0	0	1422	3092	0	84	0	84	0	0	358	2946	0	0	0	0	0	0	0	0	0	0	0	1018	0	0	0	0	0	0	0	0	0	96	0	0	0	0	0	0	0	0	0	0	0	0	2818	5652	1038	132	808	1162	7018	10048	4026	10664	0	0	394	152	1182	1728	0	0	760	2282	0	4156	458	0	920	2008	
180024	Vermis_6	0	0	0	0	0	0	0	0	0	0	0	0	0	0	0	0	0	0	0	0	0	0	0	0	0	0	0	0	0	0	0	0	0	0	0	0	0	0	0	0	0	0	144	0	0	0	2216	4976	0	0	0	0	0	176	672	3904	0	0	0	0	0	0	0	0	0	0	0	0	0	0	0	0	0	0	0	0	0	0	0	0	0	0	0	0	0	0	0	0	0	0	3008	14828	80	744	152	310	1402	1804	7646	18390	0	0	562	606	2234	5712	220	242	140	368	4156	0	3944	2744	5446	3186	
146296	Vermis_7	0	0	0	0	0	0	0	0	0	0	0	0	0	0	0	0	0	0	0	0	0	0	0	0	0	0	0	0	0	0	0	0	0	0	0	0	0	0	0	74	0	0	0	0	0	0	298	114	0	0	0	0	0	0	208	134	0	0	0	0	0	0	0	0	0	0	0	0	0	0	0	0	0	0	0	0	0	0	0	0	0	0	0	0	0	0	0	0	0	0	3768	10174	2250	6608	290	108	500	614	3852	8854	2010	648	5656	7526	2920	1986	376	556	0	152	458	3944	0	5850	2778	442	
120452	Vermis_8	0	0	0	0	0	0	0	0	0	0	0	0	0	0	0	0	0	0	0	0	0	0	0	0	0	0	0	0	0	0	0	0	0	0	0	0	0	0	0	0	0	0	0	0	0	0	0	100	0	0	0	0	0	0	0	302	0	0	0	0	0	0	0	0	0	0	0	0	0	0	0	0	0	0	0	0	0	0	0	0	0	0	0	0	0	0	0	0	0	0	688	4140	1830	2712	96	0	0	152	598	4548	2156	1104	7494	8730	2684	4810	0	668	0	0	0	2744	5850	0	7538	1282	
102936	Vermis_9	0	0	0	0	0	0	0	0	0	0	0	0	0	0	0	0	0	0	0	0	0	0	0	0	0	0	0	0	0	0	0	0	0	0	0	0	0	0	0	0	0	0	0	0	0	0	0	130	0	0	0	0	0	0	0	448	0	0	0	0	0	0	0	0	0	0	0	0	0	0	0	0	0	0	0	0	0	0	0	0	0	0	0	0	0	0	0	0	0	0	312	5250	212	400	92	196	340	286	522	6116	346	0	2206	2654	3248	8288	96	1060	0	176	920	5446	2778	7538	0	2408	
34264	Vermis_10	0	0	0	0	0	0	0	0	0	0	0	0	0	0	0	0	0	0	0	0	0	0	0	0	0	0	0	0	0	0	0	0	0	0	0	0	0	0	0	0	0	0	0	0	0	0	0	72	0	0	0	0	0	0	0	192	0	0	0	0	0	0	0	0	0	0	0	0	0	0	0	0	0	0	0	0	0	0	0	0	0	0	0	0	0	0	0	0	0	0	80	1190	0	0	0	0	500	402	248	1428	0	0	150	96	738	2710	0	0	0	0	2008	3186	442	1282	2408	0	
