data	data	307476	308320	920980	922696	156240	133304	368988	239476	100588	32376	204952	307256	303844	125788	221012	129236	264904	170944	735656	869172	75568	80820	431708	424920	67100	87072	28612	59100	643224	485544	396120	601372	300452	669004	129016	190588	284448	346504	119612	188352	47192	57012	194464	265104	164800	428908	262272	330204	173004	410420	383408	221496	68556	74460	268940	389212	140596	203204	103088	218056	158412	176148	84620	176300	119412	118396	281416	504976	258476	239712	373464	416960	391028	400664	56696	21000	183656	242496	81296	56020	166816	138020	94320	77816	265436	263180	29188	26292	239192	210916	471368	519964	298524	317448	36084	68676	287860	227520	503848	427044	200048	125248	313164	267164	126380	179796	15364	44976	47008	80492	258128	290132	210936	153940	137176	40864	
data	data	Precentral_L	Precentral_R	Frontal_Sup_L	Frontal_Sup_R	Frontal_Sup_Orb_L	Frontal_Sup_Orb_R	Frontal_Mid_L	Frontal_Mid_R	Frontal_Mid_Orb_L	Frontal_Mid_Orb_R	Frontal_Inf_Oper_L	Frontal_Inf_Oper_R	Frontal_Inf_Tri_L	Frontal_Inf_Tri_R	Frontal_Inf_Orb_L	Frontal_Inf_Orb_R	Rolandic_Oper_L	Rolandic_Oper_R	Supp_Motor_Area_L	Supp_Motor_Area_R	Olfactory_L	Olfactory_R	Frontal_Sup_Medial_L	Frontal_Sup_Medial_R	Frontal_Med_Orb_L	Frontal_Med_Orb_R	Rectus_L	Rectus_R	Insula_L	Insula_R	Cingulum_Ant_L	Cingulum_Ant_R	Cingulum_Mid_L	Cingulum_Mid_R	Cingulum_Post_L	Cingulum_Post_R	Hippocampus_L	Hippocampus_R	ParaHippocampal_L	ParaHippocampal_R	Amygdala_L	Amygdala_R	Calcarine_L	Calcarine_R	Cuneus_L	Cuneus_R	Lingual_L	Lingual_R	Occipital_Sup_L	Occipital_Sup_R	Occipital_Mid_L	Occipital_Mid_R	Occipital_Inf_L	Occipital_Inf_R	Fusiform_L	Fusiform_R	Postcentral_L	Postcentral_R	Parietal_Sup_L	Parietal_Sup_R	Parietal_Inf_L	Parietal_Inf_R	SupraMarginal_L	SupraMarginal_R	Angular_L	Angular_R	Precuneus_L	Precuneus_R	Paracentral_Lobule_L	Paracentral_Lobule_R	Caudate_L	Caudate_R	Putamen_L	Putamen_R	Pallidum_L	Pallidum_R	Thalamus_L	Thalamus_R	Heschl_L	Heschl_R	Temporal_Sup_L	Temporal_Sup_R	Temporal_Pole_Sup_L	Temporal_Pole_Sup_R	Temporal_Mid_L	Temporal_Mid_R	Temporal_Pole_Mid_L	Temporal_Pole_Mid_R	Temporal_Inf_L	Temporal_Inf_R	Cerebelum_Crus1_L	Cerebelum_Crus1_R	Cerebelum_Crus2_L	Cerebelum_Crus2_R	Cerebelum_3_L	Cerebelum_3_R	Cerebelum_4_5_L	Cerebelum_4_5_R	Cerebelum_6_L	Cerebelum_6_R	Cerebelum_7b_L	Cerebelum_7b_R	Cerebelum_8_L	Cerebelum_8_R	Cerebelum_9_L	Cerebelum_9_R	Cerebelum_10_L	Cerebelum_10_R	Vermis_1_2	Vermis_3	Vermis_4_5	Vermis_6	Vermis_7	Vermis_8	Vermis_9	Vermis_10	
307476	Precentral_L	0	948	15962	802	0	0	14432	0	0	0	11178	0	2494	0	0	0	8798	0	10778	820	0	0	76	0	0	0	0	0	8354	0	0	0	110	256	1762	2124	8496	1952	716	454	0	0	0	0	0	0	0	0	0	0	1628	0	0	0	78	82	17510	0	330	0	1920	0	1528	0	144	0	608	202	14374	0	828	0	4318	0	790	0	12378	2128	1296	0	620	0	0	0	1036	0	0	0	1428	0	0	0	0	0	0	0	0	0	0	0	0	0	0	0	0	0	0	0	0	0	0	0	0	0	0	0	
308320	Precentral_R	948	0	870	21694	198	0	84	5768	0	0	0	6154	286	264	440	0	118	3952	888	14842	0	0	0	130	142	0	0	0	720	2846	122	0	0	2122	1350	2958	1714	5330	624	700	0	0	0	2834	0	1746	128	424	0	1252	0	552	0	80	0	916	0	15500	0	498	0	608	0	2260	0	0	0	4158	1650	7382	3198	6270	1356	2494	0	102	2376	19920	184	1612	0	324	0	0	0	594	0	0	0	478	0	0	0	0	0	0	0	0	0	0	0	0	0	0	0	0	0	0	0	0	0	0	0	0	0	0	
920980	Frontal_Sup_L	15962	870	0	10362	11284	100	64054	1692	2598	0	17528	1426	18258	250	7724	112	18228	200	75432	14282	0	0	42120	6072	4836	112	0	0	44490	836	15146	5448	10174	5728	0	108	5602	184	378	0	0	0	0	0	0	0	0	0	0	0	154	0	0	0	594	0	2750	116	132	0	176	0	354	0	0	0	310	0	7900	0	10308	1536	24202	958	2504	0	898	260	1948	0	2070	0	466	0	286	0	0	0	972	0	0	0	0	0	0	0	0	0	0	0	0	0	0	0	0	0	0	0	0	0	0	0	0	0	0	0	
922696	Frontal_Sup_R	802	21694	10362	0	488	4906	1048	28572	294	214	164	18896	762	4012	932	3572	194	5806	13734	72124	102	164	12550	41140	436	2190	0	312	1178	24692	8938	41332	5516	30658	988	2084	1598	5968	662	1308	0	224	0	0	0	0	90	0	0	0	0	0	0	0	0	738	0	736	0	0	0	0	0	0	0	0	0	0	1552	0	5182	28146	3306	21764	0	1614	2380	24364	168	192	0	0	0	500	0	0	0	0	0	0	0	0	0	0	0	0	0	0	0	0	0	0	0	0	0	0	0	0	0	0	0	0	0	0	0	0	
156240	Frontal_Sup_Orb_L	0	198	11284	488	0	0	1948	770	9470	0	0	322	1986	0	9276	0	0	0	460	182	1792	0	5536	156	9004	0	4448	0	2874	176	4832	356	246	114	0	0	76	0	112	0	144	0	0	0	0	0	0	0	0	0	0	0	0	0	0	0	0	0	0	0	0	0	0	0	0	0	0	0	0	0	6566	326	4290	0	0	0	0	0	0	0	0	0	688	0	0	0	0	0	0	0	0	0	0	0	0	0	0	0	0	0	0	0	0	0	0	0	0	0	0	0	0	0	0	0	0	0	
133304	Frontal_Sup_Orb_R	0	0	100	4906	0	0	0	290	0	4144	0	0	0	0	0	3266	0	0	0	1528	792	2812	290	6248	108	7614	0	7966	0	726	2168	7270	0	0	0	0	0	0	0	0	0	0	0	0	0	0	0	0	0	0	0	0	0	0	0	0	0	0	0	0	0	0	0	0	0	0	0	0	0	0	962	8804	274	6286	98	0	0	0	0	0	0	0	0	0	0	0	0	0	0	0	0	0	0	0	0	0	0	0	0	0	0	0	0	0	0	0	0	0	0	0	0	0	0	0	0	0	
368988	Frontal_Mid_L	14432	84	64054	1048	1948	0	0	84	4250	0	9128	138	21530	0	4206	0	2542	0	6062	392	0	0	18554	1946	0	0	0	0	10372	130	4146	958	4528	1830	198	266	2674	244	164	0	0	0	0	0	0	0	0	0	0	0	134	0	0	0	0	0	774	0	286	0	0	0	0	0	0	0	486	0	284	0	1004	0	3130	0	194	0	810	252	166	0	420	0	334	0	78	0	0	0	234	0	0	0	0	0	0	0	0	0	0	0	0	0	0	0	0	0	0	0	0	0	0	0	0	0	0	0	
239476	Frontal_Mid_R	0	5768	1692	28572	770	290	84	0	0	1840	0	11706	372	15002	580	5890	0	1502	808	4196	0	0	1096	5346	614	0	0	0	86	11318	364	3356	684	4530	0	0	0	1726	0	352	0	0	0	0	0	0	0	0	0	0	0	0	0	0	0	76	0	220	0	0	0	0	0	0	0	0	0	0	0	0	3520	1032	1050	4608	0	168	0	384	0	0	0	0	0	136	0	0	0	0	0	0	0	0	0	0	0	0	0	0	0	0	0	0	0	0	0	0	0	0	0	0	0	0	0	0	0	0	
100588	Frontal_Mid_Orb_L	0	0	2598	294	9470	0	4250	0	0	0	108	188	6588	0	14308	0	0	0	368	270	392	0	272	0	666	0	1536	0	3142	170	868	166	232	0	0	0	0	0	0	0	0	0	0	0	0	0	0	0	0	0	0	0	0	0	0	0	0	0	0	0	0	0	0	0	0	0	0	0	0	0	1504	0	2240	0	0	0	0	0	0	0	0	0	664	0	0	0	0	0	0	0	0	0	0	0	0	0	0	0	0	0	0	0	0	0	0	0	0	0	0	0	0	0	0	0	0	0	
32376	Frontal_Mid_Orb_R	0	0	0	214	0	4144	0	1840	0	0	0	0	0	690	0	6072	0	0	0	170	0	244	0	0	0	200	0	422	0	556	0	168	0	0	0	0	0	0	0	0	0	0	0	0	0	0	0	0	0	0	0	0	0	0	0	0	0	0	0	0	0	0	0	0	0	0	0	0	0	0	0	542	0	926	0	0	0	0	0	0	0	0	0	0	0	0	0	0	0	0	0	0	0	0	0	0	0	0	0	0	0	0	0	0	0	0	0	0	0	0	0	0	0	0	0	0	
204952	Frontal_Inf_Oper_L	11178	0	17528	164	0	0	9128	0	108	0	0	0	13052	0	408	0	11462	0	7894	222	0	0	1030	90	0	0	0	0	19408	0	1210	636	542	76	0	0	140	0	0	0	0	0	0	0	0	0	0	0	0	0	0	0	0	0	192	0	1690	0	0	0	96	0	0	0	0	0	0	0	108	0	1420	0	1240	0	0	0	0	0	194	0	1308	0	1770	0	0	0	0	0	182	0	0	0	0	0	0	0	0	0	0	0	0	0	0	0	0	0	0	0	0	0	0	0	0	0	0	0	
307256	Frontal_Inf_Oper_R	0	6154	1426	18896	322	0	138	11706	188	0	0	0	574	7422	710	1148	0	9232	1552	10536	0	0	1428	5100	242	0	0	0	274	29910	1308	7044	1260	9278	0	0	0	4058	0	820	0	0	0	0	0	692	0	0	0	742	0	214	0	0	0	404	0	1272	0	0	0	0	0	506	0	0	0	780	0	76	3256	1836	1178	10152	0	0	0	692	0	198	0	0	0	904	0	0	0	0	0	0	0	0	0	0	0	0	0	0	0	0	0	0	0	0	0	0	0	0	0	0	0	0	0	0	0	0	
303844	Frontal_Inf_Tri_L	2494	286	18258	762	1986	0	21530	372	6588	0	13052	574	0	0	18640	0	2422	0	4232	790	0	0	5026	388	0	0	0	0	26950	292	7472	1716	3352	190	0	0	90	116	0	0	0	0	0	0	0	0	0	0	0	0	0	0	0	0	0	0	148	0	0	0	0	0	0	0	0	0	0	0	0	0	8902	278	3172	196	0	0	0	0	0	0	178	0	1470	0	0	0	0	0	0	0	0	0	0	0	0	0	0	0	0	0	0	0	0	0	0	0	0	0	0	0	0	0	0	0	0	0	
125788	Frontal_Inf_Tri_R	0	264	250	4012	0	0	0	15002	0	690	0	7422	0	0	0	5770	0	552	246	1746	0	0	592	1140	0	0	0	0	0	13290	528	3298	486	3116	0	0	0	920	0	132	0	0	0	0	0	0	0	0	0	0	0	0	0	0	0	0	0	0	0	0	0	0	0	0	0	0	0	0	0	0	0	468	0	2894	0	0	0	0	0	76	0	0	0	0	0	0	0	0	0	0	0	0	0	0	0	0	0	0	0	0	0	0	0	0	0	0	0	0	0	0	0	0	0	0	0	0	
221012	Frontal_Inf_Orb_L	0	440	7724	932	9276	0	4206	580	14308	0	408	710	18640	0	0	0	158	0	2324	776	1792	0	1780	288	362	0	1646	0	18608	328	2752	954	1200	186	0	0	328	106	258	0	366	0	0	0	0	0	0	0	0	0	0	0	0	0	84	0	0	0	0	0	0	0	0	0	0	0	0	0	0	0	5610	448	9792	202	0	0	0	0	0	0	84	0	2772	0	0	0	0	0	78	0	0	0	0	0	0	0	0	0	0	0	0	0	0	0	0	0	0	0	0	0	0	0	0	0	0	0	
129236	Frontal_Inf_Orb_R	0	0	112	3572	0	3266	0	5890	0	6072	0	1148	0	5770	0	0	0	576	258	2800	0	1284	0	262	0	0	0	828	0	14970	272	1112	158	986	0	0	0	196	0	80	0	78	0	0	0	0	0	0	0	0	0	0	0	0	0	166	0	0	0	0	0	0	0	0	0	0	0	0	0	0	322	3082	154	5524	0	0	0	0	0	0	0	2138	0	2732	0	502	0	222	0	86	0	0	0	0	0	0	0	0	0	0	0	0	0	0	0	0	0	0	0	0	0	0	0	0	0	0	
264904	Rolandic_Oper_L	8798	118	18228	194	0	0	2542	0	0	0	11462	0	2422	0	158	0	0	0	13962	162	0	0	214	0	0	0	0	0	30424	0	130	90	110	0	0	252	1298	158	102	0	0	0	0	0	0	0	0	0	0	0	404	0	0	0	0	0	6952	0	0	0	2650	0	4654	0	92	0	386	0	3408	0	572	0	2434	156	134	0	292	336	6854	0	9082	0	896	0	1812	0	0	0	514	0	0	0	0	0	0	0	0	0	0	0	0	0	0	0	0	0	0	0	0	0	0	0	0	0	0	0	
170944	Rolandic_Oper_R	0	3952	200	5806	0	0	0	1502	0	0	0	9232	0	552	0	576	0	0	234	5758	0	0	240	1168	0	0	0	0	0	20484	402	1200	202	2358	0	0	0	1880	0	94	0	0	0	0	0	340	0	0	0	714	0	0	0	0	0	244	0	3824	0	90	0	160	0	2482	0	102	0	748	0	172	276	2380	160	2462	0	0	0	1936	0	7710	0	4108	0	1006	0	576	0	0	0	142	0	0	0	0	0	0	0	0	0	0	0	0	0	0	0	0	0	0	0	0	0	0	0	0	0	0	
735656	Supp_Motor_Area_L	10778	888	75432	13734	460	0	6062	808	368	0	7894	1552	4232	246	2324	258	13962	234	0	44442	0	0	5736	1128	228	0	0	0	27250	1206	4802	5792	10548	19610	1392	432	7798	358	664	0	84	0	0	0	0	0	108	0	0	0	82	0	0	0	508	0	2840	0	0	0	160	0	370	0	0	0	184	0	25862	2512	10176	3374	24552	1328	5978	0	14406	442	1658	0	1428	0	202	0	226	0	0	0	730	0	0	0	0	0	0	0	0	0	0	0	0	0	0	0	0	0	0	0	0	0	0	0	0	0	0	0	
869172	Supp_Motor_Area_R	820	14842	14282	72124	182	1528	392	4196	270	170	222	10536	790	1746	776	2800	162	5758	44442	0	0	0	2082	11232	118	180	0	0	1532	15106	3780	17682	8114	50558	2294	5952	674	3378	0	890	0	212	0	2736	0	2236	0	462	0	1164	0	450	0	92	0	1862	0	2516	0	196	0	76	0	1054	0	0	412	6616	12002	23026	5024	29436	4312	18416	436	858	1952	15464	0	954	0	854	0	350	0	622	0	0	0	956	0	0	0	0	0	0	0	0	0	0	0	0	0	0	0	0	0	0	0	0	230	0	0	0	0	0	
75568	Olfactory_L	0	0	0	102	1792	792	0	0	392	0	0	0	0	0	1792	0	0	0	0	0	0	4288	0	142	488	284	1230	1210	2640	214	2146	1518	0	0	0	0	690	0	772	0	1280	0	0	0	0	0	0	0	0	0	0	0	0	0	278	0	0	0	0	0	0	0	0	0	0	0	0	0	0	0	7076	3252	3682	590	734	0	0	0	0	0	0	0	400	0	0	0	0	0	0	0	0	0	0	0	0	0	0	0	0	0	0	0	0	0	0	0	0	0	0	0	0	0	0	0	0	0	
80820	Olfactory_R	0	0	0	164	0	2812	0	0	0	244	0	0	0	0	0	1284	0	0	0	0	4288	0	0	208	0	1246	0	3622	0	1830	2448	3512	0	0	0	0	0	0	0	0	0	180	0	0	0	0	0	0	0	0	0	0	0	0	0	0	0	0	0	0	0	0	0	0	0	0	0	0	0	0	6410	6898	1928	1926	906	504	0	0	0	0	0	0	0	0	0	0	0	0	0	0	0	0	0	0	0	0	0	0	0	0	0	0	0	0	0	0	0	0	0	0	0	0	0	0	0	0	
431708	Frontal_Sup_Medial_L	76	0	42120	12550	5536	290	18554	1096	272	0	1030	1428	5026	592	1780	0	214	240	5736	2082	0	0	0	23974	3546	974	0	0	4232	1584	26064	20464	12166	17146	0	98	0	148	0	0	0	0	0	0	0	0	0	0	0	0	0	0	0	0	0	0	0	0	0	0	0	0	0	0	0	0	0	0	0	0	4448	428	1570	390	0	0	0	0	0	0	0	0	0	0	0	0	0	0	0	0	0	0	0	0	0	0	0	0	0	0	0	0	0	0	0	0	0	0	0	0	0	0	0	0	0	0	
424920	Frontal_Sup_Medial_R	0	130	6072	41140	156	6248	1946	5346	0	0	90	5100	388	1140	288	262	0	1168	1128	11232	142	208	23974	0	536	5794	0	570	374	5804	11696	36222	2602	23798	0	0	0	792	0	220	0	0	0	0	0	0	0	0	0	0	0	0	0	0	0	136	0	0	0	0	0	0	0	0	0	0	0	0	0	0	1076	9002	392	7154	0	0	0	0	0	0	0	0	0	134	0	0	0	0	0	0	0	0	0	0	0	0	0	0	0	0	0	0	0	0	0	0	0	0	0	0	0	0	0	0	0	0	
67100	Frontal_Med_Orb_L	0	142	4836	436	9004	108	0	614	666	0	0	242	0	0	362	0	0	0	228	118	488	0	3546	536	0	840	1156	0	180	136	4020	770	0	106	0	0	0	0	0	0	0	0	0	0	0	0	0	0	0	0	0	0	0	0	0	0	0	0	0	0	0	0	0	0	0	0	0	0	0	0	2890	380	1666	80	0	0	0	0	0	0	0	0	0	0	0	0	0	0	0	0	0	0	0	0	0	0	0	0	0	0	0	0	0	0	0	0	0	0	0	0	0	0	0	0	0	0	
87072	Frontal_Med_Orb_R	0	0	112	2190	0	7614	0	0	0	200	0	0	0	0	0	0	0	0	0	180	284	1246	974	5794	840	0	0	3772	0	82	2834	8134	0	0	0	0	0	0	0	0	0	0	0	0	0	0	0	0	0	0	0	0	0	0	0	0	0	0	0	0	0	0	0	0	0	0	0	0	0	0	294	5750	106	3130	0	0	0	0	0	0	0	0	0	0	0	0	0	0	0	0	0	0	0	0	0	0	0	0	0	0	0	0	0	0	0	0	0	0	0	0	0	0	0	0	0	0	
28612	Rectus_L	0	0	0	0	4448	0	0	0	1536	0	0	0	0	0	1646	0	0	0	0	0	1230	0	0	0	1156	0	0	0	874	0	730	0	0	0	0	0	0	0	0	0	0	0	0	0	0	0	0	0	0	0	0	0	0	0	0	0	0	0	0	0	0	0	0	0	0	0	0	0	0	0	1432	0	1116	0	0	0	0	0	0	0	0	0	138	0	0	0	0	0	0	0	0	0	0	0	0	0	0	0	0	0	0	0	0	0	0	0	0	0	0	0	0	0	0	0	0	0	
59100	Rectus_R	0	0	0	312	0	7966	0	0	0	422	0	0	0	0	0	828	0	0	0	0	1210	3622	0	570	0	3772	0	0	0	596	486	1638	0	0	0	0	0	0	0	0	0	0	0	0	0	0	0	0	0	0	0	0	0	0	0	0	0	0	0	0	0	0	0	0	0	0	0	0	0	0	1230	3868	552	2282	196	0	0	0	0	0	0	0	0	0	0	0	0	0	0	0	0	0	0	0	0	0	0	0	0	0	0	0	0	0	0	0	0	0	0	0	0	0	0	0	0	0	
643224	Insula_L	8354	720	44490	1178	2874	0	10372	86	3142	0	19408	274	26950	0	18608	0	30424	0	27250	1532	2640	0	4232	374	180	0	874	0	0	248	8664	1766	1800	786	180	600	13316	654	1852	84	3282	0	0	0	0	0	142	0	0	0	914	0	0	0	3016	0	772	194	82	0	1006	0	680	0	0	0	316	0	2008	0	11684	482	25832	930	200	0	1070	958	8592	0	8926	0	5698	0	5636	0	384	0	4896	0	0	0	0	0	0	0	0	0	0	0	0	0	0	0	0	0	0	0	0	0	0	0	0	0	0	0	
485544	Insula_R	0	2846	836	24692	176	726	130	11318	170	556	0	29910	292	13290	328	14970	0	20484	1206	15106	214	1830	1584	5804	136	82	0	596	248	0	1634	8966	1380	10732	112	178	152	10458	0	2538	0	2040	0	0	0	144	0	0	0	186	0	0	0	0	0	3022	0	602	0	0	0	84	0	1070	0	0	0	232	0	104	1920	3306	1000	20966	164	0	248	1588	0	5796	0	7796	0	4880	0	2590	0	224	0	1130	0	0	0	0	0	0	0	0	0	0	0	0	0	0	0	0	0	0	0	0	0	0	0	0	0	0	
396120	Cingulum_Ant_L	0	122	15146	8938	4832	2168	4146	364	868	0	1210	1308	7472	528	2752	272	130	402	4802	3780	2146	2448	26064	11696	4020	2834	730	486	8664	1634	0	30524	8684	8888	676	0	0	482	0	162	0	0	0	0	0	0	0	0	0	0	0	0	0	0	0	128	0	0	0	0	0	0	0	0	0	0	0	0	0	0	16048	4160	5284	2314	318	268	0	0	0	0	0	0	162	0	0	0	0	0	0	0	0	0	0	0	0	0	0	0	0	0	0	0	0	0	0	0	0	0	0	0	0	0	0	0	0	0	
601372	Cingulum_Ant_R	0	0	5448	41332	356	7270	958	3356	166	168	636	7044	1716	3298	954	1112	90	1200	5792	17682	1518	3512	20464	36222	770	8134	0	1638	1766	8966	30524	0	9092	33198	0	134	0	1362	0	402	0	0	0	0	0	0	0	0	0	0	0	0	0	0	0	234	0	0	0	0	0	0	0	0	0	0	0	0	0	0	8006	22068	2492	10784	348	290	0	104	0	0	0	0	0	80	0	0	0	0	0	0	0	0	0	0	0	0	0	0	0	0	0	0	0	0	0	0	0	0	0	0	0	0	0	0	0	0	
300452	Cingulum_Mid_L	110	0	10174	5516	246	0	4528	684	232	0	542	1260	3352	486	1200	158	110	202	10548	8114	0	0	12166	2602	0	0	0	0	1800	1380	8684	9092	0	18544	4054	1802	0	84	0	0	0	0	330	0	1520	592	0	0	2630	450	3970	78	0	0	0	0	0	0	0	0	0	0	0	0	382	0	13260	1482	2660	1496	708	564	670	598	0	0	0	0	0	0	286	0	0	0	7886	0	0	0	2994	0	0	0	0	0	0	0	0	0	0	0	0	0	0	0	0	0	0	0	0	0	0	0	0	0	0	0	
669004	Cingulum_Mid_R	256	2122	5728	30658	114	0	1830	4530	0	0	76	9278	190	3116	186	986	0	2358	19610	50558	0	0	17146	23798	106	0	0	0	786	10732	8888	33198	18544	0	2700	10532	328	1276	0	222	0	0	0	3378	76	5354	0	956	0	2402	0	696	0	0	0	994	0	1466	0	440	0	0	0	0	0	0	1120	13340	9640	23794	1168	1758	1884	3686	272	0	302	458	0	212	0	90	0	144	0	308	0	0	0	478	0	0	0	0	0	0	0	0	0	0	0	0	0	0	0	0	0	0	0	0	234	0	0	0	0	0	
129016	Cingulum_Post_L	1762	1350	0	988	0	0	198	0	0	0	0	0	0	0	0	0	0	0	1392	2294	0	0	0	0	0	0	0	0	180	112	676	0	4054	2700	0	10398	5260	4010	2222	1462	0	0	1694	0	830	0	1042	288	456	0	1322	0	0	0	356	570	0	196	0	0	0	0	0	0	0	0	6128	2520	2084	1960	0	0	94	0	0	0	1808	2522	104	0	0	0	0	0	564	0	0	0	438	0	0	0	0	0	0	0	0	80	0	0	0	0	0	0	0	0	0	0	0	0	394	0	0	0	0	0	
190588	Cingulum_Post_R	2124	2958	108	2084	0	0	266	0	0	0	0	0	0	0	0	0	252	0	432	5952	0	0	98	0	0	0	0	0	600	178	0	134	1802	10532	10398	0	5824	6502	1908	1958	0	0	82	1640	226	1308	0	3676	140	344	0	284	0	0	106	1082	0	488	0	0	0	0	0	0	0	0	1790	10524	1346	6402	0	0	106	82	0	0	3204	4942	512	0	0	0	0	0	0	130	0	0	164	546	0	0	0	0	0	0	0	294	0	0	0	0	0	0	0	0	0	0	0	0	1766	0	0	0	0	0	
284448	Hippocampus_L	8496	1714	5602	1598	76	0	2674	0	0	0	140	0	90	0	328	0	1298	0	7798	674	690	0	0	0	0	0	0	0	13316	152	0	0	0	328	5260	5824	0	4354	15898	1502	8062	0	572	0	0	0	2222	230	0	0	168	0	0	0	9486	564	154	0	0	0	0	0	0	0	0	0	1894	1230	1782	0	288	0	11290	78	1360	0	5398	4462	2156	0	906	0	2198	0	1612	0	816	0	6662	0	218	0	0	0	0	0	214	0	202	0	0	0	0	0	0	0	0	0	0	108	80	0	0	0	0	0	
346504	Hippocampus_R	1952	5330	184	5968	0	0	244	1726	0	0	0	4058	116	920	106	196	158	1880	358	3378	0	0	148	792	0	0	0	0	654	10458	482	1362	84	1276	4010	6502	4354	0	1384	25420	0	7676	0	370	0	634	84	4126	0	648	0	0	0	762	88	23408	0	702	0	0	0	0	0	1612	0	0	366	4522	1412	600	700	642	462	16500	214	250	3564	6142	302	932	0	2102	0	708	0	2458	0	0	120	5520	0	124	0	0	0	0	0	1360	0	138	0	0	0	0	0	0	0	0	0	0	504	0	0	0	0	0	
119612	ParaHippocampal_L	716	624	378	662	112	0	164	0	0	0	0	0	0	0	258	0	102	0	664	0	772	0	0	0	0	0	0	0	1852	0	0	0	0	0	2222	1908	15898	1384	0	742	2856	0	596	0	0	0	3838	222	0	0	0	0	0	0	8152	416	0	0	0	0	0	0	0	0	0	0	2068	786	336	0	0	0	1470	0	0	0	1176	1790	222	0	0	0	1112	0	108	0	846	0	2928	0	636	0	172	0	88	0	710	0	480	0	0	0	0	0	0	0	0	0	0	340	0	0	0	0	0	0	
188352	ParaHippocampal_R	454	700	0	1308	0	0	0	352	0	0	0	820	0	132	0	80	0	94	0	890	0	0	0	220	0	0	0	0	84	2538	162	402	0	222	1462	1958	1502	25420	742	0	0	5704	0	322	0	232	0	4470	0	246	0	0	0	556	80	21176	0	246	0	0	0	0	0	646	0	0	310	2602	98	102	84	134	80	4750	0	160	312	1012	0	136	0	940	0	3034	0	466	0	1046	110	2390	0	0	0	0	0	344	0	2360	0	198	0	0	0	0	0	0	0	0	0	0	288	0	0	0	0	0	
47192	Amygdala_L	0	0	0	0	144	0	0	0	0	0	0	0	0	0	366	0	0	0	84	0	1280	0	0	0	0	0	0	0	3282	0	0	0	0	0	0	0	8062	0	2856	0	0	0	0	0	0	0	0	0	0	0	0	0	0	0	3560	0	0	0	0	0	0	0	0	0	0	0	0	0	0	0	0	0	792	0	0	0	110	0	0	0	0	0	1368	0	318	0	516	0	858	0	0	0	0	0	0	0	0	0	0	0	0	0	0	0	0	0	0	0	0	0	0	0	0	0	0	0	
57012	Amygdala_R	0	0	0	224	0	0	0	0	0	0	0	0	0	0	0	78	0	0	0	212	0	180	0	0	0	0	0	0	0	2040	0	0	0	0	0	0	0	7676	0	5704	0	0	0	0	0	0	0	0	0	0	0	0	0	0	0	5868	0	0	0	0	0	0	0	0	0	0	0	0	0	0	0	0	0	2006	0	0	0	0	0	0	0	0	0	2818	0	0	0	144	0	1556	0	0	0	0	0	0	0	0	0	0	0	0	0	0	0	0	0	0	0	0	0	0	0	0	0	0	
194464	Calcarine_L	0	0	0	0	0	0	0	0	0	0	0	0	0	0	0	0	0	0	0	0	0	0	0	0	0	0	0	0	0	0	0	0	330	0	1694	82	572	0	596	0	0	0	0	4836	13030	3178	12750	1766	11506	1752	20972	0	2530	0	832	222	0	0	144	0	0	0	0	0	238	0	8504	588	0	0	0	0	0	0	0	0	0	0	0	0	0	0	0	0	1294	0	0	0	318	0	770	438	168	0	232	0	2250	476	1900	616	0	0	168	0	158	0	0	0	154	148	1736	284	0	0	0	0	
265104	Calcarine_R	0	2834	0	0	0	0	0	0	0	0	0	0	0	0	0	0	0	0	0	2736	0	0	0	0	0	0	0	0	0	0	0	0	0	3378	0	1640	0	370	0	322	0	0	4836	0	2852	22044	2102	19274	0	17924	0	7644	0	3592	0	5436	0	2388	0	574	0	120	0	116	0	0	1798	16500	0	5334	0	0	0	0	0	0	0	0	0	0	0	0	0	0	0	3748	0	0	0	4702	0	0	0	0	0	0	0	118	0	0	0	0	0	0	0	0	0	0	0	0	170	0	0	0	0	0	
164800	Cuneus_L	0	0	0	0	0	0	0	0	0	0	0	0	0	0	0	0	0	0	0	0	0	0	0	0	0	0	0	0	0	0	0	0	1520	76	830	226	0	0	0	0	0	0	13030	2852	0	5560	2552	438	19814	2118	15068	0	260	0	110	0	0	0	1068	136	90	0	0	0	0	0	13338	2512	0	0	0	0	0	0	0	0	0	0	0	0	0	0	0	0	678	0	0	0	124	0	0	0	0	0	0	0	0	0	0	0	0	0	0	0	0	0	0	0	0	0	0	0	0	0	0	0	
428908	Cuneus_R	0	1746	0	0	0	0	0	0	0	0	0	692	0	0	0	0	0	340	0	2236	0	0	0	0	0	0	0	0	0	144	0	0	592	5354	0	1308	0	634	0	232	0	0	3178	22044	5560	0	870	8466	128	45886	0	13274	0	2610	0	2822	0	6756	0	13962	0	3640	0	3104	0	1558	6316	44446	0	6638	0	242	0	1750	0	184	0	0	0	0	0	592	0	0	0	5114	0	0	0	1780	0	0	0	0	0	0	0	0	0	0	0	0	0	0	0	0	0	0	0	0	256	0	0	0	0	0	
262272	Lingual_L	0	128	0	90	0	0	0	0	0	0	0	0	0	0	0	0	0	0	108	0	0	0	0	0	0	0	0	0	142	0	0	0	0	0	1042	0	2222	84	3838	0	0	0	12750	2102	2552	870	0	4184	3692	212	12486	0	5038	146	15170	1066	0	0	0	120	0	0	0	0	0	0	2952	446	0	0	0	0	240	0	0	0	146	278	0	0	0	0	0	0	0	0	0	0	1408	0	10210	1588	740	382	688	108	13806	1294	16446	1946	0	0	540	138	322	0	0	0	296	410	4220	3694	796	0	0	0	
330204	Lingual_R	0	424	0	0	0	0	0	0	0	0	0	0	0	0	0	0	0	0	0	462	0	0	0	0	0	0	0	0	0	0	0	0	0	956	288	3676	230	4126	222	4470	0	0	1766	19274	438	8466	4184	0	0	7840	0	3388	0	4532	860	17874	0	276	0	432	0	0	0	76	0	0	1066	8832	0	1052	0	0	0	0	0	0	0	0	0	0	0	0	0	0	0	926	0	0	0	1448	2820	10126	706	1052	200	322	2704	6804	5924	11566	0	0	112	166	652	630	0	80	284	448	9310	11216	1360	160	406	470	
173004	Occipital_Sup_L	0	0	0	0	0	0	0	0	0	0	0	0	0	0	0	0	0	0	0	0	0	0	0	0	0	0	0	0	0	0	0	0	2630	0	456	140	0	0	0	0	0	0	11506	0	19814	128	3692	0	0	0	28528	0	250	0	102	0	0	0	5688	0	1774	0	0	0	596	0	9818	696	0	0	0	0	0	0	0	0	0	0	0	0	0	0	0	0	684	0	0	0	0	0	0	0	0	0	0	0	0	0	0	0	0	0	0	0	0	0	0	0	0	0	0	0	0	0	0	0	
410420	Occipital_Sup_R	0	1252	0	0	0	0	0	0	0	0	0	742	0	0	0	0	0	714	0	1164	0	0	0	0	0	0	0	0	0	186	0	0	450	2402	0	344	0	648	0	246	0	0	1752	17924	2118	45886	212	7840	0	0	0	21238	0	2238	0	3826	0	5376	0	15418	0	8402	0	6886	0	5464	2048	31306	0	3786	0	270	0	1824	0	222	0	0	0	0	0	1402	0	0	0	9336	0	0	0	2288	0	0	0	0	0	0	0	0	0	0	0	0	0	0	0	0	0	0	0	0	0	0	0	0	0	0	
383408	Occipital_Mid_L	1628	0	154	0	0	0	134	0	0	0	0	0	0	0	0	0	404	0	82	0	0	0	0	0	0	0	0	0	914	0	0	0	3970	0	1322	0	168	0	0	0	0	0	20972	0	15068	0	12486	0	28528	0	0	0	14108	0	4276	0	2062	0	12270	0	13182	0	158	0	16310	0	16988	130	1202	0	0	0	0	0	0	0	0	0	780	0	246	0	0	0	18310	0	0	0	5458	0	0	0	0	0	0	0	0	0	244	0	0	0	0	0	0	0	0	0	0	0	0	150	0	0	0	0	
221496	Occipital_Mid_R	0	552	0	0	0	0	0	0	0	0	0	214	0	0	0	0	0	0	0	450	0	0	0	0	0	0	0	0	0	0	0	0	78	696	0	284	0	0	0	0	0	0	0	7644	0	13274	0	3388	0	21238	0	0	0	3422	0	1852	0	2010	0	6918	0	5914	0	490	0	12256	210	10960	0	584	0	76	0	200	0	130	0	0	0	0	0	230	0	0	0	15140	0	0	0	2538	0	0	0	0	0	0	0	0	0	0	0	0	0	0	0	0	0	0	0	0	0	0	0	0	0	0	
68556	Occipital_Inf_L	0	0	0	0	0	0	0	0	0	0	0	0	0	0	0	0	0	0	0	0	0	0	0	0	0	0	0	0	0	0	0	0	0	0	0	0	0	0	0	0	0	0	2530	0	260	0	5038	0	250	0	14108	0	0	0	5920	0	0	0	0	0	0	0	0	0	0	0	162	0	0	0	0	0	0	0	0	0	0	0	0	0	0	0	0	0	2412	0	0	0	2990	0	0	0	0	0	0	0	0	0	430	0	0	0	0	0	0	0	0	0	0	0	0	178	0	0	0	0	
74460	Occipital_Inf_R	0	80	0	0	0	0	0	0	0	0	0	0	0	0	0	0	0	0	0	92	0	0	0	0	0	0	0	0	0	0	0	0	0	0	0	0	0	762	0	556	0	0	0	3592	0	2610	146	4532	0	2238	0	3422	0	0	0	7630	0	182	0	100	0	0	0	254	0	0	124	1356	0	150	0	0	0	0	0	0	0	0	0	0	0	0	0	0	0	1934	0	0	0	6098	0	138	0	0	0	0	0	124	226	428	0	0	0	0	0	0	0	0	0	0	114	342	0	0	0	0	
268940	Fusiform_L	78	0	594	0	0	0	0	0	0	0	192	0	0	0	84	0	0	0	508	0	278	0	0	0	0	0	0	0	3016	0	0	0	0	0	356	106	9486	88	8152	80	3560	0	832	0	110	0	15170	860	102	0	4276	0	5920	0	0	386	0	0	0	0	0	0	0	0	0	0	654	0	0	0	0	0	1050	0	0	0	0	0	456	0	1858	0	2420	0	2088	0	958	0	13756	0	19480	286	1626	132	0	0	9272	280	22596	222	80	0	568	0	0	0	0	0	0	0	708	1392	354	0	0	0	
389212	Fusiform_R	82	916	0	738	0	0	0	76	0	0	0	404	0	0	0	166	0	244	0	1862	0	0	0	136	0	0	0	0	0	3022	128	234	0	994	570	1082	564	23408	416	21176	0	5868	222	5436	0	2822	1066	17874	0	3826	0	1852	0	7630	386	0	0	2112	0	652	0	1004	0	3130	0	496	474	4896	0	1324	140	102	96	3188	0	118	0	478	0	310	0	3574	0	6838	0	7394	0	2164	86	22928	648	7782	86	0	0	0	542	4874	1754	9418	0	0	0	0	0	0	0	0	0	0	2668	2012	118	0	0	0	
140596	Postcentral_L	17510	0	2750	0	0	0	774	0	0	0	1690	0	148	0	0	0	6952	0	2840	0	0	0	0	0	0	0	0	0	772	0	0	0	0	0	0	0	154	0	0	0	0	0	0	0	0	0	0	0	0	0	2062	0	0	0	0	0	0	0	5342	0	10568	0	7714	0	1606	0	2666	0	3624	0	0	0	106	0	0	0	0	0	786	0	1526	0	0	0	164	0	0	0	544	0	0	0	0	0	0	0	0	0	0	0	0	0	0	0	0	0	0	0	0	0	0	0	0	0	0	0	
203204	Postcentral_R	0	15500	116	736	0	0	0	220	0	0	0	1272	0	0	0	0	0	3824	0	2516	0	0	0	0	0	0	0	0	194	602	0	0	0	1466	196	488	0	702	0	246	0	0	0	2388	0	6756	0	276	0	5376	0	2010	0	182	0	2112	0	0	0	7646	0	6252	0	11792	0	1000	0	10464	0	7900	512	848	246	1242	0	0	0	662	0	318	0	1312	0	0	0	2436	0	0	0	1794	0	0	0	0	0	0	0	0	0	0	0	0	0	0	0	0	0	0	0	0	0	0	0	0	0	0	
103088	Parietal_Sup_L	330	0	132	0	0	0	286	0	0	0	0	0	0	0	0	0	0	0	0	0	0	0	0	0	0	0	0	0	82	0	0	0	0	0	0	0	0	0	0	0	0	0	144	0	1068	0	0	0	5688	0	12270	0	0	0	0	0	5342	0	0	0	10540	0	0	0	6580	0	8410	460	0	0	0	0	0	0	0	0	0	0	0	0	0	0	0	0	212	0	0	0	0	0	0	0	0	0	0	0	0	0	0	0	0	0	0	0	0	0	0	0	0	0	0	0	0	0	0	0	
218056	Parietal_Sup_R	0	498	0	0	0	0	0	0	0	0	0	0	0	0	0	0	0	90	0	196	0	0	0	0	0	0	0	0	0	0	0	0	0	440	0	0	0	0	0	0	0	0	0	574	136	13962	120	432	0	15418	0	6918	0	100	0	652	0	7646	0	0	0	18716	0	8430	0	7350	1846	17292	0	994	0	0	0	78	0	0	0	0	0	0	0	882	0	0	0	5768	0	0	0	490	0	0	0	0	0	0	0	0	0	0	0	0	0	0	0	0	0	0	0	0	0	0	0	0	0	0	
158412	Parietal_Inf_L	1920	0	176	0	0	0	0	0	0	0	96	0	0	0	0	0	2650	0	160	0	0	0	0	0	0	0	0	0	1006	0	0	0	0	0	0	0	0	0	0	0	0	0	0	0	90	0	0	0	1774	0	13182	0	0	0	0	0	10568	0	10540	0	0	0	10340	0	17770	0	3380	0	440	0	0	0	0	0	0	0	0	0	414	0	1862	0	0	0	1074	0	0	0	1764	0	0	0	0	0	0	0	0	0	0	0	0	0	0	0	0	0	0	0	0	0	0	0	0	0	0	0	
176148	Parietal_Inf_R	0	608	0	0	0	0	0	0	0	0	0	0	0	0	0	0	0	160	0	76	0	0	0	0	0	0	0	0	0	84	0	0	0	0	0	0	0	0	0	0	0	0	0	120	0	3640	0	0	0	8402	0	5914	0	0	0	1004	0	6252	0	18716	0	0	0	16784	0	15006	0	3888	0	142	0	0	0	0	0	0	0	0	0	0	0	1364	0	0	0	5082	0	0	0	832	0	0	0	0	0	0	0	0	0	0	0	0	0	0	0	0	0	0	0	0	0	0	0	0	0	0	
84620	SupraMarginal_L	1528	0	354	0	0	0	0	0	0	0	0	0	0	0	0	0	4654	0	370	0	0	0	0	0	0	0	0	0	680	0	0	0	0	0	0	0	0	0	0	0	0	0	0	0	0	0	0	0	0	0	158	0	0	0	0	0	7714	0	0	0	10340	0	0	0	5726	0	0	0	150	0	0	0	0	0	0	0	0	0	386	0	5966	0	0	0	1718	0	0	0	2566	0	0	0	0	0	0	0	0	0	0	0	0	0	0	0	0	0	0	0	0	0	0	0	0	0	0	0	
176300	SupraMarginal_R	0	2260	0	0	0	0	0	0	0	0	0	506	0	0	0	0	0	2482	0	1054	0	0	0	0	0	0	0	0	0	1070	0	0	0	0	0	0	0	1612	0	646	0	0	0	116	0	3104	0	76	0	6886	0	490	0	254	0	3130	0	11792	0	8430	0	16784	0	0	0	7770	0	4190	0	630	0	126	0	526	0	0	0	162	0	1350	0	5680	0	0	0	4306	0	0	0	2718	0	0	0	0	0	0	0	0	0	0	0	0	0	0	0	0	0	0	0	0	0	0	0	0	0	0	
119412	Angular_L	144	0	0	0	0	0	0	0	0	0	0	0	0	0	0	0	92	0	0	0	0	0	0	0	0	0	0	0	0	0	0	0	382	0	0	0	0	0	0	0	0	0	238	0	0	0	0	0	596	0	16310	0	0	0	0	0	1606	0	6580	0	17770	0	5726	0	0	0	3256	0	104	0	0	0	0	0	0	0	0	0	0	0	1122	0	0	0	4562	0	0	0	1218	0	0	0	0	0	0	0	0	0	0	0	0	0	0	0	0	0	0	0	0	0	0	0	0	0	0	0	
118396	Angular_R	0	0	0	0	0	0	0	0	0	0	0	0	0	0	0	0	0	102	0	0	0	0	0	0	0	0	0	0	0	0	0	0	0	0	0	0	0	0	0	0	0	0	0	0	0	1558	0	0	0	5464	0	12256	0	0	0	496	0	1000	0	7350	0	15006	0	7770	0	0	0	1652	0	0	0	0	0	0	0	0	0	0	0	0	0	2026	0	0	0	4030	0	0	0	488	0	0	0	0	0	0	0	0	0	0	0	0	0	0	0	0	0	0	0	0	0	0	0	0	0	0	
281416	Precuneus_L	608	0	310	0	0	0	486	0	0	0	0	0	0	0	0	0	386	0	184	412	0	0	0	0	0	0	0	0	316	0	0	0	13260	1120	6128	1790	1894	366	2068	310	0	0	8504	1798	13338	6316	2952	1066	9818	2048	16988	210	162	124	654	474	2666	0	8410	1846	3380	0	0	0	3256	0	0	10928	1204	744	0	0	102	0	0	0	0	0	208	0	342	0	0	0	9152	0	0	0	4064	0	0	0	0	0	0	0	0	0	0	0	0	0	0	0	0	0	0	0	0	0	316	0	0	0	0	0	
504976	Precuneus_R	202	4158	0	0	0	0	0	0	0	0	0	780	0	0	0	0	0	748	0	6616	0	0	0	0	0	0	0	0	0	232	0	0	1482	13340	2520	10524	1230	4522	786	2602	0	0	588	16500	2512	44446	446	8832	696	31306	130	10960	0	1356	0	4896	0	10464	460	17292	0	3888	0	4190	0	1652	10928	0	342	14496	0	306	0	1860	0	272	0	430	0	78	0	696	0	0	0	6936	0	0	114	2496	0	0	0	0	0	0	0	708	0	0	0	0	0	0	0	0	0	0	0	0	2470	0	0	0	0	0	
258476	Paracentral_Lobule_L	14374	1650	7900	1552	0	0	284	0	0	0	108	0	0	0	0	0	3408	0	25862	12002	0	0	0	0	0	0	0	0	2008	0	0	0	2660	9640	2084	1346	1782	1412	336	98	0	0	0	0	0	0	0	0	0	0	1202	0	0	0	0	0	3624	0	0	0	440	0	150	0	104	0	1204	342	0	6202	1200	222	1326	0	872	0	18748	2394	720	0	362	0	0	0	872	0	0	0	748	0	0	0	0	0	0	0	0	0	0	0	0	0	0	0	0	0	0	0	0	0	0	0	0	0	0	0	
239712	Paracentral_Lobule_R	0	7382	0	0	0	0	0	0	0	0	0	76	0	0	0	0	0	172	2512	23026	0	0	0	0	0	0	0	0	0	104	0	0	1496	23794	1960	6402	0	600	0	102	0	0	0	5334	0	6638	0	1052	0	3786	0	584	0	150	0	1324	0	7900	0	994	0	142	0	630	0	0	744	14496	6202	0	0	80	0	574	0	0	0	138	0	76	0	162	0	0	0	568	0	0	0	424	0	0	0	0	0	0	0	0	0	0	0	0	0	0	0	0	0	0	0	0	232	0	0	0	0	0	
373464	Caudate_L	828	3198	10308	5182	6566	962	1004	3520	1504	0	1420	3256	8902	0	5610	322	572	276	10176	5024	7076	6410	4448	1076	2890	294	1432	1230	11684	1920	16048	8006	708	1168	0	0	288	700	0	84	0	0	0	0	0	0	0	0	0	0	0	0	0	0	0	140	0	512	0	0	0	0	0	0	0	0	0	0	1200	0	0	12400	21856	3542	2888	752	7808	1000	0	0	104	0	352	0	0	0	0	0	0	86	0	0	0	0	0	0	0	0	0	0	0	0	0	0	0	0	0	0	0	0	0	0	0	0	0	0	
416960	Caudate_R	0	6270	1536	28146	326	8804	0	1032	0	542	0	1836	278	468	448	3082	0	2380	3374	29436	3252	6898	428	9002	380	5750	0	3868	482	3306	4160	22068	564	1758	0	0	0	642	0	134	0	0	0	0	0	242	0	0	0	270	0	76	0	0	0	102	0	848	0	0	0	0	0	126	0	0	0	306	222	80	12400	0	2674	21594	818	2318	1282	14024	0	448	0	0	0	0	0	0	0	0	0	0	0	0	0	0	0	0	0	0	0	0	0	0	0	0	0	0	0	0	0	0	0	0	0	0	0	0	
391028	Putamen_L	4318	1356	24202	3306	4290	274	3130	1050	2240	0	1240	1178	3172	0	9792	154	2434	160	24552	4312	3682	1928	1570	392	1666	106	1116	552	25832	1000	5284	2492	670	1884	94	106	11290	462	1470	80	792	0	0	0	0	0	240	0	0	0	0	0	0	0	1050	96	106	246	0	0	0	0	0	0	0	0	102	0	1326	0	21856	2674	0	1840	6952	90	1392	668	76	0	1010	0	706	0	164	0	0	0	1292	0	0	0	0	0	0	0	0	0	0	0	0	0	0	0	0	0	0	0	0	0	0	0	0	0	0	0	
400664	Putamen_R	0	2494	958	21764	0	6286	0	4608	0	926	0	10152	196	2894	202	5524	156	2462	1328	18416	590	1926	390	7154	80	3130	0	2282	930	20966	2314	10784	598	3686	0	82	78	16500	0	4750	0	2006	0	0	0	1750	0	0	0	1824	0	200	0	0	0	3188	0	1242	0	78	0	0	0	526	0	0	0	1860	0	574	3542	21594	1840	0	266	1994	0	1940	0	196	0	82	0	406	0	164	0	0	0	368	0	0	0	0	0	0	0	86	0	0	0	0	0	0	0	0	0	0	0	0	0	0	0	0	0	0	
56696	Pallidum_L	790	0	2504	0	0	98	194	0	0	0	0	0	0	0	0	0	134	0	5978	436	734	906	0	0	0	0	0	196	200	164	318	348	0	272	0	0	1360	214	0	0	0	0	0	0	0	0	0	0	0	0	0	0	0	0	0	0	0	0	0	0	0	0	0	0	0	0	0	0	872	0	2888	818	6952	266	0	0	1706	0	0	0	0	0	0	0	0	0	0	0	0	0	0	0	0	0	0	0	0	0	0	0	0	0	0	0	0	0	0	0	0	0	0	0	0	0	0	0	
21000	Pallidum_R	0	102	0	1614	0	0	0	168	0	0	0	0	0	0	0	0	0	0	0	858	0	504	0	0	0	0	0	0	0	0	268	290	0	0	0	0	0	250	0	160	0	0	0	0	0	184	0	0	0	222	0	130	0	0	0	118	0	0	0	0	0	0	0	0	0	0	0	272	0	0	752	2318	90	1994	0	0	84	122	0	0	0	0	0	0	0	0	0	0	0	0	0	0	0	0	0	0	0	0	0	0	0	0	0	0	0	0	0	0	0	0	0	0	0	0	0	0	
183656	Thalamus_L	12378	2376	898	2380	0	0	810	0	0	0	0	0	0	0	0	0	292	0	14406	1952	0	0	0	0	0	0	0	0	1070	248	0	0	0	302	1808	3204	5398	3564	1176	312	110	0	0	0	0	0	146	0	0	0	0	0	0	0	0	0	0	0	0	0	0	0	0	0	0	0	0	0	18748	0	7808	1282	1392	0	1706	84	0	7298	562	0	0	0	0	0	118	0	0	0	0	0	0	0	0	0	0	0	0	0	0	0	0	0	0	0	0	0	0	0	0	0	0	0	0	0	0	0	
242496	Thalamus_R	2128	19920	260	24364	0	0	252	384	0	0	0	692	0	0	0	0	336	1936	442	15464	0	0	0	0	0	0	0	0	958	1588	0	104	0	458	2522	4942	4462	6142	1790	1012	0	0	0	0	0	0	278	0	0	0	0	0	0	0	0	478	0	662	0	0	0	0	0	162	0	0	0	430	2394	138	1000	14024	668	1940	0	122	7298	0	484	482	0	208	0	0	0	96	0	0	0	228	0	0	0	0	0	0	0	0	0	0	0	0	0	0	0	0	0	0	0	0	0	0	0	0	0	0	
81296	Heschl_L	1296	184	1948	168	0	0	166	0	0	0	194	0	0	0	0	0	6854	0	1658	0	0	0	0	0	0	0	0	0	8592	0	0	0	0	0	104	512	2156	302	222	0	0	0	0	0	0	0	0	0	0	0	780	0	0	0	456	0	786	0	0	0	414	0	386	0	0	0	208	0	720	0	0	0	76	0	0	0	562	484	0	0	5182	0	0	0	4674	0	0	0	1564	0	0	0	0	0	0	0	0	0	0	0	0	0	0	0	0	0	0	0	0	0	0	0	0	0	0	0	
56020	Heschl_R	0	1612	0	192	0	0	0	0	0	0	0	198	0	76	0	0	0	7710	0	954	0	0	0	0	0	0	0	0	0	5796	0	0	0	212	0	0	0	932	0	136	0	0	0	0	0	0	0	0	0	0	0	0	0	0	0	310	0	318	0	0	0	0	0	1350	0	0	0	78	0	76	0	448	0	196	0	0	0	482	0	0	0	5742	0	118	0	790	0	0	0	284	0	0	0	0	0	0	0	0	0	0	0	0	0	0	0	0	0	0	0	0	0	0	0	0	0	0	
166816	Temporal_Sup_L	620	0	2070	0	0	0	420	0	0	0	1308	0	178	0	84	0	9082	0	1428	0	0	0	0	0	0	0	0	0	8926	0	0	0	286	0	0	0	906	0	0	0	0	0	0	0	0	0	0	0	0	0	246	0	0	0	1858	0	1526	0	0	0	1862	0	5966	0	1122	0	342	0	362	0	104	0	1010	0	0	0	0	0	5182	0	0	0	6134	0	21018	0	142	0	11226	0	0	0	0	0	0	0	0	0	0	0	0	0	0	0	0	0	0	0	0	0	0	0	0	0	0	0	
138020	Temporal_Sup_R	0	324	0	0	0	0	0	0	0	0	0	0	0	0	0	2138	0	4108	0	854	0	0	0	0	0	0	0	0	0	7796	0	0	0	90	0	0	0	2102	0	940	0	0	0	0	0	592	0	0	0	1402	0	230	0	0	0	3574	0	1312	0	882	0	1364	0	5680	0	2026	0	696	0	162	0	0	0	82	0	0	0	208	0	5742	0	0	0	4316	0	17612	0	1246	0	3532	0	0	0	0	0	0	0	0	0	0	0	0	0	0	0	0	0	0	0	0	0	0	0	0	0	0	
94320	Temporal_Pole_Sup_L	0	0	466	0	688	0	334	0	664	0	1770	0	1470	0	2772	0	896	0	202	0	400	0	0	0	0	0	138	0	5698	0	162	0	0	0	0	0	2198	0	1112	0	1368	0	0	0	0	0	0	0	0	0	0	0	0	0	2420	0	0	0	0	0	0	0	0	0	0	0	0	0	0	0	352	0	706	0	0	0	0	0	0	0	6134	0	0	0	5852	0	4390	0	6968	0	0	0	0	0	0	0	0	0	0	0	0	0	0	0	0	0	0	0	0	0	0	0	0	0	0	0	
77816	Temporal_Pole_Sup_R	0	0	0	500	0	0	0	136	0	0	0	904	0	0	0	2732	0	1006	0	350	0	0	0	134	0	0	0	0	0	4880	0	80	0	144	0	0	0	708	0	3034	0	2818	0	0	0	0	0	0	0	0	0	0	0	0	0	6838	0	0	0	0	0	0	0	0	0	0	0	0	0	0	0	0	0	406	0	0	0	0	0	118	0	4316	0	0	0	1422	0	3146	0	5236	0	0	0	0	0	0	0	0	0	0	0	0	0	0	0	0	0	0	0	0	0	0	0	0	0	0	
265436	Temporal_Mid_L	1036	0	286	0	0	0	78	0	0	0	0	0	0	0	0	0	1812	0	226	0	0	0	0	0	0	0	0	0	5636	0	0	0	7886	0	564	0	1612	0	108	0	318	0	1294	0	678	0	0	0	684	0	18310	0	2412	0	2088	0	164	0	212	0	1074	0	1718	0	4562	0	9152	0	872	0	0	0	164	0	0	0	118	0	4674	0	21018	0	5852	0	0	0	2982	0	35128	0	0	0	0	0	0	0	0	0	0	0	0	0	0	0	0	0	0	0	0	0	0	0	0	0	0	0	
263180	Temporal_Mid_R	0	594	0	0	0	0	0	0	0	0	0	0	0	0	0	502	0	576	0	622	0	0	0	0	0	0	0	0	0	2590	0	0	0	308	0	130	0	2458	0	466	0	0	0	3748	0	5114	0	926	0	9336	0	15140	0	1934	0	7394	0	2436	0	5768	0	5082	0	4306	0	4030	0	6936	0	568	0	0	0	164	0	0	0	96	0	790	0	17612	0	1422	0	0	0	2540	0	28002	0	0	0	0	0	0	0	0	0	0	0	0	0	0	0	0	0	0	0	0	0	0	0	0	0	0	
29188	Temporal_Pole_Mid_L	0	0	0	0	0	0	0	0	0	0	0	0	0	0	0	0	0	0	0	0	0	0	0	0	0	0	0	0	384	0	0	0	0	0	0	0	816	0	846	0	516	0	0	0	0	0	0	0	0	0	0	0	0	0	958	0	0	0	0	0	0	0	0	0	0	0	0	0	0	0	0	0	0	0	0	0	0	0	0	0	142	0	4390	0	2982	0	0	0	3560	0	0	0	0	0	0	0	0	0	0	0	0	0	0	0	0	0	0	0	0	0	0	0	0	0	0	0	
26292	Temporal_Pole_Mid_R	0	0	0	0	0	0	0	0	0	0	0	0	0	0	0	222	0	0	0	0	0	0	0	0	0	0	0	0	0	224	0	0	0	0	0	0	0	0	0	1046	0	144	0	0	0	0	0	0	0	0	0	0	0	0	0	2164	0	0	0	0	0	0	0	0	0	0	0	0	0	0	0	0	0	0	0	0	0	0	0	0	0	1246	0	3146	0	2540	0	0	0	2414	0	0	0	0	0	0	0	0	0	0	0	0	0	0	0	0	0	0	0	0	0	0	0	0	0	0	
239192	Temporal_Inf_L	1428	0	972	0	0	0	234	0	0	0	182	0	0	0	78	0	514	0	730	0	0	0	0	0	0	0	0	0	4896	0	0	0	2994	0	438	164	6662	120	2928	110	858	0	318	0	124	0	1408	0	0	0	5458	0	2990	0	13756	86	544	0	0	0	1764	0	2566	0	1218	0	4064	114	748	0	0	0	1292	0	0	0	0	0	1564	0	11226	0	6968	0	35128	0	3560	0	0	0	1074	0	94	0	0	0	0	0	224	0	0	0	0	0	0	0	0	0	0	0	0	0	0	0	0	0	
210916	Temporal_Inf_R	0	478	0	0	0	0	0	0	0	0	0	0	0	0	0	86	0	142	0	956	0	0	0	0	0	0	0	0	0	1130	0	0	0	478	0	546	0	5520	0	2390	0	1556	0	4702	0	1780	0	1448	0	2288	0	2538	0	6098	0	22928	0	1794	0	490	0	832	0	2718	0	488	0	2496	0	424	86	0	0	368	0	0	0	228	0	284	0	3532	0	5236	0	28002	0	2414	0	0	0	738	0	0	0	0	0	0	0	264	0	0	0	0	0	0	0	0	0	0	0	0	0	0	0	0	
471368	Cerebelum_Crus1_L	0	0	0	0	0	0	0	0	0	0	0	0	0	0	0	0	0	0	0	0	0	0	0	0	0	0	0	0	0	0	0	0	0	0	0	0	218	0	636	0	0	0	770	0	0	0	10210	2820	0	0	0	0	0	0	19480	648	0	0	0	0	0	0	0	0	0	0	0	0	0	0	0	0	0	0	0	0	0	0	0	0	0	0	0	0	0	0	0	0	1074	0	0	4134	33488	3918	1366	516	26504	494	63196	3358	9552	352	20736	1608	2826	1534	376	80	890	1164	2842	10544	5620	2614	1830	286	
519964	Cerebelum_Crus1_R	0	0	0	0	0	0	0	0	0	0	0	0	0	0	0	0	0	0	0	0	0	0	0	0	0	0	0	0	0	0	0	0	0	0	0	0	0	124	0	0	0	0	438	0	0	0	1588	10126	0	0	0	0	0	138	286	7782	0	0	0	0	0	0	0	0	0	0	0	0	0	0	0	0	0	0	0	0	0	0	0	0	0	0	0	0	0	0	0	0	0	738	4134	0	2036	37668	0	3622	2600	24122	6106	58668	1436	6428	1974	20024	192	6578	0	3284	532	1960	14816	16826	15058	6442	3952	304	
298524	Cerebelum_Crus2_L	0	0	0	0	0	0	0	0	0	0	0	0	0	0	0	0	0	0	0	0	0	0	0	0	0	0	0	0	0	0	0	0	0	0	0	0	0	0	172	0	0	0	168	0	0	0	740	706	0	0	0	0	0	0	1626	86	0	0	0	0	0	0	0	0	0	0	0	0	0	0	0	0	0	0	0	0	0	0	0	0	0	0	0	0	0	0	0	0	94	0	33488	2036	0	5298	336	228	3480	124	15658	924	30412	1368	32350	560	5944	828	186	0	348	498	818	4214	3532	1672	1122	246	
317448	Cerebelum_Crus2_R	0	0	0	0	0	0	0	0	0	0	0	0	0	0	0	0	0	0	0	0	0	0	0	0	0	0	0	0	0	0	0	0	0	0	0	0	0	0	0	0	0	0	0	0	0	0	382	1052	0	0	0	0	0	0	132	0	0	0	0	0	0	0	0	0	0	0	0	0	0	0	0	0	0	0	0	0	0	0	0	0	0	0	0	0	0	0	0	0	0	0	3918	37668	5298	0	0	380	222	2468	3536	10504	2898	18702	2974	29110	144	4412	0	2026	0	126	910	6128	15496	7896	2126	216	
36084	Cerebelum_3_L	0	0	0	0	0	0	0	0	0	0	0	0	0	0	0	0	0	0	0	0	0	0	0	0	0	0	0	0	0	0	0	0	0	0	0	0	0	0	88	0	0	0	232	0	0	0	688	200	0	0	0	0	0	0	0	0	0	0	0	0	0	0	0	0	0	0	0	0	0	0	0	0	0	0	0	0	0	0	0	0	0	0	0	0	0	0	0	0	0	0	1366	0	336	0	0	86	6636	0	2642	108	0	0	718	0	1410	106	248	0	684	1288	690	274	0	0	156	86	
68676	Cerebelum_3_R	0	0	0	0	0	0	0	0	0	0	0	0	0	0	0	0	0	0	0	0	0	0	0	0	0	0	0	0	0	0	0	0	0	0	0	0	0	0	0	344	0	0	0	0	0	0	108	322	0	0	0	0	0	0	0	0	0	0	0	0	0	0	0	0	0	0	0	0	0	0	0	0	0	0	0	0	0	0	0	0	0	0	0	0	0	0	0	0	0	0	516	3622	228	380	86	0	792	5542	670	7116	0	0	210	298	142	1888	0	146	928	5780	2262	1266	312	306	1074	0	
287860	Cerebelum_4_5_L	0	0	0	0	0	0	0	0	0	0	0	0	0	0	0	0	0	0	0	0	0	0	0	0	0	0	0	0	0	0	0	0	0	0	0	0	214	0	710	0	0	0	2250	0	0	0	13806	2704	0	0	0	0	0	0	9272	542	0	0	0	0	0	0	0	0	0	0	0	0	0	0	0	0	0	0	0	0	0	0	0	0	0	0	0	0	0	0	0	0	0	0	26504	2600	3480	222	6636	792	0	2462	34696	3396	654	0	4992	294	4114	1284	490	0	1954	2180	10588	4040	162	0	1250	1642	
227520	Cerebelum_4_5_R	0	0	0	0	0	0	0	0	0	0	0	0	0	0	0	0	0	0	0	0	0	0	0	0	0	0	0	0	0	0	0	0	0	0	80	294	0	1360	0	2360	0	0	476	118	0	0	1294	6804	0	0	0	0	0	124	280	4874	0	0	0	0	0	0	0	0	0	0	0	708	0	0	0	0	0	86	0	0	0	0	0	0	0	0	0	0	0	0	0	0	0	0	494	24122	124	2468	0	5542	2462	0	1088	31718	0	192	94	1822	252	932	0	628	800	2002	16248	1510	966	390	858	190	
503848	Cerebelum_6_L	0	0	0	0	0	0	0	0	0	0	0	0	0	0	0	0	0	0	0	0	0	0	0	0	0	0	0	0	0	0	0	0	0	0	0	0	202	0	480	0	0	0	1900	0	0	0	16446	5924	0	0	244	0	430	226	22596	1754	0	0	0	0	0	0	0	0	0	0	0	0	0	0	0	0	0	0	0	0	0	0	0	0	0	0	0	0	0	0	0	0	224	0	63196	6106	15658	3536	2642	670	34696	1088	0	5442	5204	90	14856	834	5124	3008	738	264	1380	1692	6684	17250	4880	1436	3588	1436	
427044	Cerebelum_6_R	0	0	0	0	0	0	0	0	0	0	0	0	0	0	0	0	0	0	0	0	0	0	0	0	0	0	0	0	0	0	0	0	0	0	0	0	0	138	0	198	0	0	616	0	0	0	1946	11566	0	0	0	0	0	428	222	9418	0	0	0	0	0	0	0	0	0	0	0	0	0	0	0	0	0	0	0	0	0	0	0	0	0	0	0	0	0	0	0	0	0	264	3358	58668	924	10504	108	7116	3396	31718	5442	0	92	1564	526	7022	186	4490	0	2652	1074	3630	18052	16342	5962	2654	3076	170	
200048	Cerebelum_7b_L	0	0	0	0	0	0	0	0	0	0	0	0	0	0	0	0	0	0	0	0	0	0	0	0	0	0	0	0	0	0	0	0	0	0	0	0	0	0	0	0	0	0	0	0	0	0	0	0	0	0	0	0	0	0	80	0	0	0	0	0	0	0	0	0	0	0	0	0	0	0	0	0	0	0	0	0	0	0	0	0	0	0	0	0	0	0	0	0	0	0	9552	1436	30412	2898	0	0	654	0	5204	92	0	256	30122	1460	6240	404	324	0	106	122	192	1892	4486	3366	612	114	
125248	Cerebelum_7b_R	0	0	0	0	0	0	0	0	0	0	0	0	0	0	0	0	0	0	0	0	0	0	0	0	0	0	0	0	0	0	0	0	0	0	0	0	0	0	0	0	0	0	0	0	0	0	0	0	0	0	0	0	0	0	0	0	0	0	0	0	0	0	0	0	0	0	0	0	0	0	0	0	0	0	0	0	0	0	0	0	0	0	0	0	0	0	0	0	0	0	352	6428	1368	18702	0	0	0	192	90	1564	256	0	218	22868	0	5346	0	292	0	0	120	224	1864	2424	316	0	
313164	Cerebelum_8_L	0	0	0	0	0	0	0	0	0	0	0	0	0	0	0	0	0	0	0	0	0	0	0	0	0	0	0	0	0	0	0	0	0	0	0	0	0	0	0	0	0	0	168	0	0	0	540	112	0	0	0	0	0	0	568	0	0	0	0	0	0	0	0	0	0	0	0	0	0	0	0	0	0	0	0	0	0	0	0	0	0	0	0	0	0	0	0	0	0	0	20736	1974	32350	2974	718	210	4992	94	14856	526	30122	218	0	2722	17398	1574	922	102	520	626	1066	3634	5250	7746	3552	312	
267164	Cerebelum_8_R	0	0	0	0	0	0	0	0	0	0	0	0	0	0	0	0	0	0	0	0	0	0	0	0	0	0	0	0	0	0	0	0	0	0	0	0	0	0	0	0	0	0	0	0	0	0	138	166	0	0	0	0	0	0	0	0	0	0	0	0	0	0	0	0	0	0	0	0	0	0	0	0	0	0	0	0	0	0	0	0	0	0	0	0	0	0	0	0	0	0	1608	20024	560	29110	0	298	294	1822	834	7022	1460	22868	2722	0	370	18182	0	2894	80	328	1240	920	7452	9130	3904	156	
126380	Cerebelum_9_L	0	0	0	0	0	0	0	0	0	0	0	0	0	0	0	0	0	0	0	0	0	0	0	0	0	0	0	0	0	0	0	0	0	0	0	0	0	0	0	0	0	0	158	0	0	0	322	652	0	0	0	0	0	0	0	0	0	0	0	0	0	0	0	0	0	0	0	0	0	0	0	0	0	0	0	0	0	0	0	0	0	0	0	0	0	0	0	0	0	0	2826	192	5944	144	1410	142	4114	252	5124	186	6240	0	17398	370	0	1970	3142	94	410	324	2126	2172	904	1810	3332	1432	
179796	Cerebelum_9_R	0	0	0	0	0	0	0	0	0	0	0	0	0	0	0	0	0	0	0	0	0	0	0	0	0	0	0	0	0	0	0	0	0	0	0	0	0	0	0	0	0	0	0	0	0	0	0	630	0	0	0	0	0	0	0	0	0	0	0	0	0	0	0	0	0	0	0	0	0	0	0	0	0	0	0	0	0	0	0	0	0	0	0	0	0	0	0	0	0	0	1534	6578	828	4412	106	1888	1284	932	3008	4490	404	5346	1574	18182	1970	0	262	2624	846	2376	2914	5838	4492	5220	9104	3056	
15364	Cerebelum_10_L	0	0	0	0	0	0	0	0	0	0	0	0	0	0	0	0	0	0	0	0	0	0	0	0	0	0	0	0	0	0	0	0	0	0	0	0	0	0	0	0	0	0	0	0	0	0	0	0	0	0	0	0	0	0	0	0	0	0	0	0	0	0	0	0	0	0	0	0	0	0	0	0	0	0	0	0	0	0	0	0	0	0	0	0	0	0	0	0	0	0	376	0	186	0	248	0	490	0	738	0	324	0	922	0	3142	262	0	0	0	100	0	324	0	94	316	160	
44976	Cerebelum_10_R	0	0	0	0	0	0	0	0	0	0	0	0	0	0	0	0	0	0	0	0	0	0	0	0	0	0	0	0	0	0	0	0	0	0	0	0	0	0	0	0	0	0	0	0	0	0	0	80	0	0	0	0	0	0	0	0	0	0	0	0	0	0	0	0	0	0	0	0	0	0	0	0	0	0	0	0	0	0	0	0	0	0	0	0	0	0	0	0	0	0	80	3284	0	2026	0	146	0	628	264	2652	0	292	102	2894	94	2624	0	0	0	160	110	776	2066	1810	2024	376	
47008	Vermis_1_2	0	0	0	0	0	0	0	0	0	0	0	0	0	0	0	0	0	0	0	0	0	0	0	0	0	0	0	0	0	0	0	0	0	0	0	0	0	0	0	0	0	0	154	0	0	0	296	284	0	0	0	0	0	0	0	0	0	0	0	0	0	0	0	0	0	0	0	0	0	0	0	0	0	0	0	0	0	0	0	0	0	0	0	0	0	0	0	0	0	0	890	532	348	0	684	928	1954	800	1380	1074	106	0	520	80	410	846	0	0	0	5448	3954	1562	0	84	936	234	
80492	Vermis_3	0	0	0	0	0	0	0	0	0	0	0	0	0	0	0	0	0	0	0	0	0	0	0	0	0	0	0	0	0	0	0	0	0	0	0	0	108	0	340	0	0	0	148	0	0	0	410	448	0	0	0	0	0	0	0	0	0	0	0	0	0	0	0	0	0	0	0	0	0	0	0	0	0	0	0	0	0	0	0	0	0	0	0	0	0	0	0	0	0	0	1164	1960	498	126	1288	5780	2180	2002	1692	3630	122	0	626	328	324	2376	100	160	5448	0	4690	2116	276	338	1568	0	
258128	Vermis_4_5	0	0	0	0	0	0	0	0	0	0	0	0	0	0	0	0	0	0	0	230	0	0	0	0	0	0	0	0	0	0	0	0	0	234	394	1766	80	504	0	288	0	0	1736	170	0	256	4220	9310	0	0	0	0	0	114	708	2668	0	0	0	0	0	0	0	0	0	0	316	2470	0	232	0	0	0	0	0	0	0	0	0	0	0	0	0	0	0	0	0	0	0	0	2842	14816	818	910	690	2262	10588	16248	6684	18052	192	120	1066	1240	2126	2914	0	110	3954	4690	0	7648	706	410	2206	2076	
