data	data	421876	377116	863164	931004	167312	128908	603804	414764	74480	39404	178108	140704	278356	125392	170128	67552	125856	91600	639348	661188	66400	62508	413544	460812	40972	119800	89276	74868	517752	216108	345392	556324	96440	425904	107320	144988	234384	304596	59312	158896	44328	42664	266104	413732	278652	401544	206784	299092	421640	497288	551200	316820	84172	103872	323052	489560	284132	260008	173444	170528	231936	175812	102636	116208	167288	165632	353944	367024	187920	125076	287840	339540	270884	295240	34504	23916	79820	92776	88996	11008	152920	89944	61236	52412	297556	174656	37404	18144	299556	219872	420704	445904	226648	244936	28092	32416	249664	211168	382764	427492	136436	63492	252212	282644	74088	99592	12216	5820	21408	27560	224364	191904	167340	201716	126196	93088	
data	data	Precentral_L	Precentral_R	Frontal_Sup_L	Frontal_Sup_R	Frontal_Sup_Orb_L	Frontal_Sup_Orb_R	Frontal_Mid_L	Frontal_Mid_R	Frontal_Mid_Orb_L	Frontal_Mid_Orb_R	Frontal_Inf_Oper_L	Frontal_Inf_Oper_R	Frontal_Inf_Tri_L	Frontal_Inf_Tri_R	Frontal_Inf_Orb_L	Frontal_Inf_Orb_R	Rolandic_Oper_L	Rolandic_Oper_R	Supp_Motor_Area_L	Supp_Motor_Area_R	Olfactory_L	Olfactory_R	Frontal_Sup_Medial_L	Frontal_Sup_Medial_R	Frontal_Med_Orb_L	Frontal_Med_Orb_R	Rectus_L	Rectus_R	Insula_L	Insula_R	Cingulum_Ant_L	Cingulum_Ant_R	Cingulum_Mid_L	Cingulum_Mid_R	Cingulum_Post_L	Cingulum_Post_R	Hippocampus_L	Hippocampus_R	ParaHippocampal_L	ParaHippocampal_R	Amygdala_L	Amygdala_R	Calcarine_L	Calcarine_R	Cuneus_L	Cuneus_R	Lingual_L	Lingual_R	Occipital_Sup_L	Occipital_Sup_R	Occipital_Mid_L	Occipital_Mid_R	Occipital_Inf_L	Occipital_Inf_R	Fusiform_L	Fusiform_R	Postcentral_L	Postcentral_R	Parietal_Sup_L	Parietal_Sup_R	Parietal_Inf_L	Parietal_Inf_R	SupraMarginal_L	SupraMarginal_R	Angular_L	Angular_R	Precuneus_L	Precuneus_R	Paracentral_Lobule_L	Paracentral_Lobule_R	Caudate_L	Caudate_R	Putamen_L	Putamen_R	Pallidum_L	Pallidum_R	Thalamus_L	Thalamus_R	Heschl_L	Heschl_R	Temporal_Sup_L	Temporal_Sup_R	Temporal_Pole_Sup_L	Temporal_Pole_Sup_R	Temporal_Mid_L	Temporal_Mid_R	Temporal_Pole_Mid_L	Temporal_Pole_Mid_R	Temporal_Inf_L	Temporal_Inf_R	Cerebelum_Crus1_L	Cerebelum_Crus1_R	Cerebelum_Crus2_L	Cerebelum_Crus2_R	Cerebelum_3_L	Cerebelum_3_R	Cerebelum_4_5_L	Cerebelum_4_5_R	Cerebelum_6_L	Cerebelum_6_R	Cerebelum_7b_L	Cerebelum_7b_R	Cerebelum_8_L	Cerebelum_8_R	Cerebelum_9_L	Cerebelum_9_R	Cerebelum_10_L	Cerebelum_10_R	Vermis_1_2	Vermis_3	Vermis_4_5	Vermis_6	Vermis_7	Vermis_8	Vermis_9	Vermis_10	
421876	Precentral_L	0	4864	12274	8386	114	0	27080	2072	0	0	9004	480	2022	0	338	0	7934	0	9430	9520	0	0	512	0	0	0	0	0	14880	0	644	140	0	2842	906	1314	5544	3206	646	410	0	0	342	0	356	0	0	0	584	0	2016	0	590	0	1786	1020	33780	0	444	0	3706	0	0	0	0	0	472	110	16656	446	7276	1078	2900	250	488	0	3852	1308	2508	0	1262	0	322	0	1710	0	0	0	704	410	0	0	0	0	0	0	0	0	0	0	0	0	0	0	0	0	0	0	0	0	0	0	0	0	0	0	
377116	Precentral_R	4864	0	2806	14890	0	0	608	17060	0	0	0	4032	0	294	0	0	194	4274	3630	6228	0	0	106	120	0	0	0	0	518	4782	360	3506	184	1016	280	1712	88	7168	0	2544	0	0	0	1836	0	1062	0	450	0	1460	0	272	0	1018	0	9186	2170	24964	0	630	0	1674	0	2030	0	204	0	2514	3002	10656	954	12356	1158	11538	0	3574	202	4932	0	342	0	904	0	0	0	2642	0	0	0	5430	0	0	0	0	0	0	0	0	0	0	0	0	0	0	0	0	0	0	0	0	134	0	0	0	0	0	
863164	Frontal_Sup_L	12274	2806	0	18772	14984	0	70030	3904	5340	0	7780	622	19946	508	9232	0	3610	0	82048	22208	0	0	44420	6262	1504	472	492	0	23306	0	19998	5220	2796	4360	0	0	2256	1336	84	262	0	0	0	0	0	0	0	0	0	0	98	0	0	0	262	484	3004	0	0	0	0	0	0	0	0	0	0	0	832	0	8428	776	18414	198	4800	0	4092	92	2316	0	542	0	0	0	0	0	0	0	296	116	0	0	0	0	0	0	0	0	0	0	0	0	0	0	0	0	0	0	0	0	0	0	0	0	0	0	
931004	Frontal_Sup_R	8386	14890	18772	0	0	9384	13184	51880	0	732	2794	8202	654	8364	0	2026	502	5206	21824	68970	0	0	14504	52574	0	5122	0	1204	1178	9962	7870	44546	1208	26264	0	0	460	1990	0	800	0	0	0	0	0	0	0	0	0	0	0	0	0	0	0	860	1246	414	0	0	104	0	0	86	0	0	0	0	1122	0	13622	21316	1276	13672	0	986	416	5694	122	0	0	0	0	488	0	214	0	0	0	412	0	0	0	0	0	0	0	0	0	0	0	0	0	0	0	0	0	0	0	0	0	0	0	0	0	0	
167312	Frontal_Sup_Orb_L	114	0	14984	0	0	0	5148	0	11166	0	0	0	408	0	10226	0	0	0	546	0	2002	206	9202	132	3840	240	7480	210	3472	0	3640	310	0	0	0	0	0	0	0	0	108	0	0	0	0	0	0	0	0	0	0	0	0	0	0	0	0	0	0	0	0	0	0	0	0	0	0	0	0	0	1278	96	8754	0	0	0	0	0	0	0	0	0	94	0	0	0	0	0	0	0	0	0	0	0	0	0	0	0	0	0	0	0	0	0	0	0	0	0	0	0	0	0	0	0	0	0	
128908	Frontal_Sup_Orb_R	0	0	0	9384	0	0	0	5680	0	4210	0	158	0	882	0	2034	0	0	0	972	0	660	418	5764	470	8242	0	7148	0	994	950	5422	0	364	0	0	0	0	0	0	0	0	0	0	0	0	0	0	0	0	0	0	0	0	0	0	0	0	0	0	0	0	0	0	0	0	0	0	0	0	0	6616	0	3078	0	0	0	1008	0	0	0	0	0	0	0	0	0	0	0	0	0	0	0	0	0	0	0	0	0	0	0	0	0	0	0	0	0	0	0	0	0	0	0	0	0	0	
603804	Frontal_Mid_L	27080	608	70030	13184	5148	0	0	5874	3244	0	13510	1138	39464	524	9784	0	2876	0	19312	7752	0	0	17096	980	236	0	0	0	32380	0	6928	642	684	888	108	114	1742	348	88	0	0	0	0	0	0	0	0	0	0	0	0	0	0	0	110	126	776	0	0	0	0	0	0	0	0	0	0	0	0	0	9366	334	4836	0	0	0	866	112	2746	0	438	0	328	0	0	0	0	0	102	0	0	0	0	0	0	0	0	0	0	0	0	0	0	0	0	0	0	0	0	0	0	0	0	0	0	0	
414764	Frontal_Mid_R	2072	17060	3904	51880	0	5680	5874	0	0	2616	2290	9046	570	16626	0	6712	194	4866	3244	12340	0	0	338	5076	0	0	0	0	530	7728	898	8570	0	3316	0	0	108	1342	0	354	0	0	0	0	0	0	0	0	0	0	0	0	0	0	0	502	494	804	0	0	0	0	0	94	0	0	0	0	0	0	6054	8934	544	11674	0	1722	98	2326	100	254	0	0	0	88	0	172	0	0	0	288	0	0	0	0	0	0	0	0	0	0	0	0	0	0	0	0	0	0	0	0	0	0	0	0	0	0	
74480	Frontal_Mid_Orb_L	0	0	5340	0	11166	0	3244	0	0	0	0	0	804	0	11700	0	0	0	0	0	240	0	0	0	0	0	2084	0	366	0	0	0	0	0	0	0	0	0	0	0	0	0	0	0	0	0	0	0	0	0	0	0	0	0	0	0	0	0	0	0	0	0	0	0	0	0	0	0	0	0	322	0	1974	0	0	0	0	0	0	0	0	0	0	0	0	0	0	0	0	0	0	0	0	0	0	0	0	0	0	0	0	0	0	0	0	0	0	0	0	0	0	0	0	0	0	0	
39404	Frontal_Mid_Orb_R	0	0	0	732	0	4210	0	2616	0	0	0	0	0	1046	0	7208	0	0	0	86	0	0	0	0	0	432	0	788	0	284	0	0	0	0	0	0	0	0	0	0	0	0	0	0	0	0	0	0	0	0	0	0	0	0	0	0	0	0	0	0	0	0	0	0	0	0	0	0	0	0	0	390	0	1910	0	0	0	0	0	0	0	0	0	0	0	0	0	0	0	0	0	0	0	0	0	0	0	0	0	0	0	0	0	0	0	0	0	0	0	0	0	0	0	0	0	0	
178108	Frontal_Inf_Oper_L	9004	0	7780	2794	0	0	13510	2290	0	0	0	2402	16598	0	128	0	6146	0	4838	2676	0	0	938	0	0	0	0	0	10944	0	878	170	0	566	0	0	748	0	0	0	0	0	0	0	0	0	0	0	0	0	0	0	0	0	328	0	2162	0	0	0	0	0	0	0	0	0	0	0	0	0	1174	0	668	0	0	0	0	0	744	0	630	0	598	0	0	0	0	0	340	0	0	0	0	0	0	0	0	0	0	0	0	0	0	0	0	0	0	0	0	0	0	0	0	0	0	0	
140704	Frontal_Inf_Oper_R	480	4032	622	8202	0	158	1138	9046	0	0	2402	0	650	10086	0	114	0	3934	500	5322	0	0	0	932	0	0	0	0	406	8852	116	894	0	534	0	0	0	674	0	118	0	0	0	0	0	0	0	0	0	0	0	0	0	0	0	84	0	1522	0	0	0	0	0	0	0	0	0	0	0	0	2000	656	692	4912	0	92	0	0	0	0	0	134	0	1048	0	0	0	0	0	0	0	0	0	0	0	0	0	0	0	0	0	0	0	0	0	0	0	0	0	0	0	0	0	0	0	0	
278356	Frontal_Inf_Tri_L	2022	0	19946	654	408	0	39464	570	804	0	16598	650	0	0	14472	0	1410	0	3982	542	0	0	3392	322	0	0	0	0	28866	0	3164	116	180	240	0	0	0	0	0	0	0	0	0	0	0	0	0	0	0	0	0	0	0	0	0	0	140	0	0	0	0	0	0	0	0	0	0	0	0	0	86	0	896	0	0	0	0	0	254	0	0	0	0	0	0	0	0	0	0	0	0	0	0	0	0	0	0	0	0	0	0	0	0	0	0	0	0	0	0	0	0	0	0	0	0	0	
125392	Frontal_Inf_Tri_R	0	294	508	8364	0	882	524	16626	0	1046	0	10086	0	0	0	3690	0	0	794	4070	0	0	130	2838	0	0	0	0	0	6076	98	1282	0	1852	0	0	0	130	0	0	0	0	0	0	0	0	0	0	0	0	0	0	0	0	0	0	0	0	0	0	0	0	0	0	0	0	0	0	0	0	1634	370	692	710	0	0	0	0	0	0	0	0	0	0	0	0	0	0	0	0	0	0	0	0	0	0	0	0	0	0	0	0	0	0	0	0	0	0	0	0	0	0	0	0	0	0	
170128	Frontal_Inf_Orb_L	338	0	9232	0	10226	0	9784	0	11700	0	128	0	14472	0	0	0	0	0	286	0	2664	0	612	0	0	0	1834	0	15468	0	736	0	0	0	0	0	262	0	0	0	646	0	0	0	0	0	0	0	0	0	0	0	0	0	0	0	0	0	0	0	0	0	0	0	0	0	0	0	0	0	682	0	5388	0	0	0	0	0	0	0	0	0	606	0	0	0	0	0	0	0	0	0	0	0	0	0	0	0	0	0	0	0	0	0	0	0	0	0	0	0	0	0	0	0	0	0	
67552	Frontal_Inf_Orb_R	0	0	0	2026	0	2034	0	6712	0	7208	0	114	0	3690	0	0	0	0	0	212	0	910	0	88	0	0	0	670	0	3636	0	0	0	0	0	0	0	0	0	0	0	0	0	0	0	0	0	0	0	0	0	0	0	0	0	0	0	0	0	0	0	0	0	0	0	0	0	0	0	0	0	880	0	5596	0	0	0	0	0	0	0	0	0	0	0	0	0	0	0	0	0	0	0	0	0	0	0	0	0	0	0	0	0	0	0	0	0	0	0	0	0	0	0	0	0	0	
125856	Rolandic_Oper_L	7934	194	3610	502	0	0	2876	194	0	0	6146	0	1410	0	0	0	0	0	3550	314	0	0	0	0	0	0	0	0	10142	0	0	0	0	0	0	0	1090	0	144	0	0	0	0	0	262	0	0	0	264	0	842	0	0	0	716	0	7712	0	366	0	1320	0	1630	0	524	0	252	0	0	0	1446	0	384	0	0	0	194	0	2652	0	4622	0	550	0	224	0	0	0	862	0	0	0	0	0	0	0	0	0	0	0	0	0	0	0	0	0	0	0	0	0	0	0	0	0	0	0	
91600	Rolandic_Oper_R	0	4274	0	5206	0	0	0	4866	0	0	0	3934	0	0	0	0	0	0	0	2324	0	0	0	0	0	0	0	0	0	9836	0	262	0	0	0	0	0	512	0	0	0	0	0	274	0	130	0	0	0	486	0	254	0	0	0	166	0	2372	0	362	0	370	0	1560	0	182	0	358	0	0	0	446	0	2596	0	94	0	0	0	1492	0	2142	0	950	0	352	0	0	0	0	0	0	0	0	0	0	0	0	0	0	0	0	0	0	0	0	0	0	0	0	0	0	0	0	0	0	
639348	Supp_Motor_Area_L	9430	3630	82048	21824	546	0	19312	3244	0	0	4838	500	3982	794	286	0	3550	0	0	45702	0	0	9826	5880	0	0	0	0	5362	300	9618	7654	6648	19766	370	560	1394	1152	0	418	0	0	602	0	382	0	0	0	134	0	514	0	0	0	244	1132	3034	174	0	0	0	0	0	0	0	0	610	146	13898	878	7814	920	8634	214	4610	0	4418	0	1538	0	540	0	0	0	0	0	0	0	270	334	0	0	0	0	0	0	0	0	0	0	0	0	0	0	0	0	0	0	0	0	0	0	0	0	0	0	
661188	Supp_Motor_Area_R	9520	6228	22208	68970	0	972	7752	12340	0	86	2676	5322	542	4070	0	212	314	2324	45702	0	0	0	3532	15308	0	230	0	0	826	5554	2468	20950	5398	41116	854	1510	210	3330	0	1188	0	0	0	0	0	0	0	0	0	0	0	0	0	0	0	2366	714	1286	0	0	134	0	0	0	0	0	0	334	13324	5886	7424	3772	624	1904	0	0	172	146	108	0	0	0	0	414	0	0	0	0	0	274	0	0	0	0	0	0	0	0	0	0	0	0	0	0	0	0	0	0	0	0	0	0	0	0	0	0	
66400	Olfactory_L	0	0	0	0	2002	0	0	0	240	0	0	0	0	0	2664	0	0	0	0	0	0	3392	90	0	626	704	4464	1530	3236	0	3300	3084	0	0	0	0	380	0	170	0	1054	0	0	0	0	0	0	0	0	0	0	0	0	0	0	0	0	0	0	0	0	0	0	0	0	0	0	0	0	0	3902	1530	674	0	0	0	0	0	0	0	0	0	158	0	0	0	0	0	0	0	0	0	0	0	0	0	0	0	0	0	0	0	0	0	0	0	0	0	0	0	0	0	0	0	0	0	
62508	Olfactory_R	0	0	0	0	206	660	0	0	0	0	0	0	0	0	0	910	0	0	0	0	3392	0	178	0	142	1378	3648	4376	0	1144	2734	4342	0	0	0	0	0	0	0	0	0	0	0	0	0	0	0	0	0	0	0	0	0	0	0	0	0	0	0	0	0	0	0	0	0	0	0	0	0	0	4348	2670	824	302	0	0	0	0	0	0	0	0	0	0	0	0	0	0	0	0	0	0	0	0	0	0	0	0	0	0	0	0	0	0	0	0	0	0	0	0	0	0	0	0	0	0	
413544	Frontal_Sup_Medial_L	512	106	44420	14504	9202	418	17096	338	0	0	938	0	3392	130	612	0	0	0	9826	3532	90	178	0	29128	3586	3152	916	0	4332	0	25082	15026	2918	9918	0	0	0	0	0	0	0	0	0	0	0	0	0	0	0	0	0	0	0	0	0	0	0	0	0	0	0	0	0	0	0	0	0	0	0	0	1026	1544	4274	424	0	0	0	0	152	0	0	0	0	0	0	0	0	0	0	0	0	0	0	0	0	0	0	0	0	0	0	0	0	0	0	0	0	0	0	0	0	0	0	0	0	0	
460812	Frontal_Sup_Medial_R	0	120	6262	52574	132	5764	980	5076	0	0	0	932	322	2838	0	88	0	0	5880	15308	0	0	29128	0	478	9762	0	1234	462	1440	11932	38710	1714	24530	0	0	0	0	0	0	0	0	0	0	0	0	0	0	0	0	0	0	0	0	0	0	0	0	0	0	0	0	0	0	0	0	0	0	0	0	94	8990	0	5274	0	0	0	382	0	0	0	0	0	0	0	0	0	0	0	0	0	0	0	0	0	0	0	0	0	0	0	0	0	0	0	0	0	0	0	0	0	0	0	0	0	0	
40972	Frontal_Med_Orb_L	0	0	1504	0	3840	470	236	0	0	0	0	0	0	0	0	0	0	0	0	0	626	142	3586	478	0	1268	2084	274	0	0	3756	208	0	0	0	0	0	0	0	0	0	0	0	0	0	0	0	0	0	0	0	0	0	0	0	0	0	0	0	0	0	0	0	0	0	0	0	0	0	0	980	0	1034	0	0	0	0	0	0	0	0	0	0	0	0	0	0	0	0	0	0	0	0	0	0	0	0	0	0	0	0	0	0	0	0	0	0	0	0	0	0	0	0	0	0	0	
119800	Frontal_Med_Orb_R	0	0	472	5122	240	8242	0	0	0	432	0	0	0	0	0	0	0	0	0	230	704	1378	3152	9762	1268	0	752	6250	0	0	5228	9360	0	244	0	0	0	0	0	0	0	0	0	0	0	0	0	0	0	0	0	0	0	0	0	0	0	0	0	0	0	0	0	0	0	0	0	0	0	0	612	4888	0	1564	0	0	0	0	0	0	0	0	0	0	0	0	0	0	0	0	0	0	0	0	0	0	0	0	0	0	0	0	0	0	0	0	0	0	0	0	0	0	0	0	0	0	
89276	Rectus_L	0	0	492	0	7480	0	0	0	2084	0	0	0	0	0	1834	0	0	0	0	0	4464	3648	916	0	2084	752	0	1884	558	0	5502	3402	0	0	0	0	0	0	0	0	0	0	0	0	0	0	0	0	0	0	0	0	0	0	0	0	0	0	0	0	0	0	0	0	0	0	0	0	0	0	5826	1934	1778	0	0	0	0	0	0	0	0	0	0	0	0	0	0	0	0	0	0	0	0	0	0	0	0	0	0	0	0	0	0	0	0	0	0	0	0	0	0	0	0	0	0	0	
74868	Rectus_R	0	0	0	1204	210	7148	0	0	0	788	0	0	0	0	0	670	0	0	0	0	1530	4376	0	1234	274	6250	1884	0	0	526	1428	5022	0	0	0	0	0	0	0	0	0	0	0	0	0	0	0	0	0	0	0	0	0	0	0	0	0	0	0	0	0	0	0	0	0	0	0	0	0	0	1272	3066	126	426	0	0	0	0	0	0	0	0	0	0	0	0	0	0	0	0	0	0	0	0	0	0	0	0	0	0	0	0	0	0	0	0	0	0	0	0	0	0	0	0	0	0	
517752	Insula_L	14880	518	23306	1178	3472	0	32380	530	366	0	10944	406	28866	0	15468	0	10142	0	5362	826	3236	0	4332	462	0	0	558	0	0	0	5000	142	274	230	90	88	16382	776	1382	108	2992	0	0	0	0	0	0	0	360	0	988	0	94	0	7968	134	5398	0	172	0	1034	0	204	0	238	0	0	0	0	0	4026	0	19126	0	0	0	1104	0	9508	0	6910	0	2842	0	4460	0	88	0	9526	0	0	0	0	0	0	0	0	0	0	0	0	0	0	0	0	0	0	0	0	0	0	0	0	0	0	0	
216108	Insula_R	0	4782	0	9962	0	994	0	7728	0	284	0	8852	0	6076	0	3636	0	9836	300	5554	0	1144	0	1440	0	0	0	526	0	0	0	450	0	1096	0	0	0	6192	0	2998	0	624	0	514	0	164	0	0	0	178	0	486	0	96	0	3740	0	964	0	124	0	114	0	86	0	0	0	734	0	0	0	512	0	16526	0	0	0	288	0	1150	0	2924	0	1378	0	2796	0	0	0	2806	0	0	0	0	0	0	0	0	0	0	0	0	0	0	0	0	0	0	0	0	0	0	0	0	0	0	
345392	Cingulum_Ant_L	644	360	19998	7870	3640	950	6928	898	0	0	878	116	3164	98	736	0	0	0	9618	2468	3300	2734	25082	11932	3756	5228	5502	1428	5000	0	0	20676	4126	5006	114	0	118	0	0	0	0	0	0	0	0	0	0	0	0	0	0	0	0	0	0	0	0	384	0	0	0	0	0	0	0	0	0	0	0	0	6772	5644	5872	1510	0	0	0	0	146	0	0	0	0	0	0	0	0	0	0	0	0	0	0	0	0	0	0	0	0	0	0	0	0	0	0	0	0	0	0	0	0	0	0	0	0	0	
556324	Cingulum_Ant_R	140	3506	5220	44546	310	5422	642	8570	0	0	170	894	116	1282	0	0	0	262	7654	20950	3084	4342	15026	38710	208	9360	3402	5022	142	450	20676	0	3022	23892	0	0	0	550	0	0	0	0	0	0	0	0	0	0	0	0	0	0	0	0	0	90	90	1536	0	0	0	0	0	206	0	0	0	0	0	0	3714	29550	580	12560	0	0	0	2266	0	0	0	0	0	0	0	0	0	0	0	0	0	0	0	0	0	0	0	0	0	0	0	0	0	0	0	0	0	0	0	0	0	0	0	0	0	0	
96440	Cingulum_Mid_L	0	184	2796	1208	0	0	684	0	0	0	0	0	180	0	0	0	0	0	6648	5398	0	0	2918	1714	0	0	0	0	274	0	4126	3022	0	8004	1090	534	0	836	0	384	0	0	540	0	2118	0	0	0	0	0	134	0	0	0	0	672	128	94	0	0	0	0	0	0	0	0	1976	1052	1128	378	0	0	0	0	0	0	0	0	0	0	0	0	0	0	0	0	0	0	0	0	0	0	0	0	0	0	0	0	0	0	0	0	0	0	0	0	0	0	0	0	0	0	0	0	0	0	
425904	Cingulum_Mid_R	2842	1016	4360	26264	0	364	888	3316	0	0	566	534	240	1852	0	0	0	0	19766	41116	0	0	9918	24530	0	244	0	0	230	1096	5006	23892	8004	0	2042	5308	0	1652	0	838	0	0	0	330	0	404	0	232	0	0	0	0	0	0	0	1274	88	2816	0	0	0	0	0	0	0	0	120	4636	8372	6608	658	722	190	394	0	0	0	0	0	0	0	0	0	0	0	0	0	0	0	0	0	0	0	0	0	0	0	0	0	0	0	0	0	0	0	0	0	0	0	0	224	0	0	0	0	0	
107320	Cingulum_Post_L	906	280	0	0	0	0	108	0	0	0	0	0	0	0	0	0	0	0	370	854	0	0	0	0	0	0	0	0	90	0	114	0	1090	2042	0	11870	4006	4714	1342	1308	0	0	4218	158	1946	100	1210	0	548	0	1508	0	182	0	648	1256	916	616	0	0	0	0	0	0	0	0	6282	1172	1962	474	0	0	0	0	0	0	342	0	0	0	0	0	0	0	428	0	0	0	0	132	0	0	0	0	0	0	222	0	0	0	0	0	0	0	0	0	0	0	0	0	246	0	0	0	0	0	
144988	Cingulum_Post_R	1314	1712	0	0	0	0	114	0	0	0	0	0	0	0	0	0	0	0	560	1510	0	0	0	0	0	0	0	0	88	0	0	0	534	5308	11870	0	3640	6478	914	2138	0	0	312	1574	0	998	216	3030	0	214	0	130	0	352	0	4362	444	3204	0	0	0	0	0	0	0	0	1374	8834	3928	2424	0	0	0	0	0	0	826	356	0	0	0	0	0	0	0	162	0	0	0	1090	0	0	0	0	0	0	0	0	0	0	0	0	0	0	0	0	0	0	0	0	2484	0	0	0	0	0	
234384	Hippocampus_L	5544	88	2256	460	0	0	1742	108	0	0	748	0	0	0	262	0	1090	0	1394	210	380	0	0	0	0	0	0	0	16382	0	118	0	0	0	4006	3640	0	4074	8622	928	7538	0	792	0	0	0	1648	0	0	0	0	0	0	0	13604	250	292	0	0	0	0	0	0	0	0	0	2214	900	180	0	812	0	8990	0	456	0	4166	448	2410	0	2954	0	1322	0	1776	0	254	0	13866	0	0	0	0	0	0	0	146	0	0	0	0	0	0	0	0	0	0	0	0	0	122	0	0	0	0	0	
304596	Hippocampus_R	3206	7168	1336	1990	0	0	348	1342	0	0	0	674	0	130	0	0	0	512	1152	3330	0	0	0	0	0	0	0	0	776	6192	0	550	836	1652	4714	6478	4074	0	1582	24878	0	8198	0	108	0	0	0	1116	0	0	0	0	0	230	172	30172	1450	1092	0	0	90	0	0	0	0	0	408	2190	3142	876	442	1138	894	11280	0	282	772	4148	0	0	0	794	0	1288	0	1268	0	106	150	6910	0	0	0	0	0	0	0	200	0	0	0	0	0	0	0	0	0	0	0	0	462	0	0	0	0	0	
59312	ParaHippocampal_L	646	0	84	0	0	0	88	0	0	0	0	0	0	0	0	0	144	0	0	0	170	0	0	0	0	0	0	0	1382	0	0	0	0	0	1342	914	8622	1582	0	326	1494	0	632	0	0	0	1576	0	0	0	106	0	104	0	4624	110	114	0	0	0	0	0	0	0	0	0	1450	230	90	0	166	0	602	0	0	0	520	386	102	0	0	0	114	0	216	0	0	0	1404	0	0	0	0	0	0	0	216	0	0	0	0	0	0	0	0	0	0	0	0	100	0	0	0	0	0	0	
158896	ParaHippocampal_R	410	2544	262	800	0	0	0	354	0	0	0	118	0	0	0	0	0	0	418	1188	0	0	0	0	0	0	0	0	108	2998	0	0	384	838	1308	2138	928	24878	326	0	0	3528	0	0	0	0	0	1468	0	0	0	0	0	182	0	18334	356	196	0	0	0	0	0	0	0	0	324	1768	692	438	0	256	90	5738	0	188	0	1204	0	0	0	118	0	942	0	168	0	678	0	1732	0	0	0	0	0	0	0	792	0	0	0	0	0	0	0	0	0	0	0	0	256	0	0	0	0	0	
44328	Amygdala_L	0	0	0	0	108	0	0	0	0	0	0	0	0	0	646	0	0	0	0	0	1054	0	0	0	0	0	0	0	2992	0	0	0	0	0	0	0	7538	0	1494	0	0	0	0	0	0	0	0	0	0	0	0	0	0	0	3550	0	0	0	0	0	0	0	0	0	0	0	0	0	0	0	0	0	964	0	0	0	0	0	0	0	0	0	752	0	378	0	110	0	2578	0	0	0	0	0	0	0	0	0	0	0	0	0	0	0	0	0	0	0	0	0	0	0	0	0	0	0	
42664	Amygdala_R	0	0	0	0	0	0	0	0	0	0	0	0	0	0	0	0	0	0	0	0	0	0	0	0	0	0	0	0	0	624	0	0	0	0	0	0	0	8198	0	3528	0	0	0	0	0	0	0	0	0	0	0	0	0	0	0	4998	0	0	0	0	0	0	0	0	0	0	0	0	0	0	0	0	0	1874	0	0	0	0	0	0	0	0	0	1610	0	0	0	346	0	154	0	0	0	0	0	0	0	0	0	0	0	0	0	0	0	0	0	0	0	0	0	0	0	0	0	0	
266104	Calcarine_L	342	0	0	0	0	0	0	0	0	0	0	0	0	0	0	0	0	0	602	0	0	0	0	0	0	0	0	0	0	0	0	0	540	0	4218	312	792	0	632	0	0	0	0	8332	16468	6024	10748	1938	18800	3856	22890	1478	3838	0	2448	0	620	0	1340	0	202	0	0	0	538	578	21494	846	876	0	0	0	0	0	0	0	0	0	0	0	0	0	0	0	1710	166	0	0	156	0	0	0	0	0	0	0	268	0	0	0	0	0	0	0	0	0	0	0	0	0	0	0	0	0	0	0	
413732	Calcarine_R	0	1836	0	0	0	0	0	0	0	0	0	0	0	0	0	0	0	274	0	0	0	0	0	0	0	0	0	0	0	514	0	0	0	330	158	1574	0	108	0	0	0	0	8332	0	1954	37386	4752	28392	84	35078	0	17772	0	6646	0	14208	0	5848	0	720	0	494	0	740	0	1868	2606	26538	446	1602	0	0	0	0	0	0	0	0	0	0	0	184	0	0	0	2658	0	0	0	2948	0	0	0	0	0	0	0	510	0	0	0	0	0	0	0	0	0	0	0	0	306	0	0	0	0	0	
278652	Cuneus_L	356	0	0	0	0	0	0	0	0	0	0	0	0	0	0	0	262	0	382	0	0	0	0	0	0	0	0	0	0	0	0	0	2118	0	1946	0	0	0	0	0	0	0	16468	1954	0	5114	1228	0	35878	1378	23632	0	1450	0	274	0	824	0	3826	0	952	0	672	0	2260	0	31442	1210	550	0	0	0	0	0	0	0	0	0	0	0	522	0	0	0	3884	0	0	0	744	0	0	0	0	0	0	0	0	0	0	0	0	0	0	0	0	0	0	0	0	0	0	0	0	0	0	0	
401544	Cuneus_R	0	1062	0	0	0	0	0	0	0	0	0	0	0	0	0	0	0	130	0	0	0	0	0	0	0	0	0	0	0	164	0	0	0	404	100	998	0	0	0	0	0	0	6024	37386	5114	0	2702	10386	214	48360	0	20996	0	3992	0	3772	0	7096	0	5364	0	2002	0	602	0	1778	3942	30928	0	1950	0	0	0	0	0	0	0	0	0	0	0	178	0	0	0	4110	0	0	0	894	0	0	0	0	0	0	0	0	0	0	0	0	0	0	0	0	0	0	0	0	124	0	0	0	0	0	
206784	Lingual_L	0	0	0	0	0	0	0	0	0	0	0	0	0	0	0	0	0	0	0	0	0	0	0	0	0	0	0	0	0	0	0	0	0	0	1210	216	1648	0	1576	0	0	0	10748	4752	1228	2702	0	1696	4678	2610	10296	1620	2948	0	10988	106	0	0	108	0	0	0	0	0	0	696	5044	534	0	0	0	0	0	0	0	0	0	0	0	0	0	0	0	0	0	198	0	0	0	0	7048	1438	358	142	116	0	9608	820	11302	1542	166	0	136	0	0	0	0	0	0	0	2896	1832	386	0	0	0	
299092	Lingual_R	0	450	0	0	0	0	0	0	0	0	0	0	0	0	0	0	0	0	0	0	0	0	0	0	0	0	0	0	0	0	0	0	0	232	0	3030	0	1116	0	1468	0	0	1938	28392	0	10386	1696	0	0	12052	0	5382	0	3546	232	15208	0	1208	0	196	0	0	0	0	0	184	420	11860	0	440	0	0	0	0	0	0	0	0	0	0	0	0	0	0	0	532	0	0	0	1024	3152	7914	952	442	0	180	1184	5802	3174	11144	0	0	0	0	0	0	0	0	0	0	4072	7856	2682	0	0	0	
421640	Occipital_Sup_L	584	0	0	0	0	0	0	0	0	0	0	0	0	0	0	0	264	0	134	0	0	0	0	0	0	0	0	0	360	0	0	0	0	0	548	0	0	0	0	0	0	0	18800	84	35878	214	4678	0	0	0	61790	0	2832	0	298	0	2024	0	18868	0	6746	0	996	0	10490	0	30078	0	748	0	90	0	0	0	0	0	0	0	334	0	672	0	0	0	9006	0	0	0	4304	0	0	0	0	0	0	0	0	0	0	0	0	0	0	0	0	0	0	0	0	0	0	0	0	0	0	0	
497288	Occipital_Sup_R	0	1460	0	0	0	0	0	0	0	0	0	0	0	0	0	0	0	486	0	0	0	0	0	0	0	0	0	0	0	178	0	0	0	0	0	214	0	0	0	0	0	0	3856	35078	1378	48360	2610	12052	0	0	0	38958	0	4578	0	4242	0	5268	0	20370	0	16086	0	3730	0	15094	2246	21316	0	1336	0	0	0	0	0	0	0	0	0	0	0	2400	0	0	0	5890	0	0	0	1458	0	0	0	0	0	0	0	0	0	0	0	0	0	0	0	0	0	0	0	0	0	0	0	0	0	0	
551200	Occipital_Mid_L	2016	0	98	0	0	0	0	0	0	0	0	0	0	0	0	0	842	0	514	0	0	0	0	0	0	0	0	0	988	0	0	0	134	0	1508	0	0	0	106	0	0	0	22890	0	23632	0	10296	0	61790	0	0	0	15734	0	3380	0	6734	0	20474	0	15798	0	3416	0	25064	0	25690	0	2382	0	298	0	0	0	0	0	0	0	520	0	1902	0	0	0	20688	0	0	0	8706	0	0	0	0	0	0	0	0	0	0	0	0	0	0	0	0	0	0	0	0	0	0	0	0	0	0	0	
316820	Occipital_Mid_R	0	272	0	0	0	0	0	0	0	0	0	0	0	0	0	0	0	254	0	0	0	0	0	0	0	0	0	0	0	486	0	0	0	0	0	130	0	0	0	0	0	0	1478	17772	0	20996	1620	5382	0	38958	0	0	0	7598	0	1494	0	1834	0	8034	0	8316	0	840	0	17600	108	9818	0	228	0	0	0	0	0	0	0	0	0	0	0	344	0	0	0	12904	0	0	0	1944	0	0	0	0	0	0	0	0	0	0	0	0	0	0	0	0	0	0	0	0	0	0	0	0	0	0	
84172	Occipital_Inf_L	590	0	0	0	0	0	0	0	0	0	0	0	0	0	0	0	0	0	0	0	0	0	0	0	0	0	0	0	94	0	0	0	0	0	182	0	0	0	104	0	0	0	3838	0	1450	0	2948	0	2832	0	15734	0	0	0	6602	0	750	0	254	0	232	0	0	0	298	0	2078	0	330	0	0	0	0	0	0	0	0	0	0	0	0	0	0	0	1786	0	0	0	1638	0	0	0	0	0	0	0	0	0	234	0	0	0	0	0	0	0	0	0	0	0	0	112	0	0	0	0	
103872	Occipital_Inf_R	0	1018	0	0	0	0	0	0	0	0	0	0	0	0	0	0	0	0	0	0	0	0	0	0	0	0	0	0	0	96	0	0	0	0	0	352	0	230	0	182	0	0	0	6646	0	3992	0	3546	0	4578	0	7598	0	0	0	9644	0	1306	0	780	0	1058	0	418	0	384	0	3416	114	308	0	0	0	0	0	0	0	0	0	0	0	146	0	0	0	1926	0	0	0	3036	0	0	0	0	0	0	0	228	0	416	0	0	0	0	0	0	0	0	0	0	364	154	0	0	0	0	
323052	Fusiform_L	1786	0	262	0	0	0	110	0	0	0	328	0	0	0	0	0	716	0	244	0	0	0	0	0	0	0	0	0	7968	0	0	0	0	0	648	0	13604	172	4624	0	3550	0	2448	0	274	0	10988	232	298	0	3380	0	6602	0	0	0	1168	0	0	0	268	0	0	0	0	0	2036	0	900	0	1000	0	2716	0	0	0	344	0	1306	0	1822	0	2558	0	2586	0	2622	0	16548	0	21994	906	1142	116	0	0	10424	618	25940	884	152	0	780	0	0	0	0	0	0	0	2406	1752	304	0	0	0	
489560	Fusiform_R	1020	9186	484	860	0	0	126	502	0	0	0	84	0	0	0	0	0	166	1132	2366	0	0	0	0	0	0	0	0	134	3740	0	90	672	1274	1256	4362	250	30172	110	18334	0	4998	0	14208	0	3772	106	15208	0	4242	0	1494	0	9644	0	0	622	4510	0	1110	0	1744	0	2322	0	2430	262	9388	2050	2104	0	972	112	3640	0	90	0	1582	0	200	0	4008	0	4752	0	5726	0	1668	0	29956	546	10406	126	144	0	0	156	4340	560	12756	0	0	204	736	0	0	0	0	0	0	2306	1710	332	682	322	214	
284132	Postcentral_L	33780	2170	3004	1246	0	0	776	494	0	0	2162	0	140	0	0	0	7712	0	3034	714	0	0	0	0	0	0	0	0	5398	0	0	90	128	88	916	444	292	1450	114	356	0	0	620	0	824	0	0	0	2024	0	6734	0	750	0	1168	622	0	0	5686	0	24942	0	8044	0	1894	0	2340	0	4244	0	5792	928	196	232	0	0	320	1522	1782	0	3406	0	0	0	2298	0	0	0	1000	190	0	0	0	0	0	0	0	0	0	0	0	0	0	0	0	0	0	0	0	0	0	0	0	0	0	0	
260008	Postcentral_R	0	24964	0	414	0	0	0	804	0	0	0	1522	0	0	0	0	0	2372	174	1286	0	0	0	0	0	0	0	0	0	964	384	1536	94	2816	616	3204	0	1092	0	196	0	0	0	5848	0	7096	0	1208	0	5268	0	1834	0	1306	0	4510	0	0	0	3992	0	6672	0	11514	0	620	0	13676	1508	12746	0	1698	0	1458	0	0	0	0	0	0	0	1052	0	0	0	2184	0	0	0	3138	0	0	0	0	0	0	0	0	0	0	0	0	0	0	0	0	0	0	0	0	238	0	0	0	0	0	
173444	Parietal_Sup_L	444	0	0	0	0	0	0	0	0	0	0	0	0	0	0	0	366	0	0	0	0	0	0	0	0	0	0	0	172	0	0	0	0	0	0	0	0	0	0	0	0	0	1340	0	3826	0	108	0	18868	0	20474	0	254	0	0	0	5686	0	0	0	12454	0	362	0	5698	0	11858	0	726	0	0	0	0	0	0	0	0	0	174	0	242	0	0	0	1798	0	0	0	1872	0	0	0	0	0	0	0	0	0	0	0	0	0	0	0	0	0	0	0	0	0	0	0	0	0	0	0	
170528	Parietal_Sup_R	0	630	0	0	0	0	0	0	0	0	0	0	0	0	0	0	0	362	0	0	0	0	0	0	0	0	0	0	0	124	0	0	0	0	0	0	0	0	0	0	0	0	0	720	0	5364	0	196	0	20370	0	8034	0	780	0	1110	0	3992	0	0	0	16218	0	3810	0	11920	530	6344	0	1330	0	0	0	0	0	0	0	0	0	0	0	1984	0	0	0	776	0	0	0	670	0	0	0	0	0	0	0	0	0	0	0	0	0	0	0	0	0	0	0	0	0	0	0	0	0	0	
231936	Parietal_Inf_L	3706	0	0	104	0	0	0	0	0	0	0	0	0	0	0	0	1320	0	0	134	0	0	0	0	0	0	0	0	1034	0	0	0	0	0	0	0	0	90	0	0	0	0	202	0	952	0	0	0	6746	0	15798	0	232	0	268	0	24942	0	12454	0	0	0	13878	0	16252	0	2430	0	1530	0	780	176	0	0	0	0	0	214	324	0	2434	0	0	0	5476	0	0	0	4492	0	0	0	0	0	0	0	0	0	0	0	0	0	0	0	0	0	0	0	0	0	0	0	0	0	0	0	
175812	Parietal_Inf_R	0	1674	0	0	0	0	0	0	0	0	0	0	0	0	0	0	0	370	0	0	0	0	0	0	0	0	0	0	0	114	0	0	0	0	0	0	0	0	0	0	0	0	0	494	0	2002	0	0	0	16086	0	8316	0	1058	0	1744	0	6672	0	16218	0	0	0	11776	0	16332	0	774	0	584	0	0	0	0	0	0	0	0	0	0	0	2042	0	0	0	804	0	0	0	846	0	0	0	0	0	0	0	0	0	0	0	0	0	0	0	0	0	0	0	0	0	0	0	0	0	0	
102636	SupraMarginal_L	0	0	0	0	0	0	0	0	0	0	0	0	0	0	0	0	1630	0	0	0	0	0	0	0	0	0	0	0	204	0	0	0	0	0	0	0	0	0	0	0	0	0	0	0	672	0	0	0	996	0	3416	0	0	0	0	0	8044	0	362	0	13878	0	0	0	6558	0	646	0	0	0	266	0	0	0	0	0	0	0	122	0	6700	0	0	0	4026	0	0	0	3798	0	0	0	0	0	0	0	0	0	0	0	0	0	0	0	0	0	0	0	0	0	0	0	0	0	0	0	
116208	SupraMarginal_R	0	2030	0	86	0	0	0	94	0	0	0	0	0	0	0	0	0	1560	0	0	0	0	0	0	0	0	0	0	0	86	0	206	0	0	0	0	0	0	0	0	0	0	0	740	0	602	0	0	0	3730	0	840	0	418	0	2322	0	11514	0	3810	0	11776	0	0	0	6532	0	882	0	398	0	208	0	0	0	0	0	0	0	0	0	5220	0	0	0	1288	0	0	0	3762	0	0	0	0	0	0	0	0	0	0	0	0	0	0	0	0	0	0	0	0	0	0	0	0	0	0	
167288	Angular_L	0	0	0	0	0	0	0	0	0	0	0	0	0	0	0	0	524	0	0	0	0	0	0	0	0	0	0	0	238	0	0	0	0	0	0	0	0	0	0	0	0	0	538	0	2260	0	0	0	10490	0	25064	0	298	0	0	0	1894	0	5698	0	16252	0	6558	0	0	0	3084	0	0	0	0	0	0	0	0	0	0	0	156	0	506	0	0	0	7560	0	0	0	2524	0	0	0	0	0	0	0	0	0	0	0	0	0	0	0	0	0	0	0	0	0	0	0	0	0	0	0	
165632	Angular_R	0	204	0	0	0	0	0	0	0	0	0	0	0	0	0	0	0	182	0	0	0	0	0	0	0	0	0	0	0	0	0	0	0	0	0	0	0	0	0	0	0	0	578	1868	0	1778	696	184	0	15094	0	17600	0	384	0	2430	0	620	0	11920	0	16332	0	6532	0	0	0	468	0	148	0	0	0	0	0	0	0	0	0	0	0	1594	0	0	0	2832	0	0	0	1372	0	0	0	0	0	0	0	0	0	0	0	0	0	0	0	0	0	0	0	0	0	0	0	0	0	0	
353944	Precuneus_L	472	0	0	0	0	0	0	0	0	0	0	0	0	0	0	0	252	0	610	0	0	0	0	0	0	0	0	0	0	0	0	0	1976	120	6282	1374	2214	408	1450	324	0	0	21494	2606	31442	3942	5044	420	30078	2246	25690	108	2078	0	2036	262	2340	0	11858	530	2430	0	646	0	3084	0	0	5134	1592	0	0	0	0	0	0	0	0	0	0	0	508	0	0	0	4392	0	0	0	786	0	0	0	0	0	0	0	524	0	0	0	0	0	0	0	0	0	0	0	0	0	220	0	0	0	0	0	
367024	Precuneus_R	110	2514	0	0	0	0	0	0	0	0	0	0	0	0	0	0	0	358	146	334	0	0	0	0	0	0	0	0	0	734	0	0	1052	4636	1172	8834	900	2190	230	1768	0	0	846	26538	1210	30928	534	11860	0	21316	0	9818	0	3416	0	9388	0	13676	0	6344	0	774	0	882	0	468	5134	0	156	6218	0	0	0	0	0	0	0	90	0	0	0	304	0	0	0	2682	0	0	0	2308	0	0	0	0	0	0	0	1176	0	0	0	0	0	0	0	0	0	0	0	0	2468	0	0	0	0	0	
187920	Paracentral_Lobule_L	16656	3002	832	1122	0	0	0	0	0	0	0	0	0	0	0	0	0	0	13898	13324	0	0	0	0	0	0	0	0	0	0	0	0	1128	8372	1962	3928	180	3142	90	692	0	0	876	446	550	0	0	0	748	0	2382	0	330	114	900	2050	4244	1508	726	0	1530	0	0	0	0	0	1592	156	0	2936	352	552	0	0	0	0	2276	0	0	0	0	0	0	0	832	0	0	0	0	532	0	0	0	0	0	0	0	0	0	0	0	0	0	0	0	0	0	0	0	0	0	0	0	0	0	0	
125076	Paracentral_Lobule_R	446	10656	0	0	0	0	0	0	0	0	0	0	0	0	0	0	0	0	878	5886	0	0	0	0	0	0	0	0	0	0	0	0	378	6608	474	2424	0	876	0	438	0	0	0	1602	0	1950	0	440	0	1336	0	228	0	308	0	2104	0	12746	0	1330	0	584	0	398	0	148	0	6218	2936	0	0	0	0	0	0	0	0	0	0	0	0	0	0	0	0	518	0	0	0	444	0	0	0	0	0	0	0	0	0	0	0	0	0	0	0	0	0	0	0	0	184	0	0	0	0	0	
287840	Caudate_L	7276	954	8428	13622	1278	0	9366	6054	322	0	1174	2000	86	1634	682	0	1446	0	7814	7424	3902	4348	1026	94	980	612	5826	1272	4026	0	6772	3714	0	658	0	0	812	442	166	0	0	0	0	0	0	0	0	0	90	0	298	0	0	0	1000	0	5792	0	0	0	780	0	266	0	0	0	0	0	352	0	0	4786	12014	510	1154	0	8378	554	1090	0	638	0	0	0	732	0	0	0	1276	0	0	0	0	0	0	0	0	0	0	0	0	0	0	0	0	0	0	0	0	0	0	0	0	0	0	0	
339540	Caudate_R	1078	12356	776	21316	96	6616	334	8934	0	390	0	656	0	370	0	880	0	446	920	3772	1530	2670	1544	8990	0	4888	1934	3066	0	512	5644	29550	0	722	0	0	0	1138	0	256	0	0	0	0	0	0	0	0	0	0	0	0	0	0	0	972	928	1698	0	0	176	0	0	208	0	0	0	0	552	0	4786	0	1868	20084	0	1846	0	14572	0	0	0	0	0	0	0	0	0	0	0	696	0	0	0	0	0	0	0	0	0	0	0	0	0	0	0	0	0	0	0	0	0	0	0	0	0	0	
270884	Putamen_L	2900	1158	18414	1276	8754	0	4836	544	1974	0	668	692	896	692	5388	0	384	0	8634	624	674	824	4274	0	1034	0	1778	126	19126	0	5872	580	0	190	0	0	8990	894	602	90	964	0	0	0	0	0	0	0	0	0	0	0	0	0	2716	112	196	0	0	0	0	0	0	0	0	0	0	0	0	0	12014	1868	0	678	4536	0	3858	128	168	0	702	0	1312	0	622	0	0	0	2680	0	0	0	0	0	0	0	0	0	0	0	0	0	0	0	0	0	0	0	0	0	0	0	0	0	0	0	
295240	Putamen_R	250	11538	198	13672	0	3078	0	11674	0	1910	0	4912	0	710	0	5596	0	2596	214	1904	0	302	424	5274	0	1564	0	426	0	16526	1510	12560	0	394	0	0	0	11280	0	5738	0	1874	0	0	0	0	0	0	0	0	0	0	0	0	0	3640	232	1458	0	0	0	0	0	0	0	0	0	0	0	0	510	20084	678	0	0	3084	0	772	0	214	0	116	0	414	0	0	0	0	0	294	0	0	0	0	0	0	0	0	0	0	0	0	0	0	0	0	0	0	0	0	0	0	0	0	0	0	
34504	Pallidum_L	488	0	4800	0	0	0	0	0	0	0	0	0	0	0	0	0	0	0	4610	0	0	0	0	0	0	0	0	0	0	0	0	0	0	0	0	0	456	0	0	0	0	0	0	0	0	0	0	0	0	0	0	0	0	0	0	0	0	0	0	0	0	0	0	0	0	0	0	0	0	0	1154	0	4536	0	0	0	1208	0	0	0	0	0	0	0	0	0	0	0	0	0	0	0	0	0	0	0	0	0	0	0	0	0	0	0	0	0	0	0	0	0	0	0	0	0	0	0	
23916	Pallidum_R	0	3574	0	986	0	0	0	1722	0	0	0	92	0	0	0	0	0	94	0	0	0	0	0	0	0	0	0	0	0	0	0	0	0	0	0	0	0	282	0	188	0	0	0	0	0	0	0	0	0	0	0	0	0	0	0	90	0	0	0	0	0	0	0	0	0	0	0	0	0	0	0	1846	0	3084	0	0	0	0	0	0	0	0	0	0	0	0	0	0	0	0	0	0	0	0	0	0	0	0	0	0	0	0	0	0	0	0	0	0	0	0	0	0	0	0	0	0	
79820	Thalamus_L	3852	202	4092	416	0	0	866	98	0	0	0	0	0	0	0	0	194	0	4418	172	0	0	0	0	0	0	0	0	1104	0	0	0	0	0	342	826	4166	772	520	0	0	0	0	0	0	0	0	0	0	0	0	0	0	0	344	0	320	0	0	0	0	0	0	0	0	0	0	0	2276	0	8378	0	3858	0	1208	0	0	722	94	0	108	0	0	0	0	0	0	0	562	0	0	0	0	0	0	0	0	0	0	0	0	0	0	0	0	0	0	0	0	0	0	0	0	0	0	0	
92776	Thalamus_R	1308	4932	92	5694	0	1008	112	2326	0	0	0	0	0	0	0	0	0	0	0	146	0	0	0	382	0	0	0	0	0	288	0	2266	0	0	0	356	448	4148	386	1204	0	0	0	0	0	0	0	0	0	0	0	0	0	0	0	1582	1522	0	0	0	214	0	0	0	0	0	0	90	0	0	554	14572	128	772	0	0	722	0	0	0	0	0	0	0	0	178	0	0	0	958	0	0	0	0	0	0	0	0	0	0	0	0	0	0	0	0	0	0	0	0	0	0	0	0	0	0	
88996	Heschl_L	2508	0	2316	122	0	0	2746	100	0	0	744	0	254	0	0	0	2652	0	1538	108	0	0	152	0	0	0	0	0	9508	0	146	0	0	0	0	0	2410	0	102	0	0	0	0	0	0	0	0	0	334	0	520	0	0	0	1306	0	1782	0	174	0	324	0	122	0	156	0	0	0	0	0	1090	0	168	0	0	0	94	0	0	0	4066	0	0	0	4450	0	0	0	4506	0	0	0	0	0	0	0	0	0	0	0	0	0	0	0	0	0	0	0	0	0	0	0	0	0	0	0	
11008	Heschl_R	0	342	0	0	0	0	0	254	0	0	0	0	0	0	0	0	0	1492	0	0	0	0	0	0	0	0	0	0	0	1150	0	0	0	0	0	0	0	0	0	0	0	0	0	0	0	0	0	0	0	0	0	0	0	0	0	200	0	0	0	0	0	0	0	0	0	0	0	0	0	0	0	0	0	214	0	0	0	0	0	0	0	1130	0	0	0	298	0	0	0	424	0	0	0	0	0	0	0	0	0	0	0	0	0	0	0	0	0	0	0	0	0	0	0	0	0	0	
152920	Temporal_Sup_L	1262	0	542	0	0	0	438	0	0	0	630	0	0	0	0	0	4622	0	540	0	0	0	0	0	0	0	0	0	6910	0	0	0	0	0	0	0	2954	0	0	0	0	0	0	0	522	0	0	0	672	0	1902	0	0	0	1822	0	3406	0	242	0	2434	0	6700	0	506	0	508	0	0	0	638	0	702	0	0	0	108	0	4066	0	0	0	904	0	19510	0	0	0	13920	0	0	0	0	0	0	0	0	0	0	0	0	0	0	0	0	0	0	0	0	0	0	0	0	0	0	0	
89944	Temporal_Sup_R	0	904	0	0	0	0	0	0	0	0	0	134	0	0	0	0	0	2142	0	0	0	0	0	0	0	0	0	0	0	2924	0	0	0	0	0	0	0	794	0	118	0	0	0	184	0	178	0	0	0	2400	0	344	0	146	0	4008	0	1052	0	1984	0	2042	0	5220	0	1594	0	304	0	0	0	0	0	116	0	0	0	0	0	1130	0	0	0	2138	0	7668	0	214	0	7234	0	0	0	0	0	0	0	0	0	0	0	0	0	0	0	0	0	0	0	0	0	0	0	0	0	0	
61236	Temporal_Pole_Sup_L	322	0	0	0	94	0	328	0	0	0	598	0	0	0	606	0	550	0	0	0	158	0	0	0	0	0	0	0	2842	0	0	0	0	0	0	0	1322	0	114	0	752	0	0	0	0	0	0	0	0	0	0	0	0	0	2558	0	0	0	0	0	0	0	0	0	0	0	0	0	0	0	0	0	1312	0	0	0	0	0	0	0	904	0	0	0	6572	0	5854	0	5732	0	0	0	0	0	0	0	0	0	0	0	0	0	0	0	0	0	0	0	0	0	0	0	0	0	0	0	
52412	Temporal_Pole_Sup_R	0	0	0	488	0	0	0	88	0	0	0	1048	0	0	0	0	0	950	0	414	0	0	0	0	0	0	0	0	0	1378	0	0	0	0	0	0	0	1288	0	942	0	1610	0	0	0	0	0	0	0	0	0	0	0	0	0	4752	0	0	0	0	0	0	0	0	0	0	0	0	0	0	0	0	0	414	0	0	0	0	0	0	0	2138	0	0	0	4048	0	3220	0	3428	0	0	0	0	0	0	0	0	0	0	0	0	0	0	0	0	0	0	0	0	0	0	0	0	0	0	
297556	Temporal_Mid_L	1710	0	0	0	0	0	0	0	0	0	0	0	0	0	0	0	224	0	0	0	0	0	0	0	0	0	0	0	4460	0	0	0	0	0	428	0	1776	0	216	0	378	0	1710	0	3884	0	0	0	9006	0	20688	0	1786	0	2586	0	2298	0	1798	0	5476	0	4026	0	7560	0	4392	0	832	0	732	0	622	0	0	0	0	0	4450	0	19510	0	6572	0	0	0	4658	0	37000	0	0	0	0	0	0	0	0	0	0	0	0	0	0	0	0	0	0	0	0	0	0	0	0	0	0	0	
174656	Temporal_Mid_R	0	2642	0	214	0	0	0	172	0	0	0	0	0	0	0	0	0	352	0	0	0	0	0	0	0	0	0	0	0	2796	0	0	0	0	0	162	0	1268	0	168	0	0	166	2658	0	4110	198	532	0	5890	0	12904	0	1926	0	5726	0	2184	0	776	0	804	0	1288	0	2832	0	2682	0	518	0	0	0	0	0	0	0	178	0	298	0	7668	0	4048	0	0	0	1836	0	20332	0	0	0	0	0	0	0	0	0	0	0	0	0	0	0	0	0	0	0	0	0	0	0	0	0	0	
37404	Temporal_Pole_Mid_L	0	0	0	0	0	0	0	0	0	0	0	0	0	0	0	0	0	0	0	0	0	0	0	0	0	0	0	0	88	0	0	0	0	0	0	0	254	0	0	0	110	0	0	0	0	0	0	0	0	0	0	0	0	0	2622	0	0	0	0	0	0	0	0	0	0	0	0	0	0	0	0	0	0	0	0	0	0	0	0	0	0	0	5854	0	4658	0	0	0	5116	0	0	0	0	0	0	0	0	0	0	0	0	0	0	0	0	0	0	0	0	0	0	0	0	0	0	0	
18144	Temporal_Pole_Mid_R	0	0	0	0	0	0	0	0	0	0	0	0	0	0	0	0	0	0	0	0	0	0	0	0	0	0	0	0	0	0	0	0	0	0	0	0	0	106	0	678	0	346	0	0	0	0	0	0	0	0	0	0	0	0	0	1668	0	0	0	0	0	0	0	0	0	0	0	0	0	0	0	0	0	0	0	0	0	0	0	0	0	214	0	3220	0	1836	0	0	0	1004	0	0	0	0	0	0	0	0	0	0	0	0	0	0	0	0	0	0	0	0	0	0	0	0	0	0	
299556	Temporal_Inf_L	704	0	296	0	0	0	102	0	0	0	340	0	0	0	0	0	862	0	270	0	0	0	0	0	0	0	0	0	9526	0	0	0	0	0	0	0	13866	150	1404	0	2578	0	156	0	744	0	0	0	4304	0	8706	0	1638	0	16548	0	1000	0	1872	0	4492	0	3798	0	2524	0	786	0	0	0	1276	0	2680	0	0	0	562	0	4506	0	13920	0	5732	0	37000	0	5116	0	0	0	2012	0	104	0	0	0	0	0	204	0	0	0	0	0	0	0	0	0	0	0	0	0	0	0	0	0	
219872	Temporal_Inf_R	410	5430	116	412	0	0	0	288	0	0	0	0	0	0	0	0	0	0	334	274	0	0	0	0	0	0	0	0	0	2806	0	0	0	0	132	1090	0	6910	0	1732	0	154	0	2948	0	894	0	1024	0	1458	0	1944	0	3036	0	29956	190	3138	0	670	0	846	0	3762	0	1372	0	2308	532	444	0	696	0	294	0	0	0	958	0	424	0	7234	0	3428	0	20332	0	1004	0	0	0	704	0	0	0	0	0	0	0	146	0	0	0	0	0	0	0	0	0	0	106	0	0	0	0	0	
420704	Cerebelum_Crus1_L	0	0	0	0	0	0	0	0	0	0	0	0	0	0	0	0	0	0	0	0	0	0	0	0	0	0	0	0	0	0	0	0	0	0	0	0	0	0	0	0	0	0	0	0	0	0	7048	3152	0	0	0	0	0	0	21994	546	0	0	0	0	0	0	0	0	0	0	0	0	0	0	0	0	0	0	0	0	0	0	0	0	0	0	0	0	0	0	0	0	2012	0	0	6202	32516	2556	514	0	19964	1360	54998	5750	10342	302	12772	1374	1162	290	312	0	310	976	5418	8816	7934	1110	270	352	
445904	Cerebelum_Crus1_R	0	0	0	0	0	0	0	0	0	0	0	0	0	0	0	0	0	0	0	0	0	0	0	0	0	0	0	0	0	0	0	0	0	0	0	0	0	0	0	0	0	0	0	0	0	0	1438	7914	0	0	0	0	0	0	906	10406	0	0	0	0	0	0	0	0	0	0	0	0	0	0	0	0	0	0	0	0	0	0	0	0	0	0	0	0	0	0	0	0	0	704	6202	0	3264	32416	134	1052	3536	20340	7024	56392	380	3190	2188	15976	104	1036	0	0	0	0	11806	14296	10198	6010	3406	2634	
226648	Cerebelum_Crus2_L	0	0	0	0	0	0	0	0	0	0	0	0	0	0	0	0	0	0	0	0	0	0	0	0	0	0	0	0	0	0	0	0	0	0	0	0	0	0	0	0	0	0	0	0	0	0	358	952	0	0	0	0	0	0	1142	126	0	0	0	0	0	0	0	0	0	0	0	0	0	0	0	0	0	0	0	0	0	0	0	0	0	0	0	0	0	0	0	0	104	0	32516	3264	0	5034	356	0	2080	294	6300	1540	18306	1136	16444	3804	950	652	132	0	120	494	1000	2354	8018	3912	938	998	
244936	Cerebelum_Crus2_R	0	0	0	0	0	0	0	0	0	0	0	0	0	0	0	0	0	0	0	0	0	0	0	0	0	0	0	0	0	0	0	0	0	0	0	0	0	0	0	0	0	0	0	0	0	0	142	442	0	0	0	0	0	0	116	144	0	0	0	0	0	0	0	0	0	0	0	0	0	0	0	0	0	0	0	0	0	0	0	0	0	0	0	0	0	0	0	0	0	0	2556	32416	5034	0	224	832	316	5204	778	12432	942	11640	2930	21272	380	1266	0	0	234	0	1612	1688	9104	6208	2564	1992	
28092	Cerebelum_3_L	0	0	0	0	0	0	0	0	0	0	0	0	0	0	0	0	0	0	0	0	0	0	0	0	0	0	0	0	0	0	0	0	0	0	0	0	0	0	0	0	0	0	0	0	0	0	116	0	0	0	0	0	0	0	0	0	0	0	0	0	0	0	0	0	0	0	0	0	0	0	0	0	0	0	0	0	0	0	0	0	0	0	0	0	0	0	0	0	0	0	514	134	356	224	0	164	4350	0	886	90	154	0	1622	324	1458	134	0	0	734	962	412	324	286	418	184	200	
32416	Cerebelum_3_R	0	0	0	0	0	0	0	0	0	0	0	0	0	0	0	0	0	0	0	0	0	0	0	0	0	0	0	0	0	0	0	0	0	0	0	0	0	0	0	0	0	0	0	0	0	0	0	180	0	0	0	0	0	0	0	0	0	0	0	0	0	0	0	0	0	0	0	0	0	0	0	0	0	0	0	0	0	0	0	0	0	0	0	0	0	0	0	0	0	0	0	1052	0	832	164	0	278	3670	0	1944	0	0	0	1808	0	1340	0	0	616	1508	200	0	0	1274	1342	0	
249664	Cerebelum_4_5_L	0	0	0	0	0	0	0	0	0	0	0	0	0	0	0	0	0	0	0	0	0	0	0	0	0	0	0	0	0	0	0	0	0	0	222	0	146	0	216	0	0	0	268	0	0	0	9608	1184	0	0	0	0	0	0	10424	156	0	0	0	0	0	0	0	0	0	0	524	0	0	0	0	0	0	0	0	0	0	0	0	0	0	0	0	0	0	0	0	0	0	0	19964	3536	2080	316	4350	278	0	3678	32618	5394	1802	0	3340	334	2668	96	0	0	868	2072	12774	4122	352	554	256	632	
211168	Cerebelum_4_5_R	0	0	0	0	0	0	0	0	0	0	0	0	0	0	0	0	0	0	0	0	0	0	0	0	0	0	0	0	0	0	0	0	0	0	0	0	0	200	0	792	0	0	0	510	0	0	820	5802	0	0	0	0	0	228	618	4340	0	0	0	0	0	0	0	0	0	0	0	1176	0	0	0	0	0	0	0	0	0	0	0	0	0	0	0	0	0	0	0	0	0	0	1360	20340	294	5204	0	3670	3678	0	3136	30920	258	134	432	4276	0	1034	0	0	0	120	12228	1020	106	1568	1030	290	
382764	Cerebelum_6_L	0	0	0	0	0	0	0	0	0	0	0	0	0	0	0	0	0	0	0	0	0	0	0	0	0	0	0	0	0	0	0	0	0	0	0	0	0	0	0	0	0	0	0	0	0	0	11302	3174	0	0	0	0	234	0	25940	560	0	0	0	0	0	0	0	0	0	0	0	0	0	0	0	0	0	0	0	0	0	0	0	0	0	0	0	0	0	0	0	0	204	0	54998	7024	6300	778	886	0	32618	3136	0	8208	2052	0	2560	0	750	0	130	0	472	880	11312	11864	4678	458	280	584	
427492	Cerebelum_6_R	0	0	0	0	0	0	0	0	0	0	0	0	0	0	0	0	0	0	0	0	0	0	0	0	0	0	0	0	0	0	0	0	0	0	0	0	0	0	0	0	0	0	0	0	0	0	1542	11144	0	0	0	0	0	416	884	12756	0	0	0	0	0	0	0	0	0	0	0	0	0	0	0	0	0	0	0	0	0	0	0	0	0	0	0	0	0	0	0	0	0	146	5750	56392	1540	12432	90	1944	5394	30920	8208	0	406	416	1836	10898	0	1240	0	152	0	112	16590	16574	6112	4840	2748	2264	
136436	Cerebelum_7b_L	0	0	0	0	0	0	0	0	0	0	0	0	0	0	0	0	0	0	0	0	0	0	0	0	0	0	0	0	0	0	0	0	0	0	0	0	0	0	0	0	0	0	0	0	0	0	166	0	0	0	0	0	0	0	152	0	0	0	0	0	0	0	0	0	0	0	0	0	0	0	0	0	0	0	0	0	0	0	0	0	0	0	0	0	0	0	0	0	0	0	10342	380	18306	942	154	0	1802	258	2052	406	0	1198	20174	1996	1512	210	520	0	92	368	644	98	1084	4540	402	420	
63492	Cerebelum_7b_R	0	0	0	0	0	0	0	0	0	0	0	0	0	0	0	0	0	0	0	0	0	0	0	0	0	0	0	0	0	0	0	0	0	0	0	0	0	0	0	0	0	0	0	0	0	0	0	0	0	0	0	0	0	0	0	0	0	0	0	0	0	0	0	0	0	0	0	0	0	0	0	0	0	0	0	0	0	0	0	0	0	0	0	0	0	0	0	0	0	0	302	3190	1136	11640	0	0	0	134	0	416	1198	0	1070	9710	0	0	0	0	0	0	142	0	986	1822	0	0	
252212	Cerebelum_8_L	0	0	0	0	0	0	0	0	0	0	0	0	0	0	0	0	0	0	0	0	0	0	0	0	0	0	0	0	0	0	0	0	0	0	0	0	0	0	0	0	0	0	0	0	0	0	136	0	0	0	0	0	0	0	780	204	0	0	0	0	0	0	0	0	0	0	0	0	0	0	0	0	0	0	0	0	0	0	0	0	0	0	0	0	0	0	0	0	0	0	12772	2188	16444	2930	1622	0	3340	432	2560	1836	20174	1070	0	7536	19640	3050	2064	0	442	456	862	304	3874	11746	5338	4306	
282644	Cerebelum_8_R	0	0	0	0	0	0	0	0	0	0	0	0	0	0	0	0	0	0	0	0	0	0	0	0	0	0	0	0	0	0	0	0	0	0	0	0	0	0	0	0	0	0	0	0	0	0	0	0	0	0	0	0	0	0	0	736	0	0	0	0	0	0	0	0	0	0	0	0	0	0	0	0	0	0	0	0	0	0	0	0	0	0	0	0	0	0	0	0	0	0	1374	15976	3804	21272	324	1808	334	4276	0	10898	1996	9710	7536	0	840	17656	0	1254	634	266	2478	152	6128	16798	9656	5416	
74088	Cerebelum_9_L	0	0	0	0	0	0	0	0	0	0	0	0	0	0	0	0	0	0	0	0	0	0	0	0	0	0	0	0	0	0	0	0	0	0	0	0	0	0	0	0	0	0	0	0	0	0	0	0	0	0	0	0	0	0	0	0	0	0	0	0	0	0	0	0	0	0	0	0	0	0	0	0	0	0	0	0	0	0	0	0	0	0	0	0	0	0	0	0	0	0	1162	104	950	380	1458	0	2668	0	750	0	1512	0	19640	840	0	1170	2950	0	0	0	166	0	398	1038	1250	608	
99592	Cerebelum_9_R	0	0	0	0	0	0	0	0	0	0	0	0	0	0	0	0	0	0	0	0	0	0	0	0	0	0	0	0	0	0	0	0	0	0	0	0	0	0	0	0	0	0	0	0	0	0	0	0	0	0	0	0	0	0	0	0	0	0	0	0	0	0	0	0	0	0	0	0	0	0	0	0	0	0	0	0	0	0	0	0	0	0	0	0	0	0	0	0	0	0	290	1036	652	1266	134	1340	96	1034	0	1240	210	0	3050	17656	1170	0	0	1504	322	488	128	162	1558	6188	6922	3350	
12216	Cerebelum_10_L	0	0	0	0	0	0	0	0	0	0	0	0	0	0	0	0	0	0	0	0	0	0	0	0	0	0	0	0	0	0	0	0	0	0	0	0	0	0	0	0	0	0	0	0	0	0	0	0	0	0	0	0	0	0	0	0	0	0	0	0	0	0	0	0	0	0	0	0	0	0	0	0	0	0	0	0	0	0	0	0	0	0	0	0	0	0	0	0	0	0	312	0	132	0	0	0	0	0	130	0	520	0	2064	0	2950	0	0	0	0	0	0	0	0	0	0	0	
5820	Cerebelum_10_R	0	0	0	0	0	0	0	0	0	0	0	0	0	0	0	0	0	0	0	0	0	0	0	0	0	0	0	0	0	0	0	0	0	0	0	0	0	0	0	0	0	0	0	0	0	0	0	0	0	0	0	0	0	0	0	0	0	0	0	0	0	0	0	0	0	0	0	0	0	0	0	0	0	0	0	0	0	0	0	0	0	0	0	0	0	0	0	0	0	0	0	0	0	0	0	0	0	0	0	152	0	0	0	1254	0	1504	0	0	0	0	0	0	0	0	0	0	
21408	Vermis_1_2	0	0	0	0	0	0	0	0	0	0	0	0	0	0	0	0	0	0	0	0	0	0	0	0	0	0	0	0	0	0	0	0	0	0	0	0	0	0	0	0	0	0	0	0	0	0	0	0	0	0	0	0	0	0	0	0	0	0	0	0	0	0	0	0	0	0	0	0	0	0	0	0	0	0	0	0	0	0	0	0	0	0	0	0	0	0	0	0	0	0	310	0	120	234	734	616	868	0	472	0	92	0	442	634	0	322	0	0	0	3304	752	334	248	580	358	284	
27560	Vermis_3	0	0	0	0	0	0	0	0	0	0	0	0	0	0	0	0	0	0	0	0	0	0	0	0	0	0	0	0	0	0	0	0	0	0	0	0	0	0	100	0	0	0	0	0	0	0	0	0	0	0	0	0	0	0	0	0	0	0	0	0	0	0	0	0	0	0	0	0	0	0	0	0	0	0	0	0	0	0	0	0	0	0	0	0	0	0	0	0	0	0	976	0	494	0	962	1508	2072	120	880	112	368	0	456	266	0	488	0	0	3304	0	926	230	0	216	302	0	
224364	Vermis_4_5	0	134	0	0	0	0	0	0	0	0	0	0	0	0	0	0	0	0	0	0	0	0	0	0	0	0	0	0	0	0	0	0	0	224	246	2484	122	462	0	256	0	0	0	306	0	124	2896	4072	0	0	0	0	0	364	2406	2306	0	238	0	0	0	0	0	0	0	0	220	2468	0	184	0	0	0	0	0	0	0	0	0	0	0	0	0	0	0	0	0	0	0	106	5418	11806	1000	1612	412	200	12774	12228	11312	16590	644	142	862	2478	166	128	0	0	752	926	0	8056	1284	2148	644	982	
191904	Vermis_6	0	0	0	0	0	0	0	0	0	0	0	0	0	0	0	0	0	0	0	0	0	0	0	0	0	0	0	0	0	0	0	0	0	0	0	0	0	0	0	0	0	0	0	0	0	0	1832	7856	0	0	0	0	112	154	1752	1710	0	0	0	0	0	0	0	0	0	0	0	0	0	0	0	0	0	0	0	0	0	0	0	0	0	0	0	0	0	0	0	0	0	0	8816	14296	2354	1688	324	0	4122	1020	11864	16574	98	0	304	152	0	162	0	0	334	230	8056	0	8078	1452	1020	1592	
167340	Vermis_7	0	0	0	0	0	0	0	0	0	0	0	0	0	0	0	0	0	0	0	0	0	0	0	0	0	0	0	0	0	0	0	0	0	0	0	0	0	0	0	0	0	0	0	0	0	0	386	2682	0	0	0	0	0	0	304	332	0	0	0	0	0	0	0	0	0	0	0	0	0	0	0	0	0	0	0	0	0	0	0	0	0	0	0	0	0	0	0	0	0	0	7934	10198	8018	9104	286	0	352	106	4678	6112	1084	986	3874	6128	398	1558	0	0	248	0	1284	8078	0	5418	2192	1930	
201716	Vermis_8	0	0	0	0	0	0	0	0	0	0	0	0	0	0	0	0	0	0	0	0	0	0	0	0	0	0	0	0	0	0	0	0	0	0	0	0	0	0	0	0	0	0	0	0	0	0	0	0	0	0	0	0	0	0	0	682	0	0	0	0	0	0	0	0	0	0	0	0	0	0	0	0	0	0	0	0	0	0	0	0	0	0	0	0	0	0	0	0	0	0	1110	6010	3912	6208	418	1274	554	1568	458	4840	4540	1822	11746	16798	1038	6188	0	0	580	216	2148	1452	5418	0	13028	8850	
126196	Vermis_9	0	0	0	0	0	0	0	0	0	0	0	0	0	0	0	0	0	0	0	0	0	0	0	0	0	0	0	0	0	0	0	0	0	0	0	0	0	0	0	0	0	0	0	0	0	0	0	0	0	0	0	0	0	0	0	322	0	0	0	0	0	0	0	0	0	0	0	0	0	0	0	0	0	0	0	0	0	0	0	0	0	0	0	0	0	0	0	0	0	0	270	3406	938	2564	184	1342	256	1030	280	2748	402	0	5338	9656	1250	6922	0	0	358	302	644	1020	2192	13028	0	8646	
