data	data	503776	214172	887216	770760	118640	69708	551252	375064	74164	31276	241192	184700	232156	136580	198440	72400	203828	138720	615880	504792	71648	77092	378148	387224	56032	91076	76216	129012	463520	278924	353116	510484	218704	533256	144620	162416	316904	416940	137752	312140	46268	80900	245780	373348	262180	272184	315528	383256	258580	252592	383792	154664	87424	61080	697832	690192	303436	193028	242812	125732	212836	137828	106280	99956	143484	148120	446652	443612	213796	123080	232340	303120	293020	380808	54512	20728	189584	151564	101600	29180	267892	172872	108216	102960	361936	339136	46900	67948	500664	279308	780260	746868	705384	774868	38240	59496	511368	651112	747412	928596	442576	198704	597968	568608	95112	101352	26228	15924	9852	27980	342520	344744	531396	206016	48512	30496	
data	data	Precentral_L	Precentral_R	Frontal_Sup_L	Frontal_Sup_R	Frontal_Sup_Orb_L	Frontal_Sup_Orb_R	Frontal_Mid_L	Frontal_Mid_R	Frontal_Mid_Orb_L	Frontal_Mid_Orb_R	Frontal_Inf_Oper_L	Frontal_Inf_Oper_R	Frontal_Inf_Tri_L	Frontal_Inf_Tri_R	Frontal_Inf_Orb_L	Frontal_Inf_Orb_R	Rolandic_Oper_L	Rolandic_Oper_R	Supp_Motor_Area_L	Supp_Motor_Area_R	Olfactory_L	Olfactory_R	Frontal_Sup_Medial_L	Frontal_Sup_Medial_R	Frontal_Med_Orb_L	Frontal_Med_Orb_R	Rectus_L	Rectus_R	Insula_L	Insula_R	Cingulum_Ant_L	Cingulum_Ant_R	Cingulum_Mid_L	Cingulum_Mid_R	Cingulum_Post_L	Cingulum_Post_R	Hippocampus_L	Hippocampus_R	ParaHippocampal_L	ParaHippocampal_R	Amygdala_L	Amygdala_R	Calcarine_L	Calcarine_R	Cuneus_L	Cuneus_R	Lingual_L	Lingual_R	Occipital_Sup_L	Occipital_Sup_R	Occipital_Mid_L	Occipital_Mid_R	Occipital_Inf_L	Occipital_Inf_R	Fusiform_L	Fusiform_R	Postcentral_L	Postcentral_R	Parietal_Sup_L	Parietal_Sup_R	Parietal_Inf_L	Parietal_Inf_R	SupraMarginal_L	SupraMarginal_R	Angular_L	Angular_R	Precuneus_L	Precuneus_R	Paracentral_Lobule_L	Paracentral_Lobule_R	Caudate_L	Caudate_R	Putamen_L	Putamen_R	Pallidum_L	Pallidum_R	Thalamus_L	Thalamus_R	Heschl_L	Heschl_R	Temporal_Sup_L	Temporal_Sup_R	Temporal_Pole_Sup_L	Temporal_Pole_Sup_R	Temporal_Mid_L	Temporal_Mid_R	Temporal_Pole_Mid_L	Temporal_Pole_Mid_R	Temporal_Inf_L	Temporal_Inf_R	Cerebelum_Crus1_L	Cerebelum_Crus1_R	Cerebelum_Crus2_L	Cerebelum_Crus2_R	Cerebelum_3_L	Cerebelum_3_R	Cerebelum_4_5_L	Cerebelum_4_5_R	Cerebelum_6_L	Cerebelum_6_R	Cerebelum_7b_L	Cerebelum_7b_R	Cerebelum_8_L	Cerebelum_8_R	Cerebelum_9_L	Cerebelum_9_R	Cerebelum_10_L	Cerebelum_10_R	Vermis_1_2	Vermis_3	Vermis_4_5	Vermis_6	Vermis_7	Vermis_8	Vermis_9	Vermis_10	
503776	Precentral_L	0	2386	24776	674	0	0	29148	94	0	0	17472	150	5636	124	1228	0	9990	192	13558	4884	0	0	168	0	0	0	0	0	16688	108	138	0	210	2556	970	766	6372	654	1450	430	0	0	0	0	0	0	82	0	0	0	162	0	0	0	2098	412	27160	392	1296	0	1770	0	304	0	0	0	686	122	12390	1240	6200	1806	13014	574	5936	0	22620	1710	4132	0	4368	0	614	0	312	0	0	0	1054	0	254	0	0	0	0	0	104	0	254	0	0	0	0	0	0	0	0	0	0	0	0	0	0	0	0	0	
214172	Precentral_R	2386	0	1402	4634	0	0	1390	6816	0	0	0	6312	98	3268	114	0	0	2446	3064	1752	0	0	0	0	0	0	0	0	142	2628	0	0	696	2038	126	198	110	6384	0	2260	0	0	0	88	0	0	0	158	0	0	0	0	0	0	0	2642	120	9658	0	238	0	406	0	1052	0	0	0	412	4252	4684	266	8244	0	5992	0	140	850	18472	0	202	0	658	0	0	0	184	0	0	0	104	0	0	0	0	0	0	0	0	0	0	0	0	0	0	0	0	0	0	0	0	0	0	0	0	0	0	
887216	Frontal_Sup_L	24776	1402	0	11274	7780	82	76218	3820	3264	114	13396	990	13226	436	10252	226	4554	0	71616	10276	670	160	41054	9922	3900	816	1972	312	24262	246	23792	11980	7112	4660	0	0	1672	308	870	240	0	0	0	0	0	0	0	0	0	0	0	0	0	0	818	216	1252	0	0	0	0	0	0	0	0	0	0	0	3410	0	10638	5610	20546	1308	3180	0	4802	660	604	0	1978	0	742	0	0	0	0	0	194	0	0	0	0	0	0	0	0	0	0	0	0	0	0	0	0	0	0	0	0	0	0	0	0	0	0	0	
770760	Frontal_Sup_R	674	4634	11274	0	254	5116	3074	51736	508	1512	470	16220	1882	9756	810	6262	0	6586	12558	40372	164	1186	10730	40796	180	3052	0	4958	1750	16368	7826	37356	4134	26938	82	114	160	4990	0	3174	0	86	0	0	0	0	0	0	0	0	0	0	0	0	0	2084	122	896	0	464	0	642	0	460	0	0	0	80	978	0	1028	14450	84	21242	0	900	84	1122	144	158	0	812	0	1270	0	438	0	0	0	0	0	0	0	0	0	0	0	180	0	0	0	0	0	0	0	0	0	0	0	0	0	0	0	0	0	0	
118640	Frontal_Sup_Orb_L	0	0	7780	254	0	88	1190	88	9314	0	0	0	492	0	8376	0	0	0	380	90	1780	554	4632	212	5036	672	6334	632	2838	0	4404	662	148	120	0	0	0	0	0	0	0	0	0	0	0	0	0	0	0	0	0	0	0	0	0	0	0	0	0	0	0	0	0	0	0	0	0	0	0	0	972	0	2030	0	0	0	0	0	0	0	0	0	242	0	0	0	0	0	0	0	0	0	0	0	0	0	0	0	0	0	0	0	0	0	0	0	0	0	0	0	0	0	0	0	0	0	
69708	Frontal_Sup_Orb_R	0	0	82	5116	88	0	0	824	0	3512	0	0	0	0	0	1616	0	0	0	0	190	1972	232	2716	222	4964	90	8584	0	638	436	1486	0	0	0	0	0	0	0	0	0	0	0	0	0	0	0	0	0	0	0	0	0	0	0	0	0	0	0	0	0	0	0	0	0	0	0	0	0	0	172	1200	0	714	0	0	0	0	0	0	0	0	0	0	0	0	0	0	0	0	0	0	0	0	0	0	0	0	0	0	0	0	0	0	0	0	0	0	0	0	0	0	0	0	0	0	
551252	Frontal_Mid_L	29148	1390	76218	3074	1190	0	0	940	3412	0	15728	404	31288	262	10842	150	1744	0	21250	3062	144	0	11812	1218	82	0	128	0	18928	0	4890	1612	4650	1944	0	0	1426	112	276	0	0	0	0	0	0	0	0	0	0	0	0	0	0	0	274	0	982	0	0	0	0	0	0	0	0	0	0	0	220	0	3930	826	9732	158	3070	0	7304	470	324	0	756	0	146	0	0	0	0	0	110	0	0	0	0	0	0	0	0	0	0	0	0	0	0	0	0	0	0	0	0	0	0	0	0	0	0	0	
375064	Frontal_Mid_R	94	6816	3820	51736	88	824	940	0	332	2422	334	15238	1070	14938	534	4966	0	5430	2988	11682	0	236	2458	10022	0	0	0	524	606	10132	1976	8082	1170	5520	0	82	142	2692	0	1734	0	0	0	0	0	0	0	0	0	0	0	0	0	0	0	1654	0	958	0	414	0	588	0	476	0	0	0	0	166	0	688	2016	126	8196	0	0	0	660	126	130	0	698	0	622	0	386	0	0	0	0	0	0	0	0	0	0	0	0	0	0	0	0	0	0	0	0	0	0	0	0	0	0	0	0	0	0	
74164	Frontal_Mid_Orb_L	0	0	3264	508	9314	0	3412	332	0	0	0	206	1916	120	11138	0	0	0	222	216	108	0	480	0	446	0	1726	0	1828	0	270	94	0	158	0	0	0	0	0	0	0	0	0	0	0	0	0	0	0	0	0	0	0	0	0	0	0	0	0	0	0	0	0	0	0	0	0	0	0	0	134	0	1004	0	0	0	0	0	0	0	0	0	186	0	0	0	0	0	0	0	0	0	0	0	0	0	0	0	0	0	0	0	0	0	0	0	0	0	0	0	0	0	0	0	0	0	
31276	Frontal_Mid_Orb_R	0	0	114	1512	0	3512	0	2422	0	0	0	0	0	254	0	3902	0	0	114	240	0	96	0	0	0	262	0	1146	0	262	0	0	0	170	0	0	0	0	0	0	0	0	0	0	0	0	0	0	0	0	0	0	0	0	0	0	0	0	0	0	0	0	0	0	0	0	0	0	0	0	136	970	0	526	0	0	0	0	0	0	0	0	0	0	0	0	0	0	0	0	0	0	0	0	0	0	0	0	0	0	0	0	0	0	0	0	0	0	0	0	0	0	0	0	0	0	
241192	Frontal_Inf_Oper_L	17472	0	13396	470	0	0	15728	334	0	0	0	478	16150	622	2608	82	9878	0	9506	490	0	0	170	0	0	0	0	0	12658	242	638	210	0	0	0	0	0	0	0	0	0	0	0	0	0	0	0	0	0	0	0	0	0	0	0	0	3944	0	0	0	0	0	0	0	0	0	0	0	0	0	4032	1890	1662	0	0	0	460	0	880	0	3726	0	2758	0	112	0	0	0	0	0	0	0	0	0	0	0	0	0	0	0	0	0	0	0	0	0	0	0	0	0	0	0	0	0	0	0	
184700	Frontal_Inf_Oper_R	150	6312	990	16220	0	0	404	15238	206	0	478	0	764	13002	438	324	0	7040	1008	1828	0	0	0	0	0	0	0	0	376	14520	0	158	0	0	0	0	0	732	0	420	0	0	0	0	0	0	0	0	0	0	0	0	0	0	0	316	0	1646	0	0	0	0	0	232	0	0	0	0	0	0	750	1808	0	4426	0	0	0	170	0	0	0	422	0	1706	0	266	0	0	0	0	0	0	0	0	0	0	0	0	0	0	0	0	0	0	0	0	0	0	0	0	0	0	0	0	0	0	
232156	Frontal_Inf_Tri_L	5636	98	13226	1882	492	0	31288	1070	1916	0	16150	764	0	670	15424	150	386	0	6298	1148	0	0	584	228	0	0	0	0	13976	0	738	376	248	462	0	0	0	0	0	0	0	0	0	0	0	0	0	0	0	0	0	0	0	0	0	0	0	0	0	0	0	0	0	0	0	0	0	0	0	0	1156	448	926	0	0	0	0	0	0	0	84	0	254	0	0	0	0	0	0	0	0	0	0	0	0	0	0	0	0	0	0	0	0	0	0	0	0	0	0	0	0	0	0	0	0	0	
136580	Frontal_Inf_Tri_R	124	3268	436	9756	0	0	262	14938	120	254	622	13002	670	0	346	3676	0	496	476	3332	0	0	0	206	0	0	0	0	288	8342	80	270	0	138	0	0	0	410	0	270	0	0	0	0	0	0	0	0	0	0	0	0	0	0	0	176	0	0	0	0	0	0	0	0	0	0	0	0	0	0	756	1760	108	3612	0	0	0	96	0	0	0	0	0	0	0	0	0	0	0	0	0	0	0	0	0	0	0	0	0	0	0	0	0	0	0	0	0	0	0	0	0	0	0	0	0	0	
198440	Frontal_Inf_Orb_L	1228	114	10252	810	8376	0	10842	534	11138	0	2608	438	15424	346	0	0	238	0	1810	306	1980	522	1156	210	256	98	1558	298	17962	0	1380	348	190	242	0	0	0	0	0	0	0	0	0	0	0	0	0	0	0	0	0	0	0	0	0	0	0	0	0	0	0	0	0	0	0	0	0	0	0	0	2130	388	4362	0	0	0	192	0	0	0	92	0	1392	0	0	0	0	0	0	0	0	0	0	0	0	0	0	0	0	0	0	0	0	0	0	0	0	0	0	0	0	0	0	0	0	0	
72400	Frontal_Inf_Orb_R	0	0	226	6262	0	1616	150	4966	0	3902	82	324	150	3676	0	0	0	0	324	2520	0	398	0	526	0	0	0	598	94	4068	0	450	126	1388	0	0	0	0	0	94	0	0	0	0	0	0	0	0	0	0	0	0	0	0	0	0	0	0	0	0	0	0	0	0	0	0	0	0	0	0	198	1448	0	790	0	0	0	0	0	0	0	440	0	1066	0	200	0	118	0	0	0	0	0	0	0	0	0	0	0	0	0	0	0	0	0	0	0	0	0	0	0	0	0	0	0	0	
203828	Rolandic_Oper_L	9990	0	4554	0	0	0	1744	0	0	0	9878	0	386	0	238	0	0	0	3408	0	0	0	0	0	0	0	0	0	12614	0	0	0	0	0	82	0	566	84	0	0	0	0	0	0	0	0	0	0	150	0	426	0	0	0	292	0	11364	0	4702	0	4520	0	2420	0	1064	0	1300	0	0	0	856	356	636	0	0	0	730	80	7730	0	16978	0	2336	0	2168	0	0	0	262	0	0	0	0	0	0	0	0	0	0	0	0	0	0	0	0	0	0	0	0	0	0	0	0	0	0	0	
138720	Rolandic_Oper_R	192	2446	0	6586	0	0	0	5430	0	0	0	7040	0	496	0	0	0	0	246	1074	0	0	0	0	0	0	0	0	0	11440	0	0	0	398	0	102	234	930	0	392	0	0	0	0	0	88	0	0	0	100	0	0	0	0	0	796	0	6786	0	1482	0	1908	0	4680	0	198	0	1658	406	342	0	0	0	3452	0	0	198	898	198	1566	0	5556	0	1114	0	656	0	0	0	272	0	0	0	0	0	0	0	0	0	0	0	0	0	0	0	0	0	0	0	0	0	0	0	0	0	0	
615880	Supp_Motor_Area_L	13558	3064	71616	12558	380	0	21250	2988	222	114	9506	1008	6298	476	1810	324	3408	246	0	32228	0	0	7300	5912	0	0	316	86	9904	274	9336	9650	12432	15966	162	202	1218	774	800	554	0	0	0	134	0	0	0	0	0	0	0	0	0	0	788	552	492	620	0	204	0	294	0	0	0	0	230	412	17630	0	8502	4768	9154	2208	94	0	3322	176	320	0	1514	0	400	0	0	0	0	0	186	0	0	0	0	0	0	0	0	0	0	0	0	0	0	0	0	0	0	0	0	0	0	0	0	0	0	0	
504792	Supp_Motor_Area_R	4884	1752	10276	40372	90	0	3062	11682	216	240	490	1828	1148	3332	306	2520	0	1074	32228	0	0	0	1914	7554	0	0	0	0	1292	1684	2562	12672	8380	35996	302	1076	0	4482	0	3404	0	174	0	0	0	0	0	0	0	0	0	0	0	0	0	1310	336	1792	0	208	0	222	0	114	0	0	318	736	18932	8242	550	9156	170	10598	0	2134	208	218	0	0	0	0	0	0	0	0	0	0	0	0	0	0	0	0	0	0	0	160	0	0	0	0	0	0	0	0	0	0	0	0	0	0	0	0	0	0	
71648	Olfactory_L	0	0	670	164	1780	190	144	0	108	0	0	0	0	0	1980	0	0	0	0	0	0	4964	262	224	452	1004	3880	3562	2852	148	2278	2566	0	0	0	0	0	0	250	0	0	0	0	0	0	0	0	0	0	0	0	0	0	0	0	0	0	0	0	0	0	0	0	0	0	0	0	0	0	0	6138	1002	1206	0	0	0	0	0	0	0	0	0	0	0	0	0	0	0	0	0	0	0	0	0	0	0	0	0	0	0	0	0	0	0	0	0	0	0	0	0	0	0	0	0	0	0	
77092	Olfactory_R	0	0	160	1186	554	1972	0	236	0	96	0	0	0	0	522	398	0	0	0	0	4964	0	212	1030	138	1456	2784	6026	246	1692	2004	3246	0	0	0	0	0	0	0	122	0	82	0	0	0	0	0	0	0	0	0	0	0	0	0	0	0	0	0	0	0	0	0	0	0	0	0	0	0	0	5478	2684	626	632	0	0	0	0	0	0	0	0	0	0	0	0	0	0	0	0	0	0	0	0	0	0	0	0	0	0	0	0	0	0	0	0	0	0	0	0	0	0	0	0	0	0	
378148	Frontal_Sup_Medial_L	168	0	41054	10730	4632	232	11812	2458	480	0	170	0	584	0	1156	0	0	0	7300	1914	262	212	0	22826	4608	2206	1098	968	1724	0	28760	19732	6678	9684	0	0	0	0	0	0	0	0	0	0	0	0	0	0	0	0	0	0	0	0	0	0	0	0	0	0	0	0	0	0	0	0	0	0	0	0	660	1196	4666	918	0	0	0	0	0	0	0	0	186	0	0	0	0	0	0	0	0	0	0	0	0	0	0	0	0	0	0	0	0	0	0	0	0	0	0	0	0	0	0	0	0	0	
387224	Frontal_Sup_Medial_R	0	0	9922	40796	212	2716	1218	10022	0	0	0	0	228	206	210	526	0	0	5912	7554	224	1030	22826	0	828	5612	84	3730	330	774	10184	31556	2868	20362	0	0	0	168	0	108	0	126	0	0	0	0	0	0	0	0	0	0	0	0	0	0	0	0	0	0	0	0	0	0	0	0	0	0	0	0	660	6720	240	5660	0	0	0	0	0	0	0	0	0	0	0	0	0	0	0	0	0	0	0	0	0	0	0	0	0	0	0	0	0	0	0	0	0	0	0	0	0	0	0	0	0	0	
56032	Frontal_Med_Orb_L	0	0	3900	180	5036	222	82	0	446	0	0	0	0	0	256	0	0	0	0	0	452	138	4608	828	0	1958	2436	602	146	0	5036	1242	0	0	0	0	0	0	0	0	0	0	0	0	0	0	0	0	0	0	0	0	0	0	0	0	0	0	0	0	0	0	0	0	0	0	0	0	0	0	330	0	118	0	0	0	0	0	0	0	0	0	0	0	0	0	0	0	0	0	0	0	0	0	0	0	0	0	0	0	0	0	0	0	0	0	0	0	0	0	0	0	0	0	0	0	
91076	Frontal_Med_Orb_R	0	0	816	3052	672	4964	0	0	0	262	0	0	0	0	98	0	0	0	0	0	1004	1456	2206	5612	1958	0	1130	9410	0	0	3692	7088	0	0	0	0	0	0	0	0	0	0	0	0	0	0	0	0	0	0	0	0	0	0	0	0	0	0	0	0	0	0	0	0	0	0	0	0	0	0	924	780	0	414	0	0	0	0	0	0	0	0	0	0	0	0	0	0	0	0	0	0	0	0	0	0	0	0	0	0	0	0	0	0	0	0	0	0	0	0	0	0	0	0	0	0	
76216	Rectus_L	0	0	1972	0	6334	90	128	0	1726	0	0	0	0	0	1558	0	0	0	316	0	3880	2784	1098	84	2436	1130	0	2628	568	0	4530	2358	0	0	0	0	0	0	0	0	0	0	0	0	0	0	0	0	0	0	0	0	0	0	0	0	0	0	0	0	0	0	0	0	0	0	0	0	0	0	3410	440	638	0	0	0	0	0	0	0	0	0	0	0	0	0	0	0	0	0	0	0	0	0	0	0	0	0	0	0	0	0	0	0	0	0	0	0	0	0	0	0	0	0	0	0	
129012	Rectus_R	0	0	312	4958	632	8584	0	524	0	1146	0	0	0	0	298	598	0	0	86	0	3562	6026	968	3730	602	9410	2628	0	182	510	3478	8266	0	0	0	0	0	0	0	0	0	0	0	0	0	0	0	0	0	0	0	0	0	0	0	0	0	0	0	0	0	0	0	0	0	0	0	0	0	0	3024	3148	484	1350	0	0	0	0	0	0	0	0	0	0	0	0	0	0	0	0	0	0	0	0	0	0	0	0	0	0	0	0	0	0	0	0	0	0	0	0	0	0	0	0	0	0	
463520	Insula_L	16688	142	24262	1750	2838	0	18928	606	1828	0	12658	376	13976	288	17962	94	12614	0	9904	1292	2852	246	1724	330	146	0	568	182	0	92	1156	334	210	352	332	300	8590	264	2746	0	1476	0	0	0	0	0	0	0	0	0	0	0	0	0	6432	0	6474	0	1306	0	1294	0	222	0	0	0	262	0	210	0	3410	1434	16804	0	276	0	7166	348	5094	0	10776	0	3884	0	2226	0	582	0	5272	0	96	0	0	0	0	0	0	0	86	0	0	0	0	0	0	0	0	0	0	0	0	0	0	0	0	0	
278924	Insula_R	108	2628	246	16368	0	638	0	10132	0	262	242	14520	0	8342	0	4068	0	11440	274	1684	148	1692	0	774	0	0	0	510	92	0	0	206	0	290	88	150	258	7566	0	3312	0	1342	0	0	0	0	0	194	0	0	0	0	0	0	0	2654	0	2306	0	540	0	282	0	180	0	0	0	570	124	78	348	3686	0	17218	0	0	98	1616	220	3034	94	8026	0	3456	0	3878	0	446	0	2954	0	0	0	0	0	0	0	80	0	0	0	0	0	0	0	0	0	0	0	0	0	0	0	0	0	0	
353116	Cingulum_Ant_L	138	0	23792	7826	4404	436	4890	1976	270	0	638	0	738	80	1380	0	0	0	9336	2562	2278	2004	28760	10184	5036	3692	4530	3478	1156	0	0	26982	5392	5744	0	0	0	0	0	0	0	0	0	0	0	0	0	0	0	0	0	0	0	0	0	0	0	0	0	0	0	0	0	0	0	0	0	0	164	0	5174	3366	8048	1850	0	0	0	0	0	0	0	0	254	0	0	0	0	0	0	0	0	0	0	0	0	0	0	0	0	0	0	0	0	0	0	0	0	0	0	0	0	0	0	0	0	0	
510484	Cingulum_Ant_R	0	0	11980	37356	662	1486	1612	8082	94	0	210	158	376	270	348	450	0	0	9650	12672	2566	3246	19732	31556	1242	7088	2358	8266	334	206	26982	0	6740	28050	0	0	0	0	0	0	0	0	0	0	0	0	0	0	0	0	0	0	0	0	0	0	0	0	0	0	0	0	0	0	0	0	0	0	104	0	3608	16172	1392	9760	0	180	0	254	0	0	0	0	0	0	0	0	0	0	0	0	0	0	0	0	0	0	0	0	0	0	0	0	0	0	0	0	0	0	0	0	0	0	0	0	0	0	
218704	Cingulum_Mid_L	210	696	7112	4134	148	0	4650	1170	0	0	0	0	248	0	190	126	0	0	12432	8380	0	0	6678	2868	0	0	0	0	210	0	5392	6740	0	20444	5946	1984	0	126	0	0	0	0	488	300	920	430	210	0	348	0	126	0	0	0	164	134	132	360	0	0	0	0	0	0	0	0	7184	3196	4136	636	0	238	0	282	0	0	0	0	0	0	0	0	0	0	106	0	0	0	78	0	0	0	0	0	0	0	0	0	0	0	0	0	0	0	0	0	0	0	0	0	0	0	0	0	0	0	
533256	Cingulum_Mid_R	2556	2038	4660	26938	120	0	1944	5520	158	170	0	0	462	138	242	1388	0	398	15966	35996	0	0	9684	20362	0	0	0	0	352	290	5744	28050	20444	0	2576	8230	0	822	0	498	0	0	0	3330	126	2914	0	1382	190	864	0	0	0	0	0	1472	800	7242	0	404	0	144	0	110	0	0	3634	13514	14328	14062	196	2680	0	2720	0	0	90	0	0	0	0	266	0	0	0	244	0	0	0	170	0	0	0	0	0	0	0	0	0	0	0	0	0	0	0	0	0	0	0	0	0	0	0	0	0	0	
144620	Cingulum_Post_L	970	126	0	82	0	0	0	0	0	0	0	0	0	0	0	0	82	0	162	302	0	0	0	0	0	0	0	0	332	88	0	0	5946	2576	0	11124	4944	3758	1308	1844	0	0	2428	436	2554	620	1922	194	948	0	102	0	0	0	2972	1898	3010	1676	256	0	86	0	0	0	0	0	10018	2824	1504	862	0	0	0	0	0	0	276	1160	892	0	212	0	0	0	82	0	0	0	1006	0	282	0	158	0	0	0	0	0	288	0	0	0	0	0	0	0	0	0	0	0	0	0	0	0	0	0	
162416	Cingulum_Post_R	766	198	0	114	0	0	0	82	0	0	0	0	0	0	0	0	0	102	202	1076	0	0	0	0	0	0	0	0	300	150	0	0	1984	8230	11124	0	2808	7192	784	3846	0	0	112	3608	252	908	124	4454	212	238	0	0	0	164	406	5324	1150	3556	78	0	0	0	0	0	0	0	2954	11860	612	2198	0	0	0	0	0	0	300	1402	816	0	190	114	0	0	0	126	0	0	0	186	0	0	0	0	0	0	0	124	0	0	0	0	0	0	0	0	0	0	0	0	782	0	0	0	0	0	
316904	Hippocampus_L	6372	110	1672	160	0	0	1426	142	0	0	0	0	0	0	0	0	566	234	1218	0	0	0	0	0	0	0	0	0	8590	258	0	0	0	0	4944	2808	0	2424	16244	710	6540	0	1588	0	134	0	3518	0	0	0	0	0	0	0	27690	0	3468	216	184	0	412	0	444	0	0	0	3418	0	196	0	598	108	7890	82	132	0	6508	2574	3962	0	3266	0	1684	0	586	0	1010	0	15900	0	6018	174	1600	228	0	0	2364	228	6302	218	594	0	288	90	0	0	0	0	0	0	0	0	254	108	0	0	
416940	Hippocampus_R	654	6384	308	4990	0	0	112	2692	0	0	0	732	0	410	0	0	84	930	774	4482	0	0	0	168	0	0	0	0	264	7566	0	0	126	822	3758	7192	2424	0	780	41542	0	9968	0	3404	0	118	130	4926	0	122	0	0	0	0	396	36912	412	1792	106	0	108	100	0	112	0	80	552	6072	780	986	0	1230	0	24740	0	790	828	6912	560	792	104	3030	0	2590	0	2174	0	1436	0	5294	0	472	0	122	0	0	0	1464	0	924	0	0	0	0	0	0	0	0	0	0	738	0	0	0	0	0	
137752	ParaHippocampal_L	1450	0	870	0	0	0	276	0	0	0	0	0	0	0	0	0	0	0	800	0	250	0	0	0	0	0	0	0	2746	0	0	0	0	0	1308	784	16244	780	0	358	3702	0	574	0	0	0	3716	0	0	0	0	0	0	0	15050	0	298	0	0	0	0	0	0	0	0	0	1696	0	0	0	0	0	3856	0	0	0	1518	608	100	0	396	0	3056	0	238	0	2202	0	3110	0	406	0	0	0	0	0	1112	0	808	0	350	0	0	0	102	0	112	0	0	0	0	0	0	0	0	0	
312140	ParaHippocampal_R	430	2260	240	3174	0	0	0	1734	0	0	0	420	0	270	0	94	0	392	554	3404	0	122	0	108	0	0	0	0	0	3312	0	0	0	498	1844	3846	710	41542	358	0	0	9060	0	1632	0	0	0	4760	0	0	0	0	0	0	156	32378	288	998	0	0	0	0	0	0	0	0	304	3474	492	726	0	724	0	17170	0	592	360	2084	106	152	0	1064	0	3992	0	738	0	3500	0	1332	0	394	0	112	0	0	0	2778	0	834	0	0	0	0	0	190	0	0	0	0	368	0	0	0	0	0	
46268	Amygdala_L	0	0	0	0	0	0	0	0	0	0	0	0	0	0	0	0	0	0	0	0	0	0	0	0	0	0	0	0	1476	0	0	0	0	0	0	0	6540	0	3702	0	0	0	0	0	0	0	0	0	0	0	0	0	0	0	4822	0	0	0	0	0	0	0	0	0	0	0	0	0	0	0	0	0	1896	0	0	0	0	0	0	0	242	0	1390	0	150	0	816	0	2100	0	0	0	0	0	0	0	0	0	0	0	0	0	0	0	0	0	0	0	0	0	0	0	0	0	0	0	
80900	Amygdala_R	0	0	0	86	0	0	0	0	0	0	0	0	0	0	0	0	0	0	0	174	0	82	0	126	0	0	0	0	0	1342	0	0	0	0	0	0	0	9968	0	9060	0	0	0	0	0	0	0	0	0	0	0	0	0	0	0	7232	0	0	0	0	0	0	0	0	0	0	0	0	0	0	0	156	0	3840	0	126	0	0	0	0	0	0	0	3804	0	0	0	2946	0	1508	0	0	0	0	0	0	0	0	0	0	0	0	0	0	0	0	0	0	0	0	0	0	0	0	0	0	
245780	Calcarine_L	0	0	0	0	0	0	0	0	0	0	0	0	0	0	0	0	0	0	0	0	0	0	0	0	0	0	0	0	0	0	0	0	488	0	2428	112	1588	0	574	0	0	0	0	8016	21830	3320	18932	4678	11226	1396	9040	240	1358	170	9360	552	2490	0	942	0	0	0	0	0	0	0	19834	1160	114	0	0	0	0	0	0	0	0	0	0	0	0	0	0	0	372	246	0	0	916	142	322	0	126	0	0	0	0	0	918	0	0	0	0	0	0	0	0	0	0	0	0	0	0	0	0	0	
373348	Calcarine_R	0	88	0	0	0	0	0	0	0	0	0	0	0	0	0	0	0	0	134	0	0	0	0	0	0	0	0	0	0	0	0	0	300	3330	436	3608	0	3404	0	1632	0	0	8016	0	8550	24520	1178	36780	418	20846	364	5524	0	2716	0	15548	0	1206	0	2348	0	774	0	454	0	742	3010	25232	160	952	0	0	0	80	0	0	0	90	0	0	0	192	0	0	0	8484	0	0	0	4086	0	264	0	0	0	0	0	196	0	506	0	0	0	0	0	0	0	0	0	0	506	0	0	0	0	0	
262180	Cuneus_L	0	0	0	0	0	0	0	0	0	0	0	0	0	0	0	0	0	0	0	0	0	0	0	0	0	0	0	0	0	0	0	0	920	126	2554	252	134	0	0	0	0	0	21830	8550	0	8270	4076	3308	25432	3480	14548	542	1090	142	2728	404	1818	0	4590	0	472	0	0	0	360	0	17894	2738	162	0	0	0	0	0	0	0	0	0	0	0	0	0	0	0	2816	320	0	0	1150	192	0	0	0	0	0	0	0	0	192	0	0	0	0	0	0	0	0	0	0	0	0	0	0	0	0	0	
272184	Cuneus_R	0	0	0	0	0	0	0	0	0	0	0	0	0	0	0	0	0	88	0	0	0	0	0	0	0	0	0	0	0	0	0	0	430	2914	620	908	0	118	0	0	0	0	3320	24520	8270	0	168	5172	436	33006	0	4734	0	656	0	1288	0	396	0	6736	0	702	0	84	0	872	7382	21874	0	268	0	0	0	0	0	0	0	0	0	0	0	328	0	0	0	8652	0	0	0	2150	0	0	0	0	0	0	0	0	0	0	0	0	0	0	0	0	0	0	0	0	0	0	0	0	0	0	
315528	Lingual_L	82	0	0	0	0	0	0	0	0	0	0	0	0	0	0	0	0	0	0	0	0	0	0	0	0	0	0	0	0	0	0	0	210	0	1922	124	3518	130	3716	0	0	0	18932	1178	4076	168	0	1744	1096	0	2608	0	1644	0	25398	162	1704	0	276	0	0	0	0	0	0	0	13242	306	0	0	0	0	0	0	0	0	186	106	94	0	0	0	0	0	332	0	0	0	1244	0	20032	1524	8208	1158	0	0	8180	2406	18212	3116	436	0	786	698	88	114	0	0	0	0	3310	2690	1894	472	0	242	
383256	Lingual_R	0	158	0	0	0	0	0	0	0	0	0	0	0	0	0	0	0	0	0	0	0	0	0	0	0	0	0	0	0	194	0	0	0	1382	194	4454	0	4926	0	4760	0	0	4678	36780	3308	5172	1744	0	298	4718	270	1718	0	3340	474	29858	0	942	0	336	0	370	0	254	0	342	706	16870	0	690	0	0	0	0	0	0	0	460	0	0	0	312	0	0	0	2764	0	0	0	2072	4572	8804	2182	1586	0	212	3148	5608	4556	12226	534	0	632	340	0	108	0	0	0	0	5036	4626	2606	216	92	0	
258580	Occipital_Sup_L	0	0	0	0	0	0	0	0	0	0	0	0	0	0	0	0	150	0	0	0	0	0	0	0	0	0	0	0	0	0	0	0	348	190	948	212	0	0	0	0	0	0	11226	418	25432	436	1096	298	0	0	34718	0	3940	0	2634	0	600	0	12882	0	3674	0	0	0	1542	0	11610	1510	0	0	0	0	0	0	0	0	0	0	0	0	202	0	0	0	9246	0	0	0	5978	0	0	0	0	0	0	0	0	0	0	0	0	0	0	0	0	0	0	0	0	0	0	0	0	0	0	0	
252592	Occipital_Sup_R	0	0	0	0	0	0	0	0	0	0	0	0	0	0	0	0	0	100	0	0	0	0	0	0	0	0	0	0	0	0	0	0	0	864	0	238	0	122	0	0	0	0	1396	20846	3480	33006	0	4718	0	0	0	15096	0	1172	0	1476	0	276	0	8238	0	1676	0	0	0	3716	1404	12584	0	0	0	0	0	0	0	0	0	0	0	0	0	298	0	0	0	13050	0	0	0	2540	0	0	0	0	0	0	0	0	0	0	0	0	0	0	0	0	0	0	0	0	0	0	0	0	0	0	
383792	Occipital_Mid_L	162	0	0	0	0	0	0	0	0	0	0	0	0	0	0	0	426	0	0	0	0	0	0	0	0	0	0	0	0	0	0	0	126	0	102	0	0	0	0	0	0	0	9040	364	14548	0	2608	270	34718	0	0	0	11918	0	5474	0	1526	0	13706	0	8596	0	604	0	18496	0	18934	154	0	0	0	0	0	0	0	0	0	0	0	0	3034	0	0	0	33466	0	0	0	13278	0	104	0	0	0	0	0	0	0	242	0	0	0	0	0	0	0	0	0	0	0	0	0	0	0	0	0	
154664	Occipital_Mid_R	0	0	0	0	0	0	0	0	0	0	0	0	0	0	0	0	0	0	0	0	0	0	0	0	0	0	0	0	0	0	0	0	0	0	0	0	0	0	0	0	0	0	240	5524	542	4734	0	1718	0	15096	0	0	0	5066	0	1728	0	0	0	2714	0	3996	0	0	0	14538	0	1310	0	0	0	0	0	0	0	0	0	0	0	0	0	98	0	0	0	17464	0	0	0	2564	0	0	0	0	0	0	0	0	0	0	0	0	0	0	0	0	0	0	0	0	0	0	0	0	0	0	
87424	Occipital_Inf_L	0	0	0	0	0	0	0	0	0	0	0	0	0	0	0	0	0	0	0	0	0	0	0	0	0	0	0	0	0	0	0	0	0	0	0	0	0	0	0	0	0	0	1358	0	1090	0	1644	0	3940	0	11918	0	0	0	7390	0	240	0	1292	0	876	0	0	0	452	0	638	0	0	0	0	0	0	0	0	0	0	0	0	0	0	0	0	0	5030	0	0	0	7232	0	412	0	102	0	0	0	0	0	98	0	0	0	0	0	0	0	0	0	0	0	0	0	0	0	0	0	
61080	Occipital_Inf_R	0	0	0	0	0	0	0	0	0	0	0	0	0	0	0	0	0	0	0	0	0	0	0	0	0	0	0	0	0	0	0	0	0	0	0	164	0	0	0	0	0	0	170	2716	142	656	0	3340	0	1172	0	5066	0	0	0	5734	0	202	0	0	0	0	0	0	0	0	0	476	0	0	0	0	0	0	0	0	0	0	0	0	0	0	0	0	0	4926	0	0	0	5498	0	188	0	0	0	0	0	0	0	90	0	0	0	0	0	0	0	0	0	0	0	0	0	0	0	0	
697832	Fusiform_L	2098	0	818	0	0	0	274	0	0	0	0	0	0	0	0	0	292	0	788	0	0	0	0	0	0	0	0	0	6432	0	0	0	164	0	2972	406	27690	396	15050	156	4822	0	9360	0	2728	0	25398	474	2634	0	5474	0	7390	0	0	262	7278	0	1076	0	468	0	670	0	0	0	10516	128	198	0	0	0	5300	0	0	0	1742	244	2130	0	5624	0	6208	0	8634	0	3500	0	47314	0	36980	2240	11576	2110	120	0	14294	2730	37262	4210	4482	0	3924	1486	546	102	498	0	0	0	1746	3302	3368	662	170	0	
690192	Fusiform_R	412	2642	216	2084	0	0	0	1654	0	0	0	316	0	176	0	0	0	796	552	1310	0	0	0	0	0	0	0	0	0	2654	0	0	134	1472	1898	5324	0	36912	0	32378	0	7232	552	15548	404	1288	162	29858	0	1476	0	1728	0	5734	262	0	346	3488	0	268	0	466	0	1562	0	646	238	13520	538	1258	0	456	0	11324	0	274	0	1130	0	220	0	4992	0	6180	0	8408	0	4946	0	27394	2200	31848	1578	11216	0	252	540	9664	1486	34248	668	860	596	1274	0	252	0	0	0	0	898	2472	2094	122	0	0	
303436	Postcentral_L	27160	120	1252	122	0	0	982	0	0	0	3944	0	0	0	0	0	11364	0	492	336	0	0	0	0	0	0	0	0	6474	0	0	0	132	800	3010	1150	3468	412	298	288	0	0	2490	0	1818	0	1704	0	600	0	1526	0	240	0	7278	346	0	1028	11562	0	12652	0	5820	0	232	0	9974	150	2032	496	1376	0	3380	78	2000	0	5364	126	6530	0	5340	0	114	0	798	0	0	0	3402	0	630	0	194	0	0	0	0	0	634	0	0	0	0	0	0	0	0	0	0	0	0	0	0	0	0	0	
193028	Postcentral_R	392	9658	0	896	0	0	0	958	0	0	0	1646	0	0	0	0	0	6786	620	1792	0	0	0	0	0	0	0	0	0	2306	0	0	360	7242	1676	3556	216	1792	0	998	0	0	0	1206	0	396	0	942	0	276	0	0	0	202	0	3488	1028	0	0	7170	0	6628	0	8766	0	284	384	5864	2836	9390	0	210	0	960	0	0	250	804	194	266	0	1562	0	0	0	578	0	0	0	1738	0	116	0	0	0	0	0	0	0	82	0	0	0	0	0	0	0	0	0	0	0	0	0	0	0	0	
242812	Parietal_Sup_L	1296	0	0	0	0	0	0	0	0	0	0	0	0	0	0	0	4702	0	0	0	0	0	0	0	0	0	0	0	1306	0	0	0	0	0	256	78	184	106	0	0	0	0	942	0	4590	0	276	0	12882	0	13706	0	1292	0	1076	0	11562	0	0	0	24020	0	4856	0	6704	0	16324	618	0	0	82	0	0	0	0	0	266	104	1084	0	5412	0	0	0	4768	0	0	0	2914	0	0	0	0	0	0	0	0	0	0	0	0	0	0	0	0	0	0	0	0	0	0	0	0	0	0	0	
125732	Parietal_Sup_R	0	238	0	464	0	0	0	414	0	0	0	0	0	0	0	0	0	1482	204	208	0	0	0	0	0	0	0	0	0	540	0	0	0	404	0	0	0	0	0	0	0	0	0	2348	0	6736	0	336	0	8238	0	2714	0	0	0	268	0	7170	0	0	0	8782	0	1580	0	4390	414	13226	244	0	0	0	0	0	0	0	192	0	0	0	0	346	0	0	0	1750	0	0	0	178	0	0	0	0	0	0	0	0	0	0	0	0	0	0	0	0	0	0	0	0	0	0	0	0	0	0	
212836	Parietal_Inf_L	1770	0	0	0	0	0	0	0	0	0	0	0	0	0	0	0	4520	0	0	0	0	0	0	0	0	0	0	0	1294	0	0	0	0	0	86	0	412	108	0	0	0	0	0	0	472	0	0	0	3674	0	8596	0	876	0	468	0	12652	0	24020	0	0	0	16720	0	12558	0	4508	0	0	0	542	0	86	0	0	0	298	96	964	0	6588	0	0	0	2992	0	0	0	2118	0	0	0	0	0	0	0	0	0	0	0	0	0	0	0	0	0	0	0	0	0	0	0	0	0	0	0	
137828	Parietal_Inf_R	0	406	0	642	0	0	0	588	0	0	0	0	0	0	0	0	0	1908	294	222	0	0	0	0	0	0	0	0	0	282	0	0	0	144	0	0	0	100	0	0	0	0	0	774	0	702	0	370	0	1676	0	3996	0	0	0	466	0	6628	0	8782	0	0	0	6160	0	20242	0	7130	336	104	0	0	0	0	0	0	220	80	0	0	0	1052	0	0	0	5040	0	0	0	570	0	0	0	0	0	0	0	0	0	0	0	0	0	0	0	0	0	0	0	0	0	0	0	0	0	0	
106280	SupraMarginal_L	304	0	0	0	0	0	0	0	0	0	0	0	0	0	0	0	2420	0	0	0	0	0	0	0	0	0	0	0	222	0	0	0	0	0	0	0	444	0	0	0	0	0	0	0	0	0	0	0	0	0	604	0	0	0	670	0	5820	0	4856	0	16720	0	0	0	6810	0	806	0	0	0	156	0	0	0	0	0	122	0	690	0	9026	0	0	0	2692	0	0	0	778	0	0	0	0	0	0	0	0	0	0	0	0	0	0	0	0	0	0	0	0	0	0	0	0	0	0	0	
99956	SupraMarginal_R	0	1052	0	460	0	0	0	476	0	0	0	232	0	0	0	0	0	4680	0	114	0	0	0	0	0	0	0	0	0	180	0	0	0	110	0	0	0	112	0	0	0	0	0	454	0	84	0	254	0	0	0	0	0	0	0	1562	0	8766	0	1580	0	6160	0	0	0	5210	0	5864	0	418	0	0	0	138	0	0	122	112	0	396	0	6920	0	0	0	3362	0	0	0	1160	0	0	0	0	0	0	0	0	0	0	0	0	0	0	0	0	0	0	0	0	0	0	0	0	0	0	
143484	Angular_L	0	0	0	0	0	0	0	0	0	0	0	0	0	0	0	0	1064	0	0	0	0	0	0	0	0	0	0	0	0	0	0	0	0	0	0	0	0	0	0	0	0	0	0	0	360	0	0	0	1542	0	18496	0	452	0	0	0	232	0	6704	0	12558	0	6810	0	0	0	4646	0	0	0	0	0	0	0	0	0	0	0	0	0	3982	0	0	0	13012	0	0	0	1884	0	0	0	0	0	0	0	0	0	0	0	0	0	0	0	0	0	0	0	0	0	0	0	0	0	0	0	
148120	Angular_R	0	0	0	0	0	0	0	0	0	0	0	0	0	0	0	0	0	198	0	0	0	0	0	0	0	0	0	0	0	0	0	0	0	0	0	0	0	80	0	0	0	0	0	742	0	872	0	342	0	3716	0	14538	0	0	0	646	0	284	0	4390	0	20242	0	5210	0	0	0	6394	0	0	0	0	0	0	0	0	0	0	0	0	0	4216	0	0	0	11168	0	0	0	1022	0	0	0	0	0	0	0	0	0	0	0	0	0	0	0	0	0	0	0	0	0	0	0	0	0	0	
446652	Precuneus_L	686	0	0	0	0	0	0	0	0	0	0	0	0	0	0	0	1300	0	230	318	0	0	0	0	0	0	0	0	262	0	0	0	7184	3634	10018	2954	3418	552	1696	304	0	0	19834	3010	17894	7382	13242	706	11610	1404	18934	0	638	0	10516	238	9974	384	16324	414	4508	0	806	0	4646	0	0	14688	1918	526	0	0	0	0	0	0	90	390	318	0	5352	116	0	0	13900	156	0	0	8968	0	584	0	248	0	0	0	140	0	912	0	0	0	0	0	0	0	0	0	0	0	0	0	0	0	0	0	
443612	Precuneus_R	122	412	0	80	0	0	0	0	0	0	0	0	0	0	0	0	0	1658	412	736	0	0	0	0	0	0	0	0	0	570	0	0	3196	13514	2824	11860	0	6072	0	3474	0	0	1160	25232	2738	21874	306	16870	1510	12584	154	1310	0	476	128	13520	150	5864	618	13226	0	7130	0	5864	0	6394	14688	0	810	4176	0	0	0	154	0	0	0	404	0	106	0	3974	0	0	114	8970	0	0	0	4886	0	306	0	0	0	0	0	414	0	284	0	0	0	0	0	0	0	0	0	0	482	0	0	0	0	0	
213796	Paracentral_Lobule_L	12390	4252	3410	978	0	0	220	166	0	0	0	0	0	0	0	0	0	406	17630	18932	0	0	0	0	0	0	0	0	210	124	164	104	4136	14328	1504	612	196	780	0	492	0	0	114	160	162	0	0	0	0	0	0	0	0	0	198	538	2032	2836	0	244	0	336	0	0	0	0	1918	810	0	7960	1286	1278	952	1434	340	78	2224	810	0	0	0	0	0	0	0	0	0	0	154	0	0	0	0	0	0	0	0	0	0	0	0	0	0	0	0	0	0	0	0	0	0	0	0	0	0	0	
123080	Paracentral_Lobule_R	1240	4684	0	0	0	0	0	0	0	0	0	0	0	0	0	0	0	342	0	8242	0	0	0	0	0	0	0	0	0	78	0	0	636	14062	862	2198	0	986	0	726	0	0	0	952	0	268	0	690	0	0	0	0	0	0	0	1258	496	9390	0	0	0	104	0	418	0	0	526	4176	7960	0	0	230	0	0	0	0	0	318	0	0	0	342	0	0	0	80	0	0	0	276	0	0	0	0	0	0	0	0	0	0	0	0	0	0	0	0	0	0	0	0	0	0	0	0	0	0	
232340	Caudate_L	6200	266	10638	1028	972	172	3930	688	134	136	4032	750	1156	756	2130	198	856	0	8502	550	6138	5478	660	660	330	924	3410	3024	3410	348	5174	3608	0	196	0	0	598	0	0	0	0	0	0	0	0	0	0	0	0	0	0	0	0	0	0	0	1376	0	82	0	542	0	156	0	0	0	0	0	1286	0	0	8700	10710	690	2260	84	10660	1216	0	0	458	0	898	0	0	0	0	0	0	0	0	0	0	0	0	0	0	0	0	0	0	0	0	0	0	0	0	0	0	0	0	0	0	0	0	0	
303120	Caudate_R	1806	8244	5610	14450	0	1200	826	2016	0	970	1890	1808	448	1760	388	1448	356	0	4768	9156	1002	2684	1196	6720	0	780	440	3148	1434	3686	3366	16172	238	2680	0	0	108	1230	0	724	0	156	0	0	0	0	0	0	0	0	0	0	0	0	0	456	0	210	0	0	0	0	0	0	0	0	0	0	1278	230	8700	0	1186	14772	80	1920	1272	17768	0	0	212	0	568	0	0	0	0	0	0	0	0	0	0	0	0	0	0	0	0	0	0	0	0	0	0	0	0	0	0	0	0	0	0	0	0	0	
293020	Putamen_L	13014	0	20546	84	2030	0	9732	126	1004	0	1662	0	926	108	4362	0	636	0	9154	170	1206	626	4666	240	118	0	638	484	16804	0	8048	1392	0	0	0	0	7890	0	3856	0	1896	0	0	0	0	0	0	0	0	0	0	0	0	0	5300	0	3380	0	0	0	86	0	0	0	0	0	0	0	952	0	10710	1186	0	194	6144	0	1806	0	0	0	726	0	1002	0	582	0	158	0	2438	0	0	0	0	0	0	0	106	0	130	0	108	0	84	0	0	0	0	0	0	0	0	0	0	0	0	0	
380808	Putamen_R	574	5992	1308	21242	0	714	158	8196	0	526	0	4426	0	3612	0	790	0	3452	2208	10598	0	632	918	5660	0	414	0	1350	0	17218	1850	9760	282	2720	0	0	82	24740	0	17170	0	3840	0	80	0	0	0	0	0	0	0	0	0	0	0	11324	78	960	0	0	0	0	0	138	0	0	0	154	1434	0	690	14772	194	0	0	3002	0	1598	0	186	0	1198	0	1206	0	454	0	586	0	1422	0	0	0	0	0	0	0	374	0	122	0	0	0	0	0	0	0	0	0	0	0	0	0	0	0	0	
54512	Pallidum_L	5936	0	3180	0	0	0	3070	0	0	0	0	0	0	0	0	0	0	0	94	0	0	0	0	0	0	0	0	0	276	0	0	0	0	0	0	0	132	0	0	0	0	0	0	0	0	0	0	0	0	0	0	0	0	0	0	0	2000	0	0	0	0	0	0	0	0	0	0	0	340	0	2260	80	6144	0	0	0	3744	0	0	0	0	0	0	0	0	0	0	0	0	0	0	0	0	0	0	0	0	0	0	0	0	0	0	0	0	0	0	0	0	0	0	0	0	0	0	0	
20728	Pallidum_R	0	140	0	900	0	0	0	0	0	0	0	0	0	0	0	0	0	0	0	2134	0	0	0	0	0	0	0	0	0	0	0	180	0	0	0	0	0	790	0	592	0	126	0	0	0	0	0	0	0	0	0	0	0	0	0	274	0	0	0	0	0	0	0	0	0	0	0	0	78	0	84	1920	0	3002	0	0	0	144	0	0	0	0	0	0	0	0	0	0	0	0	0	0	0	0	0	0	0	0	0	0	0	0	0	0	0	0	0	0	0	0	0	0	0	0	0	0	
189584	Thalamus_L	22620	850	4802	84	0	0	7304	0	0	0	460	0	0	0	192	0	730	198	3322	208	0	0	0	0	0	0	0	0	7166	98	0	0	0	90	276	300	6508	828	1518	360	0	0	0	0	0	0	186	0	0	0	0	0	0	0	1742	0	5364	250	266	192	298	220	122	122	0	0	90	0	2224	0	10660	1272	1806	0	3744	0	0	2954	2720	0	766	0	0	0	144	0	0	0	880	0	294	0	0	0	0	0	142	0	288	0	132	0	0	0	0	0	0	0	0	0	0	0	0	0	0	0	
151564	Thalamus_R	1710	18472	660	1122	0	0	470	660	0	0	0	170	0	96	0	0	80	898	176	218	0	0	0	0	0	0	0	0	348	1616	0	254	0	0	1160	1402	2574	6912	608	2084	0	0	0	90	0	0	106	460	0	0	0	0	0	0	244	1130	126	804	104	0	96	80	0	112	0	0	390	404	810	318	1216	17768	0	1598	0	144	2954	0	1036	1176	306	1864	0	0	0	532	0	0	0	100	0	0	0	0	0	0	0	0	0	0	0	0	0	0	0	0	0	0	0	0	124	0	0	0	0	0	
101600	Heschl_L	4132	0	604	144	0	0	324	126	0	0	880	0	0	0	0	0	7730	198	320	0	0	0	0	0	0	0	0	0	5094	220	0	0	0	0	892	816	3962	560	100	106	0	0	0	0	0	0	94	0	0	0	0	0	0	0	2130	0	6530	194	1084	0	964	0	690	0	0	0	318	0	0	0	0	0	0	0	0	0	2720	1036	0	0	5704	0	0	0	1014	0	0	0	1904	0	106	0	0	0	0	0	0	0	104	0	0	0	0	0	0	0	0	0	0	0	0	0	0	0	0	0	
29180	Heschl_R	0	202	0	158	0	0	0	130	0	0	0	0	0	0	0	0	0	1566	0	0	0	0	0	0	0	0	0	0	0	3034	0	0	0	0	0	0	0	792	0	152	0	0	0	0	0	0	0	0	0	0	0	0	0	0	0	220	0	266	0	0	0	0	0	396	0	0	0	106	0	0	0	0	0	186	0	0	0	1176	0	0	0	5188	0	104	0	822	0	0	0	92	0	0	0	0	0	0	0	0	0	0	0	0	0	0	0	0	0	0	0	0	0	0	0	0	0	0	
267892	Temporal_Sup_L	4368	0	1978	0	0	0	756	0	0	0	3726	0	84	0	92	0	16978	0	1514	0	0	0	0	0	0	0	0	0	10776	94	0	0	0	0	212	190	3266	104	396	0	242	0	0	0	0	0	0	0	202	0	3034	0	0	0	5624	0	5340	0	5412	0	6588	0	9026	0	3982	0	5352	0	0	0	458	212	726	0	0	0	766	306	5704	0	0	0	4760	0	19786	0	198	0	11224	0	194	0	0	0	0	0	92	0	184	0	0	0	0	0	0	0	0	0	0	0	0	0	0	0	0	0	
172872	Temporal_Sup_R	0	658	0	812	0	0	0	698	0	0	0	422	0	0	0	440	0	5556	0	0	0	0	0	0	0	0	0	0	0	8026	0	0	0	266	0	114	0	3030	0	1064	0	0	0	192	0	328	0	312	0	298	0	98	0	0	0	4992	0	1562	0	346	0	1052	0	6920	0	4216	116	3974	0	342	0	0	0	1198	0	0	0	1864	0	5188	0	0	0	3018	0	21292	0	480	0	6896	0	204	0	118	0	0	0	0	0	266	0	78	0	0	0	0	0	0	0	0	0	0	0	0	0	0	
108216	Temporal_Pole_Sup_L	614	0	742	0	242	0	146	0	186	0	2758	0	254	0	1392	0	2336	0	400	0	0	0	186	0	0	0	0	0	3884	0	254	0	0	0	0	0	1684	0	3056	0	1390	0	0	0	0	0	0	0	0	0	0	0	0	0	6208	0	114	0	0	0	0	0	0	0	0	0	0	0	0	0	898	568	1002	0	0	0	0	0	0	0	4760	0	0	0	6120	0	6822	0	8092	0	0	0	0	0	0	0	0	0	0	0	0	0	0	0	0	0	0	0	0	0	0	0	0	0	0	0	
102960	Temporal_Pole_Sup_R	0	0	0	1270	0	0	0	622	0	0	0	1706	0	0	0	1066	0	1114	0	0	0	0	0	0	0	0	0	0	0	3456	0	0	0	0	0	0	0	2590	0	3992	0	3804	0	0	0	0	0	0	0	0	0	0	0	0	0	6180	0	0	0	0	0	0	0	0	0	0	0	0	0	0	0	0	0	1206	0	0	0	0	0	104	0	3018	0	0	0	3928	0	11056	0	6368	0	0	0	0	0	0	0	0	0	0	0	0	0	0	0	0	0	0	0	0	0	0	0	0	0	0	
361936	Temporal_Mid_L	312	0	0	0	0	0	0	0	0	0	112	0	0	0	0	0	2168	0	0	0	0	0	0	0	0	0	0	0	2226	0	0	0	106	0	82	0	586	0	238	0	150	0	372	0	2816	0	332	0	9246	0	33466	0	5030	0	8634	0	798	0	4768	0	2992	0	2692	0	13012	0	13900	114	0	0	0	0	582	0	0	0	144	0	1014	0	19786	0	6120	0	0	0	2410	0	46432	0	214	0	0	0	0	0	0	0	114	0	0	0	0	0	0	0	0	0	0	0	0	0	0	0	0	0	
339136	Temporal_Mid_R	0	184	0	438	0	0	0	386	0	0	0	266	0	0	0	200	0	656	0	0	0	0	0	0	0	0	0	0	0	3878	0	0	0	244	0	126	0	2174	0	738	0	0	246	8484	320	8652	0	2764	0	13050	0	17464	0	4926	0	8408	0	578	0	1750	0	5040	0	3362	0	11168	156	8970	0	80	0	0	0	454	0	0	0	532	0	822	0	21292	0	3928	0	0	0	2768	0	32936	0	650	0	354	0	0	0	0	0	752	0	170	0	202	0	0	0	0	0	0	0	0	0	0	0	0	
46900	Temporal_Pole_Mid_L	0	0	0	0	0	0	0	0	0	0	0	0	0	0	0	0	0	0	0	0	0	0	0	0	0	0	0	0	582	0	0	0	0	0	0	0	1010	0	2202	0	816	0	0	0	0	0	0	0	0	0	0	0	0	0	3500	0	0	0	0	0	0	0	0	0	0	0	0	0	0	0	0	0	158	0	0	0	0	0	0	0	198	0	6822	0	2410	0	0	0	5752	0	0	0	0	0	0	0	0	0	0	0	0	0	0	0	0	0	0	0	0	0	0	0	0	0	0	0	
67948	Temporal_Pole_Mid_R	0	0	0	0	0	0	0	0	0	0	0	0	0	0	0	118	0	0	0	0	0	0	0	0	0	0	0	0	0	446	0	0	0	0	0	0	0	1436	0	3500	0	2946	0	0	0	0	0	0	0	0	0	0	0	0	0	4946	0	0	0	0	0	0	0	0	0	0	0	0	0	0	0	0	0	586	0	0	0	0	0	0	0	480	0	11056	0	2768	0	0	0	5692	0	0	0	0	0	0	0	0	0	0	0	0	0	0	0	0	0	0	0	0	0	0	0	0	0	0	
500664	Temporal_Inf_L	1054	0	194	0	0	0	110	0	0	0	0	0	0	0	0	0	262	0	186	0	0	0	0	0	0	0	0	0	5272	0	0	0	78	0	1006	0	15900	0	3110	0	2100	0	916	0	1150	0	1244	0	5978	0	13278	0	7232	0	47314	0	3402	0	2914	0	2118	0	778	0	1884	0	8968	0	154	0	0	0	2438	0	0	0	880	0	1904	0	11224	0	8092	0	46432	0	5752	0	0	0	15256	498	5640	546	0	0	4292	594	11476	682	3450	0	2154	346	202	0	250	0	0	0	242	330	746	304	0	0	
279308	Temporal_Inf_R	0	104	0	0	0	0	0	0	0	0	0	0	0	0	0	0	0	272	0	0	0	0	0	0	0	0	0	0	0	2954	0	0	0	170	0	186	0	5294	0	1332	0	1508	142	4086	192	2150	0	2072	0	2540	0	2564	0	5498	0	27394	0	1738	0	178	0	570	0	1160	0	1022	0	4886	0	276	0	0	0	1422	0	0	0	100	0	92	0	6896	0	6368	0	32936	0	5692	0	0	0	8432	0	5378	0	0	0	122	0	3100	0	410	0	418	0	0	0	0	0	0	0	0	0	0	0	0	
780260	Cerebelum_Crus1_L	254	0	0	0	0	0	0	0	0	0	0	0	0	0	0	0	0	0	0	0	0	0	0	0	0	0	0	0	96	0	0	0	0	0	282	0	6018	0	406	0	0	0	322	0	0	0	20032	4572	0	0	104	0	412	0	36980	2200	630	0	0	0	0	0	0	0	0	0	584	0	0	0	0	0	0	0	0	0	294	0	106	0	194	0	0	0	214	0	0	0	15256	0	0	15808	61454	9558	180	324	22498	13180	66600	24822	18678	374	15140	5372	588	296	0	0	0	0	8642	18542	17572	1304	242	0	
746868	Cerebelum_Crus1_R	0	0	0	0	0	0	0	0	0	0	0	0	0	0	0	0	0	0	0	0	0	0	0	0	0	0	0	0	0	0	0	0	0	0	0	0	174	472	0	394	0	0	0	264	0	0	1524	8804	0	0	0	0	0	188	2240	31848	0	116	0	0	0	0	0	0	0	0	0	306	0	0	0	0	0	0	0	0	0	0	0	0	0	204	0	0	0	650	0	0	498	8432	15808	0	18008	68832	382	1342	8512	26414	13298	76318	4978	12962	8798	19934	234	496	0	0	0	0	7342	11858	20582	1008	88	126	
705384	Cerebelum_Crus2_L	0	0	0	0	0	0	0	0	0	0	0	0	0	0	0	0	0	0	0	0	0	0	0	0	0	0	0	0	0	0	0	0	0	0	158	0	1600	0	0	0	0	0	126	0	0	0	8208	2182	0	0	0	0	102	0	11576	1578	194	0	0	0	0	0	0	0	0	0	248	0	0	0	0	0	0	0	0	0	0	0	0	0	0	0	0	0	0	0	0	0	5640	0	61454	18008	0	23870	430	1380	9924	19938	25292	28404	36272	2802	32226	16004	324	390	0	100	0	0	4748	10972	24762	3684	96	0	
774868	Cerebelum_Crus2_R	0	0	0	0	0	0	0	0	0	0	0	0	0	0	0	0	0	0	0	0	0	0	0	0	0	0	0	0	0	0	0	0	0	0	0	0	228	122	0	112	0	0	0	0	0	0	1158	1586	0	0	0	0	0	0	2110	11216	0	0	0	0	0	0	0	0	0	0	0	0	0	0	0	0	0	0	0	0	0	0	0	0	0	118	0	0	0	354	0	0	546	5378	9558	68832	23870	0	254	2014	8260	24910	10176	46526	15522	34532	22508	52386	632	934	0	280	0	0	6980	6698	20660	8332	440	202	
38240	Cerebelum_3_L	0	0	0	0	0	0	0	0	0	0	0	0	0	0	0	0	0	0	0	0	0	0	0	0	0	0	0	0	0	0	0	0	0	0	0	0	0	0	0	0	0	0	0	0	0	0	0	0	0	0	0	0	0	0	120	0	0	0	0	0	0	0	0	0	0	0	0	0	0	0	0	0	0	0	0	0	0	0	0	0	0	0	0	0	0	0	0	0	0	0	180	382	430	254	0	576	4754	1606	1492	464	492	0	664	130	1302	938	258	0	406	2462	1578	80	462	90	0	0	
59496	Cerebelum_3_R	0	0	0	0	0	0	0	0	0	0	0	0	0	0	0	0	0	0	0	0	0	0	0	0	0	0	0	0	0	0	0	0	0	0	0	0	0	0	0	0	0	0	0	0	0	0	0	212	0	0	0	0	0	0	0	252	0	0	0	0	0	0	0	0	0	0	0	0	0	0	0	0	0	0	0	0	0	0	0	0	0	0	0	0	0	0	0	0	0	0	324	1342	1380	2014	576	0	1630	5474	254	2848	1006	0	1538	2016	770	1638	0	86	614	2168	1818	0	1110	460	218	0	
511368	Cerebelum_4_5_L	104	0	0	0	0	0	0	0	0	0	0	0	0	0	0	0	0	0	0	0	0	0	0	0	0	0	0	0	0	0	0	0	0	0	0	0	2364	0	1112	0	0	0	0	0	0	0	8180	3148	0	0	0	0	0	0	14294	540	0	0	0	0	0	0	0	0	0	0	140	0	0	0	0	0	106	0	0	0	142	0	0	0	92	0	0	0	0	0	0	0	4292	0	22498	8512	9924	8260	4754	1630	0	18894	39452	14970	6830	272	12322	6262	5380	4614	1076	0	364	1478	24106	10114	11898	5070	1468	1022	
651112	Cerebelum_4_5_R	0	0	0	180	0	0	0	0	0	0	0	0	0	0	0	0	0	0	0	160	0	0	0	0	0	0	0	0	0	80	0	0	0	0	0	124	228	1464	0	2778	0	0	0	196	0	0	2406	5608	0	0	0	0	0	0	2730	9664	0	0	0	0	0	0	0	0	0	0	0	414	0	0	0	0	0	374	0	0	0	0	0	0	0	0	0	0	0	0	0	0	594	122	13180	26414	19938	24910	1606	5474	18894	0	15706	49480	11686	588	20358	17184	2694	7174	88	364	228	1222	21130	10562	21162	6554	1082	756	
747412	Cerebelum_6_L	254	0	0	0	0	0	0	0	0	0	0	0	0	0	0	0	0	0	0	0	0	0	0	0	0	0	0	0	86	0	0	0	0	0	288	0	6302	0	808	0	0	0	918	0	192	0	18212	4556	0	0	242	0	98	0	37262	1486	634	0	0	0	0	0	0	0	0	0	912	0	0	0	0	0	130	0	0	0	288	0	104	0	184	0	0	0	114	0	0	0	11476	0	66600	13298	25292	10176	1492	254	39452	15706	0	23846	12936	136	14216	6596	2484	894	1060	0	0	84	13406	19108	17080	3548	938	558	
928596	Cerebelum_6_R	0	0	0	0	0	0	0	0	0	0	0	0	0	0	0	0	0	0	0	0	0	0	0	0	0	0	0	0	0	0	0	0	0	0	0	0	218	924	0	834	0	0	0	506	0	0	3116	12226	0	0	0	0	0	90	4210	34248	0	82	0	0	0	0	0	0	0	0	0	284	0	0	0	0	0	122	0	0	0	0	0	0	0	266	0	0	0	752	0	0	682	3100	24822	76318	28404	46526	464	2848	14970	49480	23846	0	13214	4672	19620	21664	548	1586	0	526	0	0	14080	23130	30954	3822	592	552	
442576	Cerebelum_7b_L	0	0	0	0	0	0	0	0	0	0	0	0	0	0	0	0	0	0	0	0	0	0	0	0	0	0	0	0	0	0	0	0	0	0	0	0	594	0	350	0	0	0	0	0	0	0	436	534	0	0	0	0	0	0	4482	668	0	0	0	0	0	0	0	0	0	0	0	0	0	0	0	0	108	0	0	0	132	0	0	0	0	0	0	0	0	0	0	0	3450	0	18678	4978	36272	15522	492	1006	6830	11686	12936	13214	0	2586	39540	15496	2010	672	764	84	0	0	3458	4456	12768	6732	354	0	
198704	Cerebelum_7b_R	0	0	0	0	0	0	0	0	0	0	0	0	0	0	0	0	0	0	0	0	0	0	0	0	0	0	0	0	0	0	0	0	0	0	0	0	0	0	0	0	0	0	0	0	0	0	0	0	0	0	0	0	0	0	0	860	0	0	0	0	0	0	0	0	0	0	0	0	0	0	0	0	0	0	0	0	0	0	0	0	0	78	0	0	0	170	0	0	0	410	374	12962	2802	34532	0	0	272	588	136	4672	2586	0	2046	33318	0	182	0	0	0	0	332	194	838	2000	0	0	
597968	Cerebelum_8_L	0	0	0	0	0	0	0	0	0	0	0	0	0	0	0	0	0	0	0	0	0	0	0	0	0	0	0	0	0	0	0	0	0	0	0	0	288	0	0	0	0	0	0	0	0	0	786	632	0	0	0	0	0	0	3924	596	0	0	0	0	0	0	0	0	0	0	0	0	0	0	0	0	84	0	0	0	0	0	0	0	0	0	0	0	0	0	0	0	2154	0	15140	8798	32226	22508	664	1538	12322	20358	14216	19620	39540	2046	0	24310	11446	2516	4148	100	0	140	7564	6508	22892	16434	3740	1746	
568608	Cerebelum_8_R	0	0	0	0	0	0	0	0	0	0	0	0	0	0	0	0	0	0	0	0	0	0	0	0	0	0	0	0	0	0	0	0	0	0	0	0	90	0	0	0	0	0	0	0	0	0	698	340	0	0	0	0	0	0	1486	1274	0	0	0	0	0	0	0	0	0	0	0	0	0	0	0	0	0	0	0	0	0	0	0	0	0	0	0	0	0	202	0	0	346	418	5372	19934	16004	52386	130	2016	6262	17184	6596	21664	15496	33318	24310	0	1722	9236	0	3380	0	120	5944	5012	15064	14726	2530	1044	
95112	Cerebelum_9_L	0	0	0	0	0	0	0	0	0	0	0	0	0	0	0	0	0	0	0	0	0	0	0	0	0	0	0	0	0	0	0	0	0	0	0	0	0	0	102	0	0	0	0	0	0	0	88	0	0	0	0	0	0	0	546	0	0	0	0	0	0	0	0	0	0	0	0	0	0	0	0	0	0	0	0	0	0	0	0	0	0	0	0	0	0	0	0	0	202	0	588	234	324	632	1302	770	5380	2694	2484	548	2010	0	11446	1722	0	1854	4768	0	86	1068	2984	478	1082	2404	1442	318	
101352	Cerebelum_9_R	0	0	0	0	0	0	0	0	0	0	0	0	0	0	0	0	0	0	0	0	0	0	0	0	0	0	0	0	0	0	0	0	0	0	0	0	0	0	0	190	0	0	0	0	0	0	114	108	0	0	0	0	0	0	102	252	0	0	0	0	0	0	0	0	0	0	0	0	0	0	0	0	0	0	0	0	0	0	0	0	0	0	0	0	0	0	0	0	0	0	296	496	390	934	938	1638	4614	7174	894	1586	672	182	2516	9236	1854	0	0	3042	92	820	5144	1058	1268	2458	1746	862	
26228	Cerebelum_10_L	0	0	0	0	0	0	0	0	0	0	0	0	0	0	0	0	0	0	0	0	0	0	0	0	0	0	0	0	0	0	0	0	0	0	0	0	0	0	112	0	0	0	0	0	0	0	0	0	0	0	0	0	0	0	498	0	0	0	0	0	0	0	0	0	0	0	0	0	0	0	0	0	0	0	0	0	0	0	0	0	0	0	0	0	0	0	0	0	250	0	0	0	0	0	258	0	1076	88	1060	0	764	0	4148	0	4768	0	0	0	0	0	92	0	0	0	0	0	
15924	Cerebelum_10_R	0	0	0	0	0	0	0	0	0	0	0	0	0	0	0	0	0	0	0	0	0	0	0	0	0	0	0	0	0	0	0	0	0	0	0	0	0	0	0	0	0	0	0	0	0	0	0	0	0	0	0	0	0	0	0	0	0	0	0	0	0	0	0	0	0	0	0	0	0	0	0	0	0	0	0	0	0	0	0	0	0	0	0	0	0	0	0	0	0	0	0	0	100	280	0	86	0	364	0	526	84	0	100	3380	0	3042	0	0	0	0	0	0	0	0	0	0	
9852	Vermis_1_2	0	0	0	0	0	0	0	0	0	0	0	0	0	0	0	0	0	0	0	0	0	0	0	0	0	0	0	0	0	0	0	0	0	0	0	0	0	0	0	0	0	0	0	0	0	0	0	0	0	0	0	0	0	0	0	0	0	0	0	0	0	0	0	0	0	0	0	0	0	0	0	0	0	0	0	0	0	0	0	0	0	0	0	0	0	0	0	0	0	0	0	0	0	0	406	614	364	228	0	0	0	0	0	0	86	92	0	0	0	2496	640	0	0	0	0	0	
27980	Vermis_3	0	0	0	0	0	0	0	0	0	0	0	0	0	0	0	0	0	0	0	0	0	0	0	0	0	0	0	0	0	0	0	0	0	0	0	0	0	0	0	0	0	0	0	0	0	0	0	0	0	0	0	0	0	0	0	0	0	0	0	0	0	0	0	0	0	0	0	0	0	0	0	0	0	0	0	0	0	0	0	0	0	0	0	0	0	0	0	0	0	0	0	0	0	0	2462	2168	1478	1222	84	0	0	0	140	120	1068	820	0	0	2496	0	1772	0	80	80	0	0	
