data	data	390644	143024	1.24511e+06	987000	249036	210800	548572	280264	136236	30892	357868	297940	342864	298684	148108	125076	233940	115768	653764	932092	94312	108296	524948	505152	25288	128932	32480	75272	678880	426828	319960	513632	133860	583912	74788	194884	155088	245716	31624	98868	29984	66244	194192	338480	118864	289544	209100	261824	139556	321308	368196	231080	78796	102320	294368	388764	337264	120216	83044	50632	226556	39592	161488	123844	170640	83276	198308	389520	142888	66992	475764	485364	508696	309364	156440	34660	136236	154752	82048	14872	176112	78664	70440	51824	217296	129780	25860	37292	152688	130864	341000	401904	261484	294660	19400	56640	208344	229084	359168	396076	166488	134428	247836	216372	90932	82468	10228	13400	11312	31912	165864	118044	145952	128892	45668	16300	
data	data	Precentral_L	Precentral_R	Frontal_Sup_L	Frontal_Sup_R	Frontal_Sup_Orb_L	Frontal_Sup_Orb_R	Frontal_Mid_L	Frontal_Mid_R	Frontal_Mid_Orb_L	Frontal_Mid_Orb_R	Frontal_Inf_Oper_L	Frontal_Inf_Oper_R	Frontal_Inf_Tri_L	Frontal_Inf_Tri_R	Frontal_Inf_Orb_L	Frontal_Inf_Orb_R	Rolandic_Oper_L	Rolandic_Oper_R	Supp_Motor_Area_L	Supp_Motor_Area_R	Olfactory_L	Olfactory_R	Frontal_Sup_Medial_L	Frontal_Sup_Medial_R	Frontal_Med_Orb_L	Frontal_Med_Orb_R	Rectus_L	Rectus_R	Insula_L	Insula_R	Cingulum_Ant_L	Cingulum_Ant_R	Cingulum_Mid_L	Cingulum_Mid_R	Cingulum_Post_L	Cingulum_Post_R	Hippocampus_L	Hippocampus_R	ParaHippocampal_L	ParaHippocampal_R	Amygdala_L	Amygdala_R	Calcarine_L	Calcarine_R	Cuneus_L	Cuneus_R	Lingual_L	Lingual_R	Occipital_Sup_L	Occipital_Sup_R	Occipital_Mid_L	Occipital_Mid_R	Occipital_Inf_L	Occipital_Inf_R	Fusiform_L	Fusiform_R	Postcentral_L	Postcentral_R	Parietal_Sup_L	Parietal_Sup_R	Parietal_Inf_L	Parietal_Inf_R	SupraMarginal_L	SupraMarginal_R	Angular_L	Angular_R	Precuneus_L	Precuneus_R	Paracentral_Lobule_L	Paracentral_Lobule_R	Caudate_L	Caudate_R	Putamen_L	Putamen_R	Pallidum_L	Pallidum_R	Thalamus_L	Thalamus_R	Heschl_L	Heschl_R	Temporal_Sup_L	Temporal_Sup_R	Temporal_Pole_Sup_L	Temporal_Pole_Sup_R	Temporal_Mid_L	Temporal_Mid_R	Temporal_Pole_Mid_L	Temporal_Pole_Mid_R	Temporal_Inf_L	Temporal_Inf_R	Cerebelum_Crus1_L	Cerebelum_Crus1_R	Cerebelum_Crus2_L	Cerebelum_Crus2_R	Cerebelum_3_L	Cerebelum_3_R	Cerebelum_4_5_L	Cerebelum_4_5_R	Cerebelum_6_L	Cerebelum_6_R	Cerebelum_7b_L	Cerebelum_7b_R	Cerebelum_8_L	Cerebelum_8_R	Cerebelum_9_L	Cerebelum_9_R	Cerebelum_10_L	Cerebelum_10_R	Vermis_1_2	Vermis_3	Vermis_4_5	Vermis_6	Vermis_7	Vermis_8	Vermis_9	Vermis_10	
390644	Precentral_L	0	5120	17076	5254	0	0	17432	3426	0	0	17866	1236	2988	156	0	0	8980	652	7300	5594	0	0	814	340	0	0	0	0	10042	1244	264	440	1382	406	3208	214	328	206	0	0	0	0	368	0	660	0	0	0	620	0	1180	0	196	0	256	0	37706	616	0	0	4996	0	1808	0	664	0	1160	0	13158	0	9104	1790	1628	1252	778	0	916	686	2116	0	1318	0	0	0	378	0	0	0	0	0	0	0	0	0	0	0	0	0	0	0	0	0	0	0	0	0	0	0	0	0	0	0	0	0	0	0	
143024	Precentral_R	5120	0	1898	9066	0	0	390	10278	0	0	0	5224	0	476	0	0	332	1766	1294	4930	0	0	0	290	0	0	0	0	232	1000	186	138	0	580	0	3652	0	144	0	0	0	0	0	144	0	0	0	0	0	0	0	0	0	0	0	0	3788	13182	0	0	150	0	0	1108	0	0	0	260	0	804	1706	1530	862	164	242	0	198	378	0	0	0	0	0	0	0	0	0	0	0	0	0	0	0	0	0	0	0	0	0	0	0	0	0	0	0	0	0	0	0	0	0	0	0	0	0	0	
1.24511e+06	Frontal_Sup_L	17076	1898	0	25218	17522	114	100202	2920	4344	0	10640	2130	21210	980	4226	114	6274	228	92518	32396	0	0	66208	13094	918	118	238	0	28754	1752	20450	10846	5700	13512	1358	242	3494	356	0	0	0	0	0	0	170	0	0	0	238	0	1086	0	426	0	782	0	5810	514	0	0	868	0	0	0	194	0	1138	0	1842	0	13912	1860	41262	1570	19768	168	16152	1086	3472	0	2232	0	334	0	358	0	0	0	262	0	0	0	0	0	0	0	0	0	0	0	0	0	0	0	0	0	0	0	0	0	0	0	0	0	0	0	
987000	Frontal_Sup_R	5254	9066	25218	0	252	6678	5698	32238	0	298	1856	9576	1192	14510	138	6030	2206	3936	15506	106094	0	232	14490	43534	0	3462	0	0	2444	11682	3998	30050	2588	23992	332	10554	120	6606	0	760	0	0	0	1516	0	224	0	524	0	874	0	160	0	456	0	1242	2450	3532	0	0	310	114	246	870	0	122	0	3470	860	234	6894	25096	2264	16378	1330	2862	842	16698	398	308	518	932	0	0	0	402	0	0	0	784	0	0	0	0	0	0	0	0	0	0	0	0	0	0	0	0	0	0	0	0	0	0	0	0	0	0	
249036	Frontal_Sup_Orb_L	0	0	17522	252	0	126	6480	0	19706	0	840	0	6820	0	14820	0	0	0	3870	218	1214	180	8404	662	2428	0	4160	148	14738	0	5342	806	664	530	0	0	0	0	0	0	0	0	0	0	0	0	0	0	0	0	0	0	0	0	0	0	0	0	0	0	0	0	0	0	0	0	0	0	0	0	792	0	12770	0	0	0	0	0	0	0	0	0	1026	0	0	0	0	0	0	0	0	0	0	0	0	0	0	0	0	0	0	0	0	0	0	0	0	0	0	0	0	0	0	0	0	0	
210800	Frontal_Sup_Orb_R	0	0	114	6678	126	0	0	914	0	3980	150	1478	0	4934	0	9264	170	154	0	1822	2692	4560	426	6396	0	10728	192	8288	290	8074	650	6790	0	1618	0	0	0	0	0	0	0	0	0	0	0	0	0	0	0	0	0	0	0	0	0	0	116	0	0	0	0	0	0	0	0	0	0	0	0	0	3336	10304	2308	8740	108	0	0	0	0	0	0	0	0	0	0	0	0	0	0	0	0	0	0	0	0	0	0	0	0	0	0	0	0	0	0	0	0	0	0	0	0	0	0	0	0	0	
548572	Frontal_Mid_L	17432	390	100202	5698	6480	0	0	480	4102	0	7836	250	19958	142	3288	0	2752	0	12850	3814	0	0	26106	4538	0	0	0	0	8752	304	4836	3408	1746	1988	802	0	1236	122	0	0	0	0	0	0	112	0	0	0	182	0	650	0	244	0	374	0	4528	0	0	0	1178	0	0	0	0	0	710	0	230	0	1998	324	12422	584	6758	0	1706	498	1470	0	428	0	0	0	266	0	0	0	112	0	0	0	0	0	0	0	0	0	0	0	0	0	0	0	0	0	0	0	0	0	0	0	0	0	0	0	
280264	Frontal_Mid_R	3426	10278	2920	32238	0	914	480	0	0	184	1196	11786	1380	26268	0	3104	348	322	2024	5666	0	0	1112	6076	0	0	0	0	1622	4734	1104	2890	0	2524	0	2032	0	1058	0	202	0	0	0	680	0	0	0	262	0	0	0	0	0	0	0	304	1930	942	0	0	0	0	0	258	0	0	0	1148	0	0	2652	366	1654	1226	220	0	314	1398	0	0	0	454	0	0	0	176	0	0	0	260	0	0	0	0	0	0	0	0	0	0	0	0	0	0	0	0	0	0	0	0	0	0	0	0	0	0	
136236	Frontal_Mid_Orb_L	0	0	4344	0	19706	0	4102	0	0	0	244	0	5112	0	15566	0	0	0	1310	116	320	108	406	136	434	0	2002	0	6168	0	458	198	0	128	0	0	0	0	0	0	0	0	0	0	0	0	0	0	0	0	0	0	0	0	0	0	0	0	0	0	0	0	0	0	0	0	0	0	0	0	434	0	6696	0	0	0	0	0	0	0	0	0	130	0	0	0	0	0	0	0	0	0	0	0	0	0	0	0	0	0	0	0	0	0	0	0	0	0	0	0	0	0	0	0	0	0	
30892	Frontal_Mid_Orb_R	0	0	0	298	0	3980	0	184	0	0	0	0	0	400	0	4726	0	0	0	260	0	148	0	0	0	704	0	414	0	1016	0	236	0	210	0	0	0	0	0	0	0	0	0	0	0	0	0	0	0	0	0	0	0	0	0	0	0	0	0	0	0	0	0	0	0	0	0	0	0	0	0	1094	0	1776	0	0	0	0	0	0	0	0	0	0	0	0	0	0	0	0	0	0	0	0	0	0	0	0	0	0	0	0	0	0	0	0	0	0	0	0	0	0	0	0	0	0	
357868	Frontal_Inf_Oper_L	17866	0	10640	1856	840	150	7836	1196	244	0	0	5040	21420	2874	360	0	10516	0	8842	2666	0	0	2258	1324	0	120	0	0	30976	5902	1494	1466	160	1504	240	274	180	0	0	0	0	0	126	0	0	0	0	0	152	0	484	0	0	0	242	0	7778	0	0	0	2496	0	860	0	314	0	274	0	162	0	9126	3312	2984	324	312	0	122	0	1712	0	6988	0	2650	0	128	0	0	0	144	0	0	0	0	0	0	0	0	0	0	0	0	0	0	0	0	0	0	0	0	0	0	0	0	0	0	0	
297940	Frontal_Inf_Oper_R	1236	5224	2130	9576	0	1478	250	11786	0	0	5040	0	3736	16448	0	542	866	5780	1202	6138	0	0	1458	3396	0	1198	0	0	5450	23998	1252	2972	122	1326	0	662	0	378	0	0	0	0	0	662	0	0	0	146	0	0	0	0	0	120	0	212	1082	1440	0	0	0	150	0	654	0	0	0	1078	0	0	8928	11912	1786	5696	0	0	0	600	0	0	424	0	228	208	0	0	0	0	0	0	0	0	0	0	0	0	0	0	0	0	0	0	0	0	0	0	0	0	0	0	0	0	0	0	0	0	
342864	Frontal_Inf_Tri_L	2988	0	21210	1192	6820	0	19958	1380	5112	0	21420	3736	0	2924	11316	0	464	0	6280	974	0	0	9256	1172	0	0	0	0	32372	4018	6068	1912	1168	804	0	0	114	0	0	0	0	0	0	0	0	0	0	0	0	0	0	0	0	0	0	0	356	0	0	0	142	0	0	0	0	0	0	0	0	0	3230	1970	1626	144	0	0	0	0	448	0	194	0	664	0	0	0	0	0	0	0	0	0	0	0	0	0	0	0	0	0	0	0	0	0	0	0	0	0	0	0	0	0	0	0	0	0	
298684	Frontal_Inf_Tri_R	156	476	980	14510	0	4934	142	26268	0	400	2874	16448	2924	0	0	11960	292	460	406	6700	0	0	1462	11012	0	1508	0	0	3096	19122	1456	8362	0	3014	0	1568	0	212	0	0	0	0	0	750	0	0	0	220	0	0	0	0	0	0	0	0	126	1056	0	0	0	0	0	190	0	0	0	1324	0	0	1222	2068	208	1136	0	0	0	0	0	0	132	168	0	0	0	0	0	0	0	0	0	0	0	0	0	0	0	0	0	0	0	0	0	0	0	0	0	0	0	0	0	0	0	0	0	0	
148108	Frontal_Inf_Orb_L	0	0	4226	138	14820	0	3288	0	15566	0	360	0	11316	0	0	0	0	0	542	0	930	0	1592	178	0	0	654	0	10906	0	690	108	238	0	0	0	0	0	0	0	0	0	0	0	0	0	0	0	0	0	0	0	0	0	0	0	0	0	0	0	0	0	0	0	0	0	0	0	0	0	144	0	6792	0	0	0	0	0	0	0	0	0	1566	0	0	0	0	0	0	0	0	0	0	0	0	0	0	0	0	0	0	0	0	0	0	0	0	0	0	0	0	0	0	0	0	0	
125076	Frontal_Inf_Orb_R	0	0	114	6030	0	9264	0	3104	0	4726	0	542	0	11960	0	0	0	0	0	890	0	632	534	3550	0	1032	0	732	0	11298	282	3020	0	1072	0	396	0	0	0	0	0	0	0	0	0	0	0	0	0	0	0	0	0	0	0	0	0	0	0	0	0	0	0	0	0	0	0	0	0	0	150	1138	0	2072	0	0	0	0	0	0	0	0	0	0	0	0	0	0	0	0	0	0	0	0	0	0	0	0	0	0	0	0	0	0	0	0	0	0	0	0	0	0	0	0	0	0	
233940	Rolandic_Oper_L	8980	332	6274	2206	0	170	2752	348	0	0	10516	866	464	292	0	0	0	192	3240	2588	0	0	374	702	0	110	0	0	24234	2254	0	872	0	788	0	358	458	0	0	0	0	0	394	0	210	0	0	0	298	0	1026	0	430	0	166	0	11544	0	0	0	506	0	1334	0	280	0	228	0	374	0	10682	1934	2286	604	382	0	144	0	3392	0	10226	0	556	0	422	0	0	0	182	0	0	0	0	0	0	0	0	0	0	0	0	0	0	0	0	0	0	0	0	0	0	0	0	0	0	0	
115768	Rolandic_Oper_R	652	1766	228	3936	0	154	0	322	0	0	0	5780	0	460	0	0	192	0	162	3764	0	0	0	0	0	124	0	0	0	13642	0	0	0	0	0	190	0	682	0	0	0	0	0	0	0	0	0	0	0	0	0	120	0	172	0	500	764	1918	0	0	0	0	0	2400	0	220	0	120	0	0	948	8026	196	3704	0	316	0	258	0	3444	0	1872	0	174	0	278	0	0	0	400	0	0	0	0	0	0	0	0	0	0	0	0	0	0	0	0	0	0	0	0	0	0	0	0	0	0	
653764	Supp_Motor_Area_L	7300	1294	92518	15506	3870	0	12850	2024	1310	0	8842	1202	6280	406	542	0	3240	162	0	35140	0	0	12418	6796	240	0	208	0	14460	928	5242	3974	7934	19772	384	610	1514	132	0	0	0	0	0	380	0	762	0	0	0	722	448	0	136	144	246	0	1684	430	0	0	356	0	0	0	140	0	310	1540	3410	0	10030	1216	16668	650	4066	0	11894	394	2048	0	1612	0	260	0	112	0	0	0	126	0	0	0	0	0	0	0	0	0	0	0	0	0	0	0	0	0	0	0	0	0	0	0	0	0	0	0	
932092	Supp_Motor_Area_R	5594	4930	32396	106094	218	1822	3814	5666	116	260	2666	6138	974	6700	0	890	2588	3764	35140	0	0	232	3064	22112	0	1512	0	0	3146	6060	3360	12314	5018	53156	254	12348	146	3996	0	364	0	0	0	3034	0	3180	0	174	0	4280	0	258	0	492	0	646	2292	2886	0	0	302	0	180	794	0	108	0	11298	3180	6460	6772	29270	4678	14036	3656	2826	350	14978	552	116	810	360	0	0	0	446	0	0	0	780	0	0	0	0	0	0	0	0	0	0	0	0	0	0	0	0	0	0	0	0	0	0	0	0	0	0	
94312	Olfactory_L	0	0	0	0	1214	2692	0	0	320	0	0	0	0	0	930	0	0	0	0	0	0	7318	0	0	186	978	748	3470	1566	0	3154	3426	0	0	0	0	214	0	282	0	298	0	0	0	0	0	0	0	0	0	0	0	0	0	0	0	0	0	0	0	0	0	0	0	0	0	0	0	0	0	8300	3766	5874	1558	372	0	0	0	0	0	0	0	490	0	0	0	0	0	0	0	0	0	0	0	0	0	0	0	0	0	0	0	0	0	0	0	0	0	0	0	0	0	0	0	0	0	
108296	Olfactory_R	0	0	0	232	180	4560	0	0	108	148	0	0	0	0	0	632	0	0	0	232	7318	0	0	0	0	1804	316	5160	0	1538	2706	3566	0	0	0	0	0	0	0	0	0	122	0	0	0	0	0	0	0	0	0	0	0	0	0	0	0	0	0	0	0	0	0	0	0	0	0	0	0	0	9490	6022	5966	2116	942	662	0	0	0	0	0	0	0	328	0	0	0	0	0	0	0	0	0	0	0	0	0	0	0	0	0	0	0	0	0	0	0	0	0	0	0	0	0	0	0	0	
524948	Frontal_Sup_Medial_L	814	0	66208	14490	8404	426	26106	1112	406	0	2258	1458	9256	1462	1592	534	374	0	12418	3064	0	0	0	27082	1948	902	296	0	7976	1636	25178	21044	5930	13740	0	0	0	0	0	0	0	0	0	0	0	0	0	0	0	0	0	0	0	0	0	0	128	0	0	0	0	0	0	0	0	0	0	0	0	0	1588	1436	2200	276	0	0	0	0	574	0	158	0	0	0	0	0	0	0	0	0	0	0	0	0	0	0	0	0	0	0	0	0	0	0	0	0	0	0	0	0	0	0	0	0	0	0	
505152	Frontal_Sup_Medial_R	340	290	13094	43534	662	6396	4538	6076	136	0	1324	3396	1172	11012	178	3550	702	0	6796	22112	0	0	27082	0	410	6794	0	0	2376	5454	6844	38674	2316	28326	0	1606	0	0	0	0	0	0	0	154	0	0	0	0	0	0	0	0	0	0	0	0	136	410	0	0	0	0	0	0	0	0	0	274	0	0	1030	3232	120	1270	0	0	0	0	270	0	490	0	0	0	0	0	0	0	0	0	0	0	0	0	0	0	0	0	0	0	0	0	0	0	0	0	0	0	0	0	0	0	0	0	0	0	
25288	Frontal_Med_Orb_L	0	0	918	0	2428	0	0	0	434	0	0	0	0	0	0	0	0	0	240	0	186	0	1948	410	0	574	1894	160	0	0	2500	206	0	0	0	0	0	0	0	0	0	0	0	0	0	0	0	0	0	0	0	0	0	0	0	0	0	0	0	0	0	0	0	0	0	0	0	0	0	0	346	0	400	0	0	0	0	0	0	0	0	0	0	0	0	0	0	0	0	0	0	0	0	0	0	0	0	0	0	0	0	0	0	0	0	0	0	0	0	0	0	0	0	0	0	0	
128932	Frontal_Med_Orb_R	0	0	118	3462	0	10728	0	0	0	704	120	1198	0	1508	0	1032	110	124	0	1512	978	1804	902	6794	574	0	154	3686	214	2928	1068	7340	0	1104	0	0	0	0	0	0	0	0	0	0	0	0	0	0	0	0	0	0	0	0	0	0	108	0	0	0	0	0	0	0	0	0	0	0	0	0	1246	8612	842	5496	0	0	0	0	0	0	0	0	0	0	0	0	0	0	0	0	0	0	0	0	0	0	0	0	0	0	0	0	0	0	0	0	0	0	0	0	0	0	0	0	0	0	
32480	Rectus_L	0	0	238	0	4160	192	0	0	2002	0	0	0	0	0	654	0	0	0	208	0	748	316	296	0	1894	154	0	336	718	0	1790	338	0	0	0	0	0	0	0	0	0	0	0	0	0	0	0	0	0	0	0	0	0	0	0	0	0	0	0	0	0	0	0	0	0	0	0	0	0	0	1046	0	944	0	0	0	0	0	0	0	0	0	206	0	0	0	0	0	0	0	0	0	0	0	0	0	0	0	0	0	0	0	0	0	0	0	0	0	0	0	0	0	0	0	0	0	
75272	Rectus_R	0	0	0	0	148	8288	0	0	0	414	0	0	0	0	0	732	0	0	0	0	3470	5160	0	0	160	3686	336	0	0	548	860	1946	0	0	0	0	0	0	0	0	0	0	0	0	0	0	0	0	0	0	0	0	0	0	0	0	0	0	0	0	0	0	0	0	0	0	0	0	0	0	3916	3242	2856	1760	114	0	0	0	0	0	0	0	0	0	0	0	0	0	0	0	0	0	0	0	0	0	0	0	0	0	0	0	0	0	0	0	0	0	0	0	0	0	0	0	0	0	
678880	Insula_L	10042	232	28754	2444	14738	290	8752	1622	6168	0	30976	5450	32372	3096	10906	0	24234	0	14460	3146	1566	0	7976	2376	0	214	718	0	0	6918	6834	3432	758	2112	1940	476	4568	0	874	0	912	0	574	0	644	0	0	0	880	0	3954	0	1790	0	3624	0	8126	0	0	0	1874	0	1888	0	1006	0	1792	0	1028	0	14340	4432	20684	594	308	0	278	0	10424	0	12270	0	5210	0	1076	0	0	0	3288	0	0	0	0	0	0	0	0	0	0	0	0	0	0	0	0	0	0	0	0	0	0	0	0	0	0	0	
426828	Insula_R	1244	1000	1752	11682	0	8074	304	4734	0	1016	5902	23998	4018	19122	0	11298	2254	13642	928	6060	0	1538	1636	5454	0	2928	0	548	6918	0	1462	7362	114	2254	0	1198	0	1404	0	172	0	0	0	616	0	0	0	180	0	128	0	0	0	276	0	1058	1208	916	0	0	0	0	0	152	0	0	0	1284	0	0	10898	19026	1044	19258	0	322	0	598	220	1056	1530	1866	312	856	0	322	0	0	0	272	0	0	0	0	0	0	0	0	0	0	0	0	0	0	0	0	0	0	0	0	0	0	0	0	0	0	
319960	Cingulum_Ant_L	264	186	20450	3998	5342	650	4836	1104	458	0	1494	1252	6068	1456	690	282	0	0	5242	3360	3154	2706	25178	6844	2500	1068	1790	860	6834	1462	0	19464	4108	7594	0	150	0	0	0	0	0	0	0	0	0	0	0	0	0	0	0	0	0	0	0	0	0	0	0	0	0	0	0	0	0	0	0	0	0	0	7380	2922	7842	992	0	0	0	0	0	0	0	0	0	0	0	0	0	0	0	0	0	0	0	0	0	0	0	0	0	0	0	0	0	0	0	0	0	0	0	0	0	0	0	0	0	0	
513632	Cingulum_Ant_R	440	138	10846	30050	806	6790	3408	2890	198	236	1466	2972	1912	8362	108	3020	872	0	3974	12314	3426	3566	21044	38674	206	7340	338	1946	3432	7362	19464	0	3696	27596	0	958	0	0	0	0	0	0	0	0	0	0	0	0	0	0	0	0	0	0	0	0	214	176	0	0	0	0	0	0	0	0	0	0	0	0	5294	13344	2334	4514	128	0	0	0	316	0	646	0	0	0	0	0	0	0	0	0	0	0	0	0	0	0	0	0	0	0	0	0	0	0	0	0	0	0	0	0	0	0	0	0	0	0	
133860	Cingulum_Mid_L	1382	0	5700	2588	664	0	1746	0	0	0	160	122	1168	0	238	0	0	0	7934	5018	0	0	5930	2316	0	0	0	0	758	114	4108	3696	0	8946	618	634	0	0	0	0	0	0	0	290	0	470	0	0	1188	222	1688	0	0	0	0	0	0	0	676	0	0	0	0	0	0	0	1918	1218	4338	962	0	0	120	0	0	0	0	0	0	0	0	0	0	0	0	0	0	0	0	0	0	0	0	0	0	0	0	0	0	0	0	0	0	0	0	0	0	0	0	0	0	0	0	0	0	0	
583912	Cingulum_Mid_R	406	580	13512	23992	530	1618	1988	2524	128	210	1504	1326	804	3014	0	1072	788	0	19772	53156	0	0	13740	28326	0	1104	0	0	2112	2254	7594	27596	8946	0	0	7880	0	410	0	128	0	0	0	4430	0	6926	0	284	0	8290	0	2172	0	1096	0	556	154	986	0	428	0	0	0	854	0	210	0	19480	2030	6614	1246	3712	456	2506	144	0	0	0	246	0	584	168	0	0	0	424	0	0	0	946	0	0	0	0	0	0	0	0	0	0	0	0	0	0	0	0	0	0	0	0	0	0	0	0	0	0	
74788	Cingulum_Post_L	3208	0	1358	332	0	0	802	0	0	0	240	0	0	0	0	0	0	0	384	254	0	0	0	0	0	0	0	0	1940	0	0	0	618	0	0	5028	3450	3524	142	252	0	0	910	0	1494	0	1186	0	0	0	178	0	0	0	700	0	296	0	0	0	0	0	0	0	0	0	6622	464	1692	0	0	256	158	0	122	0	0	992	792	0	0	0	0	0	0	0	0	0	0	0	0	0	0	0	0	0	0	0	0	0	0	0	0	0	0	0	0	0	0	0	0	0	0	0	0	0	
194884	Cingulum_Post_R	214	3652	242	10554	0	0	0	2032	0	0	274	662	0	1568	0	396	358	190	610	12348	0	0	0	1606	0	0	0	0	476	1198	150	958	634	7880	5028	0	3298	6440	0	1688	0	0	0	3304	0	1558	442	1610	0	1030	0	142	0	0	0	144	182	4248	0	0	0	0	0	984	0	0	814	12412	372	2856	802	334	258	0	120	0	0	1326	0	0	230	486	0	0	0	268	0	0	0	258	0	0	0	0	0	0	0	0	0	0	0	0	0	0	0	0	0	0	0	0	806	0	0	0	0	0	
155088	Hippocampus_L	328	0	3494	120	0	0	1236	0	0	0	180	0	114	0	0	0	458	0	1514	146	214	0	0	0	0	0	0	0	4568	0	0	0	0	0	3450	3298	0	3604	4656	148	5826	0	238	0	0	0	1298	124	0	0	204	0	290	0	11758	0	420	0	0	0	164	0	134	0	0	0	912	454	0	0	528	146	9554	0	2130	0	4062	2066	0	0	958	0	442	0	0	0	0	0	7824	0	0	0	0	0	128	0	356	0	0	0	0	0	0	0	0	0	0	0	0	0	0	0	0	0	0	0	
245716	Hippocampus_R	206	144	356	6606	0	0	122	1058	0	0	0	378	0	212	0	0	0	682	132	3996	0	0	0	0	0	0	0	0	0	1404	0	0	0	410	3524	6440	3604	0	0	14376	0	10062	0	1186	0	376	410	1784	0	546	0	740	0	3760	0	26112	0	0	0	0	0	0	0	0	0	0	554	4676	0	0	0	996	0	8670	0	1432	360	5470	0	0	0	1120	0	0	0	3488	0	0	0	7136	0	0	0	0	0	0	0	0	0	0	0	0	0	0	0	0	0	0	0	0	330	0	0	0	0	0	
31624	ParaHippocampal_L	0	0	0	0	0	0	0	0	0	0	0	0	0	0	0	0	0	0	0	0	282	0	0	0	0	0	0	0	874	0	0	0	0	0	142	0	4656	0	0	0	1138	0	0	0	0	0	998	0	0	0	214	0	0	0	2068	0	0	0	0	0	0	0	0	0	0	0	136	0	0	0	0	120	1998	0	868	0	194	204	0	0	0	0	500	0	0	0	476	0	338	0	0	0	0	0	190	0	416	0	0	0	0	0	0	0	0	0	0	0	0	0	0	0	0	0	0	0	
98868	ParaHippocampal_R	0	0	0	760	0	0	0	202	0	0	0	0	0	0	0	0	0	0	0	364	0	0	0	0	0	0	0	0	0	172	0	0	0	128	252	1688	148	14376	0	0	0	8232	0	572	0	146	0	1426	0	164	0	212	0	0	0	12942	0	0	0	0	0	0	0	0	0	0	0	2038	0	0	0	160	0	900	0	240	0	954	0	0	0	0	0	1356	0	160	0	1192	0	438	0	0	0	0	0	0	0	212	0	0	0	0	0	0	0	0	0	0	0	0	0	0	0	0	0	0	
29984	Amygdala_L	0	0	0	0	0	0	0	0	0	0	0	0	0	0	0	0	0	0	0	0	298	0	0	0	0	0	0	0	912	0	0	0	0	0	0	0	5826	0	1138	0	0	0	0	0	0	0	0	0	0	0	0	0	0	0	3512	0	0	0	0	0	0	0	0	0	0	0	0	0	0	0	0	0	516	0	0	0	0	0	0	0	0	0	470	0	0	0	0	0	2320	0	0	0	0	0	0	0	0	0	0	0	0	0	0	0	0	0	0	0	0	0	0	0	0	0	0	0	
66244	Amygdala_R	0	0	0	0	0	0	0	0	0	0	0	0	0	0	0	0	0	0	0	0	0	122	0	0	0	0	0	0	0	0	0	0	0	0	0	0	0	10062	0	8232	0	0	0	0	0	0	0	0	0	0	0	0	0	0	0	9610	0	0	0	0	0	0	0	0	0	0	0	0	0	0	0	0	0	1156	0	0	0	0	0	0	0	0	0	2352	0	0	0	998	0	590	0	0	0	0	0	0	0	0	0	0	0	0	0	0	0	0	0	0	0	0	0	0	0	0	0	0	
194192	Calcarine_L	368	0	0	0	0	0	0	0	0	0	126	0	0	0	0	0	394	0	0	0	0	0	0	0	0	0	0	0	574	0	0	0	0	0	910	0	238	0	0	0	0	0	0	7658	11034	5402	7256	1728	6410	3766	16960	194	2970	0	2738	0	1918	0	496	0	1226	0	1896	0	792	0	16382	0	1754	0	0	0	0	0	0	0	0	0	0	0	622	0	0	0	2520	0	0	0	764	0	0	0	0	0	0	0	0	0	0	0	0	0	0	0	0	0	0	0	0	0	0	0	0	0	0	0	
338480	Calcarine_R	0	144	0	1516	0	0	0	680	0	0	0	662	0	750	0	0	0	0	380	3034	0	0	0	154	0	0	0	0	0	616	0	0	290	4430	0	3304	0	1186	0	572	0	0	7658	0	1496	30602	238	23968	0	28288	154	14898	0	2468	0	5144	0	588	0	0	0	0	0	854	0	238	170	28348	604	1396	0	0	0	0	0	0	0	0	0	0	0	0	0	0	0	2958	0	0	0	676	0	334	0	0	0	0	0	142	0	176	0	0	0	0	0	0	0	0	0	0	124	0	0	0	0	0	
118864	Cuneus_L	660	0	170	0	0	0	112	0	0	0	0	0	0	0	0	0	210	0	0	0	0	0	0	0	0	0	0	0	644	0	0	0	0	0	1494	0	0	0	0	0	0	0	11034	1496	0	2602	164	0	12370	814	5462	0	0	0	0	0	858	0	1640	0	794	0	1442	0	392	0	12686	0	2086	0	0	0	0	0	0	0	0	0	0	0	570	0	0	0	1456	0	0	0	276	0	0	0	0	0	0	0	0	0	0	0	0	0	0	0	0	0	0	0	0	0	0	0	0	0	0	0	
289544	Cuneus_R	0	0	0	224	0	0	0	0	0	0	0	0	0	0	0	0	0	0	762	3180	0	0	0	0	0	0	0	0	0	0	0	0	470	6926	0	1558	0	376	0	146	0	0	5402	30602	2602	0	0	6240	0	39078	0	11036	0	1768	0	1310	0	140	0	1250	0	0	0	492	0	534	3830	24550	576	1268	0	0	0	0	0	0	0	0	0	0	0	0	0	0	0	218	0	0	0	234	0	0	0	0	0	0	0	0	0	0	0	0	0	0	0	0	0	0	0	0	0	0	0	0	0	0	
209100	Lingual_L	0	0	0	0	0	0	0	0	0	0	0	0	0	0	0	0	0	0	0	0	0	0	0	0	0	0	0	0	0	0	0	0	0	0	1186	442	1298	410	998	0	0	0	7256	238	164	0	0	2706	1260	0	12278	0	4110	284	17920	770	0	0	0	0	0	0	0	0	0	0	3786	0	0	0	0	0	0	0	0	0	126	0	0	0	0	0	0	0	0	0	0	0	138	0	7216	832	542	0	550	0	10096	1446	17588	1856	0	0	0	0	0	0	0	0	0	0	4266	2890	1750	148	0	0	
261824	Lingual_R	0	0	0	524	0	0	0	262	0	0	0	146	0	220	0	0	0	0	0	174	0	0	0	0	0	0	0	0	0	180	0	0	0	284	0	1610	124	1784	0	1426	0	0	1728	23968	0	6240	2706	0	0	9136	128	10990	0	3106	726	13268	0	130	0	0	0	0	0	158	0	0	0	7044	0	0	0	0	0	0	0	0	0	492	0	0	0	0	0	0	0	710	0	0	0	180	1674	3174	190	118	0	248	2776	7628	4514	7612	0	0	160	132	218	0	0	0	0	0	6870	5456	2292	278	128	0	
139556	Occipital_Sup_L	620	0	238	0	0	0	182	0	0	0	152	0	0	0	0	0	298	0	0	0	0	0	0	0	0	0	0	0	880	0	0	0	1188	0	0	0	0	0	0	0	0	0	6410	0	12370	0	1260	0	0	0	20880	0	768	0	190	0	1338	0	3482	0	1242	0	1352	0	738	0	4046	0	8532	0	0	0	0	0	0	0	0	0	294	0	360	0	0	0	2822	0	0	0	136	0	0	0	0	0	0	0	0	0	0	0	0	0	0	0	0	0	0	0	0	0	0	0	0	0	0	0	
321308	Occipital_Sup_R	0	0	0	874	0	0	0	0	0	0	0	0	0	0	0	0	0	0	722	4280	0	0	0	0	0	0	0	0	0	128	0	0	222	8290	0	1030	0	546	0	164	0	0	3766	28288	814	39078	0	9136	0	0	0	19844	0	2654	0	3738	0	0	0	3000	0	386	0	932	0	2998	2808	23794	128	330	0	0	0	142	0	0	0	0	0	0	0	186	0	0	0	770	0	0	0	906	0	144	0	0	0	0	0	256	0	300	0	0	0	0	0	0	0	0	0	0	0	0	0	0	0	0	
368196	Occipital_Mid_L	1180	0	1086	0	0	0	650	0	0	0	484	0	0	0	0	0	1026	0	448	0	0	0	0	0	0	0	0	0	3954	0	0	0	1688	0	178	0	204	0	214	0	0	0	16960	154	5462	0	12278	128	20880	0	0	0	16380	0	7036	0	6780	0	11070	0	18658	0	3726	0	19648	0	8614	0	6722	0	0	0	0	0	0	0	0	0	1470	0	1238	0	0	0	14094	0	0	0	1152	0	252	0	0	0	0	0	0	0	284	0	0	0	0	0	0	0	0	0	0	0	0	0	0	0	0	0	
231080	Occipital_Mid_R	0	0	0	160	0	0	0	0	0	0	0	0	0	0	0	0	0	120	0	258	0	0	0	0	0	0	0	0	0	0	0	0	0	2172	0	142	0	740	0	212	0	0	194	14898	0	11036	0	10990	0	19844	0	0	0	5156	0	7310	0	0	0	852	0	3056	0	5888	0	12128	772	10366	0	128	0	0	0	180	0	0	0	112	0	0	0	1210	0	0	0	4878	0	0	0	1020	0	306	0	0	0	0	0	546	0	866	0	0	0	0	0	0	0	0	0	0	0	0	0	0	0	0	
78796	Occipital_Inf_L	196	0	426	0	0	0	244	0	0	0	0	0	0	0	0	0	430	0	136	0	0	0	0	0	0	0	0	0	1790	0	0	0	0	0	0	0	290	0	0	0	0	0	2970	0	0	0	4110	0	768	0	16380	0	0	0	6708	0	124	0	0	0	276	0	290	0	176	0	704	0	142	0	0	0	0	0	0	0	0	0	622	0	190	0	0	0	1046	0	0	0	1196	0	0	0	0	0	0	0	0	0	184	0	0	0	0	0	0	0	0	0	0	0	0	0	0	0	0	0	
102320	Occipital_Inf_R	0	0	0	456	0	0	0	0	0	0	0	120	0	0	0	0	0	172	144	492	0	0	0	0	0	0	0	0	0	276	0	0	0	1096	0	0	0	3760	0	0	0	0	0	2468	0	1768	284	3106	0	2654	0	5156	0	0	0	10374	0	0	0	0	0	0	0	468	0	126	0	1888	0	0	0	0	0	1888	0	0	0	144	0	0	0	216	0	0	0	872	0	0	0	2728	340	1006	0	0	0	0	0	2060	446	4214	0	0	130	170	162	0	0	0	0	0	0	1094	642	240	0	0	
294368	Fusiform_L	256	0	782	0	0	0	374	0	0	0	242	0	0	0	0	0	166	0	246	0	0	0	0	0	0	0	0	0	3624	0	0	0	0	0	700	0	11758	0	2068	0	3512	0	2738	0	0	0	17920	726	190	0	7036	0	6708	0	0	0	0	0	0	0	0	0	0	0	0	0	2224	0	182	0	0	0	2228	0	180	0	342	0	1360	0	1504	0	978	0	2948	0	610	0	15948	0	15820	156	614	0	0	0	12374	740	25484	270	228	0	506	0	0	0	0	0	0	0	2474	738	230	0	0	0	
388764	Fusiform_R	0	0	0	1242	0	0	0	304	0	0	0	212	0	0	0	0	0	500	0	646	0	0	0	0	0	0	0	0	0	1058	0	0	0	556	0	144	0	26112	0	12942	0	9610	0	5144	0	1310	770	13268	0	3738	0	7310	0	10374	0	0	0	0	0	0	0	0	0	818	0	384	0	3516	0	0	0	0	0	6020	0	954	0	1192	0	0	0	364	0	4774	0	4920	0	3374	0	15002	810	7546	0	0	0	1298	230	14204	1322	21330	0	0	394	368	468	0	0	0	0	222	2894	4074	1788	668	208	0	
337264	Postcentral_L	37706	3788	5810	2450	0	116	4528	1930	0	0	7778	1082	356	126	0	0	11544	764	1684	2292	0	0	128	136	0	108	0	0	8126	1208	0	214	0	154	296	182	420	0	0	0	0	0	1918	0	858	0	0	0	1338	0	6780	0	124	0	0	0	0	700	5838	0	20964	0	9216	0	4492	0	2142	0	2690	0	9410	1466	1510	662	598	0	726	0	1556	128	1438	0	0	0	1152	0	0	0	0	0	0	0	0	0	0	0	0	0	0	0	0	0	0	0	0	0	0	0	0	0	0	0	0	0	0	0	
120216	Postcentral_R	616	13182	514	3532	0	0	0	942	0	0	0	1440	0	1056	0	0	0	1918	430	2886	0	0	0	410	0	0	0	0	0	916	0	176	0	986	0	4248	0	0	0	0	0	0	0	588	0	140	0	130	0	0	0	0	0	0	0	0	700	0	0	5470	0	3624	0	6534	0	764	0	2552	114	3626	346	1270	208	192	0	0	0	132	0	358	0	108	0	0	0	0	0	0	0	0	0	0	0	0	0	0	0	0	0	0	0	0	0	0	0	0	0	0	0	0	0	0	0	0	0	0	
83044	Parietal_Sup_L	0	0	0	0	0	0	0	0	0	0	0	0	0	0	0	0	0	0	0	0	0	0	0	0	0	0	0	0	0	0	0	0	676	0	0	0	0	0	0	0	0	0	496	0	1640	0	0	0	3482	0	11070	0	0	0	0	0	5838	0	0	0	8370	0	112	0	2522	0	6106	0	874	0	0	0	0	0	0	0	0	0	0	0	190	0	0	0	146	0	0	0	0	0	0	0	0	0	0	0	0	0	0	0	0	0	0	0	0	0	0	0	0	0	0	0	0	0	0	0	
50632	Parietal_Sup_R	0	0	0	0	0	0	0	0	0	0	0	0	0	0	0	0	0	0	0	0	0	0	0	0	0	0	0	0	0	0	0	0	0	428	0	0	0	0	0	0	0	0	0	0	0	1250	0	0	0	3000	0	852	0	0	0	0	0	5470	0	0	0	2930	0	266	0	2584	1330	6378	0	828	0	0	0	0	0	0	0	0	0	0	0	0	0	0	0	0	0	0	0	0	0	0	0	0	0	0	0	0	0	0	0	0	0	0	0	0	0	0	0	0	0	0	0	0	0	0	
226556	Parietal_Inf_L	4996	150	868	310	0	0	1178	0	0	0	2496	0	142	0	0	0	506	0	356	302	0	0	0	0	0	0	0	0	1874	0	0	0	0	0	0	0	164	0	0	0	0	0	1226	0	794	0	0	0	1242	0	18658	0	276	0	0	0	20964	0	8370	0	0	0	17282	0	22912	0	888	0	1176	0	428	0	700	0	164	0	182	0	344	0	484	0	0	0	3666	0	0	0	180	0	0	0	0	0	0	0	0	0	0	0	0	0	0	0	0	0	0	0	0	0	0	0	0	0	0	0	
39592	Parietal_Inf_R	0	0	0	114	0	0	0	0	0	0	0	150	0	0	0	0	0	0	0	0	0	0	0	0	0	0	0	0	0	0	0	0	0	0	0	0	0	0	0	0	0	0	0	0	0	0	0	0	0	386	0	3056	0	0	0	0	0	3624	0	2930	0	0	0	3614	0	5922	0	0	0	0	0	0	0	0	0	0	0	0	0	0	0	0	0	0	0	0	0	0	0	0	0	0	0	0	0	0	0	0	0	0	0	0	0	0	0	0	0	0	0	0	0	0	0	0	0	0	
161488	SupraMarginal_L	1808	0	0	246	0	0	0	0	0	0	860	0	0	0	0	0	1334	0	0	180	0	0	0	0	0	0	0	0	1888	0	0	0	0	0	0	0	134	0	0	0	0	0	1896	0	1442	0	0	0	1352	0	3726	0	290	0	0	0	9216	0	112	0	17282	0	0	0	15038	0	1668	0	1630	0	182	0	478	0	0	0	0	0	272	0	4878	0	0	0	13066	0	0	0	1766	0	0	0	0	0	0	0	0	0	0	0	0	0	0	0	0	0	0	0	0	0	0	0	0	0	0	0	
123844	SupraMarginal_R	0	1108	0	870	0	0	0	258	0	0	0	654	0	190	0	0	0	2400	0	794	0	0	0	0	0	0	0	0	0	152	0	0	0	854	0	984	0	0	0	0	0	0	0	854	0	492	0	158	0	932	0	5888	0	468	0	818	0	6534	0	266	0	3614	0	0	0	6826	0	2214	0	148	154	0	0	0	0	0	0	0	0	442	0	9604	0	0	0	9356	0	0	0	4890	0	0	0	0	0	0	0	0	0	0	0	0	0	0	0	0	0	0	0	0	0	0	0	0	0	0	
170640	Angular_L	664	0	194	0	0	0	0	0	0	0	314	0	0	0	0	0	280	0	140	0	0	0	0	0	0	0	0	0	1006	0	0	0	0	0	0	0	0	0	0	0	0	0	792	0	392	0	0	0	738	0	19648	0	176	0	0	0	4492	0	2522	0	22912	0	15038	0	0	0	650	0	684	0	142	0	164	0	0	0	0	0	178	0	688	0	0	0	11902	0	0	0	1604	0	0	0	0	0	0	0	0	0	0	0	0	0	0	0	0	0	0	0	0	0	0	0	0	0	0	0	
83276	Angular_R	0	0	0	122	0	0	0	0	0	0	0	0	0	0	0	0	0	220	0	108	0	0	0	0	0	0	0	0	0	0	0	0	0	210	0	0	0	0	0	0	0	0	0	238	0	534	0	0	0	2998	0	12128	0	126	0	384	0	764	0	2584	0	5922	0	6826	0	0	118	866	0	0	0	0	0	0	0	0	0	0	0	0	0	3838	0	0	0	2438	0	0	0	1214	0	0	0	0	0	0	0	0	0	0	0	0	0	0	0	0	0	0	0	0	0	0	0	0	0	0	
198308	Precuneus_L	1160	0	1138	0	0	0	710	0	0	0	274	0	0	0	0	0	228	0	310	0	0	0	0	0	0	0	0	0	1792	0	0	0	1918	0	6622	814	912	554	136	0	0	0	16382	170	12686	3830	3786	0	4046	2808	8614	772	704	0	2224	0	2142	0	6106	1330	888	0	1668	0	650	118	0	6446	3152	0	0	0	126	0	0	0	0	0	824	0	602	0	0	0	1842	0	0	0	670	0	0	0	0	0	0	0	0	0	0	0	0	0	0	0	0	0	0	0	0	0	0	0	0	0	0	0	
389520	Precuneus_R	0	260	0	3470	0	0	0	1148	0	0	0	1078	0	1324	0	0	0	120	1540	11298	0	0	0	274	0	0	0	0	0	1284	0	0	1218	19480	464	12412	454	4676	0	2038	0	0	0	28348	0	24550	0	7044	0	23794	0	10366	0	1888	0	3516	0	2552	0	6378	0	0	0	2214	0	866	6446	0	1746	5646	188	112	0	188	0	0	0	540	0	0	0	360	0	0	0	2178	0	0	0	1954	0	0	0	0	0	0	0	0	0	0	0	0	0	0	0	0	0	0	0	0	1348	0	0	0	0	0	
142888	Paracentral_Lobule_L	13158	0	1842	860	0	0	230	0	0	0	162	0	0	0	0	0	374	0	3410	3180	0	0	0	0	0	0	0	0	1028	0	0	0	4338	2030	1692	372	0	0	0	0	0	0	1754	604	2086	576	0	0	8532	128	6722	0	142	0	182	0	2690	114	874	0	1176	0	1630	0	684	0	3152	1746	0	2196	0	196	172	0	114	0	0	0	302	0	576	0	0	0	2226	0	0	0	194	0	0	0	0	0	0	0	0	0	0	0	0	0	0	0	0	0	0	0	0	0	0	0	0	0	0	0	
66992	Paracentral_Lobule_R	0	804	0	234	0	0	0	0	0	0	0	0	0	0	0	0	0	0	0	6460	0	0	0	0	0	0	0	0	0	0	0	0	962	6614	0	2856	0	0	0	0	0	0	0	1396	0	1268	0	0	0	330	0	128	0	0	0	0	0	3626	0	828	0	0	0	148	0	0	0	5646	2196	0	0	0	0	0	0	0	0	0	0	0	0	0	0	0	0	0	0	0	0	0	0	0	0	0	0	0	0	0	0	0	0	0	0	0	0	0	0	0	0	0	0	0	0	0	0	0	
475764	Caudate_L	9104	1706	13912	6894	792	3336	1998	2652	434	0	9126	8928	3230	1222	144	150	10682	948	10030	6772	8300	9490	1588	1030	346	1246	1046	3916	14340	10898	7380	5294	0	1246	0	802	528	0	0	0	0	0	0	0	0	0	0	0	0	0	0	0	0	0	0	0	9410	346	0	0	428	0	182	154	142	0	0	188	0	0	0	17674	20260	3832	3514	722	13572	1408	778	0	4450	0	1312	0	0	0	0	0	0	0	0	0	0	0	0	0	0	0	0	0	0	0	0	0	0	0	0	0	0	0	0	0	0	0	0	0	
485364	Caudate_R	1790	1530	1860	25096	0	10304	324	366	0	1094	3312	11912	1970	2068	0	1138	1934	8026	1216	29270	3766	6022	1436	3232	0	8612	0	3242	4432	19026	2922	13344	0	3712	256	334	146	996	120	160	0	0	0	0	0	0	0	0	0	0	0	0	0	0	0	0	1466	1270	0	0	0	0	0	0	0	0	0	112	196	0	17674	0	4590	18446	1046	2698	234	18028	172	238	1370	0	174	0	0	0	0	0	0	0	0	0	0	0	0	0	0	0	0	0	0	0	0	0	0	0	0	0	0	0	0	0	0	0	0	0	
508696	Putamen_L	1628	862	41262	2264	12770	2308	12422	1654	6696	0	2984	1786	1626	208	6792	0	2286	196	16668	4678	5874	5966	2200	120	400	842	944	2856	20684	1044	7842	2334	120	456	158	258	9554	0	1998	0	516	0	0	0	0	0	0	0	0	0	0	0	0	0	2228	0	1510	208	0	0	700	0	478	0	164	0	126	0	172	0	20260	4590	0	1970	24042	322	8610	354	940	0	1336	0	1962	0	0	0	0	0	1000	0	0	0	0	0	0	0	120	0	0	0	0	0	0	0	0	0	0	0	0	0	0	0	0	0	0	0	
309364	Putamen_R	1252	164	1570	16378	0	8740	584	1226	0	1776	324	5696	144	1136	0	2072	604	3704	650	14036	1558	2116	276	1270	0	5496	0	1760	594	19258	992	4514	0	2506	0	0	0	8670	0	900	0	1156	0	0	0	0	0	0	0	142	0	180	0	1888	0	6020	662	192	0	0	0	0	0	0	0	0	0	188	0	0	3832	18446	1970	0	656	3334	0	3540	0	0	150	206	0	0	0	378	0	0	0	1776	0	0	0	0	0	0	0	0	0	0	0	0	0	0	0	0	0	0	0	0	0	0	0	0	0	0	
156440	Pallidum_L	778	242	19768	1330	0	108	6758	220	0	0	312	0	0	0	0	0	382	0	4066	3656	372	942	0	0	0	0	0	114	308	0	0	128	0	144	122	120	2130	0	868	0	0	0	0	0	0	0	0	0	0	0	0	0	0	0	180	0	598	0	0	0	164	0	0	0	0	0	0	0	114	0	3514	1046	24042	656	0	282	4502	254	0	0	0	0	0	0	0	0	0	0	0	0	0	0	0	0	0	0	0	0	0	0	0	0	0	0	0	0	0	0	0	0	0	0	0	0	0	0	
34660	Pallidum_R	0	0	168	2862	0	0	0	0	0	0	0	0	0	0	0	0	0	316	0	2826	0	662	0	0	0	0	0	0	0	322	0	0	0	0	0	0	0	1432	0	240	0	0	0	0	0	0	0	0	0	0	0	0	0	0	0	954	0	0	0	0	0	0	0	0	0	0	0	0	0	0	722	2698	322	3334	282	0	0	190	0	0	0	0	0	0	0	0	0	0	0	0	0	0	0	0	0	0	0	0	0	0	0	0	0	0	0	0	0	0	0	0	0	0	0	0	0	0	
136236	Thalamus_L	916	198	16152	842	0	0	1706	314	0	0	122	0	0	0	0	0	144	0	11894	350	0	0	0	0	0	0	0	0	278	0	0	0	0	0	0	0	4062	360	194	0	0	0	0	0	0	0	126	0	0	0	0	0	0	0	342	0	726	0	0	0	182	0	0	0	0	0	0	0	0	0	13572	234	8610	0	4502	0	0	2292	0	0	0	0	0	0	0	0	0	0	0	0	0	0	0	0	0	0	0	0	0	0	0	0	0	0	0	0	0	0	0	0	0	0	0	0	0	0	
154752	Thalamus_R	686	378	1086	16698	0	0	498	1398	0	0	0	600	0	0	0	0	0	258	394	14978	0	0	0	0	0	0	0	0	0	598	0	0	0	0	992	1326	2066	5470	204	954	0	0	0	0	0	0	0	492	0	0	0	112	0	144	0	1192	0	132	0	0	0	0	0	0	0	0	0	540	0	0	1408	18028	354	3540	254	190	2292	0	0	0	0	0	0	0	0	0	0	0	0	114	0	0	0	0	0	0	0	0	0	0	0	0	0	0	0	0	0	0	0	0	0	0	0	0	0	0	
82048	Heschl_L	2116	0	3472	398	0	0	1470	0	0	0	1712	0	448	0	0	0	3392	0	2048	552	0	0	574	270	0	0	0	0	10424	220	0	316	0	246	792	0	0	0	0	0	0	0	0	0	0	0	0	0	294	0	1470	0	622	0	1360	0	1556	0	0	0	344	0	272	0	178	0	824	0	302	0	778	172	940	0	0	0	0	0	0	0	2318	0	0	0	768	0	0	0	376	0	0	0	0	0	0	0	0	0	0	0	0	0	0	0	0	0	0	0	0	0	0	0	0	0	0	0	
14872	Heschl_R	0	0	0	308	0	0	0	0	0	0	0	0	0	0	0	0	0	3444	0	116	0	0	0	0	0	0	0	0	0	1056	0	0	0	0	0	0	0	0	0	0	0	0	0	0	0	0	0	0	0	0	0	0	0	0	0	0	128	358	0	0	0	0	0	442	0	0	0	0	0	0	0	238	0	0	0	0	0	0	0	0	0	1346	0	0	0	0	0	0	0	0	0	0	0	0	0	0	0	0	0	0	0	0	0	0	0	0	0	0	0	0	0	0	0	0	0	0	
176112	Temporal_Sup_L	1318	0	2232	518	0	0	428	0	0	0	6988	424	194	132	0	0	10226	0	1612	810	0	0	158	490	0	0	0	0	12270	1530	0	646	0	584	0	230	958	0	0	0	0	0	622	0	570	0	0	0	360	0	1238	0	190	0	1504	0	1438	0	190	0	484	0	4878	0	688	0	602	0	576	0	4450	1370	1336	150	0	0	0	0	2318	0	0	0	3450	0	13994	0	536	0	5364	0	0	0	0	0	0	0	0	0	0	0	0	0	0	0	0	0	0	0	0	0	0	0	0	0	0	0	
78664	Temporal_Sup_R	0	0	0	932	0	0	0	454	0	0	0	0	0	168	0	0	0	1872	0	360	0	0	0	0	0	0	0	0	0	1866	0	0	0	168	0	486	0	1120	0	0	0	0	0	0	0	0	0	0	0	186	0	1210	0	216	0	364	0	108	0	0	0	0	0	9604	0	3838	0	360	0	0	0	0	0	206	0	0	0	0	0	1346	0	0	0	3074	0	8974	0	466	0	1954	0	0	0	0	0	0	0	0	0	0	0	0	0	0	0	0	0	0	0	0	0	0	0	0	0	0	
70440	Temporal_Pole_Sup_L	0	0	334	0	1026	0	0	0	130	0	2650	228	664	0	1566	0	556	0	260	0	490	0	0	0	0	0	206	0	5210	312	0	0	0	0	0	0	442	0	500	0	470	0	0	0	0	0	0	0	0	0	0	0	0	0	978	0	0	0	0	0	0	0	0	0	0	0	0	0	0	0	1312	174	1962	0	0	0	0	0	0	0	3450	0	0	0	5164	0	3836	0	3300	0	0	0	0	0	0	0	0	0	0	0	0	0	0	0	0	0	0	0	0	0	0	0	0	0	0	0	
51824	Temporal_Pole_Sup_R	0	0	0	0	0	0	0	0	0	0	0	208	0	0	0	0	0	174	0	0	0	328	0	0	0	0	0	0	0	856	0	0	0	0	0	0	0	0	0	1356	0	2352	0	0	0	0	0	0	0	0	0	0	0	0	0	4774	0	0	0	0	0	0	0	0	0	0	0	0	0	0	0	0	0	0	0	0	0	0	0	0	0	3074	0	0	0	2834	0	7034	0	2922	0	0	0	0	0	0	0	0	0	0	0	0	0	0	0	0	0	0	0	0	0	0	0	0	0	0	
217296	Temporal_Mid_L	378	0	358	0	0	0	266	0	0	0	128	0	0	0	0	0	422	0	112	0	0	0	0	0	0	0	0	0	1076	0	0	0	0	0	0	0	0	0	0	0	0	0	2520	0	1456	0	0	0	2822	0	14094	0	1046	0	2948	0	1152	0	146	0	3666	0	13066	0	11902	0	1842	0	2226	0	0	0	0	0	0	0	0	0	768	0	13994	0	5164	0	0	0	4464	0	22632	0	0	0	0	0	0	0	0	0	0	0	0	0	0	0	0	0	0	0	0	0	0	0	0	0	0	0	
129780	Temporal_Mid_R	0	0	0	402	0	0	0	176	0	0	0	0	0	0	0	0	0	278	0	446	0	0	0	0	0	0	0	0	0	322	0	0	0	424	0	268	0	3488	0	160	0	0	0	2958	0	218	0	710	0	770	0	4878	0	872	0	4920	0	0	0	0	0	0	0	9356	0	2438	0	2178	0	0	0	0	0	378	0	0	0	0	0	0	0	8974	0	2834	0	0	0	2626	0	14816	0	0	0	0	0	0	0	0	0	0	0	0	0	0	0	0	0	0	0	0	0	0	0	0	0	0	
25860	Temporal_Pole_Mid_L	0	0	0	0	0	0	0	0	0	0	0	0	0	0	0	0	0	0	0	0	0	0	0	0	0	0	0	0	0	0	0	0	0	0	0	0	0	0	476	0	0	0	0	0	0	0	0	0	0	0	0	0	0	0	610	0	0	0	0	0	0	0	0	0	0	0	0	0	0	0	0	0	0	0	0	0	0	0	0	0	536	0	3836	0	4464	0	0	0	3008	0	0	0	0	0	0	0	0	0	0	0	0	0	0	0	0	0	0	0	0	0	0	0	0	0	0	0	
37292	Temporal_Pole_Mid_R	0	0	0	0	0	0	0	0	0	0	0	0	0	0	0	0	0	0	0	0	0	0	0	0	0	0	0	0	0	0	0	0	0	0	0	0	0	0	0	1192	0	998	0	0	0	0	0	0	0	0	0	0	0	0	0	3374	0	0	0	0	0	0	0	0	0	0	0	0	0	0	0	0	0	0	0	0	0	0	0	0	0	466	0	7034	0	2626	0	0	0	2956	0	0	0	0	0	0	0	0	0	0	0	0	0	0	0	0	0	0	0	0	0	0	0	0	0	0	
152688	Temporal_Inf_L	0	0	262	0	0	0	112	0	0	0	144	0	0	0	0	0	182	0	126	0	0	0	0	0	0	0	0	0	3288	0	0	0	0	0	0	0	7824	0	338	0	2320	0	764	0	276	0	138	0	136	0	1152	0	1196	0	15948	0	0	0	0	0	180	0	1766	0	1604	0	670	0	194	0	0	0	1000	0	0	0	0	0	376	0	5364	0	3300	0	22632	0	3008	0	0	0	1598	0	186	0	0	0	0	0	260	0	0	0	0	0	0	0	0	0	0	0	0	0	0	0	0	0	
130864	Temporal_Inf_R	0	0	0	784	0	0	0	260	0	0	0	0	0	0	0	0	0	400	0	780	0	0	0	0	0	0	0	0	0	272	0	0	0	946	0	258	0	7136	0	438	0	590	0	676	0	234	0	180	0	906	0	1020	0	2728	0	15002	0	0	0	0	0	0	0	4890	0	1214	0	1954	0	0	0	0	0	1776	0	0	0	114	0	0	0	1954	0	2922	0	14816	0	2956	0	0	0	226	0	0	0	0	0	0	0	0	0	0	0	0	0	0	0	0	0	0	0	0	0	0	0	0	
341000	Cerebelum_Crus1_L	0	0	0	0	0	0	0	0	0	0	0	0	0	0	0	0	0	0	0	0	0	0	0	0	0	0	0	0	0	0	0	0	0	0	0	0	0	0	0	0	0	0	0	0	0	0	7216	1674	0	0	252	0	0	340	15820	810	0	0	0	0	0	0	0	0	0	0	0	0	0	0	0	0	0	0	0	0	0	0	0	0	0	0	0	0	0	0	0	0	1598	0	0	2918	28982	1608	1024	0	14972	738	48254	3090	9446	0	16146	266	4092	0	474	0	0	0	1502	2018	6108	742	410	0	
401904	Cerebelum_Crus1_R	0	0	0	0	0	0	0	0	0	0	0	0	0	0	0	0	0	0	0	0	0	0	0	0	0	0	0	0	0	0	0	0	0	0	0	0	0	0	0	0	0	0	0	334	0	0	832	3174	0	144	0	306	0	1006	156	7546	0	0	0	0	0	0	0	0	0	0	0	0	0	0	0	0	0	0	0	0	0	0	0	0	0	0	0	0	0	0	0	0	0	226	2918	0	6824	34850	0	6838	440	19572	2418	55178	1492	6200	3946	16118	736	2832	0	660	164	1566	2852	2488	10552	6490	1420	674	
261484	Cerebelum_Crus2_L	0	0	0	0	0	0	0	0	0	0	0	0	0	0	0	0	0	0	0	0	0	0	0	0	0	0	0	0	0	0	0	0	0	0	0	0	0	0	0	0	0	0	0	0	0	0	542	190	0	0	0	0	0	0	614	0	0	0	0	0	0	0	0	0	0	0	0	0	0	0	0	0	0	0	0	0	0	0	0	0	0	0	0	0	0	0	0	0	186	0	28982	6824	0	9928	158	0	728	156	4148	2220	25474	876	29226	2342	5834	0	0	0	0	0	116	130	6816	5142	110	0	
294660	Cerebelum_Crus2_R	0	0	0	0	0	0	0	0	0	0	0	0	0	0	0	0	0	0	0	0	0	0	0	0	0	0	0	0	0	0	0	0	0	0	0	0	0	0	0	0	0	0	0	0	0	0	0	118	0	0	0	0	0	0	0	0	0	0	0	0	0	0	0	0	0	0	0	0	0	0	0	0	0	0	0	0	0	0	0	0	0	0	0	0	0	0	0	0	0	0	1608	34850	9928	0	0	278	152	1398	436	10084	3190	25884	5294	29830	262	5666	0	202	0	772	1340	232	7732	7664	270	140	
19400	Cerebelum_3_L	0	0	0	0	0	0	0	0	0	0	0	0	0	0	0	0	0	0	0	0	0	0	0	0	0	0	0	0	0	0	0	0	0	0	0	0	128	0	190	0	0	0	0	0	0	0	550	0	0	0	0	0	0	0	0	0	0	0	0	0	0	0	0	0	0	0	0	0	0	0	0	0	0	0	0	0	0	0	0	0	0	0	0	0	0	0	0	0	0	0	1024	0	158	0	0	0	3754	0	1236	0	206	0	222	0	1124	0	0	0	468	398	242	0	0	0	0	0	
56640	Cerebelum_3_R	0	0	0	0	0	0	0	0	0	0	0	0	0	0	0	0	0	0	0	0	0	0	0	0	0	0	0	0	0	0	0	0	0	0	0	0	0	0	0	0	0	0	0	0	0	0	0	248	0	0	0	0	0	0	0	1298	0	0	0	0	0	0	0	0	0	0	0	0	0	0	0	0	0	0	0	0	0	0	0	0	0	0	0	0	0	0	0	0	0	0	0	6838	0	278	0	0	0	7962	0	8284	0	0	0	0	0	520	0	0	368	2330	194	0	0	0	0	0	
208344	Cerebelum_4_5_L	0	0	0	0	0	0	0	0	0	0	0	0	0	0	0	0	0	0	0	0	0	0	0	0	0	0	0	0	0	0	0	0	0	0	0	0	356	0	416	0	0	0	0	0	0	0	10096	2776	0	0	0	0	0	0	12374	230	0	0	0	0	0	0	0	0	0	0	0	0	0	0	0	0	120	0	0	0	0	0	0	0	0	0	0	0	0	0	0	0	0	0	14972	440	728	152	3754	0	0	3214	31888	940	596	0	918	118	2870	242	176	0	0	180	11766	2898	236	766	744	206	
229084	Cerebelum_4_5_R	0	0	0	0	0	0	0	0	0	0	0	0	0	0	0	0	0	0	0	0	0	0	0	0	0	0	0	0	0	0	0	0	0	0	0	0	0	0	0	212	0	0	0	142	0	0	1446	7628	0	256	0	546	0	2060	740	14204	0	0	0	0	0	0	0	0	0	0	0	0	0	0	0	0	0	0	0	0	0	0	0	0	0	0	0	0	0	0	0	0	0	0	738	19572	156	1398	0	7962	3214	0	3288	32398	0	118	184	734	236	114	0	0	0	1744	10868	2904	724	624	194	138	
359168	Cerebelum_6_L	0	0	0	0	0	0	0	0	0	0	0	0	0	0	0	0	0	0	0	0	0	0	0	0	0	0	0	0	0	0	0	0	0	0	0	0	0	0	0	0	0	0	0	0	0	0	17588	4514	0	0	284	0	184	446	25484	1322	0	0	0	0	0	0	0	0	0	0	0	0	0	0	0	0	0	0	0	0	0	0	0	0	0	0	0	0	0	0	0	0	260	0	48254	2418	4148	436	1236	0	31888	3288	0	4430	4304	0	5440	204	1690	122	630	0	0	120	9394	6062	3882	804	580	172	
396076	Cerebelum_6_R	0	0	0	0	0	0	0	0	0	0	0	0	0	0	0	0	0	0	0	0	0	0	0	0	0	0	0	0	0	0	0	0	0	0	0	0	0	0	0	0	0	0	0	176	0	0	1856	7612	0	300	0	866	0	4214	270	21330	0	0	0	0	0	0	0	0	0	0	0	0	0	0	0	0	0	0	0	0	0	0	0	0	0	0	0	0	0	0	0	0	0	0	3090	55178	2220	10084	0	8284	940	32398	4430	0	118	1250	1830	5488	1218	1026	0	802	182	2378	6554	8144	9394	3992	1738	676	
166488	Cerebelum_7b_L	0	0	0	0	0	0	0	0	0	0	0	0	0	0	0	0	0	0	0	0	0	0	0	0	0	0	0	0	0	0	0	0	0	0	0	0	0	0	0	0	0	0	0	0	0	0	0	0	0	0	0	0	0	0	228	0	0	0	0	0	0	0	0	0	0	0	0	0	0	0	0	0	0	0	0	0	0	0	0	0	0	0	0	0	0	0	0	0	0	0	9446	1492	25474	3190	206	0	596	0	4304	118	0	1334	25680	2046	3608	0	398	0	0	0	0	0	976	4148	0	0	
134428	Cerebelum_7b_R	0	0	0	0	0	0	0	0	0	0	0	0	0	0	0	0	0	0	0	0	0	0	0	0	0	0	0	0	0	0	0	0	0	0	0	0	0	0	0	0	0	0	0	0	0	0	0	0	0	0	0	0	0	0	0	0	0	0	0	0	0	0	0	0	0	0	0	0	0	0	0	0	0	0	0	0	0	0	0	0	0	0	0	0	0	0	0	0	0	0	0	6200	876	25884	0	0	0	118	0	1250	1334	0	1784	22590	0	4788	0	0	0	0	0	0	0	2390	0	0	
247836	Cerebelum_8_L	0	0	0	0	0	0	0	0	0	0	0	0	0	0	0	0	0	0	0	0	0	0	0	0	0	0	0	0	0	0	0	0	0	0	0	0	0	0	0	0	0	0	0	0	0	0	0	160	0	0	0	0	0	130	506	394	0	0	0	0	0	0	0	0	0	0	0	0	0	0	0	0	0	0	0	0	0	0	0	0	0	0	0	0	0	0	0	0	0	0	16146	3946	29226	5294	222	0	918	184	5440	1830	25680	1784	0	3982	12760	196	1062	0	0	0	292	1354	3250	8030	1132	0	
216372	Cerebelum_8_R	0	0	0	0	0	0	0	0	0	0	0	0	0	0	0	0	0	0	0	0	0	0	0	0	0	0	0	0	0	0	0	0	0	0	0	0	0	0	0	0	0	0	0	0	0	0	0	132	0	0	0	0	0	170	0	368	0	0	0	0	0	0	0	0	0	0	0	0	0	0	0	0	0	0	0	0	0	0	0	0	0	0	0	0	0	0	0	0	0	0	266	16118	2342	29830	0	0	118	734	204	5488	2046	22590	3982	0	306	12530	0	608	0	0	386	410	2560	6132	866	0	
90932	Cerebelum_9_L	0	0	0	0	0	0	0	0	0	0	0	0	0	0	0	0	0	0	0	0	0	0	0	0	0	0	0	0	0	0	0	0	0	0	0	0	0	0	0	0	0	0	0	0	0	0	0	218	0	0	0	0	0	162	0	468	0	0	0	0	0	0	0	0	0	0	0	0	0	0	0	0	0	0	0	0	0	0	0	0	0	0	0	0	0	0	0	0	0	0	4092	736	5834	262	1124	0	2870	236	1690	1218	3608	0	12760	306	0	170	2260	0	142	204	2524	2124	692	914	686	166	
82468	Cerebelum_9_R	0	0	0	0	0	0	0	0	0	0	0	0	0	0	0	0	0	0	0	0	0	0	0	0	0	0	0	0	0	0	0	0	0	0	0	0	0	0	0	0	0	0	0	0	0	0	0	0	0	0	0	0	0	0	0	0	0	0	0	0	0	0	0	0	0	0	0	0	0	0	0	0	0	0	0	0	0	0	0	0	0	0	0	0	0	0	0	0	0	0	0	2832	0	5666	0	520	242	114	122	1026	0	4788	196	12530	170	0	0	2764	454	722	1462	1152	610	1470	2592	1802	
10228	Cerebelum_10_L	0	0	0	0	0	0	0	0	0	0	0	0	0	0	0	0	0	0	0	0	0	0	0	0	0	0	0	0	0	0	0	0	0	0	0	0	0	0	0	0	0	0	0	0	0	0	0	0	0	0	0	0	0	0	0	0	0	0	0	0	0	0	0	0	0	0	0	0	0	0	0	0	0	0	0	0	0	0	0	0	0	0	0	0	0	0	0	0	0	0	474	0	0	0	0	0	176	0	630	0	398	0	1062	0	2260	0	0	0	0	0	114	0	0	0	0	0	
13400	Cerebelum_10_R	0	0	0	0	0	0	0	0	0	0	0	0	0	0	0	0	0	0	0	0	0	0	0	0	0	0	0	0	0	0	0	0	0	0	0	0	0	0	0	0	0	0	0	0	0	0	0	0	0	0	0	0	0	0	0	0	0	0	0	0	0	0	0	0	0	0	0	0	0	0	0	0	0	0	0	0	0	0	0	0	0	0	0	0	0	0	0	0	0	0	0	660	0	202	0	0	0	0	0	802	0	0	0	608	0	2764	0	0	0	140	332	230	0	0	402	560	
11312	Vermis_1_2	0	0	0	0	0	0	0	0	0	0	0	0	0	0	0	0	0	0	0	0	0	0	0	0	0	0	0	0	0	0	0	0	0	0	0	0	0	0	0	0	0	0	0	0	0	0	0	0	0	0	0	0	0	0	0	0	0	0	0	0	0	0	0	0	0	0	0	0	0	0	0	0	0	0	0	0	0	0	0	0	0	0	0	0	0	0	0	0	0	0	0	164	0	0	468	368	0	0	0	182	0	0	0	0	142	454	0	0	0	3502	168	0	0	0	0	208	
31912	Vermis_3	0	0	0	0	0	0	0	0	0	0	0	0	0	0	0	0	0	0	0	0	0	0	0	0	0	0	0	0	0	0	0	0	0	0	0	0	0	0	0	0	0	0	0	0	0	0	0	0	0	0	0	0	0	0	0	222	0	0	0	0	0	0	0	0	0	0	0	0	0	0	0	0	0	0	0	0	0	0	0	0	0	0	0	0	0	0	0	0	0	0	0	1566	0	772	398	2330	180	1744	120	2378	0	0	0	0	204	722	0	140	3502	0	1420	0	0	0	0	258	
165864	Vermis_4_5	0	0	0	0	0	0	0	0	0	0	0	0	0	0	0	0	0	0	0	0	0	0	0	0	0	0	0	0	0	0	0	0	0	0	0	806	0	330	0	0	0	0	0	124	0	0	4266	6870	0	0	0	0	0	0	2474	2894	0	0	0	0	0	0	0	0	0	0	0	1348	0	0	0	0	0	0	0	0	0	0	0	0	0	0	0	0	0	0	0	0	0	0	1502	2852	116	1340	242	194	11766	10868	9394	6554	0	0	292	386	2524	1462	114	332	168	1420	0	6306	940	1758	1886	1404	
118044	Vermis_6	0	0	0	0	0	0	0	0	0	0	0	0	0	0	0	0	0	0	0	0	0	0	0	0	0	0	0	0	0	0	0	0	0	0	0	0	0	0	0	0	0	0	0	0	0	0	2890	5456	0	0	0	0	0	1094	738	4074	0	0	0	0	0	0	0	0	0	0	0	0	0	0	0	0	0	0	0	0	0	0	0	0	0	0	0	0	0	0	0	0	0	0	2018	2488	130	232	0	0	2898	2904	6062	8144	0	0	1354	410	2124	1152	0	230	0	0	6306	0	3702	2014	2090	512	
145952	Vermis_7	0	0	0	0	0	0	0	0	0	0	0	0	0	0	0	0	0	0	0	0	0	0	0	0	0	0	0	0	0	0	0	0	0	0	0	0	0	0	0	0	0	0	0	0	0	0	1750	2292	0	0	0	0	0	642	230	1788	0	0	0	0	0	0	0	0	0	0	0	0	0	0	0	0	0	0	0	0	0	0	0	0	0	0	0	0	0	0	0	0	0	0	6108	10552	6816	7732	0	0	236	724	3882	9394	976	0	3250	2560	692	610	0	0	0	0	940	3702	0	5814	2286	0	
