data	data	702820	351988	1.10618e+06	761284	127832	99756	648128	350992	74976	21636	208332	230440	246764	137236	177144	43664	170164	81684	895584	713972	68616	89604	370740	343804	43172	87368	53972	84216	530728	244992	365460	388316	212352	516052	126716	188248	244736	281812	74880	154232	28236	46436	196784	234364	161360	185024	254220	246428	92968	215904	442724	197232	118516	98444	377296	370912	349584	192972	96224	28352	215704	133072	108080	154124	167744	134640	308944	283120	309380	131084	404244	404000	464972	304648	82156	40124	194516	186776	100616	30004	185052	97924	79852	28068	331232	166928	29632	1252	269496	179928	480436	423676	277840	282868	71352	71360	395800	228916	548608	448108	204844	164524	286228	318344	201748	189940	27136	3732	25744	61736	250372	253868	221596	146016	121744	33272	
data	data	Precentral_L	Precentral_R	Frontal_Sup_L	Frontal_Sup_R	Frontal_Sup_Orb_L	Frontal_Sup_Orb_R	Frontal_Mid_L	Frontal_Mid_R	Frontal_Mid_Orb_L	Frontal_Mid_Orb_R	Frontal_Inf_Oper_L	Frontal_Inf_Oper_R	Frontal_Inf_Tri_L	Frontal_Inf_Tri_R	Frontal_Inf_Orb_L	Frontal_Inf_Orb_R	Rolandic_Oper_L	Rolandic_Oper_R	Supp_Motor_Area_L	Supp_Motor_Area_R	Olfactory_L	Olfactory_R	Frontal_Sup_Medial_L	Frontal_Sup_Medial_R	Frontal_Med_Orb_L	Frontal_Med_Orb_R	Rectus_L	Rectus_R	Insula_L	Insula_R	Cingulum_Ant_L	Cingulum_Ant_R	Cingulum_Mid_L	Cingulum_Mid_R	Cingulum_Post_L	Cingulum_Post_R	Hippocampus_L	Hippocampus_R	ParaHippocampal_L	ParaHippocampal_R	Amygdala_L	Amygdala_R	Calcarine_L	Calcarine_R	Cuneus_L	Cuneus_R	Lingual_L	Lingual_R	Occipital_Sup_L	Occipital_Sup_R	Occipital_Mid_L	Occipital_Mid_R	Occipital_Inf_L	Occipital_Inf_R	Fusiform_L	Fusiform_R	Postcentral_L	Postcentral_R	Parietal_Sup_L	Parietal_Sup_R	Parietal_Inf_L	Parietal_Inf_R	SupraMarginal_L	SupraMarginal_R	Angular_L	Angular_R	Precuneus_L	Precuneus_R	Paracentral_Lobule_L	Paracentral_Lobule_R	Caudate_L	Caudate_R	Putamen_L	Putamen_R	Pallidum_L	Pallidum_R	Thalamus_L	Thalamus_R	Heschl_L	Heschl_R	Temporal_Sup_L	Temporal_Sup_R	Temporal_Pole_Sup_L	Temporal_Pole_Sup_R	Temporal_Mid_L	Temporal_Mid_R	Temporal_Pole_Mid_L	Temporal_Pole_Mid_R	Temporal_Inf_L	Temporal_Inf_R	Cerebelum_Crus1_L	Cerebelum_Crus1_R	Cerebelum_Crus2_L	Cerebelum_Crus2_R	Cerebelum_3_L	Cerebelum_3_R	Cerebelum_4_5_L	Cerebelum_4_5_R	Cerebelum_6_L	Cerebelum_6_R	Cerebelum_7b_L	Cerebelum_7b_R	Cerebelum_8_L	Cerebelum_8_R	Cerebelum_9_L	Cerebelum_9_R	Cerebelum_10_L	Cerebelum_10_R	Vermis_1_2	Vermis_3	Vermis_4_5	Vermis_6	Vermis_7	Vermis_8	Vermis_9	Vermis_10	
702820	Precentral_L	0	9534	25822	3720	0	0	30536	6446	0	0	19436	2942	1434	0	0	0	6716	0	23472	10226	0	0	0	0	0	0	0	0	13708	206	252	0	1934	3924	4340	3000	10982	4084	786	938	120	0	316	0	488	0	138	0	0	0	1998	0	246	0	1378	0	38626	938	2158	0	7564	0	4032	162	3842	0	1432	154	32012	1514	14592	2432	13954	176	3968	0	19186	5222	5666	0	1548	0	120	0	1826	0	0	0	1164	0	0	0	0	0	0	0	0	0	0	0	0	0	0	0	0	0	0	0	0	0	0	0	0	0	0	0	
351988	Precentral_R	9534	0	3448	11198	0	0	2336	13200	0	0	0	21360	0	0	142	0	178	2540	5264	11796	0	0	0	0	0	0	0	0	744	5350	122	0	262	112	464	1888	432	3950	0	804	0	0	0	262	0	462	0	0	0	826	0	770	0	272	0	2216	626	24062	0	0	0	1188	0	2764	0	266	0	1562	4940	3302	7814	7340	2056	3196	1216	192	3642	9836	0	134	0	372	0	0	0	622	0	0	0	932	0	0	0	0	0	0	0	0	0	0	0	0	0	0	0	0	0	0	0	0	0	0	0	0	0	0	
1.10618e+06	Frontal_Sup_L	25822	3448	0	13328	10010	0	84660	4512	4586	0	16004	1576	18796	282	12070	0	8090	0	106294	19424	108	0	47616	6340	712	182	616	0	37270	314	24426	5350	10176	11132	0	0	1272	360	132	0	0	0	0	0	0	0	0	0	0	0	0	0	0	0	0	0	3374	1736	0	0	158	0	122	0	0	0	0	0	8186	0	15026	1966	34138	690	3902	196	5364	474	762	0	1466	0	620	0	0	0	0	0	0	0	0	0	0	0	0	0	0	0	0	0	0	0	0	0	0	0	0	0	0	0	0	0	0	0	0	0	
761284	Frontal_Sup_R	3720	11198	13328	0	0	4416	3026	35052	0	230	108	7534	208	8710	0	2256	0	4094	18496	53754	0	180	8404	40276	138	4358	0	1078	506	11408	5642	31622	1730	27680	0	138	164	2020	0	356	0	0	0	0	0	0	0	0	0	0	0	0	0	0	0	0	0	704	0	0	0	0	0	0	0	0	0	0	1688	0	4660	30706	496	26424	0	3888	804	9442	0	0	0	0	0	0	0	0	0	0	0	0	0	0	0	0	0	0	0	0	0	0	0	0	0	0	0	0	0	0	0	0	0	0	0	0	0	0	
127832	Frontal_Sup_Orb_L	0	0	10010	0	0	0	1694	0	8874	0	0	0	598	0	13406	0	0	0	0	0	1140	142	2722	188	3398	0	4436	0	5206	0	3172	132	0	0	0	0	0	0	0	0	0	0	0	0	0	0	0	0	0	0	0	0	0	0	0	0	0	0	0	0	0	0	0	0	0	0	0	0	0	0	140	0	8346	0	0	0	0	0	0	0	0	0	312	0	0	0	0	0	0	0	0	0	0	0	0	0	0	0	0	0	0	0	0	0	0	0	0	0	0	0	0	0	0	0	0	0	
99756	Frontal_Sup_Orb_R	0	0	0	4416	0	0	0	808	0	4340	0	0	0	248	0	3716	0	0	0	0	470	2000	140	2296	806	9524	284	10140	0	378	336	920	0	0	0	0	0	0	0	0	0	0	0	0	0	0	0	0	0	0	0	0	0	0	0	0	0	0	0	0	0	0	0	0	0	0	0	0	0	0	464	4788	266	3538	0	0	0	0	0	0	0	0	0	0	0	0	0	0	0	0	0	0	0	0	0	0	0	0	0	0	0	0	0	0	0	0	0	0	0	0	0	0	0	0	0	0	
648128	Frontal_Mid_L	30536	2336	84660	3026	1694	0	0	8528	6100	0	12928	2952	34770	0	10090	0	2660	0	23944	1286	0	0	20928	2208	0	0	0	0	20936	220	8202	1260	5022	2422	0	0	1046	1088	140	236	0	0	0	0	0	0	0	0	0	0	0	0	0	0	0	0	6184	526	0	0	122	0	0	0	0	0	0	0	220	0	15092	1544	5622	132	662	0	3690	482	370	0	0	0	200	0	0	0	0	0	0	0	0	0	0	0	0	0	0	0	0	0	0	0	0	0	0	0	0	0	0	0	0	0	0	0	0	0	
350992	Frontal_Mid_R	6446	13200	4512	35052	0	808	8528	0	0	924	220	10980	0	13894	116	4554	0	906	5052	8142	0	0	892	3454	0	0	0	0	780	7054	1700	1144	0	4920	0	0	0	1306	0	126	0	0	0	0	0	0	0	0	0	0	0	0	0	0	0	0	216	1766	0	0	0	0	0	246	0	0	0	0	110	0	14084	13576	554	8100	0	0	118	2016	0	0	0	0	0	0	0	0	0	0	0	0	0	0	0	0	0	0	0	0	0	0	0	0	0	0	0	0	0	0	0	0	0	0	0	0	0	0	
74976	Frontal_Mid_Orb_L	0	0	4586	0	8874	0	6100	0	0	0	0	0	4196	0	11156	0	0	0	0	0	0	0	254	0	168	0	800	0	512	0	316	0	0	0	0	0	0	0	0	0	0	0	0	0	0	0	0	0	0	0	0	0	0	0	0	0	0	0	0	0	0	0	0	0	0	0	0	0	0	0	0	0	416	0	0	0	0	0	0	0	0	0	110	0	0	0	0	0	0	0	0	0	0	0	0	0	0	0	0	0	0	0	0	0	0	0	0	0	0	0	0	0	0	0	0	0	
21636	Frontal_Mid_Orb_R	0	0	0	230	0	4340	0	924	0	0	0	0	0	248	0	3592	0	0	0	0	0	172	0	0	0	0	0	692	0	132	0	0	0	0	0	0	0	0	0	0	0	0	0	0	0	0	0	0	0	0	0	0	0	0	0	0	0	0	0	0	0	0	0	0	0	0	0	0	0	0	0	252	0	236	0	0	0	0	0	0	0	0	0	0	0	0	0	0	0	0	0	0	0	0	0	0	0	0	0	0	0	0	0	0	0	0	0	0	0	0	0	0	0	0	0	0	
208332	Frontal_Inf_Oper_L	19436	0	16004	108	0	0	12928	220	0	0	0	0	8706	0	340	0	9222	0	12492	312	0	0	0	0	0	0	0	0	9314	0	214	164	0	178	0	0	350	140	0	0	0	0	0	0	0	0	0	0	0	0	0	0	0	0	0	0	5364	0	0	0	284	0	158	0	180	0	0	0	226	0	968	116	1496	0	0	0	0	128	954	0	1376	0	2788	0	0	0	0	0	0	0	0	0	0	0	0	0	0	0	0	0	0	0	0	0	0	0	0	0	0	0	0	0	0	0	0	0	
230440	Frontal_Inf_Oper_R	2942	21360	1576	7534	0	0	2952	10980	0	0	0	0	0	3750	164	386	0	5202	1768	6360	0	0	0	1334	0	0	0	0	764	11134	0	328	0	2184	0	0	0	1660	0	400	0	0	0	122	0	128	0	0	0	124	0	0	0	184	0	872	150	7248	0	0	0	404	0	964	0	160	0	312	0	0	5318	4520	856	7320	0	346	0	1698	0	146	0	330	0	0	0	502	0	0	0	738	0	0	0	0	0	0	0	0	0	0	0	0	0	0	0	0	0	0	0	0	0	0	0	0	0	0	
246764	Frontal_Inf_Tri_L	1434	0	18796	208	598	0	34770	0	4196	0	8706	0	0	0	12634	0	1822	0	6440	168	0	0	2836	0	0	0	0	0	21794	0	2998	302	462	0	0	0	0	0	0	0	0	0	0	0	0	0	0	0	0	0	0	0	0	0	0	0	288	0	0	0	0	0	0	0	0	0	0	0	0	0	2158	460	580	0	0	0	0	0	0	0	0	0	1732	0	0	0	0	0	0	0	0	0	0	0	0	0	0	0	0	0	0	0	0	0	0	0	0	0	0	0	0	0	0	0	0	0	
137236	Frontal_Inf_Tri_R	0	0	282	8710	0	248	0	13894	0	248	0	3750	0	0	0	1386	0	228	1540	5600	0	0	0	3658	0	0	0	0	180	13012	688	3426	0	6478	0	0	0	0	0	0	0	0	0	0	0	0	0	0	0	0	0	0	0	0	0	0	0	0	0	0	0	0	0	0	0	0	0	0	0	0	1102	2932	222	1034	0	0	0	0	0	0	0	0	0	0	0	0	0	0	0	0	0	0	0	0	0	0	0	0	0	0	0	0	0	0	0	0	0	0	0	0	0	0	0	0	0	0	
177144	Frontal_Inf_Orb_L	0	142	12070	0	13406	0	10090	116	11156	0	340	164	12634	0	0	0	0	0	1322	0	1336	0	516	0	298	0	614	0	12998	0	612	0	0	0	0	0	142	0	0	0	224	0	0	0	0	0	0	0	0	0	0	0	0	0	0	0	0	114	0	0	0	0	0	0	0	0	0	0	0	0	1714	136	6670	0	0	0	0	0	0	0	0	0	1758	0	0	0	0	0	0	0	0	0	0	0	0	0	0	0	0	0	0	0	0	0	0	0	0	0	0	0	0	0	0	0	0	0	
43664	Frontal_Inf_Orb_R	0	0	0	2256	0	3716	0	4554	0	3592	0	386	0	1386	0	0	0	0	0	0	0	340	0	0	0	0	0	922	0	2760	0	0	0	0	0	0	0	0	0	0	0	0	0	0	0	0	0	0	0	0	0	0	0	0	0	0	0	0	0	0	0	0	0	0	0	0	0	0	0	0	0	518	0	1402	0	0	0	0	0	0	0	0	0	0	0	0	0	0	0	0	0	0	0	0	0	0	0	0	0	0	0	0	0	0	0	0	0	0	0	0	0	0	0	0	0	0	
170164	Rolandic_Oper_L	6716	178	8090	0	0	0	2660	0	0	0	9222	0	1822	0	0	0	0	0	5244	0	0	0	0	0	0	0	0	0	15620	0	0	0	142	0	0	0	814	0	110	0	0	0	0	0	0	0	0	0	0	0	1682	0	0	0	0	0	7900	0	568	0	1004	0	1170	0	1176	0	826	0	212	0	220	0	2064	0	580	0	246	110	4428	0	6758	0	3300	0	868	0	0	0	1352	0	0	0	0	0	0	0	0	0	0	0	0	0	0	0	0	0	0	0	0	0	0	0	0	0	0	0	
81684	Rolandic_Oper_R	0	2540	0	4094	0	0	0	906	0	0	0	5202	0	228	0	0	0	0	396	4126	0	0	0	0	0	0	0	0	0	8142	0	0	0	0	0	0	0	260	0	0	0	0	0	0	0	0	0	0	0	0	0	0	0	0	0	124	0	2292	0	0	0	140	0	1308	0	0	0	0	0	0	144	1366	112	4948	0	1766	0	0	0	1016	0	1182	0	550	0	0	0	0	0	0	0	0	0	0	0	0	0	0	0	0	0	0	0	0	0	0	0	0	0	0	0	0	0	0	0	0	
895584	Supp_Motor_Area_L	23472	5264	106294	18496	0	0	23944	5052	0	0	12492	1768	6440	1540	1322	0	5244	396	0	51998	0	0	12420	2334	0	0	0	0	19454	2010	11392	8000	16132	25398	242	0	978	320	110	0	0	0	120	0	194	0	0	0	0	0	232	0	0	0	0	0	5900	2226	0	0	110	0	0	0	0	0	388	0	18644	0	12724	3050	23416	2492	8546	640	3354	1092	656	0	1224	0	272	0	0	0	0	0	0	0	0	0	0	0	0	0	0	0	0	0	0	0	0	0	0	0	0	0	0	0	0	0	0	0	0	0	
713972	Supp_Motor_Area_R	10226	11796	19424	53754	0	0	1286	8142	0	0	312	6360	168	5600	0	0	0	4126	51998	0	0	0	780	6894	0	0	0	0	544	9714	2858	11810	7434	50004	620	5876	136	1232	0	414	0	0	0	1164	0	1380	0	0	0	714	0	584	0	254	0	1784	0	2952	0	0	0	270	0	604	0	168	502	6572	13618	15546	2542	16880	850	14340	220	2000	168	1288	0	0	0	190	0	0	0	318	0	0	0	570	0	0	0	0	0	0	0	0	0	0	0	0	0	0	0	0	0	0	0	0	0	0	0	0	0	0	
68616	Olfactory_L	0	0	108	0	1140	470	0	0	0	0	0	0	0	0	1336	0	0	0	0	0	0	5852	0	0	342	358	2796	1488	2224	0	2552	2006	0	0	0	0	114	0	328	0	468	0	0	0	0	0	0	0	0	0	0	0	0	0	0	0	0	0	0	0	0	0	0	0	0	0	0	0	0	0	6192	3342	2960	0	0	0	0	0	0	0	0	0	232	0	0	0	0	0	0	0	0	0	0	0	0	0	0	0	0	0	0	0	0	0	0	0	0	0	0	0	0	0	0	0	0	0	
89604	Olfactory_R	0	0	0	180	142	2000	0	0	0	172	0	0	0	0	0	340	0	0	0	0	5852	0	0	0	0	1412	2346	4280	0	1712	2454	3652	0	0	0	0	0	454	0	114	0	1372	0	0	0	0	0	0	0	0	0	0	0	0	0	138	0	0	0	0	0	0	0	0	0	0	0	0	0	0	7488	6952	2912	706	0	0	0	124	0	0	0	0	0	0	0	0	0	0	0	0	0	0	0	0	0	0	0	0	0	0	0	0	0	0	0	0	0	0	0	0	0	0	0	0	0	0	
370740	Frontal_Sup_Medial_L	0	0	47616	8404	2722	140	20928	892	254	0	0	0	2836	0	516	0	0	0	12420	780	0	0	0	21514	1640	682	412	0	2334	0	25454	11568	8556	10656	0	0	0	0	0	0	0	0	0	0	0	0	0	0	0	0	0	0	0	0	0	0	0	0	0	0	0	0	0	0	0	0	0	0	0	0	1122	222	3540	162	0	0	0	0	0	0	0	0	0	0	0	0	0	0	0	0	0	0	0	0	0	0	0	0	0	0	0	0	0	0	0	0	0	0	0	0	0	0	0	0	0	0	
343804	Frontal_Sup_Medial_R	0	0	6340	40276	188	2296	2208	3454	0	0	0	1334	0	3658	0	0	0	0	2334	6894	0	0	21514	0	372	4262	140	456	142	2092	8120	27832	2278	23024	0	0	0	0	0	0	0	0	0	0	0	0	0	0	0	0	0	0	0	0	0	0	0	0	0	0	0	0	0	0	0	0	0	0	0	0	168	6074	234	6212	0	0	0	0	0	0	0	0	0	0	0	0	0	0	0	0	0	0	0	0	0	0	0	0	0	0	0	0	0	0	0	0	0	0	0	0	0	0	0	0	0	0	
43172	Frontal_Med_Orb_L	0	0	712	138	3398	806	0	0	168	0	0	0	0	0	298	0	0	0	0	0	342	0	1640	372	0	1792	2706	592	0	0	6062	524	0	0	0	0	0	0	0	0	0	0	0	0	0	0	0	0	0	0	0	0	0	0	0	0	0	0	0	0	0	0	0	0	0	0	0	0	0	0	444	0	1592	0	0	0	0	0	0	0	0	0	0	0	0	0	0	0	0	0	0	0	0	0	0	0	0	0	0	0	0	0	0	0	0	0	0	0	0	0	0	0	0	0	0	0	
87368	Frontal_Med_Orb_R	0	0	182	4358	0	9524	0	0	0	0	0	0	0	0	0	0	0	0	0	0	358	1412	682	4262	1792	0	328	8330	0	0	1914	4692	0	0	0	0	0	0	0	0	0	0	0	0	0	0	0	0	0	0	0	0	0	0	0	0	0	0	0	0	0	0	0	0	0	0	0	0	0	0	364	3688	342	1456	0	0	0	0	0	0	0	0	0	0	0	0	0	0	0	0	0	0	0	0	0	0	0	0	0	0	0	0	0	0	0	0	0	0	0	0	0	0	0	0	0	0	
53972	Rectus_L	0	0	616	0	4436	284	0	0	800	0	0	0	0	0	614	0	0	0	0	0	2796	2346	412	140	2706	328	0	982	0	0	4320	1248	0	0	0	0	0	0	0	0	0	0	0	0	0	0	0	0	0	0	0	0	0	0	0	0	0	0	0	0	0	0	0	0	0	0	0	0	0	0	2926	726	1306	0	0	0	0	0	0	0	0	0	0	0	0	0	0	0	0	0	0	0	0	0	0	0	0	0	0	0	0	0	0	0	0	0	0	0	0	0	0	0	0	0	0	0	
84216	Rectus_R	0	0	0	1078	0	10140	0	0	0	692	0	0	0	0	0	922	0	0	0	0	1488	4280	0	456	592	8330	982	0	0	504	792	3896	0	0	0	0	0	0	0	0	0	0	0	0	0	0	0	0	0	0	0	0	0	0	0	0	0	0	0	0	0	0	0	0	0	0	0	0	0	0	1518	4164	528	1746	0	0	0	0	0	0	0	0	0	0	0	0	0	0	0	0	0	0	0	0	0	0	0	0	0	0	0	0	0	0	0	0	0	0	0	0	0	0	0	0	0	0	
530728	Insula_L	13708	744	37270	506	5206	0	20936	780	512	0	9314	764	21794	180	12998	0	15620	0	19454	544	2224	0	2334	142	0	0	0	0	0	206	3566	322	550	118	0	0	8380	590	1144	190	2626	0	0	0	0	0	0	0	0	0	424	0	0	0	2130	0	6030	632	302	0	626	0	490	0	864	0	136	0	2548	0	7514	924	31840	390	562	0	3794	726	7028	0	5002	0	5956	0	1736	0	314	0	2674	0	0	0	0	0	0	0	0	0	0	0	0	0	0	0	0	0	0	0	0	0	0	0	0	0	0	0	
244992	Insula_R	206	5350	314	11408	0	378	220	7054	0	132	0	11134	0	13012	0	2760	0	8142	2010	9714	0	1712	0	2092	0	0	0	504	206	0	350	2178	0	4136	0	0	0	3506	0	398	0	2084	0	0	0	0	0	0	0	0	0	0	0	0	0	2146	0	1774	0	0	0	0	0	0	0	0	0	0	0	0	1264	2684	246	17148	0	724	0	492	0	600	0	3374	0	1082	0	988	0	0	0	974	0	0	0	0	0	0	0	0	0	0	0	0	0	0	0	0	0	0	0	0	0	0	0	0	0	0	
365460	Cingulum_Ant_L	252	122	24426	5642	3172	336	8202	1700	316	0	214	0	2998	688	612	0	0	0	11392	2858	2552	2454	25454	8120	6062	1914	4320	792	3566	350	0	17474	12370	6948	0	0	0	0	0	0	0	0	0	0	0	0	0	0	0	0	0	0	0	0	0	0	0	0	0	0	0	0	0	0	0	0	0	0	336	0	10306	3382	12442	958	0	0	0	0	0	0	0	0	0	0	0	0	0	0	0	0	0	0	0	0	0	0	0	0	0	0	0	0	0	0	0	0	0	0	0	0	0	0	0	0	0	0	
388316	Cingulum_Ant_R	0	0	5350	31622	132	920	1260	1144	0	0	164	328	302	3426	0	0	0	0	8000	11810	2006	3652	11568	27832	524	4692	1248	3896	322	2178	17474	0	4536	25068	170	0	0	0	0	0	0	0	0	0	0	0	0	0	0	0	0	0	0	0	0	0	0	0	0	0	0	0	0	0	0	0	0	0	0	0	3074	13070	918	7472	0	0	0	0	0	0	0	0	0	0	0	0	0	0	0	0	0	0	0	0	0	0	0	0	0	0	0	0	0	0	0	0	0	0	0	0	0	0	0	0	0	0	
212352	Cingulum_Mid_L	1934	262	10176	1730	0	0	5022	0	0	0	0	0	462	0	0	0	142	0	16132	7434	0	0	8556	2278	0	0	0	0	550	0	12370	4536	0	13744	2646	340	0	0	0	0	0	0	176	0	298	0	0	0	178	0	1230	0	0	0	0	0	412	124	386	0	264	0	0	0	0	0	3688	420	9418	134	208	0	206	0	0	0	0	0	0	0	220	0	0	0	266	0	0	0	234	0	0	0	0	0	0	0	0	0	0	0	0	0	0	0	0	0	0	0	0	0	0	0	0	0	0	0	
516052	Cingulum_Mid_R	3924	112	11132	27680	0	0	2422	4920	0	0	178	2184	0	6478	0	0	0	0	25398	50004	0	0	10656	23024	0	0	0	0	118	4136	6948	25068	13744	0	434	4850	0	0	0	0	0	0	0	1526	0	2224	0	136	0	748	0	298	0	0	0	0	0	1608	0	0	0	0	0	0	0	0	724	9080	6128	9394	278	276	0	1600	0	0	0	338	0	0	0	0	0	0	0	136	0	0	0	122	0	0	0	0	0	0	0	0	0	0	0	0	0	0	0	0	0	0	0	0	0	0	0	0	0	0	
126716	Cingulum_Post_L	4340	464	0	0	0	0	0	0	0	0	0	0	0	0	0	0	0	0	242	620	0	0	0	0	0	0	0	0	0	0	0	170	2646	434	0	7248	6592	4370	2772	2022	0	0	3718	0	1982	0	1980	192	298	0	1104	0	0	0	1022	0	950	0	0	0	266	0	0	0	0	0	8016	650	5746	302	0	0	0	0	0	0	2724	1344	260	0	0	0	0	0	686	0	0	0	198	0	0	0	0	0	0	0	0	0	0	0	0	0	0	0	0	0	0	0	0	0	0	0	0	0	0	0	
188248	Cingulum_Post_R	3000	1888	0	138	0	0	0	0	0	0	0	0	0	0	0	0	0	0	0	5876	0	0	0	0	0	0	0	0	0	0	0	0	340	4850	7248	0	4650	9886	928	5126	0	0	0	424	0	1014	290	2528	0	318	0	0	0	424	0	3776	260	2994	0	0	0	210	0	522	0	0	932	16612	2634	6630	0	0	0	0	0	0	4016	3212	0	0	0	534	0	0	0	680	0	0	0	1394	0	0	0	0	0	0	0	168	0	0	0	0	0	0	0	0	0	0	0	0	622	0	0	0	0	0	
244736	Hippocampus_L	10982	432	1272	164	0	0	1046	0	0	0	350	0	0	0	142	0	814	0	978	136	114	0	0	0	0	0	0	0	8380	0	0	0	0	0	6592	4650	0	4778	11354	1742	5376	0	2150	0	0	0	3558	0	0	0	190	0	126	0	10770	0	2440	0	0	0	134	0	0	0	0	0	3196	392	3622	0	294	0	8136	0	190	0	7670	2984	2158	0	1870	0	1604	0	950	0	500	0	9544	0	274	0	0	0	0	0	0	0	314	0	0	0	0	0	0	0	0	0	0	0	0	0	0	0	0	0	
281812	Hippocampus_R	4084	3950	360	2020	0	0	1088	1306	0	0	140	1660	0	0	0	0	0	260	320	1232	0	454	0	0	0	0	0	0	590	3506	0	0	0	0	4370	9886	4778	0	1028	24196	0	7762	0	374	0	0	416	3400	0	0	0	0	0	1686	0	22964	332	112	0	0	0	0	0	0	0	0	112	4384	2486	146	2490	582	404	6998	0	1038	3950	7080	0	1120	0	2456	0	476	0	350	0	0	0	3266	0	0	0	0	0	0	122	268	0	296	0	0	0	0	0	0	0	0	0	0	608	0	0	0	0	0	
74880	ParaHippocampal_L	786	0	132	0	0	0	140	0	0	0	0	0	0	0	0	0	110	0	110	0	328	0	0	0	0	0	0	0	1144	0	0	0	0	0	2772	928	11354	1028	0	598	1082	0	1388	0	0	0	3606	0	0	0	118	0	0	0	3146	0	178	0	0	0	0	0	0	0	0	0	2380	242	108	0	0	0	1700	0	0	0	1554	520	0	0	0	0	452	0	0	0	618	0	746	0	0	0	0	0	0	0	172	0	0	0	0	0	0	0	0	0	0	0	0	0	0	0	0	0	0	0	
154232	ParaHippocampal_R	938	804	0	356	0	0	236	126	0	0	0	400	0	0	0	0	0	0	0	414	0	114	0	0	0	0	0	0	190	398	0	0	0	0	2022	5126	1742	24196	598	0	0	4122	0	284	0	0	182	3642	0	0	0	0	0	1568	0	14870	0	0	0	0	0	0	0	0	0	0	0	2970	536	0	630	128	118	1384	0	610	716	2960	0	682	0	460	0	308	0	212	0	120	0	1600	0	0	0	0	0	0	0	670	0	240	0	0	0	0	0	0	0	0	0	0	444	0	0	0	0	0	
28236	Amygdala_L	120	0	0	0	0	0	0	0	0	0	0	0	0	0	224	0	0	0	0	0	468	0	0	0	0	0	0	0	2626	0	0	0	0	0	0	0	5376	0	1082	0	0	0	0	0	0	0	0	0	0	0	0	0	0	0	1362	0	0	0	0	0	0	0	0	0	0	0	0	0	0	0	280	0	776	0	0	0	200	0	0	0	0	0	804	0	0	0	338	0	462	0	0	0	0	0	0	0	0	0	0	0	0	0	0	0	0	0	0	0	0	0	0	0	0	0	0	0	
46436	Amygdala_R	0	0	0	0	0	0	0	0	0	0	0	0	0	0	0	0	0	0	0	0	0	1372	0	0	0	0	0	0	0	2084	0	0	0	0	0	0	0	7762	0	4122	0	0	0	0	0	0	0	0	0	0	0	0	0	0	0	4632	0	0	0	0	0	0	0	0	0	0	0	0	0	0	0	164	0	1454	0	0	0	606	0	0	0	0	0	546	0	0	0	0	0	476	0	0	0	0	0	0	0	0	0	0	0	0	0	0	0	0	0	0	0	0	0	0	0	0	0	0	
196784	Calcarine_L	316	0	0	0	0	0	0	0	0	0	0	0	0	0	0	0	0	0	120	0	0	0	0	0	0	0	0	0	0	0	0	0	176	0	3718	0	2150	0	1388	0	0	0	0	2206	11300	780	11206	1226	3992	634	20442	210	5282	0	6586	0	1262	0	0	0	122	0	0	0	176	0	16932	132	492	0	0	0	0	0	0	0	0	0	874	0	240	0	0	0	4176	0	0	0	2254	0	0	0	0	0	0	0	0	0	0	0	0	0	0	0	0	0	0	0	0	0	0	0	0	0	0	0	
234364	Calcarine_R	0	262	0	0	0	0	0	0	0	0	0	122	0	0	0	0	0	0	0	1164	0	0	0	0	0	0	0	0	0	0	0	0	0	1526	0	424	0	374	0	284	0	0	2206	0	2018	17002	248	17170	0	20314	0	16422	0	5952	0	8192	0	692	0	0	0	276	0	130	0	440	108	13668	448	2010	0	0	0	0	0	0	0	0	0	0	0	0	0	0	0	1598	0	0	0	3686	0	0	0	0	0	0	0	0	0	322	0	0	0	0	0	0	0	0	0	0	0	124	0	0	0	0	
161360	Cuneus_L	488	0	0	0	0	0	0	0	0	0	0	0	0	0	0	0	0	0	194	0	0	0	0	0	0	0	0	0	0	0	0	0	298	0	1982	0	0	0	0	0	0	0	11300	2018	0	5136	1788	374	11560	3012	12074	652	1316	208	2422	186	1058	0	504	0	352	0	0	0	452	0	15234	1578	1454	0	0	0	0	0	0	0	0	0	420	0	126	0	0	0	3184	0	0	0	1310	0	0	0	0	0	0	0	0	0	0	0	0	0	0	0	0	0	0	0	0	0	0	0	0	0	0	0	
185024	Cuneus_R	0	462	0	0	0	0	0	0	0	0	0	128	0	0	0	0	0	0	0	1380	0	0	0	0	0	0	0	0	0	0	0	0	0	2224	0	1014	0	0	0	0	0	0	780	17002	5136	0	0	3140	0	24712	0	9154	0	1462	0	1594	0	1026	0	404	0	126	0	118	0	452	1502	16046	134	2248	0	0	0	0	0	0	0	0	0	0	0	0	0	0	0	1174	0	0	0	1094	0	0	0	0	0	0	0	0	0	0	0	0	0	0	0	0	0	0	0	0	0	0	0	0	0	0	
254220	Lingual_L	138	0	0	0	0	0	0	0	0	0	0	0	0	0	0	0	0	0	0	0	0	0	0	0	0	0	0	0	0	0	0	0	0	0	1980	290	3558	416	3606	182	0	0	11206	248	1788	0	0	3204	1298	0	14684	0	5114	0	13606	902	0	0	0	0	0	0	0	0	0	0	5466	0	0	0	0	0	0	0	0	0	514	212	178	0	0	0	0	0	730	0	0	0	394	0	6622	692	538	0	952	138	16274	2962	15780	3460	0	0	280	0	278	138	130	0	0	150	5150	3214	488	0	150	0	
246428	Lingual_R	0	0	0	0	0	0	0	0	0	0	0	0	0	0	0	0	0	0	0	0	0	0	0	0	0	0	0	0	0	0	0	0	0	136	192	2528	0	3400	0	3642	0	0	1226	17170	374	3140	3204	0	0	5496	0	4920	0	2764	2340	15080	0	154	0	0	0	0	0	0	0	0	0	7072	0	164	0	0	0	0	0	0	0	770	0	0	0	0	0	0	0	186	0	0	0	1032	2164	2646	170	324	328	220	3728	6148	6710	10434	0	0	0	0	254	0	0	0	0	160	5626	7610	1702	0	0	0	
92968	Occipital_Sup_L	0	0	0	0	0	0	0	0	0	0	0	0	0	0	0	0	0	0	0	0	0	0	0	0	0	0	0	0	0	0	0	0	178	0	298	0	0	0	0	0	0	0	3992	0	11560	0	1298	0	0	0	15098	0	0	0	0	0	454	0	3098	0	470	0	0	0	642	0	7500	0	0	0	0	0	0	0	0	0	0	0	0	0	0	0	0	0	1896	0	0	0	0	0	0	0	0	0	0	0	0	0	0	0	0	0	0	0	0	0	0	0	0	0	0	0	0	0	0	0	
215904	Occipital_Sup_R	0	826	0	0	0	0	0	0	0	0	0	124	0	0	0	0	0	0	0	714	0	0	0	0	0	0	0	0	0	0	0	0	0	748	0	318	0	0	0	0	0	0	634	20314	3012	24712	0	5496	0	0	0	20970	0	1552	0	2280	0	2128	0	1632	0	362	0	310	0	2244	814	12742	0	1934	0	0	0	0	0	0	0	0	0	0	0	0	0	0	0	2686	0	0	0	1400	0	0	0	0	0	0	0	0	0	0	0	0	0	0	0	0	0	0	0	0	0	0	0	0	0	0	
442724	Occipital_Mid_L	1998	0	0	0	0	0	0	0	0	0	0	0	0	0	0	0	1682	0	232	0	0	0	0	0	0	0	0	0	424	0	0	0	1230	0	1104	0	190	0	118	0	0	0	20442	0	12074	0	14684	0	15098	0	0	0	18878	0	10526	0	10784	0	6046	0	9358	0	1040	0	16838	0	29674	0	2306	0	0	0	0	0	0	0	0	0	1876	0	3780	0	0	0	29636	0	0	0	9540	0	610	0	242	0	0	0	0	0	752	0	0	0	0	0	0	0	0	0	0	0	0	200	0	0	0	0	
197232	Occipital_Mid_R	0	770	0	0	0	0	0	0	0	0	0	0	0	0	0	0	0	0	0	584	0	0	0	0	0	0	0	0	0	0	0	0	0	298	0	0	0	0	0	0	0	0	210	16422	652	9154	0	4920	0	20970	0	0	0	4588	0	2992	0	712	0	938	0	6942	0	2346	0	10778	0	4050	0	734	0	0	0	0	0	0	0	0	0	0	0	0	0	0	0	6934	0	0	0	3228	0	0	0	0	0	0	0	0	0	250	0	0	0	0	0	0	0	0	0	0	0	144	0	0	0	0	
118516	Occipital_Inf_L	246	0	0	0	0	0	0	0	0	0	0	0	0	0	0	0	0	0	0	0	0	0	0	0	0	0	0	0	0	0	0	0	0	0	0	0	126	0	0	0	0	0	5282	0	1316	0	5114	0	0	0	18878	0	0	0	11608	0	1010	0	0	0	200	0	0	0	0	0	2058	0	238	0	0	0	0	0	0	0	0	0	428	0	140	0	0	0	3818	0	0	0	6270	0	632	0	206	0	0	0	134	0	1122	0	0	0	0	0	0	0	0	0	0	0	0	322	110	0	0	0	
98444	Occipital_Inf_R	0	272	0	0	0	0	0	0	0	0	0	184	0	0	0	0	0	0	0	254	0	0	0	0	0	0	0	0	0	0	0	0	0	0	0	424	0	1686	0	1568	0	0	0	5952	208	1462	0	2764	0	1552	0	4588	0	0	0	12968	0	138	0	0	0	366	0	364	0	388	0	1824	0	180	0	0	0	0	0	0	0	0	0	442	0	138	0	0	0	1508	0	0	0	8868	0	134	0	0	0	0	0	0	0	578	0	0	0	0	0	0	0	0	0	0	0	290	122	0	0	0	
377296	Fusiform_L	1378	0	0	0	0	0	0	0	0	0	0	0	0	0	0	0	0	0	0	0	0	0	0	0	0	0	0	0	2130	0	0	0	0	0	1022	0	10770	0	3146	0	1362	0	6586	0	2422	0	13606	2340	0	0	10526	0	11608	0	0	480	806	0	0	0	118	0	0	0	0	0	4778	0	506	0	0	0	1990	0	0	0	292	0	1726	0	2314	0	1256	0	3528	0	1204	0	18164	0	23080	268	2438	0	0	0	13134	1274	31936	2710	1190	0	1198	0	596	0	304	0	0	0	2164	3658	480	0	160	0	
370912	Fusiform_R	0	2216	0	0	0	0	0	0	0	0	0	872	0	0	0	0	0	124	0	1784	0	138	0	0	0	0	0	0	0	2146	0	0	0	0	0	3776	0	22964	0	14870	0	4632	0	8192	186	1594	902	15080	0	2280	0	2992	0	12968	480	0	0	570	0	0	0	356	0	460	0	370	0	5356	0	690	178	0	0	1136	0	410	0	792	0	1454	0	6762	0	2642	0	4304	0	190	0	16028	676	8294	0	240	174	224	2752	7368	2286	15262	0	154	0	192	442	0	0	0	0	0	4264	2532	702	0	0	0	
349584	Postcentral_L	38626	626	3374	0	0	0	6184	216	0	0	5364	150	288	0	0	0	7900	0	5900	0	0	0	0	0	0	0	0	0	6030	0	0	0	412	0	950	260	2440	332	178	0	0	0	1262	0	1058	0	0	0	454	0	10784	0	1010	0	806	0	0	0	11130	0	23226	0	8048	0	5176	0	5430	0	4370	0	712	204	2790	0	552	0	548	216	4838	0	3322	0	0	0	7338	0	0	0	2288	0	0	0	0	0	0	0	0	0	0	0	0	0	0	0	0	0	0	0	0	0	0	0	0	0	0	0	
192972	Postcentral_R	938	24062	1736	704	0	0	526	1766	0	0	0	7248	0	0	114	0	0	2292	2226	2952	0	0	0	0	0	0	0	0	632	1774	0	0	124	1608	0	2994	0	112	0	0	0	0	0	692	0	1026	0	154	0	2128	0	712	0	138	0	570	0	0	0	2850	0	5008	0	11752	0	586	0	6018	0	5464	2720	574	1606	330	864	0	202	0	0	136	0	264	0	0	0	386	0	0	0	498	0	0	0	0	0	0	0	0	0	0	0	0	0	0	0	0	0	0	0	0	0	0	0	0	0	0	
96224	Parietal_Sup_L	2158	0	0	0	0	0	0	0	0	0	0	0	0	0	0	0	568	0	0	0	0	0	0	0	0	0	0	0	302	0	0	0	386	0	0	0	0	0	0	0	0	0	0	0	504	0	0	0	3098	0	6046	0	0	0	0	0	11130	0	0	0	11478	0	184	0	3120	0	6490	0	404	0	0	0	0	0	0	0	0	0	0	0	718	0	0	0	920	0	0	0	606	0	0	0	0	0	0	0	0	0	0	0	0	0	0	0	0	0	0	0	0	0	0	0	0	0	0	0	
28352	Parietal_Sup_R	0	0	0	0	0	0	0	0	0	0	0	0	0	0	0	0	0	0	0	0	0	0	0	0	0	0	0	0	0	0	0	0	0	0	0	0	0	0	0	0	0	0	0	0	0	404	0	0	0	1632	0	938	0	0	0	0	0	2850	0	0	0	1368	0	378	0	1136	472	4732	0	266	0	0	0	0	0	0	0	0	0	0	0	0	0	0	0	0	0	0	0	0	0	0	0	0	0	0	0	0	0	0	0	0	0	0	0	0	0	0	0	0	0	0	0	0	0	0	
215704	Parietal_Inf_L	7564	0	158	0	0	0	122	0	0	0	284	0	0	0	0	0	1004	0	110	0	0	0	0	0	0	0	0	0	626	0	0	0	264	0	266	0	134	0	0	0	0	0	122	0	352	0	0	0	470	0	9358	0	200	0	118	0	23226	0	11478	0	0	0	12910	0	20792	0	3398	0	536	0	0	0	0	0	0	0	0	0	324	0	2136	0	0	0	6932	0	0	0	4968	0	0	0	0	0	0	0	0	0	0	0	0	0	0	0	0	0	0	0	0	0	0	0	0	0	0	0	
133072	Parietal_Inf_R	0	1188	0	0	0	0	0	0	0	0	0	404	0	0	0	0	0	140	0	270	0	0	0	0	0	0	0	0	0	0	0	0	0	0	0	210	0	0	0	0	0	0	0	276	0	126	0	0	0	362	0	6942	0	366	0	356	0	5008	0	1368	0	0	0	19618	0	18842	0	446	0	140	124	0	0	0	0	0	0	0	0	0	0	1102	0	0	0	6880	0	0	0	2368	0	0	0	0	0	0	0	0	0	0	0	0	0	0	0	0	0	0	0	0	0	0	0	0	0	0	
108080	SupraMarginal_L	4032	0	122	0	0	0	0	0	0	0	158	0	0	0	0	0	1170	0	0	0	0	0	0	0	0	0	0	0	490	0	0	0	0	0	0	0	0	0	0	0	0	0	0	0	0	0	0	0	0	0	1040	0	0	0	0	0	8048	0	184	0	12910	0	0	0	8984	0	852	0	0	0	0	0	0	0	0	0	0	0	614	0	6706	0	0	0	6474	0	0	0	2256	0	0	0	0	0	0	0	0	0	0	0	0	0	0	0	0	0	0	0	0	0	0	0	0	0	0	0	
154124	SupraMarginal_R	162	2764	0	0	0	0	0	246	0	0	0	964	0	0	0	0	0	1308	0	604	0	0	0	0	0	0	0	0	0	0	0	0	0	0	0	522	0	0	0	0	0	0	0	130	0	118	0	0	0	310	0	2346	0	364	0	460	0	11752	0	378	0	19618	0	0	0	16006	0	726	0	302	264	0	192	0	0	0	0	0	0	510	0	4578	0	0	0	8580	0	0	0	3858	0	0	0	0	0	0	0	0	0	0	0	0	0	0	0	0	0	0	0	0	0	0	0	0	0	0	
167744	Angular_L	3842	0	0	0	0	0	0	0	0	0	180	0	0	0	0	0	1176	0	0	0	0	0	0	0	0	0	0	0	864	0	0	0	0	0	0	0	0	0	0	0	0	0	176	0	452	0	0	0	642	0	16838	0	0	0	0	0	5176	0	3120	0	20792	0	8984	0	0	0	2964	0	140	0	0	0	0	0	0	0	0	0	144	0	2682	0	0	0	11060	0	0	0	4640	0	0	0	0	0	0	0	0	0	0	0	0	0	0	0	0	0	0	0	0	0	0	0	0	0	0	0	
134640	Angular_R	0	266	0	0	0	0	0	0	0	0	0	160	0	0	0	0	0	0	0	168	0	0	0	0	0	0	0	0	0	0	0	0	0	0	0	0	0	0	0	0	0	0	0	440	0	452	0	0	0	2244	0	10778	0	388	0	370	0	586	0	1136	0	18842	0	16006	0	0	0	722	0	148	0	0	0	0	0	0	0	0	0	0	0	1906	0	0	0	10718	0	0	0	1990	0	0	0	0	0	0	0	0	0	0	0	0	0	0	0	0	0	0	0	0	0	0	0	0	0	0	
308944	Precuneus_L	1432	0	0	0	0	0	0	0	0	0	0	0	0	0	0	0	826	0	388	502	0	0	0	0	0	0	0	0	136	0	0	0	3688	724	8016	932	3196	112	2380	0	0	0	16932	108	15234	1502	5466	0	7500	814	29674	0	2058	0	4778	0	5430	0	6490	472	3398	0	852	0	2964	0	0	3846	4754	340	0	0	0	0	0	0	0	0	1062	0	2618	0	0	0	12144	0	0	0	3704	0	0	0	0	0	0	0	0	0	0	0	0	0	0	0	0	0	0	0	0	0	0	0	0	0	0	0	
283120	Precuneus_R	154	1562	0	0	0	0	0	0	0	0	0	312	0	0	0	0	0	0	0	6572	0	0	0	0	0	0	0	0	0	0	0	0	420	9080	650	16612	392	4384	242	2970	0	0	132	13668	1578	16046	0	7072	0	12742	0	4050	0	1824	0	5356	0	6018	0	4732	0	446	0	726	0	722	3846	0	890	10286	0	0	0	0	0	0	206	590	0	0	0	532	0	0	0	2410	0	0	0	3162	0	0	0	0	0	0	0	446	0	0	0	0	0	0	0	0	0	0	0	0	730	0	0	0	0	0	
309380	Paracentral_Lobule_L	32012	4940	8186	1688	0	0	220	110	0	0	226	0	0	0	0	0	212	0	18644	13618	0	0	0	0	0	0	0	0	2548	0	336	0	9418	6128	5746	2634	3622	2486	108	536	0	0	492	448	1454	134	0	0	0	0	2306	0	238	0	506	0	4370	0	404	0	536	0	0	0	140	0	4754	890	0	2662	1050	384	5502	0	3658	0	5282	3434	426	0	456	0	0	0	1354	0	0	0	392	0	0	0	0	0	0	0	0	0	0	0	0	0	0	0	0	0	0	0	0	0	0	0	0	0	0	0	
131084	Paracentral_Lobule_R	1514	3302	0	0	0	0	0	0	0	0	0	0	0	0	0	0	0	0	0	15546	0	0	0	0	0	0	0	0	0	0	0	0	134	9394	302	6630	0	146	0	0	0	0	0	2010	0	2248	0	164	0	1934	0	734	0	180	0	690	0	5464	0	266	0	140	0	302	0	148	340	10286	2662	0	0	0	0	0	0	0	0	0	0	0	0	178	0	0	0	296	0	0	0	532	0	0	0	0	0	0	0	0	0	0	0	0	0	0	0	0	0	0	0	0	0	0	0	0	0	0	
404244	Caudate_L	14592	7814	15026	4660	140	464	15092	14084	0	0	968	5318	2158	1102	1714	0	220	144	12724	2542	6192	7488	1122	168	444	364	2926	1518	7514	1264	10306	3074	208	278	0	0	294	2490	0	630	280	0	0	0	0	0	0	0	0	0	0	0	0	0	0	178	712	2720	0	0	0	124	0	264	0	0	0	0	1050	0	0	12448	21584	1086	3860	116	10282	2376	0	0	0	0	0	0	0	0	0	0	0	0	0	0	0	0	0	0	0	0	0	0	0	0	0	0	0	0	0	0	0	0	0	0	0	0	0	0	
404000	Caudate_R	2432	7340	1966	30706	0	4788	1544	13576	0	252	116	4520	460	2932	136	518	0	1366	3050	16880	3342	6952	222	6074	0	3688	726	4164	924	2684	3382	13070	0	276	0	0	0	582	0	128	0	164	0	0	0	0	0	0	0	0	0	0	0	0	0	0	204	574	0	0	0	0	0	0	0	0	0	0	384	0	12448	0	3502	19900	0	3008	1158	21682	0	180	0	0	0	0	0	0	0	0	0	0	0	0	0	0	0	0	0	0	0	0	0	0	0	0	0	0	0	0	0	0	0	0	0	0	0	0	
464972	Putamen_L	13954	2056	34138	496	8346	266	5622	554	416	0	1496	856	580	222	6670	0	2064	112	23416	850	2960	2912	3540	234	1592	342	1306	528	31840	246	12442	918	206	0	0	0	8136	404	1700	118	776	0	0	0	0	0	0	0	0	0	0	0	0	0	1990	0	2790	1606	0	0	0	0	0	192	0	0	0	0	5502	0	21584	3502	0	302	9518	0	6694	536	642	0	1742	0	1862	0	132	0	138	0	1440	0	0	0	0	0	0	0	0	0	0	0	0	0	0	0	0	0	0	0	0	0	0	0	0	0	0	0	
304648	Putamen_R	176	3196	690	26424	0	3538	132	8100	0	236	0	7320	0	1034	0	1402	0	4948	2492	14340	0	706	162	6212	0	1456	0	1746	390	17148	958	7472	0	1600	0	0	0	6998	0	1384	0	1454	0	0	0	0	0	0	0	0	0	0	0	0	0	1136	0	330	0	0	0	0	0	0	0	0	0	0	0	0	1086	19900	302	0	0	4514	0	1820	0	314	0	452	0	444	0	0	0	0	0	312	0	0	0	0	0	0	0	0	0	0	0	0	0	0	0	0	0	0	0	0	0	0	0	0	0	0	
82156	Pallidum_L	3968	1216	3902	0	0	0	662	0	0	0	0	0	0	0	0	0	580	0	8546	220	0	0	0	0	0	0	0	0	562	0	0	0	0	0	0	0	190	0	0	0	0	0	0	0	0	0	0	0	0	0	0	0	0	0	0	0	552	864	0	0	0	0	0	0	0	0	0	0	3658	0	3860	0	9518	0	0	0	2288	0	272	0	220	0	0	0	0	0	0	0	0	0	0	0	0	0	0	0	0	0	0	0	0	0	0	0	0	0	0	0	0	0	0	0	0	0	0	0	
40124	Pallidum_R	0	192	196	3888	0	0	0	0	0	0	0	346	0	0	0	0	0	1766	640	2000	0	0	0	0	0	0	0	0	0	724	0	0	0	0	0	0	0	1038	0	610	0	0	0	0	0	0	0	0	0	0	0	0	0	0	0	410	0	0	0	0	0	0	0	0	0	0	0	0	0	0	116	3008	0	4514	0	0	0	406	0	208	0	0	0	0	0	0	0	0	0	0	0	0	0	0	0	0	0	0	0	0	0	0	0	0	0	0	0	0	0	0	0	0	0	0	0	0	
194516	Thalamus_L	19186	3642	5364	804	0	0	3690	118	0	0	0	0	0	0	0	0	246	0	3354	168	0	0	0	0	0	0	0	0	3794	0	0	0	0	0	2724	4016	7670	3950	1554	716	200	0	0	0	0	0	514	0	0	0	0	0	0	0	292	0	548	202	0	0	0	0	0	0	0	0	0	206	5282	0	10282	1158	6694	0	2288	0	0	8004	0	0	338	0	0	0	0	0	0	0	254	0	0	0	0	0	0	0	0	0	0	0	0	0	0	0	0	0	0	0	0	0	0	0	0	0	0	0	
186776	Thalamus_R	5222	9836	474	9442	0	0	482	2016	0	0	128	1698	0	0	0	0	110	0	1092	1288	0	124	0	0	0	0	0	0	726	492	0	0	0	338	1344	3212	2984	7080	520	2960	0	606	0	0	0	0	212	770	0	0	0	0	0	0	0	792	216	0	0	0	0	0	0	0	0	0	0	590	3434	0	2376	21682	536	1820	0	406	8004	0	0	0	0	0	0	0	0	0	0	0	0	0	0	0	0	0	0	0	0	0	0	0	0	0	0	0	0	0	0	0	0	160	216	0	0	0	0	0	
100616	Heschl_L	5666	0	762	0	0	0	370	0	0	0	954	0	0	0	0	0	4428	0	656	0	0	0	0	0	0	0	0	0	7028	0	0	0	0	0	260	0	2158	0	0	0	0	0	874	0	420	0	178	0	0	0	1876	0	428	0	1726	0	4838	0	0	0	324	0	614	0	144	0	1062	0	426	0	0	0	642	0	272	0	0	0	0	0	5792	0	188	0	5304	0	0	0	2918	0	0	0	0	0	0	0	0	0	0	0	0	0	0	0	0	0	0	0	0	0	0	0	0	0	0	0	
30004	Heschl_R	0	134	0	0	0	0	0	0	0	0	0	146	0	0	0	0	0	1016	0	0	0	0	0	0	0	0	0	0	0	600	0	0	0	0	0	0	0	1120	0	682	0	0	0	0	0	0	0	0	0	0	0	0	0	442	0	1454	0	136	0	0	0	0	0	510	0	0	0	0	0	0	0	180	0	314	0	208	0	0	0	0	0	5726	0	248	0	1126	0	0	0	960	0	0	0	0	0	0	0	0	0	0	0	0	0	0	0	0	0	0	0	0	0	0	0	0	0	0	
185052	Temporal_Sup_L	1548	0	1466	0	0	0	0	0	0	0	1376	0	0	0	0	0	6758	0	1224	0	0	0	0	0	0	0	0	0	5002	0	0	0	220	0	0	0	1870	0	0	0	0	0	240	0	126	0	0	0	0	0	3780	0	140	0	2314	0	3322	0	718	0	2136	0	6706	0	2682	0	2618	0	456	0	0	0	1742	0	220	0	338	0	5792	0	0	0	3760	0	22004	0	290	0	13678	0	0	0	0	0	0	0	0	0	0	0	0	0	0	0	0	0	0	0	0	0	0	0	0	0	0	0	
97924	Temporal_Sup_R	0	372	0	0	0	0	0	0	0	0	0	330	0	0	0	0	0	1182	0	190	0	0	0	0	0	0	0	0	0	3374	0	0	0	0	0	534	0	2456	0	460	0	0	0	0	0	0	0	0	0	0	0	0	0	138	0	6762	0	264	0	0	0	1102	0	4578	0	1906	0	532	0	178	0	0	0	452	0	0	0	0	0	5726	0	0	0	2644	0	9726	0	0	0	6056	0	0	0	0	0	0	0	0	0	0	0	0	0	0	0	0	0	0	0	0	0	0	0	0	0	0	
79852	Temporal_Pole_Sup_L	120	0	620	0	312	0	200	0	110	0	2788	0	1732	0	1758	0	3300	0	272	0	232	0	0	0	0	0	0	0	5956	0	0	0	0	0	0	0	1604	0	452	0	804	0	0	0	0	0	0	0	0	0	0	0	0	0	1256	0	0	0	0	0	0	0	0	0	0	0	0	0	0	0	0	0	1862	0	0	0	0	0	188	0	3760	0	0	0	5058	0	4054	0	3488	0	0	0	0	0	0	0	0	0	0	0	0	0	0	0	0	0	0	0	0	0	0	0	0	0	0	0	
28068	Temporal_Pole_Sup_R	0	0	0	0	0	0	0	0	0	0	0	0	0	0	0	0	0	550	0	0	0	0	0	0	0	0	0	0	0	1082	0	0	0	0	0	0	0	476	0	308	0	546	0	0	0	0	0	0	0	0	0	0	0	0	0	2642	0	0	0	0	0	0	0	0	0	0	0	0	0	0	0	0	0	444	0	0	0	0	0	248	0	2644	0	0	0	2088	0	316	0	2690	0	0	0	0	0	0	0	0	0	0	0	0	0	0	0	0	0	0	0	0	0	0	0	0	0	0	
331232	Temporal_Mid_L	1826	0	0	0	0	0	0	0	0	0	0	0	0	0	0	0	868	0	0	0	0	0	0	0	0	0	0	0	1736	0	0	0	266	0	686	0	950	0	0	0	0	0	4176	0	3184	0	730	0	1896	0	29636	0	3818	0	3528	0	7338	0	920	0	6932	0	6474	0	11060	0	12144	0	1354	0	0	0	132	0	0	0	0	0	5304	0	22004	0	5058	0	0	0	4086	0	29510	0	0	0	0	0	0	0	0	0	0	0	0	0	0	0	0	0	0	0	0	0	0	0	0	0	0	0	
166928	Temporal_Mid_R	0	622	0	0	0	0	0	0	0	0	0	502	0	0	0	0	0	0	0	318	0	0	0	0	0	0	0	0	0	988	0	0	0	136	0	680	0	350	0	212	0	0	0	1598	0	1174	0	186	0	2686	0	6934	0	1508	0	4304	0	386	0	0	0	6880	0	8580	0	10718	0	2410	0	296	0	0	0	0	0	0	0	0	0	1126	0	9726	0	2088	0	0	0	0	0	19056	0	0	0	0	0	0	0	0	0	0	0	0	0	0	0	0	0	0	0	0	0	0	0	0	0	0	
29632	Temporal_Pole_Mid_L	0	0	0	0	0	0	0	0	0	0	0	0	0	0	0	0	0	0	0	0	0	0	0	0	0	0	0	0	314	0	0	0	0	0	0	0	500	0	618	0	338	0	0	0	0	0	0	0	0	0	0	0	0	0	1204	0	0	0	0	0	0	0	0	0	0	0	0	0	0	0	0	0	138	0	0	0	0	0	0	0	290	0	4054	0	4086	0	0	0	3274	0	0	0	0	0	0	0	0	0	0	0	0	0	0	0	0	0	0	0	0	0	0	0	0	0	0	0	
1252	Temporal_Pole_Mid_R	0	0	0	0	0	0	0	0	0	0	0	0	0	0	0	0	0	0	0	0	0	0	0	0	0	0	0	0	0	0	0	0	0	0	0	0	0	0	0	120	0	0	0	0	0	0	0	0	0	0	0	0	0	0	0	190	0	0	0	0	0	0	0	0	0	0	0	0	0	0	0	0	0	0	0	0	0	0	0	0	0	0	0	316	0	0	0	0	0	0	0	0	0	0	0	0	0	0	0	0	0	0	0	0	0	0	0	0	0	0	0	0	0	0	0	0	
269496	Temporal_Inf_L	1164	0	0	0	0	0	0	0	0	0	0	0	0	0	0	0	1352	0	0	0	0	0	0	0	0	0	0	0	2674	0	0	0	234	0	198	0	9544	0	746	0	462	0	2254	0	1310	0	394	0	0	0	9540	0	6270	0	18164	0	2288	0	606	0	4968	0	2256	0	4640	0	3704	0	392	0	0	0	1440	0	0	0	254	0	2918	0	13678	0	3488	0	29510	0	3274	0	0	0	4372	0	770	0	0	0	140	0	1396	0	212	0	136	0	0	0	0	0	0	0	0	0	0	0	0	0	
179928	Temporal_Inf_R	0	932	0	0	0	0	0	0	0	0	0	738	0	0	0	0	0	0	0	570	0	0	0	0	0	0	0	0	0	974	0	0	0	122	0	1394	0	3266	0	1600	0	476	0	3686	0	1094	0	1032	0	1400	0	3228	0	8868	0	16028	0	498	0	0	0	2368	0	3858	0	1990	0	3162	0	532	0	0	0	312	0	0	0	0	0	960	0	6056	0	2690	0	19056	0	0	0	0	0	1508	0	294	0	0	0	258	0	898	0	0	0	116	0	0	0	0	0	0	0	0	0	0	0	0	
480436	Cerebelum_Crus1_L	0	0	0	0	0	0	0	0	0	0	0	0	0	0	0	0	0	0	0	0	0	0	0	0	0	0	0	0	0	0	0	0	0	0	0	0	274	0	0	0	0	0	0	0	0	0	6622	2164	0	0	610	0	632	0	23080	676	0	0	0	0	0	0	0	0	0	0	0	0	0	0	0	0	0	0	0	0	0	0	0	0	0	0	0	0	0	0	0	0	4372	0	0	2388	36030	3322	1158	598	24244	1608	61930	4754	12770	1468	14932	1916	6492	1024	1498	0	408	1078	4124	8236	7250	2562	1698	300	
423676	Cerebelum_Crus1_R	0	0	0	0	0	0	0	0	0	0	0	0	0	0	0	0	0	0	0	0	0	0	0	0	0	0	0	0	0	0	0	0	0	0	0	0	0	0	0	0	0	0	0	0	0	0	692	2646	0	0	0	0	0	134	268	8294	0	0	0	0	0	0	0	0	0	0	0	0	0	0	0	0	0	0	0	0	0	0	0	0	0	0	0	0	0	0	0	0	0	1508	2388	0	946	34930	310	2516	2692	15466	4242	52540	648	12726	434	26596	496	7422	0	0	218	706	5340	6566	14790	3068	3048	208	
277840	Cerebelum_Crus2_L	0	0	0	0	0	0	0	0	0	0	0	0	0	0	0	0	0	0	0	0	0	0	0	0	0	0	0	0	0	0	0	0	0	0	0	0	0	0	0	0	0	0	0	0	0	0	538	170	0	0	242	0	206	0	2438	0	0	0	0	0	0	0	0	0	0	0	0	0	0	0	0	0	0	0	0	0	0	0	0	0	0	0	0	0	0	0	0	0	770	0	36030	946	0	3622	0	0	1110	0	6886	288	36686	860	33092	972	5986	250	658	0	0	0	0	874	4362	1610	324	0	
282868	Cerebelum_Crus2_R	0	0	0	0	0	0	0	0	0	0	0	0	0	0	0	0	0	0	0	0	0	0	0	0	0	0	0	0	0	0	0	0	0	0	0	0	0	0	0	0	0	0	0	0	0	0	0	324	0	0	0	0	0	0	0	240	0	0	0	0	0	0	0	0	0	0	0	0	0	0	0	0	0	0	0	0	0	0	0	0	0	0	0	0	0	0	0	0	0	294	3322	34930	3622	0	0	0	116	138	1000	5450	2168	24488	2812	37650	346	7666	0	0	0	0	0	1646	11918	2710	594	0	
71352	Cerebelum_3_L	0	0	0	0	0	0	0	0	0	0	0	0	0	0	0	0	0	0	0	0	0	0	0	0	0	0	0	0	0	0	0	0	0	0	0	0	0	0	0	0	0	0	0	0	0	0	952	328	0	0	0	0	0	0	0	174	0	0	0	0	0	0	0	0	0	0	0	0	0	0	0	0	0	0	0	0	0	0	0	0	0	0	0	0	0	0	0	0	0	0	1158	310	0	0	0	342	10360	600	4340	1282	0	0	230	138	3814	690	192	0	1212	2396	3140	1982	134	638	938	326	
71360	Cerebelum_3_R	0	0	0	0	0	0	0	0	0	0	0	0	0	0	0	0	0	0	0	0	0	0	0	0	0	0	0	0	0	0	0	0	0	0	0	0	0	0	0	0	0	0	0	0	0	0	138	220	0	0	0	0	0	0	0	224	0	0	0	0	0	0	0	0	0	0	0	0	0	0	0	0	0	0	0	0	0	0	0	0	0	0	0	0	0	0	0	0	0	0	598	2516	0	0	342	0	1660	5116	1210	5036	0	0	0	246	798	3000	0	0	1320	3296	2356	1808	1024	1570	2460	742	
395800	Cerebelum_4_5_L	0	0	0	0	0	0	0	0	0	0	0	0	0	0	0	0	0	0	0	0	0	0	0	0	0	0	0	0	0	0	0	0	0	0	0	0	0	122	172	0	0	0	0	0	0	0	16274	3728	0	0	0	0	134	0	13134	2752	0	0	0	0	0	0	0	0	0	0	0	0	0	0	0	0	0	0	0	0	0	0	0	0	0	0	0	0	0	0	0	0	140	0	24244	2692	1110	116	10360	1660	0	7536	44676	9636	1034	0	2738	468	10744	2726	1176	0	1290	3680	19252	8816	522	1728	3336	1904	
228916	Cerebelum_4_5_R	0	0	0	0	0	0	0	0	0	0	0	0	0	0	0	0	0	0	0	0	0	0	0	0	0	0	0	0	0	0	0	0	0	0	0	168	0	268	0	670	0	0	0	0	0	0	2962	6148	0	0	0	0	0	0	1274	7368	0	0	0	0	0	0	0	0	0	0	0	446	0	0	0	0	0	0	0	0	0	0	0	0	0	0	0	0	0	0	0	0	0	258	1608	15466	0	138	600	5116	7536	0	5572	29658	0	0	110	1146	1222	2382	0	186	166	868	13690	2836	2056	1944	2430	166	
548608	Cerebelum_6_L	0	0	0	0	0	0	0	0	0	0	0	0	0	0	0	0	0	0	0	0	0	0	0	0	0	0	0	0	0	0	0	0	0	0	0	0	314	0	0	0	0	0	0	0	0	0	15780	6710	0	0	752	0	1122	0	31936	2286	0	0	0	0	0	0	0	0	0	0	0	0	0	0	0	0	0	0	0	0	0	0	0	0	0	0	0	0	0	0	0	0	1396	0	61930	4242	6886	1000	4340	1210	44676	5572	0	12584	3308	152	5614	682	10172	2702	1706	0	706	2096	13160	18908	4924	2834	3568	1036	
448108	Cerebelum_6_R	0	0	0	0	0	0	0	0	0	0	0	0	0	0	0	0	0	0	0	0	0	0	0	0	0	0	0	0	0	0	0	0	0	0	0	0	0	296	0	240	0	0	0	322	0	0	3460	10434	0	0	0	250	0	578	2710	15262	0	0	0	0	0	0	0	0	0	0	0	0	0	0	0	0	0	0	0	0	0	0	0	0	0	0	0	0	0	0	0	0	0	898	4754	52540	288	5450	1282	5036	9636	29658	12584	0	0	1702	0	8734	2116	4578	0	172	324	1040	14240	15482	12102	3472	4048	366	
204844	Cerebelum_7b_L	0	0	0	0	0	0	0	0	0	0	0	0	0	0	0	0	0	0	0	0	0	0	0	0	0	0	0	0	0	0	0	0	0	0	0	0	0	0	0	0	0	0	0	0	0	0	0	0	0	0	0	0	0	0	1190	0	0	0	0	0	0	0	0	0	0	0	0	0	0	0	0	0	0	0	0	0	0	0	0	0	0	0	0	0	0	0	0	0	212	0	12770	648	36686	2168	0	0	1034	0	3308	0	0	460	32342	896	5228	128	312	0	0	0	0	156	2980	1904	0	0	
164524	Cerebelum_7b_R	0	0	0	0	0	0	0	0	0	0	0	0	0	0	0	0	0	0	0	0	0	0	0	0	0	0	0	0	0	0	0	0	0	0	0	0	0	0	0	0	0	0	0	0	0	0	0	0	0	0	0	0	0	0	0	154	0	0	0	0	0	0	0	0	0	0	0	0	0	0	0	0	0	0	0	0	0	0	0	0	0	0	0	0	0	0	0	0	0	0	1468	12726	860	24488	0	0	0	0	152	1702	460	0	1872	26668	406	4756	0	0	0	0	0	240	3882	2428	0	0	
286228	Cerebelum_8_L	0	0	0	0	0	0	0	0	0	0	0	0	0	0	0	0	0	0	0	0	0	0	0	0	0	0	0	0	0	0	0	0	0	0	0	0	0	0	0	0	0	0	0	0	0	0	280	0	0	0	0	0	0	0	1198	0	0	0	0	0	0	0	0	0	0	0	0	0	0	0	0	0	0	0	0	0	0	0	0	0	0	0	0	0	0	0	0	0	136	0	14932	434	33092	2812	230	0	2738	110	5614	0	32342	1872	0	5520	23040	1356	2492	0	0	0	304	784	4210	7986	1518	114	
318344	Cerebelum_8_R	0	0	0	0	0	0	0	0	0	0	0	0	0	0	0	0	0	0	0	0	0	0	0	0	0	0	0	0	0	0	0	0	0	0	0	0	0	0	0	0	0	0	0	0	0	0	0	0	0	0	0	0	0	0	0	192	0	0	0	0	0	0	0	0	0	0	0	0	0	0	0	0	0	0	0	0	0	0	0	0	0	0	0	0	0	0	0	0	0	116	1916	26596	972	37650	138	246	468	1146	682	8734	896	26668	5520	0	1942	23214	0	244	0	0	390	1110	10892	7632	1678	130	
201748	Cerebelum_9_L	0	0	0	0	0	0	0	0	0	0	0	0	0	0	0	0	0	0	0	0	0	0	0	0	0	0	0	0	0	0	0	0	0	0	0	0	0	0	0	0	0	0	0	0	0	0	278	254	0	0	0	0	0	0	596	442	0	0	0	0	0	0	0	0	0	0	0	0	0	0	0	0	0	0	0	0	0	0	0	0	0	0	0	0	0	0	0	0	0	0	6492	496	5986	346	3814	798	10744	1222	10172	2116	5228	406	23040	1942	0	2778	4632	0	316	1054	3680	4408	914	4034	3644	1042	
189940	Cerebelum_9_R	0	0	0	0	0	0	0	0	0	0	0	0	0	0	0	0	0	0	0	0	0	0	0	0	0	0	0	0	0	0	0	0	0	0	0	0	0	0	0	0	0	0	0	0	0	0	138	0	0	0	0	0	0	0	0	0	0	0	0	0	0	0	0	0	0	0	0	0	0	0	0	0	0	0	0	0	0	0	0	0	0	0	0	0	0	0	0	0	0	0	1024	7422	250	7666	690	3000	2726	2382	2702	4578	128	4756	1356	23214	2778	0	0	1042	906	2022	3262	4478	3812	5348	7150	2140	
27136	Cerebelum_10_L	0	0	0	0	0	0	0	0	0	0	0	0	0	0	0	0	0	0	0	0	0	0	0	0	0	0	0	0	0	0	0	0	0	0	0	0	0	0	0	0	0	0	0	0	0	0	130	0	0	0	0	0	0	0	304	0	0	0	0	0	0	0	0	0	0	0	0	0	0	0	0	0	0	0	0	0	0	0	0	0	0	0	0	0	0	0	0	0	0	0	1498	0	658	0	192	0	1176	0	1706	0	312	0	2492	0	4632	0	0	0	0	0	0	166	0	158	144	0	
3732	Cerebelum_10_R	0	0	0	0	0	0	0	0	0	0	0	0	0	0	0	0	0	0	0	0	0	0	0	0	0	0	0	0	0	0	0	0	0	0	0	0	0	0	0	0	0	0	0	0	0	0	0	0	0	0	0	0	0	0	0	0	0	0	0	0	0	0	0	0	0	0	0	0	0	0	0	0	0	0	0	0	0	0	0	0	0	0	0	0	0	0	0	0	0	0	0	0	0	0	0	0	0	186	0	172	0	0	0	244	0	1042	0	0	0	0	0	0	0	112	110	0	
25744	Vermis_1_2	0	0	0	0	0	0	0	0	0	0	0	0	0	0	0	0	0	0	0	0	0	0	0	0	0	0	0	0	0	0	0	0	0	0	0	0	0	0	0	0	0	0	0	0	0	0	0	0	0	0	0	0	0	0	0	0	0	0	0	0	0	0	0	0	0	0	0	0	0	0	0	0	0	0	0	0	0	0	0	0	0	0	0	0	0	0	0	0	0	0	408	218	0	0	1212	1320	1290	166	706	324	0	0	0	0	316	906	0	0	0	3028	1348	582	0	250	574	224	
61736	Vermis_3	0	0	0	0	0	0	0	0	0	0	0	0	0	0	0	0	0	0	0	0	0	0	0	0	0	0	0	0	0	0	0	0	0	0	0	0	0	0	0	0	0	0	0	0	0	0	150	160	0	0	0	0	0	0	0	0	0	0	0	0	0	0	0	0	0	0	0	0	0	0	0	0	0	0	0	0	0	160	0	0	0	0	0	0	0	0	0	0	0	0	1078	706	0	0	2396	3296	3680	868	2096	1040	0	0	0	0	1054	2022	0	0	3028	0	4036	1282	680	1034	1572	530	
250372	Vermis_4_5	0	0	0	0	0	0	0	0	0	0	0	0	0	0	0	0	0	0	0	0	0	0	0	0	0	0	0	0	0	0	0	0	0	0	0	622	0	608	0	444	0	0	0	0	0	0	5150	5626	0	0	0	0	0	0	2164	4264	0	0	0	0	0	0	0	0	0	0	0	730	0	0	0	0	0	0	0	0	0	216	0	0	0	0	0	0	0	0	0	0	0	0	4124	5340	0	0	3140	2356	19252	13690	13160	14240	0	0	304	390	3680	3262	0	0	1348	4036	0	8846	1006	1624	3450	2114	
253868	Vermis_6	0	0	0	0	0	0	0	0	0	0	0	0	0	0	0	0	0	0	0	0	0	0	0	0	0	0	0	0	0	0	0	0	0	0	0	0	0	0	0	0	0	0	0	124	0	0	3214	7610	0	0	200	144	322	290	3658	2532	0	0	0	0	0	0	0	0	0	0	0	0	0	0	0	0	0	0	0	0	0	0	0	0	0	0	0	0	0	0	0	0	0	0	8236	6566	874	1646	1982	1808	8816	2836	18908	15482	156	240	784	1110	4408	4478	166	0	582	1282	8846	0	8038	3516	5526	2554	
221596	Vermis_7	0	0	0	0	0	0	0	0	0	0	0	0	0	0	0	0	0	0	0	0	0	0	0	0	0	0	0	0	0	0	0	0	0	0	0	0	0	0	0	0	0	0	0	0	0	0	488	1702	0	0	0	0	110	122	480	702	0	0	0	0	0	0	0	0	0	0	0	0	0	0	0	0	0	0	0	0	0	0	0	0	0	0	0	0	0	0	0	0	0	0	7250	14790	4362	11918	134	1024	522	2056	4924	12102	2980	3882	4210	10892	914	3812	0	0	0	680	1006	8038	0	7454	3974	270	
146016	Vermis_8	0	0	0	0	0	0	0	0	0	0	0	0	0	0	0	0	0	0	0	0	0	0	0	0	0	0	0	0	0	0	0	0	0	0	0	0	0	0	0	0	0	0	0	0	0	0	0	0	0	0	0	0	0	0	0	0	0	0	0	0	0	0	0	0	0	0	0	0	0	0	0	0	0	0	0	0	0	0	0	0	0	0	0	0	0	0	0	0	0	0	2562	3068	1610	2710	638	1570	1728	1944	2834	3472	1904	2428	7986	7632	4034	5348	158	112	250	1034	1624	3516	7454	0	6850	542	
