data	data	512608	197944	1.18883e+06	816428	253808	178784	552400	249692	181856	20724	273740	201976	318404	149212	278780	51092	203288	89116	970020	988368	100664	95524	413628	453532	21616	133928	57268	84868	588136	223704	336236	549044	208476	567072	88160	135508	242180	190168	48172	97056	28136	42724	114836	162176	92060	169016	146484	167828	138164	222628	340072	179984	131852	177112	250884	329792	324952	177604	106152	56176	225168	53652	147212	68456	169592	79756	194904	260652	437528	137956	360412	380872	490500	292932	79388	33828	259932	188740	113904	8892	191200	54544	78788	38472	252020	135056	24628	7224	211640	164232	535272	515656	529908	386288	63896	78660	330064	206556	455064	488144	348868	153836	416076	343124	173216	175688	16528	5392	39572	117768	281448	180660	330124	322680	181224	25212	
data	data	Precentral_L	Precentral_R	Frontal_Sup_L	Frontal_Sup_R	Frontal_Sup_Orb_L	Frontal_Sup_Orb_R	Frontal_Mid_L	Frontal_Mid_R	Frontal_Mid_Orb_L	Frontal_Mid_Orb_R	Frontal_Inf_Oper_L	Frontal_Inf_Oper_R	Frontal_Inf_Tri_L	Frontal_Inf_Tri_R	Frontal_Inf_Orb_L	Frontal_Inf_Orb_R	Rolandic_Oper_L	Rolandic_Oper_R	Supp_Motor_Area_L	Supp_Motor_Area_R	Olfactory_L	Olfactory_R	Frontal_Sup_Medial_L	Frontal_Sup_Medial_R	Frontal_Med_Orb_L	Frontal_Med_Orb_R	Rectus_L	Rectus_R	Insula_L	Insula_R	Cingulum_Ant_L	Cingulum_Ant_R	Cingulum_Mid_L	Cingulum_Mid_R	Cingulum_Post_L	Cingulum_Post_R	Hippocampus_L	Hippocampus_R	ParaHippocampal_L	ParaHippocampal_R	Amygdala_L	Amygdala_R	Calcarine_L	Calcarine_R	Cuneus_L	Cuneus_R	Lingual_L	Lingual_R	Occipital_Sup_L	Occipital_Sup_R	Occipital_Mid_L	Occipital_Mid_R	Occipital_Inf_L	Occipital_Inf_R	Fusiform_L	Fusiform_R	Postcentral_L	Postcentral_R	Parietal_Sup_L	Parietal_Sup_R	Parietal_Inf_L	Parietal_Inf_R	SupraMarginal_L	SupraMarginal_R	Angular_L	Angular_R	Precuneus_L	Precuneus_R	Paracentral_Lobule_L	Paracentral_Lobule_R	Caudate_L	Caudate_R	Putamen_L	Putamen_R	Pallidum_L	Pallidum_R	Thalamus_L	Thalamus_R	Heschl_L	Heschl_R	Temporal_Sup_L	Temporal_Sup_R	Temporal_Pole_Sup_L	Temporal_Pole_Sup_R	Temporal_Mid_L	Temporal_Mid_R	Temporal_Pole_Mid_L	Temporal_Pole_Mid_R	Temporal_Inf_L	Temporal_Inf_R	Cerebelum_Crus1_L	Cerebelum_Crus1_R	Cerebelum_Crus2_L	Cerebelum_Crus2_R	Cerebelum_3_L	Cerebelum_3_R	Cerebelum_4_5_L	Cerebelum_4_5_R	Cerebelum_6_L	Cerebelum_6_R	Cerebelum_7b_L	Cerebelum_7b_R	Cerebelum_8_L	Cerebelum_8_R	Cerebelum_9_L	Cerebelum_9_R	Cerebelum_10_L	Cerebelum_10_R	Vermis_1_2	Vermis_3	Vermis_4_5	Vermis_6	Vermis_7	Vermis_8	Vermis_9	Vermis_10	
512608	Precentral_L	0	202	29728	342	240	0	25142	0	112	0	16320	0	8302	0	434	0	7502	0	18232	4170	0	0	316	0	0	0	0	0	12622	0	556	520	408	3006	0	0	6244	0	222	0	0	0	0	0	0	0	0	0	0	0	1190	0	482	0	594	0	36504	162	0	0	5836	0	2084	0	2352	0	116	0	33186	144	3356	356	7370	118	2142	0	16374	106	4418	0	1852	0	236	0	1818	0	0	0	888	0	0	0	0	0	0	0	0	0	0	0	0	0	0	0	0	0	0	0	0	0	0	0	0	0	0	0	
197944	Precentral_R	202	0	3242	16656	0	0	0	4922	0	0	0	10590	0	0	0	0	0	524	3768	5578	0	0	0	0	0	0	0	0	0	3116	0	0	0	786	0	438	0	1976	0	0	0	0	0	0	0	0	0	0	0	0	0	210	0	0	0	236	148	24534	0	0	0	812	0	1602	0	400	0	308	114	3160	1258	1436	102	2618	0	246	0	9310	0	0	0	0	0	0	0	260	0	0	0	420	0	0	0	0	0	0	0	0	0	0	0	0	0	0	0	0	0	0	0	0	0	0	0	0	0	0	
1.18883e+06	Frontal_Sup_L	29728	3242	0	10582	10556	414	82854	2292	6122	0	14134	1538	18588	462	12152	0	12436	96	83096	18452	0	0	52646	7196	196	1316	0	248	33488	442	18704	8728	6122	7950	0	244	10092	0	514	0	0	0	0	0	0	0	0	0	0	0	0	0	0	0	0	0	3224	2164	0	0	594	0	324	0	108	0	0	0	28870	0	21650	4148	40190	2140	6914	132	23406	156	2104	0	2672	0	990	0	0	0	0	0	0	0	0	0	0	0	0	0	0	0	0	0	0	0	0	0	0	0	0	0	0	0	0	0	0	0	0	0	
816428	Frontal_Sup_R	342	16656	10582	0	0	8664	798	33726	0	538	522	7628	646	7350	278	2014	214	1568	31120	91404	0	0	8028	44042	0	4948	0	1032	2018	5078	5570	34362	4846	26512	0	174	0	1980	0	100	0	0	0	0	0	0	0	98	0	0	0	0	0	0	0	282	160	1424	0	0	0	0	0	130	0	0	0	0	364	0	6964	22088	664	11614	0	886	0	10400	0	0	0	0	0	120	0	0	0	0	0	280	0	0	0	0	0	0	0	0	0	0	0	0	0	0	0	0	0	0	0	0	0	0	0	0	0	0	
253808	Frontal_Sup_Orb_L	240	0	10556	0	0	0	4912	0	21486	0	746	0	6144	0	20918	0	326	0	5608	0	3344	1466	3138	0	2552	0	6260	710	10822	0	3904	1084	174	0	0	0	92	0	154	0	236	0	0	0	0	0	0	0	0	0	0	0	0	0	0	0	0	0	0	0	0	0	0	0	0	0	0	0	0	0	3818	256	17114	204	0	0	0	0	0	0	122	0	518	0	0	0	0	0	0	0	0	0	0	0	0	0	0	0	0	0	0	0	0	0	0	0	0	0	0	0	0	0	0	0	0	0	
178784	Frontal_Sup_Orb_R	0	0	414	8664	0	0	0	2924	0	4328	0	2210	0	4198	0	7028	0	202	3164	5516	108	244	0	8696	0	8708	0	8362	0	6200	138	4440	0	514	0	0	0	0	0	0	0	0	0	0	0	0	0	0	0	0	0	0	0	0	0	0	0	0	0	0	0	0	0	0	0	0	0	0	0	0	204	5146	0	7656	0	328	0	0	0	0	0	0	0	0	0	0	0	0	0	0	0	0	0	0	0	0	0	0	0	0	0	0	0	0	0	0	0	0	0	0	0	0	0	0	0	0	
552400	Frontal_Mid_L	25142	0	82854	798	4912	0	0	96	5228	0	16292	0	36852	0	10164	0	4562	0	8674	1160	0	0	20150	2086	0	0	0	0	18236	0	6230	1538	1868	772	0	0	3520	0	182	0	0	0	0	0	0	0	0	0	0	0	0	0	0	0	0	0	2830	0	0	0	190	0	92	0	112	0	0	0	766	0	1914	174	12984	0	1910	0	1020	0	1128	0	1606	0	158	0	0	0	0	0	0	0	0	0	0	0	0	0	0	0	0	0	0	0	0	0	0	0	0	0	0	0	0	0	0	0	0	0	
249692	Frontal_Mid_R	0	4922	2292	33726	0	2924	96	0	0	272	0	12394	0	14712	0	1932	108	156	6344	12154	0	0	1214	9126	0	266	0	0	518	2976	240	2298	142	3554	0	0	0	506	0	0	0	0	0	0	0	0	0	0	0	0	0	0	0	0	0	0	0	1672	0	0	0	0	0	146	0	0	0	0	0	0	5468	862	438	1458	0	178	0	1752	0	0	0	0	0	0	0	0	0	0	0	0	0	0	0	0	0	0	0	0	0	0	0	0	0	0	0	0	0	0	0	0	0	0	0	0	0	0	
181856	Frontal_Mid_Orb_L	112	0	6122	0	21486	0	5228	0	0	0	666	0	6104	0	21362	0	230	0	3606	0	882	754	394	0	186	0	3410	384	8108	0	1004	608	206	0	0	0	100	0	0	0	0	0	0	0	0	0	0	0	0	0	0	0	0	0	0	0	0	0	0	0	0	0	0	0	0	0	0	0	0	0	1128	188	8376	146	0	0	0	0	0	0	138	0	0	0	0	0	0	0	0	0	0	0	0	0	0	0	0	0	0	0	0	0	0	0	0	0	0	0	0	0	0	0	0	0	0	0	
20724	Frontal_Mid_Orb_R	0	0	0	538	0	4328	0	272	0	0	0	0	0	0	0	4574	0	0	0	182	0	0	0	312	0	0	0	0	0	0	0	0	0	0	0	0	0	0	0	0	0	0	0	0	0	0	0	0	0	0	0	0	0	0	0	0	0	0	0	0	0	0	0	0	0	0	0	0	0	0	0	0	0	156	0	0	0	0	0	0	0	0	0	0	0	0	0	0	0	0	0	0	0	0	0	0	0	0	0	0	0	0	0	0	0	0	0	0	0	0	0	0	0	0	0	0	
273740	Frontal_Inf_Oper_L	16320	0	14134	522	746	0	16292	0	666	0	0	0	23150	0	1846	0	10710	0	7010	558	0	0	598	0	0	0	0	0	26220	0	444	240	428	106	0	0	266	0	0	0	0	0	0	0	0	0	0	0	0	0	0	0	0	0	0	0	6622	0	0	0	0	0	0	0	0	0	0	0	0	0	866	0	3918	0	146	0	124	0	340	0	1674	0	2924	0	0	0	0	0	0	0	0	0	0	0	0	0	0	0	0	0	0	0	0	0	0	0	0	0	0	0	0	0	0	0	0	0	
201976	Frontal_Inf_Oper_R	0	10590	1538	7628	0	2210	0	12394	0	0	0	0	0	9712	0	0	0	4120	2628	7314	0	0	794	3486	0	1370	0	546	0	13488	580	2182	0	1840	0	180	0	676	0	0	0	0	0	0	0	0	0	0	0	0	0	144	0	0	0	108	0	4636	0	0	0	434	0	426	0	228	0	98	0	194	1760	2384	256	4792	0	270	0	1194	0	0	0	0	0	406	0	152	0	0	0	230	0	0	0	0	0	0	0	0	0	0	0	0	0	0	0	0	0	0	0	0	0	0	0	0	0	0	
318404	Frontal_Inf_Tri_L	8302	0	18588	646	6144	0	36852	0	6104	0	23150	0	0	0	16896	0	1300	0	4542	676	0	0	1990	0	0	0	0	0	20118	0	774	0	1972	110	0	0	202	0	0	0	0	0	0	0	0	0	0	0	0	0	0	0	0	0	0	0	2138	0	0	0	0	0	0	0	0	0	0	0	0	0	1272	0	6256	0	0	0	0	0	164	0	372	0	634	0	0	0	0	0	0	0	0	0	0	0	0	0	0	0	0	0	0	0	0	0	0	0	0	0	0	0	0	0	0	0	0	0	
149212	Frontal_Inf_Tri_R	0	0	462	7350	0	4198	0	14712	0	0	0	9712	0	0	0	1632	0	950	1574	5462	0	0	1418	6142	0	594	0	324	0	9638	814	3438	0	2626	0	0	0	0	0	0	0	0	0	0	0	0	0	0	0	0	0	0	0	0	0	0	0	0	0	0	0	0	0	0	0	0	0	0	0	0	310	1194	0	1916	0	140	0	0	0	0	0	0	0	0	0	0	0	0	0	0	0	0	0	0	0	0	0	0	0	0	0	0	0	0	0	0	0	0	0	0	0	0	0	0	0	0	
278780	Frontal_Inf_Orb_L	434	0	12152	278	20918	0	10164	0	21362	0	1846	0	16896	0	0	0	322	0	6320	352	2772	1192	1850	0	116	0	2570	436	17220	0	1884	864	1096	108	0	0	186	0	132	0	292	0	0	0	0	0	0	0	0	0	0	0	0	0	0	0	0	0	0	0	0	0	0	0	0	0	0	0	0	0	2256	258	13820	200	0	0	102	0	0	0	320	0	672	0	0	0	0	0	0	0	0	0	0	0	0	0	0	0	0	0	0	0	0	0	0	0	0	0	0	0	0	0	0	0	0	0	
51092	Frontal_Inf_Orb_R	0	0	0	2014	0	7028	0	1932	0	4574	0	0	0	1632	0	0	0	0	212	626	0	0	0	1842	0	112	0	382	0	2376	0	0	0	0	0	0	0	0	0	0	0	0	0	0	0	0	0	0	0	0	0	0	0	0	0	0	0	0	0	0	0	0	0	0	0	0	0	0	0	0	0	358	0	1848	0	0	0	0	0	0	0	272	0	338	0	0	0	0	0	0	0	0	0	0	0	0	0	0	0	0	0	0	0	0	0	0	0	0	0	0	0	0	0	0	0	0	
203288	Rolandic_Oper_L	7502	0	12436	214	326	0	4562	108	230	0	10710	0	1300	0	322	0	0	0	4808	168	0	0	188	0	0	0	0	0	22062	0	96	0	0	0	0	0	324	0	0	0	0	0	0	0	0	0	0	0	168	0	1452	0	1174	0	1234	0	8888	0	0	0	730	0	2376	0	1548	0	0	0	154	0	186	0	1848	0	182	0	124	0	3728	0	7292	0	2150	0	1750	0	0	0	1304	0	0	0	0	0	0	0	0	0	0	0	0	0	0	0	0	0	0	0	0	0	0	0	0	0	0	0	
89116	Rolandic_Oper_R	0	524	96	1568	0	202	0	156	0	0	0	4120	0	950	0	0	0	0	230	1776	0	0	0	740	0	0	0	0	0	10490	0	288	0	448	0	0	0	2712	0	194	0	0	0	0	0	0	0	0	0	0	0	0	0	0	0	176	0	1056	0	0	0	0	0	816	0	0	0	0	0	0	122	3858	0	7774	0	1666	0	682	0	1752	0	824	0	468	0	384	0	0	0	486	0	0	0	0	0	0	0	0	0	0	0	0	0	0	0	0	0	0	0	0	0	0	0	0	0	0	
970020	Supp_Motor_Area_L	18232	3768	83096	31120	5608	3164	8674	6344	3606	0	7010	2628	4542	1574	6320	212	4808	230	0	61532	0	0	13962	8304	0	3986	0	750	17156	1188	5684	15120	10456	23840	122	828	6286	126	346	0	0	0	0	0	0	0	0	0	0	0	0	0	0	0	0	0	690	762	0	0	124	0	0	0	118	0	124	282	34932	0	19604	8274	20872	4372	7508	168	24312	258	1056	0	422	0	510	0	0	0	0	0	0	0	0	0	0	0	0	0	0	0	0	0	0	0	0	0	0	0	0	0	0	0	0	0	0	0	0	0	
988368	Supp_Motor_Area_R	4170	5578	18452	91404	0	5516	1160	12154	0	182	558	7314	676	5462	352	626	168	1776	61532	0	0	0	6230	27712	0	5744	0	1242	1780	4916	4512	31184	11560	56836	378	1700	0	2018	0	0	0	0	0	138	0	0	0	224	0	0	810	0	328	0	318	468	262	2406	0	0	0	0	0	136	222	0	98	1252	18818	9588	7192	35934	754	12680	214	764	216	25912	0	0	0	216	0	132	246	846	0	0	226	790	0	0	0	0	0	0	0	0	0	0	0	0	0	0	0	0	0	0	0	0	102	0	0	0	0	0	
100664	Olfactory_L	0	0	0	0	3344	108	0	0	882	0	0	0	0	0	2772	0	0	0	0	0	0	8352	0	0	198	132	2982	2856	2206	0	3536	3362	0	0	0	0	0	0	194	0	494	0	0	0	0	0	0	0	0	0	0	0	0	0	0	0	0	0	0	0	0	0	0	0	0	0	0	0	0	0	9460	2714	4764	1052	528	0	0	0	0	0	0	0	396	0	0	0	0	0	0	0	0	0	0	0	0	0	0	0	0	0	0	0	0	0	0	0	0	0	0	0	0	0	0	0	0	0	
95524	Olfactory_R	0	0	0	0	1466	244	0	0	754	0	0	0	0	0	1192	0	0	0	0	0	8352	0	0	0	0	352	2220	3244	162	1468	3198	3850	0	0	0	0	0	398	0	0	0	930	0	0	0	0	0	0	0	0	0	0	0	0	0	0	0	0	0	0	0	0	0	0	0	0	0	0	0	0	9378	3750	4454	1808	542	0	0	0	0	0	0	0	0	0	0	0	0	0	0	0	0	0	0	0	0	0	0	0	0	0	0	0	0	0	0	0	0	0	0	0	0	0	0	0	0	0	
413628	Frontal_Sup_Medial_L	316	0	52646	8028	3138	0	20150	1214	394	0	598	794	1990	1418	1850	0	188	0	13962	6230	0	0	0	24986	1440	176	0	0	3676	402	21564	13132	8822	10180	0	0	264	158	0	0	0	0	0	0	0	0	0	0	0	0	0	0	0	0	0	0	0	0	0	0	0	0	0	0	0	0	0	0	0	0	3152	504	4270	816	0	0	130	0	0	0	226	0	0	0	0	0	0	0	0	0	0	0	0	0	0	0	0	0	0	0	0	0	0	0	0	0	0	0	0	0	0	0	0	0	0	0	
453532	Frontal_Sup_Medial_R	0	0	7196	44042	0	8696	2086	9126	0	312	0	3486	0	6142	0	1842	0	740	8304	27712	0	0	24986	0	0	4330	0	284	0	3472	5892	32660	1550	23784	0	0	0	448	0	0	0	0	0	0	0	0	0	0	0	0	0	0	0	0	0	0	0	0	0	0	0	0	0	0	0	0	0	0	0	0	382	5418	190	3380	0	306	0	0	0	0	0	0	0	0	0	0	0	0	0	0	0	0	0	0	0	0	0	0	0	0	0	0	0	0	0	0	0	0	0	0	0	0	0	0	0	0	
21616	Frontal_Med_Orb_L	0	0	196	0	2552	0	0	0	186	0	0	0	0	0	116	0	0	0	0	0	198	0	1440	0	0	104	1478	0	0	0	3154	140	0	0	0	0	0	0	0	0	0	0	0	0	0	0	0	0	0	0	0	0	0	0	0	0	0	0	0	0	0	0	0	0	0	0	0	0	0	0	802	0	442	0	0	0	0	0	0	0	0	0	0	0	0	0	0	0	0	0	0	0	0	0	0	0	0	0	0	0	0	0	0	0	0	0	0	0	0	0	0	0	0	0	0	0	
133928	Frontal_Med_Orb_R	0	0	1316	4948	0	8708	0	266	0	0	0	1370	0	594	0	112	0	0	3986	5744	132	352	176	4330	104	0	0	6242	0	1924	826	6902	0	180	0	0	0	0	0	0	0	0	0	0	0	0	0	0	0	0	0	0	0	0	0	0	0	0	0	0	0	0	0	0	0	0	0	0	0	0	510	9868	0	8080	0	128	0	166	0	0	0	0	0	0	0	0	0	0	0	0	0	0	0	0	0	0	0	0	0	0	0	0	0	0	0	0	0	0	0	0	0	0	0	0	0	0	
57268	Rectus_L	0	0	0	0	6260	0	0	0	3410	0	0	0	0	0	2570	0	0	0	0	0	2982	2220	0	0	1478	0	0	1084	544	0	2292	1678	0	0	0	0	0	0	0	0	0	0	0	0	0	0	0	0	0	0	0	0	0	0	0	0	0	0	0	0	0	0	0	0	0	0	0	0	0	0	2724	314	826	252	0	0	0	0	0	0	0	0	0	0	0	0	0	0	0	0	0	0	0	0	0	0	0	0	0	0	0	0	0	0	0	0	0	0	0	0	0	0	0	0	0	0	
84868	Rectus_R	0	0	248	1032	710	8362	0	0	384	0	0	546	0	324	436	382	0	0	750	1242	2856	3244	0	284	0	6242	1084	0	0	1128	758	2536	0	0	0	0	0	0	0	0	0	0	0	0	0	0	0	0	0	0	0	0	0	0	0	0	0	0	0	0	0	0	0	0	0	0	0	0	0	0	2930	1346	1548	3786	276	0	0	0	0	0	0	0	0	0	0	0	0	0	0	0	0	0	0	0	0	0	0	0	0	0	0	0	0	0	0	0	0	0	0	0	0	0	0	0	0	0	
588136	Insula_L	12622	0	33488	2018	10822	0	18236	518	8108	0	26220	0	20118	0	17220	0	22062	0	17156	1780	2206	162	3676	0	0	0	544	0	0	0	2348	1078	3242	352	0	0	12202	0	904	0	1670	0	0	0	0	0	0	0	0	0	522	0	380	0	2068	0	8774	0	0	0	1486	0	450	0	666	0	104	0	1018	0	2920	144	25036	0	328	150	3416	0	9690	0	9600	0	5996	0	632	0	0	0	1936	0	0	0	0	0	0	0	0	0	0	0	0	0	0	0	0	0	0	0	0	0	0	0	0	0	0	0	
223704	Insula_R	0	3116	442	5078	0	6200	0	2976	0	0	0	13488	0	9638	0	2376	0	10490	1188	4916	0	1468	402	3472	0	1924	0	1128	0	0	528	1840	0	1030	0	0	0	5240	0	252	0	1292	0	0	0	0	0	0	0	102	0	0	0	0	0	304	0	2360	0	0	0	0	0	0	0	0	0	118	0	226	574	3214	0	18068	0	930	0	2448	0	696	0	1886	0	494	0	1158	0	0	0	790	0	0	0	0	0	0	0	0	0	0	0	0	0	0	0	0	0	0	0	0	0	0	0	0	0	0	
336236	Cingulum_Ant_L	556	0	18704	5570	3904	138	6230	240	1004	0	444	580	774	814	1884	0	96	0	5684	4512	3536	3198	21564	5892	3154	826	2292	758	2348	528	0	27868	9536	8052	358	0	464	94	0	0	0	0	0	0	0	0	0	0	0	0	0	0	0	0	0	0	220	0	0	0	0	0	0	0	0	0	786	0	92	0	11146	3540	8068	1620	136	0	298	0	108	0	502	0	0	0	0	0	0	0	0	0	0	0	0	0	0	0	0	0	0	0	0	0	0	0	0	0	0	0	0	0	0	0	0	0	0	0	
549044	Cingulum_Ant_R	520	0	8728	34362	1084	4440	1538	2298	608	0	240	2182	0	3438	864	0	0	288	15120	31184	3362	3850	13132	32660	140	6902	1678	2536	1078	1840	27868	0	5574	33594	0	866	272	280	0	0	0	0	0	0	0	0	0	0	0	0	0	0	0	0	0	0	164	0	0	0	0	0	0	0	0	0	0	300	416	0	5226	14676	2900	6622	126	164	140	1052	0	0	210	0	0	0	0	0	0	0	0	0	0	0	0	0	0	0	0	0	0	0	0	0	0	0	0	0	0	0	0	0	0	0	0	0	0	0	
208476	Cingulum_Mid_L	408	0	6122	4846	174	0	1868	142	206	0	428	0	1972	0	1096	0	0	0	10456	11560	0	0	8822	1550	0	0	0	0	3242	0	9536	5574	0	15842	3000	1324	0	0	0	0	0	0	322	0	264	352	0	0	892	0	2108	0	0	0	0	0	0	0	396	0	0	0	0	0	0	0	5320	632	2734	822	982	252	892	102	0	0	0	0	0	0	0	0	0	0	0	0	0	0	0	0	0	0	0	0	0	0	0	0	0	0	0	0	0	0	0	0	0	0	0	0	0	0	0	0	0	0	
567072	Cingulum_Mid_R	3006	786	7950	26512	0	514	772	3554	0	0	106	1840	110	2626	108	0	0	448	23840	56836	0	0	10180	23784	0	180	0	0	352	1030	8052	33594	15842	0	1546	6140	0	444	0	0	0	0	0	922	0	3036	0	0	0	2096	1018	556	326	0	292	0	170	2978	0	0	0	0	0	0	284	140	840	8066	16200	10672	878	1450	222	1092	0	0	0	262	0	0	0	0	0	0	226	530	0	0	206	182	0	0	0	0	0	0	0	0	0	0	0	0	0	0	0	0	0	0	0	0	740	0	0	0	0	0	
88160	Cingulum_Post_L	0	0	0	0	0	0	0	0	0	0	0	0	0	0	0	0	0	0	122	378	0	0	0	0	0	0	0	0	0	0	358	0	3000	1546	0	10168	3740	2210	230	374	0	0	722	148	462	0	216	666	136	168	2176	114	1502	0	1948	0	0	372	116	0	178	0	0	0	1134	0	2852	2656	248	760	0	0	0	0	0	0	764	674	0	0	134	0	0	0	1000	566	0	0	946	604	0	0	0	0	0	0	0	0	0	0	0	0	0	0	0	0	0	0	0	0	692	0	0	0	0	0	
135508	Cingulum_Post_R	0	438	244	174	0	0	0	0	0	0	0	180	0	0	0	0	0	0	828	1700	0	0	0	0	0	0	0	0	0	0	0	866	1324	6140	10168	0	2918	2364	0	330	0	0	0	1256	0	1216	0	986	0	2136	812	944	874	286	1356	0	0	856	0	112	0	206	0	0	366	252	816	13130	480	2446	0	0	0	0	0	0	526	620	0	0	0	128	0	0	282	2038	0	0	728	1092	0	0	0	0	0	0	0	118	0	0	0	0	0	0	0	0	0	0	0	0	6018	0	0	0	0	0	
242180	Hippocampus_L	6244	0	10092	0	92	0	3520	0	100	0	266	0	202	0	186	0	324	0	6286	0	0	0	264	0	0	0	0	0	12202	0	464	272	0	0	3740	2918	0	1790	6454	852	6142	0	468	0	0	0	614	670	0	0	972	0	798	0	7368	0	560	0	0	0	0	0	0	0	0	0	924	1364	5114	0	170	0	11630	0	968	0	9864	1284	4490	0	2714	0	1246	0	1088	0	0	0	4902	0	0	0	0	0	310	0	790	0	0	0	0	0	0	0	0	0	0	0	0	0	372	0	0	0	0	0	
190168	Hippocampus_R	0	1976	0	1980	0	0	0	506	0	0	0	676	0	0	0	0	0	2712	126	2018	0	398	158	448	0	0	0	0	0	5240	94	280	0	444	2210	2364	1790	0	0	12286	0	7014	0	0	0	0	0	1128	0	0	222	0	404	800	662	14364	0	696	0	0	0	0	0	606	0	0	0	1358	0	362	0	214	0	11174	0	838	1068	4796	0	0	0	1318	0	1402	152	2048	0	0	286	7758	0	0	0	0	0	0	0	462	0	0	0	0	0	0	0	0	0	0	0	0	246	0	0	0	0	0	
48172	ParaHippocampal_L	222	0	514	0	154	0	182	0	0	0	0	0	0	0	132	0	0	0	346	0	194	0	0	0	0	0	0	0	904	0	0	0	0	0	230	0	6454	0	0	0	1548	0	0	0	0	0	1720	0	0	0	0	0	0	0	4190	0	0	0	0	0	0	0	0	0	0	0	374	0	312	0	0	0	780	0	0	0	698	0	0	0	230	0	416	0	0	0	244	0	808	0	404	0	156	0	418	0	1680	0	672	0	0	0	0	0	104	0	0	0	0	0	0	0	0	0	0	0	
97056	ParaHippocampal_R	0	0	0	100	0	0	0	0	0	0	0	0	0	0	0	0	0	194	0	0	0	0	0	0	0	0	0	0	0	252	0	0	0	0	374	330	852	12286	0	0	0	5410	0	394	0	0	0	3302	0	0	0	0	0	1750	0	11580	0	120	0	0	0	0	0	0	0	0	0	1464	0	0	0	0	0	460	0	300	810	1756	0	0	0	498	0	2330	0	202	0	0	0	3172	0	0	0	0	0	0	0	592	0	0	0	0	0	0	0	0	0	0	0	0	0	0	0	0	0	0	
28136	Amygdala_L	0	0	0	0	236	0	0	0	0	0	0	0	0	0	292	0	0	0	0	0	494	0	0	0	0	0	0	0	1670	0	0	0	0	0	0	0	6142	0	1548	0	0	0	0	0	0	0	0	0	0	0	0	0	0	0	2448	0	0	0	0	0	0	0	0	0	0	0	0	0	0	0	0	0	454	0	0	0	0	0	0	0	0	0	620	0	0	0	0	0	164	0	0	0	0	0	0	0	0	0	0	0	0	0	0	0	0	0	0	0	0	0	0	0	0	0	0	0	
42724	Amygdala_R	0	0	0	0	0	0	0	0	0	0	0	0	0	0	0	0	0	0	0	0	0	930	0	0	0	0	0	0	0	1292	0	0	0	0	0	0	0	7014	0	5410	0	0	0	0	0	0	0	0	0	0	0	0	0	0	0	4326	0	0	0	0	0	0	0	0	0	0	0	0	0	0	0	0	0	0	0	0	0	0	0	0	0	0	0	2390	0	0	0	0	0	0	0	0	0	0	0	0	0	0	0	0	0	0	0	0	0	0	0	0	0	0	0	0	0	0	0	0	
114836	Calcarine_L	0	0	0	0	0	0	0	0	0	0	0	0	0	0	0	0	0	0	0	0	0	0	0	0	0	0	0	0	0	0	0	0	322	0	722	0	468	0	0	0	0	0	0	2146	6996	1628	5514	492	5262	744	14876	0	3888	190	340	0	0	0	0	0	0	0	0	0	94	0	8978	0	0	0	0	0	0	0	0	0	104	0	532	0	194	0	0	0	2622	0	0	0	1306	0	0	0	0	0	0	0	0	0	0	0	0	0	0	0	0	0	0	0	0	0	0	0	0	0	0	0	
162176	Calcarine_R	0	0	0	0	0	0	0	0	0	0	0	0	0	0	0	0	0	0	0	138	0	0	0	0	0	0	0	0	0	0	0	0	0	922	148	1256	0	0	0	394	0	0	2146	0	702	12678	0	9718	0	13528	0	9886	0	12922	114	4624	0	0	0	0	0	0	0	0	0	0	0	7122	0	264	0	0	0	0	0	0	0	0	0	0	0	0	0	0	0	1998	0	0	0	2192	0	0	0	0	0	0	0	0	0	0	0	0	0	0	0	0	0	0	0	0	244	92	0	0	0	0	
92060	Cuneus_L	0	0	0	0	0	0	0	0	0	0	0	0	0	0	0	0	0	0	0	0	0	0	0	0	0	0	0	0	0	0	0	0	264	0	462	0	0	0	0	0	0	0	6996	702	0	1938	812	0	12384	1056	9202	134	816	234	0	0	0	0	190	0	0	0	0	0	286	0	8444	0	0	0	0	0	0	0	0	0	0	0	0	0	0	0	0	0	1688	0	0	0	422	0	0	0	0	0	0	0	0	0	0	0	0	0	0	0	0	0	0	0	0	0	0	0	0	0	0	0	
169016	Cuneus_R	0	0	0	0	0	0	0	0	0	0	0	0	0	0	0	0	0	0	0	0	0	0	0	0	0	0	0	0	0	0	0	0	352	3036	0	1216	0	0	0	0	0	0	1628	12678	1938	0	0	2538	0	23620	0	8478	0	5828	0	1412	0	106	0	1778	0	0	0	0	0	504	1166	14872	0	1178	0	0	0	0	0	0	0	0	0	0	0	0	0	0	0	1342	0	0	0	480	0	0	0	0	0	0	0	0	0	0	0	0	0	0	0	0	0	0	0	0	358	0	0	0	0	0	
146484	Lingual_L	0	0	0	0	0	0	0	0	0	0	0	0	0	0	0	0	0	0	0	0	0	0	0	0	0	0	0	0	0	0	0	0	0	0	216	0	614	0	1720	0	0	0	5514	0	812	0	0	524	1754	0	9200	0	3056	170	9174	670	0	0	0	0	0	0	0	0	0	0	1190	0	0	0	0	0	0	0	0	0	348	0	0	0	0	0	0	0	0	0	0	0	182	0	6790	656	1150	0	0	0	7530	472	11698	1598	0	0	0	0	0	186	0	0	0	0	3650	2578	1336	0	210	244	
167828	Lingual_R	0	0	0	98	0	0	0	0	0	0	0	0	0	0	0	0	0	0	0	224	0	0	0	0	0	0	0	0	0	0	0	0	0	0	666	986	670	1128	0	3302	0	0	492	9718	0	2538	524	0	0	4366	0	5034	0	7590	112	14602	0	0	0	0	0	0	0	0	0	0	0	2782	0	0	0	0	0	0	0	0	100	854	0	0	0	0	0	0	0	134	0	0	0	846	620	2350	484	0	98	192	264	3612	508	7070	0	0	0	0	0	0	0	0	0	154	4442	4508	2846	0	0	0	
138164	Occipital_Sup_L	0	0	0	0	0	0	0	0	0	0	0	0	0	0	0	0	168	0	0	0	0	0	0	0	0	0	0	0	0	0	0	0	892	0	136	0	0	0	0	0	0	0	5262	0	12384	0	1754	0	0	0	24332	0	1402	0	0	0	0	0	4302	0	0	0	138	0	1242	0	11160	0	116	0	0	0	0	0	0	0	0	0	92	0	0	0	0	0	4782	0	0	0	920	0	0	0	0	0	0	0	0	0	0	0	0	0	0	0	0	0	0	0	0	0	0	0	0	0	0	0	
222628	Occipital_Sup_R	0	0	0	0	0	0	0	0	0	0	0	0	0	0	0	0	0	0	0	0	0	0	0	0	0	0	0	0	0	102	0	0	0	2096	168	2136	0	0	0	0	0	0	744	13528	1056	23620	0	4366	0	0	0	17180	0	9932	0	3088	0	178	0	2842	0	98	0	192	0	2110	818	16854	0	3846	0	0	0	0	0	0	0	0	0	0	0	180	0	0	0	3962	0	0	0	1188	0	0	0	0	0	0	0	0	0	0	0	0	0	0	0	0	0	0	0	0	1030	0	0	0	0	0	
340072	Occipital_Mid_L	1190	0	0	0	0	0	0	0	0	0	0	0	0	0	0	0	1452	0	0	810	0	0	0	0	0	0	0	0	522	0	0	0	2108	1018	2176	812	972	222	0	0	0	0	14876	0	9202	0	9200	0	24332	0	0	0	20438	0	2246	0	1964	336	5882	0	4662	0	1154	0	12460	0	14612	422	2326	1024	0	0	0	0	0	0	0	0	3854	0	1998	0	0	0	19454	314	0	0	7542	180	0	0	0	0	0	0	104	0	172	0	0	0	0	0	0	0	0	0	0	0	0	0	0	0	0	0	
179984	Occipital_Mid_R	0	210	0	0	0	0	0	0	0	0	0	144	0	0	0	0	0	0	0	0	0	0	0	0	0	0	0	0	0	0	0	0	0	556	114	944	0	0	0	0	0	0	0	9886	134	8478	0	5034	0	17180	0	0	0	13718	0	3896	0	286	0	692	0	4378	0	562	0	9308	0	4616	0	1044	0	0	0	0	0	0	0	0	0	0	0	128	0	0	0	7108	0	0	0	1192	0	0	0	0	0	0	0	0	0	0	0	0	0	0	0	0	0	0	0	0	384	0	0	0	0	0	
131852	Occipital_Inf_L	482	0	0	0	0	0	0	0	0	0	0	0	0	0	0	0	1174	0	0	328	0	0	0	0	0	0	0	0	380	0	0	0	0	326	1502	874	798	404	0	0	0	0	3888	0	816	0	3056	0	1402	0	20438	0	0	0	6272	0	226	0	0	0	318	0	664	0	336	0	1524	244	500	252	0	0	0	0	0	0	0	0	2896	0	1550	0	0	0	6594	326	0	0	7242	326	178	0	0	0	0	0	176	0	320	0	0	0	0	0	0	0	0	0	0	0	0	114	0	0	0	0	
177112	Occipital_Inf_R	0	0	0	0	0	0	0	0	0	0	0	0	0	0	0	0	0	0	0	0	0	0	0	0	0	0	0	0	0	0	0	0	0	0	0	286	0	800	0	1750	0	0	190	12922	234	5828	170	7590	0	9932	0	13718	0	0	116	13528	0	0	0	0	0	0	0	0	0	0	0	2308	0	0	0	0	0	0	0	0	0	0	0	0	0	138	0	0	0	1978	0	0	0	6938	472	1326	274	100	0	0	0	112	280	2812	0	0	0	0	0	0	0	0	0	0	502	2516	1736	0	0	0	
250884	Fusiform_L	594	0	0	0	0	0	0	0	0	0	0	0	0	0	0	0	1234	0	0	318	0	0	0	0	0	0	0	0	2068	0	0	0	0	292	1948	1356	7368	662	4190	0	2448	0	340	114	0	0	9174	112	0	0	2246	0	6272	116	0	242	208	0	0	0	346	0	1090	0	336	0	326	298	718	216	0	0	100	0	0	0	106	0	2304	0	4674	0	1810	0	1564	456	1312	0	17202	536	17018	266	710	0	0	0	8942	254	20164	538	208	0	292	0	110	0	0	0	0	0	1528	570	146	0	0	0	
329792	Fusiform_R	0	236	0	282	0	0	0	0	0	0	0	108	0	0	0	0	0	176	0	468	0	0	0	0	0	0	0	0	0	304	0	0	0	0	0	0	0	14364	0	11580	0	4326	0	4624	0	1412	670	14602	0	3088	0	3896	0	13528	242	0	0	2928	0	0	0	298	0	4560	0	798	0	1486	0	582	0	0	0	190	0	0	0	0	0	114	0	2160	0	3312	0	3480	0	774	0	20658	910	7122	534	242	0	0	310	6896	788	16672	0	102	0	146	0	0	0	0	0	0	4634	6866	4330	98	0	0	
324952	Postcentral_L	36504	148	3224	160	0	0	2830	0	0	0	6622	0	2138	0	0	0	8888	0	690	262	0	0	0	0	0	0	0	0	8774	0	220	164	0	170	0	0	560	0	0	0	0	0	0	0	0	0	0	0	0	0	1964	0	226	0	208	0	0	150	10270	0	36450	0	16600	0	4842	0	4552	0	7884	166	460	136	722	0	0	0	412	0	2914	0	2182	0	234	0	466	0	0	0	284	0	0	0	0	0	0	0	0	0	0	0	0	0	0	0	0	0	0	0	0	0	0	0	0	0	0	0	
177604	Postcentral_R	162	24534	2164	1424	0	0	0	1672	0	0	0	4636	0	0	0	0	0	1056	762	2406	0	0	0	0	0	0	0	0	0	2360	0	0	0	2978	372	856	0	696	0	120	0	0	0	0	0	106	0	0	0	178	336	286	0	0	0	2928	150	0	0	3874	0	2430	0	7596	114	1460	0	2614	234	11208	1266	1314	0	1136	0	404	0	670	0	130	0	336	0	0	0	500	0	0	0	3236	0	0	0	0	0	0	0	0	0	0	0	0	0	0	0	0	0	0	0	0	98	0	0	0	0	0	
106152	Parietal_Sup_L	0	0	0	0	0	0	0	0	0	0	0	0	0	0	0	0	0	0	0	0	0	0	0	0	0	0	0	0	0	0	0	0	396	0	116	0	0	0	0	0	0	0	0	0	190	0	0	0	4302	0	5882	0	0	0	0	0	10270	0	0	0	10572	0	224	0	3590	0	14302	0	3232	0	0	0	0	0	0	0	0	0	0	0	0	0	0	0	0	0	0	0	0	0	0	0	0	0	0	0	0	0	0	0	0	0	0	0	0	0	0	0	0	0	0	0	0	0	0	0	
56176	Parietal_Sup_R	0	0	0	0	0	0	0	0	0	0	0	0	0	0	0	0	0	0	0	0	0	0	0	0	0	0	0	0	0	0	0	0	0	0	0	112	0	0	0	0	0	0	0	0	0	1778	0	0	0	2842	0	692	0	0	0	0	0	3874	0	0	0	2740	0	0	0	2542	1618	9850	0	2040	0	0	0	0	0	0	0	0	0	0	0	0	0	0	0	0	0	0	0	0	0	0	0	0	0	0	0	0	0	0	0	0	0	0	0	0	0	0	0	0	0	0	0	0	0	0	
225168	Parietal_Inf_L	5836	0	594	0	0	0	190	0	0	0	0	0	0	0	0	0	730	0	124	0	0	0	0	0	0	0	0	0	1486	0	0	0	0	0	178	0	0	0	0	0	0	0	0	0	0	0	0	0	0	0	4662	0	318	0	346	0	36450	0	10572	0	0	0	23984	0	17410	0	3260	0	4234	0	0	0	0	0	0	0	0	0	0	0	1200	0	0	0	858	0	0	0	152	0	0	0	0	0	0	0	0	0	0	0	0	0	0	0	0	0	0	0	0	0	0	0	0	0	0	0	
53652	Parietal_Inf_R	0	812	0	0	0	0	0	0	0	0	0	434	0	0	0	0	0	0	0	0	0	0	0	0	0	0	0	0	0	0	0	0	0	0	0	206	0	0	0	0	0	0	0	0	0	0	0	0	0	98	0	4378	0	0	0	298	0	2430	0	2740	0	0	0	3246	0	10940	0	196	0	750	0	0	0	0	0	0	0	0	0	0	0	0	0	0	0	0	0	0	0	298	0	0	0	0	0	0	0	0	0	0	0	0	0	0	0	0	0	0	0	0	0	0	0	0	0	0	
147212	SupraMarginal_L	2084	0	324	0	0	0	92	0	0	0	0	0	0	0	0	0	2376	0	0	0	0	0	0	0	0	0	0	0	450	0	0	0	0	0	0	0	0	0	0	0	0	0	0	0	0	0	0	0	138	0	1154	0	664	0	1090	0	16600	0	224	0	23984	0	0	0	10278	0	156	0	812	0	0	0	0	0	0	0	0	0	114	0	6826	0	0	0	5504	0	0	0	736	0	0	0	0	0	0	0	0	0	0	0	0	0	0	0	0	0	0	0	0	0	0	0	0	0	0	0	
68456	SupraMarginal_R	0	1602	0	130	0	0	0	146	0	0	0	426	0	0	0	0	0	816	0	136	0	0	0	0	0	0	0	0	0	0	0	0	0	0	0	0	0	606	0	0	0	0	0	0	0	0	0	0	0	192	0	562	0	0	0	4560	0	7596	0	0	0	3246	0	0	0	4876	0	184	0	320	0	0	0	0	0	0	0	0	0	0	0	3882	0	0	0	272	0	0	0	4676	0	0	0	0	0	0	0	0	0	0	0	0	0	0	0	0	0	0	0	0	0	0	0	0	0	0	
169592	Angular_L	2352	0	108	0	0	0	112	0	0	0	0	0	0	0	0	0	1548	0	118	222	0	0	0	0	0	0	0	0	666	0	0	0	0	284	1134	366	0	0	0	0	0	0	94	0	286	0	0	0	1242	0	12460	0	336	0	336	0	4842	114	3590	0	17410	0	10278	0	0	0	1222	340	4198	376	0	0	0	0	0	0	0	0	128	0	3684	0	0	0	13746	202	0	0	3002	0	0	0	0	0	0	0	0	0	0	0	0	0	0	0	0	0	0	0	0	0	0	0	0	0	0	0	
79756	Angular_R	0	400	0	0	0	0	0	0	0	0	0	228	0	0	0	0	0	0	0	0	0	0	0	0	0	0	0	0	0	0	0	0	0	140	0	252	0	0	0	0	0	0	0	0	0	504	0	0	0	2110	0	9308	0	0	0	798	0	1460	0	2542	0	10940	0	4876	0	0	0	1144	0	914	0	0	0	0	0	0	0	0	0	0	0	1842	0	0	0	1554	0	0	0	866	0	0	0	0	0	0	0	0	0	0	0	0	0	0	0	0	0	0	0	0	0	0	0	0	0	0	
194904	Precuneus_L	116	0	0	0	0	0	0	0	0	0	0	0	0	0	0	0	0	0	124	98	0	0	0	0	0	0	0	0	104	0	786	0	5320	840	2852	816	924	0	374	0	0	0	8978	0	8444	1166	1190	0	11160	818	14612	0	1524	0	326	0	4552	0	14302	1618	3260	0	156	0	1222	0	0	4224	3984	98	0	0	0	0	0	0	170	0	236	0	182	0	0	0	1942	0	0	0	716	0	0	0	0	0	0	0	0	0	0	0	0	0	0	0	0	0	0	0	0	0	218	0	0	0	0	0	
260652	Precuneus_R	0	308	0	0	0	0	0	0	0	0	0	98	0	0	0	0	0	0	282	1252	0	0	0	0	0	0	0	0	0	118	0	300	632	8066	2656	13130	1364	1358	0	1464	0	0	0	7122	0	14872	0	2782	0	16854	422	4616	244	2308	298	1486	0	2614	0	9850	0	196	0	184	340	1144	4224	0	560	7384	0	0	0	0	0	0	384	840	0	0	0	422	0	0	158	8850	0	0	194	3762	0	0	0	0	0	0	0	244	0	0	0	0	0	0	0	0	0	0	0	0	6944	0	0	0	0	0	
437528	Paracentral_Lobule_L	33186	114	28870	364	0	0	766	0	0	0	0	0	0	0	0	0	154	0	34932	18818	0	0	0	0	0	0	0	0	1018	0	92	416	2734	16200	248	480	5114	0	312	0	0	0	0	0	0	0	0	0	116	0	2326	0	500	0	718	0	7884	234	3232	0	4234	0	812	0	4198	0	3984	560	0	4554	3810	136	2700	0	1812	0	27366	138	1294	0	218	0	0	0	2334	260	0	0	1526	0	0	0	0	0	0	0	0	0	0	0	0	0	0	0	0	0	0	0	0	0	0	0	0	0	0	0	
137956	Paracentral_Lobule_R	144	3160	0	0	0	0	0	0	0	0	0	194	0	0	0	0	0	0	0	9588	0	0	0	0	0	0	0	0	0	226	0	0	822	10672	760	2446	0	362	0	0	0	0	0	264	0	1178	0	0	0	3846	1024	1044	252	0	216	582	166	11208	0	2040	0	750	0	320	376	914	98	7384	4554	0	0	0	0	0	0	0	0	0	0	114	0	330	0	0	198	2098	0	0	144	1002	0	0	0	0	0	0	0	0	0	0	0	0	0	0	0	0	0	0	0	0	502	0	0	0	0	0	
360412	Caudate_L	3356	1258	21650	6964	3818	204	1914	5468	1128	0	866	1760	1272	310	2256	0	186	122	19604	7192	9460	9378	3152	382	802	510	2724	2930	2920	574	11146	5226	982	878	0	0	170	0	0	0	0	0	0	0	0	0	0	0	0	0	0	0	0	0	0	0	460	1266	0	0	0	0	0	0	0	0	0	0	3810	0	0	8026	20734	2490	3610	328	8324	446	0	0	150	0	0	0	0	0	0	0	0	0	0	0	0	0	0	0	0	0	0	0	0	0	0	0	0	0	0	0	0	0	0	0	0	0	0	0	
380872	Caudate_R	356	1436	4148	22088	256	5146	174	862	188	0	0	2384	0	1194	258	358	0	3858	8274	35934	2714	3750	504	5418	0	9868	314	1346	144	3214	3540	14676	252	1450	0	0	0	214	0	0	0	0	0	0	0	0	0	0	0	0	0	0	0	0	0	0	136	1314	0	0	0	0	0	0	0	0	0	0	136	0	8026	0	2248	16236	228	3028	220	24414	0	132	0	0	0	0	0	0	0	0	0	0	0	0	0	0	0	0	0	0	0	0	0	0	0	0	0	0	0	0	0	0	0	0	0	0	0	0	
490500	Putamen_L	7370	102	40190	664	17114	0	12984	438	8376	0	3918	256	6256	0	13820	0	1848	0	20872	754	4764	4454	4270	190	442	0	826	1548	25036	0	8068	2900	892	222	0	0	11630	0	780	0	454	0	0	0	0	0	0	0	0	0	0	0	0	0	100	0	722	0	0	0	0	0	0	0	0	0	0	0	2700	0	20734	2248	0	770	9640	0	3652	0	682	0	912	0	1652	0	0	0	0	0	0	0	0	0	0	0	0	0	0	0	0	0	0	0	0	0	0	0	0	0	0	0	0	0	0	0	0	0	
292932	Putamen_R	118	2618	2140	11614	204	7656	0	1458	146	156	0	4792	0	1916	200	1848	0	7774	4372	12680	1052	1808	816	3380	0	8080	252	3786	0	18068	1620	6622	102	1092	0	0	0	11174	0	460	0	0	0	0	0	0	0	0	0	0	0	0	0	0	0	190	0	1136	0	0	0	0	0	0	0	0	0	0	0	0	2490	16236	770	0	0	5342	0	1930	0	0	0	240	0	0	0	0	0	0	0	128	0	0	0	0	0	0	0	0	0	0	0	0	0	0	0	0	0	0	0	0	0	0	0	0	0	0	
79388	Pallidum_L	2142	0	6914	0	0	0	1910	0	0	0	146	0	0	0	0	0	182	0	7508	214	528	542	0	0	0	0	0	276	328	0	136	126	0	0	0	0	968	0	0	0	0	0	0	0	0	0	0	0	0	0	0	0	0	0	0	0	0	0	0	0	0	0	0	0	0	0	0	0	1812	0	3610	228	9640	0	0	0	2356	128	0	0	0	0	0	0	0	0	0	0	0	0	0	0	0	0	0	0	0	0	0	0	0	0	0	0	0	0	0	0	0	0	0	0	0	0	0	0	
33828	Pallidum_R	0	246	132	886	0	328	0	178	0	0	0	270	0	140	0	0	0	1666	168	764	0	0	0	306	0	128	0	0	150	930	0	164	0	0	0	0	0	838	0	300	0	0	0	0	0	0	0	0	0	0	0	0	0	0	0	0	0	404	0	0	0	0	0	0	0	0	0	0	0	0	328	3028	0	5342	0	0	0	218	0	0	0	0	0	0	0	0	0	0	0	0	0	0	0	0	0	0	0	0	0	0	0	0	0	0	0	0	0	0	0	0	0	0	0	0	0	0	
259932	Thalamus_L	16374	0	23406	0	0	0	1020	0	0	0	124	0	0	0	102	0	124	0	24312	216	0	0	130	0	0	0	0	0	3416	0	298	140	0	0	764	526	9864	1068	698	810	0	0	104	0	0	0	348	100	0	0	0	0	0	0	106	0	412	0	0	0	0	0	0	0	0	0	170	384	27366	0	8324	220	3652	0	2356	0	0	1526	154	0	1352	0	0	0	0	0	0	0	0	0	0	0	0	0	0	0	0	0	0	0	0	0	0	0	0	0	0	0	0	0	0	0	0	0	0	0	
188740	Thalamus_R	106	9310	156	10400	0	0	0	1752	0	0	0	1194	0	0	0	0	0	682	258	25912	0	0	0	0	0	166	0	0	0	2448	0	1052	0	262	674	620	1284	4796	0	1756	0	0	0	0	0	0	0	854	0	0	0	0	0	0	0	0	0	670	0	0	0	0	0	0	0	0	0	840	138	0	446	24414	0	1930	128	218	1526	0	0	96	0	0	0	0	0	0	0	0	0	0	0	0	0	0	0	0	0	92	0	0	0	0	0	0	0	0	0	0	0	0	190	0	0	0	0	0	
113904	Heschl_L	4418	0	2104	0	0	0	1128	0	0	0	340	0	164	0	0	0	3728	0	1056	0	0	0	0	0	0	0	0	0	9690	0	108	0	0	0	0	0	4490	0	0	0	0	0	532	0	0	0	0	0	92	0	3854	0	2896	0	2304	0	2914	0	0	0	0	0	114	0	128	0	236	0	1294	0	0	0	682	0	0	0	154	0	0	0	5210	0	104	0	5390	0	0	0	3822	0	0	0	0	0	0	0	0	0	0	0	0	0	0	0	0	0	0	0	0	0	0	0	0	0	0	0	
8892	Heschl_R	0	0	0	0	0	0	0	0	0	0	0	0	0	0	0	0	0	1752	0	0	0	0	0	0	0	0	0	0	0	696	0	0	0	0	0	0	0	0	0	0	0	0	0	0	0	0	0	0	0	0	0	0	0	0	0	114	0	130	0	0	0	0	0	0	0	0	0	0	0	114	0	132	0	0	0	0	0	96	0	0	0	1064	0	0	0	188	0	0	0	160	0	0	0	0	0	0	0	0	0	0	0	0	0	0	0	0	0	0	0	0	0	0	0	0	0	0	
191200	Temporal_Sup_L	1852	0	2672	0	122	0	1606	0	138	0	1674	0	372	0	320	0	7292	0	422	0	0	0	226	0	0	0	0	0	9600	0	502	210	0	0	134	0	2714	0	230	0	0	0	194	0	0	0	0	0	0	0	1998	0	1550	0	4674	0	2182	0	0	0	1200	0	6826	0	3684	0	182	0	218	0	150	0	912	0	0	0	1352	0	5210	0	0	0	3706	0	18176	0	0	0	13300	0	0	0	0	0	0	0	0	0	0	0	0	0	0	0	0	0	0	0	0	0	0	0	0	0	0	0	
54544	Temporal_Sup_R	0	0	0	0	0	0	0	0	0	0	0	0	0	0	0	272	0	824	0	216	0	0	0	0	0	0	0	0	0	1886	0	0	0	0	0	128	0	1318	0	498	0	0	0	0	0	0	0	0	0	180	0	128	0	138	0	2160	0	336	0	0	0	0	0	3882	0	1842	0	422	0	330	0	0	0	240	0	0	0	0	0	1064	0	0	0	2094	0	6354	0	140	0	2820	0	0	0	0	0	0	0	0	0	0	0	0	0	0	0	0	0	0	0	0	0	0	0	0	0	0	
78788	Temporal_Pole_Sup_L	236	0	990	0	518	0	158	0	0	0	2924	0	634	0	672	0	2150	0	510	0	396	0	0	0	0	0	0	0	5996	0	0	0	0	0	0	0	1246	0	416	0	620	0	0	0	0	0	0	0	0	0	0	0	0	0	1810	0	234	0	0	0	0	0	0	0	0	0	0	0	0	0	0	0	1652	0	0	0	0	0	104	0	3706	0	0	0	6108	0	3944	0	4370	0	0	0	0	0	0	0	0	0	0	0	0	0	0	0	0	0	0	0	0	0	0	0	0	0	0	0	
38472	Temporal_Pole_Sup_R	0	0	0	120	0	0	0	0	0	0	0	406	0	0	0	338	0	468	0	132	0	0	0	0	0	0	0	0	0	494	0	0	0	0	0	0	0	1402	0	2330	0	2390	0	0	0	0	0	0	0	0	0	0	0	0	0	3312	0	0	0	0	0	0	0	0	0	0	0	0	0	0	0	0	0	0	0	0	0	0	0	0	0	2094	0	0	0	3232	0	1752	0	766	0	0	0	0	0	0	0	0	0	0	0	0	0	0	0	0	0	0	0	0	0	0	0	0	0	0	
252020	Temporal_Mid_L	1818	0	0	0	0	0	0	0	0	0	0	0	0	0	0	0	1750	0	0	246	0	0	0	0	0	0	0	0	632	0	0	0	0	226	1000	282	1088	152	0	0	0	0	2622	0	1688	0	0	0	4782	0	19454	0	6594	0	1564	0	466	0	0	0	858	0	5504	0	13746	0	1942	158	2334	198	0	0	0	0	0	0	0	0	5390	0	18176	0	6108	0	0	226	3470	0	23420	116	0	0	0	0	0	0	0	0	0	0	0	0	0	0	0	0	0	0	0	0	0	0	0	0	0	0	
135056	Temporal_Mid_R	0	260	0	0	0	0	0	0	0	0	0	152	0	0	0	0	0	384	0	846	0	0	0	0	0	0	0	0	0	1158	0	0	0	530	566	2038	0	2048	0	202	0	0	0	1998	0	1342	0	134	0	3962	314	7108	326	1978	456	3480	0	500	0	0	0	0	0	272	202	1554	0	8850	260	2098	0	0	0	0	0	0	0	0	0	188	0	6354	0	3232	226	0	0	508	288	12790	0	0	0	0	0	0	0	94	0	0	0	0	0	0	0	0	0	0	0	0	830	0	0	0	0	0	
24628	Temporal_Pole_Mid_L	0	0	0	0	0	0	0	0	0	0	0	0	0	0	0	0	0	0	0	0	0	0	0	0	0	0	0	0	0	0	0	0	0	0	0	0	0	0	244	0	0	0	0	0	0	0	0	0	0	0	0	0	0	0	1312	0	0	0	0	0	0	0	0	0	0	0	0	0	0	0	0	0	0	0	0	0	0	0	0	0	0	0	3944	0	3470	0	0	0	3344	0	0	0	0	0	0	0	0	0	0	0	0	0	0	0	0	0	0	0	0	0	0	0	0	0	0	0	
7224	Temporal_Pole_Mid_R	0	0	0	0	0	0	0	0	0	0	0	0	0	0	0	0	0	0	0	0	0	0	0	0	0	0	0	0	0	0	0	0	0	0	0	0	0	0	0	0	0	0	0	0	0	0	0	0	0	0	0	0	0	0	0	774	0	0	0	0	0	0	0	0	0	0	0	0	0	0	0	0	0	0	0	0	0	0	0	0	0	140	0	1752	0	508	0	0	0	438	0	0	0	0	0	0	0	0	0	0	0	0	0	0	0	0	0	0	0	0	0	0	0	0	0	0	
211640	Temporal_Inf_L	888	0	0	0	0	0	0	0	0	0	0	0	0	0	0	0	1304	0	0	226	0	0	0	0	0	0	0	0	1936	0	0	0	0	206	946	728	4902	286	808	0	164	0	1306	0	422	0	182	0	920	0	7542	0	7242	0	17202	0	284	0	0	0	152	0	736	0	3002	0	716	194	1526	144	0	0	0	0	0	0	0	0	3822	0	13300	0	4370	0	23420	288	3344	0	0	268	1950	0	296	0	0	0	166	0	214	0	216	0	202	0	0	0	0	0	0	0	0	0	0	0	0	0	
164232	Temporal_Inf_R	0	420	0	280	0	0	0	0	0	0	0	230	0	0	0	0	0	486	0	790	0	0	0	0	0	0	0	0	0	790	0	0	0	182	604	1092	0	7758	0	3172	0	0	0	2192	0	480	0	846	0	1188	180	1192	326	6938	536	20658	0	3236	0	0	0	298	0	4676	0	866	0	3762	0	1002	0	0	0	128	0	0	0	0	0	160	0	2820	0	766	116	12790	0	438	268	0	0	358	0	0	0	0	0	0	0	0	0	0	0	0	0	0	0	0	0	0	92	0	0	0	0	0	
535272	Cerebelum_Crus1_L	0	0	0	0	0	0	0	0	0	0	0	0	0	0	0	0	0	0	0	0	0	0	0	0	0	0	0	0	0	0	0	0	0	0	0	0	0	0	404	0	0	0	0	0	0	0	6790	620	0	0	0	0	178	472	17018	910	0	0	0	0	0	0	0	0	0	0	0	0	0	0	0	0	0	0	0	0	0	0	0	0	0	0	0	0	0	0	0	0	1950	0	0	4378	37568	3464	4636	246	38682	1008	71770	5430	11464	512	18398	716	3952	752	858	0	634	3808	7712	4384	9144	5744	3864	170	
515656	Cerebelum_Crus1_R	0	0	0	0	0	0	0	0	0	0	0	0	0	0	0	0	0	0	0	0	0	0	0	0	0	0	0	0	0	0	0	0	0	0	0	0	0	0	0	0	0	0	0	0	0	0	656	2350	0	0	0	0	0	1326	266	7122	0	0	0	0	0	0	0	0	0	0	0	0	0	0	0	0	0	0	0	0	0	0	0	0	0	0	0	0	0	0	0	0	0	358	4378	0	6162	35620	0	6492	1876	21234	2020	64038	1186	6212	2618	29704	0	9546	0	400	1048	4936	7412	7078	17754	10570	5244	222	
529908	Cerebelum_Crus2_L	0	0	0	0	0	0	0	0	0	0	0	0	0	0	0	0	0	0	0	0	0	0	0	0	0	0	0	0	0	0	0	0	0	0	0	0	0	0	156	0	0	0	0	0	0	0	1150	484	0	0	0	0	0	274	710	534	0	0	0	0	0	0	0	0	0	0	0	0	0	0	0	0	0	0	0	0	0	0	0	0	0	0	0	0	0	0	0	0	296	0	37568	6162	0	18848	708	184	5406	394	9010	4988	54720	4830	55770	3600	15872	340	1068	0	154	792	1248	2006	18224	16162	3296	0	
386288	Cerebelum_Crus2_R	0	0	0	0	0	0	0	0	0	0	0	0	0	0	0	0	0	0	0	0	0	0	0	0	0	0	0	0	0	0	0	0	0	0	0	0	0	0	0	0	0	0	0	0	0	0	0	0	0	0	0	0	0	100	0	242	0	0	0	0	0	0	0	0	0	0	0	0	0	0	0	0	0	0	0	0	0	0	0	0	0	0	0	0	0	0	0	0	0	0	3464	35620	18848	0	0	694	622	882	592	7238	8042	24000	6912	37374	0	6080	0	172	304	914	1090	420	18386	17562	3494	92	
63896	Cerebelum_3_L	0	0	0	0	0	0	0	0	0	0	0	0	0	0	0	0	0	0	0	0	0	0	0	0	0	0	0	0	0	0	0	0	0	0	0	0	310	0	418	0	0	0	0	0	0	0	0	98	0	0	0	0	0	0	0	0	0	0	0	0	0	0	0	0	0	0	0	0	0	0	0	0	0	0	0	0	0	0	0	0	0	0	0	0	0	0	0	0	0	0	4636	0	708	0	0	176	9788	144	5872	162	146	0	394	0	1120	162	0	0	580	3866	2714	286	0	186	182	0	
78660	Cerebelum_3_R	0	0	0	0	0	0	0	0	0	0	0	0	0	0	0	0	0	0	0	0	0	0	0	0	0	0	0	0	0	0	0	0	0	0	0	0	0	0	0	0	0	0	0	0	0	0	0	192	0	0	0	0	0	0	0	0	0	0	0	0	0	0	0	0	0	0	0	0	0	0	0	0	0	0	0	0	0	0	0	0	0	0	0	0	0	0	0	0	0	0	246	6492	184	694	176	0	0	6054	118	8462	0	94	0	2406	0	1734	0	0	1898	5622	446	306	1344	1640	1222	0	
330064	Cerebelum_4_5_L	0	0	0	0	0	0	0	0	0	0	0	0	0	0	0	0	0	0	0	0	0	0	0	0	0	0	0	0	0	0	0	0	0	0	0	0	790	0	1680	0	0	0	0	0	0	0	7530	264	0	0	104	0	176	0	8942	310	0	0	0	0	0	0	0	0	0	0	0	0	0	0	0	0	0	0	0	0	0	0	0	0	0	0	0	0	0	0	0	0	166	0	38682	1876	5406	622	9788	0	0	1522	50108	2806	1130	0	2306	148	4652	426	154	0	442	4534	15150	1732	778	1180	1030	598	
206556	Cerebelum_4_5_R	0	0	0	0	0	0	0	0	0	0	0	0	0	0	0	0	0	0	0	0	0	0	0	0	0	0	0	0	0	0	0	0	0	0	0	118	0	462	0	592	0	0	0	0	0	0	472	3612	0	0	0	0	0	112	254	6896	0	0	0	0	0	0	0	0	0	0	0	244	0	0	0	0	0	0	0	0	0	92	0	0	0	0	0	0	0	94	0	0	0	0	1008	21234	394	882	144	6054	1522	0	1260	34706	0	156	164	2164	0	656	0	190	116	5602	12116	174	574	886	328	0	
455064	Cerebelum_6_L	0	0	0	0	0	0	0	0	0	0	0	0	0	0	0	0	0	0	0	0	0	0	0	0	0	0	0	0	0	0	0	0	0	0	0	0	0	0	672	0	0	0	0	0	0	0	11698	508	0	0	172	0	320	280	20164	788	0	0	0	0	0	0	0	0	0	0	0	0	0	0	0	0	0	0	0	0	0	0	0	0	0	0	0	0	0	0	0	0	214	0	71770	2020	9010	592	5872	118	50108	1260	0	3538	4814	0	4452	182	4326	1120	228	0	612	4204	13980	5896	3264	2668	2164	518	
488144	Cerebelum_6_R	0	0	0	0	0	0	0	0	0	0	0	0	0	0	0	0	0	0	0	0	0	0	0	0	0	0	0	0	0	0	0	0	0	0	0	0	0	0	0	0	0	0	0	0	0	0	1598	7070	0	0	0	0	0	2812	538	16672	0	0	0	0	0	0	0	0	0	0	0	0	0	0	0	0	0	0	0	0	0	0	0	0	0	0	0	0	0	0	0	0	0	0	5430	64038	4988	7238	162	8462	2806	34706	3538	0	552	816	1302	9646	0	4342	0	254	1032	7004	16362	13588	17134	7788	3936	258	
348868	Cerebelum_7b_L	0	0	0	0	0	0	0	0	0	0	0	0	0	0	0	0	0	0	0	0	0	0	0	0	0	0	0	0	0	0	0	0	0	0	0	0	0	0	0	0	0	0	0	0	0	0	0	0	0	0	0	0	0	0	208	0	0	0	0	0	0	0	0	0	0	0	0	0	0	0	0	0	0	0	0	0	0	0	0	0	0	0	0	0	0	0	0	0	216	0	11464	1186	54720	8042	146	0	1130	0	4814	552	0	2074	52522	3932	13062	214	488	0	0	0	190	0	5594	12890	990	0	
153836	Cerebelum_7b_R	0	0	0	0	0	0	0	0	0	0	0	0	0	0	0	0	0	0	0	0	0	0	0	0	0	0	0	0	0	0	0	0	0	0	0	0	0	0	0	0	0	0	0	0	0	0	0	0	0	0	0	0	0	0	0	102	0	0	0	0	0	0	0	0	0	0	0	0	0	0	0	0	0	0	0	0	0	0	0	0	0	0	0	0	0	0	0	0	0	0	512	6212	4830	24000	0	94	0	156	0	816	2074	0	1070	24830	0	3990	0	0	0	0	0	0	3544	3504	1184	0	
416076	Cerebelum_8_L	0	0	0	0	0	0	0	0	0	0	0	0	0	0	0	0	0	0	0	0	0	0	0	0	0	0	0	0	0	0	0	0	0	0	0	0	0	0	0	0	0	0	0	0	0	0	0	0	0	0	0	0	0	0	292	0	0	0	0	0	0	0	0	0	0	0	0	0	0	0	0	0	0	0	0	0	0	0	0	0	0	0	0	0	0	0	0	0	202	0	18398	2618	55770	6912	394	0	2306	164	4452	1302	52522	1070	0	5636	26216	1856	2298	0	0	272	274	0	3828	15676	5580	0	
343124	Cerebelum_8_R	0	0	0	0	0	0	0	0	0	0	0	0	0	0	0	0	0	0	0	0	0	0	0	0	0	0	0	0	0	0	0	0	0	0	0	0	0	0	0	0	0	0	0	0	0	0	0	0	0	0	0	0	0	0	0	146	0	0	0	0	0	0	0	0	0	0	0	0	0	0	0	0	0	0	0	0	0	0	0	0	0	0	0	0	0	0	0	0	0	0	716	29704	3600	37374	0	2406	148	2164	182	9646	3932	24830	5636	0	0	23684	0	774	942	1484	402	166	4756	11910	6852	108	
173216	Cerebelum_9_L	0	0	0	0	0	0	0	0	0	0	0	0	0	0	0	0	0	0	0	0	0	0	0	0	0	0	0	0	0	0	0	0	0	0	0	0	0	0	104	0	0	0	0	0	0	0	0	0	0	0	0	0	0	0	110	0	0	0	0	0	0	0	0	0	0	0	0	0	0	0	0	0	0	0	0	0	0	0	0	0	0	0	0	0	0	0	0	0	0	0	3952	0	15872	0	1120	0	4652	0	4326	0	13062	0	26216	0	0	2120	3170	0	0	298	2598	1880	120	2126	4188	694	
175688	Cerebelum_9_R	0	0	0	0	0	0	0	0	0	0	0	0	0	0	0	0	0	0	0	0	0	0	0	0	0	0	0	0	0	0	0	0	0	0	0	0	0	0	0	0	0	0	0	0	0	0	186	0	0	0	0	0	0	0	0	0	0	0	0	0	0	0	0	0	0	0	0	0	0	0	0	0	0	0	0	0	0	0	0	0	0	0	0	0	0	0	0	0	0	0	752	9546	340	6080	162	1734	426	656	1120	4342	214	3990	1856	23684	2120	0	0	906	2098	974	1388	3282	4492	5674	10562	1260	
16528	Cerebelum_10_L	0	0	0	0	0	0	0	0	0	0	0	0	0	0	0	0	0	0	0	0	0	0	0	0	0	0	0	0	0	0	0	0	0	0	0	0	0	0	0	0	0	0	0	0	0	0	0	0	0	0	0	0	0	0	0	0	0	0	0	0	0	0	0	0	0	0	0	0	0	0	0	0	0	0	0	0	0	0	0	0	0	0	0	0	0	0	0	0	0	0	858	0	1068	0	0	0	154	0	228	0	488	0	2298	0	3170	0	0	0	0	0	0	0	0	0	0	0	
5392	Cerebelum_10_R	0	0	0	0	0	0	0	0	0	0	0	0	0	0	0	0	0	0	0	0	0	0	0	0	0	0	0	0	0	0	0	0	0	0	0	0	0	0	0	0	0	0	0	0	0	0	0	0	0	0	0	0	0	0	0	0	0	0	0	0	0	0	0	0	0	0	0	0	0	0	0	0	0	0	0	0	0	0	0	0	0	0	0	0	0	0	0	0	0	0	0	400	0	172	0	0	0	190	0	254	0	0	0	774	0	906	0	0	0	0	0	0	0	0	0	0	
39572	Vermis_1_2	0	0	0	0	0	0	0	0	0	0	0	0	0	0	0	0	0	0	0	0	0	0	0	0	0	0	0	0	0	0	0	0	0	0	0	0	0	0	0	0	0	0	0	0	0	0	0	0	0	0	0	0	0	0	0	0	0	0	0	0	0	0	0	0	0	0	0	0	0	0	0	0	0	0	0	0	0	0	0	0	0	0	0	0	0	0	0	0	0	0	634	1048	154	304	580	1898	442	116	612	1032	0	0	0	942	0	2098	0	0	0	3650	614	600	1656	1706	1700	0	
117768	Vermis_3	0	0	0	0	0	0	0	0	0	0	0	0	0	0	0	0	0	0	0	0	0	0	0	0	0	0	0	0	0	0	0	0	0	0	0	0	0	0	0	0	0	0	0	0	0	0	0	154	0	0	0	0	0	0	0	0	0	0	0	0	0	0	0	0	0	0	0	0	0	0	0	0	0	0	0	0	0	0	0	0	0	0	0	0	0	0	0	0	0	0	3808	4936	792	914	3866	5622	4534	5602	4204	7004	0	0	272	1484	298	974	0	0	3650	0	6558	268	1340	1660	944	0	
281448	Vermis_4_5	0	0	0	0	0	0	0	0	0	0	0	0	0	0	0	0	0	0	0	102	0	0	0	0	0	0	0	0	0	0	0	0	0	740	692	6018	372	246	0	0	0	0	0	244	0	358	3650	4442	0	1030	0	384	0	502	1528	4634	0	98	0	0	0	0	0	0	0	0	218	6944	0	502	0	0	0	0	0	0	0	190	0	0	0	0	0	0	0	830	0	0	0	92	7712	7412	1248	1090	2714	446	15150	12116	13980	16362	190	0	274	402	2598	1388	0	0	614	6558	0	7806	1562	2358	2720	2208	
180660	Vermis_6	0	0	0	0	0	0	0	0	0	0	0	0	0	0	0	0	0	0	0	0	0	0	0	0	0	0	0	0	0	0	0	0	0	0	0	0	0	0	0	0	0	0	0	92	0	0	2578	4508	0	0	0	0	114	2516	570	6866	0	0	0	0	0	0	0	0	0	0	0	0	0	0	0	0	0	0	0	0	0	0	0	0	0	0	0	0	0	0	0	0	0	0	4384	7078	2006	420	286	306	1732	174	5896	13588	0	0	0	166	1880	3282	0	0	600	268	7806	0	11698	4118	4990	2408	
330124	Vermis_7	0	0	0	0	0	0	0	0	0	0	0	0	0	0	0	0	0	0	0	0	0	0	0	0	0	0	0	0	0	0	0	0	0	0	0	0	0	0	0	0	0	0	0	0	0	0	1336	2846	0	0	0	0	0	1736	146	4330	0	0	0	0	0	0	0	0	0	0	0	0	0	0	0	0	0	0	0	0	0	0	0	0	0	0	0	0	0	0	0	0	0	0	9144	17754	18224	18386	0	1344	778	574	3264	17134	5594	3544	3828	4756	120	4492	0	0	1656	1340	1562	11698	0	19498	9342	636	
322680	Vermis_8	0	0	0	0	0	0	0	0	0	0	0	0	0	0	0	0	0	0	0	0	0	0	0	0	0	0	0	0	0	0	0	0	0	0	0	0	0	0	0	0	0	0	0	0	0	0	0	0	0	0	0	0	0	0	0	98	0	0	0	0	0	0	0	0	0	0	0	0	0	0	0	0	0	0	0	0	0	0	0	0	0	0	0	0	0	0	0	0	0	0	5744	10570	16162	17562	186	1640	1180	886	2668	7788	12890	3504	15676	11910	2126	5674	0	0	1706	1660	2358	4118	19498	0	14568	1168	
