data	data	526772	343900	1.15698e+06	1.09076e+06	132376	215944	669464	393960	67420	18024	262656	253924	281312	209964	143000	67796	323012	172324	658920	1.01445e+06	92304	100200	540712	552932	118136	236944	62220	60996	725792	376472	489012	681996	217260	534684	163844	192072	324372	336788	125876	250860	64668	55628	263652	413196	175884	284716	341572	527748	136128	262008	480396	279552	211680	314728	512800	527188	483068	227496	140100	120556	282160	117620	127632	118600	206140	133952	253712	395136	205104	172712	331204	537980	310356	333544	48584	37192	150696	155800	136800	6816	205980	119960	84596	83244	327652	195500	36264	16204	367836	220200	440432	438176	329588	195844	60012	96644	303228	262256	404296	449844	252980	104524	325420	234816	114204	153512	19140	5056	33192	90704	253268	300412	212276	185428	124980	47536	
data	data	Precentral_L	Precentral_R	Frontal_Sup_L	Frontal_Sup_R	Frontal_Sup_Orb_L	Frontal_Sup_Orb_R	Frontal_Mid_L	Frontal_Mid_R	Frontal_Mid_Orb_L	Frontal_Mid_Orb_R	Frontal_Inf_Oper_L	Frontal_Inf_Oper_R	Frontal_Inf_Tri_L	Frontal_Inf_Tri_R	Frontal_Inf_Orb_L	Frontal_Inf_Orb_R	Rolandic_Oper_L	Rolandic_Oper_R	Supp_Motor_Area_L	Supp_Motor_Area_R	Olfactory_L	Olfactory_R	Frontal_Sup_Medial_L	Frontal_Sup_Medial_R	Frontal_Med_Orb_L	Frontal_Med_Orb_R	Rectus_L	Rectus_R	Insula_L	Insula_R	Cingulum_Ant_L	Cingulum_Ant_R	Cingulum_Mid_L	Cingulum_Mid_R	Cingulum_Post_L	Cingulum_Post_R	Hippocampus_L	Hippocampus_R	ParaHippocampal_L	ParaHippocampal_R	Amygdala_L	Amygdala_R	Calcarine_L	Calcarine_R	Cuneus_L	Cuneus_R	Lingual_L	Lingual_R	Occipital_Sup_L	Occipital_Sup_R	Occipital_Mid_L	Occipital_Mid_R	Occipital_Inf_L	Occipital_Inf_R	Fusiform_L	Fusiform_R	Postcentral_L	Postcentral_R	Parietal_Sup_L	Parietal_Sup_R	Parietal_Inf_L	Parietal_Inf_R	SupraMarginal_L	SupraMarginal_R	Angular_L	Angular_R	Precuneus_L	Precuneus_R	Paracentral_Lobule_L	Paracentral_Lobule_R	Caudate_L	Caudate_R	Putamen_L	Putamen_R	Pallidum_L	Pallidum_R	Thalamus_L	Thalamus_R	Heschl_L	Heschl_R	Temporal_Sup_L	Temporal_Sup_R	Temporal_Pole_Sup_L	Temporal_Pole_Sup_R	Temporal_Mid_L	Temporal_Mid_R	Temporal_Pole_Mid_L	Temporal_Pole_Mid_R	Temporal_Inf_L	Temporal_Inf_R	Cerebelum_Crus1_L	Cerebelum_Crus1_R	Cerebelum_Crus2_L	Cerebelum_Crus2_R	Cerebelum_3_L	Cerebelum_3_R	Cerebelum_4_5_L	Cerebelum_4_5_R	Cerebelum_6_L	Cerebelum_6_R	Cerebelum_7b_L	Cerebelum_7b_R	Cerebelum_8_L	Cerebelum_8_R	Cerebelum_9_L	Cerebelum_9_R	Cerebelum_10_L	Cerebelum_10_R	Vermis_1_2	Vermis_3	Vermis_4_5	Vermis_6	Vermis_7	Vermis_8	Vermis_9	Vermis_10	
526772	Precentral_L	0	6716	15514	5288	0	0	21736	0	0	0	17114	468	5038	1266	0	0	13452	506	2646	16912	0	0	472	0	0	0	0	0	8228	524	484	0	336	6716	7746	5752	4226	1646	400	734	0	0	154	106	0	0	428	0	0	0	5258	0	1552	206	1084	162	53326	458	1188	0	6948	0	806	0	576	0	1404	1034	17624	4244	1340	750	2754	208	344	146	7308	1276	4054	0	1208	0	0	0	2844	0	0	0	492	184	0	0	0	0	0	0	0	0	0	0	0	0	0	0	0	0	0	0	0	0	0	0	0	0	0	0	
343900	Precentral_R	6716	0	1594	24386	0	592	1486	10058	0	0	150	7038	0	0	0	0	806	3832	728	20510	0	0	0	718	0	144	0	0	916	5418	286	1116	0	1522	930	1120	590	6240	0	1188	0	0	0	378	0	176	0	570	0	306	128	1492	0	2310	0	1728	3044	22610	178	132	764	618	0	3278	176	270	104	2554	2850	4738	1594	3860	2222	4002	1692	122	1654	5112	542	0	0	390	0	922	0	864	0	0	0	2486	0	0	0	0	0	0	0	0	0	0	0	0	0	0	0	0	0	0	0	0	0	0	0	0	0	0	
1.15698e+06	Frontal_Sup_L	15514	1594	0	23350	6938	976	101118	3826	2664	0	17226	1054	18892	688	6742	0	17926	752	84774	35332	0	0	52042	11948	1756	1168	460	112	43870	1080	30036	9014	14116	8572	392	180	1982	336	108	102	0	0	0	0	0	0	0	0	0	0	320	0	0	0	1216	0	11234	0	258	0	1576	0	860	0	284	0	278	0	1138	0	13416	5618	11720	1252	1488	134	1232	1058	3320	0	3196	0	344	0	194	0	0	0	1594	0	0	0	0	0	0	0	0	0	122	0	0	0	0	0	0	0	0	0	0	0	0	0	0	0	0	0	
1.09076e+06	Frontal_Sup_R	5288	24386	23350	0	0	12360	3796	47834	0	0	1294	14712	1292	12116	0	2152	1210	9782	23576	91570	0	0	13212	48452	1732	10364	0	586	2946	16672	8456	46596	1756	23958	428	606	600	2672	0	724	0	0	0	0	0	0	0	206	0	0	0	0	0	116	0	730	4358	3422	122	0	812	0	136	588	0	0	0	0	1058	572	5394	29650	3724	19398	2082	4122	930	9978	762	0	128	180	0	2188	0	0	0	0	0	246	0	0	0	0	0	0	0	0	0	0	0	0	0	0	0	0	0	0	0	0	0	0	0	0	0	0	
132376	Frontal_Sup_Orb_L	0	0	6938	0	0	0	786	0	10276	0	148	0	1788	0	9886	0	0	0	274	0	1120	0	5136	0	3642	0	6676	0	8584	0	3892	0	0	0	0	0	0	0	0	0	0	0	0	0	0	0	0	0	0	0	0	0	0	0	0	0	0	0	0	0	0	0	0	0	0	0	0	0	0	0	0	0	6272	0	0	0	0	0	0	0	0	0	770	0	0	0	0	0	0	0	0	0	0	0	0	0	0	0	0	0	0	0	0	0	0	0	0	0	0	0	0	0	0	0	0	0	
215944	Frontal_Sup_Orb_R	0	592	976	12360	0	0	202	4334	0	3842	0	1972	0	1960	0	2710	0	0	776	2366	0	246	316	13666	904	14752	440	7586	0	2220	780	12866	0	372	0	0	0	0	0	0	0	0	0	0	0	0	0	0	0	0	0	0	0	0	0	0	0	0	0	0	0	0	0	0	0	0	0	0	0	0	554	13192	0	7988	0	0	0	0	0	0	0	0	0	0	0	0	0	0	0	0	0	0	0	0	0	0	0	0	0	0	0	0	0	0	0	0	0	0	0	0	0	0	0	0	0	0	
669464	Frontal_Mid_L	21736	1486	101118	3796	786	202	0	262	2690	0	22708	1418	29328	3920	6584	0	15672	210	11700	5290	0	0	25268	2524	1376	344	0	0	27258	272	12596	2588	4082	1760	120	262	596	220	120	0	0	0	0	0	0	0	0	0	0	0	256	0	0	0	0	0	10776	0	148	0	606	0	434	0	138	0	184	0	0	0	3204	1294	2450	0	494	0	2334	518	1992	0	1204	0	266	0	0	0	0	0	142	0	0	0	0	0	0	0	0	0	0	0	0	0	0	0	0	0	0	0	0	0	0	0	0	0	0	0	
393960	Frontal_Mid_R	0	10058	3826	47834	0	4334	262	0	0	1236	268	13290	268	18112	0	4060	0	7352	3366	9668	0	0	1446	9754	562	3362	0	404	388	13006	1838	18032	720	6024	0	0	0	344	0	0	0	0	0	0	0	0	0	0	0	0	0	0	0	0	0	0	0	200	0	0	0	0	0	0	0	0	0	0	0	0	888	7780	0	5330	0	0	0	162	0	0	0	0	0	2806	0	0	0	0	0	0	0	0	0	0	0	0	0	0	0	0	0	0	0	0	0	0	0	0	0	0	0	0	0	0	0	0	
67420	Frontal_Mid_Orb_L	0	0	2664	0	10276	0	2690	0	0	0	0	0	2242	0	7910	0	0	0	0	0	152	0	732	0	890	0	2102	0	1666	0	664	0	0	0	0	0	0	0	0	0	0	0	0	0	0	0	0	0	0	0	0	0	0	0	0	0	0	0	0	0	0	0	0	0	0	0	0	0	0	0	0	0	1278	0	0	0	0	0	0	0	0	0	444	0	0	0	0	0	0	0	0	0	0	0	0	0	0	0	0	0	0	0	0	0	0	0	0	0	0	0	0	0	0	0	0	0	
18024	Frontal_Mid_Orb_R	0	0	0	0	0	3842	0	1236	0	0	0	0	0	124	0	3316	0	0	0	0	0	0	0	0	0	0	0	0	0	128	0	0	0	0	0	0	0	0	0	0	0	0	0	0	0	0	0	0	0	0	0	0	0	0	0	0	0	0	0	0	0	0	0	0	0	0	0	0	0	0	0	0	0	366	0	0	0	0	0	0	0	0	0	0	0	0	0	0	0	0	0	0	0	0	0	0	0	0	0	0	0	0	0	0	0	0	0	0	0	0	0	0	0	0	0	0	
262656	Frontal_Inf_Oper_L	17114	150	17226	1294	148	0	22708	268	0	0	0	974	11680	2214	116	0	12324	0	1956	1398	0	0	1924	170	330	0	0	0	19610	150	1600	206	0	0	0	0	446	0	112	0	0	0	0	0	0	0	0	0	0	0	0	0	0	0	150	0	5890	0	0	0	0	0	0	0	0	0	0	0	0	0	2714	2652	356	268	0	0	226	0	1486	0	2004	0	828	0	144	0	0	0	492	0	0	0	0	0	0	0	0	0	0	0	0	0	0	0	0	0	0	0	0	0	0	0	0	0	0	0	
253924	Frontal_Inf_Oper_R	468	7038	1054	14712	0	1972	1418	13290	0	0	974	0	570	22832	0	902	0	5412	664	5264	0	0	1902	4008	286	2074	0	294	1066	13568	1122	7514	0	716	0	0	0	506	0	138	0	0	0	0	0	0	0	0	0	0	0	0	0	0	0	0	0	1992	0	0	0	0	0	336	0	0	0	0	0	0	2678	5576	0	4644	0	0	0	206	0	0	0	0	0	1658	0	0	0	0	0	108	0	0	0	0	0	0	0	0	0	0	0	0	0	0	0	0	0	0	0	0	0	0	0	0	0	0	
281312	Frontal_Inf_Tri_L	5038	0	18892	1292	1788	0	29328	268	2242	0	11680	570	0	714	15528	0	590	0	2912	1276	0	0	7904	408	1436	106	0	0	29260	0	3366	284	322	188	0	0	0	0	0	0	0	0	0	0	0	0	0	0	0	0	0	0	0	0	0	0	172	0	0	0	0	0	0	0	0	0	0	0	0	0	1616	1328	600	292	0	0	0	0	200	0	346	0	710	0	0	0	0	0	0	0	0	0	0	0	0	0	0	0	0	0	0	0	0	0	0	0	0	0	0	0	0	0	0	0	0	0	
209964	Frontal_Inf_Tri_R	1266	0	688	12116	0	1960	3920	18112	0	124	2214	22832	714	0	0	3306	0	0	346	4380	0	0	682	4298	164	1964	0	286	940	6526	952	9666	400	2734	0	0	0	222	0	0	0	0	0	0	0	0	0	0	0	0	0	0	0	0	0	0	0	0	0	0	0	0	0	0	0	0	0	0	0	0	526	2282	110	1252	0	0	0	0	0	0	0	0	0	0	0	0	0	0	0	0	0	0	0	0	0	0	0	0	0	0	0	0	0	0	0	0	0	0	0	0	0	0	0	0	0	0	
143000	Frontal_Inf_Orb_L	0	0	6742	0	9886	0	6584	0	7910	0	116	0	15528	0	0	0	0	0	212	0	1582	0	814	0	112	0	456	0	13168	0	344	0	122	0	0	0	1060	0	366	0	888	0	0	0	0	0	0	0	0	0	0	0	0	0	236	0	0	0	0	0	0	0	0	0	0	0	0	0	0	0	110	0	3164	0	0	0	0	0	0	0	0	0	2100	0	0	0	0	0	0	0	0	0	0	0	0	0	0	0	0	0	0	0	0	0	0	0	0	0	0	0	0	0	0	0	0	0	
67796	Frontal_Inf_Orb_R	0	0	0	2152	0	2710	0	4060	0	3316	0	902	0	3306	0	0	0	0	0	1450	0	1006	0	950	0	0	0	468	0	7416	0	2230	0	638	0	0	0	0	0	0	0	0	0	0	0	0	0	0	0	0	0	0	0	0	0	0	0	0	0	0	0	0	0	0	0	0	0	0	0	0	0	394	0	2786	0	0	0	0	0	0	0	0	0	114	0	0	0	0	0	0	0	0	0	0	0	0	0	0	0	0	0	0	0	0	0	0	0	0	0	0	0	0	0	0	0	0	
323012	Rolandic_Oper_L	13452	806	17926	1210	0	0	15672	0	0	0	12324	0	590	0	0	0	0	0	3698	2062	0	0	0	0	0	0	0	0	26418	0	0	0	0	362	604	210	2492	262	310	0	0	0	238	0	0	0	930	0	0	0	990	0	2682	0	2908	0	19536	0	142	0	868	0	1520	0	116	0	656	0	102	0	1108	284	706	0	240	0	5210	174	9702	0	8290	0	732	0	2304	0	0	0	3670	0	0	0	0	0	0	0	0	0	0	0	0	0	0	0	0	0	0	0	0	0	0	0	0	0	0	0	
172324	Rolandic_Oper_R	506	3832	752	9782	0	0	210	7352	0	0	0	5412	0	0	0	0	0	0	650	4486	0	0	792	152	0	0	0	0	0	20450	390	258	0	192	278	332	258	2258	0	1038	0	0	0	0	0	108	0	224	0	248	0	896	0	390	0	372	538	4948	0	226	0	0	0	1642	0	122	0	844	0	172	1720	2450	0	1630	0	0	162	1996	0	450	0	1752	0	4490	0	994	0	0	0	408	0	0	0	0	0	0	0	0	0	0	0	0	0	0	0	0	0	0	0	0	0	0	0	0	0	0	
658920	Supp_Motor_Area_L	2646	728	84774	23576	274	776	11700	3366	0	0	1956	664	2912	346	212	0	3698	650	0	53874	0	0	8948	6946	324	764	0	0	16548	978	13056	7600	13088	23346	2612	228	1524	344	0	106	0	0	0	0	0	0	0	0	0	0	0	0	0	0	1130	0	2062	0	0	0	368	0	0	0	0	0	260	0	5044	518	9716	4626	8098	1238	1300	156	522	960	1290	0	1882	0	0	0	114	0	0	0	1490	0	0	0	0	0	0	0	0	0	122	0	0	0	0	0	0	0	0	0	0	0	0	0	0	0	0	0	
1.01445e+06	Supp_Motor_Area_R	16912	20510	35332	91570	0	2366	5290	9668	0	0	1398	5264	1276	4380	0	1450	2062	4486	53874	0	0	0	4394	14910	648	2632	0	0	3672	5716	5522	25046	5776	58796	2012	6452	682	1894	0	376	0	0	0	416	0	486	0	534	0	0	328	0	0	2198	0	1046	8752	6156	540	0	2566	0	218	550	568	0	230	3110	10682	14822	7060	18974	5874	11620	3404	4366	958	3234	1072	0	148	0	0	344	0	0	0	0	0	2604	0	0	0	0	0	0	0	0	0	0	0	0	0	0	0	0	0	0	0	0	0	0	0	0	0	0	
92304	Olfactory_L	0	0	0	0	1120	0	0	0	152	0	0	0	0	0	1582	0	0	0	0	0	0	6054	290	0	612	212	2050	398	2606	0	4250	2418	0	0	0	0	1516	0	1140	0	1788	0	0	0	0	0	0	0	0	0	0	0	0	0	564	0	0	0	0	0	0	0	0	0	0	0	0	0	0	0	6792	5048	4540	2060	0	0	0	0	0	0	0	0	960	0	0	0	0	0	0	0	0	0	0	0	0	0	0	0	0	0	0	0	0	0	0	0	0	0	0	0	0	0	0	0	0	0	
100200	Olfactory_R	0	0	0	0	0	246	0	0	0	0	0	0	0	0	0	1006	0	0	0	0	6054	0	0	0	0	1660	642	1250	0	2718	3156	2972	0	0	0	0	0	528	0	444	0	1192	0	0	0	0	0	0	0	0	0	0	0	0	0	0	0	0	0	0	0	0	0	0	0	0	0	0	0	0	7986	9270	5762	3744	712	758	0	0	0	0	0	0	0	0	0	0	0	0	0	0	0	0	0	0	0	0	0	0	0	0	0	0	0	0	0	0	0	0	0	0	0	0	0	0	0	0	
540712	Frontal_Sup_Medial_L	472	0	52042	13212	5136	316	25268	1446	732	0	1924	1902	7904	682	814	0	0	792	8948	4394	290	0	0	27462	8312	2672	2262	0	14084	934	38076	16974	12290	11690	0	0	0	0	0	0	0	0	0	0	0	0	0	0	0	0	0	0	0	0	0	0	0	0	0	0	0	0	0	0	0	0	0	0	0	0	3340	2368	3002	252	0	0	0	0	0	0	0	0	0	364	0	0	0	0	0	0	0	0	0	0	0	0	0	0	0	0	0	0	0	0	0	0	0	0	0	0	0	0	0	0	0	0	
552932	Frontal_Sup_Medial_R	0	718	11948	48452	0	13666	2524	9754	0	0	170	4008	408	4298	0	950	0	152	6946	14910	0	0	27462	0	5540	18956	490	1850	588	3234	11376	43830	3458	20434	0	0	0	0	0	0	0	0	0	0	0	0	0	0	0	0	0	0	0	0	0	0	0	0	0	0	0	0	0	0	0	0	0	0	0	0	1060	14644	438	4070	0	0	0	0	0	0	0	0	0	132	0	0	0	0	0	0	0	0	0	0	0	0	0	0	0	0	0	0	0	0	0	0	0	0	0	0	0	0	0	0	0	0	
118136	Frontal_Med_Orb_L	0	0	1756	1732	3642	904	1376	562	890	0	330	286	1436	164	112	0	0	0	324	648	612	0	8312	5540	0	6130	3898	110	2932	248	9328	3986	0	0	0	0	0	0	0	0	0	0	0	0	0	0	0	0	0	0	0	0	0	0	0	0	0	0	0	0	0	0	0	0	0	0	0	0	0	0	934	1600	1276	0	0	0	0	0	0	0	0	0	0	0	0	0	0	0	0	0	0	0	0	0	0	0	0	0	0	0	0	0	0	0	0	0	0	0	0	0	0	0	0	0	0	0	
236944	Frontal_Med_Orb_R	0	144	1168	10364	0	14752	344	3362	0	0	0	2074	106	1964	0	0	0	0	764	2632	212	1660	2672	18956	6130	0	820	7314	166	1752	4904	16992	0	338	0	0	0	0	0	0	0	0	0	0	0	0	0	0	0	0	0	0	0	0	0	0	0	0	0	0	0	0	0	0	0	0	0	0	0	0	598	13522	400	4362	0	0	0	0	0	0	0	0	0	0	0	0	0	0	0	0	0	0	0	0	0	0	0	0	0	0	0	0	0	0	0	0	0	0	0	0	0	0	0	0	0	0	
62220	Rectus_L	0	0	460	0	6676	440	0	0	2102	0	0	0	0	0	456	0	0	0	0	0	2050	642	2262	490	3898	820	0	852	152	0	5624	1080	0	0	0	0	0	0	0	0	0	0	0	0	0	0	0	0	0	0	0	0	0	0	0	0	0	0	0	0	0	0	0	0	0	0	0	0	0	0	1488	374	1244	0	0	0	0	0	0	0	0	0	0	0	0	0	0	0	0	0	0	0	0	0	0	0	0	0	0	0	0	0	0	0	0	0	0	0	0	0	0	0	0	0	0	0	
60996	Rectus_R	0	0	112	586	0	7586	0	404	0	0	0	294	0	286	0	468	0	0	0	0	398	1250	0	1850	110	7314	852	0	0	962	484	2706	0	0	0	0	0	0	0	0	0	0	0	0	0	0	0	0	0	0	0	0	0	0	0	0	0	0	0	0	0	0	0	0	0	0	0	0	0	0	418	2920	134	1364	0	0	0	0	0	0	0	0	0	0	0	0	0	0	0	0	0	0	0	0	0	0	0	0	0	0	0	0	0	0	0	0	0	0	0	0	0	0	0	0	0	0	
725792	Insula_L	8228	916	43870	2946	8584	0	27258	388	1666	0	19610	1066	29260	940	13168	0	26418	0	16548	3672	2606	0	14084	588	2932	166	152	0	0	228	8752	412	642	340	820	258	14868	218	1958	162	2370	0	340	0	0	0	1166	0	0	0	358	0	2624	0	11820	0	10448	0	0	0	496	0	184	0	0	0	698	0	0	0	6780	3126	17348	428	254	0	2462	106	13392	0	12614	0	5082	0	3616	0	356	0	12560	0	196	0	0	0	0	0	0	0	348	0	0	0	0	0	0	0	0	0	0	0	0	0	0	0	0	0	
376472	Insula_R	524	5418	1080	16672	0	2220	272	13006	0	128	150	13568	0	6526	0	7416	0	20450	978	5716	0	2718	934	3234	248	1752	0	962	228	0	560	4240	0	564	564	712	546	9622	104	5676	0	1030	0	0	0	0	0	1138	0	0	0	0	0	234	0	4806	500	2198	0	0	0	0	0	0	0	0	210	1034	0	0	2126	6522	0	18524	0	0	218	3520	0	294	0	6306	0	4968	0	2736	0	0	0	4822	0	0	0	0	0	0	0	262	0	0	0	0	0	0	0	0	0	0	0	0	0	0	0	0	0	0	
489012	Cingulum_Ant_L	484	286	30036	8456	3892	780	12596	1838	664	0	1600	1122	3366	952	344	0	0	390	13056	5522	4250	3156	38076	11376	9328	4904	5624	484	8752	560	0	25454	14506	6644	210	0	0	0	0	0	0	0	0	0	0	0	0	0	0	0	0	0	0	0	0	0	0	0	0	0	0	0	0	0	0	0	0	0	0	0	7996	6828	8830	2032	0	0	0	0	0	0	0	0	0	112	0	0	0	0	0	0	0	0	0	0	0	0	0	0	0	0	0	0	0	0	0	0	0	0	0	0	0	0	0	0	0	0	
681996	Cingulum_Ant_R	0	1116	9014	46596	0	12866	2588	18032	0	0	206	7514	284	9666	0	2230	0	258	7600	25046	2418	2972	16974	43830	3986	16992	1080	2706	412	4240	25454	0	6622	27762	0	0	0	200	0	0	0	0	0	0	0	0	0	0	0	0	0	0	0	0	0	0	0	0	0	0	0	0	0	0	0	0	0	0	0	0	4710	26628	1614	8874	0	0	0	360	0	0	0	0	0	148	0	0	0	0	0	0	0	0	0	0	0	0	0	0	0	0	0	0	0	0	0	0	0	0	0	0	0	0	0	0	0	0	
217260	Cingulum_Mid_L	336	0	14116	1756	0	0	4082	720	0	0	0	0	322	400	122	0	0	0	13088	5776	0	0	12290	3458	0	0	0	0	642	0	14506	6622	0	16272	2488	490	0	0	0	0	0	0	192	0	650	158	0	298	206	0	736	0	112	0	0	0	324	0	0	0	0	0	0	0	0	0	2760	1678	3488	542	0	0	0	0	0	0	0	0	0	0	0	0	0	0	0	0	0	0	0	0	0	0	0	0	0	0	0	0	0	0	0	0	0	0	0	0	0	0	0	0	0	0	0	0	0	0	
534684	Cingulum_Mid_R	6716	1522	8572	23958	0	372	1760	6024	0	0	0	716	188	2734	0	638	362	192	23346	58796	0	0	11690	20434	0	338	0	0	340	564	6644	27762	16272	0	1252	6644	0	248	0	0	0	0	0	1068	0	836	0	1540	0	0	0	0	0	1292	0	454	870	2888	0	0	0	0	0	0	0	0	660	7106	6454	12692	470	820	442	0	0	0	0	0	128	0	0	0	0	0	0	0	0	0	0	1538	0	0	0	0	0	0	0	0	0	0	0	0	0	0	0	0	0	0	0	0	0	0	0	0	0	0	
163844	Cingulum_Post_L	7746	930	392	428	0	0	120	0	0	0	0	0	0	0	0	0	604	278	2612	2012	0	0	0	0	0	0	0	0	820	564	210	0	2488	1252	0	12744	6924	4596	2608	2796	0	0	2844	0	0	126	2880	350	0	0	0	0	114	0	200	672	1944	0	0	0	0	0	0	0	0	0	6122	1644	9744	1088	0	0	118	0	0	0	1508	1618	826	0	0	0	0	0	0	0	0	0	0	0	0	0	0	0	0	0	0	0	0	0	0	0	0	0	0	0	0	0	0	0	0	0	0	0	0	0	
192072	Cingulum_Post_R	5752	1120	180	606	0	0	262	0	0	0	0	0	0	0	0	0	210	332	228	6452	0	0	0	0	0	0	0	0	258	712	0	0	490	6644	12744	0	5544	7350	1386	4614	0	0	0	1590	0	252	504	4648	0	0	0	0	0	1694	0	2914	1940	990	0	0	0	0	0	0	0	0	1756	9112	2488	4812	202	0	118	0	0	0	3132	2788	242	0	0	102	0	0	0	0	0	0	0	1656	0	0	0	0	0	0	0	0	0	0	0	0	0	0	0	0	0	0	0	0	212	0	0	0	0	0	
324372	Hippocampus_L	4226	590	1982	600	0	0	596	0	0	0	446	0	0	0	1060	0	2492	258	1524	682	1516	0	0	0	0	0	0	0	14868	546	0	0	0	0	6924	5544	0	5320	18156	3738	9544	0	1468	0	0	0	5030	604	0	0	148	0	198	0	20644	868	4236	0	0	0	142	0	0	0	120	0	4392	1438	0	0	1436	0	4846	0	740	0	4584	1698	5830	0	2742	0	1784	0	3014	0	462	0	12180	0	538	0	0	0	0	0	932	0	1188	0	0	0	178	0	134	0	0	0	0	0	0	0	0	0	0	0	
336788	Hippocampus_R	1646	6240	336	2672	0	0	220	344	0	0	0	506	0	222	0	0	262	2258	344	1894	0	528	0	0	0	0	0	0	218	9622	0	200	0	248	4596	7350	5320	0	1346	36334	0	7778	0	992	0	0	530	5874	0	0	0	0	0	1972	0	25612	1592	1452	0	0	0	0	0	370	0	0	1060	5452	0	508	180	282	176	10306	0	190	3486	7222	192	122	0	1778	0	710	0	864	0	332	0	3234	0	0	0	0	302	0	222	1956	0	440	0	0	0	0	0	190	0	0	0	118	194	0	0	0	0	0	
125876	ParaHippocampal_L	400	0	108	0	0	0	120	0	0	0	112	0	0	0	366	0	310	0	0	0	1140	0	0	0	0	0	0	0	1958	104	0	0	0	0	2608	1386	18156	1346	0	1186	4520	0	1134	0	0	0	5004	188	0	0	0	0	108	0	9038	340	390	0	0	0	0	0	0	0	0	0	2954	428	0	0	122	0	948	0	0	0	702	150	598	0	164	0	980	0	572	0	384	0	1236	0	348	0	0	0	370	0	1614	0	834	0	0	0	284	0	228	0	0	0	0	0	0	0	0	0	0	0	
250860	ParaHippocampal_R	734	1188	102	724	0	0	0	0	0	0	0	138	0	0	0	0	0	1038	106	376	0	444	0	0	0	0	0	0	162	5676	0	0	0	0	2796	4614	3738	36334	1186	0	0	8178	0	754	0	0	456	7050	0	0	0	0	0	808	0	19836	714	536	0	0	0	0	0	122	0	0	910	4516	0	0	0	0	0	5016	0	146	2444	4008	104	0	0	798	0	1476	0	168	0	1480	0	834	0	0	0	0	134	124	106	4162	0	462	0	0	0	0	0	530	0	0	0	0	202	0	0	0	0	0	
64668	Amygdala_L	0	0	0	0	0	0	0	0	0	0	0	0	0	0	888	0	0	0	0	0	1788	0	0	0	0	0	0	0	2370	0	0	0	0	0	0	0	9544	0	4520	0	0	0	0	0	0	0	0	0	0	0	0	0	0	0	6662	0	0	0	0	0	0	0	0	0	0	0	0	0	0	0	358	0	1732	0	0	0	176	0	0	0	0	0	2068	0	0	0	364	0	1864	0	0	0	0	0	0	0	0	0	0	0	0	0	0	0	0	0	0	0	0	0	0	0	0	0	0	0	
55628	Amygdala_R	0	0	0	0	0	0	0	0	0	0	0	0	0	0	0	0	0	0	0	0	0	1192	0	0	0	0	0	0	0	1030	0	0	0	0	0	0	0	7778	0	8178	0	0	0	0	0	0	0	0	0	0	0	0	0	0	0	5160	0	0	0	0	0	0	0	0	0	0	0	0	0	0	0	168	0	1224	0	0	0	222	0	0	0	0	0	1792	0	0	0	1070	0	0	0	0	0	0	0	0	0	0	0	0	0	0	0	0	0	0	0	0	0	0	0	0	0	0	0	0	
263652	Calcarine_L	154	0	0	0	0	0	0	0	0	0	0	0	0	0	0	0	238	0	0	0	0	0	0	0	0	0	0	0	340	0	0	0	192	0	2844	0	1468	0	1134	0	0	0	0	12508	13880	6622	20764	6124	9488	3612	18818	192	7806	902	6478	1690	1068	0	344	338	0	0	0	0	0	0	10066	484	1152	0	0	0	0	0	0	0	0	0	350	0	0	0	0	0	342	0	0	0	0	0	146	832	0	0	0	0	0	0	326	840	0	0	0	0	0	0	0	0	0	0	0	284	0	0	0	0	
413196	Calcarine_R	106	378	0	0	0	0	0	0	0	0	0	0	0	0	0	0	0	0	0	416	0	0	0	0	0	0	0	0	0	0	0	0	0	1068	0	1590	0	992	0	754	0	0	12508	0	9480	27448	1448	28756	264	19570	104	13102	0	21868	0	16362	0	894	0	2932	0	0	0	0	0	0	1732	22562	258	1874	0	0	0	0	0	0	0	0	0	0	0	168	0	0	0	1744	0	0	0	5646	108	4612	0	0	0	0	0	188	120	4746	0	0	0	0	0	0	0	0	0	0	180	2620	0	0	0	0	
175884	Cuneus_L	0	0	0	0	0	0	0	0	0	0	0	0	0	0	0	0	0	0	0	0	0	0	0	0	0	0	0	0	0	0	0	0	650	0	0	0	0	0	0	0	0	0	13880	9480	0	7920	3164	4382	18138	3030	9484	140	1500	1430	618	1778	412	0	630	0	0	0	0	0	0	0	5658	1140	954	0	0	0	0	0	0	0	0	0	0	0	0	0	0	0	0	0	0	0	0	0	0	1364	0	0	0	0	0	0	0	1368	0	0	0	0	0	0	0	0	0	0	0	822	0	0	0	0	
284716	Cuneus_R	0	176	0	0	0	0	0	0	0	0	0	0	0	0	0	0	0	108	0	486	0	0	0	0	0	0	0	0	0	0	0	0	158	836	126	252	0	0	0	0	0	0	6622	27448	7920	0	486	7914	232	29192	0	12936	0	6444	0	5028	0	440	0	4134	0	0	0	182	0	166	3272	17194	330	1304	0	0	0	0	0	0	0	0	0	0	0	152	0	0	0	1646	0	0	0	336	0	2420	0	0	0	0	0	0	0	2432	0	0	0	0	0	0	0	0	0	0	0	1986	0	0	0	0	
341572	Lingual_L	428	0	0	0	0	0	0	0	0	0	0	0	0	0	0	0	930	0	0	0	0	0	0	0	0	0	0	0	1166	0	0	0	0	0	2880	504	5030	530	5004	456	0	0	20764	1448	3164	486	0	3642	3358	214	20322	0	16478	134	24194	1088	374	0	214	0	0	0	0	0	0	0	7416	200	1250	0	0	0	0	0	0	0	406	118	1158	0	184	0	0	0	626	0	0	0	1530	0	8968	1244	432	0	276	0	9620	1138	14340	1600	0	0	0	0	0	0	0	0	0	0	3760	3030	682	0	0	0	
527748	Lingual_R	0	570	0	206	0	0	0	0	0	0	0	0	0	0	0	0	0	224	0	534	0	0	0	0	0	0	0	0	0	1138	0	0	298	1540	350	4648	604	5874	188	7050	0	0	6124	28756	4382	7914	3642	0	0	7250	184	7124	128	19510	1402	31852	0	1078	0	536	0	0	0	0	0	0	1260	16922	144	1376	0	104	0	0	0	0	188	810	0	0	0	402	0	0	0	1212	0	0	0	2796	5308	17970	2480	596	250	196	2166	12654	6768	20484	184	0	146	136	0	0	0	0	0	108	8264	15030	2814	0	0	0	
136128	Occipital_Sup_L	0	0	0	0	0	0	0	0	0	0	0	0	0	0	0	0	0	0	0	0	0	0	0	0	0	0	0	0	0	0	0	0	206	0	0	0	0	0	0	0	0	0	9488	264	18138	232	3358	0	0	0	22402	0	1244	0	800	0	872	0	3840	0	650	0	0	0	1258	0	4414	106	462	0	0	0	0	0	0	0	0	0	0	0	0	0	0	0	180	0	0	0	150	0	0	0	0	0	0	0	0	0	0	0	0	0	0	0	0	0	0	0	0	0	0	0	0	0	0	0	
262008	Occipital_Sup_R	0	306	0	0	0	0	0	0	0	0	0	0	0	0	0	0	0	248	0	0	0	0	0	0	0	0	0	0	0	0	0	0	0	0	0	0	0	0	0	0	0	0	3612	19570	3030	29192	214	7250	0	0	0	20898	0	6096	0	5960	0	576	0	6820	0	2062	0	246	0	2860	822	10216	0	456	0	0	0	0	0	0	0	0	0	0	0	154	0	0	0	1728	0	0	0	202	0	3086	0	0	0	0	0	0	0	3092	0	0	0	0	0	0	0	0	0	0	0	2308	0	0	0	0	
480396	Occipital_Mid_L	5258	128	320	0	0	0	256	0	0	0	0	0	0	0	0	0	990	0	0	328	0	0	0	0	0	0	0	0	358	0	0	0	736	0	0	0	148	0	0	0	0	0	18818	104	9484	0	20322	184	22402	0	0	0	24840	0	9566	0	12668	0	15922	0	18528	0	2558	0	25822	0	15474	0	8814	0	0	0	0	0	0	0	0	0	254	0	576	0	0	0	18784	0	0	0	4600	0	1094	0	0	0	0	0	266	0	596	0	0	0	0	0	0	0	0	0	0	0	0	0	0	0	0	0	
279552	Occipital_Mid_R	0	1492	0	0	0	0	0	0	0	0	0	0	0	0	0	0	0	896	0	0	0	0	0	0	0	0	0	0	0	0	0	0	0	0	0	0	0	0	0	0	0	0	192	13102	140	12936	0	7124	0	20898	0	0	0	13242	0	4918	0	3060	0	3624	0	6738	0	966	0	15592	1198	14390	0	1796	0	0	0	0	0	0	0	0	0	0	0	1050	0	0	0	13588	0	0	0	1366	0	610	0	0	0	0	0	0	0	604	0	0	0	0	0	0	0	0	0	0	0	254	0	0	0	0	
211680	Occipital_Inf_L	1552	0	0	0	0	0	0	0	0	0	0	0	0	0	0	0	2682	0	0	0	0	0	0	0	0	0	0	0	2624	0	0	0	112	0	114	0	198	0	108	0	0	0	7806	0	1500	0	16478	128	1244	0	24840	0	0	0	21494	0	856	0	110	0	0	0	108	0	0	0	2560	0	3310	0	0	0	0	0	0	0	0	0	2836	0	1062	0	0	0	4352	0	0	0	4180	0	1566	0	0	0	0	0	1506	0	2094	0	0	0	0	0	0	0	0	0	0	0	420	0	0	0	0	0	
314728	Occipital_Inf_R	206	2310	0	116	0	0	0	0	0	0	0	0	0	0	0	0	0	390	0	2198	0	0	0	0	0	0	0	0	0	234	0	0	0	1292	0	1694	0	1972	0	808	0	0	902	21868	1430	6444	134	19510	0	6096	0	13242	0	0	0	22058	0	3108	0	594	0	184	0	1134	0	640	600	10814	328	4206	0	0	0	0	0	0	0	0	0	0	0	604	0	0	0	6136	0	0	0	13338	160	4608	0	0	0	0	0	0	196	4980	0	0	0	0	0	0	0	0	0	0	0	2830	0	0	0	0	
512800	Fusiform_L	1084	0	1216	0	0	0	0	0	0	0	150	0	0	0	236	0	2908	0	1130	0	564	0	0	0	0	0	0	0	11820	0	0	0	0	0	200	0	20644	0	9038	0	6662	0	6478	0	618	0	24194	1402	800	0	9566	0	21494	0	0	396	528	0	0	0	198	0	344	0	0	0	2292	0	1178	0	1308	0	3698	0	0	0	360	0	4066	0	3702	0	3440	0	4192	0	3300	0	26234	0	19580	226	2696	0	478	0	16468	788	29650	318	1280	0	2596	0	720	130	104	0	0	0	3518	1784	314	172	138	0	
527188	Fusiform_R	162	1728	0	730	0	0	0	0	0	0	0	0	0	0	0	0	0	372	0	1046	0	0	0	0	0	0	0	0	0	4806	0	0	0	454	672	2914	868	25612	340	19836	0	5160	1690	16362	1778	5028	1088	31852	0	5960	0	4918	0	22058	396	0	128	672	0	552	0	0	0	0	0	0	824	9852	0	1036	0	0	0	2130	0	0	380	1242	0	0	0	3976	0	7368	0	2166	0	2236	0	15932	1400	17494	528	416	0	0	434	7810	1980	20042	0	0	0	0	0	104	0	0	0	0	1832	6552	678	0	0	0	
483068	Postcentral_L	53326	3044	11234	4358	0	0	10776	0	0	0	5890	0	172	0	0	0	19536	538	2062	8752	0	0	0	0	0	0	0	0	10448	500	0	0	324	870	1944	1940	4236	1592	390	714	0	0	1068	0	412	0	374	0	872	0	12668	0	856	0	528	128	0	440	7992	0	22910	0	10522	0	5622	0	5730	0	5134	0	1492	1376	2836	238	424	234	7854	1198	4578	0	1550	0	0	0	1434	0	0	0	418	0	0	0	0	0	0	0	0	0	0	0	0	0	0	0	0	0	0	0	0	0	0	0	0	0	0	0	
227496	Postcentral_R	458	22610	0	3422	0	0	0	200	0	0	0	1992	0	0	0	0	0	4948	0	6156	0	0	0	0	0	0	0	0	0	2198	0	0	0	2888	0	990	0	1452	0	536	0	0	0	894	0	440	0	1078	0	576	0	3060	0	3108	0	672	440	0	0	6946	270	5646	0	12100	0	2988	0	8300	186	11630	0	220	0	1526	0	0	0	0	0	0	0	918	0	0	0	2502	0	0	0	2398	0	0	0	0	0	0	0	0	0	0	0	0	0	0	0	0	0	0	0	0	0	0	0	0	0	0	
140100	Parietal_Sup_L	1188	178	258	122	0	0	148	0	0	0	0	0	0	0	0	0	142	0	0	540	0	0	0	0	0	0	0	0	0	0	0	0	0	0	0	0	0	0	0	0	0	0	344	0	630	0	214	0	3840	0	15922	0	110	0	0	0	7992	0	0	0	13548	0	704	0	11598	0	11678	0	274	0	0	0	0	0	0	0	0	0	0	0	0	0	0	0	370	0	0	0	250	0	0	0	0	0	0	0	0	0	0	0	0	0	0	0	0	0	0	0	0	0	0	0	0	0	0	0	
120556	Parietal_Sup_R	0	132	0	0	0	0	0	0	0	0	0	0	0	0	0	0	0	226	0	0	0	0	0	0	0	0	0	0	0	0	0	0	0	0	0	0	0	0	0	0	0	0	338	2932	0	4134	0	536	0	6820	0	3624	0	594	0	552	0	6946	0	0	0	11412	0	3602	0	9424	0	6760	0	176	0	0	0	0	0	0	0	0	0	0	0	416	0	0	0	830	0	0	0	210	0	226	0	0	0	0	0	0	0	226	0	0	0	0	0	0	0	0	0	0	0	162	0	0	0	0	
282160	Parietal_Inf_L	6948	764	1576	812	0	0	606	0	0	0	0	0	0	0	0	0	868	0	368	2566	0	0	0	0	0	0	0	0	496	0	0	0	0	0	0	0	142	0	0	0	0	0	0	0	0	0	0	0	650	0	18528	0	0	0	198	0	22910	270	13548	0	0	0	20276	0	25920	0	3294	0	504	0	108	504	0	0	0	0	0	0	0	0	1736	0	0	0	11862	0	0	0	5626	0	0	0	0	0	0	0	0	0	0	0	0	0	0	0	0	0	0	0	0	0	0	0	0	0	0	0	
117620	Parietal_Inf_R	0	618	0	0	0	0	0	0	0	0	0	0	0	0	0	0	0	0	0	0	0	0	0	0	0	0	0	0	0	0	0	0	0	0	0	0	0	0	0	0	0	0	0	0	0	0	0	0	0	2062	0	6738	0	184	0	0	0	5646	0	11412	0	0	0	8908	0	19328	0	1400	0	108	0	0	0	0	0	0	0	0	0	0	0	124	0	0	0	1890	0	0	0	392	0	0	0	0	0	0	0	0	0	0	0	0	0	0	0	0	0	0	0	0	0	0	0	0	0	0	
127632	SupraMarginal_L	806	0	860	136	0	0	434	0	0	0	0	0	0	0	0	0	1520	0	0	218	0	0	0	0	0	0	0	0	184	0	0	0	0	0	0	0	0	0	0	0	0	0	0	0	0	0	0	0	0	0	2558	0	108	0	344	0	10522	0	704	0	20276	0	0	0	6210	0	1352	0	0	0	0	0	0	0	0	0	0	0	206	0	4474	0	0	0	8176	0	0	0	4728	0	0	0	0	0	0	0	0	0	0	0	0	0	0	0	0	0	0	0	0	0	0	0	0	0	0	0	
118600	SupraMarginal_R	0	3278	0	588	0	0	0	0	0	0	0	336	0	0	0	0	0	1642	0	550	0	0	0	0	0	0	0	0	0	0	0	0	0	0	0	0	0	370	0	122	0	0	0	0	0	182	0	0	0	246	0	966	0	1134	0	0	0	12100	0	3602	0	8908	0	0	0	5732	0	3664	0	142	0	0	0	292	0	0	0	0	0	0	0	6554	0	0	0	7116	0	0	0	1776	0	0	0	0	0	0	0	0	0	0	0	0	0	0	0	0	0	0	0	0	0	0	0	0	0	0	
206140	Angular_L	576	176	284	0	0	0	138	0	0	0	0	0	0	0	0	0	116	0	0	568	0	0	0	0	0	0	0	0	0	0	0	0	0	0	0	0	120	0	0	0	0	0	0	0	0	0	0	0	1258	0	25822	0	0	0	0	0	5622	0	11598	0	25920	0	6210	0	0	0	5114	0	0	0	0	0	0	0	0	0	0	0	0	0	766	0	0	0	13972	0	0	0	4810	0	0	0	0	0	0	0	0	0	0	0	0	0	0	0	0	0	0	0	0	0	0	0	0	0	0	0	
133952	Angular_R	0	270	0	0	0	0	0	0	0	0	0	0	0	0	0	0	0	122	0	0	0	0	0	0	0	0	0	0	0	0	0	0	0	0	0	0	0	0	0	0	0	0	0	0	0	166	0	0	0	2860	0	15592	0	640	0	0	0	2988	0	9424	0	19328	0	5732	0	0	0	612	0	0	0	0	0	0	0	0	0	0	0	0	0	1926	0	0	0	6994	0	0	0	322	0	0	0	0	0	0	0	0	0	0	0	0	0	0	0	0	0	0	0	0	0	0	0	0	0	0	
253712	Precuneus_L	1404	104	278	0	0	0	184	0	0	0	0	0	0	0	0	0	656	0	260	230	0	0	0	0	0	0	0	0	698	210	0	0	2760	660	6122	1756	4392	1060	2954	910	0	0	10066	1732	5658	3272	7416	1260	4414	822	15474	1198	2560	600	2292	824	5730	0	11678	0	3294	0	1352	0	5114	0	0	7198	7484	0	0	0	0	0	0	0	0	0	670	0	106	0	0	0	704	152	0	0	528	0	0	210	0	0	0	0	0	0	0	208	0	0	0	0	0	0	0	0	0	0	0	202	0	0	0	0	
395136	Precuneus_R	1034	2554	0	0	0	0	0	0	0	0	0	0	0	0	0	0	0	844	0	3110	0	0	0	0	0	0	0	0	0	1034	0	0	1678	7106	1644	9112	1438	5452	428	4516	0	0	484	22562	1140	17194	200	16922	106	10216	0	14390	0	10814	0	9852	0	8300	0	6760	0	1400	0	3664	0	612	7198	0	1346	9308	0	0	0	148	0	0	162	0	0	0	0	1856	0	0	0	4768	0	0	0	5618	0	594	0	0	0	0	0	538	0	626	0	0	0	0	0	0	0	0	0	0	326	514	0	0	0	0	
205104	Paracentral_Lobule_L	17624	2850	1138	1058	0	0	0	0	0	0	0	0	0	0	0	0	102	0	5044	10682	0	0	0	0	0	0	0	0	0	0	0	0	3488	6454	9744	2488	0	0	0	0	0	0	1152	258	954	330	1250	144	462	0	8814	0	3310	328	1178	0	5134	186	274	0	504	0	0	0	0	0	7484	1346	0	4446	0	0	0	0	0	0	0	0	0	0	0	0	0	0	3850	0	0	0	220	256	0	0	0	0	0	0	0	0	0	0	0	0	0	0	0	0	0	0	0	0	0	0	0	0	0	0	
172712	Paracentral_Lobule_R	4244	4738	0	572	0	0	0	0	0	0	0	0	0	0	0	0	0	172	518	14822	0	0	0	0	0	0	0	0	0	0	0	0	542	12692	1088	4812	0	508	0	0	0	0	0	1874	0	1304	0	1376	0	456	0	1796	0	4206	0	1036	0	11630	0	176	0	108	0	142	0	0	0	9308	4446	0	0	0	0	0	0	0	0	0	0	0	0	0	0	0	0	282	0	0	0	3508	0	0	0	0	0	0	0	0	0	0	0	0	0	0	0	0	0	0	0	0	0	0	0	0	0	0	
331204	Caudate_L	1340	1594	13416	5394	0	554	3204	888	0	0	2714	2678	1616	526	110	0	1108	1720	9716	7060	6792	7986	3340	1060	934	598	1488	418	6780	2126	7996	4710	0	470	0	202	1436	180	122	0	358	0	0	0	0	0	0	0	0	0	0	0	0	0	1308	0	1492	0	0	0	108	0	0	0	0	0	0	0	0	0	0	22212	18278	5440	2338	962	8854	506	320	0	908	0	484	498	0	0	0	0	1260	0	0	0	0	0	0	0	0	0	0	0	0	0	0	0	0	0	0	0	0	0	0	0	0	0	0	0	
537980	Caudate_R	750	3860	5618	29650	0	13192	1294	7780	0	0	2652	5576	1328	2282	0	394	284	2450	4626	18974	5048	9270	2368	14644	1600	13522	374	2920	3126	6522	6828	26628	0	820	0	0	0	282	0	0	0	168	0	0	0	0	0	104	0	0	0	0	0	0	0	0	1376	220	0	0	504	0	0	0	0	0	0	0	0	0	22212	0	8790	20412	762	2542	1994	14292	0	0	126	0	0	826	0	0	0	0	0	0	0	0	0	0	0	0	0	0	0	0	0	0	0	0	0	0	0	0	0	0	0	0	0	0	0	0	
310356	Putamen_L	2754	2222	11720	3724	6272	0	2450	0	1278	0	356	0	600	110	3164	0	706	0	8098	5874	4540	5762	3002	438	1276	400	1244	134	17348	0	8830	1614	0	442	118	118	4846	176	948	0	1732	0	0	0	0	0	0	0	0	0	0	0	0	0	3698	0	2836	0	0	0	0	0	0	0	0	0	0	0	0	0	18278	8790	0	3738	6468	668	2774	156	394	0	836	0	1478	0	198	0	0	0	2570	0	0	0	0	0	0	0	0	0	0	0	0	0	0	0	0	0	0	0	0	0	0	0	0	0	0	0	
333544	Putamen_R	208	4002	1252	19398	0	7988	0	5330	0	366	268	4644	292	1252	0	2786	0	1630	1238	11620	2060	3744	252	4070	0	4362	0	1364	428	18524	2032	8874	0	0	0	0	0	10306	0	5016	0	1224	0	0	0	0	0	0	0	0	0	0	0	0	0	2130	238	1526	0	0	0	0	0	292	0	0	0	148	0	0	5440	20412	3738	0	0	3530	0	3896	0	0	0	208	0	556	0	0	0	0	0	128	0	0	0	0	0	0	0	0	0	0	0	0	0	0	0	0	0	0	0	0	0	0	0	0	0	0	
48584	Pallidum_L	344	1692	1488	2082	0	0	494	0	0	0	0	0	0	0	0	0	240	0	1300	3404	0	712	0	0	0	0	0	0	254	0	0	0	0	0	0	0	740	0	0	0	0	0	0	0	0	0	0	0	0	0	0	0	0	0	0	0	424	0	0	0	0	0	0	0	0	0	0	0	0	0	2338	762	6468	0	0	210	1340	0	0	0	0	0	0	0	0	0	0	0	0	0	0	0	0	0	0	0	0	0	0	0	0	0	0	0	0	0	0	0	0	0	0	0	0	0	0	0	
37192	Pallidum_R	146	122	134	4122	0	0	0	0	0	0	0	0	0	0	0	0	0	0	156	4366	0	758	0	0	0	0	0	0	0	0	0	0	0	0	0	0	0	190	0	146	0	0	0	0	0	0	0	0	0	0	0	0	0	0	0	0	234	0	0	0	0	0	0	0	0	0	0	0	0	0	962	2542	668	3530	210	0	0	310	0	0	0	0	0	0	0	0	0	0	0	0	0	0	0	0	0	0	0	0	0	0	0	0	0	0	0	0	0	0	0	0	0	0	0	0	0	0	
150696	Thalamus_L	7308	1654	1232	930	0	0	2334	0	0	0	226	0	0	0	0	0	5210	162	522	958	0	0	0	0	0	0	0	0	2462	218	0	0	0	0	1508	3132	4584	3486	702	2444	176	0	0	0	0	0	406	188	0	0	0	0	0	0	360	380	7854	0	0	0	0	0	0	0	0	0	0	162	0	0	8854	1994	2774	0	1340	0	0	8590	1044	0	360	0	166	0	692	0	0	0	936	0	0	0	0	0	0	0	0	0	0	0	0	0	0	0	0	0	0	0	0	0	0	0	0	0	0	0	
155800	Thalamus_R	1276	5112	1058	9978	0	0	518	162	0	0	0	206	0	0	0	0	174	1996	960	3234	0	0	0	0	0	0	0	0	106	3520	0	360	0	0	1618	2788	1698	7222	150	4008	0	222	0	0	0	0	118	810	0	0	0	0	0	0	0	1242	1198	0	0	0	0	0	0	0	0	0	0	0	0	0	506	14292	156	3896	0	310	8590	0	0	0	0	172	0	0	0	0	0	0	0	138	0	0	0	0	0	0	0	106	0	0	0	0	0	0	0	0	0	0	0	0	0	0	0	0	0	0	
136800	Heschl_L	4054	542	3320	762	0	0	1992	0	0	0	1486	0	200	0	0	0	9702	0	1290	1072	0	0	0	0	0	0	0	0	13392	0	0	0	0	128	826	242	5830	192	598	104	0	0	350	0	0	0	1158	0	0	0	254	0	2836	0	4066	0	4578	0	0	0	0	0	206	0	0	0	670	0	0	0	320	0	394	0	0	0	1044	0	0	0	3206	0	0	0	808	0	0	0	2778	0	0	0	0	0	0	0	0	0	0	0	0	0	0	0	0	0	0	0	0	0	0	0	0	0	0	0	
6816	Heschl_R	0	0	0	0	0	0	0	0	0	0	0	0	0	0	0	0	0	450	0	0	0	0	0	0	0	0	0	0	0	294	0	0	0	0	0	0	0	122	0	0	0	0	0	0	0	0	0	0	0	0	0	0	0	0	0	0	0	0	0	0	0	0	0	0	0	0	0	0	0	0	0	0	0	0	0	0	0	0	0	0	0	1252	0	0	0	724	0	0	0	566	0	0	0	0	0	0	0	0	0	0	0	0	0	0	0	0	0	0	0	0	0	0	0	0	0	0	
205980	Temporal_Sup_L	1208	0	3196	128	0	0	1204	0	0	0	2004	0	346	0	0	0	8290	0	1882	148	0	0	0	0	0	0	0	0	12614	0	0	0	0	0	0	0	2742	0	164	0	0	0	0	0	0	0	184	0	0	0	576	0	1062	0	3702	0	1550	0	0	0	1736	0	4474	0	766	0	106	0	0	0	908	126	836	0	0	0	360	0	3206	0	0	0	1772	0	26272	0	0	0	21428	0	0	0	0	0	0	0	0	0	0	0	0	0	0	0	0	0	0	0	0	0	0	0	0	0	0	0	
119960	Temporal_Sup_R	0	390	0	180	0	0	0	0	0	0	0	0	0	0	0	0	0	1752	0	0	0	0	0	0	0	0	0	0	0	6306	0	0	0	0	0	102	0	1778	0	798	0	0	0	168	0	152	0	402	0	154	0	1050	0	604	0	3976	0	918	0	416	0	124	0	6554	0	1926	0	1856	0	0	0	0	0	208	0	0	0	172	0	1252	0	0	0	3696	0	15092	0	114	0	9840	0	0	0	0	0	0	0	0	0	0	0	0	0	0	0	0	0	0	0	0	0	0	0	0	0	0	
84596	Temporal_Pole_Sup_L	0	0	344	0	770	0	266	0	444	0	828	0	710	0	2100	0	732	0	0	0	960	0	0	0	0	0	0	0	5082	0	0	0	0	0	0	0	1784	0	980	0	2068	0	0	0	0	0	0	0	0	0	0	0	0	0	3440	0	0	0	0	0	0	0	0	0	0	0	0	0	0	0	484	0	1478	0	0	0	166	0	0	0	1772	0	0	0	6414	0	4282	0	7194	0	0	0	0	0	0	0	0	0	0	0	0	0	0	0	0	0	0	0	0	0	0	0	0	0	0	0	
83244	Temporal_Pole_Sup_R	0	922	0	2188	0	0	0	2806	0	0	0	1658	0	0	0	114	0	4490	0	344	0	0	364	132	0	0	0	0	0	4968	112	148	0	0	0	0	0	710	0	1476	0	1792	0	0	0	0	0	0	0	0	0	0	0	0	0	7368	0	0	0	0	0	0	0	0	0	0	0	0	0	0	498	826	0	556	0	0	0	0	0	0	0	3696	0	0	0	1888	0	1982	0	2584	0	0	0	0	0	0	0	0	0	0	0	0	0	0	0	0	0	0	0	0	0	0	0	0	0	0	
327652	Temporal_Mid_L	2844	0	194	0	0	0	0	0	0	0	144	0	0	0	0	0	2304	0	114	0	0	0	0	0	0	0	0	0	3616	0	0	0	0	0	0	0	3014	0	572	0	0	0	342	0	0	0	626	0	180	0	18784	0	4352	0	4192	0	1434	0	370	0	11862	0	8176	0	13972	0	704	0	3850	0	0	0	198	0	0	0	692	0	808	0	26272	0	6414	0	0	0	3792	0	43878	0	126	0	0	0	0	0	0	0	0	0	0	0	0	0	0	0	0	0	0	0	0	0	0	0	0	0	
195500	Temporal_Mid_R	0	864	0	0	0	0	0	0	0	0	0	0	0	0	0	0	0	994	0	0	0	0	0	0	0	0	0	0	0	2736	0	0	0	0	0	0	0	864	0	168	0	0	0	1744	0	1646	0	1212	0	1728	0	13588	0	6136	0	2166	0	2502	0	830	0	1890	0	7116	0	6994	152	4768	0	282	0	0	0	0	0	0	0	0	0	724	0	15092	0	1888	0	0	0	314	0	21352	0	0	0	0	0	0	0	0	0	0	0	0	0	0	0	0	0	0	0	0	0	0	0	0	0	0	
36264	Temporal_Pole_Mid_L	0	0	0	0	0	0	0	0	0	0	0	0	0	0	0	0	0	0	0	0	0	0	0	0	0	0	0	0	356	0	0	0	0	0	0	0	462	0	384	0	364	0	0	0	0	0	0	0	0	0	0	0	0	0	3300	0	0	0	0	0	0	0	0	0	0	0	0	0	0	0	0	0	0	0	0	0	0	0	0	0	0	0	4282	0	3792	0	0	0	5192	0	0	0	0	0	0	0	0	0	0	0	0	0	0	0	0	0	0	0	0	0	0	0	0	0	0	0	
16204	Temporal_Pole_Mid_R	0	0	0	0	0	0	0	0	0	0	0	0	0	0	0	0	0	0	0	0	0	0	0	0	0	0	0	0	0	0	0	0	0	0	0	0	0	332	0	1480	0	1070	0	0	0	0	0	0	0	0	0	0	0	0	0	2236	0	0	0	0	0	0	0	0	0	0	0	0	0	0	0	0	0	0	0	0	0	0	0	0	0	114	0	1982	0	314	0	0	0	574	0	0	0	0	0	0	0	0	0	0	0	0	0	0	0	0	0	0	0	0	0	0	0	0	0	0	
367836	Temporal_Inf_L	492	0	1594	0	0	0	142	0	0	0	492	0	0	0	0	0	3670	0	1490	0	0	0	0	0	0	0	0	0	12560	0	0	0	0	0	0	0	12180	0	1236	0	1864	0	0	0	0	0	1530	0	150	0	4600	0	4180	0	26234	0	418	0	250	0	5626	0	4728	0	4810	0	528	0	220	0	1260	0	2570	0	0	0	936	0	2778	0	21428	0	7194	0	43878	0	5192	0	0	0	3528	0	2024	0	0	0	590	0	1800	0	782	0	964	0	0	0	0	0	0	0	0	0	0	0	0	0	
220200	Temporal_Inf_R	184	2486	0	246	0	0	0	0	0	0	0	108	0	0	0	0	0	408	0	2604	0	0	0	0	0	0	0	0	0	4822	0	0	0	1538	0	1656	0	3234	0	834	0	0	0	5646	0	336	0	2796	0	202	0	1366	0	13338	0	15932	0	2398	0	210	0	392	0	1776	0	322	0	5618	256	3508	0	0	0	128	0	0	0	138	0	566	0	9840	0	2584	0	21352	0	574	0	0	0	1578	0	158	0	0	0	228	0	738	0	0	0	0	0	0	0	0	0	0	0	0	0	0	0	0	
440432	Cerebelum_Crus1_L	0	0	0	0	0	0	0	0	0	0	0	0	0	0	0	0	0	0	0	0	0	0	0	0	0	0	0	0	196	0	0	0	0	0	0	0	538	0	348	0	0	0	146	108	0	0	8968	5308	0	0	1094	0	1566	160	19580	1400	0	0	0	0	0	0	0	0	0	0	0	0	0	0	0	0	0	0	0	0	0	0	0	0	0	0	0	0	126	0	0	0	3528	0	0	2910	31944	1848	1712	1730	17344	2996	44750	3534	11916	140	14754	2126	1720	1968	352	0	376	1674	8314	10702	8296	3292	2224	528	
438176	Cerebelum_Crus1_R	0	0	0	0	0	0	0	0	0	0	0	0	0	0	0	0	0	0	0	0	0	0	0	0	0	0	0	0	0	0	0	0	0	0	0	0	0	0	0	0	0	0	832	4612	1364	2420	1244	17970	0	3086	0	610	0	4608	226	17494	0	0	0	226	0	0	0	0	0	0	210	594	0	0	0	0	0	0	0	0	0	0	0	0	0	0	0	0	0	0	0	0	0	1578	2910	0	2558	21910	0	2918	2672	20994	2946	55554	332	4728	310	9656	0	928	0	0	116	1026	9468	14482	6850	1010	646	0	
329588	Cerebelum_Crus2_L	0	0	0	0	0	0	0	0	0	0	0	0	0	0	0	0	0	0	0	0	0	0	0	0	0	0	0	0	0	0	0	0	0	0	0	0	0	0	0	0	0	0	0	0	0	0	432	2480	0	0	0	0	0	0	2696	528	0	0	0	0	0	0	0	0	0	0	0	0	0	0	0	0	0	0	0	0	0	0	0	0	0	0	0	0	0	0	0	0	2024	0	31944	2558	0	4652	848	1776	3152	1890	7744	2128	29648	1998	27860	5636	1910	2148	630	0	464	1464	2980	5046	10312	6626	2754	466	
195844	Cerebelum_Crus2_R	0	0	0	0	0	0	0	0	0	0	0	0	0	0	0	0	0	0	0	0	0	0	0	0	0	0	0	0	0	0	0	0	0	0	0	0	0	0	0	0	0	0	0	0	0	0	0	596	0	0	0	0	0	0	0	416	0	0	0	0	0	0	0	0	0	0	0	0	0	0	0	0	0	0	0	0	0	0	0	0	0	0	0	0	0	0	0	0	0	158	1848	21910	4652	0	0	1750	270	3408	0	8460	2064	15186	1830	19698	264	758	0	0	0	868	1720	1066	6366	4020	614	0	
60012	Cerebelum_3_L	0	0	0	0	0	0	0	0	0	0	0	0	0	0	0	0	0	0	0	0	0	0	0	0	0	0	0	0	0	0	0	0	0	0	0	0	0	302	370	134	0	0	0	0	0	0	276	250	0	0	0	0	0	0	478	0	0	0	0	0	0	0	0	0	0	0	0	0	0	0	0	0	0	0	0	0	0	0	0	0	0	0	0	0	0	0	0	0	0	0	1712	0	848	0	0	168	8674	102	3090	114	692	0	2054	170	3216	508	0	0	894	1562	1326	1384	440	296	448	498	
96644	Cerebelum_3_R	0	0	0	0	0	0	0	0	0	0	0	0	0	0	0	0	0	0	0	0	0	0	0	0	0	0	0	0	0	0	0	0	0	0	0	0	0	0	0	124	0	0	0	0	0	0	0	196	0	0	0	0	0	0	0	0	0	0	0	0	0	0	0	0	0	0	0	0	0	0	0	0	0	0	0	0	0	0	0	0	0	0	0	0	0	0	0	0	0	0	1730	2918	1776	1750	168	0	466	5460	182	4942	1326	0	1586	2344	186	2886	0	0	1308	5526	1970	1576	3590	3398	2914	0	
303228	Cerebelum_4_5_L	0	0	0	0	0	0	0	0	0	0	0	0	0	0	0	0	0	0	0	0	0	0	0	0	0	0	0	0	0	0	0	0	0	0	0	0	932	222	1614	106	0	0	0	0	0	0	9620	2166	0	0	266	0	1506	0	16468	434	0	0	0	0	0	0	0	0	0	0	0	0	0	0	0	0	0	0	0	0	0	0	0	0	0	0	0	0	0	0	0	0	590	0	17344	2672	3152	270	8674	466	0	3546	32696	3604	2018	0	5304	582	6648	1076	204	0	896	2148	15410	5114	1976	1078	1190	1622	
262256	Cerebelum_4_5_R	0	0	0	0	0	0	0	0	0	0	0	0	0	0	0	0	0	0	0	0	0	0	0	0	0	0	0	0	0	262	0	0	0	0	0	0	0	1956	0	4162	0	0	0	188	0	0	1138	12654	0	0	0	0	0	0	788	7810	0	0	0	0	0	0	0	0	0	0	0	538	0	0	0	0	0	0	0	0	0	106	0	0	0	0	0	0	0	0	0	0	0	228	2996	20994	1890	3408	102	5460	3546	0	3312	29322	314	234	270	2698	136	2218	0	256	0	1802	13684	4330	2614	976	736	0	
404296	Cerebelum_6_L	0	0	122	0	0	0	0	0	0	0	0	0	0	0	0	0	0	0	122	0	0	0	0	0	0	0	0	0	348	0	0	0	0	0	0	0	1188	0	834	0	0	0	326	120	0	0	14340	6768	0	0	596	0	2094	196	29650	1980	0	0	0	0	0	0	0	0	0	0	0	0	0	0	0	0	0	0	0	0	0	0	0	0	0	0	0	0	0	0	0	0	1800	0	44750	2946	7744	0	3090	182	32696	3312	0	4156	3434	0	5110	112	2974	668	596	0	212	608	12784	12470	2052	344	526	898	
449844	Cerebelum_6_R	0	0	0	0	0	0	0	0	0	0	0	0	0	0	0	0	0	0	0	0	0	0	0	0	0	0	0	0	0	0	0	0	0	0	0	0	0	440	0	462	0	0	840	4746	1368	2432	1600	20484	0	3092	0	604	0	4980	318	20042	0	0	0	226	0	0	0	0	0	0	208	626	0	0	0	0	0	0	0	0	0	0	0	0	0	0	0	0	0	0	0	0	0	738	3534	55554	2128	8460	114	4942	3604	29322	4156	0	394	1624	458	7390	154	1146	0	250	108	1668	12934	16516	5430	1162	668	0	
252980	Cerebelum_7b_L	0	0	0	0	0	0	0	0	0	0	0	0	0	0	0	0	0	0	0	0	0	0	0	0	0	0	0	0	0	0	0	0	0	0	0	0	0	0	0	0	0	0	0	0	0	0	0	184	0	0	0	0	0	0	1280	0	0	0	0	0	0	0	0	0	0	0	0	0	0	0	0	0	0	0	0	0	0	0	0	0	0	0	0	0	0	0	0	0	782	0	11916	332	29648	2064	692	1326	2018	314	3434	394	0	2402	36292	4808	3950	2676	1310	0	654	1406	874	1432	4724	7804	3268	506	
104524	Cerebelum_7b_R	0	0	0	0	0	0	0	0	0	0	0	0	0	0	0	0	0	0	0	0	0	0	0	0	0	0	0	0	0	0	0	0	0	0	0	0	0	0	0	0	0	0	0	0	0	0	0	0	0	0	0	0	0	0	0	0	0	0	0	0	0	0	0	0	0	0	0	0	0	0	0	0	0	0	0	0	0	0	0	0	0	0	0	0	0	0	0	0	0	0	140	4728	1998	15186	0	0	0	234	0	1624	2402	0	2158	16526	162	1708	0	0	0	0	112	0	1430	3732	122	0	
325420	Cerebelum_8_L	0	0	0	0	0	0	0	0	0	0	0	0	0	0	0	0	0	0	0	0	0	0	0	0	0	0	0	0	0	0	0	0	0	0	0	0	178	0	284	0	0	0	0	0	0	0	0	146	0	0	0	0	0	0	2596	0	0	0	0	0	0	0	0	0	0	0	0	0	0	0	0	0	0	0	0	0	0	0	0	0	0	0	0	0	0	0	0	0	964	0	14754	310	27860	1830	2054	1586	5304	270	5110	458	36292	2158	0	5314	17132	4782	2680	0	800	1840	832	2590	5606	11052	6250	1678	
234816	Cerebelum_8_R	0	0	0	0	0	0	0	0	0	0	0	0	0	0	0	0	0	0	0	0	0	0	0	0	0	0	0	0	0	0	0	0	0	0	0	0	0	0	0	0	0	0	0	0	0	0	0	136	0	0	0	0	0	0	0	0	0	0	0	0	0	0	0	0	0	0	0	0	0	0	0	0	0	0	0	0	0	0	0	0	0	0	0	0	0	0	0	0	0	0	2126	9656	5636	19698	170	2344	582	2698	112	7390	4808	16526	5314	0	616	15870	0	994	206	1378	2220	434	5332	9582	2834	746	
114204	Cerebelum_9_L	0	0	0	0	0	0	0	0	0	0	0	0	0	0	0	0	0	0	0	0	0	0	0	0	0	0	0	0	0	0	0	0	0	0	0	0	134	0	228	0	0	0	0	0	0	0	0	0	0	0	0	0	0	0	720	0	0	0	0	0	0	0	0	0	0	0	0	0	0	0	0	0	0	0	0	0	0	0	0	0	0	0	0	0	0	0	0	0	0	0	1720	0	1910	264	3216	186	6648	136	2974	154	3950	162	17132	616	0	1766	3694	0	188	514	1596	2154	1348	1928	2266	1498	
153512	Cerebelum_9_R	0	0	0	0	0	0	0	0	0	0	0	0	0	0	0	0	0	0	0	0	0	0	0	0	0	0	0	0	0	0	0	0	0	0	0	0	0	190	0	530	0	0	0	0	0	0	0	0	0	0	0	0	0	0	130	104	0	0	0	0	0	0	0	0	0	0	0	0	0	0	0	0	0	0	0	0	0	0	0	0	0	0	0	0	0	0	0	0	0	0	1968	928	2148	758	508	2886	1076	2218	668	1146	2676	1708	4782	15870	1766	0	0	1028	1382	3192	778	3416	4398	8034	8808	3660	
19140	Cerebelum_10_L	0	0	0	0	0	0	0	0	0	0	0	0	0	0	0	0	0	0	0	0	0	0	0	0	0	0	0	0	0	0	0	0	0	0	0	0	0	0	0	0	0	0	0	0	0	0	0	0	0	0	0	0	0	0	104	0	0	0	0	0	0	0	0	0	0	0	0	0	0	0	0	0	0	0	0	0	0	0	0	0	0	0	0	0	0	0	0	0	0	0	352	0	630	0	0	0	204	0	596	0	1310	0	2680	0	3694	0	0	0	0	0	0	0	0	0	0	0	
5056	Cerebelum_10_R	0	0	0	0	0	0	0	0	0	0	0	0	0	0	0	0	0	0	0	0	0	0	0	0	0	0	0	0	0	0	0	0	0	0	0	0	0	0	0	0	0	0	0	0	0	0	0	0	0	0	0	0	0	0	0	0	0	0	0	0	0	0	0	0	0	0	0	0	0	0	0	0	0	0	0	0	0	0	0	0	0	0	0	0	0	0	0	0	0	0	0	0	0	0	0	0	0	256	0	250	0	0	0	994	0	1028	0	0	0	0	0	0	0	0	0	0	
33192	Vermis_1_2	0	0	0	0	0	0	0	0	0	0	0	0	0	0	0	0	0	0	0	0	0	0	0	0	0	0	0	0	0	0	0	0	0	0	0	0	0	0	0	0	0	0	0	0	0	0	0	0	0	0	0	0	0	0	0	0	0	0	0	0	0	0	0	0	0	0	0	0	0	0	0	0	0	0	0	0	0	0	0	0	0	0	0	0	0	0	0	0	0	0	376	116	464	0	894	1308	896	0	212	108	654	0	800	206	188	1382	0	0	0	4524	980	398	874	1090	1126	0	
90704	Vermis_3	0	0	0	0	0	0	0	0	0	0	0	0	0	0	0	0	0	0	0	0	0	0	0	0	0	0	0	0	0	0	0	0	0	0	0	0	0	118	0	0	0	0	0	0	0	0	0	108	0	0	0	0	0	0	0	0	0	0	0	0	0	0	0	0	0	0	0	0	0	0	0	0	0	0	0	0	0	0	0	0	0	0	0	0	0	0	0	0	0	0	1674	1026	1464	868	1562	5526	2148	1802	608	1668	1406	0	1840	1378	514	3192	0	0	4524	0	2638	1848	2884	3114	3178	264	
253268	Vermis_4_5	0	0	0	0	0	0	0	0	0	0	0	0	0	0	0	0	0	0	0	0	0	0	0	0	0	0	0	0	0	0	0	0	0	0	0	212	0	194	0	202	0	0	0	180	0	0	3760	8264	0	0	0	0	420	0	3518	1832	0	0	0	0	0	0	0	0	0	0	0	326	0	0	0	0	0	0	0	0	0	0	0	0	0	0	0	0	0	0	0	0	0	0	8314	9468	2980	1720	1326	1970	15410	13684	12784	12934	874	112	832	2220	1596	778	0	0	980	2638	0	9144	3942	1594	888	1538	
