data	data	529552	282248	1.29984e+06	1.00944e+06	197308	276208	507888	241816	94432	22040	240496	271388	359088	394564	210316	133360	246620	111232	943296	826160	121436	112396	468112	531640	24444	83828	86352	102468	811796	588808	433160	667188	247568	671536	113372	138832	252548	322944	97364	244664	39904	51328	233528	281972	195000	294824	297544	371396	189196	392008	585056	327944	186792	92824	470372	484604	391808	227952	154472	133312	281680	114112	115764	125100	177288	189568	273344	504432	174096	278820	270092	293464	346752	351380	45144	26756	158936	161536	101872	23468	229088	153512	89448	85088	406528	246376	26960	39108	314276	146340	533196	424048	431600	377868	50124	97424	382008	296876	520088	387708	340260	274904	377700	416592	151636	173328	23912	10288	22820	99040	292044	182664	204280	212512	152004	33144	
data	data	Precentral_L	Precentral_R	Frontal_Sup_L	Frontal_Sup_R	Frontal_Sup_Orb_L	Frontal_Sup_Orb_R	Frontal_Mid_L	Frontal_Mid_R	Frontal_Mid_Orb_L	Frontal_Mid_Orb_R	Frontal_Inf_Oper_L	Frontal_Inf_Oper_R	Frontal_Inf_Tri_L	Frontal_Inf_Tri_R	Frontal_Inf_Orb_L	Frontal_Inf_Orb_R	Rolandic_Oper_L	Rolandic_Oper_R	Supp_Motor_Area_L	Supp_Motor_Area_R	Olfactory_L	Olfactory_R	Frontal_Sup_Medial_L	Frontal_Sup_Medial_R	Frontal_Med_Orb_L	Frontal_Med_Orb_R	Rectus_L	Rectus_R	Insula_L	Insula_R	Cingulum_Ant_L	Cingulum_Ant_R	Cingulum_Mid_L	Cingulum_Mid_R	Cingulum_Post_L	Cingulum_Post_R	Hippocampus_L	Hippocampus_R	ParaHippocampal_L	ParaHippocampal_R	Amygdala_L	Amygdala_R	Calcarine_L	Calcarine_R	Cuneus_L	Cuneus_R	Lingual_L	Lingual_R	Occipital_Sup_L	Occipital_Sup_R	Occipital_Mid_L	Occipital_Mid_R	Occipital_Inf_L	Occipital_Inf_R	Fusiform_L	Fusiform_R	Postcentral_L	Postcentral_R	Parietal_Sup_L	Parietal_Sup_R	Parietal_Inf_L	Parietal_Inf_R	SupraMarginal_L	SupraMarginal_R	Angular_L	Angular_R	Precuneus_L	Precuneus_R	Paracentral_Lobule_L	Paracentral_Lobule_R	Caudate_L	Caudate_R	Putamen_L	Putamen_R	Pallidum_L	Pallidum_R	Thalamus_L	Thalamus_R	Heschl_L	Heschl_R	Temporal_Sup_L	Temporal_Sup_R	Temporal_Pole_Sup_L	Temporal_Pole_Sup_R	Temporal_Mid_L	Temporal_Mid_R	Temporal_Pole_Mid_L	Temporal_Pole_Mid_R	Temporal_Inf_L	Temporal_Inf_R	Cerebelum_Crus1_L	Cerebelum_Crus1_R	Cerebelum_Crus2_L	Cerebelum_Crus2_R	Cerebelum_3_L	Cerebelum_3_R	Cerebelum_4_5_L	Cerebelum_4_5_R	Cerebelum_6_L	Cerebelum_6_R	Cerebelum_7b_L	Cerebelum_7b_R	Cerebelum_8_L	Cerebelum_8_R	Cerebelum_9_L	Cerebelum_9_R	Cerebelum_10_L	Cerebelum_10_R	Vermis_1_2	Vermis_3	Vermis_4_5	Vermis_6	Vermis_7	Vermis_8	Vermis_9	Vermis_10	
529552	Precentral_L	0	4064	25704	4956	0	0	25474	1828	0	0	16762	1054	4340	374	0	0	16094	0	17660	8960	0	0	242	0	0	0	0	0	18328	210	708	536	910	3760	2014	460	668	0	0	0	0	0	784	0	648	0	156	0	542	0	10002	0	1888	0	1910	0	38642	0	3284	0	9100	0	3228	0	1790	0	1570	134	10210	538	1914	2132	298	372	0	190	3806	1246	5260	0	3854	0	0	0	5224	0	0	0	948	0	0	0	0	0	0	0	0	0	0	0	0	0	0	0	0	0	0	0	0	0	0	0	0	0	0	0	
282248	Precentral_R	4064	0	1688	14640	0	0	216	9034	0	0	0	7814	0	428	0	0	0	2914	2404	13764	0	0	0	0	0	0	0	0	132	5248	0	0	260	9326	786	1418	0	4850	0	2510	0	0	0	354	0	532	0	0	0	1802	0	2184	0	580	0	3390	1122	15846	0	946	0	1216	0	4260	0	1512	0	2248	1144	7800	1056	1640	0	1724	0	0	0	5174	0	320	0	1134	0	178	0	2298	0	0	0	1168	0	0	0	0	0	0	0	0	0	0	0	0	0	0	0	0	0	0	0	0	0	0	0	0	0	0	
1.29984e+06	Frontal_Sup_L	25704	1688	0	20178	8842	2286	68574	2940	3164	0	13644	1818	28958	3440	12104	392	9926	126	117280	21906	0	0	47088	12218	888	446	0	0	56294	4490	27094	10614	12284	13060	406	0	8736	444	874	0	0	0	182	0	0	0	284	0	172	0	1136	0	536	0	4022	0	4850	0	376	0	1314	0	0	0	248	0	360	0	3908	0	14714	608	34572	1082	6564	0	20764	296	4132	0	3644	248	738	0	1136	0	0	0	4536	0	656	0	0	0	0	0	254	0	684	0	0	0	0	0	0	0	0	0	0	0	0	0	0	0	0	0	
1.00944e+06	Frontal_Sup_R	4956	14640	20178	0	0	18310	1896	20618	0	0	156	13660	1178	21666	134	7622	0	6718	22858	62528	0	940	11804	41962	0	1676	0	440	1828	36260	7590	37708	4650	20820	0	0	0	10956	0	4014	0	300	0	0	0	140	0	0	0	228	0	302	0	224	0	2234	536	1554	0	0	0	0	0	818	0	0	0	222	1222	198	3664	27898	622	32394	0	3728	200	26616	0	0	0	1530	0	1490	0	282	0	0	0	552	0	0	0	0	0	0	0	0	0	0	0	0	0	0	0	0	0	0	0	0	0	0	0	0	0	0	
197308	Frontal_Sup_Orb_L	0	0	8842	0	0	456	2250	0	14354	0	330	218	4426	232	16256	0	0	0	774	0	3854	2040	2674	164	2228	302	5764	1388	15062	252	2976	850	0	0	0	0	136	0	0	0	140	0	0	0	0	0	0	0	0	0	0	0	0	0	0	0	0	0	0	0	0	0	0	0	0	0	0	0	0	0	3474	514	8498	0	0	0	0	0	0	0	0	0	200	0	0	0	0	0	0	0	0	0	0	0	0	0	0	0	0	0	0	0	0	0	0	0	0	0	0	0	0	0	0	0	0	0	
276208	Frontal_Sup_Orb_R	0	0	2286	18310	456	0	372	3616	0	3398	0	440	374	9014	130	10070	0	0	1644	2200	962	2838	3288	16460	0	8090	790	8996	420	12466	2700	12772	2458	4718	0	0	0	228	0	152	0	0	0	0	0	0	0	0	0	0	0	0	0	0	0	0	0	0	0	0	0	0	0	0	0	0	0	0	0	0	1254	3098	0	4104	0	0	0	0	0	0	0	0	0	0	0	0	0	0	0	0	0	0	0	0	0	0	0	0	0	0	0	0	0	0	0	0	0	0	0	0	0	0	0	0	0	0	
507888	Frontal_Mid_L	25474	216	68574	1896	2250	372	0	772	2438	0	13248	520	37420	692	7872	0	5266	0	6806	894	0	0	13534	2396	0	0	0	0	28186	924	9180	2144	2776	1604	0	0	234	0	0	0	0	0	152	0	0	0	0	0	138	0	1532	0	182	0	306	0	4466	0	392	0	1568	0	586	0	320	0	182	0	128	0	1264	0	1504	192	0	0	974	0	1934	0	902	0	300	0	940	0	0	0	294	0	0	0	0	0	0	0	0	0	0	0	0	0	0	0	0	0	0	0	0	0	0	0	0	0	0	0	
241816	Frontal_Mid_R	1828	9034	2940	20618	0	3616	772	0	0	1588	0	15204	0	17800	0	4032	0	1384	3370	4578	0	0	584	5314	0	0	0	0	206	7376	244	5380	0	1818	0	0	0	612	0	118	0	0	0	0	0	0	0	0	0	0	0	148	0	0	0	0	1024	806	0	142	0	212	0	810	0	0	0	0	0	0	2408	2048	0	3398	0	0	0	872	0	0	0	418	0	206	0	0	0	0	0	0	0	0	0	0	0	0	0	0	0	0	0	0	0	0	0	0	0	0	0	0	0	0	0	0	0	0	
94432	Frontal_Mid_Orb_L	0	0	3164	0	14354	0	2438	0	0	0	0	0	2918	0	14876	0	0	0	0	0	0	0	0	0	0	0	498	0	6688	0	0	0	0	0	0	0	0	0	0	0	0	0	0	0	0	0	0	0	0	0	0	0	0	0	0	0	0	0	0	0	0	0	0	0	0	0	0	0	0	0	240	0	1902	0	0	0	0	0	0	0	0	0	138	0	0	0	0	0	0	0	0	0	0	0	0	0	0	0	0	0	0	0	0	0	0	0	0	0	0	0	0	0	0	0	0	0	
22040	Frontal_Mid_Orb_R	0	0	0	0	0	3398	0	1588	0	0	0	0	0	996	0	5038	0	0	0	0	0	0	0	0	0	0	0	0	0	0	0	0	0	0	0	0	0	0	0	0	0	0	0	0	0	0	0	0	0	0	0	0	0	0	0	0	0	0	0	0	0	0	0	0	0	0	0	0	0	0	0	0	0	0	0	0	0	0	0	0	0	0	0	0	0	0	0	0	0	0	0	0	0	0	0	0	0	0	0	0	0	0	0	0	0	0	0	0	0	0	0	0	0	0	0	0	
240496	Frontal_Inf_Oper_L	16762	0	13644	156	330	0	13248	0	0	0	0	0	14728	0	1254	0	15422	0	5682	0	0	0	664	202	0	0	0	0	22300	0	736	290	0	138	0	0	0	0	0	0	0	0	0	0	0	0	0	0	0	0	450	0	0	0	0	0	6146	0	224	0	470	0	0	0	0	0	0	0	0	0	312	0	1374	0	0	0	0	0	1076	0	2210	0	2430	0	0	0	0	0	0	0	0	0	0	0	0	0	0	0	0	0	0	0	0	0	0	0	0	0	0	0	0	0	0	0	0	0	
271388	Frontal_Inf_Oper_R	1054	7814	1818	13660	218	440	520	15204	0	0	0	0	0	17092	0	1026	0	9368	1686	12172	504	502	312	1262	0	0	254	0	228	24830	358	4140	0	1636	0	0	0	1294	0	0	0	0	0	0	0	0	0	0	0	0	0	0	0	0	0	0	576	392	0	0	0	0	0	242	0	0	0	0	0	0	3054	3864	0	6236	0	0	0	594	0	0	0	1014	0	2330	0	0	0	0	0	0	0	0	0	0	0	0	0	0	0	0	0	0	0	0	0	0	0	0	0	0	0	0	0	0	0	0	
359088	Frontal_Inf_Tri_L	4340	0	28958	1178	4426	374	37420	0	2918	0	14728	0	0	578	16486	0	3036	0	5024	230	0	0	5676	1230	0	0	0	0	39460	570	4064	1162	1000	802	0	0	0	0	0	0	0	0	0	0	0	0	0	0	0	0	0	0	0	0	0	0	1146	0	0	0	214	0	0	0	0	0	0	0	0	0	878	0	1626	0	0	0	0	0	0	0	398	0	1622	0	0	0	0	0	0	0	0	0	0	0	0	0	0	0	0	0	0	0	0	0	0	0	0	0	0	0	0	0	0	0	0	0	
394564	Frontal_Inf_Tri_R	374	428	3440	21666	232	9014	692	17800	0	996	0	17092	578	0	136	6186	0	420	4604	11266	530	632	4370	13808	0	220	266	0	750	27994	4348	20880	3442	10684	0	0	0	0	0	0	0	0	0	0	0	0	0	0	0	0	0	0	0	0	0	0	158	0	0	0	0	0	0	0	0	0	0	0	0	0	2172	7572	150	3746	0	0	0	636	0	0	0	0	0	0	0	0	0	0	0	0	0	0	0	0	0	0	0	0	0	0	0	0	0	0	0	0	0	0	0	0	0	0	0	0	0	0	
210316	Frontal_Inf_Orb_L	0	0	12104	134	16256	130	7872	0	14876	0	1254	0	16486	136	0	0	718	0	724	0	2338	304	946	194	0	0	1832	0	18458	140	712	222	170	150	0	0	638	0	118	0	386	0	0	0	0	0	0	0	0	0	0	0	0	0	140	0	0	0	0	0	0	0	0	0	0	0	0	0	0	0	1882	0	3456	0	0	0	0	0	0	0	142	0	2240	0	0	0	0	0	0	0	0	0	0	0	0	0	0	0	0	0	0	0	0	0	0	0	0	0	0	0	0	0	0	0	0	0	
133360	Frontal_Inf_Orb_R	0	0	392	7622	0	10070	0	4032	0	5038	0	1026	0	6186	0	0	0	770	406	1054	118	1892	508	4558	0	0	0	1196	0	10506	476	1672	444	1440	0	0	0	856	0	832	0	330	0	0	0	0	0	0	0	0	0	0	0	0	0	128	0	0	0	0	0	0	0	0	0	0	0	0	0	0	0	638	0	2722	0	0	0	0	0	0	0	330	0	1312	0	126	0	0	0	0	0	0	0	0	0	0	0	0	0	0	0	0	0	0	0	0	0	0	0	0	0	0	0	0	0	0	
246620	Rolandic_Oper_L	16094	0	9926	0	0	0	5266	0	0	0	15422	0	3036	0	718	0	0	0	5452	0	0	0	0	0	0	0	0	0	25670	0	0	0	0	0	0	0	138	0	0	0	0	0	148	0	0	0	0	0	0	0	2078	0	482	0	566	0	9180	0	220	0	624	0	1708	0	222	0	0	0	0	0	0	0	892	0	0	0	0	0	6036	0	11238	0	2758	0	4172	0	0	0	1264	0	0	0	0	0	0	0	0	0	0	0	0	0	0	0	0	0	0	0	0	0	0	0	0	0	0	0	
111232	Rolandic_Oper_R	0	2914	126	6718	0	0	0	1384	0	0	0	9368	0	420	0	770	0	0	220	5732	0	0	0	0	0	0	0	0	0	13020	0	194	0	204	0	0	0	1238	0	0	0	0	0	0	0	0	0	0	0	208	0	0	0	0	0	0	0	1738	0	240	0	0	0	1324	0	0	0	134	0	0	0	186	0	2512	0	0	0	122	0	1230	0	2818	0	2796	0	0	0	0	0	0	0	0	0	0	0	0	0	0	0	0	0	0	0	0	0	0	0	0	0	0	0	0	0	0	0	0	
943296	Supp_Motor_Area_L	17660	2404	117280	22858	774	1644	6806	3370	0	0	5682	1686	5024	4604	724	406	5452	220	0	44900	0	0	12272	9528	0	0	0	0	24256	3276	13590	13368	16428	29668	2102	474	8390	320	806	0	0	0	0	162	196	126	220	0	0	120	162	178	372	0	3856	0	1460	0	178	0	184	0	0	0	0	0	446	1338	8424	1340	11358	1474	26276	1332	6538	184	19060	672	1212	0	2154	212	330	0	474	0	0	0	4110	0	630	0	0	0	0	0	238	0	660	0	0	0	0	0	0	0	0	0	0	0	0	0	0	0	0	0	
826160	Supp_Motor_Area_R	8960	13764	21906	62528	0	2200	894	4578	0	0	0	12172	230	11266	0	1054	0	5732	44900	0	0	0	1906	12948	0	652	0	0	768	18742	4506	21620	6336	54640	2010	5188	0	3110	0	1774	0	0	0	1278	0	794	0	482	0	1342	0	2722	710	738	1028	3138	142	1628	0	0	0	0	0	0	0	382	0	7682	3228	18852	3718	11468	264	18742	0	1694	158	1044	0	192	0	1228	0	1378	380	3172	0	0	0	1112	0	0	0	0	0	0	0	0	0	0	0	0	0	0	0	0	0	0	0	0	0	0	0	0	0	0	
121436	Olfactory_L	0	0	0	0	3854	962	0	0	0	0	0	504	0	530	2338	118	0	0	0	0	0	9116	0	184	216	758	7232	4990	2962	564	4232	4416	0	0	0	0	1222	0	578	0	1182	0	0	0	0	0	0	0	0	0	0	0	0	0	204	0	0	0	0	0	0	0	0	0	0	0	0	0	0	0	9754	3316	1088	0	0	0	0	0	0	0	0	0	398	0	0	0	0	0	0	0	0	0	0	0	0	0	0	0	0	0	0	0	0	0	0	0	0	0	0	0	0	0	0	0	0	0	
112396	Olfactory_R	0	0	0	940	2040	2838	0	0	0	0	0	502	0	632	304	1892	0	0	0	0	9116	0	0	844	0	1162	5492	7062	0	2766	3138	4404	0	0	0	0	0	0	0	274	0	480	0	0	0	0	0	0	0	0	0	0	0	0	0	0	0	0	0	0	0	0	0	0	0	0	0	0	0	0	7722	4072	342	0	0	0	0	0	0	0	0	0	0	176	0	0	0	0	0	0	0	0	0	0	0	0	0	0	0	0	0	0	0	0	0	0	0	0	0	0	0	0	0	0	0	0	
468112	Frontal_Sup_Medial_L	242	0	47088	11804	2674	3288	13534	584	0	0	664	312	5676	4370	946	508	0	0	12272	1906	0	0	0	29030	1824	2532	0	624	8076	4084	28228	20872	10080	12440	0	0	0	0	0	0	0	0	0	0	0	0	0	0	0	0	0	0	0	0	0	0	0	0	0	0	0	0	0	0	0	0	0	0	0	0	2654	474	6518	632	0	0	120	0	0	0	0	0	0	0	0	0	0	0	0	0	0	0	0	0	0	0	0	0	0	0	0	0	0	0	0	0	0	0	0	0	0	0	0	0	0	0	
531640	Frontal_Sup_Medial_R	0	0	12218	41962	164	16460	2396	5314	0	0	202	1262	1230	13808	194	4558	0	0	9528	12948	184	844	29030	0	372	5334	0	998	1516	14358	12664	39452	3860	21094	0	0	0	694	0	532	0	244	0	0	0	0	0	0	0	0	0	0	0	0	0	0	0	0	0	0	0	0	0	0	0	0	0	0	0	0	1206	3620	1170	6404	0	0	0	0	0	0	0	0	0	0	0	0	0	0	0	0	0	0	0	0	0	0	0	0	0	0	0	0	0	0	0	0	0	0	0	0	0	0	0	0	0	0	
24444	Frontal_Med_Orb_L	0	0	888	0	2228	0	0	0	0	0	0	0	0	0	0	0	0	0	0	0	216	0	1824	372	0	662	1222	270	0	0	2834	122	0	0	0	0	0	0	0	0	0	0	0	0	0	0	0	0	0	0	0	0	0	0	0	0	0	0	0	0	0	0	0	0	0	0	0	0	0	0	664	0	920	0	0	0	0	0	0	0	0	0	0	0	0	0	0	0	0	0	0	0	0	0	0	0	0	0	0	0	0	0	0	0	0	0	0	0	0	0	0	0	0	0	0	0	
83828	Frontal_Med_Orb_R	0	0	446	1676	302	8090	0	0	0	0	0	0	0	220	0	0	0	0	0	652	758	1162	2532	5334	662	0	580	5914	0	602	1466	4890	0	136	0	0	0	0	0	0	0	0	0	0	0	0	0	0	0	0	0	0	0	0	0	0	0	0	0	0	0	0	0	0	0	0	0	0	0	0	498	1500	130	4364	0	0	0	0	0	0	0	0	0	0	0	0	0	0	0	0	0	0	0	0	0	0	0	0	0	0	0	0	0	0	0	0	0	0	0	0	0	0	0	0	0	0	
86352	Rectus_L	0	0	0	0	5764	790	0	0	498	0	0	254	0	266	1832	0	0	0	0	0	7232	5492	0	0	1222	580	0	4070	1212	288	3188	2616	0	0	0	0	0	0	0	0	0	0	0	0	0	0	0	0	0	0	0	0	0	0	0	0	0	0	0	0	0	0	0	0	0	0	0	0	0	0	5834	1422	616	0	0	0	0	0	0	0	0	0	0	0	0	0	0	0	0	0	0	0	0	0	0	0	0	0	0	0	0	0	0	0	0	0	0	0	0	0	0	0	0	0	0	0	
102468	Rectus_R	0	0	0	440	1388	8996	0	0	0	0	0	0	0	0	0	1196	0	0	0	0	4990	7062	624	998	270	5914	4070	0	0	1206	2014	4556	0	0	0	0	0	0	0	0	0	0	0	0	0	0	0	0	0	0	0	0	0	0	0	0	0	0	0	0	0	0	0	0	0	0	0	0	0	0	3556	3140	0	814	0	0	0	0	0	0	0	0	0	0	0	0	0	0	0	0	0	0	0	0	0	0	0	0	0	0	0	0	0	0	0	0	0	0	0	0	0	0	0	0	0	0	
811796	Insula_L	18328	132	56294	1828	15062	420	28186	206	6688	0	22300	228	39460	750	18458	0	25670	0	24256	768	2962	0	8076	1516	0	0	1212	0	0	814	5456	1398	1136	960	288	130	11226	0	1674	0	3176	0	632	0	256	0	194	0	420	0	6780	0	1464	0	8070	0	5478	0	1346	0	1914	0	352	0	434	0	560	0	386	0	4084	126	25570	0	0	0	4398	0	10564	0	11576	0	3480	0	7826	0	0	0	9050	0	828	0	0	0	0	0	200	0	852	0	0	0	0	0	0	0	0	0	0	0	0	0	0	0	0	0	
588808	Insula_R	210	5248	4490	36260	252	12466	924	7376	0	0	0	24830	570	27994	140	10506	0	13020	3276	18742	564	2766	4084	14358	0	602	288	1206	814	0	3808	14806	3250	7814	0	0	242	9810	0	4290	0	1842	0	0	0	0	0	170	0	0	0	0	0	566	0	4888	0	1396	0	156	0	0	0	434	0	136	0	208	0	130	3290	4720	176	27092	0	0	0	1046	0	2020	0	5770	0	2682	0	552	0	0	0	1188	0	222	0	0	0	0	0	142	0	572	0	0	0	0	0	0	0	0	0	0	0	0	0	0	0	0	
433160	Cingulum_Ant_L	708	0	27094	7590	2976	2700	9180	244	0	0	736	358	4064	4348	712	476	0	0	13590	4506	4232	3138	28228	12664	2834	1466	3188	2014	5456	3808	0	28210	13424	11852	0	0	0	0	0	0	0	0	0	0	0	0	0	0	0	0	0	0	0	0	0	0	152	0	0	0	0	0	0	0	0	0	0	0	0	0	7798	1582	6866	386	0	0	0	0	0	0	0	0	0	0	0	0	0	0	0	0	0	0	0	0	0	0	0	0	0	0	0	0	0	0	0	0	0	0	0	0	0	0	0	0	0	0	
667188	Cingulum_Ant_R	536	0	10614	37708	850	12772	2144	5380	0	0	290	4140	1162	20880	222	1672	0	194	13368	21620	4416	4404	20872	39452	122	4890	2616	4556	1398	14806	28210	0	8700	32006	0	0	0	0	0	0	0	0	0	0	0	0	0	0	0	0	0	0	0	0	0	0	0	0	0	0	0	0	0	0	0	0	0	0	0	0	4682	16838	1454	9758	0	0	0	862	0	0	0	0	0	0	0	0	0	0	0	0	0	0	0	0	0	0	0	0	0	0	0	0	0	0	0	0	0	0	0	0	0	0	0	0	0	0	
247568	Cingulum_Mid_L	910	260	12284	4650	0	2458	2776	0	0	0	0	0	1000	3442	170	444	0	0	16428	6336	0	0	10080	3860	0	0	0	0	1136	3250	13424	8700	0	20110	2242	448	0	0	0	0	0	0	0	0	734	122	0	0	226	126	722	0	0	0	0	0	0	0	346	0	248	0	0	0	144	0	2694	1018	2334	538	0	0	124	0	0	0	0	0	0	0	0	0	0	0	0	0	0	0	0	0	0	0	0	0	0	0	0	0	0	0	0	0	0	0	0	0	0	0	0	0	0	0	0	0	0	0	
671536	Cingulum_Mid_R	3760	9326	13060	20820	0	4718	1604	1818	0	0	138	1636	802	10684	150	1440	0	204	29668	54640	0	0	12440	21094	0	136	0	0	960	7814	11852	32006	20110	0	2252	6270	0	274	0	296	0	0	0	3308	0	2564	0	1842	0	2772	0	3848	526	712	752	1668	0	2908	0	134	0	180	0	0	0	334	508	13174	1816	18682	570	1826	176	1384	0	0	0	222	0	152	0	360	0	0	290	4012	0	0	0	1076	0	0	0	0	0	0	0	0	0	0	0	0	0	0	0	0	0	0	0	0	0	0	0	0	0	0	
113372	Cingulum_Post_L	2014	786	406	0	0	0	0	0	0	0	0	0	0	0	0	0	0	0	2102	2010	0	0	0	0	0	0	0	0	288	0	0	0	2242	2252	0	8572	3676	2228	1548	478	0	0	2862	214	1360	156	2902	312	0	0	348	0	1358	0	3514	158	0	0	0	0	0	0	0	0	0	0	6054	2044	4304	740	0	144	0	0	0	0	0	462	0	0	0	0	0	0	0	0	0	0	130	0	0	0	0	0	0	0	314	144	0	0	0	0	0	0	0	0	0	0	0	0	564	0	0	0	0	0	
138832	Cingulum_Post_R	460	1418	0	0	0	0	0	0	0	0	0	0	0	0	0	0	0	0	474	5188	0	0	0	0	0	0	0	0	130	0	0	0	448	6270	8572	0	3196	4710	1358	2524	0	0	262	1808	132	260	934	4744	0	0	0	142	368	546	796	2664	0	742	0	0	0	0	0	0	0	0	440	12122	240	5220	0	0	0	0	0	0	0	408	0	0	0	124	0	0	0	150	0	0	0	584	0	0	0	0	0	0	0	466	0	230	0	0	0	0	0	0	0	0	0	0	1286	0	0	0	0	0	
252548	Hippocampus_L	668	0	8736	0	136	0	234	0	0	0	0	0	0	0	638	0	138	0	8390	0	1222	0	0	0	0	0	0	0	11226	242	0	0	0	0	3676	3196	0	2816	13186	1004	7550	0	460	0	0	0	3148	298	0	0	0	0	698	0	15354	342	182	0	0	0	0	0	0	0	0	0	718	716	0	0	118	0	12166	0	940	0	6806	1056	854	0	1146	0	1172	0	536	0	138	0	10088	0	1928	0	0	0	0	0	1434	142	1948	0	138	0	198	0	0	0	0	0	0	0	492	0	0	0	0	0	
322944	Hippocampus_R	0	4850	444	10956	0	228	0	612	0	0	0	1294	0	0	0	856	0	1238	320	3110	0	0	0	694	0	0	0	0	0	9810	0	0	0	274	2228	4710	2816	0	1582	32654	0	8152	0	462	0	0	824	3858	0	0	0	0	0	652	288	27616	0	128	0	0	0	0	0	0	0	0	0	4366	0	566	396	442	0	11696	0	954	0	6342	0	702	0	1658	0	2200	0	266	0	1210	0	2546	0	1538	0	0	0	0	0	2488	0	3156	0	0	0	0	0	0	0	0	0	0	290	0	0	0	0	0	
97364	ParaHippocampal_L	0	0	874	0	0	0	0	0	0	0	0	0	0	0	118	0	0	0	806	0	578	0	0	0	0	0	0	0	1674	0	0	0	0	0	1548	1358	13186	1582	0	596	1988	0	204	0	0	0	3438	230	0	0	0	0	220	0	7148	0	0	0	0	0	0	0	0	0	0	0	272	336	0	0	0	0	1954	0	0	0	1856	520	0	0	118	0	978	0	0	0	946	0	1648	0	436	0	0	0	582	0	2228	0	764	0	0	0	0	0	0	0	0	0	0	338	158	0	0	0	0	0	
244664	ParaHippocampal_R	0	2510	0	4014	0	152	0	118	0	0	0	0	0	0	0	832	0	0	0	1774	0	274	0	532	0	0	0	0	0	4290	0	0	0	296	478	2524	1004	32654	596	0	0	6898	0	232	0	0	248	6556	0	0	0	0	0	772	0	23728	0	0	0	0	0	0	0	0	0	0	0	4328	0	628	0	0	0	5572	0	784	0	3888	0	334	0	444	0	2824	0	0	0	1678	0	1016	0	1916	0	184	0	194	0	4418	0	3294	0	0	0	0	0	0	0	0	0	0	348	0	0	0	0	0	
39904	Amygdala_L	0	0	0	0	140	0	0	0	0	0	0	0	0	0	386	0	0	0	0	0	1182	0	0	0	0	0	0	0	3176	0	0	0	0	0	0	0	7550	0	1988	0	0	0	0	0	0	0	0	0	0	0	0	0	0	0	2164	0	0	0	0	0	0	0	0	0	0	0	0	0	0	0	0	0	1950	0	0	0	0	0	0	0	0	0	662	0	0	0	148	0	606	0	0	0	0	0	0	0	0	0	0	0	0	0	0	0	0	0	0	0	0	0	0	0	0	0	0	0	
51328	Amygdala_R	0	0	0	300	0	0	0	0	0	0	0	0	0	0	0	330	0	0	0	0	0	480	0	244	0	0	0	0	0	1842	0	0	0	0	0	0	0	8152	0	6898	0	0	0	0	0	0	0	0	0	0	0	0	0	0	0	4498	0	0	0	0	0	0	0	0	0	0	0	0	0	0	0	0	0	522	0	0	0	0	0	0	0	0	0	1790	0	0	0	360	0	0	0	0	0	0	0	0	0	248	0	0	0	0	0	0	0	0	0	0	0	0	0	0	0	0	0	0	
233528	Calcarine_L	784	0	182	0	0	0	152	0	0	0	0	0	0	0	0	0	148	0	0	0	0	0	0	0	0	0	0	0	632	0	0	0	0	0	2862	262	460	0	204	0	0	0	0	6146	14854	4928	13268	2390	10138	1710	19848	0	6316	0	3394	126	2970	0	282	0	742	0	0	0	0	0	16916	1296	2682	0	0	0	0	0	0	0	0	0	278	0	0	0	0	0	2252	0	0	0	360	0	0	0	0	0	0	0	182	0	0	0	0	0	0	0	0	0	0	0	0	0	0	0	0	0	0	0	
281972	Calcarine_R	0	354	0	0	0	0	0	0	0	0	0	0	0	0	0	0	0	0	162	1278	0	0	0	0	0	0	0	0	0	0	0	0	0	3308	214	1808	0	462	0	232	0	0	6146	0	4036	21428	2410	22548	204	15782	162	9198	0	7320	0	9872	0	1492	0	0	0	0	0	0	0	0	544	20836	0	2598	0	0	0	0	0	0	0	0	0	0	0	344	0	0	0	4354	0	0	0	3454	0	234	0	0	0	0	0	0	0	0	0	0	0	0	0	0	0	0	0	0	206	0	0	0	0	0	
195000	Cuneus_L	648	0	0	0	0	0	0	0	0	0	0	0	0	0	0	0	0	0	196	0	0	0	0	0	0	0	0	0	256	0	0	0	734	0	1360	132	0	0	0	0	0	0	14854	4036	0	6604	2406	492	17850	1554	14584	0	1126	0	1198	0	3258	0	936	0	466	0	0	0	158	0	14020	2618	5072	0	0	0	0	0	0	0	0	0	0	0	132	0	0	0	2538	0	0	0	272	0	0	0	0	0	0	0	0	0	0	0	0	0	0	0	0	0	0	0	0	0	0	0	0	0	0	0	
294824	Cuneus_R	0	532	0	140	0	0	0	0	0	0	0	0	0	0	0	0	0	0	126	794	0	0	0	0	0	0	0	0	0	0	0	0	122	2564	156	260	0	0	0	0	0	0	4928	21428	6604	0	444	5516	418	37330	238	16738	0	530	0	2346	0	2268	0	1352	0	1094	0	244	0	2458	3672	23500	0	4794	0	0	0	0	0	0	0	0	0	0	0	1630	0	0	0	4490	0	0	0	696	0	0	0	0	0	0	0	0	0	0	0	0	0	0	0	0	0	0	0	0	0	0	0	0	0	0	
297544	Lingual_L	156	0	284	0	0	0	0	0	0	0	0	0	0	0	0	0	0	0	220	0	0	0	0	0	0	0	0	0	194	0	0	0	0	0	2902	934	3148	824	3438	248	0	0	13268	2410	2406	444	0	3620	3014	610	12960	126	11310	0	25166	682	250	0	0	0	0	0	0	0	0	0	7266	452	312	0	0	0	0	0	0	0	858	306	0	0	0	0	0	0	196	126	0	0	680	0	8334	184	1196	462	258	0	13630	422	15514	418	0	0	0	0	0	0	0	0	0	0	3946	3612	1302	188	218	278	
371396	Lingual_R	0	0	0	0	0	0	0	0	0	0	0	0	0	0	0	0	0	0	0	482	0	0	0	0	0	0	0	0	0	170	0	0	0	1842	312	4744	298	3858	230	6556	0	0	2390	22548	492	5516	3620	0	0	5496	0	5194	166	6048	430	26710	0	428	0	0	0	0	0	0	0	0	210	17962	0	912	0	0	0	0	0	0	0	422	0	0	0	312	0	0	0	1480	0	0	0	2462	4542	8600	1272	540	0	586	2676	12758	5316	11610	0	0	0	0	0	0	0	0	0	0	7398	6264	2722	124	0	0	
189196	Occipital_Sup_L	542	0	172	0	0	0	138	0	0	0	0	0	0	0	0	0	0	0	0	0	0	0	0	0	0	0	0	0	420	0	0	0	226	0	0	0	0	0	0	0	0	0	10138	204	17850	418	3014	0	0	0	29974	0	774	0	1090	0	1624	0	6124	0	1588	0	0	0	1044	0	12110	0	1382	0	0	0	0	0	0	0	0	0	0	0	696	0	0	0	3980	0	0	0	1090	0	0	0	0	0	0	0	0	0	0	0	0	0	0	0	0	0	0	0	0	0	0	0	0	0	0	0	
392008	Occipital_Sup_R	0	1802	0	228	0	0	0	0	0	0	0	0	0	0	0	0	0	208	120	1342	0	0	0	0	0	0	0	0	0	0	0	0	126	2772	0	0	0	0	0	0	0	0	1710	15782	1554	37330	610	5496	0	0	0	35318	0	428	0	2696	0	7600	0	9720	0	6962	0	4150	0	14834	1964	23608	0	8338	0	0	0	0	0	0	0	0	0	0	0	2358	0	0	0	7740	0	0	0	1208	0	0	0	0	0	0	0	0	0	0	0	0	0	0	0	0	0	0	0	0	0	0	0	0	0	0	
585056	Occipital_Mid_L	10002	0	1136	0	0	0	1532	0	0	0	450	0	0	0	0	0	2078	0	162	0	0	0	0	0	0	0	0	0	6780	0	0	0	722	0	348	0	0	0	0	0	0	0	19848	162	14584	238	12960	0	29974	0	0	0	21612	0	8220	0	17948	0	14310	0	27118	0	4850	0	26036	0	14022	0	7192	0	0	0	0	0	0	0	0	0	776	0	5814	0	0	0	37636	0	0	0	6018	0	0	0	0	0	0	0	0	0	0	0	0	0	0	0	0	0	0	0	0	0	0	0	0	0	0	0	
327944	Occipital_Mid_R	0	2184	0	302	0	0	0	148	0	0	0	0	0	0	0	0	0	0	178	2722	0	0	0	0	0	0	0	0	0	0	0	0	0	3848	0	142	0	0	0	0	0	0	0	9198	0	16738	126	5194	0	35318	0	0	0	4154	0	6218	0	4410	0	2848	0	7168	0	3318	0	20100	1078	16496	0	6578	0	0	0	0	0	0	0	0	0	0	0	1146	0	0	0	12878	0	0	0	1482	0	0	0	0	0	0	0	0	0	0	0	0	0	0	0	0	0	0	0	0	0	0	0	0	0	0	
186792	Occipital_Inf_L	1888	0	536	0	0	0	182	0	0	0	0	0	0	0	0	0	482	0	372	710	0	0	0	0	0	0	0	0	1464	0	0	0	0	526	1358	368	698	0	220	0	0	0	6316	0	1126	0	11310	166	774	0	21612	0	0	0	20230	0	460	0	0	0	198	0	0	0	0	0	3612	186	1126	0	0	0	0	0	0	0	0	0	1660	0	816	0	0	0	5976	0	0	0	4108	0	420	0	0	0	0	0	1398	176	1826	0	0	0	0	0	0	0	0	0	0	0	944	152	0	0	0	0	
92824	Occipital_Inf_R	0	580	0	224	0	0	0	0	0	0	0	0	0	0	0	0	0	0	0	738	0	0	0	0	0	0	0	0	0	566	0	0	0	712	0	546	0	652	0	772	0	0	0	7320	0	530	0	6048	0	428	0	4154	0	0	0	10956	0	326	0	0	0	0	0	0	0	0	0	2404	0	1020	0	0	0	0	0	0	0	0	0	312	0	224	0	0	0	2670	0	0	0	3490	0	254	0	0	0	0	160	416	154	318	0	0	0	0	0	0	0	0	0	0	320	118	0	0	0	0	
470372	Fusiform_L	1910	0	4022	0	0	0	306	0	0	0	0	0	0	0	140	0	566	0	3856	1028	204	0	0	0	0	0	0	0	8070	0	0	0	0	752	3514	796	15354	288	7148	0	2164	0	3394	0	1198	0	25166	430	1090	0	8220	0	20230	0	0	154	368	0	0	0	200	0	126	0	0	0	4234	222	660	0	0	0	3848	0	0	0	2376	0	4050	0	2066	0	2692	0	2686	0	1518	0	20198	0	22616	184	926	278	340	0	16900	384	31748	316	578	0	720	0	0	0	0	0	0	0	2538	1700	714	0	0	0	
484604	Fusiform_R	0	3390	0	2234	0	0	0	0	0	0	0	0	0	0	0	128	0	0	0	3138	0	0	0	0	0	0	0	0	0	4888	0	0	0	1668	158	2664	342	27616	0	23728	0	4498	126	9872	0	2346	682	26710	0	2696	0	6218	0	10956	154	0	0	1126	0	0	0	0	0	0	0	0	0	9928	0	2994	0	0	0	2786	0	304	0	1350	0	1182	0	2432	0	6780	0	1980	0	4882	0	13012	1960	15426	364	460	0	134	1590	9760	2448	18620	0	0	0	340	0	0	0	0	0	0	4106	2830	1296	0	0	0	
391808	Postcentral_L	38642	1122	4850	536	0	0	4466	1024	0	0	6146	576	1146	158	0	0	9180	0	1460	142	0	0	0	0	0	0	0	0	5478	0	152	0	0	0	0	0	182	0	0	0	0	0	2970	0	3258	0	250	0	1624	0	17948	0	460	0	368	0	0	0	12484	0	30634	0	13846	0	4904	0	5398	0	9614	0	670	138	0	0	0	0	604	0	2840	0	5770	0	0	0	5912	0	0	0	952	0	0	0	0	0	0	0	0	0	0	0	0	0	0	0	0	0	0	0	0	0	0	0	0	0	0	0	
227952	Postcentral_R	0	15846	0	1554	0	0	0	806	0	0	0	392	0	0	0	0	0	1738	0	1628	0	0	0	0	0	0	0	0	0	1396	0	0	0	2908	0	742	0	128	0	0	0	0	0	1492	0	2268	0	428	0	7600	0	4410	0	326	0	1126	0	0	0	9650	0	5146	0	14138	0	4372	0	11686	0	13806	0	0	0	0	0	0	0	0	0	118	0	3172	0	0	0	6108	0	0	0	992	0	0	0	0	0	0	0	0	0	0	0	0	0	0	0	0	0	0	0	0	0	0	0	0	0	0	
154472	Parietal_Sup_L	3284	0	376	0	0	0	392	0	0	0	224	0	0	0	0	0	220	0	178	0	0	0	0	0	0	0	0	0	1346	0	0	0	346	0	0	0	0	0	0	0	0	0	282	0	936	0	0	0	6124	0	14310	0	0	0	0	0	12484	0	0	0	16150	0	0	0	1682	0	10068	0	3702	0	0	0	0	0	0	0	0	0	0	0	696	0	0	0	3384	0	0	0	1052	0	0	0	0	0	0	0	0	0	0	0	0	0	0	0	0	0	0	0	0	0	0	0	0	0	0	0	
133312	Parietal_Sup_R	0	946	0	0	0	0	0	142	0	0	0	0	0	0	0	0	0	240	0	0	0	0	0	0	0	0	0	0	0	156	0	0	0	134	0	0	0	0	0	0	0	0	0	0	0	1352	0	0	0	9720	0	2848	0	0	0	0	0	9650	0	0	0	8420	0	5184	0	6956	172	11514	0	4656	0	0	0	0	0	0	0	0	0	0	0	1988	0	0	0	2414	0	0	0	164	0	0	0	0	0	0	0	0	0	0	0	0	0	0	0	0	0	0	0	0	0	0	0	0	0	0	
281680	Parietal_Inf_L	9100	0	1314	0	0	0	1568	0	0	0	470	0	214	0	0	0	624	0	184	0	0	0	0	0	0	0	0	0	1914	0	0	0	248	0	0	0	0	0	0	0	0	0	742	0	466	0	0	0	1588	0	27118	0	198	0	200	0	30634	0	16150	0	0	0	11306	0	22206	0	1642	0	1304	0	194	0	0	0	0	0	0	0	0	0	2368	0	0	0	6886	0	0	0	2202	0	0	0	0	0	0	0	0	0	0	0	0	0	0	0	0	0	0	0	0	0	0	0	0	0	0	0	
114112	Parietal_Inf_R	0	1216	0	0	0	0	0	212	0	0	0	0	0	0	0	0	0	0	0	0	0	0	0	0	0	0	0	0	0	0	0	0	0	180	0	0	0	0	0	0	0	0	0	0	0	1094	0	0	0	6962	0	7168	0	0	0	0	0	5146	0	8420	0	0	0	8292	0	15220	0	1722	0	428	0	0	0	0	0	0	0	0	0	0	0	316	0	0	0	680	0	0	0	0	0	0	0	0	0	0	0	0	0	0	0	0	0	0	0	0	0	0	0	0	0	0	0	0	0	0	
115764	SupraMarginal_L	3228	0	0	0	0	0	586	0	0	0	0	0	0	0	0	0	1708	0	0	0	0	0	0	0	0	0	0	0	352	0	0	0	0	0	0	0	0	0	0	0	0	0	0	0	0	0	0	0	0	0	4850	0	0	0	126	0	13846	0	0	0	11306	0	0	0	8446	0	0	0	0	0	0	0	0	0	0	0	0	0	0	0	6232	0	0	0	5442	0	0	0	1760	0	0	0	0	0	0	0	0	0	0	0	0	0	0	0	0	0	0	0	0	0	0	0	0	0	0	0	
125100	SupraMarginal_R	0	4260	0	818	0	0	0	810	0	0	0	242	0	0	0	0	0	1324	0	0	0	0	0	0	0	0	0	0	0	434	0	0	0	0	0	0	0	0	0	0	0	0	0	0	0	244	0	0	0	4150	0	3318	0	0	0	0	0	14138	0	5184	0	8292	0	0	0	7712	0	1544	0	262	0	0	0	0	0	0	0	0	0	186	0	5946	0	0	0	3686	0	0	0	0	0	0	0	0	0	0	0	0	0	0	0	0	0	0	0	0	0	0	0	0	0	0	0	0	0	0	
177288	Angular_L	1790	0	248	0	0	0	320	0	0	0	0	0	0	0	0	0	222	0	0	0	0	0	0	0	0	0	0	0	434	0	0	0	144	0	0	0	0	0	0	0	0	0	0	0	158	0	0	0	1044	0	26036	0	0	0	0	0	4904	0	1682	0	22206	0	8446	0	0	0	680	0	204	0	0	0	0	0	0	0	0	0	0	0	2006	0	0	0	13968	0	0	0	4152	0	0	0	0	0	0	0	0	0	0	0	0	0	0	0	0	0	0	0	0	0	0	0	0	0	0	0	
189568	Angular_R	0	1512	0	0	0	0	0	0	0	0	0	0	0	0	0	0	0	0	0	382	0	0	0	0	0	0	0	0	0	136	0	0	0	334	0	0	0	0	0	0	0	0	0	0	0	2458	0	0	0	14834	0	20100	0	0	0	0	0	4372	0	6956	0	15220	0	7712	0	0	260	3914	0	1334	0	0	0	0	0	0	0	0	0	0	0	4704	0	0	0	10556	0	0	0	0	0	0	0	0	0	0	0	0	0	0	0	0	0	0	0	0	0	0	0	0	0	0	0	0	0	0	
273344	Precuneus_L	1570	0	360	0	0	0	182	0	0	0	0	0	0	0	0	0	0	0	446	0	0	0	0	0	0	0	0	0	560	0	0	0	2694	508	6054	440	718	0	272	0	0	0	16916	544	14020	3672	7266	210	12110	1964	14022	1078	3612	0	4234	0	5398	0	10068	172	1642	0	0	0	680	260	0	9980	7618	728	0	0	0	0	0	0	0	0	0	0	522	156	0	0	4192	266	0	0	1096	0	0	0	0	0	0	0	442	0	0	0	0	0	0	0	0	0	0	0	0	0	0	0	0	0	0	0	
504432	Precuneus_R	134	2248	0	222	0	0	0	0	0	0	0	0	0	0	0	0	0	134	1338	7682	0	0	0	0	0	0	0	0	0	208	0	0	1018	13174	2044	12122	716	4366	336	4328	0	0	1296	20836	2618	23500	452	17962	0	23608	0	16496	186	2404	222	9928	0	11686	0	11514	0	1722	0	1544	0	3914	9980	0	610	21278	0	0	0	0	0	0	0	188	0	0	0	3416	0	0	0	8704	0	0	0	3244	0	548	0	126	0	0	0	2054	0	1016	0	0	0	0	0	0	0	0	0	0	1094	0	0	0	0	0	
174096	Paracentral_Lobule_L	10210	1144	3908	1222	0	0	128	0	0	0	0	0	0	0	0	0	0	0	8424	3228	0	0	0	0	0	0	0	0	386	0	0	0	2334	1816	4304	240	0	0	0	0	0	0	2682	0	5072	0	312	0	1382	0	7192	0	1126	0	660	0	9614	0	3702	0	1304	0	0	0	204	0	7618	610	0	754	576	818	0	186	0	0	442	756	0	0	214	0	0	0	4158	0	0	0	322	0	0	0	0	0	0	0	0	0	0	0	0	0	0	0	0	0	0	0	0	0	0	0	0	0	0	0	
278820	Paracentral_Lobule_R	538	7800	0	198	0	0	0	0	0	0	0	0	0	0	0	0	0	0	1340	18852	0	0	0	0	0	0	0	0	0	130	0	0	538	18682	740	5220	0	566	0	628	0	0	0	2598	0	4794	0	912	0	8338	0	6578	0	1020	0	2994	0	13806	0	4656	0	428	0	262	0	1334	728	21278	754	0	136	0	0	0	0	0	0	0	0	160	0	2624	0	0	0	9118	0	0	0	1660	0	0	0	0	0	0	0	0	0	0	0	0	0	0	0	0	0	0	0	0	0	0	0	0	0	0	
270092	Caudate_L	1914	1056	14714	3664	3474	1254	1264	2408	240	0	312	3054	878	2172	1882	0	0	0	11358	3718	9754	7722	2654	1206	664	498	5834	3556	4084	3290	7798	4682	0	570	0	0	118	396	0	0	0	0	0	0	0	0	0	0	0	0	0	0	0	0	0	0	670	0	0	0	194	0	0	0	0	0	0	0	576	136	0	5608	10024	1390	1896	0	8132	232	0	0	0	0	0	0	0	0	0	0	0	0	0	0	0	0	0	0	0	0	0	0	0	0	0	0	0	0	0	0	0	0	0	0	0	0	0	0	
293464	Caudate_R	2132	1640	608	27898	514	3098	0	2048	0	0	0	3864	0	7572	0	638	0	186	1474	11468	3316	4072	474	3620	0	1500	1422	3140	126	4720	1582	16838	0	1826	144	0	0	442	0	0	0	0	0	0	0	0	0	0	0	0	0	0	0	0	0	0	138	0	0	0	0	0	0	0	0	0	0	0	818	0	5608	0	688	12086	0	1714	0	19318	0	0	0	0	0	0	0	0	0	0	0	0	0	0	0	0	0	0	0	0	0	0	0	0	0	0	0	0	0	0	0	0	0	0	0	0	0	0	
346752	Putamen_L	298	0	34572	622	8498	0	1504	0	1902	0	1374	0	1626	150	3456	0	892	0	26276	264	1088	342	6518	1170	920	130	616	0	25570	176	6866	1454	124	176	0	0	12166	0	1954	0	1950	0	0	0	0	0	0	0	0	0	0	0	0	0	3848	0	0	0	0	0	0	0	0	0	0	0	0	0	0	0	10024	688	0	330	4584	0	2700	0	0	0	1704	0	538	0	260	0	0	0	4338	0	642	0	0	0	0	0	310	0	756	0	0	0	0	0	0	0	0	0	0	0	0	0	0	0	0	0	
351380	Putamen_R	372	1724	1082	32394	0	4104	192	3398	0	0	0	6236	0	3746	0	2722	0	2512	1332	18742	0	0	632	6404	0	4364	0	814	0	27092	386	9758	0	1384	0	0	0	11696	0	5572	0	522	0	0	0	0	0	0	0	0	0	0	0	0	0	2786	0	0	0	0	0	0	0	0	0	0	0	0	186	0	1390	12086	330	0	0	3688	0	5304	0	0	0	1852	0	544	0	0	0	0	0	0	0	0	0	0	0	0	0	176	0	168	0	0	0	0	0	0	0	0	0	0	0	0	0	0	0	0	
45144	Pallidum_L	0	0	6564	0	0	0	0	0	0	0	0	0	0	0	0	0	0	0	6538	0	0	0	0	0	0	0	0	0	0	0	0	0	0	0	0	0	940	0	0	0	0	0	0	0	0	0	0	0	0	0	0	0	0	0	0	0	0	0	0	0	0	0	0	0	0	0	0	0	0	0	1896	0	4584	0	0	0	2050	0	0	0	0	0	0	0	0	0	0	0	0	0	0	0	0	0	0	0	0	0	0	0	0	0	0	0	0	0	0	0	0	0	0	0	0	0	0	0	
26756	Pallidum_R	190	0	0	3728	0	0	0	0	0	0	0	0	0	0	0	0	0	0	184	1694	0	0	0	0	0	0	0	0	0	0	0	0	0	0	0	0	0	954	0	784	0	0	0	0	0	0	0	0	0	0	0	0	0	0	0	304	0	0	0	0	0	0	0	0	0	0	0	0	0	0	0	1714	0	3688	0	0	0	138	0	0	0	0	0	0	0	0	0	0	0	0	0	0	0	0	0	0	0	0	0	0	0	0	0	0	0	0	0	0	0	0	0	0	0	0	0	0	
158936	Thalamus_L	3806	0	20764	200	0	0	974	0	0	0	0	0	0	0	0	0	0	0	19060	158	0	0	120	0	0	0	0	0	4398	0	0	0	0	0	0	0	6806	0	1856	0	0	0	0	0	0	0	858	0	0	0	0	0	0	0	2376	0	604	0	0	0	0	0	0	0	0	0	0	0	442	0	8132	0	2700	0	2050	0	0	162	534	0	458	0	0	0	322	0	0	0	2070	0	196	0	0	0	0	0	276	0	146	0	0	0	0	0	0	0	0	0	0	0	0	0	0	0	0	0	
161536	Thalamus_R	1246	5174	296	26616	0	0	0	872	0	0	0	594	0	636	0	0	0	122	672	1044	0	0	0	0	0	0	0	0	0	1046	0	862	0	222	462	408	1056	6342	520	3888	0	0	0	0	0	0	306	422	0	0	0	0	0	0	0	1350	0	0	0	0	0	0	0	0	0	0	0	188	756	0	232	19318	0	5304	0	138	162	0	0	0	0	0	0	0	0	0	0	0	0	0	0	0	0	0	0	0	0	338	0	176	0	0	0	0	0	0	0	0	0	0	0	0	0	0	0	0	
101872	Heschl_L	5260	0	4132	0	0	0	1934	0	0	0	1076	0	0	0	0	0	6036	0	1212	0	0	0	0	0	0	0	0	0	10564	0	0	0	0	0	0	0	854	0	0	0	0	0	278	0	0	0	0	0	0	0	776	0	1660	0	4050	0	2840	0	0	0	0	0	0	0	0	0	0	0	0	0	0	0	0	0	0	0	534	0	0	0	4198	0	0	0	2810	0	0	0	1614	0	634	0	0	0	0	0	0	0	474	0	0	0	0	0	0	0	0	0	0	0	0	0	0	0	0	0	
23468	Heschl_R	0	320	0	0	0	0	0	0	0	0	0	0	0	0	0	0	0	1230	0	192	0	0	0	0	0	0	0	0	0	2020	0	0	0	152	0	0	0	702	0	334	0	0	0	0	0	0	0	0	0	0	0	0	0	312	0	1182	0	118	0	0	0	0	0	186	0	0	0	0	0	160	0	0	0	0	0	0	0	0	0	0	0	3556	0	0	0	192	0	0	0	1078	0	0	0	0	0	0	0	0	0	0	0	0	0	0	0	0	0	0	0	0	0	0	0	0	0	0	
229088	Temporal_Sup_L	3854	0	3644	0	0	0	902	0	0	0	2210	0	398	0	142	0	11238	0	2154	0	0	0	0	0	0	0	0	0	11576	0	0	0	0	0	0	0	1146	0	118	0	0	0	0	0	132	0	0	0	696	0	5814	0	816	0	2066	0	5770	0	696	0	2368	0	6232	0	2006	0	522	0	214	0	0	0	1704	0	0	0	458	0	4198	0	0	0	3318	0	28366	0	0	0	11318	0	278	0	0	0	0	0	0	0	190	0	0	0	0	0	0	0	0	0	0	0	0	0	0	0	0	0	
153512	Temporal_Sup_R	0	1134	248	1530	0	0	0	418	0	0	0	1014	0	0	0	330	0	2818	212	1228	0	0	0	0	0	0	0	0	0	5770	0	0	0	360	0	124	0	1658	0	444	0	0	0	344	0	1630	0	312	0	2358	0	1146	0	224	0	2432	0	3172	0	1988	0	316	0	5946	0	4704	156	3416	0	2624	0	0	0	1852	0	0	0	0	0	3556	0	0	0	2608	0	17128	0	0	0	3402	0	0	0	0	0	0	0	0	0	154	0	0	0	0	0	0	0	0	0	0	0	0	0	0	0	0	
89448	Temporal_Pole_Sup_L	0	0	738	0	200	0	300	0	138	0	2430	0	1622	0	2240	0	2758	0	330	0	398	0	0	0	0	0	0	0	3480	0	0	0	0	0	0	0	1172	0	978	0	662	0	0	0	0	0	0	0	0	0	0	0	0	0	2692	0	0	0	0	0	0	0	0	0	0	0	0	0	0	0	0	0	538	0	0	0	0	0	0	0	3318	0	0	0	8268	0	3556	0	8906	0	0	0	0	0	0	0	0	0	0	0	0	0	0	0	0	0	0	0	0	0	0	0	0	0	0	0	
85088	Temporal_Pole_Sup_R	0	178	0	1490	0	0	0	206	0	0	0	2330	0	0	0	1312	0	2796	0	1378	0	176	0	0	0	0	0	0	0	2682	0	0	0	0	0	0	0	2200	0	2824	0	1790	0	0	0	0	0	0	0	0	0	0	0	0	0	6780	0	0	0	0	0	0	0	0	0	0	0	0	0	0	0	0	0	544	0	0	0	0	0	0	0	2608	0	0	0	2104	0	6628	0	4518	0	0	0	0	0	0	0	0	0	0	0	0	0	0	0	0	0	0	0	0	0	0	0	0	0	0	
406528	Temporal_Mid_L	5224	0	1136	0	0	0	940	0	0	0	0	0	0	0	0	0	4172	0	474	380	0	0	0	0	0	0	0	0	7826	0	0	0	0	290	0	0	536	0	0	0	0	0	2252	0	2538	0	196	0	3980	0	37636	0	5976	0	2686	0	5912	0	3384	0	6886	0	5442	0	13968	0	4192	0	4158	0	0	0	260	0	0	0	322	0	2810	0	28366	0	8268	0	0	0	3286	0	39768	0	0	0	0	0	0	0	0	0	0	0	0	0	0	0	0	0	0	0	0	0	0	0	0	0	0	0	
246376	Temporal_Mid_R	0	2298	0	282	0	0	0	0	0	0	0	0	0	0	0	126	0	0	0	3172	0	0	0	0	0	0	0	0	0	552	0	0	0	4012	0	150	0	266	0	0	0	0	0	4354	0	4490	126	1480	0	7740	0	12878	0	2670	0	1980	0	6108	0	2414	0	680	0	3686	0	10556	266	8704	0	9118	0	0	0	0	0	0	0	0	0	192	0	17128	0	2104	0	0	0	878	0	14778	0	0	0	0	0	0	0	0	0	0	0	0	0	0	0	0	0	0	0	0	0	0	0	0	0	0	
26960	Temporal_Pole_Mid_L	0	0	0	0	0	0	0	0	0	0	0	0	0	0	0	0	0	0	0	0	0	0	0	0	0	0	0	0	0	0	0	0	0	0	0	0	138	0	946	0	148	0	0	0	0	0	0	0	0	0	0	0	0	0	1518	0	0	0	0	0	0	0	0	0	0	0	0	0	0	0	0	0	0	0	0	0	0	0	0	0	0	0	3556	0	3286	0	0	0	3888	0	0	0	0	0	0	0	0	0	0	0	0	0	0	0	0	0	0	0	0	0	0	0	0	0	0	0	
39108	Temporal_Pole_Mid_R	0	0	0	0	0	0	0	0	0	0	0	0	0	0	0	0	0	0	0	0	0	0	0	0	0	0	0	0	0	0	0	0	0	0	0	0	0	1210	0	1678	0	360	0	0	0	0	0	0	0	0	0	0	0	0	0	4882	0	0	0	0	0	0	0	0	0	0	0	0	0	0	0	0	0	0	0	0	0	0	0	0	0	0	0	6628	0	878	0	0	0	3918	0	0	0	0	0	0	0	0	0	0	0	0	0	0	0	0	0	0	0	0	0	0	0	0	0	0	
314276	Temporal_Inf_L	948	0	4536	0	0	0	294	0	0	0	0	0	0	0	0	0	1264	0	4110	0	0	0	0	0	0	0	0	0	9050	0	0	0	0	0	130	0	10088	0	1648	0	606	0	360	0	272	0	680	0	1090	0	6018	0	4108	0	20198	0	952	0	1052	0	2202	0	1760	0	4152	0	1096	0	322	0	0	0	4338	0	0	0	2070	0	1614	0	11318	0	8906	0	39768	0	3888	0	0	0	4380	0	142	0	0	0	382	0	2652	0	306	0	438	0	0	0	0	0	0	0	0	0	0	0	0	0	
146340	Temporal_Inf_R	0	1168	0	552	0	0	0	0	0	0	0	0	0	0	0	0	0	0	0	1112	0	0	0	0	0	0	0	0	0	1188	0	0	0	1076	0	584	0	2546	0	1016	0	0	0	3454	0	696	0	2462	0	1208	0	1482	0	3490	0	13012	0	992	0	164	0	0	0	0	0	0	0	3244	0	1660	0	0	0	0	0	0	0	0	0	1078	0	3402	0	4518	0	14778	0	3918	0	0	0	2724	0	322	0	0	0	0	0	206	0	366	0	752	0	0	0	0	0	0	0	0	0	0	0	0	
533196	Cerebelum_Crus1_L	0	0	656	0	0	0	0	0	0	0	0	0	0	0	0	0	0	0	630	0	0	0	0	0	0	0	0	0	828	0	0	0	0	0	0	0	1928	0	436	0	0	0	0	0	0	0	8334	4542	0	0	0	0	420	0	22616	1960	0	0	0	0	0	0	0	0	0	0	0	0	0	0	0	0	642	0	0	0	196	0	634	0	278	0	0	0	0	0	0	0	4380	0	0	3826	32682	2532	3050	1424	31234	4030	63990	6064	13026	720	15354	1714	6368	136	1078	0	160	938	11190	9814	5658	1280	1266	584	
424048	Cerebelum_Crus1_R	0	0	0	0	0	0	0	0	0	0	0	0	0	0	0	0	0	0	0	0	0	0	0	0	0	0	0	0	0	222	0	0	0	0	0	0	0	1538	0	1916	0	0	0	234	0	0	184	8600	0	0	0	0	0	254	184	15426	0	0	0	0	0	0	0	0	0	0	0	548	0	0	0	0	0	0	0	0	0	0	0	0	0	0	0	0	0	0	0	0	0	2724	3826	0	982	31196	0	2968	4366	22672	4210	46994	0	10010	232	21336	198	2036	0	0	0	2842	10536	5712	7026	1790	1262	0	
431600	Cerebelum_Crus2_L	0	0	0	0	0	0	0	0	0	0	0	0	0	0	0	0	0	0	0	0	0	0	0	0	0	0	0	0	0	0	0	0	0	0	0	0	0	0	0	0	0	0	0	0	0	0	1196	1272	0	0	0	0	0	0	926	364	0	0	0	0	0	0	0	0	0	0	0	0	0	0	0	0	0	0	0	0	0	0	0	0	0	0	0	0	0	0	0	0	142	0	32682	982	0	13908	596	830	3372	610	9292	1320	48144	7430	44228	8152	10848	2110	1012	184	0	680	1070	3232	10826	6906	3060	426	
377868	Cerebelum_Crus2_R	0	0	0	0	0	0	0	0	0	0	0	0	0	0	0	0	0	0	0	0	0	0	0	0	0	0	0	0	0	0	0	0	0	0	0	0	0	0	0	184	0	0	0	0	0	0	462	540	0	0	0	0	0	0	278	460	0	0	0	0	0	0	0	0	0	0	0	126	0	0	0	0	0	0	0	0	0	0	0	0	0	0	0	0	0	0	0	0	0	322	2532	31196	13908	0	128	2344	1102	3190	1566	6142	6886	33274	5170	41110	156	7284	0	274	222	1954	2362	1800	11234	8378	4350	0	
50124	Cerebelum_3_L	0	0	0	0	0	0	0	0	0	0	0	0	0	0	0	0	0	0	0	0	0	0	0	0	0	0	0	0	0	0	0	0	0	0	0	0	0	0	582	0	0	0	0	0	0	0	258	0	0	0	0	0	0	0	340	0	0	0	0	0	0	0	0	0	0	0	0	0	0	0	0	0	0	0	0	0	0	0	0	0	0	0	0	0	0	0	0	0	0	0	3050	0	596	128	0	234	7126	0	3806	0	236	132	518	186	1224	0	160	0	1902	2918	866	136	0	260	268	136	
97424	Cerebelum_3_R	0	0	0	0	0	0	0	0	0	0	0	0	0	0	0	0	0	0	0	0	0	0	0	0	0	0	0	0	0	0	0	0	0	0	0	0	0	0	0	194	0	0	0	0	0	0	0	586	0	0	0	0	0	0	0	134	0	0	0	0	0	0	0	0	0	0	0	0	0	0	0	0	0	0	0	0	0	0	0	0	0	0	0	0	0	0	0	0	0	0	1424	2968	830	2344	234	0	1794	4998	1428	3876	618	2462	832	4180	156	1992	0	0	482	6416	3342	256	1242	3034	2890	0	
382008	Cerebelum_4_5_L	0	0	254	0	0	0	0	0	0	0	0	0	0	0	0	0	0	0	238	0	0	0	0	0	0	0	0	0	200	0	0	0	0	0	314	0	1434	0	2228	0	0	0	182	0	0	0	13630	2676	0	0	0	0	1398	160	16900	1590	0	0	0	0	0	0	0	0	0	0	442	0	0	0	0	0	310	0	0	0	276	0	0	0	0	0	0	0	0	0	0	0	382	0	31234	4366	3372	1102	7126	1794	0	6350	45516	5846	1888	1088	2714	2400	1906	326	156	0	704	2116	18542	4290	1086	1836	1434	1198	
296876	Cerebelum_4_5_R	0	0	0	0	0	0	0	0	0	0	0	0	0	0	0	0	0	0	0	0	0	0	0	0	0	0	0	0	0	142	0	0	0	0	144	466	142	2488	0	4418	0	248	0	0	0	0	422	12758	0	0	0	0	176	416	384	9760	0	0	0	0	0	0	0	0	0	0	0	2054	0	0	0	0	0	176	0	0	0	338	0	0	0	0	0	0	0	0	0	0	0	0	4030	22672	610	3190	0	4998	6350	0	6066	31582	294	1608	280	4354	0	612	0	0	0	3272	16788	3568	1388	1048	1006	190	
520088	Cerebelum_6_L	0	0	684	0	0	0	0	0	0	0	0	0	0	0	0	0	0	0	660	0	0	0	0	0	0	0	0	0	852	0	0	0	0	0	0	0	1948	0	764	0	0	0	0	0	0	0	15514	5316	0	0	0	0	1826	154	31748	2448	0	0	0	0	0	0	0	0	0	0	0	0	0	0	0	0	756	0	0	0	146	0	474	0	190	0	0	0	0	0	0	0	2652	0	63990	4210	9292	1566	3806	1428	45516	6066	0	7166	4080	716	6492	1872	3918	0	332	0	200	992	15184	10522	3752	1196	1122	494	
387708	Cerebelum_6_R	0	0	0	0	0	0	0	0	0	0	0	0	0	0	0	0	0	0	0	0	0	0	0	0	0	0	0	0	0	572	0	0	0	0	0	230	0	3156	0	3294	0	0	0	0	0	0	418	11610	0	0	0	0	0	318	316	18620	0	0	0	0	0	0	0	0	0	0	0	1016	0	0	0	0	0	168	0	0	0	176	0	0	0	154	0	0	0	0	0	0	0	206	6064	46994	1320	6142	0	3876	5846	31582	7166	0	0	1626	0	6374	0	822	0	0	122	3110	13916	9476	6558	1402	988	216	
340260	Cerebelum_7b_L	0	0	0	0	0	0	0	0	0	0	0	0	0	0	0	0	0	0	0	0	0	0	0	0	0	0	0	0	0	0	0	0	0	0	0	0	138	0	0	0	0	0	0	0	0	0	0	0	0	0	0	0	0	0	578	0	0	0	0	0	0	0	0	0	0	0	0	0	0	0	0	0	0	0	0	0	0	0	0	0	0	0	0	0	0	0	0	0	306	0	13026	0	48144	6886	236	618	1888	294	4080	0	0	5488	47268	7420	12082	2288	1838	180	0	610	398	0	5494	7686	2986	198	
274904	Cerebelum_7b_R	0	0	0	0	0	0	0	0	0	0	0	0	0	0	0	0	0	0	0	0	0	0	0	0	0	0	0	0	0	0	0	0	0	0	0	0	0	0	0	0	0	0	0	0	0	0	0	0	0	0	0	0	0	0	0	0	0	0	0	0	0	0	0	0	0	0	0	0	0	0	0	0	0	0	0	0	0	0	0	0	0	0	0	0	0	0	0	0	0	366	720	10010	7430	33274	132	2462	1088	1608	716	1626	5488	0	4952	40288	396	8778	0	176	170	1472	1900	118	3052	8474	2756	0	
377700	Cerebelum_8_L	0	0	0	0	0	0	0	0	0	0	0	0	0	0	0	0	0	0	0	0	0	0	0	0	0	0	0	0	0	0	0	0	0	0	0	0	198	0	0	0	0	0	0	0	0	0	0	0	0	0	0	0	0	0	720	0	0	0	0	0	0	0	0	0	0	0	0	0	0	0	0	0	0	0	0	0	0	0	0	0	0	0	0	0	0	0	0	0	438	0	15354	232	44228	5170	518	832	2714	280	6492	0	47268	4952	0	7982	23980	3570	2828	184	0	822	574	236	3692	9688	5130	768	
416592	Cerebelum_8_R	0	0	0	0	0	0	0	0	0	0	0	0	0	0	0	0	0	0	0	0	0	0	0	0	0	0	0	0	0	0	0	0	0	0	0	0	0	0	0	0	0	0	0	0	0	0	0	0	0	0	0	0	0	0	0	340	0	0	0	0	0	0	0	0	0	0	0	0	0	0	0	0	0	0	0	0	0	0	0	0	0	0	0	0	0	0	0	0	0	752	1714	21336	8152	41110	186	4180	2400	4354	1872	6374	7420	40288	7982	0	1174	23124	0	840	300	2908	4368	486	5352	13776	7306	202	
151636	Cerebelum_9_L	0	0	0	0	0	0	0	0	0	0	0	0	0	0	0	0	0	0	0	0	0	0	0	0	0	0	0	0	0	0	0	0	0	0	0	0	0	0	0	0	0	0	0	0	0	0	0	0	0	0	0	0	0	0	0	0	0	0	0	0	0	0	0	0	0	0	0	0	0	0	0	0	0	0	0	0	0	0	0	0	0	0	0	0	0	0	0	0	0	0	6368	198	10848	156	1224	156	1906	0	3918	0	12082	396	23980	1174	0	2064	4416	0	232	504	424	310	318	1406	2818	920	
173328	Cerebelum_9_R	0	0	0	0	0	0	0	0	0	0	0	0	0	0	0	0	0	0	0	0	0	0	0	0	0	0	0	0	0	0	0	0	0	0	0	0	0	0	0	0	0	0	0	0	0	0	0	0	0	0	0	0	0	0	0	0	0	0	0	0	0	0	0	0	0	0	0	0	0	0	0	0	0	0	0	0	0	0	0	0	0	0	0	0	0	0	0	0	0	0	136	2036	2110	7284	0	1992	326	612	0	822	2288	8778	3570	23124	2064	0	0	1710	178	2022	850	1948	4162	9272	9970	1410	
23912	Cerebelum_10_L	0	0	0	0	0	0	0	0	0	0	0	0	0	0	0	0	0	0	0	0	0	0	0	0	0	0	0	0	0	0	0	0	0	0	0	0	0	0	0	0	0	0	0	0	0	0	0	0	0	0	0	0	0	0	0	0	0	0	0	0	0	0	0	0	0	0	0	0	0	0	0	0	0	0	0	0	0	0	0	0	0	0	0	0	0	0	0	0	0	0	1078	0	1012	0	160	0	156	0	332	0	1838	0	2828	0	4416	0	0	0	0	0	0	0	0	136	0	0	
10288	Cerebelum_10_R	0	0	0	0	0	0	0	0	0	0	0	0	0	0	0	0	0	0	0	0	0	0	0	0	0	0	0	0	0	0	0	0	0	0	0	0	0	0	0	0	0	0	0	0	0	0	0	0	0	0	0	0	0	0	0	0	0	0	0	0	0	0	0	0	0	0	0	0	0	0	0	0	0	0	0	0	0	0	0	0	0	0	0	0	0	0	0	0	0	0	0	0	184	274	0	0	0	0	0	0	180	176	184	840	0	1710	0	0	0	0	0	0	328	644	624	0	
22820	Vermis_1_2	0	0	0	0	0	0	0	0	0	0	0	0	0	0	0	0	0	0	0	0	0	0	0	0	0	0	0	0	0	0	0	0	0	0	0	0	0	0	0	0	0	0	0	0	0	0	0	0	0	0	0	0	0	0	0	0	0	0	0	0	0	0	0	0	0	0	0	0	0	0	0	0	0	0	0	0	0	0	0	0	0	0	0	0	0	0	0	0	0	0	160	0	0	222	1902	482	704	0	200	122	0	170	0	300	232	178	0	0	0	4460	1022	166	212	442	436	0	
99040	Vermis_3	0	0	0	0	0	0	0	0	0	0	0	0	0	0	0	0	0	0	0	0	0	0	0	0	0	0	0	0	0	0	0	0	0	0	0	0	0	0	338	0	0	0	0	0	0	0	0	0	0	0	0	0	0	0	0	0	0	0	0	0	0	0	0	0	0	0	0	0	0	0	0	0	0	0	0	0	0	0	0	0	0	0	0	0	0	0	0	0	0	0	938	2842	680	1954	2918	6416	2116	3272	992	3110	610	1472	822	2908	504	2022	0	0	4460	0	3182	448	1230	3114	3048	124	
292044	Vermis_4_5	0	0	0	0	0	0	0	0	0	0	0	0	0	0	0	0	0	0	0	0	0	0	0	0	0	0	0	0	0	0	0	0	0	0	564	1286	492	290	158	348	0	0	0	206	0	0	3946	7398	0	0	0	0	944	320	2538	4106	0	0	0	0	0	0	0	0	0	0	0	1094	0	0	0	0	0	0	0	0	0	0	0	0	0	0	0	0	0	0	0	0	0	0	11190	10536	1070	2362	866	3342	18542	16788	15184	13916	398	1900	574	4368	424	850	0	0	1022	3182	0	7084	2024	2512	2270	1928	
182664	Vermis_6	0	0	0	0	0	0	0	0	0	0	0	0	0	0	0	0	0	0	0	0	0	0	0	0	0	0	0	0	0	0	0	0	0	0	0	0	0	0	0	0	0	0	0	0	0	0	3612	6264	0	0	0	0	152	118	1700	2830	0	0	0	0	0	0	0	0	0	0	0	0	0	0	0	0	0	0	0	0	0	0	0	0	0	0	0	0	0	0	0	0	0	0	9814	5712	3232	1800	136	256	4290	3568	10522	9476	0	118	236	486	310	1948	0	0	166	448	7084	0	9660	2356	2392	2646	
