data	data	577536	222640	1.24014e+06	998884	202332	126760	558160	382968	109320	44692	327256	228572	375284	181432	188264	153488	273828	128540	1.09089e+06	1.08209e+06	79188	131372	497136	482688	43808	120976	55196	102552	635500	345592	459988	515144	266796	814320	145216	167816	269352	436544	146788	257944	39252	80536	175396	229456	69176	240424	282432	260352	173992	370640	438548	307644	123132	90480	437920	475436	365840	201260	189100	172804	255948	145644	111872	97504	184064	186520	325704	414512	290268	257924	387708	422016	358492	500644	110164	62644	219616	166988	94336	31304	211584	116780	125184	46368	301880	225912	31028	19012	285624	240016	499500	550180	361080	352496	53684	135332	369028	275456	578752	558332	257400	162220	390812	346588	189868	211540	44828	19420	36372	100384	301580	255792	279944	259276	206704	58516	
data	data	Precentral_L	Precentral_R	Frontal_Sup_L	Frontal_Sup_R	Frontal_Sup_Orb_L	Frontal_Sup_Orb_R	Frontal_Mid_L	Frontal_Mid_R	Frontal_Mid_Orb_L	Frontal_Mid_Orb_R	Frontal_Inf_Oper_L	Frontal_Inf_Oper_R	Frontal_Inf_Tri_L	Frontal_Inf_Tri_R	Frontal_Inf_Orb_L	Frontal_Inf_Orb_R	Rolandic_Oper_L	Rolandic_Oper_R	Supp_Motor_Area_L	Supp_Motor_Area_R	Olfactory_L	Olfactory_R	Frontal_Sup_Medial_L	Frontal_Sup_Medial_R	Frontal_Med_Orb_L	Frontal_Med_Orb_R	Rectus_L	Rectus_R	Insula_L	Insula_R	Cingulum_Ant_L	Cingulum_Ant_R	Cingulum_Mid_L	Cingulum_Mid_R	Cingulum_Post_L	Cingulum_Post_R	Hippocampus_L	Hippocampus_R	ParaHippocampal_L	ParaHippocampal_R	Amygdala_L	Amygdala_R	Calcarine_L	Calcarine_R	Cuneus_L	Cuneus_R	Lingual_L	Lingual_R	Occipital_Sup_L	Occipital_Sup_R	Occipital_Mid_L	Occipital_Mid_R	Occipital_Inf_L	Occipital_Inf_R	Fusiform_L	Fusiform_R	Postcentral_L	Postcentral_R	Parietal_Sup_L	Parietal_Sup_R	Parietal_Inf_L	Parietal_Inf_R	SupraMarginal_L	SupraMarginal_R	Angular_L	Angular_R	Precuneus_L	Precuneus_R	Paracentral_Lobule_L	Paracentral_Lobule_R	Caudate_L	Caudate_R	Putamen_L	Putamen_R	Pallidum_L	Pallidum_R	Thalamus_L	Thalamus_R	Heschl_L	Heschl_R	Temporal_Sup_L	Temporal_Sup_R	Temporal_Pole_Sup_L	Temporal_Pole_Sup_R	Temporal_Mid_L	Temporal_Mid_R	Temporal_Pole_Mid_L	Temporal_Pole_Mid_R	Temporal_Inf_L	Temporal_Inf_R	Cerebelum_Crus1_L	Cerebelum_Crus1_R	Cerebelum_Crus2_L	Cerebelum_Crus2_R	Cerebelum_3_L	Cerebelum_3_R	Cerebelum_4_5_L	Cerebelum_4_5_R	Cerebelum_6_L	Cerebelum_6_R	Cerebelum_7b_L	Cerebelum_7b_R	Cerebelum_8_L	Cerebelum_8_R	Cerebelum_9_L	Cerebelum_9_R	Cerebelum_10_L	Cerebelum_10_R	Vermis_1_2	Vermis_3	Vermis_4_5	Vermis_6	Vermis_7	Vermis_8	Vermis_9	Vermis_10	
577536	Precentral_L	0	336	13324	1548	0	0	25160	304	0	0	16062	186	1336	210	0	158	17064	134	9042	15486	0	0	312	0	0	0	0	0	10978	278	430	176	312	12170	3956	3492	6304	1762	780	738	0	0	354	0	0	0	540	144	590	0	5250	208	1170	0	1368	1050	30598	302	1942	0	5284	0	1568	0	348	0	1600	230	36770	5658	8602	474	2808	284	2348	0	17984	1320	5516	0	5110	0	226	0	4836	182	0	0	1162	904	0	0	0	0	0	0	0	0	0	0	0	0	0	0	0	0	0	0	0	0	0	0	0	0	0	0	
222640	Precentral_R	336	0	3582	6468	0	0	206	19048	0	0	0	10038	0	172	0	0	0	902	3534	3330	0	0	0	0	0	0	0	0	0	526	0	0	0	1798	500	552	0	4150	0	924	0	0	0	198	0	142	0	0	0	800	0	1222	0	144	0	2072	0	18020	0	334	0	654	0	2956	0	1082	0	1228	202	7104	2508	3396	0	358	0	0	3596	3040	0	238	0	824	0	0	0	2610	0	0	0	2526	0	0	0	0	0	0	0	0	0	0	0	0	0	0	0	0	0	0	0	0	0	0	0	0	0	0	
1.24014e+06	Frontal_Sup_L	13324	3582	0	18322	18440	0	73418	5172	5942	0	26546	3972	29506	688	10710	576	12244	380	106046	31620	222	0	45800	10576	916	234	670	0	47244	1316	26694	6510	9310	18926	134	0	2760	430	784	240	220	0	0	0	0	0	0	0	0	220	0	128	0	0	600	354	8968	248	0	0	0	174	956	0	0	196	0	120	1382	352	17628	3210	24854	2440	8780	198	4638	1108	1456	0	4464	0	2640	0	0	0	0	0	1218	124	0	0	0	0	0	0	0	0	0	0	0	0	0	0	0	0	0	0	0	142	0	0	0	0	0	0	
998884	Frontal_Sup_R	1548	6468	18322	0	222	5162	2174	39630	0	2038	2242	7682	2120	6492	0	5218	194	3754	36054	83952	0	502	15968	49080	0	3872	0	1438	1722	11826	6330	32646	6444	36144	768	868	152	11758	0	4100	0	0	0	152	0	108	0	0	0	0	0	0	0	0	0	7566	200	648	0	0	0	148	0	220	0	166	0	196	436	0	4378	21854	1388	30098	880	3826	788	15006	0	418	0	1310	0	0	0	346	0	0	0	780	0	566	0	0	0	114	0	234	0	726	0	0	0	0	0	0	0	0	0	0	0	0	0	0	0	0	
202332	Frontal_Sup_Orb_L	0	0	18440	222	0	0	4500	0	12462	0	166	0	5166	0	9622	0	0	0	4450	540	1056	0	5020	296	3446	222	5348	0	12770	0	4412	162	242	414	0	0	0	0	250	0	234	0	0	0	0	0	0	0	0	0	0	0	0	0	0	0	0	0	0	0	0	0	0	0	0	0	0	0	0	0	2194	280	8554	0	0	0	0	0	0	0	0	0	698	0	0	0	0	0	0	0	0	0	0	0	0	0	0	0	0	0	0	0	0	0	0	0	0	0	0	0	0	0	0	0	0	0	
126760	Frontal_Sup_Orb_R	0	0	0	5162	0	0	0	2396	0	5500	0	0	0	202	0	4162	0	0	272	1644	2360	4080	0	3860	162	5618	412	7656	0	1760	1460	3186	0	458	0	0	0	0	0	0	0	210	0	0	0	0	0	0	0	0	0	0	0	0	0	0	0	0	0	0	0	0	0	0	0	0	0	0	0	0	2254	4760	860	4946	0	0	0	0	0	0	0	0	0	0	0	0	0	0	0	0	0	0	0	0	0	0	0	0	0	0	0	0	0	0	0	0	0	0	0	0	0	0	0	0	0	0	
558160	Frontal_Mid_L	25160	206	73418	2174	4500	0	0	332	6606	0	17600	0	40386	0	12096	0	9672	0	11412	2874	0	0	12242	1632	138	0	200	0	20136	328	5692	362	2344	1888	0	0	670	292	0	136	0	0	0	0	0	0	0	0	0	0	0	0	0	0	0	218	3916	0	0	0	0	0	166	0	0	0	0	0	420	0	4456	108	4208	538	3122	0	3990	360	1058	0	1632	0	2392	0	0	0	0	0	0	0	0	0	0	0	0	0	0	0	0	0	0	0	0	0	0	0	0	0	0	0	0	0	0	0	0	0	
382968	Frontal_Mid_R	304	19048	5172	39630	0	2396	332	0	0	3970	436	14386	276	13436	0	5880	0	3000	12296	8762	0	0	3218	12324	0	0	0	0	220	7012	504	2052	1022	9412	0	0	0	2602	0	1156	0	0	0	0	0	0	0	0	0	0	0	0	0	0	0	2296	0	746	0	0	0	0	0	0	0	0	0	0	0	0	2782	2328	0	7116	0	132	3320	1206	0	426	0	1144	0	0	0	330	0	0	0	566	0	114	0	0	0	0	0	0	0	132	0	0	0	0	0	0	0	0	0	0	0	0	0	0	0	0	
109320	Frontal_Mid_Orb_L	0	0	5942	0	12462	0	6606	0	0	0	0	0	5696	0	12706	0	0	0	298	0	326	0	594	0	166	0	2062	0	3190	0	720	0	0	0	0	0	0	0	0	0	0	0	0	0	0	0	0	0	0	0	0	0	0	0	0	0	0	0	0	0	0	0	0	0	0	0	0	0	0	0	1028	0	2484	0	0	0	0	0	0	0	0	0	380	0	0	0	0	0	0	0	0	0	0	0	0	0	0	0	0	0	0	0	0	0	0	0	0	0	0	0	0	0	0	0	0	0	
44692	Frontal_Mid_Orb_R	0	0	0	2038	0	5500	0	3970	0	0	0	0	0	772	0	6838	0	0	176	150	0	140	0	0	0	332	0	502	0	714	0	0	0	216	0	0	0	0	0	0	0	0	0	0	0	0	0	0	0	0	0	0	0	0	0	0	0	0	0	0	0	0	0	0	0	0	0	0	0	0	0	216	0	782	0	0	0	0	0	0	0	0	0	0	0	0	0	0	0	0	0	0	0	0	0	0	0	0	0	0	0	0	0	0	0	0	0	0	0	0	0	0	0	0	0	0	
327256	Frontal_Inf_Oper_L	16062	0	26546	2242	166	0	17600	436	0	0	0	378	19140	310	1082	266	15814	250	17186	2430	0	0	2036	502	0	0	0	0	16962	356	2566	718	622	2214	0	0	304	0	0	0	0	0	0	0	0	0	0	0	0	0	0	0	0	0	0	0	4544	0	0	0	200	0	0	0	0	0	0	0	0	0	442	0	1630	192	216	0	226	0	1620	0	5152	0	3092	0	0	0	0	0	126	0	0	0	0	0	0	0	0	0	0	0	0	0	0	0	0	0	0	0	0	0	0	0	0	0	0	0	
228572	Frontal_Inf_Oper_R	186	10038	3972	7682	0	0	0	14386	0	0	378	0	0	14256	0	1352	0	8100	5854	5416	0	0	386	1294	0	0	0	0	300	13892	980	3230	0	2928	0	0	0	688	0	352	0	0	0	0	0	0	0	0	0	294	0	206	0	0	0	458	0	2140	0	228	0	284	0	768	0	352	0	166	0	0	2428	2458	0	4274	0	158	510	464	0	254	0	654	0	1140	0	1006	0	0	0	374	0	0	0	0	0	0	0	0	0	0	0	0	0	0	0	0	0	0	0	0	0	0	0	0	0	0	
375284	Frontal_Inf_Tri_L	1336	0	29506	2120	5166	0	40386	276	5696	0	19140	0	0	0	19312	120	1680	0	9128	1972	0	0	6424	816	136	0	250	0	24214	0	7244	634	1670	1910	0	0	214	0	0	0	0	0	0	0	0	0	0	0	0	0	0	0	0	0	0	0	0	0	0	0	0	0	0	0	0	0	0	0	0	0	408	0	2184	0	0	0	0	0	0	0	994	0	4520	0	0	0	0	0	186	0	0	0	0	0	0	0	0	0	0	0	0	0	0	0	0	0	0	0	0	0	0	0	0	0	0	0	
181432	Frontal_Inf_Tri_R	210	172	688	6492	0	202	0	13436	0	772	310	14256	0	0	0	10782	0	732	4542	5714	0	0	948	1896	0	142	0	0	186	10532	922	2922	150	5380	0	0	0	1688	0	958	0	0	0	0	0	0	0	0	0	0	0	0	0	0	0	1188	0	0	0	0	0	0	0	0	0	0	0	0	0	0	260	842	0	4140	0	110	0	0	0	0	0	144	0	0	0	0	0	0	0	0	0	0	0	0	0	0	0	0	0	0	0	0	0	0	0	0	0	0	0	0	0	0	0	0	0	0	
188264	Frontal_Inf_Orb_L	0	0	10710	0	9622	0	12096	0	12706	0	1082	0	19312	0	0	0	468	0	956	0	990	0	1072	0	0	0	1186	0	12606	0	724	0	254	134	0	0	0	0	266	0	0	0	0	0	0	0	0	0	0	0	0	0	0	0	0	0	0	0	0	0	0	0	0	0	0	0	0	0	0	0	1090	0	3382	0	0	0	0	0	0	0	264	0	5212	0	0	0	0	0	0	0	0	0	0	0	0	0	0	0	0	0	0	0	0	0	0	0	0	0	0	0	0	0	0	0	0	0	
153488	Frontal_Inf_Orb_R	158	0	576	5218	0	4162	0	5880	0	6838	266	1352	120	10782	0	0	0	0	2142	2686	254	1300	876	1320	0	0	0	720	230	13194	756	864	158	3056	0	0	0	1574	0	662	0	1346	0	0	0	0	0	0	0	0	0	0	0	0	0	422	0	0	0	0	0	0	0	0	0	0	0	0	0	0	294	3154	0	6214	0	0	0	0	0	0	0	0	0	170	0	0	0	0	0	0	0	0	0	0	0	0	0	0	0	0	0	0	0	0	0	0	0	0	0	0	0	0	0	0	0	0	
273828	Rolandic_Oper_L	17064	0	12244	194	0	0	9672	0	0	0	15814	0	1680	0	468	0	0	0	9528	1028	0	0	250	0	0	0	0	0	18142	124	414	0	0	910	0	0	2676	0	0	0	0	0	0	0	0	0	0	0	144	0	1378	0	0	0	268	0	13332	0	0	0	446	0	1892	0	600	0	176	0	0	0	394	0	1316	0	518	0	1504	0	6618	0	12042	0	2556	0	2654	0	0	0	868	0	0	0	0	0	0	0	0	0	0	0	0	0	0	0	0	0	0	0	0	0	0	0	0	0	0	0	
128540	Rolandic_Oper_R	134	902	380	3754	0	0	0	3000	0	0	250	8100	0	732	0	0	0	0	524	3974	0	0	0	170	0	0	0	0	212	15474	194	352	0	580	0	0	0	348	0	184	0	0	0	0	0	0	0	0	0	606	0	324	0	0	0	378	0	3718	0	300	0	744	0	4706	0	1290	0	284	0	0	0	0	0	1670	0	0	0	0	0	2772	0	3482	0	1330	0	2644	0	0	0	758	0	0	0	0	0	0	0	0	0	0	0	0	0	0	0	0	0	0	0	0	0	0	0	0	0	0	
1.09089e+06	Supp_Motor_Area_L	9042	3534	106046	36054	4450	272	11412	12296	298	176	17186	5854	9128	4542	956	2142	9528	524	0	69266	0	0	15628	9872	210	358	362	0	33108	2436	10666	12188	19754	53992	1748	358	2590	412	830	252	0	0	0	0	308	0	0	0	156	240	0	140	0	0	780	354	7870	266	0	0	0	198	800	0	0	222	1052	206	5216	1086	16784	3382	17998	2822	4346	290	4146	1080	1310	0	3654	0	1602	0	0	0	0	0	1390	136	0	0	0	0	0	0	0	0	0	0	0	0	0	0	0	0	0	0	0	142	0	0	0	0	0	0	
1.08209e+06	Supp_Motor_Area_R	15486	3330	31620	83952	540	1644	2874	8762	0	150	2430	5416	1972	5714	0	2686	1028	3974	69266	0	0	380	4084	14446	0	2666	0	1276	2564	8872	4566	18264	12786	68500	1186	2394	482	9880	0	3580	0	0	0	424	0	232	0	172	0	1056	0	1584	0	0	0	7838	2286	2456	0	474	0	600	284	578	0	656	138	3228	15934	16324	7466	20738	3714	22370	3966	5018	6486	11510	0	590	112	898	0	0	0	1332	0	0	0	4584	0	400	0	0	0	108	0	184	0	534	0	0	0	0	0	0	0	0	0	0	0	0	0	0	0	0	
79188	Olfactory_L	0	0	222	0	1056	2360	0	0	326	0	0	0	0	0	990	254	0	0	0	0	0	5602	0	146	574	452	1530	2660	1444	498	3244	1580	0	0	0	0	180	0	690	0	472	126	0	0	0	0	0	0	0	0	0	0	0	0	0	0	0	0	0	0	0	0	0	0	0	0	0	0	0	0	6850	3624	2760	1010	0	0	0	0	0	0	0	0	944	0	0	0	0	0	0	0	0	0	0	0	0	0	0	0	0	0	0	0	0	0	0	0	0	0	0	0	0	0	0	0	0	0	
131372	Olfactory_R	0	0	0	502	0	4080	0	0	0	140	0	0	0	0	0	1300	0	0	0	380	5602	0	0	1116	256	2476	686	5966	0	2820	3854	3950	0	0	0	0	0	212	0	426	0	1264	0	0	0	0	0	0	0	0	0	0	0	0	0	0	0	0	0	0	0	0	0	0	0	0	0	0	0	0	8608	10836	5198	2746	1396	1464	0	122	0	0	0	0	0	286	0	0	0	0	0	0	0	0	0	0	0	0	0	0	0	0	0	0	0	0	0	0	0	0	0	0	0	0	0	0	0	0	
497136	Frontal_Sup_Medial_L	312	0	45800	15968	5020	0	12242	3218	594	0	2036	386	6424	948	1072	876	250	0	15628	4084	0	0	0	32460	2252	546	390	0	7518	1002	38438	17816	9012	19308	0	0	0	0	0	0	0	0	0	0	0	0	0	0	0	0	0	0	0	0	0	0	0	0	0	0	0	0	0	0	0	0	0	0	0	0	1506	244	2596	402	0	0	0	0	0	0	0	0	220	0	0	0	0	0	0	0	0	0	0	0	0	0	0	0	0	0	0	0	0	0	0	0	0	0	0	0	0	0	0	0	0	0	
482688	Frontal_Sup_Medial_R	0	0	10576	49080	296	3860	1632	12324	0	0	502	1294	816	1896	0	1320	0	170	9872	14446	146	1116	32460	0	326	8008	0	2756	850	1810	13512	35110	2948	20422	0	0	0	200	0	0	0	0	0	0	0	0	0	0	0	0	0	0	0	0	0	116	0	0	0	0	0	0	0	0	0	0	0	0	0	0	412	6744	212	5924	0	0	0	188	0	0	0	0	0	0	0	0	0	0	0	0	0	0	0	0	0	0	0	0	0	0	0	0	0	0	0	0	0	0	0	0	0	0	0	0	0	0	
43808	Frontal_Med_Orb_L	0	0	916	0	3446	162	138	0	166	0	0	0	136	0	0	0	0	0	210	0	574	256	2252	326	0	952	3342	146	228	0	5388	580	0	0	0	0	0	0	0	0	0	0	0	0	0	0	0	0	0	0	0	0	0	0	0	0	0	0	0	0	0	0	0	0	0	0	0	0	0	0	1048	328	1188	122	0	0	0	0	0	0	0	0	0	0	0	0	0	0	0	0	0	0	0	0	0	0	0	0	0	0	0	0	0	0	0	0	0	0	0	0	0	0	0	0	0	0	
120976	Frontal_Med_Orb_R	0	0	234	3872	222	5618	0	0	0	332	0	0	0	142	0	0	0	0	358	2666	452	2476	546	8008	952	0	186	7786	0	146	2010	9278	0	440	0	0	0	0	0	0	0	0	0	0	0	0	0	0	0	0	0	0	0	0	0	0	0	0	0	0	0	0	0	0	0	0	0	0	0	0	412	8232	0	5974	0	0	0	146	0	0	0	0	0	0	0	0	0	0	0	0	0	0	0	0	0	0	0	0	0	0	0	0	0	0	0	0	0	0	0	0	0	0	0	0	0	0	
55196	Rectus_L	0	0	670	0	5348	412	200	0	2062	0	0	0	250	0	1186	0	0	0	362	0	1530	686	390	0	3342	186	0	480	290	0	4050	416	0	0	0	0	0	0	0	0	0	0	0	0	0	0	0	0	0	0	0	0	0	0	0	0	0	0	0	0	0	0	0	0	0	0	0	0	0	0	3248	374	2116	0	0	0	0	0	0	0	0	0	0	0	0	0	0	0	0	0	0	0	0	0	0	0	0	0	0	0	0	0	0	0	0	0	0	0	0	0	0	0	0	0	0	0	
102552	Rectus_R	0	0	0	1438	0	7656	0	0	0	502	0	0	0	0	0	720	0	0	0	1276	2660	5966	0	2756	146	7786	480	0	0	1206	1952	4408	0	0	0	0	0	136	0	0	0	384	0	0	0	0	0	0	0	0	0	0	0	0	0	0	0	0	0	0	0	0	0	0	0	0	0	0	0	0	2432	5460	968	2832	0	0	0	112	0	0	0	0	0	0	0	0	0	0	0	0	0	0	0	0	0	0	0	0	0	0	0	0	0	0	0	0	0	0	0	0	0	0	0	0	0	0	
635500	Insula_L	10978	0	47244	1722	12770	0	20136	220	3190	0	16962	300	24214	186	12606	230	18142	212	33108	2564	1444	0	7518	850	228	0	290	0	0	304	7102	950	1352	2280	668	690	13366	716	2674	300	2226	0	0	0	0	0	118	0	266	0	2044	0	348	0	3244	146	5138	0	318	0	722	0	172	0	406	0	436	0	0	0	2278	394	14946	130	330	0	4848	0	7138	0	7974	0	8956	0	3324	0	244	0	5968	0	120	0	0	0	0	0	0	0	0	0	0	0	0	0	0	0	0	0	0	0	0	0	0	0	0	0	
345592	Insula_R	278	526	1316	11826	0	1760	328	7012	0	714	356	13892	0	10532	0	13194	124	15474	2436	8872	498	2820	1002	1810	0	146	0	1206	304	0	1254	2742	458	3374	124	174	0	8078	0	3700	0	3042	0	0	0	0	0	0	0	0	0	0	0	0	0	6252	0	462	0	0	0	198	0	262	0	302	0	0	0	0	632	4084	0	24334	0	116	432	296	0	3330	0	3926	0	2022	0	2154	0	422	0	3858	0	166	0	0	0	0	0	0	0	176	0	0	0	0	0	0	0	0	0	0	0	0	0	0	0	0	
459988	Cingulum_Ant_L	430	0	26694	6330	4412	1460	5692	504	720	0	2566	980	7244	922	724	756	414	194	10666	4566	3244	3854	38438	13512	5388	2010	4050	1952	7102	1254	0	24952	13586	10782	830	0	0	112	0	0	0	0	0	0	0	0	0	0	0	0	0	0	0	0	0	0	130	0	0	0	0	0	0	0	0	0	544	0	0	0	8066	4720	7336	2858	0	0	0	0	0	0	0	0	0	0	0	0	0	0	0	0	0	0	0	0	0	0	0	0	0	0	0	0	0	0	0	0	0	0	0	0	0	0	0	0	0	0	
515144	Cingulum_Ant_R	176	0	6510	32646	162	3186	362	2052	0	0	718	3230	634	2922	0	864	0	352	12188	18264	1580	3950	17816	35110	580	9278	416	4408	950	2742	24952	0	6760	30608	334	218	0	252	0	0	0	0	0	0	0	0	0	0	0	0	0	0	0	0	0	140	0	0	0	0	0	0	0	0	0	0	148	0	476	0	2708	17900	1046	10456	0	116	0	194	0	0	0	0	0	168	0	0	0	0	0	0	0	0	0	0	0	0	0	0	0	0	0	0	0	0	0	0	0	0	0	0	0	0	0	0	0	0	
266796	Cingulum_Mid_L	312	0	9310	6444	242	0	2344	1022	0	0	622	0	1670	150	254	158	0	0	19754	12786	0	0	9012	2948	0	0	0	0	1352	458	13586	6760	0	23880	4952	786	0	0	0	0	0	0	182	0	974	0	0	0	994	118	1030	0	0	0	0	0	298	0	308	0	0	0	0	0	0	108	5966	1176	2330	278	258	0	170	118	0	0	166	122	0	0	0	0	0	0	0	0	0	0	0	0	0	0	0	0	0	0	0	0	0	0	0	0	0	0	0	0	0	0	0	0	0	0	0	0	0	0	
814320	Cingulum_Mid_R	12170	1798	18926	36144	414	458	1888	9412	0	216	2214	2928	1910	5380	134	3056	910	580	53992	68500	0	0	19308	20422	0	440	0	0	2280	3374	10782	30608	23880	0	1742	5058	0	206	0	0	0	0	0	542	0	1084	0	0	0	2076	0	3112	0	164	0	474	2040	3600	0	646	0	512	284	0	0	578	1250	8430	15580	17706	658	1214	1862	1000	1702	110	346	146	0	0	0	118	0	0	0	1506	0	0	0	1290	0	0	0	0	0	0	0	0	0	0	0	0	0	0	0	0	0	0	0	0	0	0	0	0	0	0	
145216	Cingulum_Post_L	3956	500	134	768	0	0	0	0	0	0	0	0	0	0	0	0	0	0	1748	1186	0	0	0	0	0	0	0	0	668	124	830	334	4952	1742	0	12902	4840	5604	2368	2096	0	0	1466	0	240	0	558	634	304	0	408	144	340	0	1570	2910	328	302	0	0	0	0	0	0	0	0	6732	1150	4068	1058	0	0	0	154	0	0	292	1164	534	0	0	0	0	0	0	152	0	0	628	2720	0	0	0	0	0	0	0	0	0	0	0	0	0	0	0	0	0	0	0	0	0	0	0	0	0	0	
167816	Cingulum_Post_R	3492	552	0	868	0	0	0	0	0	0	0	0	0	0	0	0	0	0	358	2394	0	0	0	0	0	0	0	0	690	174	0	218	786	5058	12902	0	3854	9132	2254	3292	0	0	138	1772	0	862	256	2298	0	646	0	952	180	182	568	4132	244	454	0	142	0	0	0	0	0	174	1226	8454	2598	1444	144	0	0	286	0	0	1492	2966	582	0	0	0	0	0	0	570	0	0	232	4646	0	0	0	0	0	0	0	0	0	0	0	0	0	0	0	0	0	0	0	0	244	0	0	0	0	0	
269352	Hippocampus_L	6304	0	2760	152	0	0	670	0	0	0	304	0	214	0	0	0	2676	0	2590	482	180	0	0	0	0	0	0	0	13366	0	0	0	0	0	4840	3854	0	3466	19536	1708	7680	0	1318	0	0	0	2612	642	130	0	1792	0	0	0	11550	674	1656	0	434	0	620	0	0	0	240	0	2616	556	800	0	1072	0	6212	0	1450	0	6572	578	2390	0	2714	0	3262	0	2680	0	498	0	8168	0	434	0	172	0	120	0	826	0	704	0	0	0	244	0	158	0	0	0	0	0	0	0	0	0	0	0	
436544	Hippocampus_R	1762	4150	430	11758	0	0	292	2602	0	0	0	688	0	1688	0	1574	0	348	412	9880	0	212	0	200	0	0	0	136	716	8078	112	252	0	206	5604	9132	3466	0	1854	37024	0	12750	0	1646	0	188	158	5120	0	252	0	262	0	200	166	36312	284	198	0	0	0	0	0	0	0	120	212	4332	530	318	376	750	0	22412	0	1188	2266	7862	592	0	0	1070	0	1754	0	1938	0	230	0	6768	0	1214	0	0	0	496	0	1694	0	1850	0	0	0	0	0	0	0	0	0	0	188	0	0	0	0	0	
146788	ParaHippocampal_L	780	0	784	0	250	0	0	0	0	0	0	0	0	0	266	0	0	0	830	0	690	0	0	0	0	0	0	0	2674	0	0	0	0	0	2368	2254	19536	1854	0	884	3918	0	442	0	0	0	2772	552	0	0	0	0	0	0	8934	256	0	0	0	0	0	0	0	0	0	0	1416	524	0	0	148	0	3086	0	0	0	1448	0	0	0	456	0	1426	0	288	0	674	0	2342	0	2286	0	504	0	308	0	3156	0	2904	152	328	0	858	0	648	0	0	0	0	132	0	266	0	0	0	0	
257944	ParaHippocampal_R	738	924	240	4100	0	0	136	1156	0	0	0	352	0	958	0	662	0	184	252	3580	0	426	0	0	0	0	0	0	300	3700	0	0	0	0	2096	3292	1708	37024	884	0	0	8130	0	1126	0	138	0	4632	0	182	0	186	0	232	0	21092	142	0	0	0	0	0	0	0	0	0	0	2780	154	122	126	230	0	11474	0	968	484	3472	310	0	0	272	0	1438	0	716	0	504	0	2356	0	686	0	0	0	726	0	2360	0	1102	0	0	0	0	0	0	0	0	0	0	120	0	0	0	0	0	
39252	Amygdala_L	0	0	220	0	234	0	0	0	0	0	0	0	0	0	0	0	0	0	0	0	472	0	0	0	0	0	0	0	2226	0	0	0	0	0	0	0	7680	0	3918	0	0	0	0	0	0	0	0	0	0	0	0	0	0	0	2276	0	0	0	0	0	0	0	0	0	0	0	0	0	0	0	166	0	196	0	0	0	0	0	0	0	0	0	1852	0	0	0	194	0	192	0	0	0	0	0	0	0	0	0	0	0	0	0	0	0	0	0	0	0	0	0	0	0	0	0	0	0	
80536	Amygdala_R	0	0	0	0	0	210	0	0	0	0	0	0	0	0	0	1346	0	0	0	0	126	1264	0	0	0	0	0	384	0	3042	0	0	0	0	0	0	0	12750	0	8130	0	0	0	0	0	0	0	0	0	0	0	0	0	0	0	4910	0	0	0	0	0	0	0	0	0	0	0	0	0	0	0	1476	0	2328	0	0	0	0	0	0	0	0	0	2152	0	526	0	232	0	1392	0	0	0	0	0	0	0	0	0	0	0	0	0	0	0	0	0	0	0	0	0	0	0	0	0	0	
175396	Calcarine_L	354	0	0	0	0	0	0	0	0	0	0	0	0	0	0	0	0	0	0	0	0	0	0	0	0	0	0	0	0	0	0	0	182	0	1466	138	1318	0	442	0	0	0	0	5342	6246	4224	9328	1806	6306	2928	17306	2162	4526	568	6010	1024	220	0	0	0	0	0	0	0	178	0	12722	366	414	0	0	0	0	0	0	0	0	0	0	0	0	0	0	0	922	116	0	0	958	0	0	0	0	0	0	0	0	0	126	0	0	0	0	0	0	0	0	0	0	0	0	0	0	0	0	0	
229456	Calcarine_R	0	198	0	152	0	0	0	0	0	0	0	0	0	0	0	0	0	0	0	424	0	0	0	0	0	0	0	0	0	0	0	0	0	542	0	1772	0	1646	0	1126	0	0	5342	0	640	14666	230	17964	0	13742	0	13922	0	7244	0	6886	0	166	0	274	0	758	0	0	0	1204	0	15198	0	834	0	0	0	0	0	0	0	0	0	0	0	0	0	0	0	4178	0	0	0	5620	0	0	0	0	0	0	0	0	0	0	0	0	0	0	0	0	0	0	0	0	0	0	0	0	0	0	
69176	Cuneus_L	0	0	0	0	0	0	0	0	0	0	0	0	0	0	0	0	0	0	308	0	0	0	0	0	0	0	0	0	0	0	0	0	974	0	240	0	0	0	0	0	0	0	6246	640	0	2066	1250	0	9018	368	4544	0	340	0	570	0	128	0	1402	0	0	0	0	0	0	0	5656	338	312	0	0	0	0	0	0	0	0	0	0	0	0	0	0	0	188	0	0	0	0	0	0	0	0	0	0	0	0	0	0	0	0	0	0	0	0	0	0	0	0	0	0	0	0	0	0	0	
240424	Cuneus_R	0	142	0	108	0	0	0	0	0	0	0	0	0	0	0	0	0	0	0	232	0	0	0	0	0	0	0	0	0	0	0	0	0	1084	0	862	0	188	0	138	0	0	4224	14666	2066	0	174	4994	0	32848	0	13598	0	1450	0	1152	0	2580	0	6630	0	670	0	252	0	950	2164	21184	0	4344	0	0	0	0	0	0	0	0	0	0	0	310	0	0	0	1932	0	0	0	1270	0	0	0	0	0	0	0	0	0	0	0	0	0	0	0	0	0	0	0	0	0	0	0	0	0	0	
282432	Lingual_L	540	0	0	0	0	0	0	0	0	0	0	0	0	0	0	0	0	0	0	0	0	0	0	0	0	0	0	0	118	0	0	0	0	0	558	256	2612	158	2772	0	0	0	9328	230	1250	174	0	3268	4060	164	13400	0	7298	590	18182	1236	0	0	0	0	0	0	0	0	0	0	4666	0	180	0	0	0	0	0	0	0	694	0	158	0	0	0	0	0	148	0	0	0	442	0	9180	3148	1024	392	290	148	11286	950	20288	5704	196	0	478	0	196	134	0	0	154	354	3826	7064	2976	334	402	210	
260352	Lingual_R	144	0	0	0	0	0	0	0	0	0	0	0	0	0	0	0	0	0	0	172	0	0	0	0	0	0	0	0	0	0	0	0	0	0	634	2298	642	5120	552	4632	0	0	1806	17964	0	4994	3268	0	0	5720	0	5516	478	4854	1060	12590	0	0	0	142	0	500	0	0	0	1114	176	10024	0	246	0	0	0	0	0	0	0	712	0	0	0	0	0	0	0	1206	0	0	0	1820	860	5060	130	154	128	554	2840	3696	5352	8762	0	0	0	0	0	166	0	0	134	330	4578	6700	1392	396	418	142	
173992	Occipital_Sup_L	590	0	0	0	0	0	0	0	0	0	0	0	0	0	0	0	144	0	156	0	0	0	0	0	0	0	0	0	266	0	0	0	994	0	304	0	130	0	0	0	0	0	6306	0	9018	0	4060	0	0	0	24584	0	806	0	972	0	1288	0	8926	0	3424	0	288	0	4552	0	18714	0	764	0	0	0	0	0	0	0	0	0	0	0	0	0	0	0	342	0	0	0	368	0	0	0	0	0	0	0	0	0	0	0	0	0	0	0	0	0	0	0	0	0	0	0	0	0	0	0	
370640	Occipital_Sup_R	0	800	220	0	0	0	0	0	0	0	0	294	0	0	0	0	0	606	240	1056	0	0	0	0	0	0	0	0	0	0	0	0	118	2076	0	646	0	252	0	182	0	0	2928	13742	368	32848	164	5720	0	0	0	30738	0	1968	0	1944	0	7134	0	15640	0	5410	0	1732	0	9752	1696	28082	0	8076	0	0	0	0	0	0	0	0	0	0	0	1370	0	0	0	6052	0	0	0	3466	0	0	0	0	0	0	0	0	0	0	0	0	0	0	0	0	0	0	0	0	0	0	0	0	0	0	
438548	Occipital_Mid_L	5250	0	0	0	0	0	0	0	0	0	0	0	0	0	0	0	1378	0	0	0	0	0	0	0	0	0	0	0	2044	0	0	0	1030	0	408	0	1792	0	0	0	0	0	17306	0	4544	0	13400	0	24584	0	0	0	11498	0	6458	0	16742	0	24458	0	15430	0	994	0	15138	0	30240	0	8766	0	112	0	0	0	0	0	108	0	186	0	176	0	0	0	12472	0	0	0	3922	0	0	0	0	0	0	0	0	0	492	0	0	0	0	0	0	0	0	0	0	0	0	346	0	0	0	0	
307644	Occipital_Mid_R	208	1222	128	0	0	0	0	0	0	0	0	206	0	0	0	0	0	324	140	1584	0	0	0	0	0	0	0	0	0	0	0	0	0	3112	144	952	0	262	0	186	0	0	2162	13922	0	13598	0	5516	0	30738	0	0	0	4634	0	2784	0	2488	0	10310	0	5996	0	644	0	12172	406	19544	208	5896	0	0	0	0	0	0	0	0	0	0	0	334	0	0	0	11778	0	0	0	2224	0	0	0	0	0	0	0	0	0	0	0	0	0	0	0	0	0	0	0	0	0	0	0	0	0	0	
123132	Occipital_Inf_L	1170	0	0	0	0	0	0	0	0	0	0	0	0	0	0	0	0	0	0	0	0	0	0	0	0	0	0	0	348	0	0	0	0	0	340	180	0	0	0	0	0	0	4526	0	340	0	7298	478	806	0	11498	0	0	0	10274	168	768	0	0	0	766	0	0	0	306	0	3084	0	958	0	0	0	0	0	0	0	0	0	358	0	0	0	0	0	4344	0	0	0	5844	0	696	362	176	264	0	0	0	0	3230	534	0	0	0	0	0	0	0	0	0	0	0	1932	518	0	0	0	
90480	Occipital_Inf_R	0	144	0	0	0	0	0	0	0	0	0	0	0	0	0	0	0	0	0	0	0	0	0	0	0	0	0	0	0	0	0	0	0	164	0	182	0	200	0	232	0	0	568	7244	0	1450	590	4854	0	1968	0	4634	0	0	0	6644	0	0	0	0	0	0	0	0	0	242	0	3110	0	416	0	0	0	0	0	0	0	0	0	0	0	0	0	0	0	1886	0	0	0	6306	0	0	0	0	0	0	0	0	748	1700	0	0	0	0	0	0	0	0	0	0	0	1666	292	0	0	0	
437920	Fusiform_L	1368	0	600	0	0	0	0	0	0	0	0	0	0	0	0	0	268	0	780	0	0	0	0	0	0	0	0	0	3244	0	0	0	0	0	1570	568	11550	166	8934	0	2276	0	6010	0	570	0	18182	1060	972	0	6458	0	10274	0	0	306	1252	0	0	0	1032	0	218	0	850	0	5320	0	1054	0	0	0	1190	0	0	0	730	0	1138	0	3782	0	1874	0	5430	0	1822	0	18986	314	26246	1182	4158	462	130	0	13772	470	35006	1796	2142	0	4162	0	1616	0	236	0	0	0	1306	4984	1144	0	0	0	
475436	Fusiform_R	1050	2072	354	7566	0	0	218	2296	0	0	0	458	0	1188	0	422	0	378	354	7838	0	0	0	116	0	0	0	0	146	6252	0	140	0	474	2910	4132	674	36312	256	21092	0	4910	1024	6886	0	1152	1236	12590	0	1944	0	2784	168	6644	306	0	0	196	0	0	0	0	0	0	0	0	0	5080	696	1144	162	0	0	14448	0	304	524	1782	146	186	0	1480	0	2438	0	1870	0	1094	0	17434	172	15864	0	696	0	1516	124	6064	1528	21268	0	0	0	356	0	0	0	0	0	0	618	3660	526	0	0	0	
365840	Postcentral_L	30598	0	8968	200	0	0	3916	0	0	0	4544	0	0	0	0	0	13332	0	7870	2286	0	0	0	0	0	0	0	0	5138	0	130	0	298	2040	328	244	1656	284	0	142	0	0	220	0	128	0	0	0	1288	0	16742	0	768	0	1252	0	0	0	14274	0	17654	0	6458	0	1578	0	9174	0	10572	156	1990	0	400	0	226	0	2192	0	4438	0	4588	0	0	0	5482	0	0	0	1366	0	0	0	0	0	0	0	0	0	0	0	0	0	0	0	0	0	0	0	0	0	0	0	0	0	0	0	
201260	Postcentral_R	302	18020	248	648	0	0	0	746	0	0	0	2140	0	0	0	0	0	3718	266	2456	0	0	0	0	0	0	0	0	0	462	0	0	0	3600	302	454	0	198	0	0	0	0	0	166	0	2580	0	0	0	7134	0	2488	0	0	0	196	0	0	0	5270	0	3954	0	11512	0	3206	0	7382	320	13946	0	266	0	156	0	0	0	318	0	248	0	1476	0	0	0	4088	0	0	0	2364	0	0	0	0	0	0	0	0	0	0	0	0	0	0	0	0	0	0	0	0	0	0	0	0	0	0	
189100	Parietal_Sup_L	1942	0	0	0	0	0	0	0	0	0	0	0	0	0	0	0	0	0	0	0	0	0	0	0	0	0	0	0	318	0	0	0	308	0	0	0	434	0	0	0	0	0	0	0	1402	0	0	0	8926	0	24458	0	0	0	0	0	14274	0	0	0	13316	0	398	0	4664	0	17900	0	5382	0	0	0	0	0	0	0	0	0	112	0	0	0	0	0	426	0	0	0	290	0	0	0	0	0	0	0	0	0	0	0	0	0	0	0	0	0	0	0	0	0	0	0	0	0	0	0	
172804	Parietal_Sup_R	0	334	0	0	0	0	0	0	0	0	0	228	0	0	0	0	0	300	0	474	0	0	0	0	0	0	0	0	0	0	0	0	0	646	0	142	0	0	0	0	0	0	0	274	0	6630	0	142	0	15640	0	10310	0	0	0	0	0	5270	0	0	0	10300	0	1204	0	10528	1418	16814	0	3694	0	0	0	0	0	0	0	0	0	0	0	442	0	0	0	1252	0	0	0	360	0	0	0	0	0	0	0	0	0	0	0	0	0	0	0	0	0	0	0	0	0	0	0	0	0	0	
255948	Parietal_Inf_L	5284	0	0	0	0	0	0	0	0	0	200	0	0	0	0	0	446	0	0	0	0	0	0	0	0	0	0	0	722	0	0	0	0	0	0	0	620	0	0	0	0	0	0	0	0	0	0	0	3424	0	15430	0	766	0	1032	0	17654	0	13316	0	0	0	13074	0	24994	0	5918	0	2314	0	172	0	0	0	0	0	108	0	0	0	1542	0	0	0	13230	0	0	0	7728	0	0	0	0	0	0	0	0	0	0	0	0	0	0	0	0	0	0	0	0	0	0	0	0	0	0	0	
145644	Parietal_Inf_R	0	654	174	148	0	0	0	0	0	0	0	284	0	0	0	0	0	744	198	600	0	0	0	0	0	0	0	0	0	198	0	0	0	512	0	0	0	0	0	0	0	0	0	758	0	670	0	500	0	5410	0	5996	0	0	0	0	0	3954	0	10300	0	0	0	6052	0	21516	0	5210	0	2074	0	0	0	0	0	0	0	0	0	120	0	1676	0	0	0	3776	0	0	0	1298	0	0	0	0	0	0	0	0	0	0	0	0	0	0	0	0	0	0	0	0	0	0	0	0	0	0	
111872	SupraMarginal_L	1568	0	956	0	0	0	166	0	0	0	0	0	0	0	0	0	1892	0	800	284	0	0	0	0	0	0	0	0	172	0	0	0	0	284	0	0	0	0	0	0	0	0	0	0	0	0	0	0	288	0	994	0	0	0	218	0	6458	0	398	0	13074	0	0	0	8058	0	318	0	694	0	0	0	0	0	0	0	0	0	0	0	5352	0	0	0	8736	0	0	0	5226	0	0	0	0	0	0	0	0	0	0	0	0	0	0	0	0	0	0	0	0	0	0	0	0	0	0	0	
97504	SupraMarginal_R	0	2956	0	220	0	0	0	0	0	0	0	768	0	0	0	0	0	4706	0	578	0	0	0	0	0	0	0	0	0	262	0	0	0	0	0	0	0	0	0	0	0	0	0	0	0	252	0	0	0	1732	0	644	0	0	0	0	0	11512	0	1204	0	6052	0	0	0	5794	0	596	0	496	0	0	0	0	0	0	0	0	0	188	0	6686	0	0	0	3316	0	0	0	790	0	0	0	0	0	0	0	0	0	0	0	0	0	0	0	0	0	0	0	0	0	0	0	0	0	0	
184064	Angular_L	348	0	0	0	0	0	0	0	0	0	0	0	0	0	0	0	600	0	0	0	0	0	0	0	0	0	0	0	406	0	0	0	0	0	0	0	240	0	0	0	0	0	178	0	0	0	0	0	4552	0	15138	0	306	0	850	0	1578	0	4664	0	24994	0	8058	0	0	0	4916	0	360	0	0	0	0	0	0	0	0	0	162	0	2178	0	0	0	14330	0	0	0	8174	0	0	0	0	0	0	0	0	0	0	0	0	0	0	0	0	0	0	0	0	0	0	0	0	0	0	0	
186520	Angular_R	0	1082	196	166	0	0	0	0	0	0	0	352	0	0	0	0	0	1290	222	656	0	0	0	0	0	0	0	0	0	302	0	0	108	578	0	174	0	120	0	0	0	0	0	1204	0	950	0	1114	0	9752	0	12172	0	242	0	0	0	3206	0	10528	0	21516	0	5794	0	0	0	6992	0	2258	0	0	0	0	0	0	0	0	0	144	0	3138	0	0	0	7574	0	0	0	1430	0	0	0	0	0	0	0	0	0	0	0	0	0	0	0	0	0	0	0	0	0	0	0	0	0	0	
325704	Precuneus_L	1600	0	0	0	0	0	0	0	0	0	0	0	0	0	0	0	176	0	1052	138	0	0	0	0	0	0	0	0	436	0	544	148	5966	1250	6732	1226	2616	212	1416	0	0	0	12722	0	5656	2164	4666	176	18714	1696	30240	406	3084	0	5320	0	9174	0	17900	1418	5918	0	318	0	4916	0	0	5948	4976	944	0	0	0	0	0	0	0	0	126	0	160	0	0	0	1192	0	0	0	1506	0	0	0	0	0	0	0	0	0	0	0	0	0	0	0	0	0	0	0	0	0	0	0	0	0	0	0	
414512	Precuneus_R	230	1228	120	196	0	0	0	0	0	0	0	166	0	0	0	0	0	284	206	3228	0	0	0	0	0	0	0	0	0	0	0	0	1176	8430	1150	8454	556	4332	524	2780	0	0	366	15198	338	21184	0	10024	0	28082	0	19544	0	3110	0	5080	0	7382	0	16814	0	5210	0	596	0	6992	5948	0	218	15282	0	0	0	0	0	0	128	152	0	0	0	264	0	0	0	5344	0	0	0	6420	0	0	0	0	0	0	0	172	0	0	0	0	0	0	0	0	0	0	0	0	348	0	0	0	0	0	
290268	Paracentral_Lobule_L	36770	202	1382	436	0	0	420	0	0	0	0	0	0	0	0	0	0	0	5216	15934	0	0	0	0	0	0	0	0	0	0	0	476	2330	15580	4068	2598	800	530	0	154	0	0	414	0	312	0	180	0	764	0	8766	208	958	0	1054	696	10572	320	5382	0	2314	0	694	0	360	0	4976	218	0	7486	150	310	300	0	400	0	3752	644	144	0	830	0	0	0	4208	190	0	0	784	852	0	0	0	0	0	0	0	0	0	0	0	0	0	0	0	0	0	0	0	0	0	0	0	0	0	0	
257924	Paracentral_Lobule_R	5658	7104	352	0	0	0	0	0	0	0	0	0	0	0	0	0	0	0	1086	16324	0	0	0	0	0	0	0	0	0	0	0	0	278	17706	1058	1444	0	318	0	122	0	0	0	834	0	4344	0	246	0	8076	0	5896	0	416	0	1144	156	13946	0	3694	0	2074	0	496	0	2258	944	15282	7486	0	0	0	0	0	0	0	0	0	0	144	0	612	0	0	0	5270	0	0	0	4194	0	0	0	0	0	0	0	0	0	0	0	0	0	0	0	0	0	0	0	0	0	0	0	0	0	0	
387708	Caudate_L	8602	2508	17628	4378	2194	2254	4456	2782	1028	0	442	2428	408	260	1090	294	394	0	16784	7466	6850	8608	1506	412	1048	412	3248	2432	2278	632	8066	2708	258	658	0	144	1072	376	148	126	166	0	0	0	0	0	0	0	0	0	112	0	0	0	0	162	1990	0	0	0	172	0	0	0	0	0	0	0	150	0	0	19602	19400	7510	5900	4174	16428	1330	224	0	0	0	0	0	0	0	0	0	0	0	0	0	0	0	0	0	0	0	0	0	0	0	0	0	0	0	0	0	0	156	0	0	0	0	0	0	
422016	Caudate_R	474	3396	3210	21854	280	4760	108	2328	0	216	0	2458	0	842	0	3154	0	0	3382	20738	3624	10836	244	6744	328	8232	374	5460	394	4084	4720	17900	0	1214	0	0	0	750	0	230	0	1476	0	0	0	0	0	0	0	0	0	0	0	0	0	0	0	266	0	0	0	0	0	0	0	0	0	0	310	0	19602	0	8376	24446	1660	5440	1720	15260	0	0	0	0	0	118	0	0	0	0	0	0	0	0	0	0	0	0	0	0	0	0	0	0	0	0	0	0	0	0	0	0	0	0	0	0	0	0	
358492	Putamen_L	2808	0	24854	1388	8554	860	4208	0	2484	0	1630	0	2184	0	3382	0	1316	0	17998	3714	2760	5198	2596	212	1188	0	2116	968	14946	0	7336	1046	170	1862	0	0	6212	0	3086	0	196	0	0	0	0	0	0	0	0	0	0	0	0	0	1190	0	400	0	0	0	0	0	0	0	0	0	0	0	300	0	19400	8376	0	3316	14222	2022	1360	0	196	0	702	0	1816	0	0	0	0	0	674	0	0	0	0	0	0	0	0	0	0	0	0	0	0	0	0	0	0	0	0	0	0	0	0	0	0	0	
500644	Putamen_R	284	358	2440	30098	0	4946	538	7116	0	782	192	4274	0	4140	0	6214	0	1670	2822	22370	1010	2746	402	5924	122	5974	0	2832	130	24334	2858	10456	118	1000	154	286	0	22412	0	11474	0	2328	0	0	0	0	0	0	0	0	0	0	0	0	0	14448	0	156	0	0	0	0	0	0	0	0	0	0	0	0	7510	24446	3316	0	144	4436	1496	3518	0	814	0	2210	0	362	0	792	0	0	0	1266	0	884	0	0	0	142	0	488	0	1090	0	0	0	0	0	0	0	0	0	0	0	0	0	0	0	0	
110164	Pallidum_L	2348	0	8780	880	0	0	3122	0	0	0	216	0	0	0	0	0	518	0	4346	3966	0	1396	0	0	0	0	0	0	330	0	0	0	0	1702	0	0	1450	0	0	0	0	0	0	0	0	0	0	0	0	0	0	0	0	0	0	0	226	0	0	0	0	0	0	0	0	0	0	0	400	0	5900	1660	14222	144	0	916	2444	116	0	0	0	0	0	0	0	0	0	0	0	0	0	0	0	0	0	0	0	0	0	0	0	0	0	0	0	0	0	0	0	0	0	0	0	0	0	0	
62644	Pallidum_R	0	0	198	3826	0	0	0	132	0	0	0	158	0	110	0	0	0	0	290	5018	0	1464	0	0	0	0	0	0	0	116	0	116	0	110	0	0	0	1188	0	968	0	0	0	0	0	0	0	0	0	0	0	0	0	0	0	304	0	0	0	0	0	0	0	0	0	0	0	0	0	0	4174	5440	2022	4436	916	0	108	228	0	0	0	0	0	0	0	0	0	0	0	0	0	0	0	0	0	0	0	0	0	0	0	0	0	0	0	0	0	0	0	0	0	0	0	0	0	0	
219616	Thalamus_L	17984	3596	4638	788	0	0	3990	3320	0	0	226	510	0	0	0	0	1504	0	4146	6486	0	0	0	0	0	0	0	0	4848	432	0	0	166	346	292	1492	6572	2266	1448	484	0	0	0	0	0	0	694	0	0	0	108	0	0	0	730	524	2192	0	0	0	108	0	0	0	0	0	0	128	3752	0	16428	1720	1360	1496	2444	108	0	6590	3024	0	1338	0	0	0	726	0	0	0	640	164	0	0	0	0	0	0	0	0	0	0	0	0	0	0	0	0	0	0	0	0	0	0	0	0	0	0	
166988	Thalamus_R	1320	3040	1108	15006	0	0	360	1206	0	0	0	464	0	0	0	0	0	0	1080	11510	0	122	0	188	0	146	0	112	0	296	0	194	122	146	1164	2966	578	7862	0	3472	0	0	0	0	0	0	0	712	0	0	0	0	0	0	0	1782	0	318	0	0	0	0	0	0	0	0	0	152	644	0	1330	15260	0	3518	116	228	6590	0	0	0	0	0	0	0	0	0	0	0	0	0	0	0	0	0	0	0	0	272	0	110	0	0	0	0	0	0	0	0	0	0	0	0	0	0	0	0	
94336	Heschl_L	5516	0	1456	0	0	0	1058	0	0	0	1620	0	0	0	0	0	6618	0	1310	0	0	0	0	0	0	0	0	0	7138	0	0	0	0	0	534	582	2390	592	0	310	0	0	0	0	0	0	158	0	0	0	186	0	358	0	1138	146	4438	0	112	0	0	0	0	0	162	0	126	0	144	0	224	0	196	0	0	0	3024	0	0	0	5550	0	0	0	1590	0	0	0	492	0	0	0	0	0	0	0	0	0	0	0	0	0	0	0	0	0	0	0	0	0	0	0	0	0	0	0	
31304	Heschl_R	0	238	0	418	0	0	0	426	0	0	0	254	0	0	0	0	0	2772	0	590	0	0	0	0	0	0	0	0	0	3330	0	0	0	0	0	0	0	0	0	0	0	0	0	0	0	0	0	0	0	0	0	0	0	0	0	186	0	248	0	0	0	120	0	188	0	144	0	0	0	144	0	0	0	814	0	0	0	0	0	0	0	4068	0	396	0	830	0	0	0	486	0	0	0	0	0	0	0	0	0	0	0	0	0	0	0	0	0	0	0	0	0	0	0	0	0	0	
211584	Temporal_Sup_L	5110	0	4464	0	0	0	1632	0	0	0	5152	0	994	0	264	0	12042	0	3654	112	0	0	0	0	0	0	0	0	7974	0	0	0	0	0	0	0	2714	0	456	0	0	0	0	0	0	0	0	0	0	0	176	0	0	0	3782	0	4588	0	0	0	1542	0	5352	0	2178	0	160	0	830	0	0	0	702	0	0	0	1338	0	5550	0	0	0	3920	0	19630	0	156	0	11058	0	152	0	0	0	0	0	0	0	110	0	0	0	0	0	0	0	0	0	0	0	0	0	0	0	0	0	
116780	Temporal_Sup_R	0	824	0	1310	0	0	0	1144	0	0	0	654	0	144	0	0	0	3482	0	898	0	0	0	0	0	0	0	0	0	3926	0	0	0	118	0	0	0	1070	0	272	0	0	0	0	0	310	0	0	0	1370	0	334	0	0	0	1480	0	1476	0	442	0	1676	0	6686	0	3138	0	264	0	612	0	0	0	2210	0	0	0	0	0	4068	0	0	0	3012	0	12494	0	636	0	4340	0	0	0	0	0	0	0	0	0	0	0	0	0	0	0	0	0	0	0	0	0	0	0	0	0	0	
125184	Temporal_Pole_Sup_L	226	0	2640	0	698	0	2392	0	380	0	3092	0	4520	0	5212	0	2556	0	1602	0	944	0	220	0	0	0	0	0	8956	0	0	0	0	0	0	0	3262	0	1426	0	1852	0	0	0	0	0	0	0	0	0	0	0	0	0	1874	0	0	0	0	0	0	0	0	0	0	0	0	0	0	0	0	0	1816	0	0	0	0	0	0	0	3920	0	0	0	6012	0	3936	0	5056	0	0	0	0	0	0	0	0	0	0	0	0	0	0	0	0	0	0	0	0	0	0	0	0	0	0	0	
46368	Temporal_Pole_Sup_R	0	0	0	0	0	0	0	0	0	0	0	1140	0	0	0	170	0	1330	0	0	0	286	0	0	0	0	0	0	0	2022	0	168	0	0	0	0	0	1754	0	1438	0	2152	0	0	0	0	0	0	0	0	0	0	0	0	0	2438	0	0	0	0	0	0	0	0	0	0	0	0	0	0	0	118	0	362	0	0	0	0	0	396	0	3012	0	0	0	2360	0	3302	0	736	0	0	0	0	0	0	0	0	0	0	0	0	0	0	0	0	0	0	0	0	0	0	0	0	0	0	
301880	Temporal_Mid_L	4836	0	0	0	0	0	0	0	0	0	0	0	0	0	0	0	2654	0	0	0	0	0	0	0	0	0	0	0	3324	0	0	0	0	0	0	0	2680	0	288	0	0	0	922	0	188	0	148	0	342	0	12472	0	4344	0	5430	0	5482	0	426	0	13230	0	8736	0	14330	0	1192	0	4208	0	0	0	0	0	0	0	726	0	1590	0	19630	0	6012	0	0	0	4022	0	33576	0	152	0	0	0	0	0	0	0	0	0	0	0	0	0	0	0	0	0	0	0	0	0	0	0	0	0	
225912	Temporal_Mid_R	182	2610	0	346	0	0	0	330	0	0	0	1006	0	0	0	0	0	2644	0	1332	0	0	0	0	0	0	0	0	0	2154	0	0	0	1506	152	570	0	1938	0	716	0	526	116	4178	0	1932	0	1206	0	6052	0	11778	0	1886	0	1870	0	4088	0	1252	0	3776	0	3316	0	7574	0	5344	190	5270	0	0	0	792	0	0	0	0	0	830	0	12494	0	2360	0	0	0	2212	0	18428	0	0	0	0	0	0	0	0	0	0	0	0	0	0	0	0	0	0	0	0	0	0	0	0	0	0	
31028	Temporal_Pole_Mid_L	0	0	0	0	0	0	0	0	0	0	0	0	0	0	0	0	0	0	0	0	0	0	0	0	0	0	0	0	244	0	0	0	0	0	0	0	498	0	674	0	194	0	0	0	0	0	0	0	0	0	0	0	0	0	1822	0	0	0	0	0	0	0	0	0	0	0	0	0	0	0	0	0	0	0	0	0	0	0	0	0	156	0	3936	0	4022	0	0	0	3968	0	0	0	0	0	0	0	0	0	0	0	0	0	0	0	0	0	0	0	0	0	0	0	0	0	0	0	
19012	Temporal_Pole_Mid_R	0	0	0	0	0	0	0	0	0	0	0	0	0	0	0	0	0	0	0	0	0	0	0	0	0	0	0	0	0	422	0	0	0	0	0	0	0	230	0	504	0	232	0	0	0	0	0	0	0	0	0	0	0	0	0	1094	0	0	0	0	0	0	0	0	0	0	0	0	0	0	0	0	0	0	0	0	0	0	0	0	0	636	0	3302	0	2212	0	0	0	874	0	0	0	0	0	0	0	0	0	0	0	0	0	0	0	0	0	0	0	0	0	0	0	0	0	0	
285624	Temporal_Inf_L	1162	0	1218	0	0	0	0	0	0	0	126	0	186	0	0	0	868	0	1390	0	0	0	0	0	0	0	0	0	5968	0	0	0	0	0	628	232	8168	0	2342	0	192	0	958	0	0	0	442	0	368	0	3922	0	5844	0	18986	0	1366	0	290	0	7728	0	5226	0	8174	0	1506	0	784	0	0	0	674	0	0	0	640	0	492	0	11058	0	5056	0	33576	0	3968	0	0	150	3648	0	1208	0	0	0	240	0	1798	128	598	0	1056	0	130	0	118	0	0	0	0	200	0	0	0	0	
240016	Temporal_Inf_R	904	2526	124	780	0	0	0	566	0	0	0	374	0	0	0	0	0	758	136	4584	0	0	0	0	0	0	0	0	0	3858	0	0	0	1290	2720	4646	0	6768	0	2356	0	1392	0	5620	0	1270	0	1820	0	3466	0	2224	0	6306	314	17434	0	2364	0	360	0	1298	0	790	0	1430	0	6420	852	4194	0	0	0	1266	0	0	164	0	0	486	0	4340	0	736	0	18428	0	874	150	0	0	2096	0	288	0	108	0	170	0	642	0	0	0	316	0	0	0	0	0	0	0	0	0	0	0	0	
499500	Cerebelum_Crus1_L	0	0	0	0	0	0	0	0	0	0	0	0	0	0	0	0	0	0	0	0	0	0	0	0	0	0	0	0	120	0	0	0	0	0	0	0	434	0	2286	0	0	0	0	0	0	0	9180	860	0	0	0	0	696	0	26246	172	0	0	0	0	0	0	0	0	0	0	0	0	0	0	0	0	0	0	0	0	0	0	0	0	152	0	0	0	152	0	0	0	3648	0	0	5428	36706	2208	1350	0	23288	928	62016	6394	14774	184	21244	388	4950	240	2104	0	172	344	3828	8886	7872	1132	900	468	
550180	Cerebelum_Crus1_R	0	0	0	566	0	0	0	114	0	0	0	0	0	0	0	0	0	0	0	400	0	0	0	0	0	0	0	0	0	166	0	0	0	0	0	0	0	1214	0	686	0	0	0	0	0	0	3148	5060	0	0	0	0	362	0	1182	15864	0	0	0	0	0	0	0	0	0	0	0	0	0	0	0	0	0	884	0	0	0	0	0	0	0	0	0	0	0	0	0	0	0	2096	5428	0	2300	36292	204	7974	4468	23680	7634	66534	290	2008	1122	22210	218	6416	0	1190	426	2334	12604	8662	15444	7966	7108	836	
361080	Cerebelum_Crus2_L	0	0	0	0	0	0	0	0	0	0	0	0	0	0	0	0	0	0	0	0	0	0	0	0	0	0	0	0	0	0	0	0	0	0	0	0	172	0	504	0	0	0	0	0	0	0	1024	130	0	0	0	0	176	0	4158	0	0	0	0	0	0	0	0	0	0	0	0	0	0	0	0	0	0	0	0	0	0	0	0	0	0	0	0	0	0	0	0	0	1208	0	36706	2300	0	6882	410	0	2722	0	8968	1498	43186	3272	38950	2006	8404	130	3476	0	0	0	468	2446	7766	2906	466	206	
352496	Cerebelum_Crus2_R	0	0	0	0	0	0	0	0	0	0	0	0	0	0	0	0	0	0	0	0	0	0	0	0	0	0	0	0	0	0	0	0	0	0	0	0	0	0	0	0	0	0	0	0	0	0	392	154	0	0	0	0	264	0	462	696	0	0	0	0	0	0	0	0	0	0	0	0	0	0	0	0	0	0	0	0	0	0	0	0	0	0	0	0	0	0	0	0	0	288	2208	36292	6882	0	258	2436	826	3286	1650	9264	2500	25732	3086	40992	746	7338	0	1400	130	1002	2662	1480	12416	6936	3924	546	
53684	Cerebelum_3_L	0	0	0	0	0	0	0	0	0	0	0	0	0	0	0	0	0	0	0	0	0	0	0	0	0	0	0	0	0	0	0	0	0	0	0	0	120	0	308	0	0	0	0	0	0	0	290	128	0	0	0	0	0	0	130	0	0	0	0	0	0	0	0	0	0	0	0	0	0	0	0	0	0	0	0	0	0	0	0	0	0	0	0	0	0	0	0	0	0	0	1350	204	410	258	0	154	6418	238	2656	450	166	120	884	280	1906	290	0	0	1124	3382	2256	998	460	760	662	440	
135332	Cerebelum_3_R	0	0	0	114	0	0	0	0	0	0	0	0	0	0	0	0	0	0	0	108	0	0	0	0	0	0	0	0	0	0	0	0	0	0	0	0	0	496	0	726	0	0	0	0	0	0	148	554	0	0	0	0	0	0	0	1516	0	0	0	0	0	0	0	0	0	0	0	0	0	0	0	0	0	142	0	0	0	0	0	0	0	0	0	0	0	0	0	0	0	108	0	7974	0	2436	154	0	1158	11652	1080	10370	0	0	0	1800	246	3982	0	0	276	4312	4732	1082	3610	4086	4804	0	
369028	Cerebelum_4_5_L	0	0	0	0	0	0	0	0	0	0	0	0	0	0	0	0	0	0	0	0	0	0	0	0	0	0	0	0	0	0	0	0	0	0	0	0	826	0	3156	0	0	0	0	0	0	0	11286	2840	0	0	0	0	0	0	13772	124	0	0	0	0	0	0	0	0	0	0	0	0	0	0	0	0	0	0	0	0	0	0	0	0	0	0	0	0	0	0	0	0	240	0	23288	4468	2722	826	6418	1158	0	4938	43742	7422	1826	152	5930	970	7502	1558	168	0	1276	3428	17766	6060	2306	3154	3550	1642	
275456	Cerebelum_4_5_R	0	0	0	234	0	0	0	0	0	0	0	0	0	0	0	0	0	0	0	184	0	0	0	0	0	0	0	0	0	0	0	0	0	0	0	0	0	1694	0	2360	0	0	0	0	0	0	950	3696	0	0	0	0	0	0	470	6064	0	0	0	0	0	0	0	0	0	0	0	172	0	0	0	0	0	488	0	0	0	272	0	0	0	0	0	0	0	0	0	0	0	170	928	23680	0	3286	238	11652	4938	0	3998	33568	0	0	0	4220	206	4084	0	218	108	1678	14944	1360	3618	3958	4184	108	
578752	Cerebelum_6_L	0	0	0	0	0	0	0	0	0	0	0	0	0	0	0	0	0	0	0	0	0	0	0	0	0	0	0	0	0	0	0	0	0	0	0	0	704	0	2904	0	0	0	126	0	0	0	20288	5352	0	0	492	0	3230	748	35006	1528	0	0	0	0	0	0	0	0	0	0	0	0	0	0	0	0	0	0	0	0	0	0	0	0	110	0	0	0	0	0	0	0	1798	0	62016	7634	8968	1650	2656	1080	43742	3998	0	13254	5330	0	10552	732	5602	1282	584	0	896	2044	14486	17982	6510	2302	2834	956	
558332	Cerebelum_6_R	0	0	0	726	0	0	0	132	0	0	0	0	0	0	0	0	0	0	0	534	0	0	0	0	0	0	0	0	0	176	0	0	0	0	0	0	0	1850	152	1102	0	0	0	0	0	0	5704	8762	0	0	0	0	534	1700	1796	21268	0	0	0	0	0	0	0	0	0	0	0	0	0	0	0	0	0	1090	0	0	0	110	0	0	0	0	0	0	0	0	0	0	128	642	6394	66534	1498	9264	450	10370	7422	33568	13254	0	388	140	1644	8450	506	5542	0	304	546	2798	18068	16630	12964	7608	7496	922	
257400	Cerebelum_7b_L	0	0	0	0	0	0	0	0	0	0	0	0	0	0	0	0	0	0	0	0	0	0	0	0	0	0	0	0	0	0	0	0	0	0	0	0	0	0	328	0	0	0	0	0	0	0	196	0	0	0	0	0	0	0	2142	0	0	0	0	0	0	0	0	0	0	0	0	0	0	0	0	0	0	0	0	0	0	0	0	0	0	0	0	0	0	0	0	0	598	0	14774	290	43186	2500	166	0	1826	0	5330	388	0	2368	36686	3038	6028	0	1160	0	0	0	144	792	2860	3900	0	0	
162220	Cerebelum_7b_R	0	0	0	0	0	0	0	0	0	0	0	0	0	0	0	0	0	0	0	0	0	0	0	0	0	0	0	0	0	0	0	0	0	0	0	0	0	0	0	0	0	0	0	0	0	0	0	0	0	0	0	0	0	0	0	0	0	0	0	0	0	0	0	0	0	0	0	0	0	0	0	0	0	0	0	0	0	0	0	0	0	0	0	0	0	0	0	0	0	0	184	2008	3272	25732	120	0	152	0	0	140	2368	0	3014	29006	500	7186	0	388	0	0	0	0	3472	3332	236	0	
390812	Cerebelum_8_L	0	0	0	0	0	0	0	0	0	0	0	0	0	0	0	0	0	0	0	0	0	0	0	0	0	0	0	0	0	0	0	0	0	0	0	0	244	0	858	0	0	0	0	0	0	0	478	0	0	0	0	0	0	0	4162	0	0	0	0	0	0	0	0	0	0	0	0	0	0	0	0	0	0	0	0	0	0	0	0	0	0	0	0	0	0	0	0	0	1056	0	21244	1122	38950	3086	884	0	5930	0	10552	1644	36686	3014	0	7948	26518	2668	6916	142	0	148	700	2888	4150	10650	2656	112	
346588	Cerebelum_8_R	0	0	0	0	0	0	0	0	0	0	0	0	0	0	0	0	0	0	0	0	0	0	0	0	0	0	0	0	0	0	0	0	0	0	0	0	0	0	0	0	0	0	0	0	0	0	0	0	0	0	0	0	0	0	0	356	0	0	0	0	0	0	0	0	0	0	0	0	0	0	0	0	0	0	0	0	0	0	0	0	0	0	0	0	0	0	0	0	0	316	388	22210	2006	40992	280	1800	970	4220	732	8450	3038	29006	7948	0	2252	22912	0	3232	0	568	2674	462	4778	10090	3364	250	
189868	Cerebelum_9_L	0	0	0	0	0	0	0	0	0	0	0	0	0	0	0	0	0	0	0	0	0	0	0	0	0	0	0	0	0	0	0	0	0	0	0	0	158	0	648	0	0	0	0	0	0	0	196	0	0	0	0	0	0	0	1616	0	0	0	0	0	0	0	0	0	0	0	0	0	0	0	0	0	0	0	0	0	0	0	0	0	0	0	0	0	0	0	0	0	130	0	4950	218	8404	746	1906	246	7502	206	5602	506	6028	500	26518	2252	0	2968	7652	0	334	748	1756	2100	1700	4580	3610	1154	
211540	Cerebelum_9_R	0	0	0	0	0	0	0	0	0	0	0	0	0	0	0	0	0	0	0	0	0	0	0	0	0	0	0	0	0	0	0	0	0	0	0	0	0	0	0	0	0	0	0	0	0	0	134	166	0	0	0	0	0	0	0	0	0	0	0	0	0	0	0	0	0	0	0	0	0	0	0	0	0	0	0	0	0	0	0	0	0	0	0	0	0	0	0	0	0	0	240	6416	130	7338	290	3982	1558	4084	1282	5542	0	7186	2668	22912	2968	0	0	2526	704	2684	4138	1614	5858	9030	10394	1926	
44828	Cerebelum_10_L	0	0	0	0	0	0	0	0	0	0	0	0	0	0	0	0	0	0	0	0	0	0	0	0	0	0	0	0	0	0	0	0	0	0	0	0	0	0	0	0	0	0	0	0	0	0	0	0	0	0	0	0	0	0	236	0	0	0	0	0	0	0	0	0	0	0	0	0	0	0	0	0	0	0	0	0	0	0	0	0	0	0	0	0	0	0	0	0	118	0	2104	0	3476	0	0	0	168	0	584	0	1160	0	6916	0	7652	0	0	0	0	0	0	0	0	0	0	0	
19420	Cerebelum_10_R	0	0	0	0	0	0	0	0	0	0	0	0	0	0	0	0	0	0	0	0	0	0	0	0	0	0	0	0	0	0	0	0	0	0	0	0	0	0	0	0	0	0	0	0	0	0	0	0	0	0	0	0	0	0	0	0	0	0	0	0	0	0	0	0	0	0	0	0	0	0	0	0	0	0	0	0	0	0	0	0	0	0	0	0	0	0	0	0	0	0	0	1190	0	1400	0	0	0	218	0	304	0	388	142	3232	0	2526	0	0	0	0	112	0	0	198	0	0	
36372	Vermis_1_2	0	0	0	0	0	0	0	0	0	0	0	0	0	0	0	0	0	0	0	0	0	0	0	0	0	0	0	0	0	0	0	0	0	0	0	0	0	0	0	0	0	0	0	0	0	0	154	134	0	0	0	0	0	0	0	0	0	0	0	0	0	0	0	0	0	0	0	0	0	0	0	0	0	0	0	0	0	0	0	0	0	0	0	0	0	0	0	0	0	0	172	426	0	130	1124	276	1276	108	896	546	0	0	0	0	334	704	0	0	0	4918	1900	998	630	1268	1376	816	
100384	Vermis_3	0	0	142	0	0	0	0	0	0	0	0	0	0	0	0	0	0	0	142	0	0	0	0	0	0	0	0	0	0	0	0	0	0	0	0	0	0	0	132	0	0	0	0	0	0	0	354	330	0	0	0	0	0	0	0	0	0	0	0	0	0	0	0	0	0	0	0	0	0	0	156	0	0	0	0	0	0	0	0	0	0	0	0	0	0	0	0	0	0	0	344	2334	0	1002	3382	4312	3428	1678	2044	2798	0	0	148	568	748	2684	0	0	4918	0	4822	1922	2442	3698	4398	1266	
