data	data	500164	348084	1.07758e+06	846228	249504	153692	636472	332928	130064	50112	275468	187620	320572	142416	180552	76376	185760	63780	961920	918008	111216	109880	676432	568516	53772	187156	38176	132384	755488	266848	582900	785960	362796	794608	129864	118772	308744	324768	133088	165120	60176	66116	162620	295216	126756	427700	184436	248536	310372	455112	618436	270296	140568	57148	286248	415608	268224	211264	416640	169004	267644	136932	116200	101440	178876	129180	343052	468168	323548	251872	363544	461804	499760	461324	45156	74024	83940	177020	88184	11996	182440	67068	107268	43116	376180	150500	27664	19388	273940	230168	440100	435496	365752	301632	17944	41764	269292	207864	418392	438136	268360	132168	260780	258848	75700	109732	16532	4756	19628	70484	198780	214388	226796	115396	69976	46032	
data	data	Precentral_L	Precentral_R	Frontal_Sup_L	Frontal_Sup_R	Frontal_Sup_Orb_L	Frontal_Sup_Orb_R	Frontal_Mid_L	Frontal_Mid_R	Frontal_Mid_Orb_L	Frontal_Mid_Orb_R	Frontal_Inf_Oper_L	Frontal_Inf_Oper_R	Frontal_Inf_Tri_L	Frontal_Inf_Tri_R	Frontal_Inf_Orb_L	Frontal_Inf_Orb_R	Rolandic_Oper_L	Rolandic_Oper_R	Supp_Motor_Area_L	Supp_Motor_Area_R	Olfactory_L	Olfactory_R	Frontal_Sup_Medial_L	Frontal_Sup_Medial_R	Frontal_Med_Orb_L	Frontal_Med_Orb_R	Rectus_L	Rectus_R	Insula_L	Insula_R	Cingulum_Ant_L	Cingulum_Ant_R	Cingulum_Mid_L	Cingulum_Mid_R	Cingulum_Post_L	Cingulum_Post_R	Hippocampus_L	Hippocampus_R	ParaHippocampal_L	ParaHippocampal_R	Amygdala_L	Amygdala_R	Calcarine_L	Calcarine_R	Cuneus_L	Cuneus_R	Lingual_L	Lingual_R	Occipital_Sup_L	Occipital_Sup_R	Occipital_Mid_L	Occipital_Mid_R	Occipital_Inf_L	Occipital_Inf_R	Fusiform_L	Fusiform_R	Postcentral_L	Postcentral_R	Parietal_Sup_L	Parietal_Sup_R	Parietal_Inf_L	Parietal_Inf_R	SupraMarginal_L	SupraMarginal_R	Angular_L	Angular_R	Precuneus_L	Precuneus_R	Paracentral_Lobule_L	Paracentral_Lobule_R	Caudate_L	Caudate_R	Putamen_L	Putamen_R	Pallidum_L	Pallidum_R	Thalamus_L	Thalamus_R	Heschl_L	Heschl_R	Temporal_Sup_L	Temporal_Sup_R	Temporal_Pole_Sup_L	Temporal_Pole_Sup_R	Temporal_Mid_L	Temporal_Mid_R	Temporal_Pole_Mid_L	Temporal_Pole_Mid_R	Temporal_Inf_L	Temporal_Inf_R	Cerebelum_Crus1_L	Cerebelum_Crus1_R	Cerebelum_Crus2_L	Cerebelum_Crus2_R	Cerebelum_3_L	Cerebelum_3_R	Cerebelum_4_5_L	Cerebelum_4_5_R	Cerebelum_6_L	Cerebelum_6_R	Cerebelum_7b_L	Cerebelum_7b_R	Cerebelum_8_L	Cerebelum_8_R	Cerebelum_9_L	Cerebelum_9_R	Cerebelum_10_L	Cerebelum_10_R	Vermis_1_2	Vermis_3	Vermis_4_5	Vermis_6	Vermis_7	Vermis_8	Vermis_9	Vermis_10	
500164	Precentral_L	0	2600	17914	2170	0	0	26046	156	0	0	15954	136	3046	0	0	0	10080	0	10530	12274	0	0	652	224	0	0	0	0	16040	0	3392	1034	906	5780	1390	1106	7648	318	552	0	0	0	0	0	0	0	0	0	612	0	4544	0	1304	0	850	0	29372	0	2556	0	7898	0	2542	0	1528	0	272	0	22632	4576	3362	928	3298	986	894	582	6976	1298	4270	0	1926	0	0	0	4228	0	0	0	2700	0	0	0	0	0	0	0	0	0	0	0	0	0	0	0	0	0	0	0	0	0	0	0	0	0	0	0	
348084	Precentral_R	2600	0	408	22242	0	0	244	10704	0	0	0	8746	0	848	0	0	0	554	3398	8586	0	0	118	104	0	0	0	0	150	4354	0	1496	900	1360	934	908	1164	10554	534	2230	0	0	0	508	0	446	0	654	0	456	0	218	0	244	0	3784	136	25626	0	106	0	1604	0	4438	0	218	0	846	4130	5218	696	6960	226	4704	0	380	2870	19596	0	0	0	600	0	0	0	974	0	0	0	5268	0	0	0	0	0	0	0	0	0	0	0	0	0	0	0	0	0	0	0	0	0	0	0	0	0	0	
1.07758e+06	Frontal_Sup_L	17914	408	0	6774	19026	254	97752	388	4030	0	13026	310	24394	0	6086	0	6244	0	81914	8540	0	0	59640	12192	2366	366	0	0	46512	276	26852	11350	8628	7522	174	130	11456	444	374	202	0	0	0	0	0	0	0	0	0	0	474	0	168	0	348	0	1892	0	268	0	424	0	0	0	204	0	0	0	1518	0	10322	1606	28556	1920	1760	1026	5996	478	1326	0	1970	0	700	0	660	0	0	0	1628	0	0	0	0	0	0	0	0	0	0	0	0	0	0	0	0	0	0	0	0	0	0	0	0	0	0	0	
846228	Frontal_Sup_R	2170	22242	6774	0	644	9312	3382	39912	0	966	182	2934	132	4980	0	2618	0	1148	15676	54380	130	440	18214	49830	318	8586	0	1966	1172	5640	12034	41272	5034	25134	216	166	392	3032	136	960	0	0	0	0	0	0	0	0	0	0	0	0	0	0	0	748	126	678	0	0	0	0	0	0	0	0	0	0	2830	0	4718	26932	1162	21086	0	6588	2298	13630	0	0	0	0	0	0	0	0	0	0	0	194	0	0	0	0	0	0	0	0	0	0	0	0	0	0	0	0	0	0	0	0	0	0	0	0	0	0	
249504	Frontal_Sup_Orb_L	0	0	19026	644	0	0	6270	0	15876	0	262	0	4382	0	14198	0	0	0	1878	154	2660	178	8384	1622	4384	222	3874	130	8544	0	9216	1602	258	240	0	0	0	178	110	0	322	0	0	0	0	0	0	0	0	0	0	0	0	0	0	0	0	0	0	0	0	0	0	0	0	0	0	0	0	0	3432	448	14546	392	0	126	370	0	0	0	0	0	824	0	0	0	0	0	0	0	0	0	0	0	0	0	0	0	0	0	0	0	0	0	0	0	0	0	0	0	0	0	0	0	0	0	
153692	Frontal_Sup_Orb_R	0	0	254	9312	0	0	152	2972	0	5284	0	0	0	1016	0	4556	0	0	322	650	772	2700	806	6524	722	12878	0	11140	108	1718	2198	2856	346	1618	0	0	0	0	0	0	0	108	0	0	0	0	0	0	0	0	0	0	0	0	0	0	0	0	0	0	0	0	0	0	0	0	0	0	0	0	1450	1576	850	3958	0	0	0	0	0	0	0	0	0	0	0	0	0	0	0	0	0	0	0	0	0	0	0	0	0	0	0	0	0	0	0	0	0	0	0	0	0	0	0	0	0	0	
636472	Frontal_Mid_L	26046	244	97752	3382	6270	152	0	320	2856	0	12640	222	42514	0	4022	0	1212	0	21100	2580	0	0	20772	4512	0	140	0	0	17210	124	11008	5258	3292	4754	118	106	4102	128	226	0	0	0	0	0	0	0	0	0	0	0	330	0	144	0	176	0	2546	0	202	0	836	0	0	0	156	0	0	0	194	0	3776	1034	6954	1298	832	846	2890	302	1034	0	330	0	138	0	416	0	0	0	740	0	0	0	0	0	0	0	0	0	0	0	0	0	0	0	0	0	0	0	0	0	0	0	0	0	0	0	
332928	Frontal_Mid_R	156	10704	388	39912	0	2972	320	0	0	2624	0	13888	0	17450	0	4680	0	260	4532	8808	0	0	1764	5564	0	938	0	246	266	6000	602	9428	1394	8072	136	160	118	1934	0	402	0	0	0	100	0	0	0	132	0	0	0	0	0	0	0	742	0	236	0	0	0	0	0	120	0	0	0	136	120	0	672	2216	452	11140	0	1710	0	3096	0	0	0	184	0	0	0	212	0	0	0	1478	0	0	0	0	0	0	0	0	0	0	0	0	0	0	0	0	0	0	0	0	0	0	0	0	0	0	
130064	Frontal_Mid_Orb_L	0	0	4030	0	15876	0	2856	0	0	0	346	0	4152	0	19596	0	0	0	796	0	982	0	204	0	0	0	2612	0	6214	0	0	0	0	0	0	0	0	0	0	0	0	0	0	0	0	0	0	0	0	0	0	0	0	0	0	0	0	0	0	0	0	0	0	0	0	0	0	0	0	0	224	0	6532	0	0	0	0	0	0	0	0	0	612	0	0	0	0	0	0	0	0	0	0	0	0	0	0	0	0	0	0	0	0	0	0	0	0	0	0	0	0	0	0	0	0	0	
50112	Frontal_Mid_Orb_R	0	0	0	966	0	5284	0	2624	0	0	0	0	0	1570	0	7244	0	0	212	596	0	316	0	0	0	204	0	1306	0	2094	0	98	0	0	0	0	0	104	0	0	0	0	0	0	0	0	0	0	0	0	0	0	0	0	0	0	0	0	0	0	0	0	0	0	0	0	0	0	0	0	0	564	0	1874	0	0	0	0	0	0	0	0	0	0	0	0	0	0	0	0	0	0	0	0	0	0	0	0	0	0	0	0	0	0	0	0	0	0	0	0	0	0	0	0	0	0	
275468	Frontal_Inf_Oper_L	15954	0	13026	182	262	0	12640	0	346	0	0	0	18790	0	560	0	10834	0	10934	406	0	0	1594	136	0	0	0	0	28570	0	928	224	224	140	0	0	1996	0	0	0	0	0	0	0	0	0	0	0	0	0	336	0	0	0	0	0	5222	0	256	0	1334	0	124	0	236	0	0	0	106	0	696	0	3632	130	0	100	0	0	1378	0	2884	0	2288	0	522	0	0	0	744	0	0	0	0	0	0	0	0	0	0	0	0	0	0	0	0	0	0	0	0	0	0	0	0	0	0	0	
187620	Frontal_Inf_Oper_R	136	8746	310	2934	0	0	222	13888	0	0	0	0	0	10452	0	132	0	2452	1628	2746	0	0	762	1100	0	0	0	0	320	11698	932	8590	912	2758	200	260	172	2670	120	620	0	0	0	280	0	100	0	278	0	114	0	0	0	0	0	1200	0	1704	0	0	0	0	0	158	0	0	0	392	0	0	712	2326	342	5958	0	302	0	1384	0	98	0	410	0	294	0	460	0	0	0	2538	0	0	0	0	0	0	0	0	0	0	0	0	0	0	0	0	0	0	0	0	0	0	0	0	0	0	
320572	Frontal_Inf_Tri_L	3046	0	24394	132	4382	0	42514	0	4152	0	18790	0	0	0	9848	0	1742	0	8148	144	0	0	2392	264	0	0	0	0	26250	0	1316	458	600	410	0	0	1410	0	0	0	0	0	0	0	0	0	0	0	0	0	104	0	0	0	0	0	752	0	0	0	0	0	0	0	0	0	0	0	0	0	882	170	5472	140	0	0	0	0	102	0	962	0	706	0	218	0	0	0	386	0	0	0	0	0	0	0	0	0	0	0	0	0	0	0	0	0	0	0	0	0	0	0	0	0	0	0	
142416	Frontal_Inf_Tri_R	0	848	0	4980	0	1016	0	17450	0	1570	0	10452	0	0	0	5610	0	232	392	946	0	0	414	1118	0	112	0	0	0	11178	820	3648	452	1180	0	0	0	360	0	116	0	0	0	0	0	0	0	0	0	0	0	0	0	0	0	0	0	0	0	0	0	0	0	0	0	0	0	0	0	0	158	1988	0	6168	0	0	0	0	0	0	0	0	0	0	0	0	0	0	0	0	0	0	0	0	0	0	0	0	0	0	0	0	0	0	0	0	0	0	0	0	0	0	0	0	0	0	
180552	Frontal_Inf_Orb_L	0	0	6086	0	14198	0	4022	0	19596	0	560	0	9848	0	0	0	0	0	1248	0	2808	176	320	0	0	0	844	120	14872	0	150	0	0	0	0	0	286	0	350	0	462	0	0	0	0	0	0	0	0	0	0	0	0	0	170	0	0	0	0	0	0	0	0	0	0	0	0	0	0	0	804	0	10216	0	0	0	0	0	0	0	122	0	3018	0	0	0	0	0	0	0	0	0	0	0	0	0	0	0	0	0	0	0	0	0	0	0	0	0	0	0	0	0	0	0	0	0	
76376	Frontal_Inf_Orb_R	0	0	0	2618	0	4556	0	4680	0	7244	0	132	0	5610	0	0	0	0	426	1326	0	228	0	102	0	458	0	644	0	4680	0	320	0	166	0	0	0	130	0	0	0	0	0	0	0	0	0	0	0	0	0	0	0	0	0	184	0	0	0	0	0	0	0	0	0	0	0	0	0	0	148	1518	102	2292	0	134	0	0	0	0	0	0	0	346	0	0	0	0	0	144	0	0	0	0	0	0	0	0	0	0	0	0	0	0	0	0	0	0	0	0	0	0	0	0	0	0	
185760	Rolandic_Oper_L	10080	0	6244	0	0	0	1212	0	0	0	10834	0	1742	0	0	0	0	0	6124	214	0	0	696	0	0	0	0	0	18122	0	0	0	114	0	0	0	350	0	0	0	0	0	0	0	0	0	0	0	0	0	1604	0	98	0	0	0	8844	0	1372	0	736	0	3176	0	1122	0	0	0	204	0	1558	0	700	0	0	0	0	0	4222	0	8016	0	1124	0	3114	0	0	0	1258	0	0	0	0	0	0	0	0	0	0	0	0	0	0	0	0	0	0	0	0	0	0	0	0	0	0	0	
63780	Rolandic_Oper_R	0	554	0	1148	0	0	0	260	0	0	0	2452	0	232	0	0	0	0	266	1316	0	0	0	102	0	0	0	0	0	8596	0	402	0	188	0	0	0	494	0	0	0	0	0	134	0	318	0	0	0	322	0	0	0	0	0	420	0	3286	0	320	0	0	0	1462	0	356	0	382	206	196	102	572	0	2940	0	124	0	0	0	1180	0	1472	0	464	0	494	0	0	0	1130	0	0	0	0	0	0	0	0	0	0	0	0	0	0	0	0	0	0	0	0	0	0	0	0	0	0	
961920	Supp_Motor_Area_L	10530	3398	81914	15676	1878	322	21100	4532	796	212	10934	1628	8148	392	1248	426	6124	266	0	64540	0	0	26980	9628	102	390	0	0	29582	1378	12674	15054	25148	36262	1488	624	8080	350	0	0	0	0	0	0	0	0	0	0	172	0	1208	0	0	0	196	114	1260	0	1024	0	244	0	178	0	0	0	222	0	18764	856	10966	6110	21530	2582	5046	962	1978	860	632	0	1926	0	610	0	438	0	0	0	1140	138	0	0	0	0	0	0	0	0	0	0	0	0	0	0	0	0	0	0	0	0	0	0	0	0	0	0	
918008	Supp_Motor_Area_R	12274	8586	8540	54380	154	650	2580	8808	0	596	406	2746	144	946	0	1326	214	1316	64540	0	0	110	9362	13910	0	2046	0	410	1320	4038	6214	25990	17836	65406	1730	5200	430	2072	0	452	0	0	0	900	0	4076	0	0	0	4630	246	670	0	0	0	1442	296	1666	214	450	0	0	0	238	0	0	530	5338	24556	24780	5816	26164	842	14582	0	4588	136	6830	0	110	0	420	0	0	0	1984	0	0	0	2768	0	0	0	0	0	0	0	0	0	0	0	0	0	0	0	0	0	0	0	0	0	0	0	0	0	0	
111216	Olfactory_L	0	0	0	130	2660	772	0	0	982	0	0	0	0	0	2808	0	0	0	0	0	0	5876	0	224	0	998	2360	3064	4716	0	2754	2582	0	0	0	0	1984	0	2302	0	2382	0	0	0	0	0	0	0	0	0	0	0	0	0	930	0	0	0	0	0	0	0	0	0	0	0	0	0	0	0	7678	3778	3708	312	0	0	0	0	0	0	134	0	2474	0	0	0	0	0	0	0	0	0	0	0	0	0	0	0	0	0	0	0	0	0	0	0	0	0	0	0	0	0	0	0	0	0	
109880	Olfactory_R	0	0	0	440	178	2700	0	0	0	316	0	0	0	0	176	228	0	0	0	110	5876	0	0	864	0	2624	1258	5868	170	1880	2482	3034	0	0	0	0	0	470	0	302	0	1906	0	0	0	0	0	0	0	0	0	0	0	0	0	0	0	0	0	0	0	0	0	0	0	0	0	0	0	0	9702	7412	5320	1406	218	0	0	0	0	0	0	0	0	0	0	0	0	0	0	0	0	0	0	0	0	0	0	0	0	0	0	0	0	0	0	0	0	0	0	0	0	0	0	0	0	0	
676432	Frontal_Sup_Medial_L	652	118	59640	18214	8384	806	20772	1764	204	0	1594	762	2392	414	320	0	696	0	26980	9362	0	0	0	38798	4250	1618	114	456	8804	550	42358	35100	15428	27266	138	0	0	266	0	104	0	0	0	0	0	0	0	0	0	0	0	0	0	0	0	110	0	0	0	0	0	0	0	0	0	0	0	0	0	0	1212	2458	3702	1838	0	284	0	0	0	0	130	0	158	0	0	0	0	0	0	0	0	0	0	0	0	0	0	0	0	0	0	0	0	0	0	0	0	0	0	0	0	0	0	0	0	0	
568516	Frontal_Sup_Medial_R	224	104	12192	49830	1622	6524	4512	5564	0	0	136	1100	264	1118	0	102	0	102	9628	13910	224	864	38798	0	1102	12138	0	4212	1474	1850	21514	43264	4592	28652	0	0	0	378	0	230	0	0	0	0	0	0	0	0	0	0	0	0	0	0	0	210	0	0	0	0	0	0	0	0	0	0	0	0	0	0	1166	8052	1140	7224	0	242	0	0	0	0	0	0	0	0	0	0	0	0	0	0	0	0	0	0	0	0	0	0	0	0	0	0	0	0	0	0	0	0	0	0	0	0	0	0	0	0	
53772	Frontal_Med_Orb_L	0	0	2366	318	4384	722	0	0	0	0	0	0	0	0	0	0	0	0	102	0	0	0	4250	1102	0	1940	738	1222	0	0	6512	704	0	0	0	0	0	0	0	0	0	0	0	0	0	0	0	0	0	0	0	0	0	0	0	0	0	0	0	0	0	0	0	0	0	0	0	0	0	0	682	0	1844	0	0	0	0	0	0	0	0	0	0	0	0	0	0	0	0	0	0	0	0	0	0	0	0	0	0	0	0	0	0	0	0	0	0	0	0	0	0	0	0	0	0	0	
187156	Frontal_Med_Orb_R	0	0	366	8586	222	12878	140	938	0	204	0	0	0	112	0	458	0	0	390	2046	998	2624	1618	12138	1940	0	298	12516	142	426	4306	9842	298	1536	0	0	0	0	0	0	0	0	0	0	0	0	0	0	0	0	0	0	0	0	0	0	0	0	0	0	0	0	0	0	0	0	0	0	0	0	1882	6428	890	9356	0	0	0	0	0	0	0	0	0	0	0	0	0	0	0	0	0	0	0	0	0	0	0	0	0	0	0	0	0	0	0	0	0	0	0	0	0	0	0	0	0	0	
38176	Rectus_L	0	0	0	0	3874	0	0	0	2612	0	0	0	0	0	844	0	0	0	0	0	2360	1258	114	0	738	298	0	1254	186	0	1608	982	0	0	0	0	0	0	0	0	0	0	0	0	0	0	0	0	0	0	0	0	0	0	0	0	0	0	0	0	0	0	0	0	0	0	0	0	0	0	1740	420	800	0	0	0	0	0	0	0	0	0	0	0	0	0	0	0	0	0	0	0	0	0	0	0	0	0	0	0	0	0	0	0	0	0	0	0	0	0	0	0	0	0	0	0	
132384	Rectus_R	0	0	0	1966	130	11140	0	246	0	1306	0	0	0	0	120	644	0	0	0	410	3064	5868	456	4212	1222	12516	1254	0	0	408	2772	4740	0	328	0	0	0	0	0	0	0	116	0	0	0	0	0	0	0	0	0	0	0	0	0	0	0	0	0	0	0	0	0	0	0	0	0	0	0	0	3926	4222	1662	3464	0	0	0	0	0	0	0	0	0	0	0	0	0	0	0	0	0	0	0	0	0	0	0	0	0	0	0	0	0	0	0	0	0	0	0	0	0	0	0	0	0	0	
755488	Insula_L	16040	150	46512	1172	8544	108	17210	266	6214	0	28570	320	26250	0	14872	0	18122	0	29582	1320	4716	170	8804	1474	0	142	186	0	0	536	8238	2954	1512	1150	192	162	18950	366	2132	132	2802	0	0	0	0	0	0	0	342	0	2688	0	562	0	2006	0	7066	0	1792	0	1228	0	540	0	830	0	0	0	496	0	9490	1406	35498	1448	0	556	836	628	9302	0	10158	0	9314	0	4518	0	98	0	7072	0	0	0	0	0	0	0	0	0	0	0	0	0	0	0	0	0	0	0	0	0	0	0	0	0	0	0	
266848	Insula_R	0	4354	276	5640	0	1718	124	6000	0	2094	0	11698	0	11178	0	4680	0	8596	1378	4038	0	1880	550	1850	0	426	0	408	536	0	1448	5720	442	1712	0	192	0	5862	0	1792	0	2542	0	182	0	0	0	134	0	0	0	0	0	0	0	2932	0	4350	0	0	0	0	0	0	0	0	0	370	402	162	1250	4442	584	22410	0	126	0	128	0	1130	0	2502	0	1044	0	586	0	0	0	3556	0	0	0	0	0	0	0	0	0	0	0	0	0	0	0	0	0	0	0	0	0	0	0	0	0	0	
582900	Cingulum_Ant_L	3392	0	26852	12034	9216	2198	11008	602	0	0	928	932	1316	820	150	0	0	0	12674	6214	2754	2482	42358	21514	6512	4306	1608	2772	8238	1448	0	42738	12272	14924	190	0	0	324	0	140	0	0	0	0	0	0	0	0	0	0	0	0	0	0	0	116	344	0	0	0	138	0	0	0	0	0	0	0	0	0	13180	6910	13708	3822	0	316	0	0	0	0	0	0	0	0	0	0	0	0	0	0	0	0	0	0	0	0	0	0	0	0	0	0	0	0	0	0	0	0	0	0	0	0	0	0	0	0	
785960	Cingulum_Ant_R	1034	1496	11350	41272	1602	2856	5258	9428	0	98	224	8590	458	3648	0	320	0	402	15054	25990	2582	3034	35100	43264	704	9842	982	4740	2954	5720	42738	0	13020	41870	184	118	0	1664	0	540	0	0	0	0	0	0	0	98	0	0	0	0	0	0	0	662	128	0	0	0	0	0	0	0	0	0	0	0	0	0	6860	24316	3806	16384	0	904	0	998	0	0	0	0	0	0	0	0	0	0	0	688	0	0	0	0	0	0	0	0	0	0	0	0	0	0	0	0	0	0	0	0	0	0	0	0	0	0	
362796	Cingulum_Mid_L	906	900	8628	5034	258	346	3292	1394	0	0	224	912	600	452	0	0	114	0	25148	17836	0	0	15428	4592	0	298	0	0	1512	442	12272	13020	0	29238	4688	1272	108	338	0	130	0	0	478	346	758	648	0	0	3042	558	4436	0	390	0	112	152	128	0	3434	0	274	0	0	0	124	0	6814	1380	3202	834	322	1356	462	1160	0	296	0	334	0	0	0	0	0	0	620	0	0	0	356	0	0	0	0	0	0	0	0	0	0	0	0	0	0	0	0	0	0	0	0	0	0	0	0	0	0	0	
794608	Cingulum_Mid_R	5780	1360	7522	25134	240	1618	4754	8072	0	0	140	2758	410	1180	0	166	0	188	36262	65406	0	0	27266	28652	0	1536	0	328	1150	1712	14924	41870	29238	0	1422	9038	0	1120	0	416	0	0	0	2396	0	6946	0	196	0	6624	164	930	0	0	0	964	0	632	160	452	0	100	0	0	0	0	1392	12470	14756	17474	772	3338	342	3676	0	640	0	442	0	0	0	184	0	0	0	1226	0	0	0	1366	0	0	0	0	0	0	0	0	0	0	0	0	0	0	0	0	0	0	0	0	0	0	0	0	0	0	
129864	Cingulum_Post_L	1390	934	174	216	0	0	118	136	0	0	0	200	0	0	0	0	0	0	1488	1730	0	0	138	0	0	0	0	0	192	0	190	184	4688	1422	0	6240	4962	2916	3842	1272	0	0	3872	0	2446	0	1600	0	646	0	2280	0	2068	0	1018	392	0	0	684	0	0	0	0	0	0	0	7064	632	3434	1088	0	0	0	0	0	0	0	1428	168	0	0	0	0	0	1468	0	0	0	2212	0	0	0	0	0	0	0	0	0	0	0	0	0	0	0	0	0	0	0	0	0	0	0	0	0	0	0	
118772	Cingulum_Post_R	1106	908	130	166	0	0	106	160	0	0	0	260	0	0	0	0	0	0	624	5200	0	0	0	0	0	0	0	0	162	192	0	118	1272	9038	6240	0	3072	5684	2124	2626	0	0	0	656	0	192	458	672	0	142	0	0	0	126	0	2070	0	108	0	0	0	0	0	0	0	0	724	6470	1170	3180	0	0	0	0	0	0	0	1452	142	0	0	0	0	0	0	0	0	0	0	2636	0	0	0	0	0	0	0	0	0	0	0	0	0	0	0	0	0	0	0	0	0	0	0	0	0	0	
308744	Hippocampus_L	7648	1164	11456	392	0	0	4102	118	0	0	1996	172	1410	0	286	0	350	0	8080	430	1984	0	0	0	0	0	0	0	18950	0	0	0	108	0	4962	3072	0	2926	19610	1312	9306	0	1580	0	0	0	2620	364	0	0	0	0	0	0	11076	338	480	0	0	0	240	0	0	0	0	0	2260	206	286	0	626	0	8938	122	522	0	3378	2052	1914	0	2788	0	2338	0	1388	0	0	0	10456	0	0	0	0	0	156	0	208	0	0	0	0	0	0	0	0	0	0	0	0	202	0	0	0	0	0	0	
324768	Hippocampus_R	318	10554	444	3032	178	0	128	1934	0	104	0	2670	0	360	0	130	0	494	350	2072	0	470	266	378	0	0	0	0	366	5862	324	1664	338	1120	2916	5684	2926	0	2190	26158	0	12342	0	1472	0	236	506	3262	0	236	0	176	0	718	0	27870	0	1432	0	0	0	0	0	0	0	0	0	4622	0	514	664	312	430	15414	0	232	0	3638	108	134	0	632	0	900	0	1206	0	0	0	11254	0	0	0	0	0	146	0	0	0	498	0	0	0	0	0	0	0	0	0	0	0	0	0	0	0	0	
133088	ParaHippocampal_L	552	534	374	136	110	0	226	0	0	0	0	120	0	0	350	0	0	0	0	0	2302	0	0	0	0	0	0	0	2132	0	0	0	0	0	3842	2124	19610	2190	0	1082	5858	0	1316	0	0	0	3024	218	0	0	0	0	0	0	7812	222	0	0	0	0	0	0	0	0	0	0	1898	164	0	0	0	0	1276	0	264	0	816	892	0	0	192	0	1932	0	0	0	312	0	1714	0	288	0	0	0	440	0	1162	0	818	0	0	0	0	0	0	0	0	0	98	144	0	0	0	0	0	0	
165120	ParaHippocampal_R	0	2230	202	960	0	0	0	402	0	0	0	620	0	116	0	0	0	0	0	452	0	302	104	230	0	0	0	0	132	1792	140	540	130	416	1272	2626	1312	26158	1082	0	0	6614	0	802	0	216	420	2360	0	216	0	170	0	668	0	16458	0	0	0	0	0	0	0	0	0	0	0	2492	0	0	308	150	212	5924	0	150	0	1474	0	0	0	0	0	394	0	144	0	110	0	1550	0	0	0	0	0	0	0	132	0	378	0	0	0	0	0	0	0	0	0	0	0	0	0	0	0	0	
60176	Amygdala_L	0	0	0	0	322	0	0	0	0	0	0	0	0	0	462	0	0	0	0	0	2382	0	0	0	0	0	0	0	2802	0	0	0	0	0	0	0	9306	0	5858	0	0	0	0	0	0	0	0	0	0	0	0	0	0	0	4340	0	0	0	0	0	0	0	0	0	0	0	0	0	0	0	112	0	424	0	0	0	0	0	0	0	190	0	2296	0	0	0	0	0	1594	0	0	0	0	0	0	0	0	0	0	0	0	0	0	0	0	0	0	0	0	0	0	0	0	0	0	0	
66116	Amygdala_R	0	0	0	0	0	108	0	0	0	0	0	0	0	0	0	0	0	0	0	0	0	1906	0	0	0	0	0	116	0	2542	0	0	0	0	0	0	0	12342	0	6614	0	0	0	0	0	0	0	0	0	0	0	0	0	0	0	6222	0	0	0	0	0	0	0	0	0	0	0	0	0	0	0	0	0	1380	0	0	0	0	0	0	0	0	0	1326	0	0	0	0	0	502	0	0	0	0	0	0	0	0	0	0	0	0	0	0	0	0	0	0	0	0	0	0	0	0	0	0	
162620	Calcarine_L	0	0	0	0	0	0	0	0	0	0	0	0	0	0	0	0	0	0	0	0	0	0	0	0	0	0	0	0	0	0	0	0	478	0	3872	0	1580	0	1316	0	0	0	0	3104	8636	1772	5612	904	6094	688	23180	0	7342	0	914	136	0	0	936	0	0	0	0	0	0	0	12124	0	0	0	0	0	0	0	0	0	0	0	0	0	0	0	0	0	2012	0	0	0	610	0	0	0	0	0	0	0	0	0	0	0	0	0	0	0	0	0	0	0	0	0	0	0	0	0	0	0	
295216	Calcarine_R	0	508	0	0	0	0	0	100	0	0	0	280	0	0	0	0	0	134	0	900	0	0	0	0	0	0	0	0	0	182	0	0	346	2396	0	656	0	1472	0	802	0	0	3104	0	3652	26734	218	18388	0	22914	0	12216	0	4956	0	14070	0	1050	0	2236	0	192	0	100	0	142	924	18878	532	3200	0	0	0	0	0	0	0	0	0	0	0	0	0	0	0	1636	0	0	0	4690	0	0	0	0	0	0	0	0	0	0	0	0	0	0	0	0	0	0	0	0	0	0	0	0	0	0	
126756	Cuneus_L	0	0	0	0	0	0	0	0	0	0	0	0	0	0	0	0	0	0	0	0	0	0	0	0	0	0	0	0	0	0	0	0	758	0	2446	0	0	0	0	0	0	0	8636	3652	0	4242	134	964	10326	1234	11190	140	912	0	0	532	0	0	3344	0	0	0	0	0	0	0	11264	0	0	0	0	0	0	0	0	0	0	0	0	0	0	0	0	0	2796	0	0	0	808	0	0	0	0	0	0	0	0	0	0	0	0	0	0	0	0	0	0	0	0	0	0	0	0	0	0	0	
427700	Cuneus_R	0	446	0	0	0	0	0	0	0	0	0	100	0	0	0	0	0	318	0	4076	0	0	0	0	0	0	0	0	0	0	0	0	648	6946	0	192	0	236	0	216	0	0	1772	26734	4242	0	0	8522	0	51092	0	18558	0	1186	0	11220	0	3690	0	8654	0	3366	0	1718	0	2954	3334	38440	1348	9536	0	0	0	0	0	0	0	0	0	0	0	320	0	0	0	3326	0	0	0	660	0	0	0	0	0	0	0	0	0	0	0	0	0	0	0	0	0	0	0	0	0	0	0	0	0	0	
184436	Lingual_L	0	0	0	0	0	0	0	0	0	0	0	0	0	0	0	0	0	0	0	0	0	0	0	0	0	0	0	0	0	0	0	0	0	0	1600	458	2620	506	3024	420	0	0	5612	218	134	0	0	2150	2798	0	11848	0	7076	0	7642	532	0	0	0	0	0	0	0	0	0	0	3510	148	0	0	0	0	0	0	0	0	340	190	0	0	0	0	0	0	0	0	0	0	240	0	2668	3640	422	456	0	0	6616	744	9446	4256	0	0	0	98	340	0	0	0	0	322	3834	6058	2080	0	0	172	
248536	Lingual_R	0	654	0	0	0	0	0	132	0	0	0	278	0	0	0	0	0	0	0	0	0	0	0	0	0	0	0	0	0	134	0	98	0	196	0	672	364	3262	218	2360	0	0	904	18388	964	8522	2150	0	0	7928	0	4102	0	2530	1034	13988	0	164	0	162	0	0	0	0	0	0	0	7068	106	192	0	0	0	0	0	0	0	404	0	0	0	0	0	0	0	0	0	0	0	2964	1540	9400	0	172	0	0	2342	3384	3874	10964	0	0	0	0	0	0	0	0	0	0	4402	7528	724	0	0	0	
310372	Occipital_Sup_L	612	0	0	0	0	0	0	0	0	0	0	0	0	0	0	0	0	0	172	0	0	0	0	0	0	0	0	0	342	0	0	0	3042	0	646	0	0	0	0	0	0	0	6094	0	10326	0	2798	0	0	0	45724	0	648	0	114	0	164	0	38388	0	2038	0	534	0	3334	0	23892	0	2910	0	0	0	0	0	0	0	0	0	102	0	128	0	0	0	11450	0	0	0	1728	0	0	0	0	0	0	0	0	0	0	0	0	0	0	0	0	0	0	0	0	0	0	0	0	0	0	0	
455112	Occipital_Sup_R	0	456	0	0	0	0	0	0	0	0	0	114	0	0	0	0	0	322	0	4630	0	0	0	0	0	0	0	0	0	0	0	0	558	6624	0	142	0	236	0	216	0	0	688	22914	1234	51092	0	7928	0	0	0	27540	0	2098	0	11142	0	4424	0	13298	0	5532	0	1742	0	6352	2382	39234	1432	10492	0	0	0	0	0	0	0	0	0	0	0	324	0	0	0	3808	0	0	0	602	0	0	0	0	0	0	0	0	0	0	0	0	0	0	0	0	0	0	0	0	0	0	0	0	0	0	
618436	Occipital_Mid_L	4544	0	474	0	0	0	330	0	0	0	336	0	104	0	0	0	1604	0	1208	246	0	0	0	0	0	0	0	0	2688	0	0	0	4436	164	2280	0	0	0	0	0	0	0	23180	0	11190	0	11848	0	45724	0	0	0	21316	0	4720	0	3624	0	55366	0	15840	0	4370	0	19132	0	31680	0	8748	0	0	0	0	0	0	0	0	0	962	0	1074	0	0	0	27428	0	0	0	4602	0	0	0	0	0	0	0	0	0	0	0	0	0	0	0	0	0	0	0	0	0	0	0	0	0	0	0	
270296	Occipital_Mid_R	0	218	0	0	0	0	0	0	0	0	0	0	0	0	0	0	0	0	0	670	0	0	0	0	0	0	0	0	0	0	0	0	0	930	0	0	0	176	0	170	0	0	0	12216	140	18558	0	4102	0	27540	0	0	0	4336	0	3696	0	1306	0	9624	0	9810	0	462	0	13250	784	16724	224	2186	0	0	0	0	0	0	0	0	0	0	0	0	0	0	0	6620	0	0	0	1406	0	0	0	0	0	0	0	0	0	0	0	0	0	0	0	0	0	0	0	0	0	0	0	0	0	0	
140568	Occipital_Inf_L	1304	0	168	0	0	0	144	0	0	0	0	0	0	0	0	0	98	0	0	0	0	0	0	0	0	0	0	0	562	0	0	0	390	0	2068	0	0	0	0	0	0	0	7342	0	912	0	7076	0	648	0	21316	0	0	0	6800	0	0	0	496	0	0	0	0	0	458	0	4890	0	1176	0	0	0	0	0	0	0	0	0	592	0	274	0	0	0	4664	0	0	0	7328	0	606	0	0	0	0	0	288	0	568	0	0	0	0	0	0	0	0	0	0	0	116	0	0	0	0	0	
57148	Occipital_Inf_R	0	244	0	0	0	0	0	0	0	0	0	0	0	0	0	0	0	0	0	0	0	0	0	0	0	0	0	0	0	0	0	0	0	0	0	126	0	718	0	668	0	0	0	4956	0	1186	0	2530	0	2098	0	4336	0	0	0	6224	0	0	0	0	0	0	0	0	0	0	0	1150	0	0	0	0	0	0	0	0	0	0	0	0	0	0	0	0	0	220	0	0	0	4118	0	0	0	0	0	0	0	0	0	0	0	0	0	0	0	0	0	0	0	0	0	0	0	0	0	0	
286248	Fusiform_L	850	0	348	0	0	0	176	0	0	0	0	0	0	0	170	0	0	0	196	0	930	0	0	0	0	0	0	0	2006	0	0	0	112	0	1018	0	11076	0	7812	0	4340	0	914	0	0	0	7642	1034	114	0	4720	0	6800	0	0	158	0	0	0	0	0	0	0	0	0	0	892	0	652	0	0	0	802	0	0	0	120	0	484	0	1650	0	1250	0	912	0	936	0	10760	0	19708	1318	4552	154	224	0	11236	192	25732	1454	1978	0	1138	0	226	0	0	0	0	0	2452	3190	696	0	0	0	
415608	Fusiform_R	0	3784	0	748	0	0	0	742	0	0	0	1200	0	0	0	184	0	420	114	1442	0	0	110	210	0	0	0	0	0	2932	116	662	152	964	392	2070	338	27870	222	16458	0	6222	136	14070	532	11220	532	13988	0	11142	0	3696	0	6224	158	0	0	1098	0	1354	0	0	0	0	0	0	0	9626	100	918	0	114	0	6028	0	0	0	990	0	102	0	1636	0	3928	0	1624	0	1610	0	18514	0	10052	0	938	0	0	370	3688	708	11360	0	0	0	290	0	0	0	0	0	0	1466	1882	358	0	0	0	
268224	Postcentral_L	29372	136	1892	126	0	0	2546	0	0	0	5222	0	752	0	0	0	8844	0	1260	296	0	0	0	0	0	0	0	0	7066	0	344	128	128	0	0	0	480	0	0	0	0	0	0	0	0	0	0	0	164	0	3624	0	0	0	0	0	0	0	9640	0	29608	0	11190	0	5366	0	2126	0	5492	0	1544	0	188	116	0	110	114	0	2300	0	3282	0	0	0	400	0	0	0	256	0	0	0	0	0	0	0	0	0	0	0	0	0	0	0	0	0	0	0	0	0	0	0	0	0	0	0	
211264	Postcentral_R	0	25626	0	678	0	0	0	236	0	0	0	1704	0	0	0	0	0	3286	0	1666	0	0	0	0	0	0	0	0	0	4350	0	0	0	632	0	108	0	1432	0	0	0	0	0	1050	0	3690	0	164	0	4424	0	1306	0	0	0	1098	0	0	0	9440	0	6888	0	14172	0	1720	0	7242	288	6080	0	114	0	3428	0	0	0	658	0	124	0	602	0	0	0	1364	0	0	0	2062	0	0	0	0	0	0	0	0	0	0	0	0	0	0	0	0	0	0	0	0	0	0	0	0	0	0	
416640	Parietal_Sup_L	2556	0	268	0	0	0	202	0	0	0	256	0	0	0	0	0	1372	0	1024	214	0	0	0	0	0	0	0	0	1792	0	0	0	3434	160	684	0	0	0	0	0	0	0	936	0	3344	0	0	0	38388	0	55366	0	496	0	0	0	9640	0	0	0	18848	0	3284	0	13180	0	29510	0	7860	0	0	0	0	0	0	0	0	0	300	0	608	0	0	0	12370	0	0	0	2228	0	0	0	0	0	0	0	0	0	0	0	0	0	0	0	0	0	0	0	0	0	0	0	0	0	0	0	
169004	Parietal_Sup_R	0	106	0	0	0	0	0	0	0	0	0	0	0	0	0	0	0	320	0	450	0	0	0	0	0	0	0	0	0	0	0	0	0	452	0	0	0	0	0	0	0	0	0	2236	0	8654	0	162	0	13298	0	9624	0	0	0	1354	0	9440	0	0	0	8226	0	160	0	8830	0	15486	0	1960	0	0	0	0	0	0	0	0	0	0	0	270	0	0	0	2538	0	0	0	936	0	0	0	0	0	0	0	0	0	0	0	0	0	0	0	0	0	0	0	0	0	0	0	0	0	0	
267644	Parietal_Inf_L	7898	0	424	0	0	0	836	0	0	0	1334	0	0	0	0	0	736	0	244	0	0	0	0	0	0	0	0	0	1228	0	138	0	274	0	0	0	240	0	0	0	0	0	0	0	0	0	0	0	2038	0	15840	0	0	0	0	0	29608	0	18848	0	0	0	13758	0	22990	0	3098	0	2952	0	0	0	0	0	0	0	0	0	346	0	808	0	0	0	7780	0	0	0	2404	0	0	0	0	0	0	0	0	0	0	0	0	0	0	0	0	0	0	0	0	0	0	0	0	0	0	0	
136932	Parietal_Inf_R	0	1604	0	0	0	0	0	0	0	0	0	0	0	0	0	0	0	0	0	0	0	0	0	0	0	0	0	0	0	0	0	0	0	100	0	0	0	0	0	0	0	0	0	192	0	3366	0	0	0	5532	0	9810	0	0	0	0	0	6888	0	8226	0	0	0	9882	0	14458	0	4544	0	214	0	0	0	0	0	0	0	0	0	0	0	296	0	0	0	3096	0	0	0	258	0	0	0	0	0	0	0	0	0	0	0	0	0	0	0	0	0	0	0	0	0	0	0	0	0	0	
116200	SupraMarginal_L	2542	0	0	0	0	0	0	0	0	0	124	0	0	0	0	0	3176	0	178	0	0	0	0	0	0	0	0	0	540	0	0	0	0	0	0	0	0	0	0	0	0	0	0	0	0	0	0	0	534	0	4370	0	0	0	0	0	11190	0	3284	0	13758	0	0	0	4294	0	162	0	732	0	212	0	0	0	0	0	0	0	128	0	6792	0	0	0	4500	0	0	0	1584	0	0	0	0	0	0	0	0	0	0	0	0	0	0	0	0	0	0	0	0	0	0	0	0	0	0	0	
101440	SupraMarginal_R	0	4438	0	0	0	0	0	120	0	0	0	158	0	0	0	0	0	1462	0	238	0	0	0	0	0	0	0	0	0	0	0	0	0	0	0	0	0	0	0	0	0	0	0	100	0	1718	0	0	0	1742	0	462	0	0	0	0	0	14172	0	160	0	9882	0	0	0	6134	0	1764	0	350	0	0	0	0	0	0	0	0	0	0	0	4562	0	0	0	2114	0	0	0	1144	0	0	0	0	0	0	0	0	0	0	0	0	0	0	0	0	0	0	0	0	0	0	0	0	0	0	
178876	Angular_L	1528	0	204	0	0	0	156	0	0	0	236	0	0	0	0	0	1122	0	0	0	0	0	0	0	0	0	0	0	830	0	0	0	124	0	0	0	0	0	0	0	0	0	0	0	0	0	0	0	3334	0	19132	0	458	0	0	0	5366	0	13180	0	22990	0	4294	0	0	0	830	0	838	0	0	0	0	0	0	0	0	0	162	0	972	0	0	0	10966	0	0	0	2716	0	0	0	0	0	0	0	0	0	0	0	0	0	0	0	0	0	0	0	0	0	0	0	0	0	0	0	
129180	Angular_R	0	218	0	0	0	0	0	0	0	0	0	0	0	0	0	0	0	356	0	0	0	0	0	0	0	0	0	0	0	0	0	0	0	0	0	0	0	0	0	0	0	0	0	142	0	2954	0	0	0	6352	0	13250	0	0	0	0	0	1720	0	8830	0	14458	0	6134	0	0	0	4124	0	220	0	0	0	0	0	0	0	0	0	0	0	1812	0	0	0	3212	0	0	0	808	0	0	0	0	0	0	0	0	0	0	0	0	0	0	0	0	0	0	0	0	0	0	0	0	0	0	
343052	Precuneus_L	272	0	0	0	0	0	0	0	0	0	0	0	0	0	0	0	0	0	222	530	0	0	0	0	0	0	0	0	0	0	0	0	6814	1392	7064	724	2260	0	1898	0	0	0	12124	924	11264	3334	3510	0	23892	2382	31680	784	4890	0	892	0	2126	0	29510	0	3098	0	162	0	830	0	0	4554	3542	788	0	0	0	0	0	0	0	0	0	0	0	0	0	0	7084	0	0	0	2980	0	0	0	0	0	0	0	0	0	0	0	0	0	0	0	0	0	0	0	0	0	0	0	0	0	0	0	
468168	Precuneus_R	0	846	0	0	0	0	0	136	0	0	0	392	0	0	0	0	0	382	0	5338	0	0	0	0	0	0	0	0	0	370	0	0	1380	12470	632	6470	206	4622	164	2492	0	0	0	18878	0	38440	148	7068	0	39234	0	16724	0	1150	0	9626	0	7242	0	15486	0	4544	0	1764	0	4124	4554	0	2414	15850	0	0	0	0	0	0	0	0	0	0	0	382	0	0	0	4760	0	0	0	5796	0	0	0	0	0	0	0	0	0	0	0	0	0	0	0	0	0	0	0	0	0	0	0	0	0	0	
323548	Paracentral_Lobule_L	22632	4130	1518	2830	0	0	194	120	0	0	106	0	0	0	0	0	204	206	18764	24556	0	0	0	0	0	0	0	0	496	402	0	0	3202	14756	3434	1170	286	0	0	0	0	0	0	532	0	1348	0	106	2910	1432	8748	224	1176	0	652	100	5492	288	7860	0	2952	0	732	0	838	0	3542	2414	0	9906	296	2368	1080	156	864	164	280	706	0	0	320	0	0	0	3394	0	0	0	1718	170	0	0	0	0	0	0	0	0	0	0	0	0	0	0	0	0	0	0	0	0	0	0	0	0	0	0	
251872	Paracentral_Lobule_R	4576	5218	0	0	0	0	0	0	0	0	0	0	0	0	0	0	0	196	856	24780	0	0	0	0	0	0	0	0	0	162	0	0	834	17474	1088	3180	0	514	0	0	0	0	0	3200	0	9536	0	192	0	10492	0	2186	0	0	0	918	0	6080	0	1960	0	214	0	350	0	220	788	15850	9906	0	0	0	0	0	0	0	0	0	0	0	0	372	0	0	0	2394	0	0	0	2400	0	0	0	0	0	0	0	0	0	0	0	0	0	0	0	0	0	0	0	0	0	0	0	0	0	0	
363544	Caudate_L	3362	696	10322	4718	3432	1450	3776	672	224	0	696	712	882	158	804	148	1558	102	10966	5816	7678	9702	1212	1166	682	1882	1740	3926	9490	1250	13180	6860	322	772	0	0	626	664	0	308	112	0	0	0	0	0	0	0	0	0	0	0	0	0	0	0	1544	0	0	0	0	0	212	0	0	0	0	0	296	0	0	20800	28824	6832	2326	1626	4870	1098	424	0	396	0	342	0	0	0	0	0	116	0	0	0	0	0	0	0	0	0	0	0	0	0	0	0	0	0	0	0	0	0	0	0	0	0	0	0	
461804	Caudate_R	928	6960	1606	26932	448	1576	1034	2216	0	564	0	2326	170	1988	0	1518	0	572	6110	26164	3778	7412	2458	8052	0	6428	420	4222	1406	4442	6910	24316	1356	3338	0	0	0	312	0	150	0	0	0	0	0	0	0	0	0	0	0	0	0	0	0	114	0	114	0	0	0	0	0	0	0	0	0	0	2368	0	20800	0	8266	19590	840	3602	790	18306	0	0	0	0	0	0	0	0	0	0	0	0	0	0	0	0	0	0	0	0	0	0	0	0	0	0	0	0	0	0	0	0	0	0	0	0	0	0	
499760	Putamen_L	3298	226	28556	1162	14546	850	6954	452	6532	0	3632	342	5472	0	10216	102	700	0	21530	842	3708	5320	3702	1140	1844	890	800	1662	35498	584	13708	3806	462	342	0	0	8938	430	1276	212	424	0	0	0	0	0	0	0	0	0	0	0	0	0	802	0	188	0	0	0	0	0	0	0	0	0	0	0	1080	0	28824	8266	0	3384	6988	560	3458	482	184	0	2216	0	1924	0	242	0	0	0	1124	0	0	0	0	0	0	0	0	0	0	0	0	0	0	0	0	0	0	0	0	0	0	0	0	0	0	0	
461324	Putamen_R	986	4704	1920	21086	392	3958	1298	11140	0	1874	130	5958	140	6168	0	2292	0	2940	2582	14582	312	1406	1838	7224	0	9356	0	3464	1448	22410	3822	16384	1160	3676	0	0	122	15414	0	5924	0	1380	0	0	0	0	0	0	0	0	0	0	0	0	0	6028	116	3428	0	0	0	0	0	0	0	0	0	0	156	0	6832	19590	3384	0	390	9362	0	2258	0	0	0	302	0	218	0	0	0	0	0	856	0	0	0	0	0	0	0	0	0	252	0	0	0	0	0	0	0	0	0	0	0	0	0	0	0	0	
45156	Pallidum_L	894	0	1760	0	0	0	832	0	0	0	0	0	0	0	0	0	0	0	5046	0	0	218	0	0	0	0	0	0	0	0	0	0	0	0	0	0	522	0	264	0	0	0	0	0	0	0	0	0	0	0	0	0	0	0	0	0	0	0	0	0	0	0	0	0	0	0	0	0	864	0	2326	840	6988	390	0	0	1634	0	0	0	0	0	0	0	0	0	0	0	0	0	0	0	0	0	0	0	0	0	0	0	0	0	0	0	0	0	0	0	0	0	0	0	0	0	0	0	
74024	Pallidum_R	582	380	1026	6588	126	0	846	1710	0	0	100	302	0	0	0	134	0	124	962	4588	0	0	284	242	0	0	0	0	556	126	316	904	296	640	0	0	0	232	0	150	0	0	0	0	0	0	0	0	0	0	0	0	0	0	0	0	110	0	0	0	0	0	0	0	0	0	0	0	164	0	1626	3602	560	9362	0	0	0	374	0	0	0	0	0	0	0	0	0	0	0	0	0	0	0	0	0	0	0	0	0	0	0	0	0	0	0	0	0	0	0	0	0	0	0	0	0	0	
83940	Thalamus_L	6976	2870	5996	2298	370	0	2890	0	0	0	0	0	0	0	0	0	0	0	1978	136	0	0	0	0	0	0	0	0	836	0	0	0	0	0	0	0	3378	0	816	0	0	0	0	0	0	0	340	0	0	0	0	0	0	0	120	0	114	0	0	0	0	0	0	0	0	0	0	0	280	0	4870	790	3458	0	1634	0	0	1652	168	0	0	0	0	0	0	0	0	0	0	0	0	0	0	0	0	0	0	0	0	0	0	0	0	0	0	0	0	0	0	0	0	0	0	0	0	0	
177020	Thalamus_R	1298	19596	478	13630	0	0	302	3096	0	0	0	1384	0	0	0	0	0	0	860	6830	0	0	0	0	0	0	0	0	628	128	0	998	334	442	1428	1452	2052	3638	892	1474	0	0	0	0	0	0	190	404	0	0	0	0	0	0	0	990	0	658	0	0	0	0	0	0	0	0	0	0	706	0	1098	18306	482	2258	0	374	1652	0	142	0	0	0	0	0	0	0	0	0	0	310	0	0	0	0	0	0	0	0	0	0	0	0	0	0	0	0	0	0	0	0	0	0	0	0	0	0	
88184	Heschl_L	4270	0	1326	0	0	0	1034	0	0	0	1378	0	102	0	0	0	4222	0	632	0	0	0	0	0	0	0	0	0	9302	0	0	0	0	0	168	142	1914	108	0	0	0	0	0	0	0	0	0	0	102	0	962	0	592	0	484	0	2300	0	300	0	346	0	128	0	162	0	0	0	0	0	424	0	184	0	0	0	168	142	0	0	4900	0	0	0	5570	0	0	0	2730	0	0	0	0	0	0	0	0	0	0	0	0	0	0	0	0	0	0	0	0	0	0	0	0	0	0	0	
11996	Heschl_R	0	0	0	0	0	0	0	0	0	0	0	98	0	0	0	0	0	1180	0	110	0	0	0	0	0	0	0	0	0	1130	0	0	0	0	0	0	0	134	0	0	0	0	0	0	0	0	0	0	0	0	0	0	0	0	0	102	0	124	0	0	0	0	0	0	0	0	0	0	0	0	0	0	0	0	0	0	0	0	0	0	0	2370	0	0	0	166	0	0	0	584	0	0	0	0	0	0	0	0	0	0	0	0	0	0	0	0	0	0	0	0	0	0	0	0	0	0	
182440	Temporal_Sup_L	1926	0	1970	0	0	0	330	0	0	0	2884	0	962	0	122	0	8016	0	1926	0	134	0	130	0	0	0	0	0	10158	0	0	0	0	0	0	0	2788	0	192	0	190	0	0	0	0	0	0	0	128	0	1074	0	274	0	1650	0	3282	0	608	0	808	0	6792	0	972	0	0	0	320	0	396	0	2216	0	0	0	0	0	4900	0	0	0	3632	0	21398	0	556	0	10486	0	0	0	0	0	0	0	0	0	0	0	0	0	0	0	0	0	0	0	0	0	0	0	0	0	0	0	
67068	Temporal_Sup_R	0	600	0	0	0	0	0	184	0	0	0	410	0	0	0	0	0	1472	0	420	0	0	0	0	0	0	0	0	0	2502	0	0	0	184	0	0	0	632	0	0	0	0	0	0	0	320	0	0	0	324	0	0	0	0	0	1636	0	602	0	270	0	296	0	4562	0	1812	0	382	0	372	0	0	0	302	0	0	0	0	0	2370	0	0	0	2340	0	7118	0	264	0	4160	0	0	0	0	0	0	0	0	0	0	0	0	0	0	0	0	0	0	0	0	0	0	0	0	0	0	
107268	Temporal_Pole_Sup_L	0	0	700	0	824	0	138	0	612	0	2288	0	706	0	3018	0	1124	0	610	0	2474	0	158	0	0	0	0	0	9314	0	0	0	0	0	0	0	2338	0	1932	0	2296	0	0	0	0	0	0	0	0	0	0	0	0	0	1250	0	0	0	0	0	0	0	0	0	0	0	0	0	0	0	342	0	1924	0	0	0	0	0	0	0	3632	0	0	0	8162	0	3984	0	5808	0	0	0	0	0	0	0	0	0	0	0	0	0	0	0	0	0	0	0	0	0	0	0	0	0	0	0	
43116	Temporal_Pole_Sup_R	0	0	0	0	0	0	0	0	0	0	0	294	0	0	0	346	0	464	0	0	0	0	0	0	0	0	0	0	0	1044	0	0	0	0	0	0	0	900	0	394	0	1326	0	0	0	0	0	0	0	0	0	0	0	0	0	3928	0	0	0	0	0	0	0	0	0	0	0	0	0	0	0	0	0	218	0	0	0	0	0	0	0	2340	0	0	0	2386	0	3392	0	4526	0	0	0	0	0	0	0	0	0	0	0	0	0	0	0	0	0	0	0	0	0	0	0	0	0	0	
376180	Temporal_Mid_L	4228	0	660	0	0	0	416	0	0	0	522	0	218	0	0	0	3114	0	438	0	0	0	0	0	0	0	0	0	4518	0	0	0	620	0	1468	0	1388	0	0	0	0	0	2012	0	2796	0	0	0	11450	0	27428	0	4664	0	912	0	400	0	12370	0	7780	0	4500	0	10966	0	7084	0	3394	0	0	0	242	0	0	0	0	0	5570	0	21398	0	8162	0	0	0	4146	0	35226	0	0	0	0	0	0	0	0	0	0	0	0	0	0	0	0	0	0	0	0	0	0	0	0	0	0	0	
150500	Temporal_Mid_R	0	974	0	0	0	0	0	212	0	0	0	460	0	0	0	0	0	494	0	1984	0	0	0	0	0	0	0	0	0	586	0	0	0	1226	0	0	0	1206	0	144	0	0	0	1636	0	3326	0	0	0	3808	0	6620	0	220	0	1624	0	1364	0	2538	0	3096	0	2114	0	3212	0	4760	0	2394	0	0	0	0	0	0	0	0	0	166	0	7118	0	2386	0	0	0	1828	0	19754	0	0	0	0	0	0	0	0	0	0	0	0	0	0	0	0	0	0	0	0	0	0	0	0	0	0	
27664	Temporal_Pole_Mid_L	0	0	0	0	0	0	0	0	0	0	0	0	0	0	0	0	0	0	0	0	0	0	0	0	0	0	0	0	98	0	0	0	0	0	0	0	0	0	312	0	0	0	0	0	0	0	0	0	0	0	0	0	0	0	936	0	0	0	0	0	0	0	0	0	0	0	0	0	0	0	0	0	0	0	0	0	0	0	0	0	556	0	3984	0	4146	0	0	0	3800	0	0	0	0	0	0	0	0	0	0	0	0	0	0	0	0	0	0	0	0	0	0	0	0	0	0	0	
19388	Temporal_Pole_Mid_R	0	0	0	0	0	0	0	0	0	0	0	0	0	0	0	0	0	0	0	0	0	0	0	0	0	0	0	0	0	0	0	0	0	0	0	0	0	0	0	110	0	0	0	0	0	0	0	0	0	0	0	0	0	0	0	1610	0	0	0	0	0	0	0	0	0	0	0	0	0	0	0	0	0	0	0	0	0	0	0	0	0	264	0	3392	0	1828	0	0	0	2490	0	0	0	0	0	0	0	0	0	0	0	0	0	0	0	0	0	0	0	0	0	0	0	0	0	0	
273940	Temporal_Inf_L	2700	0	1628	0	0	0	740	0	0	0	744	0	386	0	0	0	1258	0	1140	0	0	0	0	0	0	0	0	0	7072	0	0	0	356	0	2212	0	10456	0	1714	0	1594	0	610	0	808	0	240	0	1728	0	4602	0	7328	0	10760	0	256	0	2228	0	2404	0	1584	0	2716	0	2980	0	1718	0	116	0	1124	0	0	0	0	0	2730	0	10486	0	5808	0	35226	0	3800	0	0	0	3428	0	588	0	0	0	394	0	1198	0	110	0	0	0	0	0	0	0	0	0	0	0	0	0	0	0	
230168	Temporal_Inf_R	0	5268	0	194	0	0	0	1478	0	0	0	2538	0	0	0	144	0	1130	138	2768	0	0	0	0	0	0	0	0	0	3556	0	688	0	1366	0	2636	0	11254	0	1550	0	502	0	4690	0	660	0	2964	0	602	0	1406	0	4118	0	18514	0	2062	0	936	0	258	0	1144	0	808	0	5796	170	2400	0	0	0	856	0	0	0	310	0	584	0	4160	0	4526	0	19754	0	2490	0	0	0	666	0	0	0	0	0	0	0	0	0	0	0	0	0	0	0	0	0	0	0	0	0	0	0	0	
440100	Cerebelum_Crus1_L	0	0	0	0	0	0	0	0	0	0	0	0	0	0	0	0	0	0	0	0	0	0	0	0	0	0	0	0	0	0	0	0	0	0	0	0	0	0	288	0	0	0	0	0	0	0	2668	1540	0	0	0	0	606	0	19708	0	0	0	0	0	0	0	0	0	0	0	0	0	0	0	0	0	0	0	0	0	0	0	0	0	0	0	0	0	0	0	0	0	3428	0	0	4060	35856	1782	744	378	20124	576	54570	4394	16298	0	16090	2800	3594	2548	470	0	652	878	2700	7768	8804	2554	2258	1914	
435496	Cerebelum_Crus1_R	0	0	0	0	0	0	0	0	0	0	0	0	0	0	0	0	0	0	0	0	0	0	0	0	0	0	0	0	0	0	0	0	0	0	0	0	0	0	0	0	0	0	0	0	0	0	3640	9400	0	0	0	0	0	0	1318	10052	0	0	0	0	0	0	0	0	0	0	0	0	0	0	0	0	0	0	0	0	0	0	0	0	0	0	0	0	0	0	0	0	0	666	4060	0	2016	35476	0	2152	5902	21368	6326	57234	368	6876	322	11134	196	804	0	0	164	2920	12976	14374	6598	538	430	438	
365752	Cerebelum_Crus2_L	0	0	0	0	0	0	0	0	0	0	0	0	0	0	0	0	0	0	0	0	0	0	0	0	0	0	0	0	0	0	0	0	0	0	0	0	0	0	0	0	0	0	0	0	0	0	422	0	0	0	0	0	0	0	4552	0	0	0	0	0	0	0	0	0	0	0	0	0	0	0	0	0	0	0	0	0	0	0	0	0	0	0	0	0	0	0	0	0	588	0	35856	2016	0	10188	248	288	3602	482	12790	1422	33568	5148	28828	11736	3398	3098	530	0	186	392	342	1260	13904	5354	2042	636	
301632	Cerebelum_Crus2_R	0	0	0	0	0	0	0	0	0	0	0	0	0	0	0	0	0	0	0	0	0	0	0	0	0	0	0	0	0	0	0	0	0	0	0	0	0	0	0	0	0	0	0	0	0	0	456	172	0	0	0	0	0	0	154	938	0	0	0	0	0	0	0	0	0	0	0	0	0	0	0	0	0	0	0	0	0	0	0	0	0	0	0	0	0	0	0	0	0	0	1782	35476	10188	0	0	1104	1274	7502	1094	17126	6690	18884	3866	22474	120	1892	0	236	0	1390	2714	2894	10096	1636	658	0	
17944	Cerebelum_3_L	0	0	0	0	0	0	0	0	0	0	0	0	0	0	0	0	0	0	0	0	0	0	0	0	0	0	0	0	0	0	0	0	0	0	0	0	156	0	440	0	0	0	0	0	0	0	0	0	0	0	0	0	0	0	224	0	0	0	0	0	0	0	0	0	0	0	0	0	0	0	0	0	0	0	0	0	0	0	0	0	0	0	0	0	0	0	0	0	0	0	744	0	248	0	0	114	2732	0	1152	0	208	0	218	0	202	0	0	0	726	1476	332	0	0	0	0	0	
41764	Cerebelum_3_R	0	0	0	0	0	0	0	0	0	0	0	0	0	0	0	0	0	0	0	0	0	0	0	0	0	0	0	0	0	0	0	0	0	0	0	0	0	146	0	0	0	0	0	0	0	0	0	0	0	0	0	0	0	0	0	0	0	0	0	0	0	0	0	0	0	0	0	0	0	0	0	0	0	0	0	0	0	0	0	0	0	0	0	0	0	0	0	0	0	0	378	2152	288	1104	114	0	540	3658	230	4122	188	454	260	868	0	652	0	0	292	2442	604	184	792	766	648	0	
269292	Cerebelum_4_5_L	0	0	0	0	0	0	0	0	0	0	0	0	0	0	0	0	0	0	0	0	0	0	0	0	0	0	0	0	0	0	0	0	0	0	0	0	208	0	1162	0	0	0	0	0	0	0	6616	2342	0	0	0	0	288	0	11236	370	0	0	0	0	0	0	0	0	0	0	0	0	0	0	0	0	0	0	0	0	0	0	0	0	0	0	0	0	0	0	0	0	394	0	20124	5902	3602	1274	2732	540	0	5318	30292	8162	3290	0	2764	384	3130	534	116	0	1314	2898	13302	4180	398	242	404	1128	
207864	Cerebelum_4_5_R	0	0	0	0	0	0	0	0	0	0	0	0	0	0	0	0	0	0	0	0	0	0	0	0	0	0	0	0	0	0	0	0	0	0	0	0	0	0	0	132	0	0	0	0	0	0	744	3384	0	0	0	0	0	0	192	3688	0	0	0	0	0	0	0	0	0	0	0	0	0	0	0	0	0	0	0	0	0	0	0	0	0	0	0	0	0	0	0	0	0	0	576	21368	482	7502	0	3658	5318	0	446	29742	0	1228	124	3698	0	286	0	0	0	4340	12916	1692	1618	492	306	0	
418392	Cerebelum_6_L	0	0	0	0	0	0	0	0	0	0	0	0	0	0	0	0	0	0	0	0	0	0	0	0	0	0	0	0	0	0	0	0	0	0	0	0	0	0	818	0	0	0	0	0	0	0	9446	3874	0	0	0	0	568	0	25732	708	0	0	0	0	0	0	0	0	0	0	0	0	0	0	0	0	0	0	0	0	0	0	0	0	0	0	0	0	0	0	0	0	1198	0	54570	6326	12790	1094	1152	230	30292	446	0	7602	7786	0	6610	762	3562	1334	512	0	786	920	5952	14788	5454	1198	860	1826	
438136	Cerebelum_6_R	0	0	0	0	0	0	0	0	0	0	0	0	0	0	0	0	0	0	0	0	0	0	0	0	0	0	0	0	0	0	0	0	0	0	0	0	0	498	0	378	0	0	0	0	0	0	4256	10964	0	0	0	0	0	0	1454	11360	0	0	0	0	0	0	0	0	0	0	0	0	0	0	0	0	0	252	0	0	0	0	0	0	0	0	0	0	0	0	0	0	0	0	4394	57234	1422	17126	0	4122	8162	29742	7602	0	212	2374	302	6006	194	1218	0	0	332	4364	17414	17304	7614	1316	796	656	
268360	Cerebelum_7b_L	0	0	0	0	0	0	0	0	0	0	0	0	0	0	0	0	0	0	0	0	0	0	0	0	0	0	0	0	0	0	0	0	0	0	0	0	0	0	0	0	0	0	0	0	0	0	0	0	0	0	0	0	0	0	1978	0	0	0	0	0	0	0	0	0	0	0	0	0	0	0	0	0	0	0	0	0	0	0	0	0	0	0	0	0	0	0	0	0	110	0	16298	368	33568	6690	208	188	3290	0	7786	212	0	3938	29268	8652	4056	2312	748	0	198	298	292	126	6988	5252	1148	208	
132168	Cerebelum_7b_R	0	0	0	0	0	0	0	0	0	0	0	0	0	0	0	0	0	0	0	0	0	0	0	0	0	0	0	0	0	0	0	0	0	0	0	0	0	0	0	0	0	0	0	0	0	0	0	0	0	0	0	0	0	0	0	0	0	0	0	0	0	0	0	0	0	0	0	0	0	0	0	0	0	0	0	0	0	0	0	0	0	0	0	0	0	0	0	0	0	0	0	6876	5148	18884	0	454	0	1228	0	2374	3938	0	1186	19726	0	2004	0	350	0	286	0	0	2872	758	0	0	
260780	Cerebelum_8_L	0	0	0	0	0	0	0	0	0	0	0	0	0	0	0	0	0	0	0	0	0	0	0	0	0	0	0	0	0	0	0	0	0	0	0	0	0	0	0	0	0	0	0	0	0	0	0	0	0	0	0	0	0	0	1138	0	0	0	0	0	0	0	0	0	0	0	0	0	0	0	0	0	0	0	0	0	0	0	0	0	0	0	0	0	0	0	0	0	0	0	16090	322	28828	3866	218	260	2764	124	6610	302	29268	1186	0	7400	9366	3332	2258	0	216	326	324	158	6542	6728	2340	424	
258848	Cerebelum_8_R	0	0	0	0	0	0	0	0	0	0	0	0	0	0	0	0	0	0	0	0	0	0	0	0	0	0	0	0	0	0	0	0	0	0	0	0	0	0	0	0	0	0	0	0	0	0	98	0	0	0	0	0	0	0	0	290	0	0	0	0	0	0	0	0	0	0	0	0	0	0	0	0	0	0	0	0	0	0	0	0	0	0	0	0	0	0	0	0	0	0	2800	11134	11736	22474	0	868	384	3698	762	6006	8652	19726	7400	0	292	9944	0	748	0	1048	754	882	10756	6456	2324	192	
75700	Cerebelum_9_L	0	0	0	0	0	0	0	0	0	0	0	0	0	0	0	0	0	0	0	0	0	0	0	0	0	0	0	0	0	0	0	0	0	0	0	0	0	0	0	0	0	0	0	0	0	0	340	0	0	0	0	0	0	0	226	0	0	0	0	0	0	0	0	0	0	0	0	0	0	0	0	0	0	0	0	0	0	0	0	0	0	0	0	0	0	0	0	0	0	0	3594	196	3398	120	202	0	3130	0	3562	194	4056	0	9366	292	0	758	3632	0	122	118	746	898	534	624	758	984	
109732	Cerebelum_9_R	0	0	0	0	0	0	0	0	0	0	0	0	0	0	0	0	0	0	0	0	0	0	0	0	0	0	0	0	0	0	0	0	0	0	0	0	0	0	0	0	0	0	0	0	0	0	0	0	0	0	0	0	0	0	0	0	0	0	0	0	0	0	0	0	0	0	0	0	0	0	0	0	0	0	0	0	0	0	0	0	0	0	0	0	0	0	0	0	0	0	2548	804	3098	1892	0	652	534	286	1334	1218	2312	2004	3332	9944	758	0	0	1044	120	624	610	2274	5264	6364	4886	2964	
16532	Cerebelum_10_L	0	0	0	0	0	0	0	0	0	0	0	0	0	0	0	0	0	0	0	0	0	0	0	0	0	0	0	0	0	0	0	0	0	0	0	0	0	0	0	0	0	0	0	0	0	0	0	0	0	0	0	0	0	0	0	0	0	0	0	0	0	0	0	0	0	0	0	0	0	0	0	0	0	0	0	0	0	0	0	0	0	0	0	0	0	0	0	0	0	0	470	0	530	0	0	0	116	0	512	0	748	0	2258	0	3632	0	0	0	0	0	0	0	0	0	0	0	
4756	Cerebelum_10_R	0	0	0	0	0	0	0	0	0	0	0	0	0	0	0	0	0	0	0	0	0	0	0	0	0	0	0	0	0	0	0	0	0	0	0	0	0	0	0	0	0	0	0	0	0	0	0	0	0	0	0	0	0	0	0	0	0	0	0	0	0	0	0	0	0	0	0	0	0	0	0	0	0	0	0	0	0	0	0	0	0	0	0	0	0	0	0	0	0	0	0	0	0	236	0	0	0	0	0	0	0	350	0	748	0	1044	0	0	0	0	0	0	0	0	0	0	
19628	Vermis_1_2	0	0	0	0	0	0	0	0	0	0	0	0	0	0	0	0	0	0	0	0	0	0	0	0	0	0	0	0	0	0	0	0	0	0	0	0	0	0	98	0	0	0	0	0	0	0	0	0	0	0	0	0	0	0	0	0	0	0	0	0	0	0	0	0	0	0	0	0	0	0	0	0	0	0	0	0	0	0	0	0	0	0	0	0	0	0	0	0	0	0	652	164	186	0	726	292	1314	0	786	332	198	0	216	0	122	120	0	0	0	3164	1444	0	0	0	0	0	
70484	Vermis_3	0	0	0	0	0	0	0	0	0	0	0	0	0	0	0	0	0	0	0	0	0	0	0	0	0	0	0	0	0	0	0	0	0	0	0	0	202	0	144	0	0	0	0	0	0	0	322	0	0	0	0	0	0	0	0	0	0	0	0	0	0	0	0	0	0	0	0	0	0	0	0	0	0	0	0	0	0	0	0	0	0	0	0	0	0	0	0	0	0	0	878	2920	392	1390	1476	2442	2898	4340	920	4364	298	286	326	1048	118	624	0	0	3164	0	4404	178	830	726	552	0	
198780	Vermis_4_5	0	0	0	0	0	0	0	0	0	0	0	0	0	0	0	0	0	0	0	0	0	0	0	0	0	0	0	0	0	0	0	0	0	0	0	0	0	0	0	0	0	0	0	0	0	0	3834	4402	0	0	0	0	116	0	2452	1466	0	0	0	0	0	0	0	0	0	0	0	0	0	0	0	0	0	0	0	0	0	0	0	0	0	0	0	0	0	0	0	0	0	0	2700	12976	342	2714	332	604	13302	12916	5952	17414	292	0	324	754	746	610	0	0	1444	4404	0	6776	346	214	450	1508	
214388	Vermis_6	0	0	0	0	0	0	0	0	0	0	0	0	0	0	0	0	0	0	0	0	0	0	0	0	0	0	0	0	0	0	0	0	0	0	0	0	0	0	0	0	0	0	0	0	0	0	6058	7528	0	0	0	0	0	0	3190	1882	0	0	0	0	0	0	0	0	0	0	0	0	0	0	0	0	0	0	0	0	0	0	0	0	0	0	0	0	0	0	0	0	0	0	7768	14374	1260	2894	0	184	4180	1692	14788	17304	126	0	158	882	898	2274	0	0	0	178	6776	0	6574	1558	1404	3264	
