data	data	406796	297608	924872	876760	162072	68060	605080	263184	77940	73868	179716	226824	246612	141248	211720	89200	174272	95396	1.026e+06	1.01789e+06	120504	98848	452148	417128	46036	91360	108804	80556	553688	367348	353852	510940	167260	662112	92036	101680	181780	245016	73820	95948	28520	55448	206700	250704	127508	259604	263788	205108	117448	254956	439064	190964	159272	52992	343188	255360	215572	158600	101820	68496	212316	128848	93680	140956	159836	137560	276952	343884	312320	255060	236016	454740	265920	408912	41624	48108	194052	191540	115032	20964	222288	122300	91076	23036	318048	222716	28852	9328	240248	144796	409900	315716	233444	208776	38404	39032	250264	156816	353940	332120	184872	100844	201968	206016	98948	106068	13284	3376	11512	31744	212848	199948	200276	146612	107852	31644	
data	data	Precentral_L	Precentral_R	Frontal_Sup_L	Frontal_Sup_R	Frontal_Sup_Orb_L	Frontal_Sup_Orb_R	Frontal_Mid_L	Frontal_Mid_R	Frontal_Mid_Orb_L	Frontal_Mid_Orb_R	Frontal_Inf_Oper_L	Frontal_Inf_Oper_R	Frontal_Inf_Tri_L	Frontal_Inf_Tri_R	Frontal_Inf_Orb_L	Frontal_Inf_Orb_R	Rolandic_Oper_L	Rolandic_Oper_R	Supp_Motor_Area_L	Supp_Motor_Area_R	Olfactory_L	Olfactory_R	Frontal_Sup_Medial_L	Frontal_Sup_Medial_R	Frontal_Med_Orb_L	Frontal_Med_Orb_R	Rectus_L	Rectus_R	Insula_L	Insula_R	Cingulum_Ant_L	Cingulum_Ant_R	Cingulum_Mid_L	Cingulum_Mid_R	Cingulum_Post_L	Cingulum_Post_R	Hippocampus_L	Hippocampus_R	ParaHippocampal_L	ParaHippocampal_R	Amygdala_L	Amygdala_R	Calcarine_L	Calcarine_R	Cuneus_L	Cuneus_R	Lingual_L	Lingual_R	Occipital_Sup_L	Occipital_Sup_R	Occipital_Mid_L	Occipital_Mid_R	Occipital_Inf_L	Occipital_Inf_R	Fusiform_L	Fusiform_R	Postcentral_L	Postcentral_R	Parietal_Sup_L	Parietal_Sup_R	Parietal_Inf_L	Parietal_Inf_R	SupraMarginal_L	SupraMarginal_R	Angular_L	Angular_R	Precuneus_L	Precuneus_R	Paracentral_Lobule_L	Paracentral_Lobule_R	Caudate_L	Caudate_R	Putamen_L	Putamen_R	Pallidum_L	Pallidum_R	Thalamus_L	Thalamus_R	Heschl_L	Heschl_R	Temporal_Sup_L	Temporal_Sup_R	Temporal_Pole_Sup_L	Temporal_Pole_Sup_R	Temporal_Mid_L	Temporal_Mid_R	Temporal_Pole_Mid_L	Temporal_Pole_Mid_R	Temporal_Inf_L	Temporal_Inf_R	Cerebelum_Crus1_L	Cerebelum_Crus1_R	Cerebelum_Crus2_L	Cerebelum_Crus2_R	Cerebelum_3_L	Cerebelum_3_R	Cerebelum_4_5_L	Cerebelum_4_5_R	Cerebelum_6_L	Cerebelum_6_R	Cerebelum_7b_L	Cerebelum_7b_R	Cerebelum_8_L	Cerebelum_8_R	Cerebelum_9_L	Cerebelum_9_R	Cerebelum_10_L	Cerebelum_10_R	Vermis_1_2	Vermis_3	Vermis_4_5	Vermis_6	Vermis_7	Vermis_8	Vermis_9	Vermis_10	
406796	Precentral_L	0	124	9684	1024	0	0	18706	0	0	0	9972	0	1208	0	0	0	10868	0	9312	3886	0	0	0	0	0	0	0	0	13822	0	0	0	102	1870	1066	588	3412	0	90	0	0	0	552	0	156	0	0	0	0	0	3214	0	3418	0	3504	0	30010	0	0	0	6878	0	1840	0	1218	0	704	164	26038	1100	2552	1098	7328	0	592	0	10540	0	6278	0	4374	0	118	0	3364	0	0	0	2624	0	0	0	0	0	0	0	0	0	0	0	0	0	0	0	0	0	0	0	0	0	0	0	0	0	0	0	
297608	Precentral_R	124	0	174	8232	0	0	0	17562	0	0	0	13124	0	370	0	0	0	3956	2270	18134	0	0	86	0	0	0	0	0	0	6842	0	0	342	820	0	0	0	10702	0	194	0	0	0	114	0	102	0	0	0	0	0	0	0	0	0	0	0	12996	0	0	0	1446	0	2506	0	658	0	596	812	13066	502	4630	0	12310	0	1476	384	11838	0	270	0	1128	0	0	0	580	0	0	0	458	0	0	0	0	0	0	0	0	0	0	0	0	0	0	0	0	0	0	0	0	0	0	0	0	0	0	
924872	Frontal_Sup_L	9684	174	0	17330	7284	0	84194	1068	3210	0	15344	404	16690	362	9206	0	8188	0	73932	26430	216	0	42428	13614	1368	0	320	0	34920	376	14466	10906	3020	15764	0	0	1494	88	158	0	0	0	0	0	0	0	0	0	0	0	0	0	0	0	768	0	460	0	0	0	152	0	0	0	0	0	0	0	488	0	10326	4156	22554	778	1540	254	596	0	216	0	4510	0	2376	0	0	0	0	0	624	0	0	0	0	0	0	0	0	0	0	0	0	0	0	0	0	0	0	0	0	0	0	0	0	0	0	0	
876760	Frontal_Sup_R	1024	8232	17330	0	0	5552	8382	32578	0	944	96	8730	842	5970	362	3968	0	2922	37714	71252	0	1952	15498	39758	0	6036	0	2592	3040	14258	6838	31152	2160	24406	0	0	0	4296	0	338	0	492	0	0	0	0	0	0	0	0	0	0	0	0	0	0	0	736	0	0	0	180	0	134	0	0	0	0	96	0	6562	30776	246	26750	0	4462	0	9492	0	0	0	0	0	232	0	0	0	0	0	0	0	0	0	0	0	0	0	0	0	0	0	0	0	0	0	0	0	0	0	0	0	0	0	0	0	0	
162072	Frontal_Sup_Orb_L	0	0	7284	0	0	0	1770	0	12778	0	0	0	612	0	17704	0	0	0	0	0	6316	1590	1538	0	3286	566	9736	1184	5136	0	6326	1210	0	0	0	0	0	0	408	0	370	0	0	0	0	0	0	0	0	0	0	0	0	0	0	0	0	0	0	0	0	0	0	0	0	0	0	0	0	0	712	0	1134	0	0	0	0	0	0	0	0	0	1376	0	0	0	0	0	0	0	0	0	0	0	0	0	0	0	0	0	0	0	0	0	0	0	0	0	0	0	0	0	0	0	0	0	
68060	Frontal_Sup_Orb_R	0	0	0	5552	0	0	0	390	0	2274	0	0	0	0	0	1800	0	0	0	0	0	1788	0	1974	0	8076	0	6812	0	1666	0	434	0	0	0	0	0	0	0	116	0	114	0	0	0	0	0	0	0	0	0	0	0	0	0	0	0	0	0	0	0	0	0	0	0	0	0	0	0	0	0	1454	0	1580	0	0	0	0	0	0	0	0	0	0	0	0	0	0	0	0	0	0	0	0	0	0	0	0	0	0	0	0	0	0	0	0	0	0	0	0	0	0	0	0	0	0	
605080	Frontal_Mid_L	18706	0	84194	8382	1770	0	0	268	1868	0	13156	86	37780	242	5514	0	846	0	24240	10038	0	0	18030	5254	0	0	0	0	26526	266	7234	6108	1250	6626	0	0	858	0	114	0	0	0	0	0	0	0	0	0	0	0	0	0	0	0	522	0	588	0	0	0	0	0	0	0	0	0	0	0	156	0	7960	3348	6904	344	272	104	422	0	330	0	1324	0	578	0	0	0	0	0	332	0	0	0	0	0	0	0	0	0	0	0	0	0	0	0	0	0	0	0	0	0	0	0	0	0	0	0	
263184	Frontal_Mid_R	0	17562	1068	32578	0	390	268	0	0	1606	0	14150	164	11906	0	2180	0	1100	3694	5242	0	0	300	1022	0	0	0	0	200	6584	142	880	276	2240	0	0	0	4592	0	98	0	0	0	0	0	0	0	0	0	0	0	0	0	0	0	0	0	1042	0	0	0	512	0	488	0	184	0	0	0	0	308	6108	0	11688	0	1482	0	1440	0	0	0	98	0	0	0	0	0	0	0	0	0	0	0	0	0	0	0	0	0	0	0	0	0	0	0	0	0	0	0	0	0	0	0	0	0	0	
77940	Frontal_Mid_Orb_L	0	0	3210	0	12778	0	1868	0	0	0	0	0	602	0	14786	0	0	0	0	0	492	0	180	0	522	0	1980	0	978	0	792	0	0	0	0	0	0	0	0	0	0	0	0	0	0	0	0	0	0	0	0	0	0	0	0	0	0	0	0	0	0	0	0	0	0	0	0	0	0	0	0	0	142	0	0	0	0	0	0	0	0	0	640	0	0	0	0	0	0	0	0	0	0	0	0	0	0	0	0	0	0	0	0	0	0	0	0	0	0	0	0	0	0	0	0	0	
73868	Frontal_Mid_Orb_R	0	0	0	944	0	2274	0	1606	0	0	0	560	0	314	0	14928	0	0	760	786	0	1108	0	0	0	136	0	800	0	5622	0	0	0	0	0	0	0	478	0	0	0	1150	0	0	0	0	0	0	0	0	0	0	0	0	0	0	0	0	0	0	0	0	0	0	0	0	0	0	0	0	0	724	0	4744	0	0	0	0	0	0	0	0	0	0	0	0	0	0	0	0	0	0	0	0	0	0	0	0	0	0	0	0	0	0	0	0	0	0	0	0	0	0	0	0	0	0	
179716	Frontal_Inf_Oper_L	9972	0	15344	96	0	0	13156	0	0	0	0	0	12528	0	0	0	9406	0	4206	202	0	0	0	0	0	0	0	0	14168	0	224	134	0	0	0	0	172	0	0	0	0	0	0	0	0	0	0	0	0	0	0	0	0	0	0	0	1216	0	0	0	132	0	0	0	0	0	0	0	0	0	0	124	1296	0	0	0	162	0	692	0	4724	0	1904	0	0	0	0	0	0	0	0	0	0	0	0	0	0	0	0	0	0	0	0	0	0	0	0	0	0	0	0	0	0	0	0	0	
226824	Frontal_Inf_Oper_R	0	13124	404	8730	0	0	86	14150	0	560	0	0	0	13214	0	708	0	5036	5088	6560	0	0	90	0	0	0	0	0	0	22904	0	604	0	692	0	0	0	1988	0	0	0	0	0	0	0	0	0	0	0	0	0	0	0	0	0	0	0	1148	0	0	0	0	0	0	0	0	0	0	0	0	0	4740	0	12646	0	368	0	118	0	112	0	186	0	156	0	0	0	0	0	0	0	0	0	0	0	0	0	0	0	0	0	0	0	0	0	0	0	0	0	0	0	0	0	0	0	0	
246612	Frontal_Inf_Tri_L	1208	0	16690	842	612	0	37780	164	602	0	12528	0	0	154	11030	0	288	0	8228	1070	0	0	118	0	0	0	0	0	25266	152	300	122	0	178	0	0	0	0	0	0	0	0	0	0	0	0	0	0	0	0	0	0	0	0	0	0	0	0	0	0	0	0	0	0	0	0	0	0	0	0	2554	1470	1610	0	0	0	0	0	0	0	148	0	192	0	0	0	0	0	0	0	0	0	0	0	0	0	0	0	0	0	0	0	0	0	0	0	0	0	0	0	0	0	0	0	0	0	
141248	Frontal_Inf_Tri_R	0	370	362	5970	0	0	242	11906	0	314	0	13214	154	0	0	1676	0	94	2226	4632	0	0	120	214	0	0	0	0	218	18724	0	946	0	2228	0	0	0	158	0	0	0	0	0	0	0	0	0	0	0	0	0	0	0	0	0	0	0	0	0	0	0	0	0	0	0	0	0	0	0	0	336	2586	0	3934	0	0	0	0	0	0	0	0	0	0	0	0	0	0	0	0	0	0	0	0	0	0	0	0	0	0	0	0	0	0	0	0	0	0	0	0	0	0	0	0	0	0	
211720	Frontal_Inf_Orb_L	0	0	9206	362	17704	0	5514	0	14786	0	0	0	11030	0	0	0	0	0	1892	546	4378	0	1068	0	2794	0	5096	0	16384	0	4942	0	0	0	0	0	0	0	360	0	324	0	0	0	0	0	0	0	0	0	0	0	0	0	0	0	0	0	0	0	0	0	0	0	0	0	0	0	0	0	926	238	4054	0	0	0	0	0	0	0	0	0	4256	0	0	0	0	0	0	0	0	0	0	0	0	0	0	0	0	0	0	0	0	0	0	0	0	0	0	0	0	0	0	0	0	0	
89200	Frontal_Inf_Orb_R	0	0	0	3968	0	1800	0	2180	0	14928	0	708	0	1676	0	0	0	0	822	862	0	1064	0	0	0	142	0	912	0	8200	0	0	0	0	0	0	0	478	0	0	0	1150	0	0	0	0	0	0	0	0	0	0	0	0	0	0	0	0	0	0	0	0	0	0	0	0	0	0	0	0	0	1066	0	4644	0	0	0	0	0	0	0	0	0	0	0	0	0	0	0	0	0	0	0	0	0	0	0	0	0	0	0	0	0	0	0	0	0	0	0	0	0	0	0	0	0	0	
174272	Rolandic_Oper_L	10868	0	8188	0	0	0	846	0	0	0	9406	0	288	0	0	0	0	0	1420	130	0	0	0	0	0	0	0	0	15040	0	0	0	0	0	112	108	338	0	0	0	0	0	0	0	0	0	0	0	0	0	2912	0	0	0	86	0	9264	0	0	0	1198	0	3062	0	1568	0	102	0	268	0	0	0	598	0	0	0	122	0	6380	0	9820	0	1314	0	3530	0	0	0	168	0	0	0	0	0	0	0	0	0	0	0	0	0	0	0	0	0	0	0	0	0	0	0	0	0	0	0	
95396	Rolandic_Oper_R	0	3956	0	2922	0	0	0	1100	0	0	0	5036	0	94	0	0	0	0	1382	3856	0	0	0	0	0	0	0	0	0	11078	0	0	0	0	0	0	0	976	0	0	0	0	0	0	0	0	0	0	0	0	0	0	0	0	0	0	0	4396	0	0	0	98	0	2774	0	0	0	0	0	242	0	1068	0	5552	0	112	0	0	0	974	0	1922	0	160	0	0	0	0	0	0	0	0	0	0	0	0	0	0	0	0	0	0	0	0	0	0	0	0	0	0	0	0	0	0	0	0	
1.026e+06	Supp_Motor_Area_L	9312	2270	73932	37714	0	0	24240	3694	0	760	4206	5088	8228	2226	1892	822	1420	1382	0	81566	126	0	9582	7116	0	0	0	0	17996	6440	5020	9542	11960	33802	182	0	2434	526	120	0	0	0	0	0	0	0	0	0	0	0	0	0	0	0	252	0	716	0	0	0	124	0	0	0	0	0	142	0	32954	3250	15832	21592	21394	11778	8130	122	28540	1282	300	0	1530	0	1046	150	0	0	0	0	268	0	0	0	0	0	0	0	0	0	0	0	0	0	0	0	0	0	0	0	0	0	0	0	0	0	0	0	
1.01789e+06	Supp_Motor_Area_R	3886	18134	26430	71252	0	0	10038	5242	0	786	202	6560	1070	4632	546	862	130	3856	81566	0	0	0	5244	7902	0	0	0	0	3740	10224	3264	11110	8414	59978	1388	2262	114	4428	0	164	0	0	0	196	0	0	0	0	0	0	0	0	0	0	0	0	208	2820	0	0	132	0	0	0	0	0	388	652	10830	27674	9054	47256	558	16314	0	1926	1548	35688	0	0	0	128	0	150	0	0	0	0	0	0	0	0	0	0	0	0	0	0	0	0	0	0	0	0	0	0	0	0	0	0	0	0	0	0	0	0	
120504	Olfactory_L	0	0	216	0	6316	0	0	0	492	0	0	0	0	0	4378	0	0	0	126	0	0	8228	136	0	1566	1368	9590	2942	3294	0	7872	2704	0	0	0	0	0	0	904	0	594	0	0	0	0	0	0	0	0	0	0	0	0	0	0	0	0	0	0	0	0	0	0	0	0	0	0	0	0	0	7048	1126	740	0	0	0	124	0	0	0	0	0	488	0	0	0	0	0	0	0	0	0	0	0	0	0	0	0	0	0	0	0	0	0	0	0	0	0	0	0	0	0	0	0	0	0	
98848	Olfactory_R	0	0	0	1952	1590	1788	0	0	0	1108	0	0	0	0	0	1064	0	0	0	0	8228	0	0	662	0	2764	4652	4832	0	3160	4530	2768	0	0	0	0	0	302	0	260	0	1664	0	0	0	0	0	0	0	0	0	0	0	0	0	0	0	0	0	0	0	0	0	0	0	0	0	0	0	0	6584	1234	94	94	0	0	0	0	0	0	0	0	0	94	0	0	0	0	0	0	0	0	0	0	0	0	0	0	0	0	0	0	0	0	0	0	0	0	0	0	0	0	0	0	0	0	
452148	Frontal_Sup_Medial_L	0	86	42428	15498	1538	0	18030	300	180	0	0	90	118	120	1068	0	0	0	9582	5244	136	0	0	37134	1826	150	390	0	626	0	24214	29676	6022	22614	0	0	0	0	0	0	0	0	0	0	0	0	0	0	0	0	0	0	0	0	0	0	0	0	0	0	0	0	0	0	0	0	0	0	0	0	1142	1938	3954	1260	0	610	0	0	0	0	0	0	100	0	0	0	0	0	0	0	0	0	0	0	0	0	0	0	0	0	0	0	0	0	0	0	0	0	0	0	0	0	0	0	0	0	
417128	Frontal_Sup_Medial_R	0	0	13614	39758	0	1974	5254	1022	0	0	0	0	0	214	0	0	0	0	7116	7902	0	662	37134	0	308	5028	0	1354	0	866	11122	36292	1598	20120	0	0	0	0	0	0	0	196	0	0	0	0	0	0	0	0	0	0	0	0	0	0	0	0	0	0	0	0	0	0	0	0	0	0	0	0	452	7588	1338	6718	0	934	0	0	0	0	0	0	0	0	0	0	0	0	0	0	0	0	0	0	0	0	0	0	0	0	0	0	0	0	0	0	0	0	0	0	0	0	0	0	0	0	
46036	Frontal_Med_Orb_L	0	0	1368	0	3286	0	0	0	522	0	0	0	0	0	2794	0	0	0	0	0	1566	0	1826	308	0	526	2086	104	1214	0	5910	390	0	0	0	0	0	0	0	0	0	0	0	0	0	0	0	0	0	0	0	0	0	0	0	0	0	0	0	0	0	0	0	0	0	0	0	0	0	0	0	0	738	0	0	0	0	0	0	0	0	0	380	0	0	0	0	0	0	0	0	0	0	0	0	0	0	0	0	0	0	0	0	0	0	0	0	0	0	0	0	0	0	0	0	0	
91360	Frontal_Med_Orb_R	0	0	0	6036	566	8076	0	0	0	136	0	0	0	0	0	142	0	0	0	0	1368	2764	150	5028	526	0	1268	7494	0	1568	1430	3766	0	0	0	0	0	0	0	246	0	358	0	0	0	0	0	0	0	0	0	0	0	0	0	0	0	0	0	0	0	0	0	0	0	0	0	0	0	0	962	2036	0	1674	0	0	0	0	0	0	0	0	0	86	0	0	0	0	0	0	0	0	0	0	0	0	0	0	0	0	0	0	0	0	0	0	0	0	0	0	0	0	0	0	0	0	
108804	Rectus_L	0	0	320	0	9736	0	0	0	1980	0	0	0	0	0	5096	0	0	0	0	0	9590	4652	390	0	2086	1268	0	2188	2120	0	7362	1808	0	0	0	0	0	0	0	0	138	0	0	0	0	0	0	0	0	0	0	0	0	0	0	0	0	0	0	0	0	0	0	0	0	0	0	0	0	0	3824	148	1368	0	0	0	0	0	0	0	0	0	328	0	0	0	0	0	0	0	0	0	0	0	0	0	0	0	0	0	0	0	0	0	0	0	0	0	0	0	0	0	0	0	0	0	
80556	Rectus_R	0	0	0	2592	1184	6812	0	0	0	800	0	0	0	0	0	912	0	0	0	0	2942	4832	0	1354	104	7494	2188	0	0	940	1582	3554	0	0	0	0	0	0	0	0	0	0	0	0	0	0	0	0	0	0	0	0	0	0	0	0	0	0	0	0	0	0	0	0	0	0	0	0	0	0	2030	686	0	272	0	0	0	0	0	0	0	0	0	0	0	0	0	0	0	0	0	0	0	0	0	0	0	0	0	0	0	0	0	0	0	0	0	0	0	0	0	0	0	0	0	0	
553688	Insula_L	13822	0	34920	3040	5136	0	26526	200	978	0	14168	0	25266	218	16384	0	15040	0	17996	3740	3294	0	626	0	1214	0	2120	0	0	226	2872	188	0	494	330	322	6764	0	1766	0	1960	0	86	0	0	0	0	0	0	0	1004	0	1004	0	5034	0	5770	0	0	0	138	0	678	0	148	0	106	0	1004	0	8020	3030	17984	0	0	0	1056	0	7548	0	11288	0	8592	0	1418	0	0	0	3326	0	0	0	0	0	0	0	0	0	0	0	0	0	0	0	0	0	0	0	0	0	0	0	0	0	0	0	
367348	Insula_R	0	6842	376	14258	0	1666	266	6584	0	5622	0	22904	152	18724	0	8200	0	11078	6440	10224	0	3160	0	866	0	1568	0	940	226	0	0	722	0	1970	0	802	0	7762	0	950	0	3296	0	332	0	0	0	104	0	0	0	0	0	128	0	2120	0	2798	0	110	0	92	0	626	0	0	0	1286	0	1802	336	5488	0	21764	0	116	0	504	0	1898	0	4862	0	286	0	1362	0	0	0	2062	0	0	0	0	0	0	0	0	0	0	0	0	0	0	0	0	0	0	0	0	0	0	0	0	0	0	
353852	Cingulum_Ant_L	0	0	14466	6838	6326	0	7234	142	792	0	224	0	300	0	4942	0	0	0	5020	3264	7872	4530	24214	11122	5910	1430	7362	1582	2872	0	0	31300	5074	13430	0	0	0	0	152	0	0	0	0	0	0	0	0	0	0	0	0	0	0	0	0	0	0	0	0	0	0	0	0	0	0	0	0	0	0	0	4004	2206	2784	658	0	360	0	0	0	0	0	0	516	0	0	0	0	0	0	0	0	0	0	0	0	0	0	0	0	0	0	0	0	0	0	0	0	0	0	0	0	0	0	0	0	0	
510940	Cingulum_Ant_R	0	0	10906	31152	1210	434	6108	880	0	0	134	604	122	946	0	0	0	0	9542	11110	2704	2768	29676	36292	390	3766	1808	3554	188	722	31300	0	4868	33580	0	0	0	0	0	0	0	0	0	0	0	0	0	0	0	0	0	0	0	0	0	0	0	0	0	0	0	0	0	0	0	0	0	0	0	0	2322	15780	1196	9810	0	1598	0	0	0	0	0	0	0	0	0	0	0	0	0	0	0	0	0	0	0	0	0	0	0	0	0	0	0	0	0	0	0	0	0	0	0	0	0	0	0	0	
167260	Cingulum_Mid_L	102	342	3020	2160	0	0	1250	276	0	0	0	0	0	0	0	0	0	0	11960	8414	0	0	6022	1598	0	0	0	0	0	0	5074	4868	0	20084	1566	366	0	124	0	0	0	0	246	264	202	768	0	0	212	746	654	516	0	0	0	0	186	0	686	0	466	0	0	0	184	0	3514	2094	3514	1410	112	182	0	204	0	0	118	126	0	0	0	0	0	0	0	0	0	0	0	0	0	0	0	0	0	0	0	0	0	0	0	0	0	0	0	0	0	0	0	0	0	0	0	0	0	0	
662112	Cingulum_Mid_R	1870	820	15764	24406	0	0	6626	2240	0	0	0	692	178	2228	0	0	0	0	33802	59978	0	0	22614	20120	0	0	0	0	494	1970	13430	33580	20084	0	2048	5270	0	530	0	0	0	0	0	2012	0	2736	0	422	0	2302	0	1682	0	92	0	0	0	2514	0	0	0	98	0	98	0	98	1634	10728	9242	18032	1530	4666	210	1092	0	268	1242	876	0	0	0	0	0	0	0	642	0	0	0	96	0	0	0	0	0	0	0	0	0	0	0	0	0	0	0	0	0	0	0	0	0	0	0	0	0	0	
92036	Cingulum_Post_L	1066	0	0	0	0	0	0	0	0	0	0	0	0	0	0	0	112	0	182	1388	0	0	0	0	0	0	0	0	330	0	0	0	1566	2048	0	9308	5212	1704	834	624	0	0	2198	0	498	0	560	350	556	0	974	0	0	0	128	0	184	174	228	0	108	0	0	0	0	0	4842	1808	3544	1296	0	0	132	0	0	0	2488	620	250	0	130	0	0	0	256	0	0	0	144	0	0	0	0	0	0	88	0	88	0	0	0	0	0	0	0	0	0	0	0	0	0	0	0	0	0	0	
101680	Cingulum_Post_R	588	0	0	0	0	0	0	0	0	0	0	0	0	0	0	0	108	0	0	2262	0	0	0	0	0	0	0	0	322	802	0	0	366	5270	9308	0	3188	4314	394	1334	0	0	0	424	0	0	166	1400	0	0	528	0	0	0	0	0	130	1514	214	0	0	0	0	0	0	0	1244	6626	1222	3694	0	0	132	0	0	0	3142	1166	240	0	118	0	0	0	88	0	0	0	0	0	0	0	0	0	0	120	0	164	0	0	0	0	0	0	0	0	0	0	0	0	252	0	0	0	0	0	
181780	Hippocampus_L	3412	0	1494	0	0	0	858	0	0	0	172	0	0	0	0	0	338	0	2434	114	0	0	0	0	0	0	0	0	6764	0	0	0	0	0	5212	3188	0	1706	10996	836	4910	0	2098	0	0	0	3306	306	0	0	150	0	418	0	11838	0	452	0	0	0	0	0	0	0	0	0	2860	138	2884	0	0	0	4866	0	390	0	4062	1020	1878	0	1724	0	1380	0	524	0	636	0	7284	0	0	0	0	0	0	122	0	120	0	0	0	0	0	0	0	0	0	0	0	0	0	0	0	0	0	0	
245016	Hippocampus_R	0	10702	88	4296	0	0	0	4592	0	478	0	1988	0	158	0	478	0	976	526	4428	0	302	0	0	0	0	0	0	0	7762	0	0	124	530	1704	4314	1706	0	366	13410	0	9128	0	402	0	0	150	2840	0	0	0	0	0	440	0	13528	0	1176	0	0	0	0	0	470	0	0	0	3212	0	2930	0	178	0	13580	0	290	1776	4154	0	744	0	1410	0	462	0	782	0	0	0	4690	0	0	0	0	0	328	0	588	0	0	0	0	0	0	0	0	0	0	0	0	322	0	0	0	0	0	
73820	ParaHippocampal_L	90	0	158	0	408	0	114	0	0	0	0	0	0	0	360	0	0	0	120	0	904	0	0	0	0	0	0	0	1766	0	152	0	0	0	834	394	10996	366	0	174	2842	0	202	0	0	0	3262	0	0	0	0	0	304	0	7598	0	0	0	0	0	0	0	0	0	0	0	536	0	0	0	0	0	344	0	0	0	570	0	0	0	344	0	592	0	0	0	922	0	2278	0	0	0	0	0	114	0	166	0	0	0	0	0	0	0	0	0	0	0	0	0	0	0	0	0	0	0	
95948	ParaHippocampal_R	0	194	0	338	0	116	0	98	0	0	0	0	0	0	0	0	0	0	0	164	0	260	0	0	0	246	0	0	0	950	0	0	0	0	624	1334	836	13410	174	0	0	2484	0	188	0	0	0	4228	0	0	0	0	0	574	0	10776	0	0	0	0	0	0	0	0	0	0	0	900	0	0	0	0	0	710	0	0	1084	1642	0	258	0	168	0	1226	0	340	0	446	0	2724	0	0	0	0	0	558	0	924	0	0	0	0	0	0	0	0	0	0	0	0	0	0	0	0	0	0	
28520	Amygdala_L	0	0	0	0	370	0	0	0	0	0	0	0	0	0	324	0	0	0	0	0	594	0	0	0	0	0	138	0	1960	0	0	0	0	0	0	0	4910	0	2842	0	0	0	0	0	0	0	0	0	0	0	0	0	0	0	2074	0	0	0	0	0	0	0	0	0	0	0	0	0	0	0	0	0	324	0	0	0	0	0	0	0	86	0	152	0	0	0	302	0	184	0	0	0	0	0	0	0	0	0	0	0	0	0	0	0	0	0	0	0	0	0	0	0	0	0	0	0	
55448	Amygdala_R	0	0	0	492	0	114	0	0	0	1150	0	0	0	0	0	1150	0	0	0	0	0	1664	0	196	0	358	0	0	0	3296	0	0	0	0	0	0	0	9128	0	2484	0	0	0	0	0	0	0	0	0	0	0	0	0	0	0	3954	0	0	0	0	0	0	0	0	0	0	0	0	0	0	0	0	0	1408	0	0	0	0	0	0	0	364	0	806	0	0	0	0	0	1160	0	0	0	0	0	0	0	0	0	0	0	0	0	0	0	0	0	0	0	0	0	0	0	0	0	0	
206700	Calcarine_L	552	0	0	0	0	0	0	0	0	0	0	0	0	0	0	0	0	0	0	0	0	0	0	0	0	0	0	0	86	0	0	0	246	0	2198	0	2098	0	202	0	0	0	0	4584	11700	3540	12028	990	5556	836	22036	314	3716	0	2236	214	0	0	1100	0	94	0	0	0	0	0	17664	1844	456	0	0	0	0	0	0	0	0	0	452	0	490	0	0	0	3596	0	0	0	1770	0	0	164	0	0	0	0	0	614	90	642	0	0	0	0	0	0	0	0	0	0	848	394	0	0	0	0	
250704	Calcarine_R	0	114	0	0	0	0	0	0	0	0	0	0	0	0	0	0	0	0	0	196	0	0	0	0	0	0	0	0	0	332	0	0	264	2012	0	424	0	402	0	188	0	0	4584	0	2860	24078	1060	13034	0	18908	0	15772	0	4086	0	3484	0	1314	0	864	0	0	0	0	0	0	1312	19590	150	3234	0	0	0	0	0	0	0	0	0	0	0	90	0	0	0	5174	0	0	0	1596	0	0	0	0	0	0	0	0	0	0	0	0	0	0	0	0	0	0	0	0	0	230	0	0	0	0	
127508	Cuneus_L	156	0	0	0	0	0	0	0	0	0	0	0	0	0	0	0	0	0	0	0	0	0	0	0	0	0	0	0	0	0	0	0	202	0	498	0	0	0	0	0	0	0	11700	2860	0	5056	1106	0	13244	2290	11434	146	100	0	86	0	0	0	690	0	0	0	0	0	0	0	9544	2086	146	0	0	0	0	0	0	0	0	0	174	0	194	0	0	0	1374	0	0	0	668	0	0	0	0	0	0	0	0	0	0	0	0	0	0	0	0	0	0	0	0	0	0	0	0	0	0	0	
259604	Cuneus_R	0	102	0	0	0	0	0	0	0	0	0	0	0	0	0	0	0	0	0	0	0	0	0	0	0	0	0	0	0	0	0	0	768	2736	0	0	0	0	0	0	0	0	3540	24078	5056	0	142	3030	0	35350	0	15444	0	672	0	980	0	658	0	2864	0	248	0	0	0	292	2744	24008	86	2892	0	0	0	0	0	0	0	0	0	0	0	0	0	0	0	3258	0	0	0	854	0	0	0	0	0	0	0	0	0	0	0	0	0	0	0	0	0	0	0	0	0	0	0	0	0	0	
263788	Lingual_L	0	0	0	0	0	0	0	0	0	0	0	0	0	0	0	0	0	0	0	0	0	0	0	0	0	0	0	0	0	0	0	0	0	0	560	166	3306	150	3262	0	0	0	12028	1060	1106	142	0	3778	2308	246	21996	212	12720	0	19194	1896	0	0	0	0	0	0	0	0	0	0	2076	0	0	0	0	0	0	0	0	0	232	0	0	0	0	0	0	0	328	0	0	0	1812	0	6032	832	0	0	0	0	8084	1918	11648	2394	0	0	0	0	0	922	0	0	0	0	5396	4174	444	0	542	930	
205108	Lingual_R	0	0	0	0	0	0	0	0	0	0	0	0	0	0	0	0	0	0	0	0	0	0	0	0	0	0	0	0	0	104	0	0	0	422	350	1400	306	2840	0	4228	0	0	990	13034	0	3030	3778	0	0	6218	0	5748	90	2984	898	16806	0	104	0	0	0	0	0	0	0	0	0	3752	0	234	0	0	0	0	0	0	384	508	0	0	0	0	0	0	0	220	0	0	0	1132	1424	2852	222	0	0	606	1668	4178	3552	6832	0	0	0	0	0	0	0	0	0	96	4308	6518	738	0	0	0	
117448	Occipital_Sup_L	0	0	0	0	0	0	0	0	0	0	0	0	0	0	0	0	0	0	0	0	0	0	0	0	0	0	0	0	0	0	0	0	212	0	556	0	0	0	0	0	0	0	5556	0	13244	0	2308	0	0	0	18036	0	258	0	94	0	0	0	5688	0	274	0	0	0	0	0	12128	250	0	0	0	0	0	0	0	0	0	0	0	0	0	0	0	0	120	0	0	0	0	0	0	0	0	0	0	0	0	0	0	0	0	0	0	0	0	0	0	0	0	0	0	0	0	0	0	0	
254956	Occipital_Sup_R	0	0	0	0	0	0	0	0	0	0	0	0	0	0	0	0	0	0	0	0	0	0	0	0	0	0	0	0	0	0	0	0	746	2302	0	0	0	0	0	0	0	0	836	18908	2290	35350	246	6218	0	0	0	22698	0	1148	0	1868	0	552	0	5990	0	260	0	0	0	856	1652	20496	0	2008	0	0	0	0	0	0	0	0	0	0	0	0	0	0	0	2712	0	0	0	342	0	0	0	0	0	0	0	0	0	0	0	0	0	0	0	0	0	0	0	0	0	0	0	0	0	0	
439064	Occipital_Mid_L	3214	0	0	0	0	0	0	0	0	0	0	0	0	0	0	0	2912	0	0	0	0	0	0	0	0	0	0	0	1004	0	0	0	654	0	974	528	150	0	0	0	0	0	22036	0	11434	0	21996	0	18036	0	0	0	19306	0	9858	0	2056	0	5040	0	12972	0	4596	0	17024	0	19952	1116	2644	0	0	0	0	0	0	0	0	0	6170	0	3204	0	0	0	25312	0	0	0	6742	0	278	0	0	0	0	0	0	0	324	0	0	0	0	0	0	0	0	0	0	0	0	0	0	0	0	0	
190964	Occipital_Mid_R	0	0	0	0	0	0	0	0	0	0	0	0	0	0	0	0	0	0	0	0	0	0	0	0	0	0	0	0	0	0	0	0	516	1682	0	0	0	0	0	0	0	0	314	15772	146	15444	212	5748	0	22698	0	0	0	2624	0	1912	0	472	0	1232	0	988	0	0	0	5126	610	10316	0	900	0	0	0	0	0	0	0	0	0	0	0	0	0	0	0	8572	0	0	0	198	0	0	0	0	0	0	0	0	0	0	0	0	0	0	0	0	0	0	0	0	0	0	0	0	0	0	
159272	Occipital_Inf_L	3418	0	0	0	0	0	0	0	0	0	0	0	0	0	0	0	0	0	0	0	0	0	0	0	0	0	0	0	1004	0	0	0	0	0	0	0	418	0	304	0	0	0	3716	0	100	0	12720	90	258	0	19306	0	0	0	21372	0	1200	0	0	0	0	0	0	0	0	0	688	0	1946	0	0	0	0	0	0	0	0	0	512	0	168	0	0	0	3798	0	0	0	6296	0	870	0	0	0	0	0	0	0	1226	0	0	0	0	0	0	0	0	0	0	0	0	226	0	0	0	0	
52992	Occipital_Inf_R	0	0	0	0	0	0	0	0	0	0	0	0	0	0	0	0	0	0	0	0	0	0	0	0	0	0	0	0	0	128	0	0	0	92	0	0	0	440	0	574	0	0	0	4086	0	672	0	2984	0	1148	0	2624	0	0	0	4048	0	336	0	224	0	0	0	0	0	0	110	1994	0	392	0	0	0	0	0	0	0	0	0	0	0	328	0	0	0	1080	0	0	0	4936	0	0	0	0	0	0	0	0	0	122	0	0	0	0	0	0	0	0	0	0	0	178	0	0	0	0	
343188	Fusiform_L	3504	0	768	0	0	0	522	0	0	0	0	0	0	0	0	0	86	0	252	0	0	0	0	0	0	0	0	0	5034	0	0	0	0	0	128	0	11838	0	7598	0	2074	0	2236	0	86	0	19194	898	94	0	9858	0	21372	0	0	288	1198	0	0	0	0	0	0	0	0	0	470	0	1956	0	0	0	1280	0	0	0	222	0	512	0	1730	0	2364	0	3858	0	2104	0	16914	0	16396	300	0	0	132	0	10876	146	20900	570	0	0	0	0	0	224	0	0	0	0	1404	1694	104	0	190	220	
255360	Fusiform_R	0	0	0	0	0	0	0	0	0	0	0	0	0	0	0	0	0	0	0	0	0	0	0	0	0	0	0	0	0	2120	0	0	0	0	0	0	0	13528	0	10776	0	3954	214	3484	0	980	1896	16806	0	1868	0	1912	0	4048	288	0	0	0	0	0	0	0	0	0	0	0	0	666	0	0	0	0	0	510	0	0	0	0	0	210	0	2838	0	2476	0	2830	0	1158	0	13356	726	8432	0	0	0	348	1476	6570	1854	13712	0	0	0	0	132	0	0	0	0	0	4786	3470	256	0	0	0	
215572	Postcentral_L	30010	0	460	0	0	0	588	0	0	0	1216	0	0	0	0	0	9264	0	716	208	0	0	0	0	0	0	0	0	5770	0	0	0	186	0	184	130	452	0	0	0	0	0	0	0	0	0	0	0	0	0	2056	0	1200	0	1198	0	0	0	6396	0	16410	0	7766	0	2652	0	3390	0	6236	0	128	404	1274	0	198	0	454	0	3122	0	3190	0	0	0	1764	0	0	0	764	0	0	0	0	0	0	0	0	0	0	0	0	0	0	0	0	0	0	0	0	0	0	0	0	0	0	0	
158600	Postcentral_R	0	12996	0	736	0	0	0	1042	0	0	0	1148	0	0	0	0	0	4396	0	2820	0	0	0	0	0	0	0	0	0	2798	0	0	0	2514	174	1514	0	1176	0	0	0	0	0	1314	0	658	0	104	0	552	0	472	0	336	0	0	0	0	0	3268	0	4262	0	11320	0	1382	222	4988	0	12132	104	0	0	794	0	0	0	128	0	0	0	1428	0	0	0	3472	0	0	0	1050	0	0	0	0	0	0	0	0	0	0	0	0	0	0	0	0	0	0	0	0	0	0	0	0	0	0	
101820	Parietal_Sup_L	0	0	0	0	0	0	0	0	0	0	0	0	0	0	0	0	0	0	0	0	0	0	0	0	0	0	0	0	0	0	0	0	686	0	228	214	0	0	0	0	0	0	1100	0	690	0	0	0	5688	0	5040	0	0	0	0	0	6396	0	0	0	10146	0	86	0	1974	0	16552	100	1882	0	0	0	0	0	0	0	0	0	0	0	0	0	0	0	128	0	0	0	0	0	0	0	0	0	0	0	0	0	0	0	0	0	0	0	0	0	0	0	0	0	0	0	0	0	0	0	
68496	Parietal_Sup_R	0	0	0	0	0	0	0	0	0	0	0	0	0	0	0	0	0	0	0	0	0	0	0	0	0	0	0	0	0	110	0	0	0	0	0	0	0	0	0	0	0	0	0	864	0	2864	0	0	0	5990	0	1232	0	224	0	0	0	3268	0	0	0	4802	0	2884	0	2030	128	8730	0	524	0	0	0	0	0	0	0	0	0	0	0	110	0	0	0	488	0	0	0	0	0	0	0	0	0	0	0	0	0	0	0	0	0	0	0	0	0	0	0	0	0	0	0	0	0	0	
212316	Parietal_Inf_L	6878	0	152	0	0	0	0	0	0	0	132	0	0	0	0	0	1198	0	124	132	0	0	0	0	0	0	0	0	138	0	0	0	466	0	108	0	0	0	0	0	0	0	94	0	0	0	0	0	274	0	12972	0	0	0	0	0	16410	0	10146	0	0	0	10004	0	24674	0	3576	0	2816	0	0	86	0	0	0	0	0	0	1536	0	2226	0	0	0	11658	0	0	0	358	0	0	0	0	0	0	0	0	0	0	0	0	0	0	0	0	0	0	0	0	0	0	0	0	0	0	0	
128848	Parietal_Inf_R	0	1446	0	180	0	0	0	512	0	0	0	0	0	0	0	0	0	98	0	0	0	0	0	0	0	0	0	0	0	92	0	0	0	98	0	0	0	0	0	0	0	0	0	0	0	248	0	0	0	260	0	988	0	0	0	0	0	4262	0	4802	0	0	0	15294	0	19958	264	1828	0	356	0	0	0	0	0	0	0	0	0	0	0	4354	0	0	0	8632	0	0	0	752	0	0	0	0	0	0	0	0	0	0	0	0	0	0	0	0	0	0	0	0	0	0	0	0	0	0	
93680	SupraMarginal_L	1840	0	0	0	0	0	0	0	0	0	0	0	0	0	0	0	3062	0	0	0	0	0	0	0	0	0	0	0	678	0	0	0	0	0	0	0	0	0	0	0	0	0	0	0	0	0	0	0	0	0	4596	0	0	0	0	0	7766	0	86	0	10004	0	0	0	6942	0	928	0	378	0	0	0	312	0	0	0	0	0	1408	0	4594	0	0	0	4120	0	0	0	126	0	0	0	0	0	0	0	0	0	0	0	0	0	0	0	0	0	0	0	0	0	0	0	0	0	0	0	
140956	SupraMarginal_R	0	2506	0	134	0	0	0	488	0	0	0	0	0	0	0	0	0	2774	0	0	0	0	0	0	0	0	0	0	0	626	0	0	0	98	0	0	0	470	0	0	0	0	0	0	0	0	0	0	0	0	0	0	0	0	0	0	0	11320	0	2884	0	15294	0	0	0	13928	112	1222	0	662	0	0	0	0	0	0	0	0	0	194	0	6104	0	0	0	9708	0	0	0	1954	0	0	0	0	0	0	0	0	0	0	0	0	0	0	0	0	0	0	0	0	0	0	0	0	0	0	
159836	Angular_L	1218	0	0	0	0	0	0	0	0	0	0	0	0	0	0	0	1568	0	0	0	0	0	0	0	0	0	0	0	148	0	0	0	184	0	0	0	0	0	0	0	0	0	0	0	0	0	0	0	0	0	17024	0	0	0	0	0	2652	0	1974	0	24674	0	6942	0	0	0	1478	0	1022	0	0	0	0	0	0	0	0	0	2020	0	3782	0	0	0	14878	0	0	0	354	0	0	0	0	0	0	0	0	0	0	0	0	0	0	0	0	0	0	0	0	0	0	0	0	0	0	0	
137560	Angular_R	0	658	0	0	0	0	0	184	0	0	0	0	0	0	0	0	0	0	0	0	0	0	0	0	0	0	0	0	0	0	0	0	0	98	0	0	0	0	0	0	0	0	0	0	0	292	0	0	0	856	0	5126	0	0	0	0	0	1382	0	2030	0	19958	0	13928	0	0	306	2220	0	478	0	0	0	0	0	0	0	0	0	0	0	6158	0	0	0	12986	0	0	0	2120	0	0	0	0	0	0	0	0	0	0	0	0	0	0	0	0	0	0	0	0	0	0	0	0	0	0	
276952	Precuneus_L	704	0	0	0	0	0	0	0	0	0	0	0	0	0	0	0	102	0	142	388	0	0	0	0	0	0	0	0	106	0	0	0	3514	1634	4842	1244	2860	0	536	0	0	0	17664	1312	9544	2744	2076	0	12128	1652	19952	610	688	110	470	0	3390	222	16552	128	3576	264	928	112	1478	306	0	11028	3970	1668	0	0	0	0	0	0	0	0	510	0	704	242	0	0	4442	1690	0	0	1956	288	0	0	0	0	0	0	0	0	0	0	0	0	0	0	0	0	0	0	0	0	0	0	0	0	0	0	
343884	Precuneus_R	164	596	0	0	0	0	0	0	0	0	0	0	0	0	0	0	0	0	0	652	0	0	0	0	0	0	0	0	0	1286	0	0	2094	10728	1808	6626	138	3212	0	900	0	0	1844	19590	2086	24008	0	3752	250	20496	1116	10316	0	1994	0	666	0	4988	100	8730	0	1828	0	1222	0	2220	11028	0	702	10668	0	0	0	0	0	0	0	0	0	0	0	768	0	0	538	9762	0	0	308	3882	0	0	0	0	0	0	0	214	0	0	0	0	0	0	0	0	0	0	0	0	662	0	0	0	0	0	
312320	Paracentral_Lobule_L	26038	812	488	96	0	0	156	0	0	0	0	0	0	0	0	0	268	0	32954	10830	0	0	0	0	0	0	0	0	1004	0	0	0	3514	9242	3544	1222	2884	0	0	0	0	0	456	150	146	86	0	0	0	0	2644	0	1946	0	1956	0	6236	0	1882	0	2816	0	378	0	1022	0	3970	702	0	5622	1748	160	3960	0	762	0	21638	260	774	0	488	0	0	0	2142	0	0	0	1164	0	0	0	0	0	0	0	0	0	0	0	0	0	0	0	0	0	0	0	0	0	0	0	0	0	0	0	
255060	Paracentral_Lobule_R	1100	13066	0	0	0	0	0	0	0	0	0	0	0	0	0	0	0	242	3250	27674	0	0	0	0	0	0	0	0	0	1802	0	0	1410	18032	1296	3694	0	2930	0	0	0	0	0	3234	0	2892	0	234	0	2008	0	900	0	392	0	0	0	12132	0	524	0	356	0	662	0	478	1668	10668	5622	0	0	736	166	0	0	0	844	5466	0	0	0	658	0	0	0	2172	0	0	0	1222	0	0	0	0	0	0	0	0	0	0	0	0	0	0	0	0	0	0	0	0	0	0	0	0	0	0	
236016	Caudate_L	2552	502	10326	6562	712	0	7960	308	0	0	0	0	2554	336	926	0	0	0	15832	9054	7048	6584	1142	452	0	962	3824	2030	8020	336	4004	2322	112	1530	0	0	0	0	0	0	0	0	0	0	0	0	0	0	0	0	0	0	0	0	0	0	128	104	0	0	0	0	0	0	0	0	0	0	1748	0	0	6464	6458	190	180	0	6612	134	0	0	0	0	0	0	0	0	0	0	0	0	0	0	0	0	0	0	0	0	0	0	0	0	0	0	0	0	0	0	0	0	0	0	0	0	0	0	
454740	Caudate_R	1098	4630	4156	30776	0	1454	3348	6108	0	724	124	4740	1470	2586	238	1066	0	1068	21592	47256	1126	1234	1938	7588	0	2036	148	686	3030	5488	2206	15780	182	4666	0	0	0	178	0	0	0	0	0	0	0	0	0	0	0	0	0	0	0	0	0	0	404	0	0	0	86	0	0	0	0	0	0	0	160	736	6464	0	452	21462	0	3588	0	15152	0	0	0	0	0	146	0	0	0	0	0	0	0	0	0	0	0	0	0	0	0	0	0	0	0	0	0	0	0	0	0	0	0	0	0	0	0	0	
265920	Putamen_L	7328	0	22554	246	1134	0	6904	0	142	0	1296	0	1610	0	4054	0	598	0	21394	558	740	94	3954	1338	738	0	1368	0	17984	0	2784	1196	0	210	132	132	4866	0	344	0	324	0	0	0	0	0	0	0	0	0	0	0	0	0	1280	0	1274	0	0	0	0	0	312	0	0	0	0	0	3960	166	6458	452	0	0	6636	0	4166	0	146	0	820	0	2636	0	0	0	0	0	632	0	0	0	0	0	0	0	0	0	0	0	0	0	0	0	0	0	0	0	0	0	0	0	0	0	0	0	
408912	Putamen_R	0	12310	778	26750	0	1580	344	11688	0	4744	0	12646	0	3934	0	4644	0	5552	11778	16314	0	94	1260	6718	0	1674	0	272	0	21764	658	9810	204	1092	0	0	0	13580	0	710	0	1408	0	0	0	0	0	0	0	0	0	0	0	0	0	510	0	794	0	0	0	0	0	0	0	0	0	0	0	0	190	21462	0	0	0	5834	0	1992	0	292	0	922	0	154	0	0	0	0	0	0	0	0	0	0	0	0	0	0	0	0	0	0	0	0	0	0	0	0	0	0	0	0	0	0	0	0	
41624	Pallidum_L	592	0	1540	0	0	0	272	0	0	0	0	0	0	0	0	0	0	0	8130	0	0	0	0	0	0	0	0	0	0	0	0	0	0	0	0	0	390	0	0	0	0	0	0	0	0	0	0	0	0	0	0	0	0	0	0	0	198	0	0	0	0	0	0	0	0	0	0	0	762	0	180	0	6636	0	0	0	2112	0	0	0	0	0	0	0	0	0	0	0	0	0	0	0	0	0	0	0	0	0	0	0	0	0	0	0	0	0	0	0	0	0	0	0	0	0	0	0	
48108	Pallidum_R	0	1476	254	4462	0	0	104	1482	0	0	0	368	0	0	0	0	0	112	122	1926	0	0	610	934	0	0	0	0	0	116	360	1598	0	268	0	0	0	290	0	0	0	0	0	0	0	0	0	0	0	0	0	0	0	0	0	0	0	0	0	0	0	0	0	0	0	0	0	0	0	0	0	3588	0	5834	0	0	0	150	0	0	0	0	0	0	0	0	0	0	0	0	0	0	0	0	0	0	0	0	0	0	0	0	0	0	0	0	0	0	0	0	0	0	0	0	0	0	
194052	Thalamus_L	10540	384	596	0	0	0	422	0	0	0	162	0	0	0	0	0	122	0	28540	1548	124	0	0	0	0	0	0	0	1056	0	0	0	118	1242	2488	3142	4062	1776	570	1084	0	0	0	0	0	0	232	384	0	0	0	0	0	0	222	0	454	0	0	0	0	0	0	0	0	0	0	0	21638	844	6612	0	4166	0	2112	0	0	1642	94	0	126	0	0	0	0	0	0	0	252	0	0	0	0	0	0	136	0	136	0	0	0	0	0	0	0	0	0	0	0	0	0	0	0	0	0	0	
191540	Thalamus_R	0	11838	0	9492	0	0	0	1440	0	0	0	118	0	0	0	0	0	0	1282	35688	0	0	0	0	0	0	0	0	0	504	0	0	126	876	620	1166	1020	4154	0	1642	0	0	0	0	0	0	0	508	0	0	0	0	0	0	0	0	0	128	0	0	0	0	0	0	0	0	0	0	260	5466	134	15152	0	1992	0	150	1642	0	0	0	0	0	0	0	0	0	0	0	0	0	0	0	0	0	0	186	0	186	0	0	0	0	0	0	0	0	0	0	0	0	0	0	0	0	0	0	
115032	Heschl_L	6278	0	216	0	0	0	330	0	0	0	692	0	0	0	0	0	6380	0	300	0	0	0	0	0	0	0	0	0	7548	0	0	0	0	0	250	240	1878	0	0	0	0	0	452	0	174	0	0	0	0	0	6170	0	512	0	512	0	3122	0	0	0	1536	0	1408	0	2020	0	510	0	774	0	0	0	146	0	0	0	94	0	0	0	6244	0	0	0	7442	0	0	0	2288	0	0	0	0	0	0	0	0	0	0	0	0	0	0	0	0	0	0	0	0	0	0	0	0	0	0	0	
20964	Heschl_R	0	270	0	0	0	0	0	0	0	0	0	112	0	0	0	0	0	974	0	0	0	0	0	0	0	0	0	0	0	1898	0	0	0	0	0	0	0	744	0	258	0	0	0	0	0	0	0	0	0	0	0	0	0	0	0	210	0	0	0	0	0	0	0	194	0	0	0	0	0	0	0	0	0	292	0	0	0	0	0	0	0	3576	0	0	0	1388	0	0	0	566	0	0	0	0	0	0	0	0	0	0	0	0	0	0	0	0	0	0	0	0	0	0	0	0	0	0	
222288	Temporal_Sup_L	4374	0	4510	0	0	0	1324	0	0	0	4724	0	148	0	0	0	9820	0	1530	0	0	0	0	0	0	0	0	0	11288	0	0	0	0	0	130	118	1724	0	344	0	86	0	490	0	194	0	0	0	0	0	3204	0	168	0	1730	0	3190	0	0	0	2226	0	4594	0	3782	0	704	0	488	0	0	0	820	0	0	0	126	0	6244	0	0	0	2412	0	24236	0	0	0	16416	0	0	0	0	0	0	0	0	0	0	0	0	0	0	0	0	0	0	0	0	0	0	0	0	0	0	0	
122300	Temporal_Sup_R	0	1128	0	0	0	0	0	98	0	0	0	186	0	0	0	0	0	1922	0	128	0	0	0	0	0	0	0	0	0	4862	0	0	0	0	0	0	0	1410	0	168	0	364	0	90	0	0	0	0	0	0	0	0	0	328	0	2838	0	1428	0	110	0	4354	0	6104	0	6158	242	768	0	658	0	0	0	922	0	0	0	0	0	3576	0	0	0	760	0	16748	0	0	0	5800	0	0	0	0	0	0	0	0	0	0	0	0	0	0	0	0	0	0	0	0	0	0	0	0	0	0	
91076	Temporal_Pole_Sup_L	118	0	2376	0	1376	0	578	0	640	0	1904	0	192	0	4256	0	1314	0	1046	0	488	0	100	0	380	0	328	0	8592	0	516	0	0	0	0	0	1380	0	592	0	152	0	0	0	0	0	0	0	0	0	0	0	0	0	2364	0	0	0	0	0	0	0	0	0	0	0	0	0	0	0	0	0	2636	0	0	0	0	0	0	0	2412	0	0	0	3960	0	3232	0	4606	0	0	0	0	0	0	0	0	0	0	0	0	0	0	0	0	0	0	0	0	0	0	0	0	0	0	0	
23036	Temporal_Pole_Sup_R	0	0	0	232	0	0	0	0	0	0	0	156	0	0	0	0	0	160	150	150	0	94	0	0	0	86	0	0	0	286	0	0	0	0	0	0	0	462	0	1226	0	806	0	0	0	0	0	0	0	0	0	0	0	0	0	2476	0	0	0	0	0	0	0	0	0	0	0	0	0	0	0	146	0	154	0	0	0	0	0	0	0	760	0	0	0	292	0	1768	0	2114	0	0	0	0	0	0	0	0	0	0	0	0	0	0	0	0	0	0	0	0	0	0	0	0	0	0	
318048	Temporal_Mid_L	3364	0	0	0	0	0	0	0	0	0	0	0	0	0	0	0	3530	0	0	0	0	0	0	0	0	0	0	0	1418	0	0	0	0	0	256	88	524	0	0	0	0	0	3596	0	1374	0	328	0	120	0	25312	0	3798	0	3858	0	1764	0	128	0	11658	0	4120	0	14878	0	4442	538	2142	0	0	0	0	0	0	0	0	0	7442	0	24236	0	3960	0	0	0	3434	0	32716	0	0	0	0	0	0	0	0	0	0	0	0	0	0	0	0	0	0	0	0	0	0	0	0	0	0	0	
222716	Temporal_Mid_R	0	580	0	0	0	0	0	0	0	0	0	0	0	0	0	0	0	0	0	0	0	0	0	0	0	0	0	0	0	1362	0	0	0	642	0	0	0	782	0	340	0	0	0	5174	0	3258	0	220	0	2712	0	8572	0	1080	0	2830	0	3472	0	488	0	8632	0	9708	0	12986	1690	9762	0	2172	0	0	0	0	0	0	0	0	0	1388	0	16748	0	292	0	0	0	108	0	16360	0	0	0	0	0	0	0	0	0	0	0	0	0	0	0	0	0	0	0	0	0	0	0	0	0	0	
28852	Temporal_Pole_Mid_L	0	0	0	0	0	0	0	0	0	0	0	0	0	0	0	0	0	0	0	0	0	0	0	0	0	0	0	0	0	0	0	0	0	0	0	0	636	0	922	0	302	0	0	0	0	0	0	0	0	0	0	0	0	0	2104	0	0	0	0	0	0	0	0	0	0	0	0	0	0	0	0	0	0	0	0	0	0	0	0	0	0	0	3232	0	3434	0	0	0	3796	0	0	0	0	0	0	0	0	0	0	0	0	0	0	0	0	0	0	0	0	0	0	0	0	0	0	0	
9328	Temporal_Pole_Mid_R	0	0	0	0	0	0	0	0	0	0	0	0	0	0	0	0	0	0	0	0	0	0	0	0	0	0	0	0	0	0	0	0	0	0	0	0	0	0	0	446	0	0	0	0	0	0	0	0	0	0	0	0	0	0	0	1158	0	0	0	0	0	0	0	0	0	0	0	0	0	0	0	0	0	0	0	0	0	0	0	0	0	0	0	1768	0	108	0	0	0	1184	0	0	0	0	0	0	0	0	0	0	0	0	0	0	0	0	0	0	0	0	0	0	0	0	0	0	
240248	Temporal_Inf_L	2624	0	624	0	0	0	332	0	0	0	0	0	0	0	0	0	168	0	268	0	0	0	0	0	0	0	0	0	3326	0	0	0	0	0	144	0	7284	0	2278	0	184	0	1770	0	668	0	1812	0	0	0	6742	0	6296	0	16914	0	764	0	0	0	358	0	126	0	354	0	1956	308	1164	0	0	0	632	0	0	0	252	0	2288	0	16416	0	4606	0	32716	0	3796	0	0	0	2082	0	0	0	0	0	152	0	720	0	0	0	0	0	0	0	0	0	0	0	0	0	0	0	0	0	
144796	Temporal_Inf_R	0	458	0	0	0	0	0	0	0	0	0	0	0	0	0	0	0	0	0	0	0	0	0	0	0	0	0	0	0	2062	0	0	0	96	0	0	0	4690	0	2724	0	1160	0	1596	0	854	0	1132	0	342	0	198	0	4936	0	13356	0	1050	0	0	0	752	0	1954	0	2120	288	3882	0	1222	0	0	0	0	0	0	0	0	0	566	0	5800	0	2114	0	16360	0	1184	0	0	0	1044	0	0	0	0	0	0	0	260	0	0	0	198	0	0	0	0	0	0	0	0	0	0	0	0	
409900	Cerebelum_Crus1_L	0	0	0	0	0	0	0	0	0	0	0	0	0	0	0	0	0	0	0	0	0	0	0	0	0	0	0	0	0	0	0	0	0	0	0	0	0	0	0	0	0	0	0	0	0	0	6032	1424	0	0	278	0	870	0	16396	726	0	0	0	0	0	0	0	0	0	0	0	0	0	0	0	0	0	0	0	0	0	0	0	0	0	0	0	0	0	0	0	0	2082	0	0	1356	26700	3356	594	140	22470	1020	52234	2304	11554	944	14196	3660	4084	872	0	0	0	140	6566	5652	11178	4934	2926	262	
315716	Cerebelum_Crus1_R	0	0	0	0	0	0	0	0	0	0	0	0	0	0	0	0	0	0	0	0	0	0	0	0	0	0	0	0	0	0	0	0	0	0	0	0	0	0	0	0	0	0	164	0	0	0	832	2852	0	0	0	0	0	0	300	8432	0	0	0	0	0	0	0	0	0	0	0	0	0	0	0	0	0	0	0	0	0	0	0	0	0	0	0	0	0	0	0	0	0	1044	1356	0	380	21940	150	2360	1158	12926	2026	47396	194	3554	246	16986	368	2492	88	0	0	778	6810	10784	7590	2734	1918	0	
233444	Cerebelum_Crus2_L	0	0	0	0	0	0	0	0	0	0	0	0	0	0	0	0	0	0	0	0	0	0	0	0	0	0	0	0	0	0	0	0	0	0	0	0	0	0	0	0	0	0	0	0	0	0	0	222	0	0	0	0	0	0	0	0	0	0	0	0	0	0	0	0	0	0	0	0	0	0	0	0	0	0	0	0	0	0	0	0	0	0	0	0	0	0	0	0	0	0	26700	380	0	9396	0	0	0	0	2956	264	24278	3490	21862	4238	2876	134	0	0	0	0	0	686	13334	4852	1054	0	
208776	Cerebelum_Crus2_R	0	0	0	0	0	0	0	0	0	0	0	0	0	0	0	0	0	0	0	0	0	0	0	0	0	0	0	0	0	0	0	0	0	0	0	0	0	0	0	0	0	0	0	0	0	0	0	0	0	0	0	0	0	0	0	0	0	0	0	0	0	0	0	0	0	0	0	0	0	0	0	0	0	0	0	0	0	0	0	0	0	0	0	0	0	0	0	0	0	0	3356	21940	9396	0	0	266	0	176	0	4146	4064	16944	2420	23274	190	3068	0	0	0	170	0	436	11356	2722	464	0	
38404	Cerebelum_3_L	0	0	0	0	0	0	0	0	0	0	0	0	0	0	0	0	0	0	0	0	0	0	0	0	0	0	0	0	0	0	0	0	0	0	0	0	0	0	114	0	0	0	0	0	0	0	0	0	0	0	0	0	0	0	132	0	0	0	0	0	0	0	0	0	0	0	0	0	0	0	0	0	0	0	0	0	0	0	0	0	0	0	0	0	0	0	0	0	0	0	594	150	0	0	0	200	8990	0	1286	206	0	0	0	148	1026	252	0	0	912	1978	2200	414	94	270	236	0	
39032	Cerebelum_3_R	0	0	0	0	0	0	0	0	0	0	0	0	0	0	0	0	0	0	0	0	0	0	0	0	0	0	0	0	0	0	0	0	0	0	88	120	122	328	0	558	0	0	0	0	0	0	0	606	0	0	0	0	0	0	0	348	0	0	0	0	0	0	0	0	0	0	0	0	0	0	0	0	0	0	0	0	136	186	0	0	0	0	0	0	0	0	0	0	0	0	140	2360	0	266	200	0	288	2960	150	3272	0	0	0	474	170	950	0	94	314	1726	472	842	536	884	814	112	
250264	Cerebelum_4_5_L	0	0	0	0	0	0	0	0	0	0	0	0	0	0	0	0	0	0	0	0	0	0	0	0	0	0	0	0	0	0	0	0	0	0	0	0	0	0	166	0	0	0	0	0	0	0	8084	1668	0	0	0	0	0	0	10876	1476	0	0	0	0	0	0	0	0	0	0	0	0	0	0	0	0	0	0	0	0	0	0	0	0	0	0	0	0	0	0	0	0	152	0	22470	1158	0	0	8990	288	0	2842	32346	3310	258	0	194	174	3926	1460	570	0	474	1336	15474	3658	132	546	1414	1690	
156816	Cerebelum_4_5_R	0	0	0	0	0	0	0	0	0	0	0	0	0	0	0	0	0	0	0	0	0	0	0	0	0	0	0	0	0	0	0	0	0	0	88	164	120	588	0	924	0	0	614	0	0	0	1918	4178	0	0	0	0	0	0	146	6570	0	0	0	0	0	0	0	0	0	0	0	214	0	0	0	0	0	0	0	0	136	186	0	0	0	0	0	0	0	0	0	0	0	0	1020	12926	0	176	0	2960	2842	0	1760	23998	0	0	0	264	200	364	0	0	0	700	13294	1202	114	200	192	350	
353940	Cerebelum_6_L	0	0	0	0	0	0	0	0	0	0	0	0	0	0	0	0	0	0	0	0	0	0	0	0	0	0	0	0	0	0	0	0	0	0	0	0	0	0	0	0	0	0	90	0	0	0	11648	3552	0	0	324	0	1226	0	20900	1854	0	0	0	0	0	0	0	0	0	0	0	0	0	0	0	0	0	0	0	0	0	0	0	0	0	0	0	0	0	0	0	0	720	0	52234	2026	2956	0	1286	150	32346	1760	0	4154	2232	0	2022	140	3550	1590	324	0	0	150	10506	11784	1848	1740	2508	1350	
332120	Cerebelum_6_R	0	0	0	0	0	0	0	0	0	0	0	0	0	0	0	0	0	0	0	0	0	0	0	0	0	0	0	0	0	0	0	0	0	0	0	0	0	0	0	0	0	0	642	0	0	0	2394	6832	0	0	0	0	0	122	570	13712	0	0	0	0	0	0	0	0	0	0	0	0	0	0	0	0	0	0	0	0	0	0	0	0	0	0	0	0	0	0	0	0	0	260	2304	47396	264	4146	206	3272	3310	23998	4154	0	120	98	154	4508	470	2690	0	118	0	1014	15144	14708	6378	3698	3378	0	
184872	Cerebelum_7b_L	0	0	0	0	0	0	0	0	0	0	0	0	0	0	0	0	0	0	0	0	0	0	0	0	0	0	0	0	0	0	0	0	0	0	0	0	0	0	0	0	0	0	0	0	0	0	0	0	0	0	0	0	0	0	0	0	0	0	0	0	0	0	0	0	0	0	0	0	0	0	0	0	0	0	0	0	0	0	0	0	0	0	0	0	0	0	0	0	0	0	11554	194	24278	4064	0	0	258	0	2232	120	0	2802	23254	3740	5188	318	694	0	0	0	0	540	6744	5214	1140	102	
100844	Cerebelum_7b_R	0	0	0	0	0	0	0	0	0	0	0	0	0	0	0	0	0	0	0	0	0	0	0	0	0	0	0	0	0	0	0	0	0	0	0	0	0	0	0	0	0	0	0	0	0	0	0	0	0	0	0	0	0	0	0	0	0	0	0	0	0	0	0	0	0	0	0	0	0	0	0	0	0	0	0	0	0	0	0	0	0	0	0	0	0	0	0	0	0	0	944	3554	3490	16944	0	0	0	0	0	98	2802	0	1776	12738	0	2818	0	0	0	0	0	0	3376	1882	0	0	
201968	Cerebelum_8_L	0	0	0	0	0	0	0	0	0	0	0	0	0	0	0	0	0	0	0	0	0	0	0	0	0	0	0	0	0	0	0	0	0	0	0	0	0	0	0	0	0	0	0	0	0	0	0	0	0	0	0	0	0	0	0	0	0	0	0	0	0	0	0	0	0	0	0	0	0	0	0	0	0	0	0	0	0	0	0	0	0	0	0	0	0	0	0	0	0	0	14196	246	21862	2420	0	0	194	0	2022	154	23254	1776	0	4936	8690	822	784	0	0	0	134	398	8132	8080	2884	0	
206016	Cerebelum_8_R	0	0	0	0	0	0	0	0	0	0	0	0	0	0	0	0	0	0	0	0	0	0	0	0	0	0	0	0	0	0	0	0	0	0	0	0	0	0	0	0	0	0	0	0	0	0	0	0	0	0	0	0	0	0	0	0	0	0	0	0	0	0	0	0	0	0	0	0	0	0	0	0	0	0	0	0	0	0	0	0	0	0	0	0	0	0	0	0	0	198	3660	16986	4238	23274	148	474	174	264	140	4508	3740	12738	4936	0	1108	9048	148	310	0	322	306	438	6900	6870	2080	0	
98948	Cerebelum_9_L	0	0	0	0	0	0	0	0	0	0	0	0	0	0	0	0	0	0	0	0	0	0	0	0	0	0	0	0	0	0	0	0	0	0	0	0	0	0	0	0	0	0	0	0	0	0	0	0	0	0	0	0	0	0	0	132	0	0	0	0	0	0	0	0	0	0	0	0	0	0	0	0	0	0	0	0	0	0	0	0	0	0	0	0	0	0	0	0	0	0	4084	368	2876	190	1026	170	3926	200	3550	470	5188	0	8690	1108	0	1916	2880	0	0	242	2216	2874	1594	2176	2552	1046	
106068	Cerebelum_9_R	0	0	0	0	0	0	0	0	0	0	0	0	0	0	0	0	0	0	0	0	0	0	0	0	0	0	0	0	0	0	0	0	0	0	0	0	0	0	0	0	0	0	0	0	0	0	922	0	0	0	0	0	0	0	224	0	0	0	0	0	0	0	0	0	0	0	0	0	0	0	0	0	0	0	0	0	0	0	0	0	0	0	0	0	0	0	0	0	0	0	872	2492	134	3068	252	950	1460	364	1590	2690	318	2818	822	9048	1916	0	378	928	230	554	2246	4846	1224	4042	6472	2174	
13284	Cerebelum_10_L	0	0	0	0	0	0	0	0	0	0	0	0	0	0	0	0	0	0	0	0	0	0	0	0	0	0	0	0	0	0	0	0	0	0	0	0	0	0	0	0	0	0	0	0	0	0	0	0	0	0	0	0	0	0	0	0	0	0	0	0	0	0	0	0	0	0	0	0	0	0	0	0	0	0	0	0	0	0	0	0	0	0	0	0	0	0	0	0	0	0	0	88	0	0	0	0	570	0	324	0	694	0	784	148	2880	378	0	0	0	0	0	272	0	168	188	148	
3376	Cerebelum_10_R	0	0	0	0	0	0	0	0	0	0	0	0	0	0	0	0	0	0	0	0	0	0	0	0	0	0	0	0	0	0	0	0	0	0	0	0	0	0	0	0	0	0	0	0	0	0	0	0	0	0	0	0	0	0	0	0	0	0	0	0	0	0	0	0	0	0	0	0	0	0	0	0	0	0	0	0	0	0	0	0	0	0	0	0	0	0	0	0	0	0	0	0	0	0	0	94	0	0	0	118	0	0	0	310	0	928	0	0	0	0	0	0	88	150	0	0	
11512	Vermis_1_2	0	0	0	0	0	0	0	0	0	0	0	0	0	0	0	0	0	0	0	0	0	0	0	0	0	0	0	0	0	0	0	0	0	0	0	0	0	0	0	0	0	0	0	0	0	0	0	0	0	0	0	0	0	0	0	0	0	0	0	0	0	0	0	0	0	0	0	0	0	0	0	0	0	0	0	0	0	0	0	0	0	0	0	0	0	0	0	0	0	0	0	0	0	0	912	314	474	0	0	0	0	0	0	0	0	230	0	0	0	2882	696	126	0	0	122	0	
31744	Vermis_3	0	0	0	0	0	0	0	0	0	0	0	0	0	0	0	0	0	0	0	0	0	0	0	0	0	0	0	0	0	0	0	0	0	0	0	0	0	0	0	0	0	0	0	0	0	0	0	96	0	0	0	0	0	0	0	0	0	0	0	0	0	0	0	0	0	0	0	0	0	0	0	0	0	0	0	0	0	0	0	0	0	0	0	0	0	0	0	0	0	0	140	778	0	170	1978	1726	1336	700	150	1014	0	0	0	322	242	554	0	0	2882	0	1838	528	426	564	428	0	
212848	Vermis_4_5	0	0	0	0	0	0	0	0	0	0	0	0	0	0	0	0	0	0	0	0	0	0	0	0	0	0	0	0	0	0	0	0	0	0	0	252	0	322	0	0	0	0	848	0	0	0	5396	4308	0	0	0	0	0	0	1404	4786	0	0	0	0	0	0	0	0	0	0	0	662	0	0	0	0	0	0	0	0	0	0	0	0	0	0	0	0	0	0	0	0	0	0	6566	6810	0	0	2200	472	15474	13294	10506	15144	0	0	134	306	2216	2246	0	0	696	1838	0	5558	286	644	1904	2152	
199948	Vermis_6	0	0	0	0	0	0	0	0	0	0	0	0	0	0	0	0	0	0	0	0	0	0	0	0	0	0	0	0	0	0	0	0	0	0	0	0	0	0	0	0	0	0	394	230	0	0	4174	6518	0	0	0	0	226	178	1694	3470	0	0	0	0	0	0	0	0	0	0	0	0	0	0	0	0	0	0	0	0	0	0	0	0	0	0	0	0	0	0	0	0	0	0	5652	10784	686	436	414	842	3658	1202	11784	14708	540	0	398	438	2874	4846	272	0	126	528	5558	0	4542	3764	6208	2830	
200276	Vermis_7	0	0	0	0	0	0	0	0	0	0	0	0	0	0	0	0	0	0	0	0	0	0	0	0	0	0	0	0	0	0	0	0	0	0	0	0	0	0	0	0	0	0	0	0	0	0	444	738	0	0	0	0	0	0	104	256	0	0	0	0	0	0	0	0	0	0	0	0	0	0	0	0	0	0	0	0	0	0	0	0	0	0	0	0	0	0	0	0	0	0	11178	7590	13334	11356	94	536	132	114	1848	6378	6744	3376	8132	6900	1594	1224	0	88	0	426	286	4542	0	8304	4420	0	
146612	Vermis_8	0	0	0	0	0	0	0	0	0	0	0	0	0	0	0	0	0	0	0	0	0	0	0	0	0	0	0	0	0	0	0	0	0	0	0	0	0	0	0	0	0	0	0	0	0	0	0	0	0	0	0	0	0	0	0	0	0	0	0	0	0	0	0	0	0	0	0	0	0	0	0	0	0	0	0	0	0	0	0	0	0	0	0	0	0	0	0	0	0	0	4934	2734	4852	2722	270	884	546	200	1740	3698	5214	1882	8080	6870	2176	4042	168	150	0	564	644	3764	8304	0	8152	716	
107852	Vermis_9	0	0	0	0	0	0	0	0	0	0	0	0	0	0	0	0	0	0	0	0	0	0	0	0	0	0	0	0	0	0	0	0	0	0	0	0	0	0	0	0	0	0	0	0	0	0	542	0	0	0	0	0	0	0	190	0	0	0	0	0	0	0	0	0	0	0	0	0	0	0	0	0	0	0	0	0	0	0	0	0	0	0	0	0	0	0	0	0	0	0	2926	1918	1054	464	236	814	1414	192	2508	3378	1140	0	2884	2080	2552	6472	188	0	122	428	1904	6208	4420	8152	0	1740	
31644	Vermis_10	0	0	0	0	0	0	0	0	0	0	0	0	0	0	0	0	0	0	0	0	0	0	0	0	0	0	0	0	0	0	0	0	0	0	0	0	0	0	0	0	0	0	0	0	0	0	930	0	0	0	0	0	0	0	220	0	0	0	0	0	0	0	0	0	0	0	0	0	0	0	0	0	0	0	0	0	0	0	0	0	0	0	0	0	0	0	0	0	0	0	262	0	0	0	0	112	1690	350	1350	0	102	0	0	0	1046	2174	148	0	0	0	2152	2830	0	716	1740	0	
