data	data	496432	198372	1.01008e+06	939392	155412	81096	574452	292092	67068	28824	193916	159412	284604	133056	218232	60364	187612	128640	725036	887120	88456	106036	514128	600904	74516	130608	49248	115564	615808	367276	577000	741988	312836	734412	130940	135968	278676	333480	100604	245416	40752	54196	173964	295284	132380	295924	276892	280516	225032	274752	407080	157968	121828	57172	419388	476576	278836	233580	215956	87508	226636	89024	104656	91300	112492	92544	229832	302180	203928	248316	376592	527148	351144	481868	58340	40280	168516	194888	71572	33988	194856	152884	92696	77992	300928	197296	26976	21460	314384	160848	450600	428800	288144	247916	43304	57680	296168	243548	460184	450468	254672	108356	337388	316524	132980	111048	18248	9796	61936	84792	252196	251324	231812	154332	101516	58200	
data	data	Precentral_L	Precentral_R	Frontal_Sup_L	Frontal_Sup_R	Frontal_Sup_Orb_L	Frontal_Sup_Orb_R	Frontal_Mid_L	Frontal_Mid_R	Frontal_Mid_Orb_L	Frontal_Mid_Orb_R	Frontal_Inf_Oper_L	Frontal_Inf_Oper_R	Frontal_Inf_Tri_L	Frontal_Inf_Tri_R	Frontal_Inf_Orb_L	Frontal_Inf_Orb_R	Rolandic_Oper_L	Rolandic_Oper_R	Supp_Motor_Area_L	Supp_Motor_Area_R	Olfactory_L	Olfactory_R	Frontal_Sup_Medial_L	Frontal_Sup_Medial_R	Frontal_Med_Orb_L	Frontal_Med_Orb_R	Rectus_L	Rectus_R	Insula_L	Insula_R	Cingulum_Ant_L	Cingulum_Ant_R	Cingulum_Mid_L	Cingulum_Mid_R	Cingulum_Post_L	Cingulum_Post_R	Hippocampus_L	Hippocampus_R	ParaHippocampal_L	ParaHippocampal_R	Amygdala_L	Amygdala_R	Calcarine_L	Calcarine_R	Cuneus_L	Cuneus_R	Lingual_L	Lingual_R	Occipital_Sup_L	Occipital_Sup_R	Occipital_Mid_L	Occipital_Mid_R	Occipital_Inf_L	Occipital_Inf_R	Fusiform_L	Fusiform_R	Postcentral_L	Postcentral_R	Parietal_Sup_L	Parietal_Sup_R	Parietal_Inf_L	Parietal_Inf_R	SupraMarginal_L	SupraMarginal_R	Angular_L	Angular_R	Precuneus_L	Precuneus_R	Paracentral_Lobule_L	Paracentral_Lobule_R	Caudate_L	Caudate_R	Putamen_L	Putamen_R	Pallidum_L	Pallidum_R	Thalamus_L	Thalamus_R	Heschl_L	Heschl_R	Temporal_Sup_L	Temporal_Sup_R	Temporal_Pole_Sup_L	Temporal_Pole_Sup_R	Temporal_Mid_L	Temporal_Mid_R	Temporal_Pole_Mid_L	Temporal_Pole_Mid_R	Temporal_Inf_L	Temporal_Inf_R	Cerebelum_Crus1_L	Cerebelum_Crus1_R	Cerebelum_Crus2_L	Cerebelum_Crus2_R	Cerebelum_3_L	Cerebelum_3_R	Cerebelum_4_5_L	Cerebelum_4_5_R	Cerebelum_6_L	Cerebelum_6_R	Cerebelum_7b_L	Cerebelum_7b_R	Cerebelum_8_L	Cerebelum_8_R	Cerebelum_9_L	Cerebelum_9_R	Cerebelum_10_L	Cerebelum_10_R	Vermis_1_2	Vermis_3	Vermis_4_5	Vermis_6	Vermis_7	Vermis_8	Vermis_9	Vermis_10	
496432	Precentral_L	0	1278	14716	1164	94	0	21908	158	0	0	14120	0	1134	0	126	0	12998	0	4126	11092	0	0	1136	0	0	0	0	0	14692	0	2290	408	956	5038	2028	810	6530	1078	1446	466	0	0	166	0	192	0	248	150	934	0	5886	0	332	0	906	544	29916	284	1920	0	4388	0	3516	0	1494	0	972	108	29048	4724	2422	1280	9424	82	3708	0	13440	2656	2766	0	2658	0	238	0	2850	0	0	0	1074	98	0	0	0	0	0	0	0	0	0	0	0	0	0	0	0	0	0	0	0	0	0	0	0	0	0	0	
198372	Precentral_R	1278	0	856	9834	0	0	0	7684	0	0	0	2288	0	0	0	0	0	1354	322	4854	0	0	0	0	0	0	0	0	88	1348	196	328	0	584	904	1600	944	6198	144	1944	0	0	0	1912	0	1054	0	436	0	1026	0	228	0	0	0	3234	182	15432	0	630	0	1580	0	2142	0	384	0	1558	690	5160	662	4500	0	2786	0	504	382	5300	0	980	0	1444	0	0	0	1198	0	0	0	3034	0	0	0	0	0	0	0	0	0	0	0	0	0	0	0	0	0	0	0	0	0	0	0	0	0	0	
1.01008e+06	Frontal_Sup_L	14716	856	0	16294	12700	0	77560	2480	3562	0	7864	200	23450	504	16368	0	4198	0	67560	19088	166	0	51628	17534	3918	254	662	0	35360	440	34480	16516	15696	25298	172	94	820	0	114	0	0	0	0	0	0	0	0	0	0	0	1016	0	78	0	270	0	2212	0	108	0	198	0	360	0	112	0	0	0	1910	412	11032	714	10434	366	1750	0	148	0	120	0	842	0	1864	0	416	0	0	0	124	0	0	0	0	0	0	0	0	0	0	0	0	0	0	0	0	0	0	0	0	0	0	0	0	0	0	0	
939392	Frontal_Sup_R	1164	9834	16294	0	0	2810	4160	43648	0	410	164	9404	116	10040	0	2352	0	3628	19512	58600	300	1258	16638	54118	0	6280	0	3448	330	18494	11116	49106	6772	32722	512	750	582	4714	0	1584	0	280	0	0	0	0	0	186	0	0	0	0	0	0	0	2434	218	540	0	0	0	0	0	90	0	0	0	80	530	1190	9052	27928	1208	27310	0	3096	364	3064	0	272	0	874	0	120	0	0	0	0	0	0	0	0	0	0	0	0	0	0	0	0	0	0	0	0	0	0	0	0	0	0	0	0	0	0	0	0	
155412	Frontal_Sup_Orb_L	94	0	12700	0	0	0	1286	0	9934	0	0	0	1092	0	12520	0	0	0	350	0	1306	0	5072	604	6142	294	4948	0	7438	0	6600	1020	0	0	0	0	0	0	0	0	264	0	0	0	0	0	0	0	0	0	0	0	0	0	0	0	0	0	0	0	0	0	0	0	0	0	0	0	0	0	292	168	4120	122	0	0	0	0	0	0	0	0	1340	0	0	0	0	0	0	0	0	0	0	0	0	0	0	0	0	0	0	0	0	0	0	0	0	0	0	0	0	0	0	0	0	0	
81096	Frontal_Sup_Orb_R	0	0	0	2810	0	0	0	596	0	3588	0	0	0	108	0	3630	0	0	0	104	348	1096	246	2200	528	8568	142	9580	0	1422	1400	1616	0	102	0	0	0	0	0	0	0	254	0	0	0	0	0	0	0	0	0	0	0	0	0	0	0	0	0	0	0	0	0	0	0	0	0	0	0	0	296	892	212	810	0	0	0	0	0	0	0	0	0	0	0	0	0	0	0	0	0	0	0	0	0	0	0	0	0	0	0	0	0	0	0	0	0	0	0	0	0	0	0	0	0	0	
574452	Frontal_Mid_L	21908	0	77560	4160	1286	0	0	420	2980	0	13468	0	43236	0	15466	0	1658	0	12804	2384	0	0	13396	2228	0	0	0	0	22972	82	11992	6064	9164	6910	146	0	536	0	0	0	0	0	0	0	0	0	0	0	82	0	1136	0	0	0	88	86	3918	0	204	0	336	0	554	0	130	0	0	0	1414	216	2564	144	2974	0	582	0	110	0	306	0	284	0	584	0	532	0	0	0	162	0	0	0	0	0	0	0	0	0	0	0	0	0	0	0	0	0	0	0	0	0	0	0	0	0	0	0	
292092	Frontal_Mid_R	158	7684	2480	43648	0	596	420	0	0	1066	116	10304	0	13578	0	2468	0	432	5056	8478	0	84	1158	8984	0	216	0	348	116	4892	780	8024	766	6188	0	0	0	934	0	344	0	0	0	0	0	0	0	0	0	0	0	0	0	0	0	598	0	194	0	0	0	0	0	0	0	0	0	0	0	0	2808	6176	856	4906	0	798	0	238	0	0	0	154	0	0	0	0	0	0	0	0	0	0	0	0	0	0	0	0	0	0	0	0	0	0	0	0	0	0	0	0	0	0	0	0	0	0	
67068	Frontal_Mid_Orb_L	0	0	3562	0	9934	0	2980	0	0	0	0	0	1310	0	12276	0	0	0	0	0	104	0	0	0	0	0	1012	0	1208	0	0	0	0	0	0	0	0	0	0	0	0	0	0	0	0	0	0	0	0	0	0	0	0	0	0	0	0	0	0	0	0	0	0	0	0	0	0	0	0	0	0	0	546	0	0	0	0	0	0	0	0	0	602	0	0	0	0	0	0	0	0	0	0	0	0	0	0	0	0	0	0	0	0	0	0	0	0	0	0	0	0	0	0	0	0	0	
28824	Frontal_Mid_Orb_R	0	0	0	410	0	3588	0	1066	0	0	0	0	0	262	0	6620	0	0	0	96	0	180	0	0	0	0	0	836	0	882	0	0	0	80	0	0	0	0	0	0	0	0	0	0	0	0	0	0	0	0	0	0	0	0	0	0	0	0	0	0	0	0	0	0	0	0	0	0	0	0	0	128	0	264	0	0	0	0	0	0	0	0	0	0	0	0	0	0	0	0	0	0	0	0	0	0	0	0	0	0	0	0	0	0	0	0	0	0	0	0	0	0	0	0	0	0	
193916	Frontal_Inf_Oper_L	14120	0	7864	164	0	0	13468	116	0	0	0	0	9672	0	114	0	11298	0	6038	992	0	0	134	96	0	0	0	0	17456	0	898	372	264	260	0	0	312	0	0	0	0	0	0	0	0	0	0	0	0	0	0	0	0	0	0	0	4684	0	146	0	210	0	82	0	138	0	0	0	0	908	204	0	862	0	0	0	182	0	1798	0	2040	0	1876	0	190	0	0	0	0	0	0	0	0	0	0	0	0	0	0	0	0	0	0	0	0	0	0	0	0	0	0	0	0	0	0	0	
159412	Frontal_Inf_Oper_R	0	2288	200	9404	0	0	0	10304	0	0	0	0	0	9472	0	494	0	6820	1496	5522	0	0	0	666	0	82	0	0	0	12486	244	1974	0	1064	0	0	0	962	0	732	0	0	0	0	0	0	0	0	0	0	0	0	0	0	0	540	0	1042	0	0	0	0	0	0	0	0	0	0	0	0	1968	1316	714	6674	0	0	0	126	0	676	0	956	0	1484	0	0	0	0	0	0	0	0	0	0	0	0	0	0	0	0	0	0	0	0	0	0	0	0	0	0	0	0	0	0	0	0	
284604	Frontal_Inf_Tri_L	1134	0	23450	116	1092	0	43236	0	1310	0	9672	0	0	0	20628	0	488	0	5414	108	0	0	800	724	0	0	0	0	27948	0	2872	772	590	0	0	0	104	0	0	0	0	0	0	0	0	0	0	0	0	0	0	0	0	0	0	0	78	0	0	0	0	0	0	0	0	0	0	0	0	0	302	0	816	0	0	0	0	0	180	0	0	0	468	0	0	0	0	0	0	0	0	0	0	0	0	0	0	0	0	0	0	0	0	0	0	0	0	0	0	0	0	0	0	0	0	0	
133056	Frontal_Inf_Tri_R	0	0	504	10040	0	108	0	13578	0	262	0	9472	0	0	0	1426	0	330	1824	4182	0	0	122	2246	0	442	0	254	0	9816	146	4216	0	2420	0	0	0	0	0	0	0	0	0	0	0	0	0	0	0	0	0	0	0	0	0	0	0	0	0	0	0	0	0	0	0	0	0	0	0	0	322	1374	0	3028	0	0	0	0	0	0	0	182	0	234	0	0	0	0	0	0	0	0	0	0	0	0	0	0	0	0	0	0	0	0	0	0	0	0	0	0	0	0	0	0	0	0	
218232	Frontal_Inf_Orb_L	126	0	16368	0	12520	0	15466	0	12276	0	114	0	20628	0	0	0	0	0	768	0	1462	0	386	0	0	0	434	0	21380	0	1094	0	82	0	0	0	84	0	88	0	202	0	0	0	0	0	0	0	0	0	0	0	0	0	0	0	0	0	0	0	0	0	0	0	0	0	0	0	0	0	456	0	2082	0	0	0	0	0	0	0	0	0	3100	0	0	0	0	0	0	0	0	0	0	0	0	0	0	0	0	0	0	0	0	0	0	0	0	0	0	0	0	0	0	0	0	0	
60364	Frontal_Inf_Orb_R	0	0	0	2352	0	3630	0	2468	0	6620	0	494	0	1426	0	0	0	0	0	402	440	1850	0	186	0	0	0	2042	0	5456	0	404	0	354	0	0	0	100	0	0	0	256	0	0	0	0	0	0	0	0	0	0	0	0	0	0	0	0	0	0	0	0	0	0	0	0	0	0	0	0	214	582	156	750	0	0	0	0	0	0	0	0	0	0	0	0	0	0	0	0	0	0	0	0	0	0	0	0	0	0	0	0	0	0	0	0	0	0	0	0	0	0	0	0	0	0	
187612	Rolandic_Oper_L	12998	0	4198	0	0	0	1658	0	0	0	11298	0	488	0	0	0	0	0	5418	934	0	0	0	0	0	0	0	0	17618	0	0	0	0	0	0	0	784	0	0	0	0	0	0	0	0	0	0	0	0	0	172	0	248	0	526	0	13970	0	1182	0	2482	0	3412	0	602	0	0	0	0	902	0	0	430	0	0	0	376	0	4464	0	6378	0	962	0	1412	0	0	0	894	0	0	0	0	0	0	0	0	0	0	0	0	0	0	0	0	0	0	0	0	0	0	0	0	0	0	0	
128640	Rolandic_Oper_R	0	1354	0	3628	0	0	0	432	0	0	0	6820	0	330	0	0	0	0	130	2624	0	0	0	242	0	0	0	0	0	17312	0	286	0	0	0	0	0	1202	0	978	0	0	0	0	0	0	0	0	0	0	0	0	0	0	0	944	0	4840	0	0	0	666	0	3128	0	0	0	0	0	0	134	1340	0	8504	0	196	0	498	0	2054	0	5064	0	1362	0	100	0	0	0	152	0	0	0	0	0	0	0	0	0	0	0	0	0	0	0	0	0	0	0	0	0	0	0	0	0	0	
725036	Supp_Motor_Area_L	4126	322	67560	19512	350	0	12804	5056	0	0	6038	1496	5414	1824	768	0	5418	130	0	50508	0	0	10534	5890	0	84	0	0	25732	1260	16256	10352	16598	35200	682	112	2604	614	322	332	0	0	0	0	0	0	0	0	0	0	92	0	0	0	1290	332	538	0	0	0	0	0	0	0	0	0	206	0	4744	264	16284	3504	18126	1638	1000	0	102	0	158	0	2942	0	1082	0	1100	0	0	0	1218	0	0	0	0	0	0	0	0	0	0	0	0	0	0	0	0	0	0	0	0	0	0	0	0	0	0	0	
887120	Supp_Motor_Area_R	11092	4854	19088	58600	0	104	2384	8478	0	96	992	5522	108	4182	0	402	934	2624	50508	0	0	0	2870	15186	0	540	0	246	1226	10282	3642	15096	7012	56954	1158	1162	606	6318	134	3392	0	0	78	1758	444	968	0	576	0	906	152	144	0	102	102	4258	1712	3626	0	0	0	0	0	0	0	0	686	1954	13684	30692	14236	26548	1528	18868	390	2210	2838	13100	120	320	366	1134	0	104	0	1446	0	0	0	2520	0	0	0	0	0	0	0	0	0	198	0	0	0	0	0	0	0	0	0	0	0	0	0	0	0	0	
88456	Olfactory_L	0	0	166	300	1306	348	0	0	104	0	0	0	0	0	1462	440	0	0	0	0	0	5948	0	238	714	556	1904	2544	2716	490	2952	3116	0	0	0	0	362	0	406	0	1022	78	0	0	0	0	0	0	0	0	0	0	0	0	0	0	0	0	0	0	0	0	0	0	0	0	0	0	0	0	7442	3406	4996	708	118	0	0	0	0	0	0	0	386	0	0	0	0	0	0	0	0	0	0	0	0	0	0	0	0	0	0	0	0	0	0	0	0	0	0	0	0	0	0	0	0	0	
106036	Olfactory_R	0	0	0	1258	0	1096	0	84	0	180	0	0	0	0	0	1850	0	0	0	0	5948	0	0	800	196	988	558	4728	0	2654	1712	3626	0	0	0	0	0	272	0	178	0	946	0	0	0	0	0	0	0	0	0	0	0	0	0	0	0	0	0	0	0	0	0	0	0	0	0	0	0	0	8340	7536	6422	2878	360	408	0	0	0	0	0	0	0	0	0	0	0	0	0	0	0	0	0	0	0	0	0	0	0	0	0	0	0	0	0	0	0	0	0	0	0	0	0	0	0	0	
514128	Frontal_Sup_Medial_L	1136	0	51628	16638	5072	246	13396	1158	0	0	134	0	800	122	386	0	0	0	10534	2870	0	0	0	35900	5760	1302	750	128	2414	174	39444	24366	14540	21482	0	0	0	0	0	0	0	0	0	0	0	0	0	0	0	0	0	0	0	0	0	0	0	0	0	0	0	0	0	0	0	0	0	0	0	0	1928	1386	2378	992	0	0	0	0	0	0	0	0	0	0	0	0	0	0	0	0	0	0	0	0	0	0	0	0	0	0	0	0	0	0	0	0	0	0	0	0	0	0	0	0	0	0	
600904	Frontal_Sup_Medial_R	0	0	17534	54118	604	2200	2228	8984	0	0	96	666	724	2246	0	186	0	242	5890	15186	238	800	35900	0	1558	10946	0	3686	844	4132	21784	50272	3556	21672	0	0	0	0	0	0	0	170	0	0	0	0	0	0	0	0	0	0	0	0	0	0	0	0	0	0	0	0	0	0	0	0	0	0	0	0	1346	17836	412	14180	0	216	0	0	0	0	0	0	0	0	0	0	0	0	0	0	0	0	0	0	0	0	0	0	0	0	0	0	0	0	0	0	0	0	0	0	0	0	0	0	0	0	
74516	Frontal_Med_Orb_L	0	0	3918	0	6142	528	0	0	0	0	0	0	0	0	0	0	0	0	0	0	714	196	5760	1558	0	2846	3182	388	0	0	8364	1464	0	0	0	0	0	0	0	0	0	0	0	0	0	0	0	0	0	0	0	0	0	0	0	0	0	0	0	0	0	0	0	0	0	0	0	0	0	0	1210	186	674	128	0	0	0	0	0	0	0	0	0	0	0	0	0	0	0	0	0	0	0	0	0	0	0	0	0	0	0	0	0	0	0	0	0	0	0	0	0	0	0	0	0	0	
130608	Frontal_Med_Orb_R	0	0	254	6280	294	8568	0	216	0	0	0	82	0	442	0	0	0	0	84	540	556	988	1302	10946	2846	0	422	9342	0	324	5228	9334	0	292	0	0	0	0	0	0	0	0	0	0	0	0	0	0	0	0	0	0	0	0	0	0	0	0	0	0	0	0	0	0	0	0	0	0	0	0	450	3110	324	3080	0	0	0	0	0	0	0	0	0	0	0	0	0	0	0	0	0	0	0	0	0	0	0	0	0	0	0	0	0	0	0	0	0	0	0	0	0	0	0	0	0	0	
49248	Rectus_L	0	0	662	0	4948	142	0	0	1012	0	0	0	0	0	434	0	0	0	0	0	1904	558	750	0	3182	422	0	738	92	0	4284	992	0	0	0	0	0	0	0	0	0	0	0	0	0	0	0	0	0	0	0	0	0	0	0	0	0	0	0	0	0	0	0	0	0	0	0	0	0	0	2126	408	1840	130	0	0	0	0	0	0	0	0	0	0	0	0	0	0	0	0	0	0	0	0	0	0	0	0	0	0	0	0	0	0	0	0	0	0	0	0	0	0	0	0	0	0	
115564	Rectus_R	0	0	0	3448	0	9580	0	348	0	836	0	0	0	254	0	2042	0	0	0	246	2544	4728	128	3686	388	9342	738	0	0	1524	1466	6868	0	140	0	0	0	0	0	0	0	622	0	0	0	0	0	0	0	0	0	0	0	0	0	0	0	0	0	0	0	0	0	0	0	0	0	0	0	0	2192	2556	1774	2332	0	0	0	0	0	0	0	0	0	0	0	0	0	0	0	0	0	0	0	0	0	0	0	0	0	0	0	0	0	0	0	0	0	0	0	0	0	0	0	0	0	0	
615808	Insula_L	14692	88	35360	330	7438	0	22972	116	1208	0	17456	0	27948	0	21380	0	17618	0	25732	1226	2716	0	2414	844	0	0	92	0	0	0	6164	966	772	224	0	0	12154	0	1836	0	2542	0	0	0	0	0	0	0	0	0	640	0	936	0	5736	0	9706	0	1188	0	2124	0	3512	0	1222	0	0	0	80	894	1334	0	22454	0	150	0	2184	0	5982	0	9406	0	6110	0	3194	0	0	0	6764	0	0	0	0	0	0	0	0	0	0	0	0	0	0	0	0	0	0	0	0	0	0	0	0	0	0	0	
367276	Insula_R	0	1348	440	18494	0	1422	82	4892	0	882	0	12486	0	9816	0	5456	0	17312	1260	10282	490	2654	174	4132	0	324	0	1524	0	0	248	6460	0	1504	0	142	0	6828	0	4384	0	510	0	554	0	762	0	120	0	804	0	330	0	0	0	5838	0	3236	0	188	0	740	0	3250	0	0	0	602	0	152	462	6444	110	33042	0	178	0	272	0	2158	0	6396	0	1900	0	1462	0	0	0	944	0	0	0	0	0	0	0	0	0	148	0	0	0	0	0	0	0	0	0	0	0	0	0	0	0	0	
577000	Cingulum_Ant_L	2290	196	34480	11116	6600	1400	11992	780	0	0	898	244	2872	146	1094	0	0	0	16256	3642	2952	1712	39444	21784	8364	5228	4284	1466	6164	248	0	40644	14178	15070	302	0	92	0	0	0	0	0	0	0	0	0	0	0	0	0	0	0	0	0	0	0	214	0	0	0	0	0	0	0	0	0	0	0	0	0	11416	6446	11532	2876	0	0	0	0	0	0	0	0	78	0	0	0	0	0	0	0	0	0	0	0	0	0	0	0	0	0	0	0	0	0	0	0	0	0	0	0	0	0	0	0	0	0	
741988	Cingulum_Ant_R	408	328	16516	49106	1020	1616	6064	8024	0	0	372	1974	772	4216	0	404	0	286	10352	15096	3116	3626	24366	50272	1464	9334	992	6868	966	6460	40644	0	10940	33460	0	116	0	0	0	0	0	0	0	0	0	0	0	0	0	0	0	0	0	0	0	0	0	0	0	0	0	0	0	0	0	0	0	0	0	0	7584	29272	3554	20640	0	504	0	262	0	0	0	0	0	0	0	0	0	0	0	0	0	0	0	0	0	0	0	0	0	0	0	0	0	0	0	0	0	0	0	0	0	0	0	0	0	0	
312836	Cingulum_Mid_L	956	0	15696	6772	0	0	9164	766	0	0	264	0	590	0	82	0	0	0	16598	7012	0	0	14540	3556	0	0	0	0	772	0	14178	10940	0	26962	5374	430	0	0	0	0	0	0	238	114	2452	182	0	0	174	0	702	0	98	0	312	0	318	0	388	0	142	0	0	0	0	0	5906	932	4698	444	3496	310	176	82	0	0	0	0	0	0	0	0	0	0	488	0	0	0	114	0	0	0	0	0	0	0	0	0	0	0	0	0	0	0	0	0	0	0	0	0	0	0	0	0	0	0	
734412	Cingulum_Mid_R	5038	584	25298	32722	0	102	6910	6188	0	80	260	1064	0	2420	0	354	0	0	35200	56954	0	0	21482	21672	0	292	0	140	224	1504	15070	33460	26962	0	1598	5380	0	346	0	254	0	0	0	2270	452	2002	0	116	0	550	132	88	0	0	0	932	156	5066	0	0	0	0	0	0	0	0	1310	7298	10746	16738	10184	2928	624	1542	0	0	412	368	0	0	0	0	0	0	0	1000	0	0	0	734	0	0	0	0	0	0	0	0	0	0	0	0	0	0	0	0	0	0	0	0	0	0	0	0	0	0	
130940	Cingulum_Post_L	2028	904	172	512	0	0	146	0	0	0	0	0	0	0	0	0	0	0	682	1158	0	0	0	0	0	0	0	0	0	0	302	0	5374	1598	0	5994	4154	2902	1510	920	0	0	4042	168	1938	0	1594	220	420	0	2490	0	2170	0	4102	826	408	444	144	0	134	0	0	0	90	0	8870	818	1618	856	442	0	0	0	0	0	400	2710	210	0	188	0	0	0	1018	0	0	0	794	0	0	0	0	0	0	0	0	0	0	0	0	0	0	0	0	0	0	0	0	0	0	0	0	0	0	0	
135968	Cingulum_Post_R	810	1600	94	750	0	0	0	0	0	0	0	0	0	0	0	0	0	0	112	1162	0	0	0	0	0	0	0	0	0	142	0	116	430	5380	5994	0	2498	6758	936	2646	0	0	142	5046	0	1516	94	2426	0	178	0	0	0	0	232	5658	0	2176	0	0	0	0	0	0	0	0	554	10490	546	3024	78	0	0	0	0	0	524	3528	0	0	0	148	0	0	0	266	0	0	0	1196	0	0	0	0	0	0	0	0	0	0	0	0	0	0	0	0	0	0	0	0	734	0	0	0	0	0	
278676	Hippocampus_L	6530	944	820	582	0	0	536	0	0	0	312	0	104	0	84	0	784	0	2604	606	362	0	0	0	0	0	0	0	12154	0	92	0	0	0	4154	2498	0	2684	14950	954	7906	0	2014	0	106	0	3828	468	0	0	150	0	362	0	19076	268	1476	0	112	0	1022	0	1128	0	284	0	3198	266	3172	278	1062	518	7924	0	500	0	8408	3630	2358	0	2778	0	1102	0	1396	0	0	0	12794	0	0	0	0	0	0	0	0	0	0	0	0	0	0	0	0	0	0	0	0	0	0	0	0	0	0	0	
333480	Hippocampus_R	1078	6198	0	4714	0	0	0	934	0	0	0	962	0	0	0	100	0	1202	614	6318	0	272	0	0	0	0	0	0	0	6828	0	0	0	346	2902	6758	2684	0	1152	33180	0	6328	142	1478	0	90	128	6986	0	0	0	0	0	0	326	31580	0	1192	0	0	0	150	0	256	0	0	136	4708	536	1352	192	4396	0	14788	0	1574	904	6068	86	368	0	1162	0	1690	0	270	0	0	86	1402	0	138	0	0	0	0	0	372	0	874	0	0	0	0	0	0	0	0	0	0	740	0	0	0	0	0	
100604	ParaHippocampal_L	1446	144	114	0	0	0	0	0	0	0	0	0	0	0	88	0	0	0	322	134	406	0	0	0	0	0	0	0	1836	0	0	0	0	0	1510	936	14950	1152	0	510	2954	0	766	0	0	0	4398	280	0	0	0	0	150	0	7636	150	0	0	0	0	0	0	0	0	0	0	1208	206	502	0	0	220	1884	0	0	0	1902	1236	0	0	82	0	838	0	0	0	322	0	1490	0	186	0	0	0	0	0	122	0	222	0	0	0	0	0	0	0	0	0	0	0	0	0	0	0	0	0	
245416	ParaHippocampal_R	466	1944	0	1584	0	0	0	344	0	0	0	732	0	0	0	0	0	978	332	3392	0	178	0	0	0	0	0	0	0	4384	0	0	0	254	920	2646	954	33180	510	0	0	7168	0	672	0	82	0	6174	0	0	0	0	0	0	136	25982	0	964	0	0	0	134	0	250	0	0	0	1918	224	748	122	2626	0	7778	0	1158	656	3046	0	236	0	572	0	4300	0	132	0	996	0	314	0	384	0	154	0	102	0	1108	0	1286	0	0	0	236	0	148	0	0	0	0	104	0	0	0	0	0	
40752	Amygdala_L	0	0	0	0	264	0	0	0	0	0	0	0	0	0	202	0	0	0	0	0	1022	0	0	0	0	0	0	0	2542	0	0	0	0	0	0	0	7906	0	2954	0	0	0	0	0	0	0	0	0	0	0	0	0	0	0	3062	0	0	0	0	0	0	0	0	0	0	0	0	0	0	0	152	0	446	0	0	0	150	0	0	0	0	0	780	0	0	0	0	0	896	0	0	0	0	0	0	0	0	0	0	0	0	0	0	0	0	0	0	0	0	0	0	0	0	0	0	0	
54196	Amygdala_R	0	0	0	280	0	254	0	0	0	0	0	0	0	0	0	256	0	0	0	0	78	946	0	170	0	0	0	622	0	510	0	0	0	0	0	0	0	6328	0	7168	0	0	0	0	0	0	0	0	0	0	0	0	0	0	0	5464	0	0	0	0	0	0	0	0	0	0	0	0	0	0	0	336	0	398	0	84	158	202	0	0	0	0	0	3734	0	0	0	0	0	110	0	0	0	0	0	0	0	0	0	0	0	0	0	0	0	0	0	0	0	0	0	0	0	0	0	0	
173964	Calcarine_L	166	0	0	0	0	0	0	0	0	0	0	0	0	0	0	0	0	0	0	78	0	0	0	0	0	0	0	0	0	0	0	0	238	0	4042	142	2014	142	766	0	0	0	0	3906	12810	3072	11984	1976	8194	470	13550	0	6214	0	3152	90	170	0	0	0	0	0	0	0	0	0	11900	116	0	0	0	0	0	0	0	0	0	122	0	0	0	0	0	0	742	0	0	0	192	0	90	84	0	0	0	0	0	0	356	84	0	0	0	0	0	0	0	0	0	0	0	120	0	0	0	0	
295284	Calcarine_R	0	1912	0	0	0	0	0	0	0	0	0	0	0	0	0	0	0	0	0	1758	0	0	0	0	0	0	0	0	0	554	0	0	114	2270	168	5046	0	1478	0	672	0	0	3906	0	1046	26712	862	19502	0	21186	0	8250	0	3624	0	12288	0	3436	0	114	0	0	0	0	0	246	178	23424	0	3022	0	0	0	0	0	0	0	0	0	0	0	218	0	0	0	2714	0	0	0	2942	0	0	0	0	0	0	0	0	0	0	0	0	0	0	0	0	0	0	0	0	0	0	0	0	0	0	
132380	Cuneus_L	192	0	0	0	0	0	0	0	0	0	0	0	0	0	0	0	0	0	0	444	0	0	0	0	0	0	0	0	0	0	0	0	2452	452	1938	0	106	0	0	0	0	0	12810	1046	0	3572	734	90	16424	132	9630	0	1202	0	1674	0	236	0	414	0	132	0	0	0	0	0	10224	422	136	442	0	0	0	0	0	0	0	0	80	0	92	0	0	0	698	0	0	0	416	0	0	0	0	0	0	0	0	0	0	0	0	0	0	0	0	0	0	0	0	0	0	0	0	0	0	0	
295924	Cuneus_R	0	1054	0	0	0	0	0	0	0	0	0	0	0	0	0	0	0	0	0	968	0	0	0	0	0	0	0	0	0	762	0	0	182	2002	0	1516	0	90	0	82	0	0	3072	26712	3572	0	334	7314	0	36216	0	10090	0	2354	0	3078	0	3624	0	5412	0	130	0	0	0	776	2754	24006	0	3452	0	0	0	0	0	0	0	0	0	0	0	1018	0	0	0	5006	0	0	0	2386	0	0	0	0	0	0	0	0	0	0	0	0	0	0	0	0	0	0	0	0	0	0	0	0	0	0	
276892	Lingual_L	248	0	0	0	0	0	0	0	0	0	0	0	0	0	0	0	0	0	0	0	0	0	0	0	0	0	0	0	0	0	0	0	0	0	1594	94	3828	128	4398	0	0	0	11984	862	734	334	0	1492	2526	118	11324	0	5824	0	23704	276	80	0	0	0	0	0	0	0	0	0	6330	0	136	0	0	202	86	0	0	0	666	270	0	0	0	0	0	0	268	0	0	0	866	0	11844	1986	962	0	190	0	13898	1116	21052	2394	184	0	304	82	260	0	0	0	106	114	2484	2980	118	0	0	0	
280516	Lingual_R	150	436	0	186	0	0	0	0	0	0	0	0	0	0	0	0	0	0	0	576	0	0	0	0	0	0	0	0	0	120	0	0	0	116	220	2426	468	6986	280	6174	0	0	1976	19502	90	7314	1492	0	0	7342	0	1820	0	2358	314	16650	0	120	0	0	0	0	0	0	0	0	0	7562	0	340	0	94	0	104	0	0	366	1792	0	0	0	0	0	0	0	204	0	0	0	172	370	11756	142	202	188	448	1100	7444	1484	12644	0	0	0	168	0	0	0	0	86	216	6532	8722	650	102	88	166	
225032	Occipital_Sup_L	934	0	0	0	0	0	82	0	0	0	0	0	0	0	0	0	0	0	0	0	0	0	0	0	0	0	0	0	0	0	0	0	174	0	420	0	0	0	0	0	0	0	8194	0	16424	0	2526	0	0	0	36420	0	1156	0	410	0	1128	0	16396	0	8842	0	204	0	2472	0	7532	0	544	0	0	0	0	0	0	0	0	0	0	0	1008	0	0	0	5294	0	0	0	2356	0	0	0	0	0	0	0	0	0	0	0	0	0	0	0	0	0	0	0	0	0	0	0	0	0	0	0	
274752	Occipital_Sup_R	0	1026	0	0	0	0	0	0	0	0	0	0	0	0	0	0	0	0	0	906	0	0	0	0	0	0	0	0	0	804	0	0	0	550	0	178	0	0	0	0	0	0	470	21186	132	36216	118	7342	0	0	0	21850	0	3408	0	3500	0	2282	0	5622	0	1950	0	118	0	6646	188	9528	0	1728	0	0	0	0	0	0	0	0	0	0	0	2612	0	0	0	5954	0	0	0	3062	0	0	0	0	0	0	0	0	0	0	0	0	0	0	0	0	0	0	0	0	0	0	0	0	0	0	
407080	Occipital_Mid_L	5886	0	1016	0	0	0	1136	0	0	0	0	0	0	0	0	0	172	0	92	152	0	0	0	0	0	0	0	0	640	0	0	0	702	132	2490	0	150	0	0	0	0	0	13550	0	9630	0	11324	0	36420	0	0	0	14686	0	4744	0	3178	0	16912	0	14954	0	352	0	15010	0	9192	0	900	146	0	0	0	0	0	0	0	0	128	0	1238	0	0	0	28158	0	0	0	9118	0	148	160	0	0	0	0	0	0	568	166	0	0	0	0	0	0	0	0	0	0	0	290	0	0	0	0	
157968	Occipital_Mid_R	0	228	0	0	0	0	0	0	0	0	0	0	0	0	0	0	0	0	0	144	0	0	0	0	0	0	0	0	0	330	0	0	0	88	0	0	0	0	0	0	0	0	0	8250	0	10090	0	1820	0	21850	0	0	0	6468	0	1548	0	1246	0	1188	0	1274	0	0	0	8592	96	3268	0	668	0	0	0	0	0	0	0	0	0	0	0	698	0	0	0	9582	0	0	0	1556	0	0	0	0	0	0	0	0	0	0	0	0	0	0	0	0	0	0	0	0	0	0	0	0	0	0	
121828	Occipital_Inf_L	332	0	78	0	0	0	0	0	0	0	0	0	0	0	0	0	248	0	0	0	0	0	0	0	0	0	0	0	936	0	0	0	98	0	2170	0	362	0	150	0	0	0	6214	0	1202	0	5824	0	1156	0	14686	0	0	0	11826	0	340	0	142	0	108	0	0	0	100	0	2892	0	0	0	0	0	0	0	0	0	0	0	274	0	254	0	0	0	4808	0	0	0	6002	0	208	0	0	0	0	0	0	0	362	0	0	0	0	0	0	0	0	0	0	0	0	142	0	0	0	0	
57172	Occipital_Inf_R	0	0	0	0	0	0	0	0	0	0	0	0	0	0	0	0	0	0	0	102	0	0	0	0	0	0	0	0	0	0	0	0	0	0	0	0	0	0	0	0	0	0	0	3624	0	2354	0	2358	0	3408	0	6468	0	0	0	3634	0	78	0	0	0	0	0	0	0	0	0	324	0	118	0	0	0	0	0	0	0	0	0	0	0	0	0	0	0	2710	0	0	0	2894	0	0	0	0	0	0	0	86	0	146	0	0	0	0	0	0	0	0	0	0	80	202	0	0	0	0	
419388	Fusiform_L	906	0	270	0	0	0	88	0	0	0	0	0	0	0	0	0	526	0	1290	102	0	0	0	0	0	0	0	0	5736	0	0	0	312	0	4102	232	19076	326	7636	136	3062	0	3152	0	1674	0	23704	314	410	0	4744	0	11826	0	0	156	538	0	114	0	94	0	192	0	106	0	4368	0	294	0	0	0	2520	0	0	0	1134	318	1786	0	2250	0	3596	0	3954	0	2190	0	20668	0	22850	824	3626	0	80	0	10750	0	31020	968	1826	0	1068	0	394	0	0	0	0	0	548	1694	144	0	0	0	
476576	Fusiform_R	544	3234	0	2434	0	0	86	598	0	0	0	540	0	0	0	0	0	944	332	4258	0	0	0	0	0	0	0	0	0	5838	0	0	0	932	826	5658	268	31580	150	25982	0	5464	90	12288	0	3078	276	16650	0	3500	0	1548	0	3634	156	0	0	1884	0	0	0	150	0	268	0	0	0	8564	460	1766	118	2512	0	8812	0	446	108	1134	0	254	0	1780	0	8838	0	1664	0	2588	0	13304	0	15558	0	1302	0	668	416	8476	320	18206	0	136	0	1030	0	254	0	0	0	0	3198	2646	270	86	102	82	
278836	Postcentral_L	29916	182	2212	218	0	0	3918	0	0	0	4684	0	78	0	0	0	13970	0	538	1712	0	0	0	0	0	0	0	0	9706	0	214	0	318	156	408	0	1476	0	0	0	0	0	170	0	236	0	80	0	1128	0	3178	0	340	0	538	0	0	0	14280	0	21186	0	7890	0	908	0	3178	0	1290	944	1640	190	2194	0	662	0	806	100	2786	0	2308	0	0	0	2040	0	0	0	1640	0	0	0	0	0	0	0	0	0	0	0	0	0	0	0	0	0	0	0	0	0	0	0	0	0	0	0	
233580	Postcentral_R	284	15432	0	540	0	0	0	194	0	0	0	1042	0	0	0	0	0	4840	0	3626	0	0	0	0	0	0	0	0	0	3236	0	0	0	5066	444	2176	0	1192	0	964	0	0	0	3436	0	3624	0	120	0	2282	0	1246	0	78	0	1884	0	0	0	7920	0	11418	0	9134	0	1258	116	8668	342	12074	0	976	0	1504	0	0	0	426	0	694	0	4452	0	0	0	3376	0	0	0	2726	0	0	0	0	0	0	0	0	0	0	0	0	0	0	0	0	0	0	0	0	0	0	0	0	0	0	
215956	Parietal_Sup_L	1920	0	108	0	0	0	204	0	0	0	146	0	0	0	0	0	1182	0	0	0	0	0	0	0	0	0	0	0	1188	0	0	0	388	0	144	0	112	0	0	0	0	0	0	0	414	0	0	0	16396	0	16912	0	142	0	114	0	14280	0	0	0	27248	0	974	0	2856	0	14464	0	844	0	0	0	0	0	0	0	0	0	130	0	1242	0	0	0	4130	0	0	0	2440	0	0	0	0	0	0	0	0	0	0	0	0	0	0	0	0	0	0	0	0	0	0	0	0	0	0	0	
87508	Parietal_Sup_R	0	630	0	0	0	0	0	0	0	0	0	0	0	0	0	0	0	0	0	0	0	0	0	0	0	0	0	0	0	188	0	0	0	0	0	0	0	0	0	0	0	0	0	114	0	5412	0	0	0	5622	0	1188	0	0	0	0	0	7920	0	0	0	8032	0	2818	0	1256	1070	8090	0	484	0	0	0	0	0	0	0	0	0	0	0	116	0	0	0	678	0	0	0	136	0	0	0	0	0	0	0	0	0	0	0	0	0	0	0	0	0	0	0	0	0	0	0	0	0	0	
226636	Parietal_Inf_L	4388	0	198	0	0	0	336	0	0	0	210	0	0	0	0	0	2482	0	0	0	0	0	0	0	0	0	0	0	2124	0	0	0	142	0	134	0	1022	0	0	0	0	0	0	0	132	0	0	0	8842	0	14954	0	108	0	94	0	21186	0	27248	0	0	0	9424	0	9344	0	2930	0	512	0	0	0	0	0	0	0	898	0	258	0	1132	0	0	0	2878	0	0	0	2342	0	0	0	0	0	0	0	0	0	0	0	0	0	0	0	0	0	0	0	0	0	0	0	0	0	0	0	
89024	Parietal_Inf_R	0	1580	0	0	0	0	0	0	0	0	0	0	0	0	0	0	0	666	0	0	0	0	0	0	0	0	0	0	0	740	0	0	0	0	0	0	0	150	0	134	0	0	0	0	0	130	0	0	0	1950	0	1274	0	0	0	150	0	11418	0	8032	0	0	0	9560	0	5986	0	176	0	0	0	254	0	158	0	0	0	0	0	410	0	1286	0	0	0	80	0	0	0	378	0	0	0	0	0	0	0	0	0	0	0	0	0	0	0	0	0	0	0	0	0	0	0	0	0	0	
104656	SupraMarginal_L	3516	0	360	0	0	0	554	0	0	0	82	0	0	0	0	0	3412	0	0	0	0	0	0	0	0	0	0	0	3512	0	0	0	0	0	0	0	1128	0	0	0	0	0	0	0	0	0	0	0	204	0	352	0	0	0	192	0	7890	0	974	0	9424	0	0	0	4994	0	128	0	0	0	0	0	0	0	0	0	956	0	0	0	7664	0	0	0	2216	0	0	0	4770	0	0	0	0	0	0	0	0	0	0	0	0	0	0	0	0	0	0	0	0	0	0	0	0	0	0	0	
91300	SupraMarginal_R	0	2142	0	90	0	0	0	0	0	0	0	0	0	0	0	0	0	3128	0	0	0	0	0	0	0	0	0	0	0	3250	0	0	0	0	0	0	0	256	0	250	0	0	0	0	0	0	0	0	0	118	0	0	0	0	0	268	0	9134	0	2818	0	9560	0	0	0	4314	0	166	0	110	0	582	0	1068	0	0	0	236	0	808	0	6650	0	0	0	420	0	0	0	282	0	0	0	0	0	0	0	0	0	0	0	0	0	0	0	0	0	0	0	0	0	0	0	0	0	0	
112492	Angular_L	1494	0	112	0	0	0	130	0	0	0	138	0	0	0	0	0	602	0	0	0	0	0	0	0	0	0	0	0	1222	0	0	0	0	0	90	0	284	0	0	0	0	0	0	0	0	0	0	0	2472	0	15010	0	100	0	106	0	908	0	2856	0	9344	0	4994	0	0	0	408	0	0	0	0	0	0	0	0	0	302	0	172	0	3868	0	0	0	7948	0	0	0	3686	0	0	0	0	0	0	0	0	0	0	0	0	0	0	0	0	0	0	0	0	0	0	0	0	0	0	0	
92544	Angular_R	0	384	0	0	0	0	0	0	0	0	0	0	0	0	0	0	0	0	0	0	0	0	0	0	0	0	0	0	0	0	0	0	0	0	0	0	0	0	0	0	0	0	0	246	0	776	0	0	0	6646	0	8592	0	0	0	0	0	1258	0	1256	0	5986	0	4314	0	0	0	434	0	530	0	0	0	0	0	0	0	0	0	208	0	6594	0	0	0	7770	0	0	0	1278	0	0	0	0	0	0	0	0	0	0	0	0	0	0	0	0	0	0	0	0	0	0	0	0	0	0	
229832	Precuneus_L	972	0	0	0	0	0	0	0	0	0	0	0	0	0	0	0	0	0	206	686	0	0	0	0	0	0	0	0	0	0	0	0	5906	1310	8870	554	3198	136	1208	0	0	0	11900	178	10224	2754	6330	0	7532	188	9192	96	2892	0	4368	0	3178	116	14464	1070	2930	0	128	0	408	0	0	6034	1552	1124	0	0	0	0	0	0	102	128	144	0	568	0	0	0	2752	106	0	0	1412	0	0	0	0	0	0	0	0	0	0	0	0	0	0	0	0	0	0	0	0	0	0	0	0	0	0	0	
302180	Precuneus_R	108	1558	0	80	0	0	0	0	0	0	0	0	0	0	0	0	0	0	0	1954	0	0	0	0	0	0	0	0	0	602	0	0	932	7298	818	10490	266	4708	206	1918	0	0	116	23424	422	24006	0	7562	0	9528	0	3268	0	324	0	8564	0	8668	0	8090	0	176	0	166	0	434	6034	0	124	7408	0	0	0	0	0	0	0	546	0	88	0	504	0	0	0	5728	0	0	0	4146	0	0	0	0	0	0	0	84	0	0	0	0	0	0	0	0	0	0	0	0	742	0	0	0	0	0	
203928	Paracentral_Lobule_L	29048	690	1910	530	0	0	1414	0	0	0	0	0	0	0	0	0	0	0	4744	13684	0	0	0	0	0	0	0	0	80	0	0	0	4698	10746	1618	546	3172	536	502	224	0	0	0	0	136	0	136	0	544	0	900	0	0	0	294	460	1290	342	844	0	512	0	0	0	0	0	1552	124	0	5900	452	1038	3628	0	2028	0	5516	1818	0	0	0	0	0	0	206	0	0	0	0	102	0	0	0	0	0	0	0	0	0	0	0	0	0	0	0	0	0	0	0	0	0	0	0	0	0	0	
248316	Paracentral_Lobule_R	4724	5160	412	1190	0	0	216	0	0	0	908	0	0	0	0	0	902	0	264	30692	0	0	0	0	0	0	0	0	894	152	0	0	444	16738	856	3024	278	1352	0	748	0	0	0	3022	442	3452	0	340	0	1728	146	668	0	118	0	1766	944	12074	0	484	0	0	0	110	0	530	1124	7408	5900	0	862	1314	122	0	0	0	972	3726	116	100	362	942	0	0	0	3360	0	0	0	3072	0	0	0	0	0	0	0	0	0	0	0	0	0	0	0	0	0	0	0	0	0	0	0	0	0	0	
376592	Caudate_L	2422	662	11032	9052	292	296	2564	2808	0	0	204	1968	302	322	456	214	0	134	16284	14236	7442	8340	1928	1346	1210	450	2126	2192	1334	462	11416	7584	3496	10184	442	78	1062	192	0	122	152	0	0	0	0	0	0	0	0	0	0	0	0	0	0	118	1640	0	0	0	0	0	0	0	0	0	0	0	452	862	0	15812	21260	3296	5152	552	10330	4016	0	0	0	0	0	0	0	0	0	0	0	0	0	0	0	0	0	0	0	0	0	0	0	0	0	0	0	0	0	0	0	0	0	0	0	0	0	0	
527148	Caudate_R	1280	4500	714	27928	168	892	144	6176	0	128	0	1316	0	1374	0	582	0	1340	3504	26548	3406	7536	1386	17836	186	3110	408	2556	0	6444	6446	29272	310	2928	0	0	518	4396	220	2626	0	336	0	0	0	0	202	94	0	0	0	0	0	0	0	2512	190	976	0	0	0	254	0	582	0	0	0	0	1038	1314	15812	0	5740	31846	1264	3554	9056	21942	0	192	0	144	0	122	0	0	0	0	0	0	0	0	0	0	0	0	0	0	0	226	0	0	0	0	0	0	0	0	0	0	0	0	0	0	0	0	
351144	Putamen_L	9424	0	10434	1208	4120	212	2974	856	546	0	862	714	816	0	2082	156	430	0	18126	1528	4996	6422	2378	412	674	324	1840	1774	22454	110	11532	3554	176	624	0	0	7924	0	1884	0	446	0	0	0	0	0	86	0	0	0	0	0	0	0	2520	0	2194	0	0	0	0	0	0	0	0	0	0	0	3628	122	21260	5740	0	1960	7856	242	1784	392	118	0	2228	0	856	0	1110	0	0	0	1464	0	0	0	0	0	0	0	0	0	0	0	0	0	0	0	0	0	0	0	0	0	0	0	0	0	0	0	
481868	Putamen_R	82	2786	366	27310	122	810	0	4906	0	264	0	6674	0	3028	0	750	0	8504	1638	18868	708	2878	992	14180	128	3080	130	2332	0	33042	2876	20640	82	1542	0	0	0	14788	0	7778	0	398	0	0	0	0	0	104	0	0	0	0	0	0	0	8812	0	1504	0	0	0	158	0	1068	0	0	0	0	0	0	3296	31846	1960	0	106	4148	0	1362	0	638	0	1866	0	1052	0	192	0	0	0	582	0	0	0	0	0	0	0	0	0	558	0	0	0	0	0	0	0	0	0	0	0	0	0	0	0	0	
58340	Pallidum_L	3708	0	1750	0	0	0	582	0	0	0	0	0	0	0	0	0	0	0	1000	390	118	360	0	0	0	0	0	0	150	0	0	0	0	0	0	0	500	0	0	0	0	0	0	0	0	0	0	0	0	0	0	0	0	0	0	0	662	0	0	0	0	0	0	0	0	0	0	0	2028	0	5152	1264	7856	106	0	88	2572	884	0	0	0	0	0	0	0	0	0	0	0	0	0	0	0	0	0	0	0	0	0	0	0	0	0	0	0	0	0	0	0	0	0	0	0	0	0	0	
40280	Pallidum_R	0	504	0	3096	0	0	0	798	0	0	0	0	0	0	0	0	0	196	0	2210	0	408	0	216	0	0	0	0	0	178	0	504	0	0	0	0	0	1574	0	1158	0	84	0	0	0	0	0	0	0	0	0	0	0	0	0	446	0	0	0	0	0	0	0	0	0	0	0	0	0	0	552	3554	242	4148	88	0	0	0	0	0	0	102	0	0	0	0	0	0	0	0	0	0	0	0	0	0	0	0	0	82	0	0	0	0	0	0	0	0	0	0	0	0	0	0	0	0	
168516	Thalamus_L	13440	382	148	364	0	0	110	0	0	0	182	0	0	0	0	0	376	0	102	2838	0	0	0	0	0	0	0	0	2184	0	0	0	0	412	400	524	8408	904	1902	656	150	158	0	0	0	0	666	366	0	0	0	0	0	0	1134	108	806	0	0	0	898	0	956	0	302	0	102	0	5516	972	10330	9056	1784	0	2572	0	0	11660	1584	0	380	0	0	0	254	0	0	0	1172	0	0	0	0	0	0	0	0	0	0	0	0	0	0	0	0	0	0	0	0	0	0	0	0	0	0	0	
194888	Thalamus_R	2656	5300	0	3064	0	0	0	238	0	0	0	126	0	0	0	0	0	498	0	13100	0	0	0	0	0	0	0	0	0	272	0	262	0	368	2710	3528	3630	6068	1236	3046	0	202	122	0	0	0	270	1792	0	0	0	0	0	0	318	1134	100	426	0	0	0	0	0	236	0	0	128	546	1818	3726	4016	21942	392	1362	884	0	11660	0	94	0	0	0	0	0	0	0	0	0	84	0	0	0	0	0	0	0	0	0	0	0	0	0	0	0	0	0	0	0	0	0	90	0	0	0	0	0	
71572	Heschl_L	2766	0	120	0	0	0	306	0	0	0	1798	0	180	0	0	0	4464	0	158	120	0	0	0	0	0	0	0	0	5982	0	0	0	0	0	210	0	2358	86	0	0	0	0	0	0	80	0	0	0	0	0	128	0	274	0	1786	0	2786	0	130	0	258	0	0	0	172	0	144	0	0	116	0	0	118	0	0	0	1584	94	0	0	4592	0	0	0	1558	0	0	0	3418	0	0	0	0	0	0	0	0	0	0	0	0	0	0	0	0	0	0	0	0	0	0	0	0	0	0	0	
33988	Heschl_R	0	980	0	272	0	0	0	0	0	0	0	676	0	0	0	0	0	2054	0	320	0	0	0	0	0	0	0	0	0	2158	0	0	0	0	0	0	0	368	0	236	0	0	0	0	0	0	0	0	0	0	0	0	0	0	0	254	0	694	0	0	0	410	0	808	0	208	0	88	0	100	0	192	0	638	0	0	0	0	0	0	0	4984	0	0	0	1022	0	0	0	532	0	0	0	0	0	0	0	0	0	0	0	0	0	0	0	0	0	0	0	0	0	0	0	0	0	0	
194856	Temporal_Sup_L	2658	0	842	0	0	0	284	0	0	0	2040	0	0	0	0	0	6378	0	2942	366	0	0	0	0	0	0	0	0	9406	0	0	0	0	0	188	0	2778	0	82	0	0	0	0	0	92	0	0	0	1008	0	1238	0	254	0	2250	0	2308	0	1242	0	1132	0	7664	0	3868	0	568	0	0	362	0	0	2228	0	0	0	380	0	4592	0	0	0	2990	0	20804	0	252	0	16232	0	0	0	0	0	0	0	0	0	0	0	0	0	0	0	0	0	0	0	0	0	0	0	0	0	0	0	
152884	Temporal_Sup_R	0	1444	0	874	0	0	0	154	0	0	0	956	0	182	0	0	0	5064	0	1134	0	0	0	0	0	0	0	0	0	6396	0	0	0	0	0	148	0	1162	0	572	0	0	0	218	0	1018	0	0	0	2612	0	698	0	0	0	1780	0	4452	0	116	0	1286	0	6650	0	6594	0	504	0	942	0	144	0	1866	0	102	0	0	0	4984	0	0	0	3016	0	16354	0	0	0	5020	0	0	0	0	0	0	0	0	0	0	0	0	0	0	0	0	0	0	0	0	0	0	0	0	0	0	
92696	Temporal_Pole_Sup_L	238	0	1864	0	1340	0	584	0	602	0	1876	0	468	0	3100	0	962	0	1082	0	386	0	0	0	0	0	0	0	6110	0	78	0	0	0	0	0	1102	0	838	0	780	0	0	0	0	0	0	0	0	0	0	0	0	0	3596	0	0	0	0	0	0	0	0	0	0	0	0	0	0	0	0	0	856	0	0	0	0	0	0	0	2990	0	0	0	7308	0	3600	0	6588	0	0	0	0	0	0	0	0	0	0	0	0	0	0	0	0	0	0	0	0	0	0	0	0	0	0	0	
77992	Temporal_Pole_Sup_R	0	0	0	120	0	0	0	0	0	0	0	1484	0	234	0	0	0	1362	0	104	0	0	0	0	0	0	0	0	0	1900	0	0	0	0	0	0	0	1690	0	4300	0	3734	0	0	0	0	0	0	0	0	0	0	0	0	0	8838	0	0	0	0	0	0	0	0	0	0	0	0	0	0	0	122	0	1052	0	0	0	0	0	0	0	3016	0	0	0	3952	0	4588	0	2500	0	0	0	0	0	0	0	0	0	0	0	0	0	0	0	0	0	0	0	0	0	0	0	0	0	0	
300928	Temporal_Mid_L	2850	0	416	0	0	0	532	0	0	0	190	0	0	0	0	0	1412	0	1100	0	0	0	0	0	0	0	0	0	3194	0	0	0	488	0	1018	0	1396	0	0	0	0	0	742	0	698	0	268	0	5294	0	28158	0	4808	0	3954	0	2040	0	4130	0	2878	0	2216	0	7948	0	2752	0	206	0	0	0	1110	0	0	0	254	0	1558	0	20804	0	7308	0	0	0	3708	0	37034	0	0	0	0	0	0	0	0	0	0	0	0	0	0	0	0	0	0	0	0	0	0	0	0	0	0	0	
197296	Temporal_Mid_R	0	1198	0	0	0	0	0	0	0	0	0	0	0	0	0	0	0	100	0	1446	0	0	0	0	0	0	0	0	0	1462	0	0	0	1000	0	266	0	270	0	132	0	0	0	2714	0	5006	0	204	0	5954	0	9582	0	2710	0	1664	0	3376	0	678	0	80	0	420	0	7770	106	5728	0	3360	0	0	0	192	0	0	0	0	0	1022	0	16354	0	3952	0	0	0	1036	0	20866	0	0	0	0	0	0	0	0	0	0	0	0	0	0	0	0	0	0	0	0	0	0	0	0	0	0	
26976	Temporal_Pole_Mid_L	0	0	0	0	0	0	0	0	0	0	0	0	0	0	0	0	0	0	0	0	0	0	0	0	0	0	0	0	0	0	0	0	0	0	0	0	0	0	322	0	0	0	0	0	0	0	0	0	0	0	0	0	0	0	2190	0	0	0	0	0	0	0	0	0	0	0	0	0	0	0	0	0	0	0	0	0	0	0	0	0	252	0	3600	0	3708	0	0	0	3416	0	0	0	0	0	0	0	0	0	0	0	0	0	0	0	0	0	0	0	0	0	0	0	0	0	0	0	
21460	Temporal_Pole_Mid_R	0	0	0	0	0	0	0	0	0	0	0	0	0	0	0	0	0	0	0	0	0	0	0	0	0	0	0	0	0	0	0	0	0	0	0	0	0	0	0	996	0	0	0	0	0	0	0	0	0	0	0	0	0	0	0	2588	0	0	0	0	0	0	0	0	0	0	0	0	0	0	0	0	0	0	0	0	0	0	0	0	0	0	0	4588	0	1036	0	0	0	1522	0	0	0	0	0	0	0	0	0	0	0	0	0	0	0	0	0	0	0	0	0	0	0	0	0	0	
314384	Temporal_Inf_L	1074	0	124	0	0	0	162	0	0	0	0	0	0	0	0	0	894	0	1218	0	0	0	0	0	0	0	0	0	6764	0	0	0	114	0	794	0	12794	86	1490	0	896	0	192	0	416	0	866	0	2356	0	9118	0	6002	0	20668	0	1640	0	2440	0	2342	0	4770	0	3686	0	1412	0	0	0	0	0	1464	0	0	0	1172	84	3418	0	16232	0	6588	0	37034	0	3416	0	0	0	2468	0	1150	0	0	0	288	0	1090	0	258	0	212	0	0	0	0	0	0	0	0	0	0	0	0	0	
160848	Temporal_Inf_R	98	3034	0	0	0	0	0	0	0	0	0	0	0	0	0	0	0	152	0	2520	0	0	0	0	0	0	0	0	0	944	0	0	0	734	0	1196	0	1402	0	314	0	110	0	2942	0	2386	0	172	0	3062	0	1556	0	2894	0	13304	0	2726	0	136	0	378	0	282	0	1278	0	4146	102	3072	0	0	0	582	0	0	0	0	0	532	0	5020	0	2500	0	20866	0	1522	0	0	0	462	0	0	0	0	0	0	0	0	0	0	0	0	0	0	0	0	0	0	0	0	0	0	0	0	
450600	Cerebelum_Crus1_L	0	0	0	0	0	0	0	0	0	0	0	0	0	0	0	0	0	0	0	0	0	0	0	0	0	0	0	0	0	0	0	0	0	0	0	0	0	0	186	0	0	0	90	0	0	0	11844	370	0	0	148	0	208	0	22850	0	0	0	0	0	0	0	0	0	0	0	0	0	0	0	0	0	0	0	0	0	0	0	0	0	0	0	0	0	0	0	0	0	2468	0	0	2550	34370	3548	1058	438	18138	900	53968	4126	17592	1098	17700	5674	2128	332	496	0	538	626	2846	7756	7876	2234	698	446	
428800	Cerebelum_Crus1_R	0	0	0	0	0	0	0	0	0	0	0	0	0	0	0	0	0	0	0	0	0	0	0	0	0	0	0	0	0	0	0	0	0	0	0	0	0	138	0	384	0	0	84	0	0	0	1986	11756	0	0	160	0	0	0	824	15558	0	0	0	0	0	0	0	0	0	0	0	0	0	0	0	0	0	0	0	0	0	0	0	0	0	0	0	0	0	0	0	0	0	462	2550	0	864	28708	152	2926	3430	23450	4486	58384	510	3342	902	14428	186	1402	0	870	298	750	14398	13766	5650	794	396	406	
288144	Cerebelum_Crus2_L	0	0	0	0	0	0	0	0	0	0	0	0	0	0	0	0	0	0	0	0	0	0	0	0	0	0	0	0	0	0	0	0	0	0	0	0	0	0	0	0	0	0	0	0	0	0	962	142	0	0	0	0	0	0	3626	0	0	0	0	0	0	0	0	0	0	0	0	0	0	0	0	0	0	0	0	0	0	0	0	0	0	0	0	0	0	0	0	0	1150	0	34370	864	0	5440	274	84	3230	92	11388	808	32718	3172	26898	3904	3278	150	450	0	174	208	422	1810	5990	2034	290	144	
247916	Cerebelum_Crus2_R	0	0	0	0	0	0	0	0	0	0	0	0	0	0	0	0	0	0	0	0	0	0	0	0	0	0	0	0	0	0	0	0	0	0	0	0	0	0	0	154	0	0	0	0	0	0	0	202	0	0	0	0	0	0	0	1302	0	0	0	0	0	0	0	0	0	0	0	0	0	0	0	0	0	0	0	0	0	0	0	0	0	0	0	0	0	0	0	0	0	0	3548	28708	5440	0	0	810	136	3298	504	12250	3738	17244	3586	27210	0	1026	0	914	0	288	638	894	10032	1832	204	0	
43304	Cerebelum_3_L	0	0	0	0	0	0	0	0	0	0	0	0	0	0	0	0	0	0	0	0	0	0	0	0	0	0	0	0	0	0	0	0	0	0	0	0	0	0	0	0	0	0	0	0	0	0	190	188	0	0	0	0	0	0	80	0	0	0	0	0	0	0	0	0	0	0	0	0	0	0	0	0	0	0	0	0	0	0	0	0	0	0	0	0	0	0	0	0	0	0	1058	152	274	0	0	82	7342	130	2036	222	316	0	824	0	1548	82	134	0	1686	2512	1602	400	308	176	230	80	
57680	Cerebelum_3_R	0	0	0	0	0	0	0	0	0	0	0	0	0	0	0	0	0	0	0	0	0	0	0	0	0	0	0	0	0	0	0	0	0	0	0	0	0	0	0	102	0	0	0	0	0	0	0	448	0	0	0	0	0	0	0	668	0	0	0	0	0	0	0	0	0	0	0	0	0	0	0	0	0	0	0	0	0	0	0	0	0	0	0	0	0	0	0	0	0	0	438	2926	84	810	82	0	378	5208	498	4842	0	0	278	1812	0	1368	0	0	184	2850	1446	690	1198	1266	1264	0	
296168	Cerebelum_4_5_L	0	0	0	0	0	0	0	0	0	0	0	0	0	0	0	0	0	0	0	0	0	0	0	0	0	0	0	0	0	0	0	0	0	0	0	0	0	0	122	0	0	0	0	0	0	0	13898	1100	0	0	0	0	0	0	10750	416	0	0	0	0	0	0	0	0	0	0	0	0	0	0	0	0	0	0	0	0	0	0	0	0	0	0	0	0	0	0	0	0	288	0	18138	3430	3230	136	7342	378	0	4126	30648	4634	2626	0	5688	924	6988	830	298	0	3270	3800	11658	5582	2348	1762	1862	1812	
243548	Cerebelum_4_5_R	0	0	0	0	0	0	0	0	0	0	0	0	0	0	0	0	0	0	0	0	0	0	0	0	0	0	0	0	0	0	0	0	0	0	0	0	0	372	0	1108	0	0	0	0	0	0	1116	7444	0	0	0	0	0	86	0	8476	0	0	0	0	0	0	0	0	0	0	0	84	0	0	0	0	0	0	0	0	0	0	0	0	0	0	0	0	0	0	0	0	0	0	900	23450	92	3298	130	5208	4126	0	1554	31172	80	168	224	3576	132	1316	0	142	298	1272	16942	5206	1024	1058	1148	572	
460184	Cerebelum_6_L	0	0	0	0	0	0	0	0	0	0	0	0	0	0	0	0	0	0	0	0	0	0	0	0	0	0	0	0	0	0	0	0	0	0	0	0	0	0	222	0	0	0	356	0	0	0	21052	1484	0	0	568	0	362	0	31020	320	0	0	0	0	0	0	0	0	0	0	0	0	0	0	0	0	0	0	0	0	0	0	0	0	0	0	0	0	0	0	0	0	1090	0	53968	4486	11388	504	2036	498	30648	1554	0	6888	6978	0	10602	3484	5230	654	512	0	1456	1484	5844	13316	5988	2864	1864	1372	
450468	Cerebelum_6_R	0	0	0	0	0	0	0	0	0	0	0	0	0	0	0	0	0	0	0	198	0	0	0	0	0	0	0	0	0	148	0	0	0	0	0	0	0	874	0	1286	0	0	84	0	0	0	2394	12644	0	0	166	0	0	146	968	18206	0	0	0	0	0	0	0	0	0	0	0	0	0	0	0	226	0	558	0	82	0	0	0	0	0	0	0	0	0	0	0	0	0	0	4126	58384	808	12250	222	4842	4634	31172	6888	0	706	1418	1678	10918	322	1348	90	834	560	1114	17842	17702	6052	1532	936	876	
254672	Cerebelum_7b_L	0	0	0	0	0	0	0	0	0	0	0	0	0	0	0	0	0	0	0	0	0	0	0	0	0	0	0	0	0	0	0	0	0	0	0	0	0	0	0	0	0	0	0	0	0	0	184	0	0	0	0	0	0	0	1826	0	0	0	0	0	0	0	0	0	0	0	0	0	0	0	0	0	0	0	0	0	0	0	0	0	0	0	0	0	0	0	0	0	258	0	17592	510	32718	3738	316	0	2626	80	6978	706	0	2008	32550	5260	7506	230	670	0	158	188	398	1648	5614	3158	296	120	
108356	Cerebelum_7b_R	0	0	0	0	0	0	0	0	0	0	0	0	0	0	0	0	0	0	0	0	0	0	0	0	0	0	0	0	0	0	0	0	0	0	0	0	0	0	0	0	0	0	0	0	0	0	0	0	0	0	0	0	0	0	0	136	0	0	0	0	0	0	0	0	0	0	0	0	0	0	0	0	0	0	0	0	0	0	0	0	0	0	0	0	0	0	0	0	0	0	1098	3342	3172	17244	0	0	0	168	0	1418	2008	0	1498	17356	0	1408	0	0	0	0	0	0	4520	810	0	0	
337388	Cerebelum_8_L	0	0	0	0	0	0	0	0	0	0	0	0	0	0	0	0	0	0	0	0	0	0	0	0	0	0	0	0	0	0	0	0	0	0	0	0	0	0	0	0	0	0	0	0	0	0	304	0	0	0	0	0	0	0	1068	0	0	0	0	0	0	0	0	0	0	0	0	0	0	0	0	0	0	0	0	0	0	0	0	0	0	0	0	0	0	0	0	0	212	0	17700	902	26898	3586	824	278	5688	224	10602	1678	32550	1498	0	9866	19872	1864	2330	0	790	910	1332	4220	11082	8650	2762	1004	
316524	Cerebelum_8_R	0	0	0	0	0	0	0	0	0	0	0	0	0	0	0	0	0	0	0	0	0	0	0	0	0	0	0	0	0	0	0	0	0	0	0	0	0	0	0	236	0	0	0	0	0	0	82	168	0	0	0	0	0	0	0	1030	0	0	0	0	0	0	0	0	0	0	0	0	0	0	0	0	0	0	0	0	0	0	0	0	0	0	0	0	0	0	0	0	0	0	5674	14428	3904	27210	0	1812	924	3576	3484	10918	5260	17356	9866	0	974	15508	146	1520	450	1220	2562	4152	12614	9216	3190	782	
132980	Cerebelum_9_L	0	0	0	0	0	0	0	0	0	0	0	0	0	0	0	0	0	0	0	0	0	0	0	0	0	0	0	0	0	0	0	0	0	0	0	0	0	0	0	0	0	0	0	0	0	0	260	0	0	0	0	0	0	0	394	0	0	0	0	0	0	0	0	0	0	0	0	0	0	0	0	0	0	0	0	0	0	0	0	0	0	0	0	0	0	0	0	0	0	0	2128	186	3278	0	1548	0	6988	132	5230	322	7506	0	19872	974	0	1346	2896	0	642	650	920	1370	2654	2762	3132	1300	
111048	Cerebelum_9_R	0	0	0	0	0	0	0	0	0	0	0	0	0	0	0	0	0	0	0	0	0	0	0	0	0	0	0	0	0	0	0	0	0	0	0	0	0	0	0	148	0	0	0	0	0	0	0	0	0	0	0	0	0	0	0	254	0	0	0	0	0	0	0	0	0	0	0	0	0	0	0	0	0	0	0	0	0	0	0	0	0	0	0	0	0	0	0	0	0	0	332	1402	150	1026	82	1368	830	1316	654	1348	230	1408	1864	15508	1346	0	118	618	1642	2666	1706	1284	3590	6024	6578	2032	
18248	Cerebelum_10_L	0	0	0	0	0	0	0	0	0	0	0	0	0	0	0	0	0	0	0	0	0	0	0	0	0	0	0	0	0	0	0	0	0	0	0	0	0	0	0	0	0	0	0	0	0	0	0	0	0	0	0	0	0	0	0	0	0	0	0	0	0	0	0	0	0	0	0	0	0	0	0	0	0	0	0	0	0	0	0	0	0	0	0	0	0	0	0	0	0	0	496	0	450	0	134	0	298	0	512	90	670	0	2330	146	2896	118	0	0	0	0	0	140	174	320	350	0	
9796	Cerebelum_10_R	0	0	0	0	0	0	0	0	0	0	0	0	0	0	0	0	0	0	0	0	0	0	0	0	0	0	0	0	0	0	0	0	0	0	0	0	0	0	0	0	0	0	0	0	0	0	0	0	0	0	0	0	0	0	0	0	0	0	0	0	0	0	0	0	0	0	0	0	0	0	0	0	0	0	0	0	0	0	0	0	0	0	0	0	0	0	0	0	0	0	0	870	0	914	0	0	0	142	0	834	0	0	0	1520	0	618	0	0	0	0	0	0	0	0	0	0	
61936	Vermis_1_2	0	0	0	0	0	0	0	0	0	0	0	0	0	0	0	0	0	0	0	0	0	0	0	0	0	0	0	0	0	0	0	0	0	0	0	0	0	0	0	0	0	0	0	0	0	0	106	86	0	0	0	0	0	0	0	0	0	0	0	0	0	0	0	0	0	0	0	0	0	0	0	0	0	0	0	0	0	0	0	0	0	0	0	0	0	0	0	0	0	0	538	298	174	0	1686	184	3270	298	1456	560	158	0	790	450	642	1642	0	0	0	6502	4296	1278	1160	1904	2010	1480	
84792	Vermis_3	0	0	0	0	0	0	0	0	0	0	0	0	0	0	0	0	0	0	0	0	0	0	0	0	0	0	0	0	0	0	0	0	0	0	0	0	0	0	0	0	0	0	0	0	0	0	114	216	0	0	0	0	0	0	0	0	0	0	0	0	0	0	0	0	0	0	0	0	0	0	0	0	0	0	0	0	0	0	0	0	0	0	0	0	0	0	0	0	0	0	626	750	208	288	2512	2850	3800	1272	1484	1114	188	0	910	1220	650	2666	0	0	6502	0	4696	1460	1746	2766	2842	1516	
252196	Vermis_4_5	0	0	0	0	0	0	0	0	0	0	0	0	0	0	0	0	0	0	0	0	0	0	0	0	0	0	0	0	0	0	0	0	0	0	0	734	0	740	0	104	0	0	0	0	0	0	2484	6532	0	0	0	0	0	80	548	3198	0	0	0	0	0	0	0	0	0	0	0	742	0	0	0	0	0	0	0	0	0	90	0	0	0	0	0	0	0	0	0	0	0	0	2846	14398	422	638	1602	1446	11658	16942	5844	17842	398	0	1332	2562	920	1706	0	0	4296	4696	0	10128	2928	2578	2768	2896	
251324	Vermis_6	0	0	0	0	0	0	0	0	0	0	0	0	0	0	0	0	0	0	0	0	0	0	0	0	0	0	0	0	0	0	0	0	0	0	0	0	0	0	0	0	0	0	120	0	0	0	2980	8722	0	0	290	0	142	202	1694	2646	0	0	0	0	0	0	0	0	0	0	0	0	0	0	0	0	0	0	0	0	0	0	0	0	0	0	0	0	0	0	0	0	0	0	7756	13766	1810	894	400	690	5582	5206	13316	17702	1648	0	4220	4152	1370	1284	140	0	1278	1460	10128	0	6688	3282	2444	3650	
