data	data	312880	217972	762192	843700	124320	75648	389708	272276	48544	39964	275384	216672	287480	191816	175552	74220	249756	97864	447232	781508	84800	89120	353428	301528	28284	71572	52792	45264	646016	360020	418332	497300	191176	469416	96772	149588	246108	335604	109428	249624	31672	51284	254144	392392	188776	273456	341332	388068	215608	229436	408440	268668	202308	147596	484232	511688	243256	184204	176216	105396	215900	84468	102956	110420	139384	113496	227040	313864	168380	147216	287264	361716	350260	378128	36104	30372	130316	178372	49656	29052	189632	123136	76496	33668	246820	199624	17092	12292	264556	130684	742908	525100	599576	411376	75284	95172	507716	403884	574268	609556	422076	233236	501932	400184	194804	159676	26636	10848	28520	150456	376256	359312	318244	260376	131456	34792	
data	data	Precentral_L	Precentral_R	Frontal_Sup_L	Frontal_Sup_R	Frontal_Sup_Orb_L	Frontal_Sup_Orb_R	Frontal_Mid_L	Frontal_Mid_R	Frontal_Mid_Orb_L	Frontal_Mid_Orb_R	Frontal_Inf_Oper_L	Frontal_Inf_Oper_R	Frontal_Inf_Tri_L	Frontal_Inf_Tri_R	Frontal_Inf_Orb_L	Frontal_Inf_Orb_R	Rolandic_Oper_L	Rolandic_Oper_R	Supp_Motor_Area_L	Supp_Motor_Area_R	Olfactory_L	Olfactory_R	Frontal_Sup_Medial_L	Frontal_Sup_Medial_R	Frontal_Med_Orb_L	Frontal_Med_Orb_R	Rectus_L	Rectus_R	Insula_L	Insula_R	Cingulum_Ant_L	Cingulum_Ant_R	Cingulum_Mid_L	Cingulum_Mid_R	Cingulum_Post_L	Cingulum_Post_R	Hippocampus_L	Hippocampus_R	ParaHippocampal_L	ParaHippocampal_R	Amygdala_L	Amygdala_R	Calcarine_L	Calcarine_R	Cuneus_L	Cuneus_R	Lingual_L	Lingual_R	Occipital_Sup_L	Occipital_Sup_R	Occipital_Mid_L	Occipital_Mid_R	Occipital_Inf_L	Occipital_Inf_R	Fusiform_L	Fusiform_R	Postcentral_L	Postcentral_R	Parietal_Sup_L	Parietal_Sup_R	Parietal_Inf_L	Parietal_Inf_R	SupraMarginal_L	SupraMarginal_R	Angular_L	Angular_R	Precuneus_L	Precuneus_R	Paracentral_Lobule_L	Paracentral_Lobule_R	Caudate_L	Caudate_R	Putamen_L	Putamen_R	Pallidum_L	Pallidum_R	Thalamus_L	Thalamus_R	Heschl_L	Heschl_R	Temporal_Sup_L	Temporal_Sup_R	Temporal_Pole_Sup_L	Temporal_Pole_Sup_R	Temporal_Mid_L	Temporal_Mid_R	Temporal_Pole_Mid_L	Temporal_Pole_Mid_R	Temporal_Inf_L	Temporal_Inf_R	Cerebelum_Crus1_L	Cerebelum_Crus1_R	Cerebelum_Crus2_L	Cerebelum_Crus2_R	Cerebelum_3_L	Cerebelum_3_R	Cerebelum_4_5_L	Cerebelum_4_5_R	Cerebelum_6_L	Cerebelum_6_R	Cerebelum_7b_L	Cerebelum_7b_R	Cerebelum_8_L	Cerebelum_8_R	Cerebelum_9_L	Cerebelum_9_R	Cerebelum_10_L	Cerebelum_10_R	Vermis_1_2	Vermis_3	Vermis_4_5	Vermis_6	Vermis_7	Vermis_8	Vermis_9	Vermis_10	
312880	Precentral_L	0	378	8574	3100	0	0	17996	0	0	0	8586	0	278	0	0	0	7972	0	3484	8836	0	0	0	0	0	0	0	0	9840	0	0	0	1158	1572	1930	1208	5400	812	120	260	0	0	0	0	0	0	0	148	0	0	2578	0	2462	0	2484	0	23496	192	270	0	3248	0	1098	118	260	0	410	0	17140	1978	1898	168	1852	0	156	0	4324	346	2152	0	2584	0	0	0	2346	0	0	0	2508	0	572	0	0	0	148	0	0	0	0	0	0	0	0	0	0	0	0	0	0	0	0	0	0	0	0	0	
217972	Precentral_R	378	0	0	11190	0	0	0	11862	0	0	0	8764	0	2036	0	0	0	3436	740	10276	0	0	0	0	0	0	0	0	0	1682	0	304	0	4672	736	1448	0	4432	0	316	0	0	0	842	0	204	0	182	0	0	0	208	0	156	0	970	90	17586	0	0	0	1068	0	2802	0	126	0	970	402	8086	1126	1426	160	3414	166	646	368	2248	0	1136	0	1310	0	0	0	736	0	0	0	286	0	0	0	0	0	0	0	0	0	0	0	0	0	0	0	0	0	0	0	0	0	0	0	0	0	0	
762192	Frontal_Sup_L	8574	0	0	10750	5330	0	53918	104	1558	0	16806	114	26092	122	10978	0	10720	0	45722	16478	86	0	37918	2134	618	0	268	0	38494	190	22856	6248	6032	4508	0	144	2382	218	0	0	0	0	0	0	0	0	0	0	0	0	114	0	0	0	436	0	4134	0	0	0	414	0	664	0	0	0	102	0	1708	0	7648	206	18622	192	4480	0	7914	272	952	0	2624	0	610	0	0	0	0	0	484	0	0	0	0	0	158	0	0	0	0	0	0	0	0	0	0	0	0	0	0	0	0	0	0	0	0	0	
843700	Frontal_Sup_R	3100	11190	10750	0	0	2512	1424	30132	0	378	1014	10554	272	14120	0	1660	1342	4074	18916	82256	0	0	9498	31582	0	2750	0	296	2442	19432	4876	29040	1726	23702	252	442	404	5942	0	1544	0	0	0	310	0	114	0	100	0	0	0	0	0	0	98	1734	1012	3342	0	0	148	502	0	1086	0	0	0	306	2720	200	7128	24696	3218	20244	318	1734	1680	21792	0	260	0	1110	0	0	0	112	0	0	0	0	0	118	0	0	0	0	0	0	0	146	0	0	0	0	0	0	0	0	0	0	0	0	0	0	0	0	
124320	Frontal_Sup_Orb_L	0	0	5330	0	0	0	1774	0	6766	0	0	0	1724	0	12862	0	0	0	0	0	2014	196	3892	0	2720	0	4910	0	7968	0	3876	0	0	0	0	0	782	0	138	0	794	0	0	0	0	0	0	0	0	0	0	0	0	0	0	0	0	0	0	0	0	0	0	0	0	0	0	0	0	0	798	0	4028	0	0	0	0	0	0	0	0	0	1588	0	0	0	0	0	0	0	0	0	0	0	0	0	0	0	0	0	0	0	0	0	0	0	0	0	0	0	0	0	0	0	0	0	
75648	Frontal_Sup_Orb_R	0	0	0	2512	0	0	0	1082	0	3084	0	0	0	162	0	1498	0	0	0	218	0	628	656	4274	156	9328	0	7340	0	638	822	3634	0	90	0	0	0	0	0	0	0	0	0	0	0	0	0	0	0	0	0	0	0	0	0	0	0	0	0	0	0	0	0	0	0	0	0	0	0	0	0	762	0	940	0	0	0	0	0	0	0	0	0	0	0	0	0	0	0	0	0	0	0	0	0	0	0	0	0	0	0	0	0	0	0	0	0	0	0	0	0	0	0	0	0	0	
389708	Frontal_Mid_L	17996	0	53918	1424	1774	0	0	0	1980	0	15274	0	29078	0	5238	0	7212	0	7292	1856	0	0	10220	308	0	0	0	0	17964	0	4500	274	2408	190	236	596	1908	550	0	266	0	0	0	0	0	0	0	104	0	0	0	0	168	0	282	0	2648	0	0	0	668	0	130	0	0	0	0	0	184	0	1142	98	1812	0	0	0	2388	186	1162	0	1258	0	0	0	0	0	0	0	162	0	0	0	0	0	0	0	0	0	0	0	0	0	0	0	0	0	0	0	0	0	0	0	0	0	0	0	
272276	Frontal_Mid_R	0	11862	104	30132	0	1082	0	0	0	2064	0	9268	0	16884	0	5340	0	2394	810	4326	0	0	444	5906	0	106	0	0	144	7038	282	5656	0	2168	0	0	0	3870	0	1420	0	0	0	0	0	0	0	0	0	0	0	0	0	0	0	1250	0	1568	0	0	0	248	0	616	0	0	0	0	0	0	394	4144	0	10502	0	1124	140	4216	0	130	0	188	0	0	0	0	0	0	0	0	0	110	0	90	0	0	0	0	0	118	0	0	0	0	0	0	0	0	0	0	0	0	0	0	0	0	
48544	Frontal_Mid_Orb_L	0	0	1558	0	6766	0	1980	0	0	0	0	0	2138	0	10000	0	0	0	0	0	0	0	112	0	0	0	424	0	726	0	0	0	0	0	0	0	0	0	0	0	0	0	0	0	0	0	0	0	0	0	0	0	0	0	0	0	0	0	0	0	0	0	0	0	0	0	0	0	0	0	0	0	280	0	0	0	0	0	0	0	0	0	288	0	0	0	0	0	0	0	0	0	0	0	0	0	0	0	0	0	0	0	0	0	0	0	0	0	0	0	0	0	0	0	0	0	
39964	Frontal_Mid_Orb_R	0	0	0	378	0	3084	0	2064	0	0	0	100	0	1534	0	6718	0	0	0	114	0	162	0	360	0	640	0	1168	0	2202	0	340	0	0	0	0	0	0	0	0	0	0	0	0	0	0	0	0	0	0	0	0	0	0	0	0	0	0	0	0	0	0	0	0	0	0	0	0	0	0	0	256	0	862	0	0	0	0	0	0	0	0	0	0	0	0	0	0	0	0	0	0	0	0	0	0	0	0	0	0	0	0	0	0	0	0	0	0	0	0	0	0	0	0	0	0	
275384	Frontal_Inf_Oper_L	8586	0	16806	1014	0	0	15274	0	0	0	0	304	24712	108	470	0	8686	0	6502	1100	0	0	4234	296	0	0	0	0	25428	308	8390	1748	1878	926	0	0	168	178	0	0	0	0	0	0	0	0	0	0	0	0	0	0	0	0	0	0	2928	0	0	0	0	0	0	0	0	0	0	0	0	0	2584	136	2696	426	0	0	0	0	252	0	1066	0	488	0	0	0	0	0	0	0	0	0	0	0	0	0	0	0	0	0	0	0	0	0	0	0	0	0	0	0	0	0	0	0	0	0	
216672	Frontal_Inf_Oper_R	0	8764	114	10554	0	0	0	9268	0	100	304	0	236	11454	0	256	0	4120	2064	7408	0	0	124	2626	0	0	0	0	338	16232	1730	6340	144	4022	0	0	0	1462	0	578	0	0	0	0	0	0	0	0	0	0	0	0	0	0	0	646	0	4098	0	0	0	896	0	1994	0	0	0	0	0	0	738	5322	288	4062	0	130	0	1564	0	272	0	88	0	0	0	0	0	0	0	0	0	0	0	0	0	0	0	0	0	0	0	0	0	0	0	0	0	0	0	0	0	0	0	0	0	0	
287480	Frontal_Inf_Tri_L	278	0	26092	272	1724	0	29078	0	2138	0	24712	236	0	0	12554	0	0	0	3486	280	0	0	5736	356	0	0	0	0	25128	0	6822	1524	1832	482	0	0	0	0	0	0	0	0	0	0	0	0	0	0	0	0	0	0	0	0	0	0	0	0	0	0	0	0	0	0	0	0	0	0	0	0	632	0	378	0	0	0	0	0	0	0	0	0	0	0	0	0	0	0	0	0	0	0	0	0	0	0	0	0	0	0	0	0	0	0	0	0	0	0	0	0	0	0	0	0	0	0	
191816	Frontal_Inf_Tri_R	0	2036	122	14120	0	162	0	16884	0	1534	108	11454	0	0	0	5172	0	366	2570	6746	0	0	730	3898	0	144	0	0	146	9818	1980	6774	102	5306	0	0	0	116	0	0	0	0	0	0	0	0	0	0	0	0	0	0	0	0	0	0	0	0	0	0	0	0	0	0	0	0	0	0	0	0	158	2118	322	1992	0	0	0	946	0	0	0	84	0	0	0	0	0	0	0	0	0	0	0	0	0	0	0	0	0	0	0	0	0	0	0	0	0	0	0	0	0	0	0	0	0	0	
175552	Frontal_Inf_Orb_L	0	0	10978	0	12862	0	5238	0	10000	0	470	0	12554	0	0	0	0	0	0	0	1860	170	4430	0	266	0	1150	0	15276	0	3982	370	0	0	0	0	854	0	0	0	784	0	0	0	0	0	0	0	0	0	0	0	0	0	0	0	0	0	0	0	0	0	0	0	0	0	0	0	0	0	514	0	2546	0	0	0	0	0	0	0	0	0	3472	0	0	0	0	0	0	0	0	0	0	0	0	0	0	0	0	0	0	0	0	0	0	0	0	0	0	0	0	0	0	0	0	0	
74220	Frontal_Inf_Orb_R	0	0	0	1660	0	1498	0	5340	0	6718	0	256	0	5172	0	0	0	0	0	938	0	300	0	664	0	216	0	316	120	7488	0	622	0	0	0	0	0	0	0	0	0	0	0	0	0	0	0	0	0	0	0	0	0	0	0	0	0	0	0	0	0	0	0	0	0	0	0	0	0	0	188	2332	0	2742	0	0	0	448	0	0	0	0	0	92	0	0	0	0	0	0	0	0	0	0	0	0	0	0	0	0	0	0	0	0	0	0	0	0	0	0	0	0	0	0	0	0	
249756	Rolandic_Oper_L	7972	0	10720	1342	0	0	7212	0	0	0	8686	0	0	0	0	0	0	0	5426	1454	0	0	778	174	0	0	0	0	31652	298	1552	618	216	628	0	0	1830	234	0	0	0	0	0	0	0	0	0	0	0	0	726	0	186	0	850	0	10346	0	3264	0	3760	0	1584	0	808	0	734	0	538	0	2054	210	4436	548	350	0	880	0	2732	0	8140	0	530	0	514	0	0	0	896	0	0	0	0	0	0	0	0	0	0	0	0	0	0	0	0	0	0	0	0	0	0	0	0	0	0	0	
97864	Rolandic_Oper_R	0	3436	0	4074	0	0	0	2394	0	0	0	4120	0	366	0	0	0	0	190	2290	0	0	0	284	0	0	0	0	0	11938	0	702	0	396	0	0	0	934	0	104	0	0	0	0	0	0	0	0	0	0	0	0	0	0	0	246	0	3598	0	0	0	554	0	3076	0	184	0	0	0	0	422	814	114	2120	0	0	0	220	0	1940	0	2422	0	198	0	840	0	0	0	956	0	0	0	0	0	0	0	0	0	0	0	0	0	0	0	0	0	0	0	0	0	0	0	0	0	0	
447232	Supp_Motor_Area_L	3484	740	45722	18916	0	0	7292	810	0	0	6502	2064	3486	2570	0	0	5426	190	0	34590	0	0	4100	2950	0	0	0	0	11794	1612	9064	8060	11308	20218	1136	94	228	480	0	0	0	0	0	0	0	0	0	0	0	0	0	0	0	0	0	130	122	0	0	0	0	0	0	0	0	0	176	0	3730	0	3358	132	5674	2186	414	0	3226	136	426	0	724	248	0	0	0	0	0	0	0	0	0	0	0	0	98	0	0	0	0	0	0	0	0	0	0	0	0	0	0	0	0	0	0	0	0	0	
781508	Supp_Motor_Area_R	8836	10276	16478	82256	0	218	1856	4326	0	114	1100	7408	280	6746	0	938	1454	2290	34590	0	0	0	1092	8286	0	0	0	0	2550	10166	5560	15132	6788	45886	2566	6750	638	3170	0	592	0	0	0	2904	0	1878	0	272	0	774	0	582	0	254	106	794	1240	4002	0	0	218	486	0	1024	0	110	1084	5020	8420	16214	9590	17060	4700	11152	676	848	992	9508	158	224	0	882	0	0	0	780	0	0	86	190	0	86	0	0	0	0	0	0	0	98	0	0	0	0	0	0	0	0	0	0	0	0	0	0	0	0	
84800	Olfactory_L	0	0	86	0	2014	0	0	0	0	0	0	0	0	0	1860	0	0	0	0	0	0	6558	0	0	118	0	3080	966	2432	0	2106	1774	0	0	0	0	178	0	238	0	640	0	0	0	0	0	0	0	0	0	0	0	0	0	150	0	0	0	0	0	0	0	0	0	0	0	0	0	0	0	7054	4656	5204	1684	142	0	0	0	0	0	0	0	1460	0	0	0	0	0	0	0	0	0	0	0	0	0	0	0	0	0	0	0	0	0	0	0	0	0	0	0	0	0	0	0	0	0	
89120	Olfactory_R	0	0	0	0	196	628	0	0	0	162	0	0	0	0	170	300	0	0	0	0	6558	0	0	0	0	0	1778	2860	218	1594	1460	1650	0	0	0	0	0	214	0	128	0	274	0	0	0	0	0	0	0	0	0	0	0	0	0	0	0	0	0	0	0	0	0	0	0	0	0	0	0	0	8124	7542	6680	3456	178	390	0	0	0	0	0	0	0	0	0	0	0	0	0	0	0	0	0	0	0	0	0	0	0	0	0	0	0	0	0	0	0	0	0	0	0	0	0	0	0	0	
353428	Frontal_Sup_Medial_L	0	0	37918	9498	3892	656	10220	444	112	0	4234	124	5736	730	4430	0	778	0	4100	1092	0	0	0	16734	2324	894	608	0	12790	260	27206	14904	4514	5172	0	0	84	0	0	0	0	0	0	0	0	0	0	0	0	0	0	0	0	0	0	0	0	0	0	0	0	0	0	0	0	0	0	0	0	0	850	972	4416	638	0	0	0	0	0	0	0	0	384	0	0	0	0	0	0	0	0	0	0	0	0	0	0	0	0	0	0	0	0	0	0	0	0	0	0	0	0	0	0	0	0	0	
301528	Frontal_Sup_Medial_R	0	0	2134	31582	0	4274	308	5906	0	360	296	2626	356	3898	0	664	174	284	2950	8286	0	0	16734	0	0	5836	0	282	858	6796	5350	30570	746	9310	0	0	0	134	0	0	0	0	0	0	0	0	0	0	0	0	0	0	0	0	0	90	0	0	0	0	0	0	0	0	0	0	0	0	0	0	492	6118	144	2732	0	0	0	474	0	0	0	0	0	0	0	0	0	0	0	0	0	0	0	0	0	0	0	0	0	0	0	0	0	0	0	0	0	0	0	0	0	0	0	0	0	0	
28284	Frontal_Med_Orb_L	0	0	618	0	2720	156	0	0	0	0	0	0	0	0	266	0	0	0	0	0	118	0	2324	0	0	332	2088	0	774	0	3456	250	0	0	0	0	0	0	0	0	0	0	0	0	0	0	0	0	0	0	0	0	0	0	0	0	0	0	0	0	0	0	0	0	0	0	0	0	0	0	150	0	890	0	0	0	0	0	0	0	0	0	0	0	0	0	0	0	0	0	0	0	0	0	0	0	0	0	0	0	0	0	0	0	0	0	0	0	0	0	0	0	0	0	0	0	
71572	Frontal_Med_Orb_R	0	0	0	2750	0	9328	0	106	0	640	0	0	0	144	0	216	0	0	0	0	0	0	894	5836	332	0	0	4932	0	184	1796	4726	0	0	0	0	0	0	0	0	0	0	0	0	0	0	0	0	0	0	0	0	0	0	0	0	0	0	0	0	0	0	0	0	0	0	0	0	0	0	0	1986	0	1916	0	0	0	0	0	0	0	0	0	0	0	0	0	0	0	0	0	0	0	0	0	0	0	0	0	0	0	0	0	0	0	0	0	0	0	0	0	0	0	0	0	0	
52792	Rectus_L	0	0	268	0	4910	0	0	0	424	0	0	0	0	0	1150	0	0	0	0	0	3080	1778	608	0	2088	0	0	382	838	0	3428	1230	0	0	0	0	0	0	0	0	182	0	0	0	0	0	0	0	0	0	0	0	0	0	0	0	0	0	0	0	0	0	0	0	0	0	0	0	0	0	2030	914	2510	576	0	0	0	0	0	0	0	0	0	0	0	0	0	0	0	0	0	0	0	0	0	0	0	0	0	0	0	0	0	0	0	0	0	0	0	0	0	0	0	0	0	0	
45264	Rectus_R	0	0	0	296	0	7340	0	0	0	1168	0	0	0	0	0	316	0	0	0	0	966	2860	0	282	0	4932	382	0	0	198	436	1564	0	0	0	0	0	0	0	0	0	0	0	0	0	0	0	0	0	0	0	0	0	0	0	0	0	0	0	0	0	0	0	0	0	0	0	0	0	0	520	546	316	510	0	0	0	0	0	0	0	0	0	0	0	0	0	0	0	0	0	0	0	0	0	0	0	0	0	0	0	0	0	0	0	0	0	0	0	0	0	0	0	0	0	0	
646016	Insula_L	9840	0	38494	2442	7968	0	17964	144	726	0	25428	338	25128	146	15276	120	31652	0	11794	2550	2432	218	12790	858	774	0	838	0	0	616	16072	3252	1760	1586	504	538	13240	592	960	0	2438	0	0	0	0	0	0	0	0	0	144	0	258	0	5314	0	6230	0	0	0	150	0	1048	0	0	0	0	0	188	0	5520	334	21444	982	506	0	3652	94	5312	0	10774	0	5694	0	1032	0	256	0	4360	0	0	0	0	0	96	0	0	0	142	0	0	0	0	0	0	0	0	0	0	0	0	0	0	0	0	0	
360020	Insula_R	0	1682	190	19432	0	638	0	7038	0	2202	308	16232	0	9818	0	7488	298	11938	1612	10166	0	1594	260	6796	0	184	0	198	616	0	1796	10568	134	2880	0	0	0	6006	0	2212	0	666	0	0	0	0	0	98	0	0	0	0	0	128	0	4098	0	2266	0	0	0	466	0	1384	0	106	0	84	0	0	2704	8102	654	21266	0	210	100	2704	0	1724	0	6406	0	484	0	1362	0	0	0	2592	0	0	0	0	0	0	0	0	0	120	0	0	0	0	0	0	0	0	0	0	0	0	0	0	0	0	
418332	Cingulum_Ant_L	0	0	22856	4876	3876	822	4500	282	0	0	8390	1730	6822	1980	3982	0	1552	0	9064	5560	2106	1460	27206	5350	3456	1796	3428	436	16072	1796	0	25760	7640	6736	0	0	234	0	0	0	0	0	0	0	0	0	0	0	0	0	0	0	0	0	136	0	0	0	0	0	0	0	0	0	0	0	0	0	0	0	8148	3682	13690	2380	0	0	0	180	0	0	320	0	742	0	0	0	0	0	120	0	0	0	0	0	0	0	0	0	0	0	0	0	0	0	0	0	0	0	0	0	0	0	0	0	0	0	
497300	Cingulum_Ant_R	0	304	6248	29040	0	3634	274	5656	0	340	1748	6340	1524	6774	370	622	618	702	8060	15132	1774	1650	14904	30570	250	4726	1230	1564	3252	10568	25760	0	3970	19624	0	0	0	292	0	116	0	0	0	0	0	0	0	0	0	0	0	0	0	0	0	140	0	0	0	0	0	0	0	0	0	0	0	0	0	0	5086	19502	3892	11504	0	0	0	746	0	0	0	144	0	0	0	0	0	0	0	0	0	0	0	0	0	0	0	0	0	0	0	0	0	0	0	0	0	0	0	0	0	0	0	0	0	0	
191176	Cingulum_Mid_L	1158	0	6032	1726	0	0	2408	0	0	0	1878	144	1832	102	0	0	216	0	11308	6788	0	0	4514	746	0	0	0	0	1760	134	7640	3970	0	12782	3096	1006	0	0	0	0	0	0	824	414	510	356	342	0	124	344	1130	0	114	0	168	0	600	0	948	0	418	0	0	0	318	0	7542	2372	8406	352	116	0	140	120	0	0	210	0	0	0	254	0	0	0	130	0	0	0	0	0	96	0	0	0	0	0	0	0	0	0	0	0	0	0	0	0	0	0	0	0	0	0	0	0	0	0	
469416	Cingulum_Mid_R	1572	4672	4508	23702	0	90	190	2168	0	0	926	4022	482	5306	0	0	628	396	20218	45886	0	0	5172	9310	0	0	0	0	1586	2880	6736	19624	12782	0	1714	6974	0	1020	0	0	0	0	0	3648	0	2718	0	270	0	1640	100	840	0	286	0	248	112	3608	0	0	0	0	0	174	0	192	1714	9484	3328	10906	1342	0	896	3564	0	0	92	382	0	0	0	942	0	0	0	3158	0	0	0	2500	0	0	0	0	0	0	0	0	0	0	0	0	0	0	0	0	0	0	0	0	0	0	0	0	0	0	
96772	Cingulum_Post_L	1930	736	0	252	0	0	236	0	0	0	0	0	0	0	0	0	0	0	1136	2566	0	0	0	0	0	0	0	0	504	0	0	0	3096	1714	0	8408	3574	2474	1852	304	0	0	1770	312	384	114	1498	162	0	0	328	0	530	0	596	0	338	0	0	0	0	0	0	0	0	0	3638	1608	3434	1690	0	0	328	0	0	0	1582	0	102	0	88	0	0	0	0	0	0	0	316	0	0	0	0	0	0	0	124	0	0	0	0	0	0	0	0	0	0	0	0	0	662	0	0	0	0	0	
149588	Cingulum_Post_R	1208	1448	144	442	0	0	596	0	0	0	0	0	0	0	0	0	0	0	94	6750	0	0	0	0	0	0	0	0	538	0	0	0	1006	6974	8408	0	3172	5830	1150	1432	0	0	106	4600	174	2336	168	2964	96	0	0	882	0	288	134	88	118	350	0	0	0	0	0	0	0	0	1646	10614	770	4126	0	0	384	0	0	0	2686	292	88	0	88	0	0	0	0	232	0	0	158	0	0	0	0	0	0	0	0	264	0	0	0	0	0	0	0	0	0	0	0	0	1950	0	0	0	0	0	
246108	Hippocampus_L	5400	0	2382	404	782	0	1908	0	0	0	168	0	0	0	854	0	1830	0	228	638	178	0	84	0	0	0	0	0	13240	0	234	0	0	0	3574	3172	0	2158	12874	524	5684	0	718	0	0	0	2234	530	0	0	0	0	392	0	15654	0	1318	0	0	0	120	0	110	0	0	0	1764	560	122	0	342	0	9820	108	458	0	6144	122	2700	0	5372	0	1318	0	866	0	170	0	11784	0	806	0	118	0	160	0	1040	0	1250	0	0	0	0	0	0	0	0	0	0	198	440	0	0	0	0	0	
335604	Hippocampus_R	812	4432	218	5942	0	0	550	3870	0	0	178	1462	0	116	0	0	234	934	480	3170	0	214	0	134	0	0	0	0	592	6006	0	292	0	1020	2474	5830	2158	0	856	31648	0	9080	0	660	0	200	0	6384	0	0	0	96	0	408	136	28304	86	756	0	0	0	174	0	1258	0	0	0	4178	86	778	1470	1646	346	14124	0	1412	2056	6786	0	418	0	1038	0	716	0	548	0	0	138	1222	0	2066	0	672	0	88	0	2506	0	2534	0	0	0	0	0	104	0	0	0	0	1526	0	0	92	88	0	
109428	ParaHippocampal_L	120	0	0	0	138	0	0	0	0	0	0	0	0	0	0	0	0	0	0	0	238	0	0	0	0	0	0	0	960	0	0	0	0	0	1852	1150	12874	856	0	240	1312	0	882	0	0	0	3802	536	0	0	152	0	760	0	11370	0	114	0	0	0	0	0	0	0	0	0	1770	410	102	0	0	0	684	0	0	0	808	0	0	0	346	0	308	0	0	0	0	0	1928	0	2796	0	640	0	320	0	3340	0	3032	0	106	0	0	0	0	0	0	0	0	422	346	0	0	0	0	0	
249624	ParaHippocampal_R	260	316	0	1544	0	0	266	1420	0	0	0	578	0	0	0	0	0	104	0	592	0	128	0	0	0	0	0	0	0	2212	0	116	0	0	304	1432	524	31648	240	0	0	7702	0	568	0	0	0	8108	0	0	0	0	0	600	0	26506	0	0	0	0	0	0	0	0	0	0	0	2938	0	0	352	1058	0	6206	0	1282	750	3034	0	90	0	538	0	1616	0	128	0	414	0	90	126	4036	122	1160	0	544	260	5750	0	5364	0	94	150	326	0	510	0	0	0	162	1116	188	144	558	538	0	
31672	Amygdala_L	0	0	0	0	794	0	0	0	0	0	0	0	0	0	784	0	0	0	0	0	640	0	0	0	0	0	182	0	2438	0	0	0	0	0	0	0	5684	0	1312	0	0	0	0	0	0	0	0	0	0	0	0	0	0	0	2446	0	0	0	0	0	0	0	0	0	0	0	0	0	0	0	120	0	232	0	0	0	0	0	0	0	0	0	520	0	0	0	118	0	566	0	0	0	0	0	0	0	0	0	0	0	0	0	0	0	0	0	0	0	0	0	0	0	0	0	0	0	
51284	Amygdala_R	0	0	0	0	0	0	0	0	0	0	0	0	0	0	0	0	0	0	0	0	0	274	0	0	0	0	0	0	0	666	0	0	0	0	0	0	0	9080	0	7702	0	0	0	0	0	0	0	0	0	0	0	0	0	0	0	5574	0	0	0	0	0	0	0	0	0	0	0	0	0	0	0	0	0	926	0	0	0	0	0	0	0	0	0	1420	0	0	0	0	0	0	0	0	0	0	0	0	0	0	0	0	0	0	0	0	0	0	0	0	0	0	0	0	0	0	0	0	
254144	Calcarine_L	0	0	0	0	0	0	0	0	0	0	0	0	0	0	0	0	0	0	0	0	0	0	0	0	0	0	0	0	0	0	0	0	824	0	1770	106	718	0	882	0	0	0	0	8800	20568	5902	16142	3702	14218	2526	15934	1584	7336	112	5004	366	128	0	2074	216	108	0	0	0	344	0	12590	816	328	0	0	0	0	0	0	0	0	0	0	0	0	0	0	0	660	0	0	0	1096	0	1590	0	160	0	0	0	218	0	148	0	0	0	0	0	0	0	0	0	0	0	0	102	0	0	0	0	
392392	Calcarine_R	0	842	0	310	0	0	0	0	0	0	0	0	0	0	0	0	0	0	0	2904	0	0	0	0	0	0	0	0	0	0	0	0	414	3648	312	4600	0	660	0	568	0	0	8800	0	6132	34638	514	18018	130	26734	0	28120	0	8430	0	2368	0	1052	0	3898	0	112	0	280	0	278	690	27854	578	1850	0	0	0	0	0	0	0	0	0	0	0	278	0	0	0	7646	0	0	0	2586	0	0	0	0	0	0	0	176	0	0	0	0	0	0	0	0	0	0	0	0	776	0	0	0	0	0	
188776	Cuneus_L	0	0	0	0	0	0	0	0	0	0	0	0	0	0	0	0	0	0	0	0	0	0	0	0	0	0	0	0	0	0	0	0	510	0	384	174	0	0	0	0	0	0	20568	6132	0	8828	3508	570	20056	1714	9178	1348	1688	0	1024	0	0	0	6064	224	126	0	0	0	312	0	9040	1468	200	0	0	0	0	0	0	0	0	0	0	0	0	0	0	0	502	0	0	0	360	0	410	0	0	0	0	0	0	0	0	0	0	0	0	0	0	0	0	0	0	0	0	0	0	0	0	0	
273456	Cuneus_R	0	204	0	114	0	0	0	0	0	0	0	0	0	0	0	0	0	0	0	1878	0	0	0	0	0	0	0	0	0	0	0	0	356	2718	114	2336	0	200	0	0	0	0	5902	34638	8828	0	0	2114	144	27606	0	14012	0	1530	0	176	0	302	0	6300	0	0	0	0	0	116	1848	22160	510	940	0	0	0	0	0	0	0	0	0	0	0	0	0	0	0	1172	0	0	0	294	0	0	0	0	0	0	0	0	0	0	0	0	0	0	0	0	0	0	0	0	216	0	0	0	0	0	
341332	Lingual_L	0	0	0	0	0	0	0	0	0	0	0	0	0	0	0	0	0	0	0	0	0	0	0	0	0	0	0	0	0	0	0	0	342	0	1498	168	2234	0	3802	0	0	0	16142	514	3508	0	0	2342	1930	0	12432	0	11530	132	23288	632	90	0	968	0	0	0	0	0	190	0	6824	88	186	0	0	0	0	0	0	0	92	0	0	0	0	0	0	0	400	0	0	0	862	0	17178	2568	2890	342	334	208	13410	1560	19738	3366	788	0	892	300	176	108	0	0	84	1038	5590	6232	3114	336	220	0	
388068	Lingual_R	148	182	0	100	0	0	104	0	0	0	0	0	0	0	0	0	0	0	0	272	0	0	0	0	0	0	0	0	0	98	0	0	0	270	162	2964	530	6384	536	8108	0	0	3702	18018	570	2114	2342	0	0	2938	0	5304	0	13056	758	27574	0	188	0	0	0	0	0	0	0	0	0	9250	0	226	0	0	0	0	0	0	240	966	0	0	0	0	0	0	0	2220	0	0	0	1898	3624	10400	2172	2268	146	226	4326	12822	3768	17146	294	98	238	698	0	0	0	0	0	254	9574	7952	6404	298	104	0	
215608	Occipital_Sup_L	0	0	0	0	0	0	0	0	0	0	0	0	0	0	0	0	0	0	0	0	0	0	0	0	0	0	0	0	0	0	0	0	124	0	0	96	0	0	0	0	0	0	14218	130	20056	144	1930	0	0	0	35518	0	4524	0	532	0	0	0	16892	0	2478	0	0	0	184	0	9440	298	108	0	0	0	0	0	0	0	0	0	0	0	0	0	0	0	910	0	0	0	0	0	222	0	0	0	0	0	0	0	0	0	0	0	0	0	0	0	0	0	0	0	0	0	0	0	0	0	
229436	Occipital_Sup_R	0	0	0	0	0	0	0	0	0	0	0	0	0	0	0	0	0	0	0	774	0	0	0	0	0	0	0	0	0	0	0	0	344	1640	0	0	0	0	0	0	0	0	2526	26734	1714	27606	0	2938	0	0	0	24394	0	1018	0	164	0	978	0	8108	0	1608	0	0	0	2836	288	8910	348	492	0	0	0	0	0	0	0	0	0	0	0	0	0	0	0	1298	0	0	0	0	0	0	0	0	0	0	0	0	0	0	0	0	0	0	0	0	0	0	0	0	0	0	0	0	0	0	
408440	Occipital_Mid_L	2578	0	114	0	0	0	0	0	0	0	0	0	0	0	0	0	726	0	0	0	0	0	0	0	0	0	0	0	144	0	0	0	1130	100	328	0	0	0	152	0	0	0	15934	0	9178	0	12432	0	35518	0	0	0	24694	0	6812	0	3588	0	17374	0	13978	0	850	0	16580	0	11190	0	3294	0	0	0	0	0	0	0	0	0	0	0	1200	0	0	0	19036	0	0	0	3810	0	2726	0	218	0	0	0	98	0	278	0	0	0	0	0	0	0	0	0	0	0	0	160	0	0	0	0	
268668	Occipital_Mid_R	0	208	0	0	0	0	0	0	0	0	0	0	0	0	0	0	0	0	0	582	0	0	0	0	0	0	0	0	0	0	0	0	0	840	0	882	0	96	0	0	0	0	1584	28120	1348	14012	0	5304	0	24394	0	0	0	8044	0	1242	0	842	0	6354	0	5088	0	168	0	14506	0	5346	138	466	0	0	0	0	0	0	0	0	0	0	0	188	0	0	0	12418	0	0	0	2164	0	0	0	0	0	0	0	0	0	0	0	0	0	0	0	0	0	0	0	0	0	0	0	0	0	0	
202308	Occipital_Inf_L	2462	0	0	0	0	0	168	0	0	0	0	0	0	0	0	0	186	0	0	0	0	0	0	0	0	0	0	0	258	0	0	0	114	0	530	0	392	0	760	0	0	0	7336	0	1688	0	11530	0	4524	0	24694	0	0	0	18618	0	1846	0	1756	0	488	0	0	0	296	0	3174	0	2254	0	0	0	0	0	0	0	0	0	422	0	634	0	0	0	3576	0	0	0	8346	0	2846	0	142	0	0	0	512	0	716	0	0	0	132	0	0	0	0	0	0	154	336	264	0	0	0	0	
147596	Occipital_Inf_R	0	156	0	0	0	0	0	0	0	0	0	0	0	0	0	0	0	0	0	254	0	0	0	0	0	0	0	0	0	128	0	0	0	286	0	288	0	408	0	600	0	0	112	8430	0	1530	132	13056	0	1018	0	8044	0	0	120	10936	0	130	0	0	0	0	0	152	0	0	0	2446	0	168	0	0	0	0	0	0	0	0	0	0	0	0	0	0	0	4504	0	0	0	5966	1058	1120	680	820	0	0	798	924	730	3128	126	0	0	102	0	0	0	0	0	0	918	2400	2130	0	0	0	
484232	Fusiform_L	2484	0	436	98	0	0	282	0	0	0	0	0	0	0	0	0	850	0	0	106	150	0	0	0	0	0	0	0	5314	0	136	0	168	0	596	134	15654	136	11370	0	2446	0	5004	0	1024	0	23288	758	532	0	6812	0	18618	120	0	392	1706	0	316	0	424	0	0	0	104	0	2882	0	2210	0	172	0	2880	0	0	0	528	0	1186	0	4256	0	2952	0	3746	0	1162	0	24370	0	31930	1338	4054	188	166	0	14494	724	29218	2322	778	0	1008	98	0	0	0	0	0	606	3392	4120	1680	114	84	0	
511688	Fusiform_R	0	970	0	1734	0	0	0	1250	0	0	0	646	0	0	0	0	0	246	130	794	0	0	0	90	0	0	0	0	0	4098	0	140	0	248	0	88	0	28304	0	26506	0	5574	366	2368	0	176	632	27574	0	164	0	1242	0	10936	392	0	0	1168	0	0	0	0	0	236	0	0	0	1168	0	396	778	1354	0	7868	0	792	0	3226	0	644	0	3192	0	4204	0	1396	0	920	0	9280	2708	22638	1784	4524	0	1294	2806	16656	2292	31232	352	228	314	862	0	558	0	0	0	312	3388	6140	4980	772	626	88	
243256	Postcentral_L	23496	90	4134	1012	0	0	2648	0	0	0	2928	0	0	0	0	0	10346	0	122	1240	0	0	0	0	0	0	0	0	6230	0	0	0	600	112	338	118	1318	86	114	0	0	0	128	0	0	0	90	0	0	0	3588	0	1846	0	1706	0	0	0	7008	0	21602	0	9056	0	2230	0	2244	0	5418	0	370	0	586	0	0	0	558	0	1858	0	3236	0	0	0	2502	0	0	0	2486	0	184	0	0	0	0	0	0	0	0	0	0	0	0	0	0	0	0	0	0	0	0	0	0	0	0	0	
184204	Postcentral_R	192	17586	0	3342	0	0	0	1568	0	0	0	4098	0	0	0	0	0	3598	0	4002	0	0	0	0	0	0	0	0	0	2266	0	0	0	3608	0	350	0	756	0	0	0	0	0	1052	0	302	0	188	0	978	0	842	0	130	0	1168	0	0	0	5740	0	6656	0	10702	0	1198	0	4606	0	10432	136	0	0	508	0	0	0	180	0	806	0	2110	0	0	0	2318	0	0	0	684	0	0	0	0	0	0	0	0	0	0	0	0	0	0	0	0	0	0	0	0	0	0	0	0	0	0	
176216	Parietal_Sup_L	270	0	0	0	0	0	0	0	0	0	0	0	0	0	0	0	3264	0	0	0	0	0	0	0	0	0	0	0	0	0	0	0	948	0	0	0	0	0	0	0	0	0	2074	0	6064	0	968	0	16892	0	17374	0	1756	0	316	0	7008	0	0	0	11610	0	408	0	2096	0	14564	0	350	0	0	0	0	0	0	0	0	0	0	0	1142	0	0	0	606	0	0	0	254	0	144	0	0	0	0	0	0	0	0	0	0	0	0	0	0	0	0	0	0	0	0	0	0	0	0	0	
105396	Parietal_Sup_R	0	0	0	0	0	0	0	0	0	0	0	0	0	0	0	0	0	0	0	0	0	0	0	0	0	0	0	0	0	0	0	0	0	0	0	0	0	0	0	0	0	0	216	3898	224	6300	0	0	0	8108	0	6354	0	0	0	0	0	5740	0	0	0	5304	0	640	0	5394	130	8748	0	1342	0	0	0	0	0	0	0	0	0	0	0	134	0	0	0	166	0	0	0	0	0	0	0	0	0	0	0	0	0	0	0	0	0	0	0	0	0	0	0	0	0	0	0	0	0	0	
215900	Parietal_Inf_L	3248	0	414	148	0	0	668	0	0	0	0	0	0	0	0	0	3760	0	0	218	0	0	0	0	0	0	0	0	150	0	0	0	418	0	0	0	120	0	0	0	0	0	108	0	126	0	0	0	2478	0	13978	0	488	0	424	0	21602	0	11610	0	0	0	14510	0	20882	0	2374	0	400	0	0	0	0	0	0	0	0	0	110	0	1380	0	0	0	5286	0	0	0	3050	0	0	0	0	0	0	0	0	0	0	0	0	0	0	0	0	0	0	0	0	0	0	0	0	0	0	0	
84468	Parietal_Inf_R	0	1068	0	502	0	0	0	248	0	0	0	896	0	0	0	0	0	554	0	486	0	0	0	0	0	0	0	0	0	466	0	0	0	0	0	0	0	174	0	0	0	0	0	112	0	0	0	0	0	1608	0	5088	0	0	0	0	0	6656	0	5304	0	0	0	7552	0	10060	0	108	0	178	0	0	0	90	0	0	0	0	0	0	0	258	0	0	0	546	0	0	0	280	0	0	0	0	0	0	0	0	0	0	0	0	0	0	0	0	0	0	0	0	0	0	0	0	0	0	
102956	SupraMarginal_L	1098	0	664	0	0	0	130	0	0	0	0	0	0	0	0	0	1584	0	0	0	0	0	0	0	0	0	0	0	1048	0	0	0	0	0	0	0	110	0	0	0	0	0	0	0	0	0	0	0	0	0	850	0	0	0	0	0	9056	0	408	0	14510	0	0	0	5708	0	212	0	132	0	0	0	0	0	0	0	0	0	0	0	6118	0	0	0	9194	0	0	0	656	0	0	0	0	0	0	0	0	0	0	0	0	0	0	0	0	0	0	0	0	0	0	0	0	0	0	0	
110420	SupraMarginal_R	118	2802	0	1086	0	0	0	616	0	0	0	1994	0	0	0	0	0	3076	0	1024	0	0	0	0	0	0	0	0	0	1384	0	0	0	174	0	0	0	1258	0	0	0	0	0	280	0	0	0	0	0	0	0	168	0	152	0	236	0	10702	0	640	0	7552	0	0	0	6704	0	380	0	0	262	0	0	196	0	0	0	0	0	466	0	6704	0	0	0	6162	0	0	0	1074	0	0	0	0	0	0	0	0	0	0	0	0	0	0	0	0	0	0	0	0	0	0	0	0	0	0	
139384	Angular_L	260	0	0	0	0	0	0	0	0	0	0	0	0	0	0	0	808	0	0	0	0	0	0	0	0	0	0	0	0	0	0	0	318	0	0	0	0	0	0	0	0	0	344	0	312	0	190	0	184	0	16580	0	296	0	104	0	2230	0	2096	0	20882	0	5708	0	0	0	1260	0	542	0	0	0	0	0	0	0	0	0	0	0	2368	0	0	0	11312	0	0	0	3898	0	0	0	0	0	0	0	0	0	0	0	0	0	0	0	0	0	0	0	0	0	0	0	0	0	0	0	
113496	Angular_R	0	126	0	0	0	0	0	0	0	0	0	0	0	0	0	0	0	184	0	110	0	0	0	0	0	0	0	0	0	106	0	0	0	192	0	0	0	0	0	0	0	0	0	278	0	116	0	0	0	2836	0	14506	0	0	0	0	0	1198	0	5394	0	10060	0	6704	0	0	0	466	0	344	0	0	0	0	0	0	0	0	0	0	0	5640	0	0	0	7292	0	0	0	1196	0	0	0	0	0	0	0	0	0	0	0	0	0	0	0	0	0	0	0	0	0	0	0	0	0	0	
227040	Precuneus_L	410	0	102	0	0	0	0	0	0	0	0	0	0	0	0	0	734	0	176	1084	0	0	0	0	0	0	0	0	0	0	0	0	7542	1714	3638	1646	1764	0	1770	0	0	0	12590	690	9040	1848	6824	0	9440	288	11190	0	3174	0	2882	0	2244	0	14564	130	2374	0	212	0	1260	0	0	4374	4674	268	0	0	0	0	0	0	0	0	0	0	1128	0	0	0	1458	0	0	0	1408	0	516	0	0	0	0	0	266	0	0	0	0	0	0	0	0	0	0	0	0	0	98	0	0	0	0	0	
313864	Precuneus_R	0	970	0	306	0	0	0	0	0	0	0	0	0	0	0	0	0	0	0	5020	0	0	0	0	0	0	0	0	0	84	0	0	2372	9484	1608	10614	560	4178	410	2938	0	0	816	27854	1468	22160	88	9250	298	8910	0	5346	0	2446	0	1168	0	4606	0	8748	0	108	0	380	0	466	4374	0	1162	7246	0	0	0	0	0	0	346	228	0	0	0	478	0	0	0	4324	0	0	0	1522	0	178	0	0	0	0	0	1494	0	216	0	0	0	0	0	0	0	0	0	0	2708	0	0	0	0	0	
168380	Paracentral_Lobule_L	17140	402	1708	2720	0	0	184	0	0	0	0	0	0	0	0	0	538	0	3730	8420	0	0	0	0	0	0	0	0	188	0	0	0	8406	3328	3434	770	122	86	102	0	0	0	328	578	200	510	186	0	108	348	3294	138	2254	0	2210	0	5418	0	350	0	400	0	132	0	542	0	4674	1162	0	2314	294	106	0	0	0	0	552	130	136	0	802	0	0	0	2454	86	0	0	2512	0	694	0	0	0	0	0	0	0	0	0	0	0	0	0	0	0	0	0	0	0	0	0	0	0	0	0	
147216	Paracentral_Lobule_R	1978	8086	0	200	0	0	0	0	0	0	0	0	0	0	0	0	0	0	0	16214	0	0	0	0	0	0	0	0	0	0	0	0	352	10906	1690	4126	0	778	0	0	0	0	0	1850	0	940	0	226	0	492	0	466	0	168	0	396	0	10432	0	1342	0	178	0	0	0	344	268	7246	2314	0	226	0	0	0	0	0	0	0	0	180	0	716	0	0	0	1260	0	0	0	234	0	0	0	0	0	0	0	0	0	0	0	0	0	0	0	0	0	0	0	0	0	0	0	0	0	0	
287264	Caudate_L	1898	1126	7648	7128	798	0	1142	394	0	0	2584	738	632	158	514	188	2054	422	3358	9590	7054	8124	850	492	150	0	2030	520	5520	2704	8148	5086	116	1342	0	0	342	1470	0	352	120	0	0	0	0	0	0	0	0	0	0	0	0	0	172	778	370	136	0	0	0	0	0	262	0	0	0	0	294	226	0	12504	21306	7074	2000	706	11004	1026	0	0	254	236	362	0	0	0	0	0	130	0	0	0	0	0	0	0	0	0	0	0	0	0	0	0	0	0	0	0	0	0	0	0	0	0	0	0	
361716	Caudate_R	168	1426	206	24696	0	762	98	4144	0	256	136	5322	0	2118	0	2332	210	814	132	17060	4656	7542	972	6118	0	1986	914	546	334	8102	3682	19502	0	0	0	0	0	1646	0	1058	0	0	0	0	0	0	0	0	0	0	0	0	0	0	0	1354	0	0	0	0	0	0	0	0	0	0	0	0	106	0	12504	0	6840	22996	400	2234	1258	14984	0	0	0	156	0	0	0	0	0	0	0	0	0	392	0	276	0	0	0	0	0	420	0	0	0	0	0	0	0	0	0	0	0	0	0	0	0	0	
350260	Putamen_L	1852	160	18622	3218	4028	0	1812	0	280	0	2696	288	378	322	2546	0	4436	114	5674	4700	5204	6680	4416	144	890	0	2510	316	21444	654	13690	3892	140	896	328	384	9820	346	684	0	232	0	0	0	0	0	0	0	0	0	0	0	0	0	2880	0	586	0	0	0	0	0	0	0	0	0	0	0	0	0	21306	6840	0	2786	6330	262	3622	110	156	0	2728	0	804	0	104	0	0	0	2526	0	94	0	0	0	0	0	0	0	200	0	0	0	0	0	0	0	0	0	0	0	0	0	0	0	0	0	
378128	Putamen_R	0	3414	192	20244	0	940	0	10502	0	862	426	4062	0	1992	0	2742	548	2120	2186	11152	1684	3456	638	2732	0	1916	576	510	982	21266	2380	11504	120	3564	0	0	108	14124	0	6206	0	926	0	0	0	0	0	0	0	0	0	0	0	0	0	7868	0	508	0	0	0	90	0	196	0	0	0	0	0	0	7074	22996	2786	0	0	3416	110	5270	0	0	0	1994	0	258	0	0	0	0	0	98	0	784	0	564	0	0	0	138	0	840	0	0	0	0	0	0	0	0	0	0	0	0	0	0	0	0	
36104	Pallidum_L	156	166	4480	318	0	0	0	0	0	0	0	0	0	0	0	0	350	0	414	676	142	178	0	0	0	0	0	0	506	0	0	0	0	0	0	0	458	0	0	0	0	0	0	0	0	0	0	0	0	0	0	0	0	0	0	0	0	0	0	0	0	0	0	0	0	0	0	0	0	0	2000	400	6330	0	0	0	1478	0	0	0	0	0	0	0	0	0	0	0	0	0	0	0	0	0	0	0	0	0	0	0	0	0	0	0	0	0	0	0	0	0	0	0	0	0	0	0	
30372	Pallidum_R	0	646	0	1734	0	0	0	1124	0	0	0	130	0	0	0	0	0	0	0	848	0	390	0	0	0	0	0	0	0	210	0	0	0	0	0	0	0	1412	0	1282	0	0	0	0	0	0	0	0	0	0	0	0	0	0	0	792	0	0	0	0	0	0	0	0	0	0	0	0	0	0	706	2234	262	3416	0	0	0	0	0	0	0	0	0	0	0	0	0	0	0	0	0	0	0	0	0	0	0	0	0	0	0	0	0	0	0	0	0	0	0	0	0	0	0	0	0	0	
130316	Thalamus_L	4324	368	7914	1680	0	0	2388	140	0	0	0	0	0	0	0	0	880	0	3226	992	0	0	0	0	0	0	0	0	3652	100	0	0	210	92	1582	2686	6144	2056	808	750	0	0	0	0	0	0	92	240	0	0	0	0	0	0	528	0	558	0	0	0	0	0	0	0	0	0	0	346	552	0	11004	1258	3622	110	1478	0	0	3412	176	0	450	0	0	0	90	0	0	0	862	0	0	0	0	0	388	0	0	0	0	0	0	0	0	0	0	0	0	0	0	0	0	0	0	0	0	0	
178372	Thalamus_R	346	2248	272	21792	0	0	186	4216	0	0	0	1564	0	946	0	448	0	220	136	9508	0	0	0	474	0	0	0	0	94	2704	180	746	0	382	0	292	122	6786	0	3034	0	0	0	0	0	0	0	966	0	0	0	0	0	0	0	3226	0	180	0	0	0	0	0	0	0	0	0	228	130	0	1026	14984	110	5270	0	0	3412	0	0	0	0	622	0	0	0	320	0	0	0	1514	0	146	0	0	0	0	0	174	0	182	0	0	0	0	0	0	0	0	0	0	0	0	0	0	0	0	
49656	Heschl_L	2152	0	952	0	0	0	1162	0	0	0	252	0	0	0	0	0	2732	0	426	158	0	0	0	0	0	0	0	0	5312	0	0	0	0	0	102	88	2700	0	0	0	0	0	0	0	0	0	0	0	0	0	0	0	422	0	1186	0	1858	0	0	0	110	0	0	0	0	0	0	0	136	0	0	0	156	0	0	0	176	0	0	0	2652	0	0	0	972	0	0	0	1124	0	0	0	0	0	0	0	0	0	0	0	0	0	0	0	0	0	0	0	0	0	0	0	0	0	0	0	
29052	Heschl_R	0	1136	0	260	0	0	0	130	0	0	0	272	0	0	0	0	0	1940	0	224	0	0	0	0	0	0	0	0	0	1724	0	0	0	0	0	0	0	418	0	90	0	0	0	0	0	0	0	0	0	0	0	0	0	0	0	644	0	806	0	0	0	0	0	466	0	0	0	0	0	180	0	0	0	0	0	0	0	0	0	0	0	5088	0	90	0	636	0	0	0	422	0	0	0	0	0	0	0	0	0	0	0	0	0	0	0	0	0	0	0	0	0	0	0	0	0	0	
189632	Temporal_Sup_L	2584	0	2624	0	0	0	1258	0	0	0	1066	0	0	0	0	0	8140	0	724	0	0	0	0	0	0	0	0	0	10774	0	320	0	254	0	88	88	5372	0	346	0	0	0	0	0	0	0	0	0	0	0	1200	0	634	0	4256	0	3236	0	1142	0	1380	0	6118	0	2368	0	1128	0	802	0	254	0	2728	0	0	0	450	0	2652	0	0	0	3514	0	19962	0	146	0	8984	0	0	0	0	0	0	0	0	0	224	0	0	0	0	0	0	0	0	0	0	0	0	0	0	0	0	0	
123136	Temporal_Sup_R	0	1310	0	1110	0	0	0	188	0	0	0	88	0	84	0	0	0	2422	248	882	0	0	0	0	0	0	0	0	0	6406	0	144	0	942	0	0	0	1038	0	538	0	0	0	278	0	0	0	0	0	0	0	188	0	0	0	3192	0	2110	0	134	0	258	0	6704	0	5640	0	478	0	716	236	156	0	1994	0	0	0	622	0	5088	0	0	0	1686	0	13334	0	0	0	3354	0	0	0	0	0	0	0	0	0	0	0	0	0	0	0	0	0	0	0	0	0	0	0	0	0	0	
76496	Temporal_Pole_Sup_L	0	0	610	0	1588	0	0	0	288	0	488	0	0	0	3472	0	530	0	0	0	1460	0	384	0	0	0	0	0	5694	0	742	0	0	0	0	0	1318	0	308	0	520	0	0	0	0	0	0	0	0	0	0	0	0	0	2952	0	0	0	0	0	0	0	0	0	0	0	0	0	0	0	362	0	804	0	0	0	0	0	0	0	3514	0	0	0	6458	0	2168	0	4588	0	0	0	0	0	0	0	0	0	0	0	0	0	0	0	0	0	0	0	0	0	0	0	0	0	0	0	
33668	Temporal_Pole_Sup_R	0	0	0	0	0	0	0	0	0	0	0	0	0	0	0	92	0	198	0	0	0	0	0	0	0	0	0	0	0	484	0	0	0	0	0	0	0	716	0	1616	0	1420	0	0	0	0	0	0	0	0	0	0	0	0	0	4204	0	0	0	0	0	0	0	0	0	0	0	0	0	0	0	0	0	258	0	0	0	0	0	90	0	1686	0	0	0	1964	0	2298	0	1808	0	0	0	0	0	0	0	0	0	0	0	0	0	0	0	0	0	0	0	0	0	0	0	0	0	0	
246820	Temporal_Mid_L	2346	0	0	0	0	0	0	0	0	0	0	0	0	0	0	0	514	0	0	0	0	0	0	0	0	0	0	0	1032	0	0	0	130	0	0	0	866	0	0	0	0	0	660	0	502	0	400	0	910	0	19036	0	3576	0	3746	0	2502	0	606	0	5286	0	9194	0	11312	0	1458	0	2454	0	0	0	104	0	0	0	90	0	972	0	19962	0	6458	0	0	0	2356	0	26594	0	344	0	0	0	0	0	0	0	0	0	0	0	0	0	0	0	0	0	0	0	0	0	0	0	0	0	
199624	Temporal_Mid_R	0	736	0	112	0	0	0	0	0	0	0	0	0	0	0	0	0	840	0	780	0	0	0	0	0	0	0	0	0	1362	0	0	0	3158	0	232	0	548	0	128	0	0	0	7646	0	1172	0	2220	0	1298	0	12418	0	4504	0	1396	0	2318	0	166	0	546	0	6162	0	7292	0	4324	86	1260	0	0	0	0	0	0	0	320	0	636	0	13334	0	1964	0	0	0	1458	0	21286	0	0	0	0	0	0	0	0	0	0	0	0	0	0	0	0	0	0	0	0	110	0	0	0	0	0	
17092	Temporal_Pole_Mid_L	0	0	0	0	0	0	0	0	0	0	0	0	0	0	0	0	0	0	0	0	0	0	0	0	0	0	0	0	256	0	0	0	0	0	0	0	170	0	0	0	118	0	0	0	0	0	0	0	0	0	0	0	0	0	1162	0	0	0	0	0	0	0	0	0	0	0	0	0	0	0	0	0	0	0	0	0	0	0	0	0	146	0	2168	0	2356	0	0	0	2170	0	0	0	0	0	0	0	0	0	0	0	0	0	0	0	0	0	0	0	0	0	0	0	0	0	0	0	
12292	Temporal_Pole_Mid_R	0	0	0	0	0	0	0	0	0	0	0	0	0	0	0	0	0	0	0	0	0	0	0	0	0	0	0	0	0	0	0	0	0	0	0	0	0	0	0	414	0	0	0	0	0	0	0	0	0	0	0	0	0	0	0	920	0	0	0	0	0	0	0	0	0	0	0	0	0	0	0	0	0	0	0	0	0	0	0	0	0	0	0	2298	0	1458	0	0	0	1056	0	0	0	0	0	0	0	0	0	0	0	0	0	0	0	0	0	0	0	0	0	0	0	0	0	0	
264556	Temporal_Inf_L	2508	0	484	0	0	0	162	0	0	0	0	0	0	0	0	0	896	0	0	86	0	0	0	0	0	0	0	0	4360	0	120	0	0	0	316	158	11784	138	1928	0	566	0	1096	0	360	0	862	0	0	0	3810	0	8346	0	24370	0	2486	0	254	0	3050	0	656	0	3898	0	1408	0	2512	0	130	0	2526	0	0	0	862	0	1124	0	8984	0	4588	0	26594	0	2170	0	0	0	3944	0	444	0	0	0	1030	0	3138	0	130	0	0	0	0	0	0	0	0	0	0	0	0	0	0	0	
130684	Temporal_Inf_R	0	286	0	0	0	0	0	0	0	0	0	0	0	0	0	0	0	956	0	190	0	0	0	0	0	0	0	0	0	2592	0	0	0	2500	0	0	0	1222	0	90	0	0	0	2586	0	294	0	1898	0	0	0	2164	0	5966	0	9280	0	684	0	0	0	280	0	1074	0	1196	0	1522	0	234	0	0	0	98	0	0	0	1514	0	422	0	3354	0	1808	0	21286	0	1056	0	0	0	654	0	0	0	0	0	0	0	136	0	0	0	0	0	0	0	0	0	0	0	0	0	0	0	0	
742908	Cerebelum_Crus1_L	572	0	0	0	0	0	0	0	0	0	0	0	0	0	0	0	0	0	0	0	0	0	0	0	0	0	0	0	0	0	0	0	96	0	0	0	806	0	2796	126	0	0	1590	0	410	0	17178	3624	222	0	2726	0	2846	1058	31930	2708	184	0	144	0	0	0	0	0	0	0	516	0	694	0	0	0	94	0	0	0	0	0	0	0	0	0	0	0	344	0	0	0	3944	0	0	6988	49668	3450	3718	446	41214	3222	70950	11888	18286	366	24316	1360	6026	654	1180	0	838	5024	10040	19442	13818	2208	1504	240	
525100	Cerebelum_Crus1_R	0	0	0	118	0	0	0	110	0	0	0	0	0	0	0	0	0	0	0	86	0	0	0	0	0	0	0	0	0	0	0	0	0	0	0	0	0	2066	0	4036	0	0	0	0	0	0	2568	10400	0	0	0	0	0	1120	1338	22638	0	0	0	0	0	0	0	0	0	0	0	178	0	0	0	392	0	784	0	0	0	146	0	0	0	0	0	0	0	0	0	0	0	654	6988	0	4882	34640	480	4782	6590	30564	5726	61436	804	4362	1538	13272	110	1602	0	136	122	2354	11884	9202	10232	2788	1052	370	
599576	Cerebelum_Crus2_L	0	0	0	0	0	0	0	0	0	0	0	0	0	0	0	0	0	0	0	0	0	0	0	0	0	0	0	0	0	0	0	0	0	0	0	0	118	0	640	122	0	0	160	0	0	0	2890	2172	0	0	218	0	142	680	4054	1784	0	0	0	0	0	0	0	0	0	0	0	0	0	0	0	0	0	0	0	0	0	0	0	0	0	0	0	0	0	0	0	0	444	0	49668	4882	0	13244	1934	196	9182	1434	13194	5606	51864	8610	50172	11850	18556	1052	1480	0	380	3232	4048	9120	12546	11764	2072	278	
411376	Cerebelum_Crus2_R	0	0	0	0	0	0	0	90	0	0	0	0	0	0	0	0	0	0	0	0	0	0	0	0	0	0	0	0	0	0	0	0	0	0	0	0	0	672	0	1160	0	0	0	0	0	0	342	2268	0	0	0	0	0	820	188	4524	0	0	0	0	0	0	0	0	0	0	0	0	0	0	0	276	0	564	0	0	0	0	0	0	0	0	0	0	0	0	0	0	0	0	3450	34640	13244	0	196	1374	1562	5536	1306	15066	7832	30906	5260	38148	602	6498	0	484	0	830	3374	3290	10320	8362	1894	610	
75284	Cerebelum_3_L	148	0	158	0	0	0	0	0	0	0	0	0	0	0	0	0	0	0	98	0	0	0	0	0	0	0	0	0	96	0	0	0	0	0	0	0	160	0	320	0	0	0	0	0	0	0	334	146	0	0	0	0	0	0	166	0	0	0	0	0	0	0	0	0	0	0	0	0	0	0	0	0	0	0	0	0	388	0	0	0	0	0	0	0	0	0	0	0	0	0	3718	480	1934	196	0	190	9150	634	3070	640	1198	0	2314	250	1210	128	0	0	1202	4598	2952	798	362	326	182	96	
95172	Cerebelum_3_R	0	0	0	0	0	0	0	0	0	0	0	0	0	0	0	0	0	0	0	0	0	0	0	0	0	0	0	0	0	0	0	0	0	0	0	0	0	88	0	544	0	0	0	0	0	0	208	226	0	0	0	0	0	0	0	1294	0	0	0	0	0	0	0	0	0	0	0	0	0	0	0	0	0	0	0	0	0	0	0	0	0	0	0	0	0	0	0	0	0	0	446	4782	196	1374	190	0	1002	9612	514	7238	96	0	238	1602	0	1802	0	0	734	6556	2524	1094	1386	1778	1592	470	
507716	Cerebelum_4_5_L	0	0	0	0	0	0	0	0	0	0	0	0	0	0	0	0	0	0	0	0	0	0	0	0	0	0	0	0	0	0	0	0	0	0	124	0	1040	0	3340	260	0	0	218	0	0	0	13410	4326	0	0	98	0	512	798	14494	2806	0	0	0	0	0	0	0	0	0	0	266	0	0	0	0	0	0	0	0	0	0	0	0	0	0	0	0	0	0	0	0	0	1030	0	41214	6590	9182	1562	9150	1002	0	11440	45186	11730	5342	0	9408	1554	3042	1216	492	0	1254	7698	23296	10314	5440	2582	1770	672	
403884	Cerebelum_4_5_R	0	0	0	0	0	0	0	0	0	0	0	0	0	0	0	0	0	0	0	0	0	0	0	0	0	0	0	0	0	0	0	0	0	0	0	264	0	2506	0	5750	0	0	0	176	0	0	1560	12822	0	0	0	0	0	924	724	16656	0	0	0	0	0	0	0	0	0	0	0	1494	0	0	0	0	0	138	0	0	0	174	0	0	0	0	0	0	0	0	0	0	0	0	3222	30564	1434	5536	634	9612	11440	0	3488	42974	538	288	1138	4398	414	2780	0	96	138	4854	20136	4508	3890	3464	2630	578	
574268	Cerebelum_6_L	0	0	0	0	0	0	0	0	0	0	0	0	0	0	0	0	0	0	0	0	0	0	0	0	0	0	0	0	142	0	0	0	0	0	0	0	1250	0	3032	0	0	0	148	0	0	0	19738	3768	0	0	278	0	716	730	29218	2292	0	0	0	0	0	0	0	0	0	0	0	0	0	0	0	0	200	0	0	0	0	0	0	0	224	0	0	0	0	0	0	0	3138	0	70950	5726	13194	1306	3070	514	45186	3488	0	11122	5142	0	9246	708	2674	354	678	0	794	2940	10986	19436	11476	1822	1294	154	
609556	Cerebelum_6_R	0	0	0	146	0	0	0	118	0	0	0	0	0	0	0	0	0	0	0	98	0	0	0	0	0	0	0	0	0	120	0	0	0	0	0	0	0	2534	0	5364	0	0	0	0	0	0	3366	17146	0	0	0	0	0	3128	2322	31232	0	0	0	0	0	0	0	0	0	0	0	216	0	0	0	420	0	840	0	0	0	182	0	0	0	0	0	0	0	0	0	0	0	136	11888	61436	5606	15066	640	7238	11730	42974	11122	0	976	422	1282	7596	298	1998	0	420	160	3172	17820	18020	13918	2184	1142	302	
422076	Cerebelum_7b_L	0	0	0	0	0	0	0	0	0	0	0	0	0	0	0	0	0	0	0	0	0	0	0	0	0	0	0	0	0	0	0	0	0	0	0	0	0	0	106	0	0	0	0	0	0	0	788	294	0	0	0	0	0	126	778	352	0	0	0	0	0	0	0	0	0	0	0	0	0	0	0	0	0	0	0	0	0	0	0	0	0	0	0	0	0	0	0	0	130	0	18286	804	51864	7832	1198	96	5342	538	5142	976	0	8178	51790	11720	18380	744	1768	0	284	2198	2200	2678	3700	11092	1504	150	
233236	Cerebelum_7b_R	0	0	0	0	0	0	0	0	0	0	0	0	0	0	0	0	0	0	0	0	0	0	0	0	0	0	0	0	0	0	0	0	0	0	0	0	0	0	0	94	0	0	0	0	0	0	0	98	0	0	0	0	0	0	0	228	0	0	0	0	0	0	0	0	0	0	0	0	0	0	0	0	0	0	0	0	0	0	0	0	0	0	0	0	0	0	0	0	0	0	366	4362	8610	30906	0	0	0	288	0	422	8178	0	5902	37412	376	8394	0	202	0	0	0	162	2178	7228	1212	0	
501932	Cerebelum_8_L	0	0	0	0	0	0	0	0	0	0	0	0	0	0	0	0	0	0	0	0	0	0	0	0	0	0	0	0	0	0	0	0	0	0	0	0	0	0	0	150	0	0	0	0	0	0	892	238	0	0	0	0	132	0	1008	314	0	0	0	0	0	0	0	0	0	0	0	0	0	0	0	0	0	0	0	0	0	0	0	0	0	0	0	0	0	0	0	0	0	0	24316	1538	50172	5260	2314	238	9408	1138	9246	1282	51790	5902	0	12540	29600	1982	3536	0	556	4066	4346	4924	4064	15274	4148	592	
400184	Cerebelum_8_R	0	0	0	0	0	0	0	0	0	0	0	0	0	0	0	0	0	0	0	0	0	0	0	0	0	0	0	0	0	0	0	0	0	0	0	0	0	0	0	326	0	0	0	0	0	0	300	698	0	0	0	0	0	102	98	862	0	0	0	0	0	0	0	0	0	0	0	0	0	0	0	0	0	0	0	0	0	0	0	0	0	0	0	0	0	0	0	0	0	0	1360	13272	11850	38148	250	1602	1554	4398	708	7596	11720	37412	12540	0	1672	20884	0	1494	0	1032	3334	1548	4916	14886	5168	362	
194804	Cerebelum_9_L	0	0	0	0	0	0	0	0	0	0	0	0	0	0	0	0	0	0	0	0	0	0	0	0	0	0	0	0	0	0	0	0	0	0	0	0	0	0	0	0	0	0	0	0	0	0	176	0	0	0	0	0	0	0	0	0	0	0	0	0	0	0	0	0	0	0	0	0	0	0	0	0	0	0	0	0	0	0	0	0	0	0	0	0	0	0	0	0	0	0	6026	110	18556	602	1210	0	3042	414	2674	298	18380	376	29600	1672	0	1694	4100	0	214	436	1252	1162	340	1906	2552	610	
159676	Cerebelum_9_R	0	0	0	0	0	0	0	0	0	0	0	0	0	0	0	0	0	0	0	0	0	0	0	0	0	0	0	0	0	0	0	0	0	0	0	0	0	104	0	510	0	0	0	0	0	0	108	0	0	0	0	0	0	0	0	558	0	0	0	0	0	0	0	0	0	0	0	0	0	0	0	0	0	0	0	0	0	0	0	0	0	0	0	0	0	0	0	0	0	0	654	1602	1052	6498	128	1802	1216	2780	354	1998	744	8394	1982	20884	1694	0	0	1774	112	1404	2182	2048	2200	6748	8282	2026	
26636	Cerebelum_10_L	0	0	0	0	0	0	0	0	0	0	0	0	0	0	0	0	0	0	0	0	0	0	0	0	0	0	0	0	0	0	0	0	0	0	0	0	0	0	0	0	0	0	0	0	0	0	0	0	0	0	0	0	0	0	0	0	0	0	0	0	0	0	0	0	0	0	0	0	0	0	0	0	0	0	0	0	0	0	0	0	0	0	0	0	0	0	0	0	0	0	1180	0	1480	0	0	0	492	0	678	0	1768	0	3536	0	4100	0	0	0	0	0	0	84	0	0	0	0	
10848	Cerebelum_10_R	0	0	0	0	0	0	0	0	0	0	0	0	0	0	0	0	0	0	0	0	0	0	0	0	0	0	0	0	0	0	0	0	0	0	0	0	0	0	0	0	0	0	0	0	0	0	0	0	0	0	0	0	0	0	0	0	0	0	0	0	0	0	0	0	0	0	0	0	0	0	0	0	0	0	0	0	0	0	0	0	0	0	0	0	0	0	0	0	0	0	0	136	0	484	0	0	0	96	0	420	0	202	0	1494	0	1774	0	0	0	0	0	0	0	232	586	0	
28520	Vermis_1_2	0	0	0	0	0	0	0	0	0	0	0	0	0	0	0	0	0	0	0	0	0	0	0	0	0	0	0	0	0	0	0	0	0	0	0	0	0	0	0	0	0	0	0	0	0	0	84	0	0	0	0	0	0	0	0	0	0	0	0	0	0	0	0	0	0	0	0	0	0	0	0	0	0	0	0	0	0	0	0	0	0	0	0	0	0	0	0	0	0	0	838	122	380	0	1202	734	1254	138	794	160	284	0	556	0	214	112	0	0	0	5776	1142	168	116	100	86	0	
150456	Vermis_3	0	0	0	0	0	0	0	0	0	0	0	0	0	0	0	0	0	0	0	0	0	0	0	0	0	0	0	0	0	0	0	0	0	0	0	0	198	0	422	162	0	0	0	0	0	0	1038	254	0	0	0	0	154	0	606	312	0	0	0	0	0	0	0	0	0	0	0	0	0	0	0	0	0	0	0	0	0	0	0	0	0	0	0	0	0	0	0	0	0	0	5024	2354	3232	830	4598	6556	7698	4854	2940	3172	2198	0	4066	1032	436	1404	0	0	5776	0	7568	3428	1530	1658	1268	460	
376256	Vermis_4_5	0	0	0	0	0	0	0	0	0	0	0	0	0	0	0	0	0	0	0	0	0	0	0	0	0	0	0	0	0	0	0	0	0	0	662	1950	440	1526	346	1116	0	0	0	776	0	216	5590	9574	0	0	0	0	336	918	3392	3388	0	0	0	0	0	0	0	0	0	0	98	2708	0	0	0	0	0	0	0	0	0	0	0	0	0	0	0	0	0	110	0	0	0	0	10040	11884	4048	3374	2952	2524	23296	20136	10986	17820	2200	0	4346	3334	1252	2182	0	0	1142	7568	0	11528	5928	4272	2970	1200	
