data	data	641252	398032	908776	565368	118228	48480	521744	262252	69620	65908	248228	146308	313848	104760	187172	69368	233400	113356	822552	864756	87320	81592	393152	348172	29100	80968	81988	80724	557412	174144	308088	446752	198584	467120	125872	141244	274704	295916	92320	185400	31096	60640	377332	368940	263360	355852	347792	265092	353120	306456	526284	415196	171092	151292	446328	507532	466020	268732	260000	191556	284680	136412	155152	126000	229032	147580	379852	472120	426492	387148	303228	439592	289724	309156	65096	27648	200136	241688	91724	17088	258440	95732	67016	39484	414724	427744	13452	25564	377732	240460	435292	407984	255916	224792	29656	87876	258964	247600	511608	393932	162052	84784	221184	215248	93600	152900	15632	9008	28304	43724	241824	277060	147380	146424	106316	69528	
data	data	Precentral_L	Precentral_R	Frontal_Sup_L	Frontal_Sup_R	Frontal_Sup_Orb_L	Frontal_Sup_Orb_R	Frontal_Mid_L	Frontal_Mid_R	Frontal_Mid_Orb_L	Frontal_Mid_Orb_R	Frontal_Inf_Oper_L	Frontal_Inf_Oper_R	Frontal_Inf_Tri_L	Frontal_Inf_Tri_R	Frontal_Inf_Orb_L	Frontal_Inf_Orb_R	Rolandic_Oper_L	Rolandic_Oper_R	Supp_Motor_Area_L	Supp_Motor_Area_R	Olfactory_L	Olfactory_R	Frontal_Sup_Medial_L	Frontal_Sup_Medial_R	Frontal_Med_Orb_L	Frontal_Med_Orb_R	Rectus_L	Rectus_R	Insula_L	Insula_R	Cingulum_Ant_L	Cingulum_Ant_R	Cingulum_Mid_L	Cingulum_Mid_R	Cingulum_Post_L	Cingulum_Post_R	Hippocampus_L	Hippocampus_R	ParaHippocampal_L	ParaHippocampal_R	Amygdala_L	Amygdala_R	Calcarine_L	Calcarine_R	Cuneus_L	Cuneus_R	Lingual_L	Lingual_R	Occipital_Sup_L	Occipital_Sup_R	Occipital_Mid_L	Occipital_Mid_R	Occipital_Inf_L	Occipital_Inf_R	Fusiform_L	Fusiform_R	Postcentral_L	Postcentral_R	Parietal_Sup_L	Parietal_Sup_R	Parietal_Inf_L	Parietal_Inf_R	SupraMarginal_L	SupraMarginal_R	Angular_L	Angular_R	Precuneus_L	Precuneus_R	Paracentral_Lobule_L	Paracentral_Lobule_R	Caudate_L	Caudate_R	Putamen_L	Putamen_R	Pallidum_L	Pallidum_R	Thalamus_L	Thalamus_R	Heschl_L	Heschl_R	Temporal_Sup_L	Temporal_Sup_R	Temporal_Pole_Sup_L	Temporal_Pole_Sup_R	Temporal_Mid_L	Temporal_Mid_R	Temporal_Pole_Mid_L	Temporal_Pole_Mid_R	Temporal_Inf_L	Temporal_Inf_R	Cerebelum_Crus1_L	Cerebelum_Crus1_R	Cerebelum_Crus2_L	Cerebelum_Crus2_R	Cerebelum_3_L	Cerebelum_3_R	Cerebelum_4_5_L	Cerebelum_4_5_R	Cerebelum_6_L	Cerebelum_6_R	Cerebelum_7b_L	Cerebelum_7b_R	Cerebelum_8_L	Cerebelum_8_R	Cerebelum_9_L	Cerebelum_9_R	Cerebelum_10_L	Cerebelum_10_R	Vermis_1_2	Vermis_3	Vermis_4_5	Vermis_6	Vermis_7	Vermis_8	Vermis_9	Vermis_10	
641252	Precentral_L	0	2296	28080	450	0	0	24240	110	0	108	18116	0	5562	0	100	102	14974	0	27086	7104	0	0	316	96	0	0	0	0	15522	0	310	108	404	2806	1164	1446	11076	850	540	0	0	0	170	0	0	0	352	0	0	0	116	0	0	0	1108	0	45792	104	0	0	2962	0	3266	0	1478	0	368	0	30478	3930	9162	1038	13554	0	6762	0	20722	2336	4838	0	4946	0	364	0	1398	0	0	0	2416	0	0	0	0	0	0	0	0	0	0	0	0	0	0	0	0	0	0	0	0	0	0	0	0	0	0	0	
398032	Precentral_R	2296	0	738	5730	0	0	196	7360	0	244	0	8406	0	376	0	248	0	4130	1128	31646	0	0	0	122	0	0	0	0	142	3882	94	542	0	180	0	162	0	10724	0	2510	0	0	0	214	0	0	0	738	0	0	0	0	0	618	0	3110	140	12234	0	244	0	4334	0	4786	0	416	0	300	3336	33520	584	17968	180	4258	120	760	810	26042	0	334	0	582	0	0	0	1110	0	0	0	1422	0	0	0	0	0	0	0	0	0	0	0	0	0	0	0	0	0	0	0	0	0	0	0	0	0	0	
908776	Frontal_Sup_L	28080	738	0	3752	5638	0	76514	680	3396	0	16844	0	29770	80	10802	0	12622	120	79750	6484	1858	500	43928	6860	1452	0	2374	128	29630	258	20250	9300	9812	2158	0	0	930	210	130	0	0	0	0	0	0	0	0	0	0	0	0	0	0	0	768	0	7642	102	0	0	710	0	1236	0	196	0	0	0	4630	96	8282	2008	12226	1866	1768	256	454	0	316	0	5022	0	348	0	458	0	0	0	956	0	0	0	0	0	0	0	0	0	0	0	0	0	0	0	0	0	0	0	0	0	0	0	0	0	0	0	
565368	Frontal_Sup_R	450	5730	3752	0	0	2146	1082	35900	0	1292	122	4644	284	6372	0	898	0	6488	10036	48086	0	0	12840	37184	0	2250	0	1494	274	3988	4238	33004	1696	20892	82	0	0	760	0	184	0	0	0	0	0	0	0	0	0	0	0	0	0	0	0	158	0	184	0	0	0	0	0	0	0	0	0	0	320	298	1600	13900	238	15610	118	1212	0	1676	0	512	0	430	0	260	0	0	0	0	0	0	0	0	0	0	0	0	0	0	0	0	0	0	0	0	0	0	0	0	0	0	0	0	0	0	0	0	
118228	Frontal_Sup_Orb_L	0	0	5638	0	0	194	1658	0	7002	0	0	0	1066	0	7344	0	0	0	0	0	4490	1906	4340	106	3944	0	7438	606	3562	0	4298	246	0	0	0	0	0	0	0	0	0	0	0	0	0	0	0	0	0	0	0	0	0	0	0	0	0	0	0	0	0	0	0	0	0	0	0	0	0	0	3508	720	786	0	0	0	0	0	0	0	0	0	262	0	0	0	0	0	0	0	0	0	0	0	0	0	0	0	0	0	0	0	0	0	0	0	0	0	0	0	0	0	0	0	0	0	
48480	Frontal_Sup_Orb_R	0	0	0	2146	194	0	0	636	0	1064	0	0	0	0	0	534	0	0	0	140	650	990	0	2050	0	5088	406	5568	0	114	166	976	0	0	0	0	0	0	0	0	0	0	0	0	0	0	0	0	0	0	0	0	0	0	0	0	0	0	0	0	0	0	0	0	0	0	0	0	0	0	694	1166	88	1570	0	0	0	0	0	0	0	0	0	0	0	0	0	0	0	0	0	0	0	0	0	0	0	0	0	0	0	0	0	0	0	0	0	0	0	0	0	0	0	0	0	0	
521744	Frontal_Mid_L	24240	196	76514	1082	1658	0	0	364	5468	0	15886	0	40044	0	11904	0	4294	0	24054	428	550	104	12090	1448	0	0	550	0	17454	0	3094	1408	5172	744	0	0	428	0	0	0	0	0	0	0	0	0	0	0	0	0	0	0	0	0	98	0	2162	0	0	0	1378	0	134	0	0	0	0	0	0	0	1718	584	1972	380	942	0	220	0	110	0	1592	0	122	0	110	0	0	0	176	0	0	0	0	0	0	0	0	0	0	0	0	0	0	0	0	0	0	0	0	0	0	0	0	0	0	0	
262252	Frontal_Mid_R	110	7360	680	35900	0	636	364	0	0	2268	0	9460	124	10016	0	2030	0	748	4968	15130	0	0	2584	5938	0	0	0	0	0	1620	360	11778	796	10350	0	0	0	310	0	140	0	0	0	0	0	0	0	0	0	0	0	0	0	0	0	154	0	334	0	0	0	0	0	0	0	0	0	0	0	96	116	3934	0	2270	0	552	0	0	0	0	0	0	0	0	0	0	0	0	0	0	0	0	0	0	0	0	0	0	0	0	0	0	0	0	0	0	0	0	0	0	0	0	0	0	0	0	
69620	Frontal_Mid_Orb_L	0	0	3396	0	7002	0	5468	0	0	0	0	0	3812	0	9472	0	0	0	0	0	438	164	104	0	132	0	966	0	2522	0	164	0	0	0	0	0	0	0	0	0	0	0	0	0	0	0	0	0	0	0	0	0	0	0	0	0	0	0	0	0	0	0	0	0	0	0	0	0	0	0	406	116	648	0	0	0	0	0	0	0	0	0	0	0	0	0	0	0	0	0	0	0	0	0	0	0	0	0	0	0	0	0	0	0	0	0	0	0	0	0	0	0	0	0	0	0	
65908	Frontal_Mid_Orb_R	108	244	0	1292	0	1064	0	2268	0	0	0	354	0	894	0	12500	0	0	366	3288	0	0	0	0	0	0	0	0	0	1294	0	0	0	0	0	0	0	0	0	0	0	0	0	0	0	0	0	0	0	0	0	0	0	0	0	0	0	0	0	0	0	0	0	0	0	0	0	0	102	230	0	4178	0	4540	0	0	0	232	0	0	0	0	0	0	0	0	0	0	0	0	0	0	0	0	0	0	0	0	0	0	0	0	0	0	0	0	0	0	0	0	0	0	0	0	0	0	
248228	Frontal_Inf_Oper_L	18116	0	16844	122	0	0	15886	0	0	0	0	0	14480	0	1070	0	11762	0	17236	122	0	0	820	118	0	0	0	0	16430	0	358	84	314	0	0	0	0	0	0	0	0	0	0	0	0	0	0	0	0	0	0	0	0	0	0	0	4554	0	0	0	422	0	0	0	0	0	0	0	0	0	84	0	348	0	218	0	0	0	0	0	2604	0	2122	0	0	0	0	0	0	0	0	0	0	0	0	0	0	0	0	0	0	0	0	0	0	0	0	0	0	0	0	0	0	0	0	0	
146308	Frontal_Inf_Oper_R	0	8406	0	4644	0	0	0	9460	0	354	0	0	0	8838	0	266	0	6100	766	9982	110	0	0	0	0	0	0	0	0	12926	0	130	0	0	0	0	0	784	0	336	0	0	0	0	0	0	0	0	0	0	0	0	0	0	0	414	0	1482	0	0	0	348	0	406	0	0	0	0	0	0	552	812	0	5232	0	320	0	0	0	136	0	0	0	104	0	110	0	0	0	136	0	0	0	0	0	0	0	0	0	0	0	0	0	0	0	0	0	0	0	0	0	0	0	0	0	0	
313848	Frontal_Inf_Tri_L	5562	0	29770	284	1066	0	40044	124	3812	0	14480	0	0	0	17774	0	958	0	9270	0	450	84	3026	326	0	0	420	0	23248	0	1630	634	1050	84	0	0	0	0	0	0	0	0	0	0	0	0	0	0	0	0	0	0	0	0	0	0	302	0	0	0	210	0	0	0	0	0	0	0	0	0	498	120	1436	0	0	0	0	0	0	0	120	0	142	0	0	0	0	0	0	0	0	0	0	0	0	0	0	0	0	0	0	0	0	0	0	0	0	0	0	0	0	0	0	0	0	0	
104760	Frontal_Inf_Tri_R	0	376	80	6372	0	0	0	10016	0	894	0	8838	0	0	0	1990	0	270	884	6920	116	82	0	1046	0	0	0	0	0	7514	100	632	0	982	0	0	0	0	0	0	0	0	0	0	0	0	0	0	0	0	0	0	0	0	0	0	0	0	0	0	0	0	0	0	0	0	0	0	0	0	1016	1990	0	2262	0	0	0	0	0	0	0	0	0	0	0	0	0	0	0	0	0	0	0	0	0	0	0	0	0	0	0	0	0	0	0	0	0	0	0	0	0	0	0	0	0	0	
187172	Frontal_Inf_Orb_L	100	0	10802	0	7344	0	11904	0	9472	0	1070	0	17774	0	0	0	136	0	1278	0	2134	636	1192	0	480	0	2076	0	18638	0	1308	356	0	0	0	0	0	0	0	0	0	0	0	0	0	0	0	0	0	0	0	0	0	0	0	0	0	0	0	0	0	0	0	0	0	0	0	0	0	0	1930	462	3796	0	0	0	0	0	0	0	0	0	698	0	0	0	0	0	0	0	0	0	0	0	0	0	0	0	0	0	0	0	0	0	0	0	0	0	0	0	0	0	0	0	0	0	
69368	Frontal_Inf_Orb_R	102	248	0	898	0	534	0	2030	0	12500	0	266	0	1990	0	0	0	0	346	3244	86	684	0	0	0	0	0	268	0	2076	0	100	0	0	0	0	0	0	0	0	0	0	0	0	0	0	0	0	0	0	0	0	0	0	0	0	0	0	0	0	0	0	0	0	0	0	0	0	96	228	114	4178	0	4464	0	0	0	232	0	0	0	0	0	0	0	0	0	0	0	0	0	0	0	0	0	0	0	0	0	0	0	0	0	0	0	0	0	0	0	0	0	0	0	0	0	0	
233400	Rolandic_Oper_L	14974	0	12622	0	0	0	4294	0	0	0	11762	0	958	0	136	0	0	0	18746	326	0	0	0	0	0	0	0	0	21686	0	0	0	0	152	0	0	332	0	0	0	0	0	138	0	0	0	0	0	0	0	0	0	0	0	796	0	10686	0	0	0	712	0	2502	0	230	0	162	0	400	0	216	0	380	0	246	0	0	0	2602	0	7578	0	2208	0	1132	0	0	0	724	0	0	0	0	0	0	0	0	0	0	0	0	0	0	0	0	0	0	0	0	0	0	0	0	0	0	0	
113356	Rolandic_Oper_R	0	4130	120	6488	0	0	0	748	0	0	0	6100	0	270	0	0	0	0	204	10376	0	0	138	0	0	0	0	0	0	7854	124	264	0	0	0	0	0	322	0	332	0	0	0	0	0	0	0	0	0	0	0	0	0	364	0	746	0	4044	0	0	0	952	0	4098	0	514	0	0	0	0	0	324	0	1466	0	382	0	0	0	1578	0	2252	0	530	0	1296	0	0	0	662	0	0	0	0	0	0	0	0	0	0	0	0	0	0	0	0	0	0	0	0	0	0	0	0	0	0	
822552	Supp_Motor_Area_L	27086	1128	79750	10036	0	0	24054	4968	0	366	17236	766	9270	884	1278	346	18746	204	0	44002	0	0	8578	3920	0	0	0	0	32942	814	9550	9196	12896	19778	290	420	1576	182	216	0	0	0	0	0	88	0	0	0	0	0	0	0	0	0	1604	0	8538	302	0	0	464	0	1304	0	152	0	104	128	17552	2544	12362	1762	8914	828	824	262	1788	106	416	0	5654	0	1894	0	730	0	0	0	2478	0	0	0	0	0	0	0	0	0	0	0	0	0	0	0	0	0	0	0	0	0	0	0	0	0	0	0	
864756	Supp_Motor_Area_R	7104	31646	6484	48086	0	140	428	15130	0	3288	122	9982	0	6920	0	3244	326	10376	44002	0	0	0	2020	7588	0	0	0	0	1012	10150	2440	15874	10004	41102	1232	1366	230	3158	80	630	222	0	0	0	0	0	0	570	0	0	0	0	0	0	108	376	544	3010	0	0	0	0	0	0	0	0	338	152	22810	44120	5862	33998	428	9698	262	3432	1116	19760	0	474	204	364	0	366	0	0	0	0	0	0	0	0	0	0	0	0	0	0	0	0	0	0	0	0	0	0	0	0	0	0	0	0	0	0	0	0	
87320	Olfactory_L	0	0	1858	0	4490	650	550	0	438	0	0	110	450	116	2134	86	0	0	0	0	0	5772	748	92	254	288	5776	1576	2704	168	2746	1176	0	0	0	0	0	0	0	0	0	0	0	0	0	0	0	0	0	0	0	0	0	0	0	0	0	0	0	0	0	0	0	0	0	0	0	0	0	0	7874	2244	1360	0	0	0	0	0	0	0	0	0	0	0	0	0	0	0	0	0	0	0	0	0	0	0	0	0	0	0	0	0	0	0	0	0	0	0	0	0	0	0	0	0	0	0	
81592	Olfactory_R	0	0	500	0	1906	990	104	0	164	0	0	0	84	82	636	684	0	0	0	0	5772	0	262	100	0	742	3516	2778	654	1480	2732	2022	0	0	0	0	0	0	0	0	0	306	0	0	0	0	0	0	0	0	0	0	0	0	0	0	0	0	0	0	0	0	0	0	0	0	0	0	0	0	7866	4416	2720	192	0	0	0	0	0	0	0	0	0	88	0	0	0	0	0	0	0	0	0	0	0	0	0	0	0	0	0	0	0	0	0	0	0	0	0	0	0	0	0	0	0	0	
393152	Frontal_Sup_Medial_L	316	0	43928	12840	4340	0	12090	2584	104	0	820	0	3026	0	1192	0	0	138	8578	2020	748	262	0	26650	3286	984	1116	354	2492	120	22586	18944	6578	8482	0	0	0	0	0	0	0	0	0	0	0	0	0	0	0	0	0	0	0	0	0	0	0	0	0	0	0	0	0	0	0	0	0	0	0	0	2722	2972	3868	2436	0	0	0	0	0	0	0	0	0	0	0	0	0	0	0	0	0	0	0	0	0	0	0	0	0	0	0	0	0	0	0	0	0	0	0	0	0	0	0	0	0	0	
348172	Frontal_Sup_Medial_R	96	122	6860	37184	106	2050	1448	5938	0	0	118	0	326	1046	0	0	0	0	3920	7588	92	100	26650	0	264	7310	104	4236	128	0	5198	26266	1222	12658	0	0	0	0	0	0	0	0	0	0	0	0	0	0	0	0	0	0	0	0	0	0	0	0	0	0	0	0	0	0	0	0	0	0	0	0	306	11176	154	11420	0	0	0	0	0	0	0	0	0	0	0	0	0	0	0	0	0	0	0	0	0	0	0	0	0	0	0	0	0	0	0	0	0	0	0	0	0	0	0	0	0	0	
29100	Frontal_Med_Orb_L	0	0	1452	0	3944	0	0	0	132	0	0	0	0	0	480	0	0	0	0	0	254	0	3286	264	0	282	1018	94	0	0	2602	568	0	0	0	0	0	0	0	0	0	0	0	0	0	0	0	0	0	0	0	0	0	0	0	0	0	0	0	0	0	0	0	0	0	0	0	0	0	0	174	0	0	0	0	0	0	0	0	0	0	0	0	0	0	0	0	0	0	0	0	0	0	0	0	0	0	0	0	0	0	0	0	0	0	0	0	0	0	0	0	0	0	0	0	0	
80968	Frontal_Med_Orb_R	0	0	0	2250	0	5088	0	0	0	0	0	0	0	0	0	0	0	0	0	0	288	742	984	7310	282	0	310	10216	0	0	908	6046	0	0	0	0	0	0	0	0	0	0	0	0	0	0	0	0	0	0	0	0	0	0	0	0	0	0	0	0	0	0	0	0	0	0	0	0	0	0	412	3372	136	2140	0	0	0	0	0	0	0	0	0	0	0	0	0	0	0	0	0	0	0	0	0	0	0	0	0	0	0	0	0	0	0	0	0	0	0	0	0	0	0	0	0	0	
81988	Rectus_L	0	0	2374	0	7438	406	550	0	966	0	0	0	420	0	2076	0	0	0	0	0	5776	3516	1116	104	1018	310	0	1124	1552	0	4198	920	0	0	0	0	0	0	0	0	0	0	0	0	0	0	0	0	0	0	0	0	0	0	0	0	0	0	0	0	0	0	0	0	0	0	0	0	0	0	5268	972	890	0	0	0	0	0	0	0	0	0	0	0	0	0	0	0	0	0	0	0	0	0	0	0	0	0	0	0	0	0	0	0	0	0	0	0	0	0	0	0	0	0	0	0	
80724	Rectus_R	0	0	128	1494	606	5568	0	0	0	0	0	0	0	0	0	268	0	0	0	0	1576	2778	354	4236	94	10216	1124	0	0	500	1004	4538	0	0	0	0	0	0	0	0	0	0	0	0	0	0	0	0	0	0	0	0	0	0	0	0	0	0	0	0	0	0	0	0	0	0	0	0	0	0	1690	2674	358	1156	0	0	0	0	0	0	0	0	0	0	0	0	0	0	0	0	0	0	0	0	0	0	0	0	0	0	0	0	0	0	0	0	0	0	0	0	0	0	0	0	0	0	
557412	Insula_L	15522	142	29630	274	3562	0	17454	0	2522	0	16430	0	23248	0	18638	0	21686	0	32942	1012	2704	654	2492	128	0	0	1552	0	0	0	3276	1256	430	176	560	758	10802	612	1090	0	1320	0	124	0	0	0	0	0	0	0	0	0	0	0	4862	0	4886	0	0	0	864	0	330	0	136	0	130	0	3238	0	3006	582	16208	102	690	0	3940	960	6512	0	10604	0	3544	0	1448	0	110	0	5558	0	0	0	0	0	0	0	0	0	0	0	0	0	0	0	0	0	0	0	0	0	0	0	0	0	0	0	
174144	Insula_R	0	3882	258	3988	0	114	0	1620	0	1294	0	12926	0	7514	0	2076	0	7854	814	10150	168	1480	120	0	0	0	0	500	0	0	218	366	0	122	0	0	0	3830	0	1010	0	726	0	0	0	0	0	0	0	0	0	0	0	0	0	1510	0	972	0	0	0	122	0	256	0	0	0	0	0	0	1232	620	0	15412	0	318	0	90	0	430	0	1704	0	1372	0	638	0	0	0	1366	0	0	0	0	0	0	0	0	0	0	0	0	0	0	0	0	0	0	0	0	0	0	0	0	0	0	
308088	Cingulum_Ant_L	310	94	20250	4238	4298	166	3094	360	164	0	358	0	1630	100	1308	0	0	124	9550	2440	2746	2732	22586	5198	2602	908	4198	1004	3276	218	0	18962	7114	2720	0	0	0	0	0	0	0	0	0	0	0	0	0	0	0	0	0	0	0	0	0	0	0	0	0	0	0	0	0	0	0	0	0	0	112	0	13002	4180	11508	2494	0	0	0	0	0	0	0	0	0	0	0	0	0	0	0	0	0	0	0	0	0	0	0	0	0	0	0	0	0	0	0	0	0	0	0	0	0	0	0	0	0	0	
446752	Cingulum_Ant_R	108	542	9300	33004	246	976	1408	11778	0	0	84	130	634	632	356	100	0	264	9196	15874	1176	2022	18944	26266	568	6046	920	4538	1256	366	18962	0	3606	16028	80	0	0	0	0	0	0	0	0	0	0	0	0	0	0	0	0	0	0	0	0	0	0	0	0	0	0	0	0	0	0	0	0	0	182	152	4082	17330	2716	13504	0	0	0	0	0	0	0	0	0	0	0	0	0	0	0	0	0	0	0	0	0	0	0	0	0	0	0	0	0	0	0	0	0	0	0	0	0	0	0	0	0	0	
198584	Cingulum_Mid_L	404	0	9812	1696	0	0	5172	796	0	0	314	0	1050	0	0	0	0	0	12896	10004	0	0	6578	1222	0	0	0	0	430	0	7114	3606	0	14830	4268	1452	0	0	0	0	0	0	376	0	1038	0	140	0	272	0	0	292	0	0	142	0	592	212	0	0	96	0	0	0	0	0	4424	606	4882	2476	852	178	640	138	0	0	0	0	0	0	0	0	0	0	0	292	0	0	0	0	0	0	0	0	0	0	0	0	0	0	0	0	0	0	0	0	0	0	0	0	0	0	0	0	0	0	
467120	Cingulum_Mid_R	2806	180	2158	20892	0	0	744	10350	0	0	0	0	84	982	0	0	152	0	19778	41102	0	0	8482	12658	0	0	0	0	176	122	2720	16028	14830	0	3680	9262	0	296	0	374	0	0	0	776	0	120	0	506	0	0	0	1968	0	402	94	884	188	8352	0	0	0	0	0	0	0	0	2530	7318	19122	17742	118	1832	0	656	0	0	0	0	0	0	0	0	0	0	0	2230	0	0	0	866	0	0	0	0	0	0	0	0	0	0	0	0	0	0	0	0	0	0	0	0	0	0	0	0	0	0	
125872	Cingulum_Post_L	1164	0	0	82	0	0	0	0	0	0	0	0	0	0	0	0	0	0	290	1232	0	0	0	0	0	0	0	0	560	0	0	80	4268	3680	0	10932	5646	3062	2784	440	0	0	2552	0	1128	0	1918	132	86	0	0	0	0	0	678	0	1326	1974	0	0	0	0	0	0	80	0	5582	1174	6388	2090	0	0	0	0	0	0	1044	1312	830	0	86	0	0	0	94	0	0	0	242	0	0	0	0	0	0	0	0	0	0	0	0	0	0	0	0	0	0	0	0	0	0	0	0	0	0	0	
141244	Cingulum_Post_R	1446	162	0	0	0	0	0	0	0	0	0	0	0	0	0	0	0	0	420	1366	0	0	0	0	0	0	0	0	758	0	0	0	1452	9262	10932	0	4172	5644	1296	1730	0	0	0	410	0	0	204	2634	0	0	0	0	0	0	336	1538	1076	3654	0	0	0	0	0	0	0	0	722	6986	4202	3928	0	0	0	0	0	0	2170	2024	994	0	100	0	0	0	102	116	0	0	288	216	0	0	0	0	0	0	0	0	0	0	0	0	0	0	0	0	0	0	0	0	282	0	0	0	0	0	
274704	Hippocampus_L	11076	0	930	0	0	0	428	0	0	0	0	0	0	0	0	0	332	0	1576	230	0	0	0	0	0	0	0	0	10802	0	0	0	0	0	5646	4172	0	3416	13876	500	6530	0	2408	0	0	0	4166	126	0	0	0	0	158	0	18358	0	4834	0	0	0	0	0	0	0	180	0	3046	534	2952	0	806	0	9424	0	2826	0	7318	2368	3548	0	1740	0	754	0	844	0	114	0	9834	0	508	0	418	0	0	0	164	0	410	0	0	0	0	0	0	0	0	0	0	0	0	0	0	0	0	0	
295916	Hippocampus_R	850	10724	210	760	0	0	0	310	0	0	0	784	0	0	0	0	0	322	182	3158	0	0	0	0	0	0	0	0	612	3830	0	0	0	296	3062	5644	3416	0	1214	26620	0	10142	0	506	0	0	146	3430	0	0	0	0	0	0	236	24990	636	1542	0	0	0	0	0	0	0	0	0	4812	82	4124	0	774	0	12842	0	256	2076	5344	744	94	0	468	0	1294	80	1294	0	1358	268	6310	0	96	0	0	0	0	0	1186	0	158	0	0	0	134	0	282	0	0	0	0	260	0	0	0	0	0	
92320	ParaHippocampal_L	540	0	130	0	0	0	0	0	0	0	0	0	0	0	0	0	0	0	216	80	0	0	0	0	0	0	0	0	1090	0	0	0	0	0	2784	1296	13876	1214	0	368	1756	0	1324	0	0	0	4514	92	0	0	0	0	96	0	8132	0	470	0	0	0	0	0	0	0	0	0	2236	362	242	0	124	0	868	0	82	0	1802	548	0	0	264	0	314	0	0	0	0	0	914	0	0	0	0	0	102	0	218	0	106	0	0	0	0	0	0	0	0	0	0	0	0	0	0	0	0	0	
185400	ParaHippocampal_R	0	2510	0	184	0	0	0	140	0	0	0	336	0	0	0	0	0	332	0	630	0	0	0	0	0	0	0	0	0	1010	0	0	0	374	440	1730	500	26620	368	0	0	6580	0	742	0	0	0	4578	0	0	0	0	0	0	0	23424	0	1356	0	0	0	0	0	0	0	0	0	4568	0	1264	0	276	0	2750	0	0	212	1502	0	0	0	250	0	1524	0	656	0	1376	0	1488	0	188	0	0	0	152	0	2276	0	250	0	0	0	224	0	838	0	0	118	138	250	132	114	128	172	0	
31096	Amygdala_L	0	0	0	0	0	0	0	0	0	0	0	0	0	0	0	0	0	0	0	222	0	0	0	0	0	0	0	0	1320	0	0	0	0	0	0	0	6530	0	1756	0	0	0	0	0	0	0	0	0	0	0	0	0	0	0	3130	0	0	0	0	0	0	0	0	0	0	0	0	0	0	0	144	0	478	0	0	0	0	0	0	0	0	0	410	0	82	0	0	0	1476	0	0	0	0	0	0	0	0	0	0	0	0	0	0	0	0	0	0	0	0	0	0	0	0	0	0	0	
60640	Amygdala_R	0	0	0	0	0	0	0	0	0	0	0	0	0	0	0	0	0	0	0	0	0	306	0	0	0	0	0	0	0	726	0	0	0	0	0	0	0	10142	0	6580	0	0	0	0	0	0	0	0	0	0	0	0	0	0	0	6068	0	0	0	0	0	0	0	0	0	0	0	0	0	0	0	96	0	886	0	0	0	88	0	0	0	0	0	1996	0	0	0	1530	0	1902	0	0	0	0	0	0	0	0	0	0	0	0	0	0	0	0	0	0	0	0	0	0	0	0	0	0	
377332	Calcarine_L	170	0	0	0	0	0	0	0	0	0	0	0	0	0	0	0	138	0	0	0	0	0	0	0	0	0	0	0	124	0	0	0	376	0	2552	0	2408	0	1324	0	0	0	0	10556	21692	6432	22010	2132	15090	3762	19310	2694	6464	212	7464	128	8422	0	7736	0	5754	0	0	0	1384	0	26182	494	1266	0	0	0	154	0	0	0	282	0	1328	0	0	0	0	0	1782	0	0	0	1848	0	252	776	0	0	0	182	738	1172	702	1048	0	0	0	0	0	0	0	0	102	104	1746	174	0	0	0	0	
368940	Calcarine_R	0	214	0	0	0	0	0	0	0	0	0	0	0	0	0	0	0	0	0	0	0	0	0	0	0	0	0	0	0	0	0	0	0	776	0	410	0	506	0	742	0	0	10556	0	4850	30354	500	20224	0	18674	0	16168	0	6274	0	11234	0	7964	0	7068	0	260	0	160	0	276	300	28062	0	876	0	0	0	0	0	0	0	0	0	0	0	88	0	0	0	10276	0	0	0	6722	0	108	0	0	0	0	0	0	0	290	0	0	0	0	0	0	0	0	0	0	0	432	106	0	0	0	
263360	Cuneus_L	0	0	0	0	0	0	0	0	0	0	0	0	0	0	0	0	0	0	88	0	0	0	0	0	0	0	0	0	0	0	0	0	1038	0	1128	0	0	0	0	0	0	0	21692	4850	0	8576	5998	1066	31916	1902	18750	0	2412	0	1494	0	724	0	2774	372	382	0	0	0	268	0	22586	1310	756	0	0	0	92	0	0	0	146	0	0	0	0	0	0	0	760	0	0	0	600	0	0	0	0	0	0	0	0	0	0	0	0	0	0	0	0	0	0	0	0	0	0	0	0	0	0	0	
355852	Cuneus_R	0	0	0	0	0	0	0	0	0	0	0	0	0	0	0	0	0	0	0	0	0	0	0	0	0	0	0	0	0	0	0	0	0	120	0	0	0	0	0	0	0	0	6432	30354	8576	0	184	5616	138	38248	0	22392	0	1684	0	2080	0	4156	0	13290	0	670	0	0	0	340	3106	29572	0	286	0	0	0	0	0	0	0	0	0	0	0	0	0	0	0	9638	0	0	0	1044	0	0	0	0	0	0	0	0	0	0	0	0	0	0	0	0	0	0	0	0	0	0	0	0	0	0	
347792	Lingual_L	352	0	0	0	0	0	0	0	0	0	0	0	0	0	0	0	0	0	0	0	0	0	0	0	0	0	0	0	0	0	0	0	140	0	1918	204	4166	146	4514	0	0	0	22010	500	5998	184	0	1504	4926	130	14394	0	8494	0	22474	440	1624	0	836	0	522	0	0	0	182	0	12924	92	806	0	0	0	118	0	0	0	932	84	108	0	0	0	0	0	966	0	0	0	820	0	10788	2738	424	0	196	208	11944	600	20574	3252	0	0	0	0	96	82	0	0	0	110	6632	3418	0	0	0	326	
265092	Lingual_R	0	738	0	0	0	0	0	0	0	0	0	0	0	0	0	0	0	0	0	570	0	0	0	0	0	0	0	0	0	0	0	0	0	506	132	2634	126	3430	92	4578	0	0	2132	20224	1066	5616	1504	0	0	6564	0	4516	0	6684	128	21908	0	150	0	342	0	0	0	0	0	0	114	8286	0	702	0	424	0	0	0	0	0	868	0	0	0	0	0	0	0	662	0	0	0	1660	576	6636	214	196	0	850	424	5138	1606	9240	0	0	0	0	0	0	0	0	0	168	3944	6440	758	0	0	0	
353120	Occipital_Sup_L	0	0	0	0	0	0	0	0	0	0	0	0	0	0	0	0	0	0	0	0	0	0	0	0	0	0	0	0	0	0	0	0	272	0	86	0	0	0	0	0	0	0	15090	0	31916	138	4926	0	0	0	49450	0	2968	0	616	0	1730	0	25136	0	4742	0	160	0	6722	0	19034	350	236	0	0	0	0	0	0	0	0	0	154	0	628	0	0	0	9640	0	0	0	2566	0	0	0	0	0	0	0	0	0	0	0	0	0	0	0	0	0	0	0	0	0	0	0	0	0	0	0	
306456	Occipital_Sup_R	0	0	0	0	0	0	0	0	0	0	0	0	0	0	0	0	0	0	0	0	0	0	0	0	0	0	0	0	0	0	0	0	0	0	0	0	0	0	0	0	0	0	3762	18674	1902	38248	130	6564	0	0	0	30588	0	3410	0	2702	0	468	0	13878	0	686	0	0	0	5240	340	18374	0	0	0	0	0	0	0	0	0	0	0	0	0	0	0	0	0	7258	0	0	0	1004	0	0	0	0	0	0	0	0	0	0	0	0	0	0	0	0	0	0	0	0	0	0	0	0	0	0	
526284	Occipital_Mid_L	116	0	0	0	0	0	0	0	0	0	0	0	0	0	0	0	0	0	0	0	0	0	0	0	0	0	0	0	0	0	0	0	0	0	0	0	0	0	0	0	0	0	19310	0	18750	0	14394	0	49450	0	0	0	25468	0	4836	0	8630	0	31340	0	17778	0	378	0	23336	0	17794	0	818	0	0	0	0	0	0	0	0	0	208	0	932	0	0	0	24254	0	0	0	5248	0	0	0	0	0	0	0	0	0	102	0	0	0	0	0	0	0	0	0	0	0	0	0	0	0	0	0	
415196	Occipital_Mid_R	0	0	0	0	0	0	0	0	0	0	0	0	0	0	0	0	0	0	0	0	0	0	0	0	0	0	0	0	0	0	0	0	292	1968	0	0	0	0	0	0	0	0	2694	16168	0	22392	0	4516	0	30588	0	0	0	8962	0	4508	0	2600	0	13108	0	3822	0	96	0	14808	3382	32464	0	238	0	0	0	0	0	0	0	0	0	0	0	0	0	0	0	39900	0	0	0	4330	0	0	0	0	0	0	0	0	0	218	0	0	0	0	0	0	0	0	0	0	0	444	100	0	0	0	
171092	Occipital_Inf_L	0	0	0	0	0	0	0	0	0	0	0	0	0	0	0	0	0	0	0	0	0	0	0	0	0	0	0	0	0	0	0	0	0	0	0	0	158	0	96	0	0	0	6464	0	2412	0	8494	0	2968	0	25468	0	0	0	9892	0	2758	0	2684	0	2746	0	150	0	1004	0	4222	0	666	0	0	0	0	0	0	0	0	0	184	0	114	0	0	0	7296	0	0	0	6514	0	318	0	0	0	0	0	282	0	656	0	0	0	0	0	0	0	0	0	0	0	0	0	0	0	0	0	
151292	Occipital_Inf_R	0	618	0	0	0	0	0	0	0	0	0	0	0	0	0	0	0	364	0	0	0	0	0	0	0	0	0	0	0	0	0	0	0	402	0	0	0	0	0	0	0	0	212	6274	0	1684	0	6684	0	3410	0	8962	0	0	0	14682	0	2334	0	1004	0	1244	0	720	0	1558	0	2216	0	0	0	0	0	0	0	0	0	0	0	162	0	880	0	0	0	5220	0	0	0	13430	0	182	0	0	0	0	0	292	0	1160	0	0	0	0	0	0	0	0	0	0	326	1364	262	0	0	0	
446328	Fusiform_L	1108	0	768	0	0	0	98	0	0	0	0	0	0	0	0	0	796	0	1604	108	0	0	0	0	0	0	0	0	4862	0	0	0	142	94	678	336	18358	236	8132	0	3130	0	7464	0	1494	0	22474	128	616	0	4836	0	9892	0	0	0	1644	0	172	0	200	0	0	0	84	0	5468	0	1472	80	0	0	1660	0	0	0	1500	252	4754	0	2254	0	2718	0	6300	0	884	0	22666	0	25028	144	4552	0	502	148	13448	272	34954	322	332	0	194	0	630	116	0	0	0	0	1934	872	0	0	114	140	
507532	Fusiform_R	0	3110	0	158	0	0	0	154	0	0	0	414	0	0	0	0	0	746	0	376	0	0	0	0	0	0	0	0	0	1510	0	0	0	884	0	1538	0	24990	0	23424	0	6068	128	11234	0	2080	440	21908	0	2702	0	4508	0	14682	0	0	0	4150	0	1090	0	1108	0	716	0	1302	0	8884	0	908	0	106	0	3808	0	0	0	536	0	264	0	1908	0	2208	0	7008	0	2098	0	22870	512	22092	162	1330	0	434	232	10832	996	24320	0	0	182	620	0	1188	0	0	0	96	3594	5146	1182	356	474	0	
466020	Postcentral_L	45792	140	7642	0	0	0	2162	0	0	0	4554	0	302	0	0	0	10686	0	8538	544	0	0	0	0	0	0	0	0	4886	0	0	0	592	188	1326	1076	4834	636	470	0	0	0	8422	0	724	0	1624	0	1730	0	8630	0	2758	0	1644	0	0	0	10492	0	21944	0	11852	0	3224	0	11134	0	17492	274	3010	174	2434	0	282	0	13934	1422	2366	0	4800	0	0	0	5074	0	0	0	3202	0	0	0	0	0	0	0	0	0	0	0	0	0	0	0	0	0	0	0	0	0	0	0	0	0	0	0	
268732	Postcentral_R	104	12234	102	184	0	0	0	334	0	0	0	1482	0	0	0	0	0	4044	302	3010	0	0	0	0	0	0	0	0	0	972	0	0	212	8352	1974	3654	0	1542	0	1356	0	0	0	7964	0	4156	0	150	0	468	0	2600	0	2334	0	4150	0	0	0	5698	0	10572	0	14458	0	626	420	11672	6056	9724	0	0	0	334	0	100	0	0	0	328	0	890	0	0	0	6064	0	0	0	5744	0	0	0	0	0	0	0	0	0	0	0	0	0	0	0	0	0	0	0	0	0	0	0	0	0	0	
260000	Parietal_Sup_L	0	0	0	0	0	0	0	0	0	0	0	0	0	0	0	0	0	0	0	0	0	0	0	0	0	0	0	0	0	0	0	0	0	0	0	0	0	0	0	0	0	0	7736	0	2774	0	836	0	25136	0	31340	0	2684	0	172	0	10492	0	0	0	14922	0	140	0	7960	0	13522	438	0	0	0	0	0	0	0	0	0	0	140	0	554	0	0	0	8830	0	0	0	2324	0	0	0	0	0	0	0	0	0	0	0	0	0	0	0	0	0	0	0	0	0	0	0	0	0	0	0	
191556	Parietal_Sup_R	0	244	0	0	0	0	0	0	0	0	0	0	0	0	0	0	0	0	0	0	0	0	0	0	0	0	0	0	0	0	0	0	0	0	0	0	0	0	0	0	0	0	0	7068	372	13290	0	342	0	13878	0	13108	0	1004	0	1090	0	5698	0	0	0	5198	0	624	0	4776	0	18048	0	262	0	0	0	0	0	0	0	0	0	0	0	0	0	0	0	9638	0	0	0	1138	0	0	0	0	0	0	0	0	0	0	0	0	0	0	0	0	0	0	0	0	0	0	0	0	0	0	
284680	Parietal_Inf_L	2962	0	710	0	0	0	1378	0	0	0	422	0	210	0	0	0	712	0	464	0	0	0	0	0	0	0	0	0	864	0	0	0	96	0	0	0	0	0	0	0	0	0	5754	0	382	0	522	0	4742	0	17778	0	2746	0	200	0	21944	0	14922	0	0	0	18300	0	23776	0	2192	0	1168	0	168	0	140	0	0	0	132	0	0	0	4266	0	0	0	9504	0	0	0	5886	0	0	0	0	0	0	0	0	0	0	0	0	0	0	0	0	0	0	0	0	0	0	0	0	0	0	0	
136412	Parietal_Inf_R	0	4334	0	0	0	0	0	0	0	0	0	348	0	0	0	0	0	952	0	0	0	0	0	0	0	0	0	0	0	122	0	0	0	0	0	0	0	0	0	0	0	0	0	260	0	670	0	0	0	686	0	3822	0	1244	0	1108	0	10572	0	5198	0	0	0	15904	0	11598	0	2928	0	0	0	0	0	0	0	0	0	0	0	0	0	560	0	0	0	6582	0	0	0	1318	0	0	0	0	0	0	0	0	0	0	0	0	0	0	0	0	0	0	0	0	0	0	0	0	0	0	
155152	SupraMarginal_L	3266	0	1236	0	0	0	134	0	0	0	0	0	0	0	0	0	2502	0	1304	0	0	0	0	0	0	0	0	0	330	0	0	0	0	0	0	0	0	0	0	0	0	0	0	0	0	0	0	0	160	0	378	0	150	0	0	0	11852	0	140	0	18300	0	0	0	8460	0	94	0	1044	0	0	0	0	0	0	0	0	0	156	0	13344	0	0	0	10310	0	0	0	4416	0	0	0	0	0	0	0	0	0	0	0	0	0	0	0	0	0	0	0	0	0	0	0	0	0	0	0	
126000	SupraMarginal_R	0	4786	0	0	0	0	0	0	0	0	0	406	0	0	0	0	0	4098	0	0	0	0	0	0	0	0	0	0	0	256	0	0	0	0	0	0	0	0	0	0	0	0	0	160	0	0	0	0	0	0	0	96	0	720	0	716	0	14458	0	624	0	15904	0	0	0	6086	0	100	0	0	0	0	0	0	0	0	0	0	0	382	0	6858	0	0	0	6256	0	0	0	1094	0	0	0	0	0	0	0	0	0	0	0	0	0	0	0	0	0	0	0	0	0	0	0	0	0	0	
229032	Angular_L	1478	0	196	0	0	0	0	0	0	0	0	0	0	0	0	0	230	0	152	0	0	0	0	0	0	0	0	0	136	0	0	0	0	0	80	0	180	0	0	0	0	0	1384	0	268	0	182	0	6722	0	23336	0	1004	0	84	0	3224	0	7960	0	23776	0	8460	0	0	0	1314	0	394	0	0	0	124	0	0	0	400	98	82	0	3940	0	0	0	19756	0	0	0	9556	0	0	0	0	0	0	0	0	0	0	0	0	0	0	0	0	0	0	0	0	0	0	0	0	0	0	0	
147580	Angular_R	0	416	0	0	0	0	0	0	0	0	0	0	0	0	0	0	0	514	0	0	0	0	0	0	0	0	0	0	0	0	0	0	0	0	0	0	0	0	0	0	0	0	0	276	0	340	0	0	0	5240	0	14808	0	1558	0	1302	0	626	0	4776	0	11598	0	6086	0	0	0	1380	0	0	0	0	0	0	0	0	0	0	0	0	0	4904	0	0	0	18066	0	0	0	1900	0	0	0	0	0	0	0	0	0	0	0	0	0	0	0	0	0	0	0	0	0	0	0	0	0	0	
379852	Precuneus_L	368	0	0	0	0	0	0	0	0	0	0	0	0	0	0	0	162	0	104	338	0	0	0	0	0	0	0	0	130	0	0	0	4424	2530	5582	722	3046	0	2236	0	0	0	26182	300	22586	3106	12924	114	19034	340	17794	3382	4222	0	5468	0	11134	420	13522	0	2192	0	94	0	1314	0	0	7922	6160	818	0	0	162	0	0	0	214	0	834	0	140	0	0	0	4542	3360	0	0	2004	0	0	0	0	0	0	0	0	0	0	0	0	0	0	0	0	0	0	0	0	0	0	0	0	0	0	0	
472120	Precuneus_R	0	300	0	0	0	0	0	0	0	0	0	0	0	0	0	0	0	0	128	152	0	0	0	0	0	0	0	0	0	0	0	0	606	7318	1174	6986	534	4812	362	4568	0	0	494	28062	1310	29572	92	8286	350	18374	0	32464	0	2216	0	8884	0	11672	438	18048	0	2928	0	100	0	1380	7922	0	418	2626	0	0	0	0	0	0	150	190	0	0	0	0	0	0	0	26942	0	0	0	5512	0	0	0	0	0	0	0	306	0	0	0	0	0	0	0	0	0	0	0	0	384	0	0	0	0	0	
426492	Paracentral_Lobule_L	30478	3336	4630	320	0	0	0	0	0	102	0	0	0	0	0	96	400	0	17552	22810	0	0	0	0	0	0	0	0	3238	0	112	182	4882	19122	6388	4202	2952	82	242	0	0	0	1266	0	756	0	806	0	236	0	818	0	666	0	1472	0	17492	6056	0	0	1168	0	1044	0	394	0	6160	418	0	18036	6910	2412	5146	128	2514	0	13322	1680	538	0	422	0	0	0	994	0	0	0	1266	0	0	0	0	0	0	0	0	0	0	0	0	0	0	0	0	0	0	0	0	0	0	0	0	0	0	0	
387148	Paracentral_Lobule_R	3930	33520	96	298	0	0	0	96	0	230	0	0	0	0	0	228	0	0	2544	44120	0	0	0	0	0	0	0	0	0	0	0	152	2476	17742	2090	3928	0	4124	0	1264	0	0	0	876	0	286	0	702	0	0	0	238	0	0	80	908	274	9724	0	262	0	0	0	0	0	0	818	2626	18036	0	240	17398	88	728	0	362	358	22426	0	0	0	0	0	0	0	306	0	0	0	0	0	0	0	0	0	0	0	0	0	0	0	0	0	0	0	0	0	0	0	0	0	0	0	0	0	0	
303228	Caudate_L	9162	584	8282	1600	3508	694	1718	116	406	0	84	552	498	1016	1930	114	216	0	12362	5862	7874	7866	2722	306	174	412	5268	1690	3006	1232	13002	4082	852	118	0	0	806	0	124	0	144	0	0	0	0	0	0	0	0	0	0	0	0	0	0	0	3010	0	0	0	168	0	0	0	0	0	0	0	6910	240	0	9878	19624	704	3364	0	8774	476	0	0	84	0	0	0	0	0	0	0	0	0	0	0	0	0	0	0	0	0	0	0	0	0	0	0	0	0	0	0	0	0	0	0	0	0	0	0	
439592	Caudate_R	1038	17968	2008	13900	720	1166	584	3934	116	4178	0	812	120	1990	462	4178	0	324	1762	33998	2244	4416	2972	11176	0	3372	972	2674	582	620	4180	17330	178	1832	0	0	0	774	0	276	0	96	0	0	0	0	0	424	0	0	0	0	0	0	0	106	174	0	0	0	0	0	0	0	0	0	0	0	2412	17398	9878	0	4156	20944	138	2354	682	18178	0	0	0	0	0	0	0	0	0	0	0	0	0	0	0	0	0	0	0	0	0	0	0	0	0	0	0	0	0	0	0	0	0	0	0	0	0	0	
289724	Putamen_L	13554	180	12226	238	786	88	1972	0	648	0	348	0	1436	0	3796	0	380	0	8914	428	1360	2720	3868	154	0	136	890	358	16208	0	11508	2716	640	0	0	0	9424	0	868	0	478	0	154	0	92	0	118	0	0	0	0	0	0	0	1660	0	2434	0	0	0	140	0	0	0	124	0	162	0	5146	88	19624	4156	0	416	8780	118	2630	0	0	0	788	0	858	0	162	0	0	0	890	0	0	0	0	0	0	0	0	0	0	0	0	0	0	0	0	0	0	0	0	0	0	0	0	0	0	0	
309156	Putamen_R	0	4258	1866	15610	0	1570	380	2270	0	4540	0	5232	0	2262	0	4464	0	1466	828	9698	0	192	2436	11420	0	2140	0	1156	102	15412	2494	13504	138	656	0	0	0	12842	0	2750	0	886	0	0	0	0	0	0	0	0	0	0	0	0	0	3808	0	334	0	0	0	0	0	0	0	0	0	0	128	728	704	20944	416	0	0	2476	0	1460	0	0	0	382	0	646	0	284	0	0	0	1610	0	0	0	0	0	0	0	86	0	0	0	0	0	0	0	0	0	0	0	0	0	0	0	0	0	0	
65096	Pallidum_L	6762	120	1768	118	0	0	942	0	0	0	218	0	0	0	0	0	246	0	824	262	0	0	0	0	0	0	0	0	690	0	0	0	0	0	0	0	2826	0	82	0	0	0	0	0	0	0	0	0	0	0	0	0	0	0	0	0	282	0	0	0	0	0	0	0	0	0	0	0	2514	0	3364	138	8780	0	0	124	2148	0	0	0	340	0	0	0	0	0	0	0	0	0	0	0	0	0	0	0	0	0	0	0	0	0	0	0	0	0	0	0	0	0	0	0	0	0	0	0	
27648	Pallidum_R	0	760	256	1212	0	0	0	552	0	0	0	320	0	0	0	0	0	382	262	3432	0	0	0	0	0	0	0	0	0	318	0	0	0	0	0	0	0	256	0	0	0	0	0	0	0	0	0	0	0	0	0	0	0	0	0	0	0	100	0	0	0	0	0	0	0	0	0	0	0	362	0	2354	118	2476	124	0	0	540	0	0	0	0	0	0	0	0	0	0	0	0	0	0	0	0	0	0	0	0	0	0	0	0	0	0	0	0	0	0	0	0	0	0	0	0	0	0	
200136	Thalamus_L	20722	810	454	0	0	0	220	0	0	0	0	0	0	0	0	0	0	0	1788	1116	0	0	0	0	0	0	0	0	3940	0	0	0	0	0	1044	2170	7318	2076	1802	212	0	0	282	0	146	0	932	0	0	0	0	0	0	0	1500	0	13934	0	0	0	132	0	0	0	400	0	214	150	13322	358	8774	682	2630	0	2148	0	0	6554	1602	0	306	0	0	0	276	0	0	0	1974	0	80	0	0	0	0	0	0	0	0	0	0	0	0	0	0	0	0	0	0	0	0	0	0	0	0	0	
241688	Thalamus_R	2336	26042	0	1676	0	0	0	0	0	232	0	0	0	0	0	232	0	0	106	19760	0	0	0	0	0	0	0	0	960	90	0	0	0	0	1312	2024	2368	5344	548	1502	0	88	0	0	0	0	84	868	0	0	0	0	0	0	252	536	1422	0	0	0	0	0	0	0	98	0	0	190	1680	22426	476	18178	0	1460	0	540	6554	0	960	0	0	0	0	0	0	0	0	0	382	0	0	0	0	0	0	0	0	118	0	0	0	0	0	0	0	0	0	0	0	0	0	0	0	0	0	0	
91724	Heschl_L	4838	0	316	0	0	0	110	0	0	0	0	0	0	0	0	0	2602	0	416	0	0	0	0	0	0	0	0	0	6512	0	0	0	0	0	830	994	3548	744	0	0	0	0	1328	0	0	0	108	0	154	0	208	0	184	0	4754	0	2366	0	140	0	0	0	156	0	82	0	834	0	538	0	0	0	0	0	0	0	1602	960	0	0	3986	0	0	0	2582	0	0	0	4970	0	0	0	0	0	0	0	0	0	0	0	0	0	0	0	0	0	0	0	0	0	0	0	0	0	0	0	
17088	Heschl_R	0	334	0	512	0	0	0	0	0	0	0	136	0	0	0	0	0	1578	0	474	0	0	0	0	0	0	0	0	0	430	0	0	0	0	0	0	0	94	0	0	0	0	0	0	0	0	0	0	0	0	0	0	0	162	0	264	0	328	0	0	0	0	0	382	0	0	0	0	0	0	0	0	0	0	0	0	0	0	0	0	0	3322	0	0	0	298	0	0	0	230	0	0	0	0	0	0	0	0	0	0	0	0	0	0	0	0	0	0	0	0	0	0	0	0	0	0	
258440	Temporal_Sup_L	4946	0	5022	0	0	0	1592	0	0	0	2604	0	120	0	0	0	7578	0	5654	204	0	0	0	0	0	0	0	0	10604	0	0	0	0	0	86	100	1740	0	264	0	0	0	0	0	0	0	0	0	628	0	932	0	114	0	2254	0	4800	0	554	0	4266	0	13344	0	3940	0	140	0	422	0	84	0	788	0	340	0	306	0	3986	0	0	0	3214	0	31792	0	242	0	16560	0	0	0	0	0	0	0	0	0	0	0	0	0	0	0	0	0	0	0	0	0	0	0	0	0	0	0	
95732	Temporal_Sup_R	0	582	0	430	0	0	0	0	0	0	0	0	0	0	0	0	0	2252	0	364	0	0	0	0	0	0	0	0	0	1704	0	0	0	0	0	0	0	468	0	250	0	0	0	88	0	0	0	0	0	0	0	0	0	880	0	1908	0	890	0	0	0	560	0	6858	0	4904	0	0	0	0	0	0	0	382	0	0	0	0	0	3322	0	0	0	2724	0	15354	0	576	0	3370	0	0	0	0	0	0	0	0	0	0	0	0	0	0	0	0	0	0	0	0	0	0	0	0	0	0	
67016	Temporal_Pole_Sup_L	364	0	348	0	262	0	122	0	0	0	2122	0	142	0	698	0	2208	0	1894	0	0	0	0	0	0	0	0	0	3544	0	0	0	0	0	0	0	754	0	314	0	410	0	0	0	0	0	0	0	0	0	0	0	0	0	2718	0	0	0	0	0	0	0	0	0	0	0	0	0	0	0	0	0	858	0	0	0	0	0	0	0	3214	0	0	0	6152	0	2322	0	5062	0	0	0	0	0	0	0	0	0	0	0	0	0	0	0	0	0	0	0	0	0	0	0	0	0	0	0	
39484	Temporal_Pole_Sup_R	0	0	0	260	0	0	0	0	0	0	0	104	0	0	0	0	0	530	0	366	0	88	0	0	0	0	0	0	0	1372	0	0	0	0	0	0	0	1294	0	1524	0	1996	0	0	0	0	0	0	0	0	0	0	0	0	0	2208	0	0	0	0	0	0	0	0	0	0	0	0	0	0	0	0	0	646	0	0	0	0	0	0	0	2724	0	0	0	2478	0	3428	0	724	0	0	0	0	0	0	0	0	0	0	0	0	0	0	0	0	0	0	0	0	0	0	0	0	0	0	
414724	Temporal_Mid_L	1398	0	458	0	0	0	110	0	0	0	0	0	0	0	0	0	1132	0	730	0	0	0	0	0	0	0	0	0	1448	0	0	0	0	0	94	102	844	80	0	0	82	0	1782	0	760	0	966	0	9640	0	24254	0	7296	0	6300	0	5074	0	8830	0	9504	0	10310	0	19756	0	4542	0	994	0	0	0	162	0	0	0	276	0	2582	0	31792	0	6152	0	0	0	1644	0	47968	0	300	0	0	0	0	0	0	0	0	0	0	0	0	0	0	0	0	0	0	0	0	0	0	0	0	0	
427744	Temporal_Mid_R	0	1110	0	0	0	0	0	0	0	0	0	110	0	0	0	0	0	1296	0	0	0	0	0	0	0	0	0	0	0	638	0	0	292	2230	0	116	0	1294	0	656	0	0	0	10276	0	9638	0	662	0	7258	0	39900	0	5220	0	7008	0	6064	0	9638	0	6582	0	6256	0	18066	3360	26942	0	306	0	0	0	284	0	0	0	0	0	298	0	15354	0	2478	0	0	0	1380	0	28418	0	372	0	0	0	0	0	162	0	86	0	0	0	0	0	122	0	0	0	0	0	0	0	0	0	0	
13452	Temporal_Pole_Mid_L	0	0	0	0	0	0	0	0	0	0	0	0	0	0	0	0	0	0	0	0	0	0	0	0	0	0	0	0	110	0	0	0	0	0	0	0	114	0	0	0	0	0	0	0	0	0	0	0	0	0	0	0	0	0	884	0	0	0	0	0	0	0	0	0	0	0	0	0	0	0	0	0	0	0	0	0	0	0	0	0	242	0	2322	0	1644	0	0	0	1410	0	0	0	0	0	0	0	0	0	0	0	0	0	0	0	0	0	0	0	0	0	0	0	0	0	0	0	
25564	Temporal_Pole_Mid_R	0	0	0	0	0	0	0	0	0	0	0	0	0	0	0	0	0	0	0	0	0	0	0	0	0	0	0	0	0	0	0	0	0	0	0	0	0	1358	0	1376	0	1530	0	0	0	0	0	0	0	0	0	0	0	0	0	2098	0	0	0	0	0	0	0	0	0	0	0	0	0	0	0	0	0	0	0	0	0	0	0	0	0	576	0	3428	0	1380	0	0	0	1036	0	0	0	0	0	0	0	0	0	0	0	0	0	0	0	0	0	0	0	0	0	0	0	0	0	0	
377732	Temporal_Inf_L	2416	0	956	0	0	0	176	0	0	0	0	0	0	0	0	0	724	0	2478	0	0	0	0	0	0	0	0	0	5558	0	0	0	0	0	242	288	9834	268	914	0	1476	0	1848	0	600	0	820	0	2566	0	5248	0	6514	0	22666	0	3202	0	2324	0	5886	0	4416	0	9556	0	2004	0	1266	0	0	0	890	0	0	0	1974	382	4970	0	16560	0	5062	0	47968	0	1410	0	0	0	7320	0	3208	0	0	0	1108	0	2418	0	1006	0	0	0	228	0	0	0	0	0	0	116	0	0	0	0	
240460	Temporal_Inf_R	0	1422	0	0	0	0	0	0	0	0	0	136	0	0	0	0	0	662	0	0	0	0	0	0	0	0	0	0	0	1366	0	0	0	866	0	216	0	6310	0	1488	0	1902	0	6722	0	1044	0	1660	0	1004	0	4330	0	13430	0	22870	0	5744	0	1138	0	1318	0	1094	0	1900	0	5512	0	0	0	0	0	1610	0	0	0	0	0	230	0	3370	0	724	0	28418	0	1036	0	0	0	1784	0	308	0	0	0	166	0	328	0	0	0	0	0	122	0	0	0	0	0	0	0	0	0	0	
435292	Cerebelum_Crus1_L	0	0	0	0	0	0	0	0	0	0	0	0	0	0	0	0	0	0	0	0	0	0	0	0	0	0	0	0	0	0	0	0	0	0	0	0	508	0	0	0	0	0	252	0	0	0	10788	576	0	0	0	0	318	0	25028	512	0	0	0	0	0	0	0	0	0	0	0	0	0	0	0	0	0	0	0	0	80	0	0	0	0	0	0	0	300	0	0	0	7320	0	0	1236	39266	1976	352	876	12936	1786	56622	2376	12594	374	11062	2256	1702	1652	92	0	362	400	5982	7310	4212	3400	1904	1236	
407984	Cerebelum_Crus1_R	0	0	0	0	0	0	0	0	0	0	0	0	0	0	0	0	0	0	0	0	0	0	0	0	0	0	0	0	0	0	0	0	0	0	0	0	0	96	0	188	0	0	776	108	0	0	2738	6636	0	0	0	0	0	182	144	22092	0	0	0	0	0	0	0	0	0	0	0	0	0	0	0	0	0	0	0	0	0	0	0	0	0	0	0	0	0	372	0	0	0	1784	1236	0	596	33518	0	2906	1578	18172	5446	55298	188	4480	620	14756	0	2036	0	112	0	0	8468	11592	4474	1962	1356	82	
255916	Cerebelum_Crus2_L	0	0	0	0	0	0	0	0	0	0	0	0	0	0	0	0	0	0	0	0	0	0	0	0	0	0	0	0	0	0	0	0	0	0	0	0	418	0	0	0	0	0	0	0	0	0	424	214	0	0	0	0	0	0	4552	162	0	0	0	0	0	0	0	0	0	0	0	0	0	0	0	0	0	0	0	0	0	0	0	0	0	0	0	0	0	0	0	0	3208	0	39266	596	0	3794	256	94	3224	252	14848	618	23206	1416	16132	1388	1288	458	0	0	0	0	422	2676	4354	3610	684	398	
224792	Cerebelum_Crus2_R	0	0	0	0	0	0	0	0	0	0	0	0	0	0	0	0	0	0	0	0	0	0	0	0	0	0	0	0	0	0	0	0	0	0	0	0	0	0	0	0	0	0	0	0	0	0	0	196	0	0	0	0	0	0	0	1330	0	0	0	0	0	0	0	0	0	0	0	0	0	0	0	0	0	0	0	0	0	0	0	0	0	0	0	0	0	0	0	0	0	308	1976	33518	3794	0	0	214	92	1118	1784	7712	1918	16546	2156	23612	136	1874	0	376	0	0	136	2826	6034	4392	348	0	
29656	Cerebelum_3_L	0	0	0	0	0	0	0	0	0	0	0	0	0	0	0	0	0	0	0	0	0	0	0	0	0	0	0	0	0	0	0	0	0	0	0	0	0	0	102	0	0	0	0	0	0	0	196	0	0	0	0	0	0	0	502	0	0	0	0	0	0	0	0	0	0	0	0	0	0	0	0	0	0	0	0	0	0	0	0	0	0	0	0	0	0	0	0	0	0	0	352	0	256	0	0	134	5946	0	1110	0	0	0	188	0	974	0	0	0	934	2342	1568	130	0	0	0	94	
87876	Cerebelum_3_R	0	0	0	0	0	0	0	0	0	0	0	0	0	0	0	0	0	0	0	0	0	0	0	0	0	0	0	0	0	0	0	0	0	0	0	0	0	0	0	152	0	0	182	0	0	0	208	850	0	0	0	0	0	0	148	434	0	0	0	0	0	0	0	0	0	0	0	0	0	0	0	0	0	0	0	0	0	0	0	0	0	0	0	0	0	0	0	0	0	0	876	2906	94	214	134	0	1180	9180	1436	7012	0	0	118	756	94	2448	0	108	1464	3580	4672	2350	516	550	1052	1224	
258964	Cerebelum_4_5_L	0	0	0	0	0	0	0	0	0	0	0	0	0	0	0	0	0	0	0	0	0	0	0	0	0	0	0	0	0	0	0	0	0	0	0	0	164	0	218	0	0	0	738	0	0	0	11944	424	0	0	0	0	282	0	13448	232	0	0	0	0	0	0	0	0	0	0	0	0	0	0	0	0	0	0	0	0	0	0	0	0	0	0	0	0	0	0	0	0	1108	0	12936	1578	3224	92	5946	1180	0	2556	32022	2428	632	0	1538	86	5996	1916	294	0	832	2178	17492	4096	94	224	546	3038	
247600	Cerebelum_4_5_R	0	0	0	0	0	0	0	0	0	0	0	0	0	0	0	0	0	0	0	0	0	0	0	0	0	0	0	0	0	0	0	0	0	0	0	0	0	1186	0	2276	0	0	1172	0	0	0	600	5138	0	0	0	0	0	292	272	10832	0	0	0	0	0	0	0	0	0	0	0	306	0	0	0	0	0	86	0	0	0	118	0	0	0	0	0	0	0	162	0	0	0	166	1786	18172	252	1118	0	9180	2556	0	3190	29654	0	0	644	1810	152	5184	0	342	764	1258	14188	4080	1706	1562	2292	1304	
511608	Cerebelum_6_L	0	0	0	0	0	0	0	0	0	0	0	0	0	0	0	0	0	0	0	0	0	0	0	0	0	0	0	0	0	0	0	0	0	0	0	0	410	0	106	0	0	0	702	0	0	0	20574	1606	0	0	102	0	656	0	34954	996	0	0	0	0	0	0	0	0	0	0	0	0	0	0	0	0	0	0	0	0	0	0	0	0	0	0	0	0	0	0	0	0	2418	0	56622	5446	14848	1784	1110	1436	32022	3190	0	7246	3892	0	6080	3000	3556	4266	246	0	560	808	12916	17728	5218	3710	3862	3734	
393932	Cerebelum_6_R	0	0	0	0	0	0	0	0	0	0	0	0	0	0	0	0	0	0	0	0	0	0	0	0	0	0	0	0	0	0	0	0	0	0	0	0	0	158	0	250	0	0	1048	290	0	0	3252	9240	0	0	0	218	0	1160	322	24320	0	0	0	0	0	0	0	0	0	0	0	0	0	0	0	0	0	0	0	0	0	0	0	0	0	0	0	0	0	86	0	0	0	328	2376	55298	618	7712	0	7012	2428	29654	7246	0	0	246	324	3192	0	2074	0	382	370	496	12604	15878	4490	1178	1640	1076	
162052	Cerebelum_7b_L	0	0	0	0	0	0	0	0	0	0	0	0	0	0	0	0	0	0	0	0	0	0	0	0	0	0	0	0	0	0	0	0	0	0	0	0	0	0	0	0	0	0	0	0	0	0	0	0	0	0	0	0	0	0	332	0	0	0	0	0	0	0	0	0	0	0	0	0	0	0	0	0	0	0	0	0	0	0	0	0	0	0	0	0	0	0	0	0	1006	0	12594	188	23206	1918	0	0	632	0	3892	0	0	712	20908	2168	1570	524	214	0	0	0	96	1500	3020	5242	1128	176	
84784	Cerebelum_7b_R	0	0	0	0	0	0	0	0	0	0	0	0	0	0	0	0	0	0	0	0	0	0	0	0	0	0	0	0	0	0	0	0	0	0	0	0	0	0	0	0	0	0	0	0	0	0	0	0	0	0	0	0	0	0	0	0	0	0	0	0	0	0	0	0	0	0	0	0	0	0	0	0	0	0	0	0	0	0	0	0	0	0	0	0	0	0	0	0	0	0	374	4480	1416	16546	0	0	0	0	0	246	712	0	568	13800	0	1220	0	240	0	0	0	0	1360	1430	0	0	
221184	Cerebelum_8_L	0	0	0	0	0	0	0	0	0	0	0	0	0	0	0	0	0	0	0	0	0	0	0	0	0	0	0	0	0	0	0	0	0	0	0	0	0	0	0	0	0	0	0	0	0	0	0	0	0	0	0	0	0	0	194	182	0	0	0	0	0	0	0	0	0	0	0	0	0	0	0	0	0	0	0	0	0	0	0	0	0	0	0	0	0	0	0	0	0	0	11062	620	16132	2156	188	118	1538	644	6080	324	20908	568	0	4024	14064	2884	2684	0	0	0	194	5016	5222	9580	5276	934	
215248	Cerebelum_8_R	0	0	0	0	0	0	0	0	0	0	0	0	0	0	0	0	0	0	0	0	0	0	0	0	0	0	0	0	0	0	0	0	0	0	0	0	0	134	0	224	0	0	0	0	0	0	0	0	0	0	0	0	0	0	0	620	0	0	0	0	0	0	0	0	0	0	0	0	0	0	0	0	0	0	0	0	0	0	0	0	0	0	0	0	0	0	0	0	0	0	2256	14756	1388	23612	0	756	86	1810	3000	3192	2168	13800	4024	0	598	12224	0	1034	180	232	470	4226	6838	7074	2518	404	
93600	Cerebelum_9_L	0	0	0	0	0	0	0	0	0	0	0	0	0	0	0	0	0	0	0	0	0	0	0	0	0	0	0	0	0	0	0	0	0	0	0	0	0	0	0	0	0	0	0	0	0	0	96	0	0	0	0	0	0	0	630	0	0	0	0	0	0	0	0	0	0	0	0	0	0	0	0	0	0	0	0	0	0	0	0	0	0	0	0	0	0	0	0	0	228	0	1702	0	1288	136	974	94	5996	152	3556	0	1570	0	14064	598	0	1554	4286	0	0	164	1256	1886	662	2122	2910	876	
152900	Cerebelum_9_R	0	0	0	0	0	0	0	0	0	0	0	0	0	0	0	0	0	0	0	0	0	0	0	0	0	0	0	0	0	0	0	0	0	0	0	0	0	282	0	838	0	0	0	0	0	0	82	0	0	0	0	0	0	0	116	1188	0	0	0	0	0	0	0	0	0	0	0	0	0	0	0	0	0	0	0	0	0	0	0	0	0	0	0	0	0	122	0	0	0	122	1652	2036	458	1874	0	2448	1916	5184	4266	2074	524	1220	2884	12224	1554	0	0	1726	842	1200	3478	6098	2338	5556	7918	4230	
15632	Cerebelum_10_L	0	0	0	0	0	0	0	0	0	0	0	0	0	0	0	0	0	0	0	0	0	0	0	0	0	0	0	0	0	0	0	0	0	0	0	0	0	0	0	0	0	0	0	0	0	0	0	0	0	0	0	0	0	0	0	0	0	0	0	0	0	0	0	0	0	0	0	0	0	0	0	0	0	0	0	0	0	0	0	0	0	0	0	0	0	0	0	0	0	0	92	0	0	0	0	0	294	0	246	0	214	0	2684	0	4286	0	0	0	0	0	0	0	0	0	0	0	
9008	Cerebelum_10_R	0	0	0	0	0	0	0	0	0	0	0	0	0	0	0	0	0	0	0	0	0	0	0	0	0	0	0	0	0	0	0	0	0	0	0	0	0	0	0	0	0	0	0	0	0	0	0	0	0	0	0	0	0	0	0	0	0	0	0	0	0	0	0	0	0	0	0	0	0	0	0	0	0	0	0	0	0	0	0	0	0	0	0	0	0	0	0	0	0	0	0	112	0	376	0	108	0	342	0	382	0	240	0	1034	0	1726	0	0	0	0	104	0	0	0	80	0	
28304	Vermis_1_2	0	0	0	0	0	0	0	0	0	0	0	0	0	0	0	0	0	0	0	0	0	0	0	0	0	0	0	0	0	0	0	0	0	0	0	0	0	0	0	118	0	0	102	0	0	0	0	0	0	0	0	0	0	0	0	0	0	0	0	0	0	0	0	0	0	0	0	0	0	0	0	0	0	0	0	0	0	0	0	0	0	0	0	0	0	0	0	0	0	0	362	0	0	0	934	1464	832	764	560	370	0	0	0	180	0	842	0	0	0	5080	1608	500	0	0	120	316	
43724	Vermis_3	0	0	0	0	0	0	0	0	0	0	0	0	0	0	0	0	0	0	0	0	0	0	0	0	0	0	0	0	0	0	0	0	0	0	0	0	0	0	0	138	0	0	104	0	0	0	110	168	0	0	0	0	0	0	0	96	0	0	0	0	0	0	0	0	0	0	0	0	0	0	0	0	0	0	0	0	0	0	0	0	0	0	0	0	0	0	0	0	0	0	400	0	0	0	2342	3580	2178	1258	808	496	0	0	0	232	164	1200	0	0	5080	0	2532	518	0	0	112	346	
241824	Vermis_4_5	0	0	0	0	0	0	0	0	0	0	0	0	0	0	0	0	0	0	0	0	0	0	0	0	0	0	0	0	0	0	0	0	0	0	0	282	0	260	0	250	0	0	1746	0	0	0	6632	3944	0	0	0	0	0	326	1934	3594	0	0	0	0	0	0	0	0	0	0	0	384	0	0	0	0	0	0	0	0	0	0	0	0	0	0	0	0	0	0	0	0	0	0	5982	8468	422	136	1568	4672	17492	14188	12916	12604	96	0	194	470	1256	3478	0	104	1608	2532	0	6432	394	538	1122	4888	
277060	Vermis_6	0	0	0	0	0	0	0	0	0	0	0	0	0	0	0	0	0	0	0	0	0	0	0	0	0	0	0	0	0	0	0	0	0	0	0	0	0	0	0	132	0	0	174	432	0	0	3418	6440	0	0	0	444	0	1364	872	5146	0	0	0	0	0	0	0	0	0	0	0	0	0	0	0	0	0	0	0	0	0	0	0	0	0	0	0	0	0	0	0	0	116	0	7310	11592	2676	2826	130	2350	4096	4080	17728	15878	1500	0	5016	4226	1886	6098	0	0	500	518	6432	0	9076	4618	5038	6418	
147380	Vermis_7	0	0	0	0	0	0	0	0	0	0	0	0	0	0	0	0	0	0	0	0	0	0	0	0	0	0	0	0	0	0	0	0	0	0	0	0	0	0	0	114	0	0	0	106	0	0	0	758	0	0	0	100	0	262	0	1182	0	0	0	0	0	0	0	0	0	0	0	0	0	0	0	0	0	0	0	0	0	0	0	0	0	0	0	0	0	0	0	0	0	0	4212	4474	4354	6034	0	516	94	1706	5218	4490	3020	1360	5222	6838	662	2338	0	0	0	0	394	9076	0	7816	2908	436	
