data	data	713080	251192	1.09015e+06	696284	148576	83876	427480	276720	73120	28876	229092	314776	281360	267760	133092	62080	253604	159272	879364	815152	99096	97908	360612	346472	17728	71832	70088	82980	641584	493460	273112	496476	150364	551328	175728	210180	243076	280836	79872	171824	60004	60380	274000	326428	205000	373368	298308	310192	232712	382760	627836	303008	208760	116404	360640	430208	228804	402792	241296	165072	186048	91556	127884	78232	93712	102704	249428	455436	332608	342484	326836	478456	301804	274360	70636	24028	197464	183500	74360	29084	186088	107252	54152	36996	354480	289476	8548	16480	259468	224568	490268	400700	314656	224416	30064	62208	239636	237024	454092	381900	255880	112556	253892	160928	116972	98760	31648	8500	10348	55144	204444	220400	213088	90116	80288	26264	
data	data	Precentral_L	Precentral_R	Frontal_Sup_L	Frontal_Sup_R	Frontal_Sup_Orb_L	Frontal_Sup_Orb_R	Frontal_Mid_L	Frontal_Mid_R	Frontal_Mid_Orb_L	Frontal_Mid_Orb_R	Frontal_Inf_Oper_L	Frontal_Inf_Oper_R	Frontal_Inf_Tri_L	Frontal_Inf_Tri_R	Frontal_Inf_Orb_L	Frontal_Inf_Orb_R	Rolandic_Oper_L	Rolandic_Oper_R	Supp_Motor_Area_L	Supp_Motor_Area_R	Olfactory_L	Olfactory_R	Frontal_Sup_Medial_L	Frontal_Sup_Medial_R	Frontal_Med_Orb_L	Frontal_Med_Orb_R	Rectus_L	Rectus_R	Insula_L	Insula_R	Cingulum_Ant_L	Cingulum_Ant_R	Cingulum_Mid_L	Cingulum_Mid_R	Cingulum_Post_L	Cingulum_Post_R	Hippocampus_L	Hippocampus_R	ParaHippocampal_L	ParaHippocampal_R	Amygdala_L	Amygdala_R	Calcarine_L	Calcarine_R	Cuneus_L	Cuneus_R	Lingual_L	Lingual_R	Occipital_Sup_L	Occipital_Sup_R	Occipital_Mid_L	Occipital_Mid_R	Occipital_Inf_L	Occipital_Inf_R	Fusiform_L	Fusiform_R	Postcentral_L	Postcentral_R	Parietal_Sup_L	Parietal_Sup_R	Parietal_Inf_L	Parietal_Inf_R	SupraMarginal_L	SupraMarginal_R	Angular_L	Angular_R	Precuneus_L	Precuneus_R	Paracentral_Lobule_L	Paracentral_Lobule_R	Caudate_L	Caudate_R	Putamen_L	Putamen_R	Pallidum_L	Pallidum_R	Thalamus_L	Thalamus_R	Heschl_L	Heschl_R	Temporal_Sup_L	Temporal_Sup_R	Temporal_Pole_Sup_L	Temporal_Pole_Sup_R	Temporal_Mid_L	Temporal_Mid_R	Temporal_Pole_Mid_L	Temporal_Pole_Mid_R	Temporal_Inf_L	Temporal_Inf_R	Cerebelum_Crus1_L	Cerebelum_Crus1_R	Cerebelum_Crus2_L	Cerebelum_Crus2_R	Cerebelum_3_L	Cerebelum_3_R	Cerebelum_4_5_L	Cerebelum_4_5_R	Cerebelum_6_L	Cerebelum_6_R	Cerebelum_7b_L	Cerebelum_7b_R	Cerebelum_8_L	Cerebelum_8_R	Cerebelum_9_L	Cerebelum_9_R	Cerebelum_10_L	Cerebelum_10_R	Vermis_1_2	Vermis_3	Vermis_4_5	Vermis_6	Vermis_7	Vermis_8	Vermis_9	Vermis_10	
713080	Precentral_L	0	3814	45206	2824	0	0	23480	388	0	0	7504	282	398	0	0	0	17500	1280	41312	15770	0	0	0	0	0	0	0	0	16744	1600	0	218	234	6402	8464	7608	7954	1646	706	852	0	0	132	0	0	0	244	532	0	0	3068	0	822	0	632	1190	23236	2368	1524	0	3126	0	3096	0	0	0	1126	696	27380	7728	14650	1554	10268	328	7346	0	22380	1178	3074	0	1882	0	0	0	2800	0	0	0	954	276	0	0	0	0	0	0	0	520	0	0	0	0	0	0	0	0	0	0	0	0	244	0	0	0	0	0	
251192	Precentral_R	3814	0	3360	13838	0	0	938	9544	0	0	134	2514	162	0	0	0	0	1682	2622	10984	0	0	0	0	0	0	0	0	262	1612	0	0	0	540	428	452	0	3810	0	516	0	0	0	150	0	938	0	0	0	1270	0	368	0	0	0	752	0	16576	0	536	0	420	0	546	0	216	0	1568	2750	7962	1138	11132	186	1352	0	0	1112	18348	0	0	0	0	0	0	0	182	0	0	0	882	0	0	0	0	0	0	0	0	0	0	0	0	0	0	0	0	0	0	0	0	0	0	0	0	0	0	
1.09015e+06	Frontal_Sup_L	45206	3360	0	8726	7850	0	58438	3826	1526	0	21590	1682	18522	1100	3702	0	15464	1236	116806	21810	532	0	47716	1506	232	0	204	0	39562	2730	14724	3448	5748	7040	0	0	6652	178	548	0	472	0	0	0	0	0	0	0	0	0	328	0	0	0	1156	0	7276	132	400	0	604	0	1438	0	0	0	0	0	6272	358	12564	4260	24166	868	7758	0	5998	472	1190	0	4382	0	756	0	348	0	0	0	2212	0	0	0	0	0	0	0	0	0	0	0	0	0	0	0	0	0	0	0	0	0	0	0	0	0	0	0	
696284	Frontal_Sup_R	2824	13838	8726	0	0	2644	1316	30870	0	268	466	13578	1220	9280	0	1448	0	12846	10602	60336	0	200	7796	32762	0	1430	0	710	1464	19262	3120	23970	396	18408	0	0	220	3484	0	682	0	0	0	0	0	0	0	146	0	0	0	0	0	0	0	1582	0	2518	0	0	0	0	0	128	0	0	0	0	754	0	2638	23414	666	12856	0	3322	588	14342	0	380	0	260	0	0	0	0	0	0	0	382	0	0	0	0	0	0	0	0	0	0	0	0	0	0	0	0	0	0	0	0	0	0	0	0	0	0	
148576	Frontal_Sup_Orb_L	0	0	7850	0	0	0	1412	0	10796	0	0	0	1192	0	13118	0	0	0	366	0	3666	812	5498	0	2650	0	7200	0	7176	0	4092	0	0	0	0	0	0	0	156	0	1032	0	0	0	0	0	0	0	0	0	0	0	0	0	0	0	0	0	0	0	0	0	0	0	0	0	0	0	0	0	1840	170	3908	0	0	0	0	0	0	0	0	0	1354	0	0	0	0	0	0	0	0	0	0	0	0	0	0	0	0	0	0	0	0	0	0	0	0	0	0	0	0	0	0	0	0	0	
83876	Frontal_Sup_Orb_R	0	0	0	2644	0	0	0	118	0	3210	0	1238	0	578	0	2074	0	0	0	190	496	2164	196	3132	0	5168	176	8282	0	2116	310	3784	0	142	0	0	0	0	0	0	0	0	0	0	0	0	0	0	0	0	0	0	0	0	0	0	0	0	0	0	0	0	0	0	0	0	0	0	0	0	474	3676	136	1634	0	0	0	0	0	0	0	0	0	0	0	0	0	0	0	0	0	0	0	0	0	0	0	0	0	0	0	0	0	0	0	0	0	0	0	0	0	0	0	0	0	0	
427480	Frontal_Mid_L	23480	938	58438	1316	1412	0	0	574	2020	0	9976	1426	24838	872	3200	0	6922	1644	8688	1254	0	0	19632	340	0	0	0	0	13314	2826	6502	848	1512	538	134	0	722	0	0	0	0	0	0	0	0	0	0	0	0	0	652	0	256	0	232	0	518	0	0	0	0	0	0	0	0	0	0	0	524	0	8360	3042	2100	396	252	0	2562	0	234	0	260	0	118	0	530	0	0	0	338	0	0	0	0	0	0	0	0	0	0	0	0	0	0	0	0	0	0	0	0	0	0	0	0	0	0	0	
276720	Frontal_Mid_R	388	9544	3826	30870	0	118	574	0	0	1108	648	10112	742	17532	0	1880	0	238	4220	17726	0	0	1554	10326	0	0	0	0	456	2832	738	5324	0	12290	0	0	0	694	0	0	0	0	0	0	0	0	0	0	0	0	0	0	0	0	0	248	0	526	0	0	0	0	0	0	0	0	0	0	0	0	678	502	170	766	0	0	196	1102	0	0	0	0	0	0	0	0	0	0	0	432	0	0	0	0	0	0	0	0	0	0	0	0	0	0	0	0	0	0	0	0	0	0	0	0	0	0	
73120	Frontal_Mid_Orb_L	0	0	1526	0	10796	0	2020	0	0	0	0	0	1734	0	12834	0	0	0	0	0	476	168	0	0	314	0	2554	0	2134	0	0	0	0	0	0	0	0	0	0	0	234	0	0	0	0	0	0	0	0	0	0	0	0	0	0	0	0	0	0	0	0	0	0	0	0	0	0	0	0	0	242	0	1032	0	0	0	0	0	0	0	0	0	496	0	0	0	0	0	0	0	0	0	0	0	0	0	0	0	0	0	0	0	0	0	0	0	0	0	0	0	0	0	0	0	0	0	
28876	Frontal_Mid_Orb_R	0	0	0	268	0	3210	0	1108	0	0	0	572	0	492	0	3746	0	0	0	544	0	0	0	660	0	0	0	186	0	900	0	1000	0	508	0	0	0	0	0	0	0	0	0	0	0	0	0	0	0	0	0	0	0	0	0	0	0	0	0	0	0	0	0	0	0	0	0	0	0	0	0	184	0	1060	0	0	0	0	0	0	0	0	0	0	0	0	0	0	0	0	0	0	0	0	0	0	0	0	0	0	0	0	0	0	0	0	0	0	0	0	0	0	0	0	0	0	
229092	Frontal_Inf_Oper_L	7504	134	21590	466	0	0	9976	648	0	0	0	2384	12948	1322	0	0	12022	228	13082	376	0	0	678	0	0	0	0	0	17798	1178	1816	724	124	0	0	0	0	0	0	0	0	0	0	0	0	0	0	0	0	0	0	0	0	0	0	0	1266	0	0	0	0	0	0	0	0	0	0	0	0	0	2672	1424	1052	0	0	0	0	0	0	0	1686	0	1448	0	0	0	0	0	0	0	0	0	0	0	0	0	0	0	0	0	0	0	0	0	0	0	0	0	0	0	0	0	0	0	0	0	
314776	Frontal_Inf_Oper_R	282	2514	1682	13578	0	1238	1426	10112	0	572	2384	0	3444	17412	0	1204	536	3412	1446	12522	0	692	350	3510	0	200	0	886	2676	28200	1720	15598	0	5414	0	0	0	0	0	0	0	0	0	0	0	0	0	0	0	0	0	0	0	0	0	0	0	1548	0	0	0	0	0	0	0	0	0	0	0	0	2444	14618	548	5220	0	0	0	0	0	0	0	0	0	0	0	0	0	0	0	0	0	0	0	0	0	0	0	0	0	0	0	0	0	0	0	0	0	0	0	0	0	0	0	0	0	0	
281360	Frontal_Inf_Tri_L	398	162	18522	1220	1192	0	24838	742	1734	0	12948	3444	0	2436	9276	0	906	0	8548	1480	0	0	5398	168	0	0	0	0	25792	2230	3956	1156	484	354	0	0	0	0	0	0	0	0	0	0	0	0	0	0	0	0	0	0	0	0	0	0	0	0	0	0	0	0	0	0	0	0	0	0	0	0	4456	4552	2846	436	0	0	192	0	0	0	262	0	552	0	0	0	0	0	0	0	0	0	0	0	0	0	0	0	0	0	0	0	0	0	0	0	0	0	0	0	0	0	0	0	0	0	
267760	Frontal_Inf_Tri_R	0	0	1100	9280	0	578	872	17532	0	492	1322	17412	2436	0	0	4434	0	0	1450	7956	0	0	1410	8896	0	0	0	0	1998	20584	1570	15468	0	8002	0	0	0	0	0	0	0	0	0	0	0	0	0	0	0	0	0	0	0	0	0	0	0	0	0	0	0	0	0	0	0	0	0	0	0	0	1642	7954	406	1086	0	0	0	0	0	0	0	0	0	0	0	0	0	0	0	0	0	0	0	0	0	0	0	0	0	0	0	0	0	0	0	0	0	0	0	0	0	0	0	0	0	0	
133092	Frontal_Inf_Orb_L	0	0	3702	0	13118	0	3200	0	12834	0	0	0	9276	0	0	0	0	0	952	0	2716	700	720	0	0	0	2458	0	9594	0	292	0	0	0	0	0	0	0	0	0	698	0	0	0	0	0	0	0	0	0	0	0	0	0	0	0	0	0	0	0	0	0	0	0	0	0	0	0	0	0	1420	154	3252	0	0	0	0	0	0	0	146	0	1314	0	0	0	0	0	0	0	0	0	0	0	0	0	0	0	0	0	0	0	0	0	0	0	0	0	0	0	0	0	0	0	0	0	
62080	Frontal_Inf_Orb_R	0	0	0	1448	0	2074	0	1880	0	3746	0	1204	0	4434	0	0	0	184	0	1822	0	638	0	2034	0	0	0	576	0	3856	0	1972	0	1784	0	0	0	0	0	0	0	0	0	0	0	0	0	0	0	0	0	0	0	0	0	0	0	0	0	0	0	0	0	0	0	0	0	0	0	0	0	656	0	1250	0	0	0	0	0	0	0	604	0	878	0	0	0	0	0	0	0	0	0	0	0	0	0	0	0	0	0	0	0	0	0	0	0	0	0	0	0	0	0	0	0	0	
253604	Rolandic_Oper_L	17500	0	15464	0	0	0	6922	0	0	0	12022	536	906	0	0	0	0	0	12698	0	0	0	0	0	0	0	0	0	23990	486	0	202	0	0	542	0	0	0	0	0	0	0	152	0	0	0	322	0	0	0	3670	0	1020	0	404	0	6518	0	514	0	656	0	1182	0	0	0	462	0	158	0	536	556	0	0	0	0	0	0	4108	0	6872	0	1390	0	5674	0	0	0	1340	0	0	0	0	0	0	0	0	0	0	0	0	0	0	0	0	0	0	0	0	0	0	0	0	0	0	0	
159272	Rolandic_Oper_R	1280	1682	1236	12846	0	0	1644	238	0	0	228	3412	0	0	0	184	0	0	662	10496	0	0	0	228	0	0	0	0	204	21088	0	632	0	154	0	0	0	148	0	0	0	0	0	0	0	0	0	0	0	0	0	0	0	0	0	196	0	5248	0	0	0	0	0	2482	0	294	0	0	0	0	1258	2732	0	3828	0	0	138	0	0	3456	0	2720	0	374	0	328	0	0	0	220	0	0	0	0	0	0	0	0	0	0	0	0	0	0	0	0	0	0	0	0	0	0	0	0	0	0	
879364	Supp_Motor_Area_L	41312	2622	116806	10602	366	0	8688	4220	0	0	13082	1446	8548	1450	952	0	12698	662	0	37668	0	0	14668	3228	0	0	0	0	28846	1854	5242	6242	11162	20116	238	0	5208	138	300	0	130	0	0	0	0	0	0	0	0	0	328	0	0	0	1040	0	7264	186	400	0	600	0	1438	0	0	0	0	0	12894	772	11126	2956	18698	512	7304	0	6632	490	1168	0	4332	0	546	0	348	0	0	0	2154	0	0	0	0	0	0	0	0	0	0	0	0	0	0	0	0	0	0	0	0	0	0	0	0	0	0	0	
815152	Supp_Motor_Area_R	15770	10984	21810	60336	0	190	1254	17726	0	544	376	12522	1480	7956	0	1822	0	10496	37668	0	0	0	1472	11888	0	0	0	0	1808	14752	1652	12478	6254	53942	1364	2926	122	3614	0	1094	0	0	0	350	0	0	0	0	0	0	0	0	0	150	0	2818	0	3952	0	0	0	0	0	628	0	0	0	538	16098	19076	2678	22280	526	9996	0	2276	1450	9302	0	344	0	262	0	0	0	0	0	0	0	552	0	0	0	0	0	0	0	0	0	0	0	0	0	0	0	0	0	0	0	0	0	0	0	0	0	0	
99096	Olfactory_L	0	0	532	0	3666	496	0	0	476	0	0	0	0	0	2716	0	0	0	0	0	0	6940	162	0	0	204	4812	1156	4684	234	2694	1746	0	0	0	0	234	0	296	0	2848	0	0	0	0	0	0	0	0	0	0	0	0	0	118	0	0	0	0	0	0	0	0	0	0	0	0	0	0	0	8104	3408	3804	0	0	0	0	0	0	0	0	0	218	0	0	0	0	0	0	0	0	0	0	0	0	0	0	0	0	0	0	0	0	0	0	0	0	0	0	0	0	0	0	0	0	0	
97908	Olfactory_R	0	0	0	200	812	2164	0	0	168	0	0	692	0	0	700	638	0	0	0	0	6940	0	0	292	0	1074	3272	5170	428	2272	2508	4028	0	0	0	0	0	0	0	0	296	784	0	0	0	0	0	0	0	0	0	0	0	0	0	0	0	0	0	0	0	0	0	0	0	0	0	0	0	0	7608	6240	2002	666	0	0	0	0	0	0	0	0	0	0	0	0	0	0	0	0	0	0	0	0	0	0	0	0	0	0	0	0	0	0	0	0	0	0	0	0	0	0	0	0	0	0	
360612	Frontal_Sup_Medial_L	0	0	47716	7796	5498	196	19632	1554	0	0	678	350	5398	1410	720	0	0	0	14668	1472	162	0	0	14560	1326	1450	122	0	6124	340	20548	10482	6042	9630	0	0	0	0	0	0	118	0	0	0	0	0	0	0	0	0	0	0	0	0	0	0	0	0	0	0	0	0	0	0	0	0	0	0	0	0	280	160	1874	0	0	0	0	0	0	0	0	0	0	0	0	0	0	0	0	0	0	0	0	0	0	0	0	0	0	0	0	0	0	0	0	0	0	0	0	0	0	0	0	0	0	0	
346472	Frontal_Sup_Medial_R	0	0	1506	32762	0	3132	340	10326	0	660	0	3510	168	8896	0	2034	0	228	3228	11888	0	292	14560	0	154	6460	0	1772	254	5928	6676	27742	708	21510	0	0	0	0	0	0	0	0	0	0	0	0	0	0	0	0	0	0	0	0	0	0	0	0	0	0	0	0	0	0	0	0	0	0	0	0	0	5148	0	3354	0	0	0	0	0	0	0	0	0	0	0	0	0	0	0	0	0	0	0	0	0	0	0	0	0	0	0	0	0	0	0	0	0	0	0	0	0	0	0	0	0	0	
17728	Frontal_Med_Orb_L	0	0	232	0	2650	0	0	0	314	0	0	0	0	0	0	0	0	0	0	0	0	0	1326	154	0	236	1064	0	0	0	2678	210	0	0	0	0	0	0	0	0	0	0	0	0	0	0	0	0	0	0	0	0	0	0	0	0	0	0	0	0	0	0	0	0	0	0	0	0	0	0	0	0	0	0	0	0	0	0	0	0	0	0	0	0	0	0	0	0	0	0	0	0	0	0	0	0	0	0	0	0	0	0	0	0	0	0	0	0	0	0	0	0	0	0	0	0	
71832	Frontal_Med_Orb_R	0	0	0	1430	0	5168	0	0	0	0	0	200	0	0	0	0	0	0	0	0	204	1074	1450	6460	236	0	242	6300	0	380	2168	6550	0	0	0	0	0	0	0	0	0	0	0	0	0	0	0	0	0	0	0	0	0	0	0	0	0	0	0	0	0	0	0	0	0	0	0	0	0	0	162	2312	0	1580	0	0	0	0	0	0	0	0	0	0	0	0	0	0	0	0	0	0	0	0	0	0	0	0	0	0	0	0	0	0	0	0	0	0	0	0	0	0	0	0	0	0	
70088	Rectus_L	0	0	204	0	7200	176	0	0	2554	0	0	0	0	0	2458	0	0	0	0	0	4812	3272	122	0	1064	242	0	592	1050	0	3386	1530	0	0	0	0	0	0	0	0	394	0	0	0	0	0	0	0	0	0	0	0	0	0	0	0	0	0	0	0	0	0	0	0	0	0	0	0	0	0	3816	1374	798	0	0	0	0	0	0	0	0	0	0	0	0	0	0	0	0	0	0	0	0	0	0	0	0	0	0	0	0	0	0	0	0	0	0	0	0	0	0	0	0	0	0	0	
82980	Rectus_R	0	0	0	710	0	8282	0	0	0	186	0	886	0	0	0	576	0	0	0	0	1156	5170	0	1772	0	6300	592	0	0	1456	1404	5522	0	0	0	0	0	0	0	0	0	0	0	0	0	0	0	0	0	0	0	0	0	0	0	0	0	0	0	0	0	0	0	0	0	0	0	0	0	0	1262	4196	364	1656	0	0	0	0	0	0	0	0	0	0	0	0	0	0	0	0	0	0	0	0	0	0	0	0	0	0	0	0	0	0	0	0	0	0	0	0	0	0	0	0	0	0	
641584	Insula_L	16744	262	39562	1464	7176	0	13314	456	2134	0	17798	2676	25792	1998	9594	0	23990	204	28846	1808	4684	428	6124	254	0	0	1050	0	0	2696	3528	1488	504	336	1198	492	8262	134	1092	132	4134	0	162	0	0	0	324	0	120	0	3910	0	938	0	3720	0	3256	0	1258	0	896	0	560	0	0	0	406	0	450	0	8780	5256	22000	500	0	0	2760	0	9308	0	10654	0	3764	0	6358	0	0	0	5058	0	0	0	0	0	0	0	0	0	0	0	0	0	0	0	0	0	0	0	0	0	0	0	0	0	0	0	
493460	Insula_R	1600	1612	2730	19262	0	2116	2826	2832	0	900	1178	28200	2230	20584	0	3856	486	21088	1854	14752	234	2272	340	5928	0	380	0	1456	2696	0	1252	19292	0	3044	0	0	0	5126	0	992	0	1284	0	0	0	0	0	346	0	0	0	0	0	246	0	5034	0	1610	0	0	0	0	0	152	0	0	0	136	0	0	3838	18772	614	24472	0	0	314	666	0	3490	0	6872	0	432	0	2764	0	0	0	4570	0	0	0	0	0	0	0	0	0	0	0	0	0	0	0	0	0	0	0	0	0	0	0	0	0	0	
273112	Cingulum_Ant_L	0	0	14724	3120	4092	310	6502	738	0	0	1816	1720	3956	1570	292	0	0	0	5242	1652	2694	2508	20548	6676	2678	2168	3386	1404	3528	1252	0	17072	10268	6558	0	0	0	0	0	0	176	0	0	0	0	0	0	0	0	0	0	0	0	0	0	0	0	0	0	0	0	0	0	0	0	0	0	0	0	0	3854	3114	2334	604	0	0	0	0	0	0	0	0	0	0	0	0	0	0	0	0	0	0	0	0	0	0	0	0	0	0	0	0	0	0	0	0	0	0	0	0	0	0	0	0	0	0	
496476	Cingulum_Ant_R	218	0	3448	23970	0	3784	848	5324	0	1000	724	15598	1156	15468	0	1972	202	632	6242	12478	1746	4028	10482	27742	210	6550	1530	5522	1488	19292	17072	0	1732	22588	0	0	0	0	0	0	0	0	0	0	0	0	0	0	0	0	0	0	0	0	0	0	0	0	0	0	0	0	0	0	0	0	0	0	0	0	2652	21482	554	10504	0	0	0	0	0	0	0	0	0	0	0	0	0	0	0	0	0	0	0	0	0	0	0	0	0	0	0	0	0	0	0	0	0	0	0	0	0	0	0	0	0	0	
150364	Cingulum_Mid_L	234	0	5748	396	0	0	1512	0	0	0	124	0	484	0	0	0	0	0	11162	6254	0	0	6042	708	0	0	0	0	504	0	10268	1732	0	12986	3052	372	0	0	0	0	0	0	484	0	1988	0	0	0	292	0	966	0	218	0	0	0	0	312	126	0	0	0	0	0	0	0	3564	260	4376	776	0	0	118	0	0	0	0	0	0	0	0	0	0	0	124	0	0	0	0	0	0	0	0	0	0	0	0	0	0	0	0	0	0	0	0	0	0	0	0	0	0	0	0	0	0	0	
551328	Cingulum_Mid_R	6402	540	7040	18408	0	142	538	12290	0	508	0	5414	354	8002	0	1784	0	154	20116	53942	0	0	9630	21510	0	0	0	0	336	3044	6558	22588	12986	0	2848	7528	0	0	0	0	0	0	0	2328	0	1618	0	0	0	1324	0	1248	0	178	0	0	184	5252	0	272	0	144	0	0	0	0	922	7002	11958	17628	248	1728	0	228	0	0	0	0	0	0	0	0	0	0	0	576	0	0	0	164	0	0	0	0	0	0	0	0	0	0	0	0	0	0	0	0	0	0	0	0	0	0	0	0	0	0	
175728	Cingulum_Post_L	8464	428	0	0	0	0	134	0	0	0	0	0	0	0	0	0	542	0	238	1364	0	0	0	0	0	0	0	0	1198	0	0	0	3052	2848	0	17316	6006	1804	1606	810	0	0	2032	0	1256	0	966	732	0	0	1124	0	278	0	624	1050	1394	2882	146	0	0	0	354	0	0	0	8446	3682	7670	4214	166	0	0	0	0	0	272	0	612	0	0	0	0	0	1234	0	0	0	150	440	0	0	0	0	0	0	0	648	0	0	0	0	0	0	0	0	0	0	0	0	1682	0	0	0	0	0	
210180	Cingulum_Post_R	7608	452	0	0	0	0	0	0	0	0	0	0	0	0	0	0	0	0	0	2926	0	0	0	0	0	0	0	0	492	0	0	0	372	7528	17316	0	5958	4444	1776	3148	0	0	0	3976	0	268	848	3812	0	168	0	370	0	1374	436	1766	792	3132	0	0	0	0	0	0	0	0	1706	11658	4290	6532	218	0	0	0	0	0	1968	192	636	0	0	0	0	0	0	206	0	0	122	3288	0	0	0	0	0	0	0	2834	0	0	0	0	0	0	0	0	0	0	0	0	2478	0	0	0	0	0	
243076	Hippocampus_L	7954	0	6652	220	0	0	722	0	0	0	0	0	0	0	0	0	0	0	5208	122	234	0	0	0	0	0	0	0	8262	0	0	0	0	0	6006	5958	0	2380	12744	1702	8156	0	1784	0	0	0	3100	1672	0	0	192	0	0	0	11202	0	540	0	0	0	0	0	0	0	0	0	2850	1008	2096	0	746	0	9282	0	812	0	5320	284	1196	0	1764	0	192	0	0	0	0	0	7780	0	0	0	0	0	0	0	694	1366	302	0	0	0	0	0	0	0	0	0	0	324	712	0	0	0	0	0	
280836	Hippocampus_R	1646	3810	178	3484	0	0	0	694	0	0	0	0	0	0	0	0	0	148	138	3614	0	0	0	0	0	0	0	0	134	5126	0	0	0	0	1804	4444	2380	0	824	22100	0	9694	0	642	0	0	618	8724	0	0	0	0	0	0	258	24496	148	234	0	0	0	0	0	128	0	0	342	3698	1252	440	0	1314	0	10184	0	628	2514	7566	154	0	0	656	0	1348	0	672	0	0	0	5916	0	276	0	0	0	148	0	6652	0	404	0	0	0	0	0	0	0	0	0	0	788	0	0	0	0	0	
79872	ParaHippocampal_L	706	0	548	0	156	0	0	0	0	0	0	0	0	0	0	0	0	0	300	0	296	0	0	0	0	0	0	0	1092	0	0	0	0	0	1606	1776	12744	824	0	504	2776	0	408	0	0	0	1892	746	0	0	0	0	0	0	5534	0	0	0	0	0	0	0	0	0	0	0	208	198	140	0	0	0	1232	0	0	0	1276	0	0	0	0	0	264	0	0	0	0	0	728	0	0	0	0	0	158	0	1518	362	954	0	480	0	0	0	0	0	170	0	0	340	0	0	0	0	0	0	
171824	ParaHippocampal_R	852	516	0	682	0	0	0	0	0	0	0	0	0	0	0	0	0	0	0	1094	0	0	0	0	0	0	0	0	132	992	0	0	0	0	810	3148	1702	22100	504	0	0	5862	0	556	0	0	466	9364	0	0	0	0	0	0	176	9800	0	0	0	0	0	0	0	0	0	0	0	3182	0	0	0	540	0	3208	0	520	2032	5124	152	0	0	128	0	1830	0	122	0	612	0	538	0	354	0	0	0	270	0	7266	0	522	0	0	0	0	0	0	0	0	0	0	756	0	0	0	0	0	
60004	Amygdala_L	0	0	472	0	1032	0	0	0	234	0	0	0	0	0	698	0	0	0	130	0	2848	296	118	0	0	0	394	0	4134	0	176	0	0	0	0	0	8156	0	2776	0	0	0	0	0	0	0	0	0	0	0	0	0	0	0	3934	0	0	0	0	0	0	0	0	0	0	0	0	0	0	0	578	158	2254	0	0	0	0	0	0	0	0	0	192	0	0	0	0	0	1422	0	0	0	0	0	0	0	0	0	0	0	0	0	0	0	0	0	0	0	0	0	0	0	0	0	0	0	
60380	Amygdala_R	0	0	0	0	0	0	0	0	0	0	0	0	0	0	0	0	0	0	0	0	0	784	0	0	0	0	0	0	0	1284	0	0	0	0	0	0	0	9694	0	5862	0	0	0	0	0	0	0	0	0	0	0	0	0	0	0	6988	0	0	0	0	0	0	0	0	0	0	0	0	0	0	0	0	0	2140	0	0	0	0	0	0	0	0	0	2576	0	0	0	176	0	686	0	0	0	0	0	0	0	0	0	0	0	0	0	0	0	0	0	0	0	0	0	0	0	0	0	0	
274000	Calcarine_L	132	0	0	0	0	0	0	0	0	0	0	0	0	0	0	0	152	0	0	0	0	0	0	0	0	0	0	0	162	0	0	0	484	0	2032	0	1784	0	408	0	0	0	0	7946	17582	6678	15308	2076	10952	1900	30244	262	14896	0	3686	0	0	0	184	0	0	0	0	0	0	0	13966	684	920	0	0	0	0	0	0	0	0	0	0	0	0	0	0	0	1292	0	0	0	900	0	454	0	0	0	0	0	310	0	670	0	0	0	0	0	0	0	0	0	0	0	724	212	0	0	0	0	
326428	Calcarine_R	0	150	0	0	0	0	0	0	0	0	0	0	0	0	0	0	0	0	0	350	0	0	0	0	0	0	0	0	0	0	0	0	0	2328	0	3976	0	642	0	556	0	0	7946	0	2152	28194	1936	15994	0	20712	0	10534	0	9734	0	9350	0	7264	0	406	0	0	0	0	0	0	608	26230	0	7124	0	0	0	0	0	0	0	0	0	0	0	0	0	0	0	1354	0	0	0	5510	0	0	0	0	0	0	0	164	0	0	0	0	0	0	0	0	0	0	0	0	0	0	0	0	0	0	
205000	Cuneus_L	0	0	0	0	0	0	0	0	0	0	0	0	0	0	0	0	0	0	0	0	0	0	0	0	0	0	0	0	0	0	0	0	1988	0	1256	0	0	0	0	0	0	0	17582	2152	0	5586	2714	0	23430	1294	21032	168	4278	0	284	0	0	0	3768	0	190	0	0	0	0	0	13482	1512	400	0	0	0	0	0	0	0	0	0	0	0	0	0	0	0	960	0	0	0	424	0	0	0	0	0	0	0	0	0	0	0	0	0	0	0	0	0	0	0	0	0	0	0	0	0	0	0	
373368	Cuneus_R	0	938	0	0	0	0	0	0	0	0	0	0	0	0	0	0	0	0	0	0	0	0	0	0	0	0	0	0	0	0	0	0	0	1618	0	268	0	0	0	0	0	0	6678	28194	5586	0	1100	4350	338	43994	288	21824	0	1006	0	334	0	10528	0	11310	0	1818	0	0	0	532	2038	27572	0	6158	0	0	0	0	0	0	0	0	0	0	0	0	0	0	0	9752	0	0	0	460	0	0	0	0	0	0	0	0	0	0	0	0	0	0	0	0	0	0	0	0	0	0	0	0	0	0	
298308	Lingual_L	244	0	0	0	0	0	0	0	0	0	0	0	0	0	0	0	322	0	0	0	0	0	0	0	0	0	0	0	324	0	0	0	0	0	966	848	3100	618	1892	466	0	0	15308	1936	2714	1100	0	2962	5188	628	16282	140	13432	0	17396	464	0	0	0	0	0	0	0	0	0	0	3702	354	0	0	0	0	0	0	0	0	222	0	0	0	0	0	0	0	314	0	0	0	200	0	11352	716	440	0	338	0	13148	478	17228	782	0	0	246	0	0	256	0	0	0	352	7118	4272	874	0	128	304	
310192	Lingual_R	532	0	0	146	0	0	0	0	0	0	0	0	0	0	0	0	0	0	0	0	0	0	0	0	0	0	0	0	0	346	0	0	0	0	732	3812	1672	8724	746	9364	0	0	2076	15994	0	4350	2962	0	0	3500	0	1720	0	2546	616	20090	0	134	0	0	0	0	0	0	0	0	0	8218	0	204	0	0	0	432	0	0	1590	2000	0	0	0	0	0	0	0	0	0	0	0	384	3608	9112	1038	218	356	366	654	12446	5622	12194	134	0	328	0	996	0	160	0	0	0	4854	8684	1436	0	0	0	
232712	Occipital_Sup_L	0	0	0	0	0	0	0	0	0	0	0	0	0	0	0	0	0	0	0	0	0	0	0	0	0	0	0	0	120	0	0	0	292	0	0	0	0	0	0	0	0	0	10952	0	23430	338	5188	0	0	0	41348	0	4848	0	292	0	170	0	14406	0	2244	0	312	0	0	0	9248	0	0	0	0	0	0	0	0	0	0	0	0	0	0	0	0	0	3168	0	0	0	0	0	0	0	0	0	0	0	0	0	0	0	0	0	0	0	0	0	0	0	0	0	0	0	0	0	0	0	
382760	Occipital_Sup_R	0	1270	0	0	0	0	0	0	0	0	0	0	0	0	0	0	0	0	0	0	0	0	0	0	0	0	0	0	0	0	0	0	0	1324	0	168	0	0	0	0	0	0	1900	20712	1294	43994	628	3500	0	0	0	35256	0	1652	0	334	0	12230	0	14534	0	3350	0	0	0	5386	186	24068	0	6096	0	0	0	0	0	0	0	0	0	0	0	174	0	0	0	12378	0	0	0	946	0	0	0	0	0	0	0	0	0	0	0	0	0	0	0	0	0	0	0	0	0	0	0	0	0	0	
627836	Occipital_Mid_L	3068	0	328	0	0	0	652	0	0	0	0	0	0	0	0	0	3670	0	328	0	0	0	0	0	0	0	0	0	3910	0	0	0	966	0	1124	0	192	0	0	0	0	0	30244	0	21032	288	16282	0	41348	0	0	0	37546	0	6838	0	8204	0	33596	0	14928	0	5350	0	11194	0	18036	144	6446	0	0	0	0	0	0	0	0	0	694	0	1736	0	0	0	37194	0	0	0	8580	0	0	0	0	0	0	0	0	0	0	0	0	0	0	0	0	0	0	0	0	0	0	0	0	0	0	0	
303008	Occipital_Mid_R	0	368	0	0	0	0	0	0	0	0	0	0	0	0	0	0	0	0	0	0	0	0	0	0	0	0	0	0	0	0	0	0	0	1248	0	370	0	0	0	0	0	0	262	10534	168	21824	140	1720	0	35256	0	0	0	5426	0	1090	0	11050	0	9704	0	1542	0	0	0	7266	0	15050	0	6818	0	0	0	0	0	0	0	0	0	0	0	266	0	0	0	19914	0	0	0	1488	0	0	0	0	0	0	0	0	0	0	0	0	0	0	0	0	0	0	0	0	0	0	0	0	0	0	
208760	Occipital_Inf_L	822	0	0	0	0	0	256	0	0	0	0	0	0	0	0	0	1020	0	0	0	0	0	0	0	0	0	0	0	938	0	0	0	218	0	278	0	0	0	0	0	0	0	14896	0	4278	0	13432	0	4848	0	37546	0	0	0	8820	0	240	0	188	0	526	0	946	0	0	0	4286	0	896	0	0	0	0	0	0	0	0	0	234	0	304	0	0	0	3222	0	0	0	5492	0	304	0	0	0	0	0	0	0	390	0	0	0	0	0	0	0	0	0	0	0	0	0	0	0	0	0	
116404	Occipital_Inf_R	0	0	0	0	0	0	0	0	0	0	0	0	0	0	0	0	0	0	0	150	0	0	0	0	0	0	0	0	0	246	0	0	0	178	0	1374	0	0	0	0	0	0	0	9734	0	1006	0	2546	0	1652	0	5426	0	0	0	6282	0	2048	0	0	0	0	0	212	0	0	0	5696	0	1566	0	0	0	0	0	0	0	0	0	0	0	414	0	0	0	4434	0	0	0	14010	146	0	0	0	0	0	0	0	0	584	0	0	0	0	0	0	0	0	0	0	0	342	156	0	0	0	
360640	Fusiform_L	632	0	1156	0	0	0	232	0	0	0	0	0	0	0	0	0	404	0	1040	0	118	0	0	0	0	0	0	0	3720	0	0	0	0	0	624	436	11202	258	5534	176	3934	0	3686	0	284	0	17396	616	292	0	6838	0	8820	0	0	254	0	0	0	0	0	0	0	0	0	0	880	0	0	0	0	0	1928	0	0	0	208	0	690	0	1734	0	804	0	1526	0	0	0	12230	0	26332	464	3924	0	302	0	15590	196	32432	500	3008	0	2322	0	0	122	184	0	0	124	3992	2440	578	0	0	158	
430208	Fusiform_R	1190	752	0	1582	0	0	0	248	0	0	0	0	0	0	0	0	0	196	0	2818	0	0	0	0	0	0	0	0	0	5034	0	0	0	0	1050	1766	0	24496	0	9800	0	6988	0	9350	0	334	464	20090	0	334	0	1090	0	6282	254	0	126	426	0	0	0	0	0	0	0	0	392	4772	1494	950	0	994	0	7336	0	202	326	1650	0	0	0	1248	0	3136	0	2774	0	528	0	14994	2008	22014	588	742	176	2136	192	11042	3164	25562	0	546	240	368	860	118	0	0	0	234	2516	5466	1394	134	138	0	
228804	Postcentral_L	23236	0	7276	0	0	0	518	0	0	0	1266	0	0	0	0	0	6518	0	7264	0	0	0	0	0	0	0	0	0	3256	0	0	0	0	184	1394	792	540	148	0	0	0	0	0	0	0	0	0	0	170	0	8204	0	240	0	0	126	0	344	10764	0	15702	0	6218	0	1388	0	4242	156	4424	368	594	0	0	0	0	0	402	0	1166	0	1302	0	0	0	5242	0	0	0	958	0	0	0	0	0	0	0	0	0	0	0	0	0	0	0	0	0	0	0	0	0	0	0	0	0	0	0	
402792	Postcentral_R	2368	16576	132	2518	0	0	0	526	0	0	0	1548	0	0	0	0	0	5248	186	3952	0	0	0	0	0	0	0	0	0	1610	0	0	312	5252	2882	3132	0	234	0	0	0	0	0	7264	0	10528	0	134	0	12230	0	11050	0	2048	0	426	344	0	0	7652	0	6382	0	11994	0	3646	560	20128	5436	30162	0	372	0	1296	0	222	0	178	0	226	0	2892	0	0	0	14320	0	0	0	5430	0	0	0	0	0	0	0	0	0	0	0	0	0	0	0	0	0	0	0	0	0	0	0	0	0	0	
241296	Parietal_Sup_L	1524	0	400	0	0	0	0	0	0	0	0	0	0	0	0	0	514	0	400	0	0	0	0	0	0	0	0	0	1258	0	0	0	126	0	146	0	0	0	0	0	0	0	184	0	3768	0	0	0	14406	0	33596	0	188	0	0	0	10764	0	0	0	15126	0	4304	0	5688	0	12058	0	1334	0	0	0	0	0	0	0	0	0	314	0	1402	0	0	0	10944	0	0	0	2204	0	0	0	0	0	0	0	0	0	0	0	0	0	0	0	0	0	0	0	0	0	0	0	0	0	0	0	
165072	Parietal_Sup_R	0	536	0	0	0	0	0	0	0	0	0	0	0	0	0	0	0	0	0	0	0	0	0	0	0	0	0	0	0	0	0	0	0	272	0	0	0	0	0	0	0	0	0	406	0	11310	0	0	0	14534	0	9704	0	0	0	0	0	7652	0	0	0	9196	0	478	0	6782	0	13552	0	2388	0	0	0	0	0	0	0	0	0	0	0	0	0	0	0	5456	0	0	0	270	0	0	0	0	0	0	0	0	0	0	0	0	0	0	0	0	0	0	0	0	0	0	0	0	0	0	
186048	Parietal_Inf_L	3126	0	604	0	0	0	0	0	0	0	0	0	0	0	0	0	656	0	600	0	0	0	0	0	0	0	0	0	896	0	0	0	0	0	0	0	0	0	0	0	0	0	0	0	190	0	0	0	2244	0	14928	0	526	0	0	0	15702	0	15126	0	0	0	13832	0	11850	0	894	0	914	0	364	0	0	0	0	0	0	0	122	0	1014	0	0	0	6532	0	0	0	2904	0	0	0	0	0	0	0	0	0	0	0	0	0	0	0	0	0	0	0	0	0	0	0	0	0	0	0	
91556	Parietal_Inf_R	0	420	0	0	0	0	0	0	0	0	0	0	0	0	0	0	0	0	0	0	0	0	0	0	0	0	0	0	0	0	0	0	0	144	0	0	0	0	0	0	0	0	0	0	0	1818	0	0	0	3350	0	1542	0	0	0	0	0	6382	0	9196	0	0	0	8142	0	10066	0	1158	0	946	0	0	0	0	0	0	0	0	0	0	0	226	0	0	0	1676	0	0	0	712	0	0	0	0	0	0	0	0	0	0	0	0	0	0	0	0	0	0	0	0	0	0	0	0	0	0	
127884	SupraMarginal_L	3096	0	1438	0	0	0	0	0	0	0	0	0	0	0	0	0	1182	0	1438	0	0	0	0	0	0	0	0	0	560	0	0	0	0	0	354	0	0	0	0	0	0	0	0	0	0	0	0	0	312	0	5350	0	946	0	0	0	6218	0	4304	0	13832	0	0	0	5036	0	318	0	152	0	0	0	0	0	0	0	0	0	222	0	5014	0	0	0	9444	0	0	0	4726	0	0	0	0	0	0	0	0	0	0	0	0	0	0	0	0	0	0	0	0	0	0	0	0	0	0	0	
78232	SupraMarginal_R	0	546	0	128	0	0	0	0	0	0	0	0	0	0	0	0	0	2482	0	628	0	0	0	0	0	0	0	0	0	152	0	0	0	0	0	0	0	128	0	0	0	0	0	0	0	0	0	0	0	0	0	0	0	212	0	0	0	11994	0	478	0	8142	0	0	0	4104	0	0	0	1666	0	0	0	0	0	0	214	0	0	402	0	5146	0	0	0	1512	0	0	0	1182	0	0	0	0	0	0	0	0	0	0	0	0	0	0	0	0	0	0	0	0	0	0	0	0	0	0	
93712	Angular_L	0	0	0	0	0	0	0	0	0	0	0	0	0	0	0	0	0	0	0	0	0	0	0	0	0	0	0	0	0	0	0	0	0	0	0	0	0	0	0	0	0	0	0	0	0	0	0	0	0	0	11194	0	0	0	0	0	1388	0	5688	0	11850	0	5036	0	0	0	0	0	326	0	0	0	0	0	0	0	0	0	0	0	1276	0	0	0	5898	0	0	0	4200	0	0	0	0	0	0	0	0	0	0	0	0	0	0	0	0	0	0	0	0	0	0	0	0	0	0	0	
102704	Angular_R	0	216	0	0	0	0	0	0	0	0	0	0	0	0	0	0	0	294	0	0	0	0	0	0	0	0	0	0	0	0	0	0	0	0	0	0	0	0	0	0	0	0	0	0	0	532	0	0	0	5386	0	7266	0	0	0	0	0	3646	0	6782	0	10066	0	4104	0	0	0	1678	0	1006	0	0	0	0	0	0	0	0	0	0	0	3384	0	0	0	5980	0	0	0	1012	0	0	0	0	0	0	0	0	0	0	0	0	0	0	0	0	0	0	0	0	0	0	0	0	0	0	
249428	Precuneus_L	1126	0	0	0	0	0	0	0	0	0	0	0	0	0	0	0	462	0	0	0	0	0	0	0	0	0	0	0	406	0	0	0	3564	922	8446	1706	2850	342	208	0	0	0	13966	608	13482	2038	3702	0	9248	186	18036	0	4286	0	880	392	4242	560	12058	0	894	0	318	0	0	0	0	5968	7028	688	0	0	0	0	0	0	0	0	0	0	0	0	0	0	4890	0	0	0	940	0	0	0	0	0	0	0	0	0	0	0	0	0	0	0	0	0	0	0	0	0	272	0	0	0	0	0	
455436	Precuneus_R	696	1568	0	0	0	0	0	0	0	0	0	0	0	0	0	0	0	0	0	538	0	0	0	0	0	0	0	0	0	136	0	0	260	7002	3682	11658	1008	3698	198	3182	0	0	684	26230	1512	27572	354	8218	0	24068	144	15050	0	5696	0	4772	156	20128	0	13552	0	1158	0	0	0	1678	5968	0	694	15696	0	0	0	0	0	0	0	0	0	0	0	150	0	0	0	8712	0	0	0	6826	0	0	0	0	0	0	0	2352	0	134	0	0	0	0	0	0	0	0	0	0	2588	0	0	0	0	0	
332608	Paracentral_Lobule_L	27380	2750	6272	754	0	0	524	0	0	0	0	0	0	0	0	0	158	0	12894	16098	0	0	0	0	0	0	0	0	450	0	0	0	4376	11958	7670	4290	2096	1252	140	0	0	0	920	0	400	0	0	0	0	0	6446	0	896	0	0	1494	4424	5436	1334	0	914	0	152	0	326	0	7028	694	0	14838	3706	0	1490	0	1706	0	11008	212	0	0	0	0	0	0	2834	0	0	0	630	354	0	0	0	0	0	0	0	0	0	0	0	0	0	0	0	0	0	0	0	0	0	0	0	0	0	0	
342484	Paracentral_Lobule_R	7728	7962	358	0	0	0	0	0	0	0	0	0	0	0	0	0	0	0	772	19076	0	0	0	0	0	0	0	0	0	0	0	0	776	17628	4214	6532	0	440	0	0	0	0	0	7124	0	6158	0	204	0	6096	0	6818	0	1566	0	950	368	30162	0	2388	0	946	0	1666	0	1006	688	15696	14838	0	166	0	0	0	0	0	752	0	0	0	0	636	0	0	0	5352	0	0	0	2176	0	0	0	0	0	0	0	0	0	0	0	0	0	0	0	0	0	0	0	0	0	0	0	0	0	0	
326836	Caudate_L	14650	1138	12564	2638	1840	474	8360	678	242	0	2672	2444	4456	1642	1420	0	536	1258	11126	2678	8104	7608	280	0	0	162	3816	1262	8780	3838	3854	2652	0	248	166	218	746	0	0	0	578	0	0	0	0	0	0	0	0	0	0	0	0	0	0	0	594	0	0	0	364	0	0	0	0	0	0	0	3706	166	0	15474	12346	1514	2410	0	12208	646	594	0	268	0	0	0	0	0	0	0	0	0	0	0	0	0	0	0	0	0	0	0	0	0	0	0	0	0	0	0	0	0	0	0	0	0	0	0	
478456	Caudate_R	1554	11132	4260	23414	170	3676	3042	502	0	184	1424	14618	4552	7954	154	656	556	2732	2956	22280	3408	6240	160	5148	0	2312	1374	4196	5256	18772	3114	21482	0	1728	0	0	0	1314	0	540	158	0	0	0	0	0	0	0	0	0	0	0	0	0	0	994	0	372	0	0	0	0	0	0	0	0	0	0	0	0	15474	0	2818	17368	0	2240	1090	17672	0	182	0	0	0	0	0	0	0	0	0	0	0	0	0	0	0	0	0	0	0	0	0	0	0	0	0	0	0	0	0	0	0	0	0	0	0	0	
301804	Putamen_L	10268	186	24166	666	3908	136	2100	170	1032	0	1052	548	2846	406	3252	0	0	0	18698	526	3804	2002	1874	0	0	0	798	364	22000	614	2334	554	118	0	0	0	9282	0	1232	0	2254	0	0	0	0	0	0	0	0	0	0	0	0	0	1928	0	0	0	0	0	0	0	0	0	0	0	0	0	1490	0	12346	2818	0	216	6192	0	3742	330	0	0	1828	0	448	0	0	0	0	0	2374	0	0	0	0	0	0	0	0	0	0	0	0	0	0	0	0	0	0	0	0	0	0	0	0	0	0	0	
274360	Putamen_R	328	1352	868	12856	0	1634	396	766	0	1060	0	5220	436	1086	0	1250	0	3828	512	9996	0	666	0	3354	0	1580	0	1656	500	24472	604	10504	0	228	0	0	0	10184	0	3208	0	2140	0	0	0	0	0	432	0	0	0	0	0	0	0	7336	0	1296	0	0	0	0	0	0	0	0	0	0	0	0	1514	17368	216	0	0	2470	178	2852	0	284	0	878	0	396	0	162	0	0	0	1114	0	0	0	0	0	0	0	0	0	0	0	0	0	0	0	0	0	0	0	0	0	0	0	0	0	0	
70636	Pallidum_L	7346	0	7758	0	0	0	252	0	0	0	0	0	0	0	0	0	0	0	7304	0	0	0	0	0	0	0	0	0	0	0	0	0	0	0	0	0	812	0	0	0	0	0	0	0	0	0	0	0	0	0	0	0	0	0	0	0	0	0	0	0	0	0	0	0	0	0	0	0	1706	0	2410	0	6192	0	0	0	1538	0	0	0	0	0	0	0	0	0	0	0	0	0	0	0	0	0	0	0	0	0	0	0	0	0	0	0	0	0	0	0	0	0	0	0	0	0	0	0	
24028	Pallidum_R	0	0	0	3322	0	0	0	0	0	0	0	0	0	0	0	0	0	0	0	2276	0	0	0	0	0	0	0	0	0	0	0	0	0	0	0	0	0	628	0	520	0	0	0	0	0	0	0	0	0	0	0	0	0	0	0	202	0	222	0	0	0	0	0	0	0	0	0	0	0	0	0	2240	0	2470	0	0	0	134	0	0	0	0	0	0	0	0	0	0	0	0	0	0	0	0	0	0	0	0	0	0	0	0	0	0	0	0	0	0	0	0	0	0	0	0	0	0	
197464	Thalamus_L	22380	1112	5998	588	0	0	2562	196	0	0	0	0	192	0	0	0	0	138	6632	1450	0	0	0	0	0	0	0	0	2760	314	0	0	0	0	272	1968	5320	2514	1276	2032	0	0	0	0	0	0	222	1590	0	0	0	0	0	0	208	326	402	0	0	0	0	0	0	214	0	0	0	0	11008	752	12208	1090	3742	178	1538	0	0	5206	260	0	0	0	0	0	0	0	0	0	382	126	0	0	0	0	0	0	0	1576	0	0	0	0	0	0	0	0	0	0	0	0	0	0	0	0	0	0	
183500	Thalamus_R	1178	18348	472	14342	0	0	0	1102	0	0	0	0	0	0	0	0	0	0	490	9302	0	0	0	0	0	0	0	0	0	666	0	0	0	0	0	192	284	7566	0	5124	0	0	0	0	0	0	0	2000	0	0	0	0	0	0	0	1650	0	178	0	0	0	0	0	0	0	0	0	0	212	0	646	17672	330	2852	0	134	5206	0	0	0	0	0	0	0	0	0	0	0	0	302	0	0	0	0	0	0	0	1502	0	0	0	0	0	0	0	0	0	0	0	0	0	0	0	0	0	0	
74360	Heschl_L	3074	0	1190	0	0	0	234	0	0	0	0	0	0	0	0	0	4108	0	1168	0	0	0	0	0	0	0	0	0	9308	0	0	0	0	0	612	636	1196	154	0	152	0	0	0	0	0	0	0	0	0	0	694	0	234	0	690	0	1166	0	314	0	122	0	222	0	0	0	0	0	0	0	594	0	0	0	0	0	260	0	0	0	3536	0	0	0	5662	0	0	0	1854	0	0	0	0	0	0	0	0	0	0	0	0	0	0	0	0	0	0	0	0	0	0	0	0	0	0	0	
29084	Heschl_R	0	0	0	380	0	0	0	0	0	0	0	0	0	0	0	0	0	3456	0	344	0	0	0	0	0	0	0	0	0	3490	0	0	0	0	0	0	0	0	0	0	0	0	0	0	0	0	0	0	0	0	0	0	0	0	0	0	0	226	0	0	0	0	0	402	0	0	0	0	0	0	0	182	0	284	0	0	0	0	0	0	0	4558	0	0	0	946	0	0	0	274	0	0	0	0	0	0	0	0	0	0	0	0	0	0	0	0	0	0	0	0	0	0	0	0	0	0	
186088	Temporal_Sup_L	1882	0	4382	0	0	0	260	0	0	0	1686	0	262	0	146	0	6872	0	4332	0	0	0	0	0	0	0	0	0	10654	0	0	0	0	0	0	0	1764	0	0	0	0	0	0	0	0	0	0	0	0	0	1736	0	304	0	1734	0	1302	0	1402	0	1014	0	5014	0	1276	0	0	0	0	0	268	0	1828	0	0	0	0	0	3536	0	0	0	3438	0	23044	0	0	0	14908	0	0	0	0	0	0	0	0	0	0	0	0	0	0	0	0	0	0	0	0	0	0	0	0	0	0	0	
107252	Temporal_Sup_R	0	0	0	260	0	0	0	0	0	0	0	0	0	0	0	604	0	2720	0	262	0	0	0	0	0	0	0	0	0	6872	0	0	0	0	0	0	0	656	0	128	0	0	0	0	0	0	0	0	0	174	0	266	0	414	0	1248	0	2892	0	0	0	226	0	5146	0	3384	0	150	0	636	0	0	0	878	0	0	0	0	0	4558	0	0	0	1176	0	15468	0	778	0	4730	0	0	0	0	0	0	0	0	0	0	0	0	0	0	0	0	0	0	0	0	0	0	0	0	0	0	
54152	Temporal_Pole_Sup_L	0	0	756	0	1354	0	118	0	496	0	1448	0	552	0	1314	0	1390	0	546	0	218	0	0	0	0	0	0	0	3764	0	0	0	0	0	0	0	192	0	264	0	192	0	0	0	0	0	0	0	0	0	0	0	0	0	804	0	0	0	0	0	0	0	0	0	0	0	0	0	0	0	0	0	448	0	0	0	0	0	0	0	3438	0	0	0	4620	0	1602	0	3560	0	0	0	0	0	0	0	0	0	0	0	0	0	0	0	0	0	0	0	0	0	0	0	0	0	0	0	
36996	Temporal_Pole_Sup_R	0	0	0	0	0	0	0	0	0	0	0	0	0	0	0	878	0	374	0	0	0	0	0	0	0	0	0	0	0	432	0	0	0	0	0	0	0	1348	0	1830	0	2576	0	0	0	0	0	0	0	0	0	0	0	0	0	3136	0	0	0	0	0	0	0	0	0	0	0	0	0	0	0	0	0	396	0	0	0	0	0	0	0	1176	0	0	0	1166	0	3248	0	1938	0	0	0	0	0	0	0	0	0	0	0	0	0	0	0	0	0	0	0	0	0	0	0	0	0	0	
354480	Temporal_Mid_L	2800	0	348	0	0	0	530	0	0	0	0	0	0	0	0	0	5674	0	348	0	0	0	0	0	0	0	0	0	6358	0	0	0	124	0	1234	0	0	0	0	0	0	0	1292	0	960	0	314	0	3168	0	37194	0	3222	0	1526	0	5242	0	10944	0	6532	0	9444	0	5898	0	4890	0	2834	0	0	0	0	0	0	0	0	0	5662	0	23044	0	4620	0	0	0	1638	0	31400	0	0	0	0	0	0	0	0	0	0	0	0	0	0	0	0	0	0	0	0	0	0	0	0	0	0	0	
289476	Temporal_Mid_R	0	182	0	0	0	0	0	0	0	0	0	0	0	0	0	0	0	328	0	0	0	0	0	0	0	0	0	0	0	2764	0	0	0	576	0	206	0	672	0	122	0	0	0	1354	0	9752	0	0	0	12378	0	19914	0	4434	0	2774	0	14320	0	5456	0	1676	0	1512	0	5980	0	8712	0	5352	0	0	0	162	0	0	0	0	0	946	0	15468	0	1166	0	0	0	1648	0	26884	0	0	0	0	0	0	0	0	0	0	0	0	0	0	0	0	0	0	0	0	0	0	0	0	0	0	
8548	Temporal_Pole_Mid_L	0	0	0	0	0	0	0	0	0	0	0	0	0	0	0	0	0	0	0	0	0	0	0	0	0	0	0	0	0	0	0	0	0	0	0	0	0	0	0	0	0	0	0	0	0	0	0	0	0	0	0	0	0	0	0	0	0	0	0	0	0	0	0	0	0	0	0	0	0	0	0	0	0	0	0	0	0	0	0	0	0	0	1602	0	1638	0	0	0	1034	0	0	0	0	0	0	0	0	0	0	0	0	0	0	0	0	0	0	0	0	0	0	0	0	0	0	0	
16480	Temporal_Pole_Mid_R	0	0	0	0	0	0	0	0	0	0	0	0	0	0	0	0	0	0	0	0	0	0	0	0	0	0	0	0	0	0	0	0	0	0	0	0	0	0	0	612	0	176	0	0	0	0	0	0	0	0	0	0	0	0	0	528	0	0	0	0	0	0	0	0	0	0	0	0	0	0	0	0	0	0	0	0	0	0	0	0	0	778	0	3248	0	1648	0	0	0	1250	0	0	0	0	0	0	0	0	0	0	0	0	0	0	0	0	0	0	0	0	0	0	0	0	0	0	
259468	Temporal_Inf_L	954	0	2212	0	0	0	338	0	0	0	0	0	0	0	0	0	1340	0	2154	0	0	0	0	0	0	0	0	0	5058	0	0	0	0	0	150	122	7780	0	728	0	1422	0	900	0	424	0	200	0	0	0	8580	0	5492	0	12230	0	958	0	2204	0	2904	0	4726	0	4200	0	940	0	630	0	0	0	2374	0	0	0	382	0	1854	0	14908	0	3560	0	31400	0	1034	0	0	0	4086	0	772	0	0	0	384	0	1554	0	452	0	328	0	0	0	0	0	0	0	0	0	0	0	0	0	
224568	Temporal_Inf_R	276	882	0	382	0	0	0	432	0	0	0	0	0	0	0	0	0	220	0	552	0	0	0	0	0	0	0	0	0	4570	0	0	0	164	440	3288	0	5916	0	538	0	686	0	5510	0	460	0	384	0	946	0	1488	0	14010	0	14994	0	5430	0	270	0	712	0	1182	0	1012	0	6826	354	2176	0	0	0	1114	0	0	126	302	0	274	0	4730	0	1938	0	26884	0	1250	0	0	0	1008	0	0	0	0	0	156	0	402	0	0	0	0	0	0	0	0	0	0	0	0	0	0	0	0	
490268	Cerebelum_Crus1_L	0	0	0	0	0	0	0	0	0	0	0	0	0	0	0	0	0	0	0	0	0	0	0	0	0	0	0	0	0	0	0	0	0	0	0	0	0	0	0	0	0	0	454	0	0	0	11352	3608	0	0	0	0	304	146	26332	2008	0	0	0	0	0	0	0	0	0	0	0	0	0	0	0	0	0	0	0	0	0	0	0	0	0	0	0	0	0	0	0	0	4086	0	0	5542	36694	4472	948	0	17126	440	53872	4832	19346	820	19916	2332	3700	0	1612	0	0	580	5496	9618	8828	266	248	156	
400700	Cerebelum_Crus1_R	0	0	0	0	0	0	0	0	0	0	0	0	0	0	0	0	0	0	0	0	0	0	0	0	0	0	0	0	0	0	0	0	0	0	0	0	0	276	0	354	0	0	0	0	0	0	716	9112	0	0	0	0	0	0	464	22014	0	0	0	0	0	0	0	0	0	0	0	0	0	0	0	0	0	0	0	0	0	0	0	0	0	0	0	0	0	0	0	0	0	1008	5542	0	2742	22882	280	4766	1114	17574	5126	49938	1204	8500	1044	8394	1448	1940	170	0	0	2354	6774	10538	9612	2198	2080	186	
314656	Cerebelum_Crus2_L	0	0	0	0	0	0	0	0	0	0	0	0	0	0	0	0	0	0	0	0	0	0	0	0	0	0	0	0	0	0	0	0	0	0	0	0	0	0	0	0	0	0	0	0	0	0	440	1038	0	0	0	0	0	0	3924	588	0	0	0	0	0	0	0	0	0	0	0	0	0	0	0	0	0	0	0	0	0	0	0	0	0	0	0	0	0	0	0	0	772	0	36694	2742	0	7836	0	0	698	126	8846	1526	38602	2696	30824	1236	5530	0	1448	0	0	0	346	2674	7804	938	0	0	
224416	Cerebelum_Crus2_R	0	0	0	0	0	0	0	0	0	0	0	0	0	0	0	0	0	0	0	0	0	0	0	0	0	0	0	0	0	0	0	0	0	0	0	0	0	0	0	0	0	0	0	0	0	0	0	218	0	0	0	0	0	0	0	742	0	0	0	0	0	0	0	0	0	0	0	0	0	0	0	0	0	0	0	0	0	0	0	0	0	0	0	0	0	0	0	0	0	0	4472	22882	7836	0	0	228	206	1254	1338	5440	5104	18634	2570	18170	994	2332	118	194	0	180	268	1854	12086	2688	2178	222	
30064	Cerebelum_3_L	0	0	0	0	0	0	0	0	0	0	0	0	0	0	0	0	0	0	0	0	0	0	0	0	0	0	0	0	0	0	0	0	0	0	0	0	0	0	158	0	0	0	0	0	0	0	338	356	0	0	0	0	0	0	302	176	0	0	0	0	0	0	0	0	0	0	0	0	0	0	0	0	0	0	0	0	0	0	0	0	0	0	0	0	0	0	0	0	0	0	948	280	0	0	0	0	5462	0	2352	288	0	0	0	0	822	0	0	0	504	1208	1272	566	0	0	0	0	
62208	Cerebelum_3_R	0	0	0	0	0	0	0	0	0	0	0	0	0	0	0	0	0	0	0	0	0	0	0	0	0	0	0	0	0	0	0	0	0	0	0	0	0	148	0	270	0	0	0	0	0	0	0	366	0	0	0	0	0	0	0	2136	0	0	0	0	0	0	0	0	0	0	0	0	0	0	0	0	0	0	0	0	0	0	0	0	0	0	0	0	0	0	0	0	0	0	0	4766	0	228	0	0	218	6818	0	7862	0	0	0	292	0	896	0	0	168	3654	766	464	650	692	710	0	
239636	Cerebelum_4_5_L	0	0	0	0	0	0	0	0	0	0	0	0	0	0	0	0	0	0	0	0	0	0	0	0	0	0	0	0	0	0	0	0	0	0	0	0	694	0	1518	0	0	0	310	0	0	0	13148	654	0	0	0	0	0	0	15590	192	0	0	0	0	0	0	0	0	0	0	0	0	0	0	0	0	0	0	0	0	0	0	0	0	0	0	0	0	0	0	0	0	384	0	17126	1114	698	206	5462	218	0	598	32530	1208	1614	0	670	0	3354	420	1202	0	250	1920	13418	3896	284	0	386	754	
237024	Cerebelum_4_5_R	520	0	0	0	0	0	0	0	0	0	0	0	0	0	0	0	0	0	0	0	0	0	0	0	0	0	0	0	0	0	0	0	0	0	648	2834	1366	6652	362	7266	0	0	0	164	0	0	478	12446	0	0	0	0	0	0	196	11042	0	0	0	0	0	0	0	0	0	0	0	2352	0	0	0	0	0	0	0	0	1576	1502	0	0	0	0	0	0	0	0	0	0	0	156	440	17574	126	1254	0	6818	598	0	540	26412	0	612	0	1130	0	476	0	0	0	2142	8212	500	1014	560	544	0	
454092	Cerebelum_6_L	0	0	0	0	0	0	0	0	0	0	0	0	0	0	0	0	0	0	0	0	0	0	0	0	0	0	0	0	0	0	0	0	0	0	0	0	302	0	954	0	0	0	670	0	0	0	17228	5622	0	0	0	0	390	0	32432	3164	0	0	0	0	0	0	0	0	0	0	0	0	0	0	0	0	0	0	0	0	0	0	0	0	0	0	0	0	0	0	0	0	1554	0	53872	5126	8846	1338	2352	0	32530	540	0	5884	7206	0	5938	800	5192	312	1336	0	0	964	12446	15186	3846	192	282	542	
381900	Cerebelum_6_R	0	0	0	0	0	0	0	0	0	0	0	0	0	0	0	0	0	0	0	0	0	0	0	0	0	0	0	0	0	0	0	0	0	0	0	0	0	404	0	522	0	0	0	0	0	0	782	12194	0	0	0	0	0	584	500	25562	0	0	0	0	0	0	0	0	0	0	0	134	0	0	0	0	0	0	0	0	0	0	0	0	0	0	0	0	0	0	0	0	0	402	4832	49938	1526	5440	288	7862	1208	26412	5884	0	416	3428	472	4448	1714	1700	162	0	0	2950	8788	11838	6850	1714	1718	278	
255880	Cerebelum_7b_L	0	0	0	0	0	0	0	0	0	0	0	0	0	0	0	0	0	0	0	0	0	0	0	0	0	0	0	0	0	0	0	0	0	0	0	0	0	0	480	0	0	0	0	0	0	0	0	134	0	0	0	0	0	0	3008	0	0	0	0	0	0	0	0	0	0	0	0	0	0	0	0	0	0	0	0	0	0	0	0	0	0	0	0	0	0	0	0	0	452	0	19346	1204	38602	5104	0	0	1614	0	7206	416	0	2136	33684	884	5566	0	1130	0	0	0	0	536	5570	868	0	0	
112556	Cerebelum_7b_R	0	0	0	0	0	0	0	0	0	0	0	0	0	0	0	0	0	0	0	0	0	0	0	0	0	0	0	0	0	0	0	0	0	0	0	0	0	0	0	0	0	0	0	0	0	0	0	0	0	0	0	0	0	0	0	546	0	0	0	0	0	0	0	0	0	0	0	0	0	0	0	0	0	0	0	0	0	0	0	0	0	0	0	0	0	0	0	0	0	0	820	8500	2696	18634	0	0	0	612	0	3428	2136	0	1106	13082	0	810	0	0	0	0	246	196	2576	890	0	0	
253892	Cerebelum_8_L	0	0	0	0	0	0	0	0	0	0	0	0	0	0	0	0	0	0	0	0	0	0	0	0	0	0	0	0	0	0	0	0	0	0	0	0	0	0	0	0	0	0	0	0	0	0	246	328	0	0	0	0	0	0	2322	240	0	0	0	0	0	0	0	0	0	0	0	0	0	0	0	0	0	0	0	0	0	0	0	0	0	0	0	0	0	0	0	0	328	0	19916	1044	30824	2570	0	0	670	0	5938	472	33684	1106	0	1776	12790	418	2886	0	0	0	0	748	5154	2534	610	342	
160928	Cerebelum_8_R	0	0	0	0	0	0	0	0	0	0	0	0	0	0	0	0	0	0	0	0	0	0	0	0	0	0	0	0	0	0	0	0	0	0	0	0	0	0	0	0	0	0	0	0	0	0	0	0	0	0	0	0	0	0	0	368	0	0	0	0	0	0	0	0	0	0	0	0	0	0	0	0	0	0	0	0	0	0	0	0	0	0	0	0	0	0	0	0	0	0	2332	8394	1236	18170	0	292	0	1130	800	4448	884	13082	1776	0	880	11626	0	596	0	202	352	960	6394	3390	2414	738	
116972	Cerebelum_9_L	0	0	0	0	0	0	0	0	0	0	0	0	0	0	0	0	0	0	0	0	0	0	0	0	0	0	0	0	0	0	0	0	0	0	0	0	0	0	0	0	0	0	0	0	0	0	0	996	0	0	0	0	0	0	0	860	0	0	0	0	0	0	0	0	0	0	0	0	0	0	0	0	0	0	0	0	0	0	0	0	0	0	0	0	0	0	0	0	0	0	3700	1448	5530	994	822	0	3354	0	5192	1714	5566	0	12790	880	0	644	4560	0	0	274	2020	3086	1952	734	698	672	
98760	Cerebelum_9_R	0	0	0	0	0	0	0	0	0	0	0	0	0	0	0	0	0	0	0	0	0	0	0	0	0	0	0	0	0	0	0	0	0	0	0	0	0	0	0	0	0	0	0	0	0	0	256	0	0	0	0	0	0	0	122	118	0	0	0	0	0	0	0	0	0	0	0	0	0	0	0	0	0	0	0	0	0	0	0	0	0	0	0	0	0	0	0	0	0	0	0	1940	0	2332	0	896	420	476	312	1700	0	810	418	11626	644	0	0	1460	318	1148	824	2876	5172	6324	7030	2158	
31648	Cerebelum_10_L	0	0	0	0	0	0	0	0	0	0	0	0	0	0	0	0	0	0	0	0	0	0	0	0	0	0	0	0	0	0	0	0	0	0	0	0	0	0	170	0	0	0	0	0	0	0	0	160	0	0	0	0	0	0	184	0	0	0	0	0	0	0	0	0	0	0	0	0	0	0	0	0	0	0	0	0	0	0	0	0	0	0	0	0	0	0	0	0	0	0	1612	170	1448	118	0	0	1202	0	1336	162	1130	0	2886	0	4560	0	0	0	0	0	0	494	192	0	0	0	
8500	Cerebelum_10_R	0	0	0	0	0	0	0	0	0	0	0	0	0	0	0	0	0	0	0	0	0	0	0	0	0	0	0	0	0	0	0	0	0	0	0	0	0	0	0	0	0	0	0	0	0	0	0	0	0	0	0	0	0	0	0	0	0	0	0	0	0	0	0	0	0	0	0	0	0	0	0	0	0	0	0	0	0	0	0	0	0	0	0	0	0	0	0	0	0	0	0	0	0	194	0	0	0	0	0	0	0	0	0	596	0	1460	0	0	0	0	0	0	674	658	668	0	
10348	Vermis_1_2	0	0	0	0	0	0	0	0	0	0	0	0	0	0	0	0	0	0	0	0	0	0	0	0	0	0	0	0	0	0	0	0	0	0	0	0	0	0	0	0	0	0	0	0	0	0	0	0	0	0	0	0	0	0	0	0	0	0	0	0	0	0	0	0	0	0	0	0	0	0	0	0	0	0	0	0	0	0	0	0	0	0	0	0	0	0	0	0	0	0	0	0	0	0	504	168	250	0	0	0	0	0	0	0	0	318	0	0	0	2980	342	220	0	140	252	0	
55144	Vermis_3	0	0	0	0	0	0	0	0	0	0	0	0	0	0	0	0	0	0	0	0	0	0	0	0	0	0	0	0	0	0	0	0	0	0	0	0	324	0	340	0	0	0	0	0	0	0	352	0	0	0	0	0	0	0	124	234	0	0	0	0	0	0	0	0	0	0	0	0	0	0	0	0	0	0	0	0	0	0	0	0	0	0	0	0	0	0	0	0	0	0	580	2354	0	180	1208	3654	1920	2142	964	2950	0	0	0	202	274	1148	0	0	2980	0	2390	860	656	758	978	0	
204444	Vermis_4_5	244	0	0	0	0	0	0	0	0	0	0	0	0	0	0	0	0	0	0	0	0	0	0	0	0	0	0	0	0	0	0	0	0	0	1682	2478	712	788	0	756	0	0	724	0	0	0	7118	4854	0	0	0	0	0	0	3992	2516	0	0	0	0	0	0	0	0	0	0	272	2588	0	0	0	0	0	0	0	0	0	0	0	0	0	0	0	0	0	0	0	0	0	0	5496	6774	346	268	1272	766	13418	8212	12446	8788	0	246	0	352	2020	824	0	0	342	2390	0	6924	344	244	652	1374	
220400	Vermis_6	0	0	0	0	0	0	0	0	0	0	0	0	0	0	0	0	0	0	0	0	0	0	0	0	0	0	0	0	0	0	0	0	0	0	0	0	0	0	0	0	0	0	212	0	0	0	4272	8684	0	0	0	0	0	342	2440	5466	0	0	0	0	0	0	0	0	0	0	0	0	0	0	0	0	0	0	0	0	0	0	0	0	0	0	0	0	0	0	0	0	0	0	9618	10538	2674	1854	566	464	3896	500	15186	11838	536	196	748	960	3086	2876	494	0	220	860	6924	0	7348	2440	3110	1852	
213088	Vermis_7	0	0	0	0	0	0	0	0	0	0	0	0	0	0	0	0	0	0	0	0	0	0	0	0	0	0	0	0	0	0	0	0	0	0	0	0	0	0	0	0	0	0	0	0	0	0	874	1436	0	0	0	0	0	156	578	1394	0	0	0	0	0	0	0	0	0	0	0	0	0	0	0	0	0	0	0	0	0	0	0	0	0	0	0	0	0	0	0	0	0	0	8828	9612	7804	12086	0	650	284	1014	3846	6850	5570	2576	5154	6394	1952	5172	192	674	0	656	344	7348	0	8202	6244	654	
90116	Vermis_8	0	0	0	0	0	0	0	0	0	0	0	0	0	0	0	0	0	0	0	0	0	0	0	0	0	0	0	0	0	0	0	0	0	0	0	0	0	0	0	0	0	0	0	0	0	0	0	0	0	0	0	0	0	0	0	134	0	0	0	0	0	0	0	0	0	0	0	0	0	0	0	0	0	0	0	0	0	0	0	0	0	0	0	0	0	0	0	0	0	0	266	2198	938	2688	0	692	0	560	192	1714	868	890	2534	3390	734	6324	0	658	140	758	244	2440	8202	0	7414	1080	
