data	data	541236	249968	1.39095e+06	1.15596e+06	164044	216688	684576	446656	107940	45032	364476	340908	408764	316000	245936	114100	183628	112780	1.04009e+06	852028	111312	134644	521416	471632	51872	137984	76192	130088	595576	377368	550728	666736	281956	581152	176516	195456	267192	264160	25372	109332	55740	52276	159832	215676	138668	186152	142800	162176	182140	201692	369928	163108	133092	44104	208712	213908	340316	188420	51664	35780	105896	74596	87720	82648	124568	78788	193040	206408	127680	72024	469884	806044	423952	526020	70860	20892	246604	226916	83824	24792	210916	92336	77704	58120	285200	233472	26188	36224	238780	220120	264636	137368	186268	99928	16548	18416	128272	58936	236960	152104	107640	42996	101996	82304	54840	51544	9920	1336	11988	18312	58860	99280	101320	39580	39328	13416	
data	data	Precentral_L	Precentral_R	Frontal_Sup_L	Frontal_Sup_R	Frontal_Sup_Orb_L	Frontal_Sup_Orb_R	Frontal_Mid_L	Frontal_Mid_R	Frontal_Mid_Orb_L	Frontal_Mid_Orb_R	Frontal_Inf_Oper_L	Frontal_Inf_Oper_R	Frontal_Inf_Tri_L	Frontal_Inf_Tri_R	Frontal_Inf_Orb_L	Frontal_Inf_Orb_R	Rolandic_Oper_L	Rolandic_Oper_R	Supp_Motor_Area_L	Supp_Motor_Area_R	Olfactory_L	Olfactory_R	Frontal_Sup_Medial_L	Frontal_Sup_Medial_R	Frontal_Med_Orb_L	Frontal_Med_Orb_R	Rectus_L	Rectus_R	Insula_L	Insula_R	Cingulum_Ant_L	Cingulum_Ant_R	Cingulum_Mid_L	Cingulum_Mid_R	Cingulum_Post_L	Cingulum_Post_R	Hippocampus_L	Hippocampus_R	ParaHippocampal_L	ParaHippocampal_R	Amygdala_L	Amygdala_R	Calcarine_L	Calcarine_R	Cuneus_L	Cuneus_R	Lingual_L	Lingual_R	Occipital_Sup_L	Occipital_Sup_R	Occipital_Mid_L	Occipital_Mid_R	Occipital_Inf_L	Occipital_Inf_R	Fusiform_L	Fusiform_R	Postcentral_L	Postcentral_R	Parietal_Sup_L	Parietal_Sup_R	Parietal_Inf_L	Parietal_Inf_R	SupraMarginal_L	SupraMarginal_R	Angular_L	Angular_R	Precuneus_L	Precuneus_R	Paracentral_Lobule_L	Paracentral_Lobule_R	Caudate_L	Caudate_R	Putamen_L	Putamen_R	Pallidum_L	Pallidum_R	Thalamus_L	Thalamus_R	Heschl_L	Heschl_R	Temporal_Sup_L	Temporal_Sup_R	Temporal_Pole_Sup_L	Temporal_Pole_Sup_R	Temporal_Mid_L	Temporal_Mid_R	Temporal_Pole_Mid_L	Temporal_Pole_Mid_R	Temporal_Inf_L	Temporal_Inf_R	Cerebelum_Crus1_L	Cerebelum_Crus1_R	Cerebelum_Crus2_L	Cerebelum_Crus2_R	Cerebelum_3_L	Cerebelum_3_R	Cerebelum_4_5_L	Cerebelum_4_5_R	Cerebelum_6_L	Cerebelum_6_R	Cerebelum_7b_L	Cerebelum_7b_R	Cerebelum_8_L	Cerebelum_8_R	Cerebelum_9_L	Cerebelum_9_R	Cerebelum_10_L	Cerebelum_10_R	Vermis_1_2	Vermis_3	Vermis_4_5	Vermis_6	Vermis_7	Vermis_8	Vermis_9	Vermis_10	
541236	Precentral_L	0	3772	35324	2748	0	0	27642	924	0	0	20322	300	9406	1126	0	0	8488	0	27892	6524	0	0	0	148	0	0	0	0	7514	0	0	160	3974	3636	4878	2892	5574	2098	0	324	0	0	240	0	506	0	0	0	2042	0	3948	0	914	0	720	0	32636	338	0	0	906	0	608	0	768	0	2010	0	9350	0	3466	6752	3360	422	0	0	6926	7332	3494	0	4326	0	0	0	2352	0	0	0	1536	0	0	0	0	0	0	0	0	0	0	0	0	0	0	0	0	0	0	0	0	0	0	0	0	0	0	0	
249968	Precentral_R	3772	0	3924	4954	0	0	1752	12792	0	0	0	4774	0	670	0	0	0	1414	4096	13696	0	0	0	0	0	0	0	0	0	2050	298	0	688	3110	532	5344	1770	3566	0	290	0	0	0	136	0	380	0	142	0	730	0	224	0	0	0	274	1114	17032	0	0	144	1252	0	1290	0	336	0	1320	420	2668	1212	2298	2870	2006	1712	222	3710	3082	0	0	0	1788	0	0	0	2562	0	0	0	6568	0	0	0	0	0	0	0	0	0	0	0	0	0	0	0	0	0	0	0	0	0	0	0	0	0	0	
1.39095e+06	Frontal_Sup_L	35324	3924	0	18958	12202	376	96190	6774	7954	0	15128	5182	22388	2182	21906	0	9840	0	130150	24654	214	0	50688	8348	2668	142	880	0	30308	558	33444	9120	15202	12912	4074	3752	9794	2684	0	270	232	0	0	0	0	0	0	0	0	0	0	0	0	0	206	0	13166	0	0	0	0	0	500	0	0	0	598	142	2086	0	9332	10208	27778	2214	4972	324	14238	4092	2448	0	3672	0	876	0	0	0	0	0	200	0	0	0	0	0	0	0	0	0	0	0	0	0	0	0	0	0	0	0	0	0	0	0	0	0	0	0	
1.15596e+06	Frontal_Sup_R	2748	4954	18958	0	0	16888	5226	64956	0	3776	1934	17966	1572	15242	306	8242	162	6690	30436	79338	1204	1512	12650	43558	328	5636	766	3802	2068	20262	10860	38974	2610	32038	1054	1492	1088	5322	0	734	326	0	0	0	0	0	0	0	0	0	0	0	0	0	0	0	306	144	0	0	0	0	0	0	0	0	0	0	202	0	5684	42854	2382	45982	0	2254	1818	9864	0	142	0	272	0	226	0	0	0	0	0	172	0	0	0	0	0	0	0	0	0	0	0	0	0	0	0	0	0	0	0	0	0	0	0	0	0	0	
164044	Frontal_Sup_Orb_L	0	0	12202	0	0	0	2238	0	16550	0	0	0	1510	0	17084	0	0	0	0	0	2082	0	4686	0	6214	0	6970	0	4614	0	3584	0	0	0	0	0	0	0	0	0	998	0	0	0	0	0	0	0	0	0	0	0	0	0	0	0	0	0	0	0	0	0	0	0	0	0	0	0	0	0	1596	0	1196	0	0	0	0	0	0	0	0	0	498	0	0	0	0	0	0	0	0	0	0	0	0	0	0	0	0	0	0	0	0	0	0	0	0	0	0	0	0	0	0	0	0	0	
216688	Frontal_Sup_Orb_R	0	0	376	16888	0	0	230	2480	0	7742	294	0	166	174	0	8224	0	0	584	1190	3470	5914	0	4512	380	7122	1086	12450	492	1854	862	5536	0	0	0	0	0	0	0	0	580	148	0	0	0	0	0	0	0	0	0	0	0	0	0	0	0	0	0	0	0	0	0	0	0	0	0	0	0	0	4544	9536	2694	8444	190	0	0	0	0	0	0	0	0	182	0	0	0	0	0	0	0	0	0	0	0	0	0	0	0	0	0	0	0	0	0	0	0	0	0	0	0	0	0	0	0	0	
684576	Frontal_Mid_L	27642	1752	96190	5226	2238	230	0	2458	4822	0	22524	2700	49316	1884	15422	0	1302	0	15542	2044	0	0	16852	2466	0	0	0	0	16580	202	12000	3040	3106	3660	2076	1022	3298	868	0	0	0	0	0	0	0	0	0	0	0	0	0	0	0	0	0	0	2108	0	0	0	0	0	0	0	0	0	694	0	0	0	5024	9072	1298	666	412	0	2798	2980	588	0	186	0	0	0	0	0	0	0	0	0	0	0	0	0	0	0	0	0	0	0	0	0	0	0	0	0	0	0	0	0	0	0	0	0	0	0	
446656	Frontal_Mid_R	924	12792	6774	64956	0	2480	2458	0	0	1474	600	11708	510	22752	0	6024	0	650	8324	8756	0	0	1098	5004	0	0	0	0	494	9934	2402	9176	740	7714	0	0	380	1160	0	202	0	0	0	0	0	0	0	0	0	0	0	0	0	0	0	0	274	154	0	0	0	0	0	0	0	0	0	0	0	0	3212	11600	1880	13540	280	420	548	1934	0	0	0	0	0	0	0	0	0	0	0	0	0	0	0	0	0	0	0	0	0	0	0	0	0	0	0	0	0	0	0	0	0	0	0	0	0	0	
107940	Frontal_Mid_Orb_L	0	0	7954	0	16550	0	4822	0	0	0	0	0	2932	0	16228	0	0	0	0	0	186	0	350	0	476	0	692	0	2050	0	672	0	0	0	0	0	0	0	0	0	156	0	0	0	0	0	0	0	0	0	0	0	0	0	0	0	0	0	0	0	0	0	0	0	0	0	0	0	0	0	0	0	456	0	0	0	0	0	0	0	0	0	446	0	0	0	0	0	0	0	0	0	0	0	0	0	0	0	0	0	0	0	0	0	0	0	0	0	0	0	0	0	0	0	0	0	
45032	Frontal_Mid_Orb_R	0	0	0	3776	0	7742	0	1474	0	0	0	0	0	234	0	6380	0	0	0	340	0	0	0	0	0	0	0	198	0	0	0	0	0	0	0	0	0	0	0	0	0	0	0	0	0	0	0	0	0	0	0	0	0	0	0	0	0	0	0	0	0	0	0	0	0	0	0	0	0	0	0	1236	0	1136	0	0	0	0	0	0	0	0	0	0	0	0	0	0	0	0	0	0	0	0	0	0	0	0	0	0	0	0	0	0	0	0	0	0	0	0	0	0	0	0	0	0	
364476	Frontal_Inf_Oper_L	20322	0	15128	1934	0	294	22524	600	0	0	0	2764	28708	1116	482	0	8734	0	7964	194	0	0	830	1192	0	0	0	0	23084	2156	1114	1068	0	180	0	0	456	0	0	0	0	0	0	0	0	0	0	0	0	0	0	0	0	0	0	0	4350	0	0	0	0	0	0	0	0	0	0	0	0	0	16182	10762	2308	376	762	0	210	0	1368	0	3224	0	1852	0	0	0	0	0	0	0	0	0	0	0	0	0	0	0	0	0	0	0	0	0	0	0	0	0	0	0	0	0	0	0	0	0	
340908	Frontal_Inf_Oper_R	300	4774	5182	17966	0	0	2700	11708	0	0	2764	0	3270	23614	136	152	0	5800	8924	12096	0	0	1724	1118	0	0	0	0	1800	16838	2554	8964	1458	8876	0	0	0	402	0	0	0	0	0	0	0	0	0	0	0	0	0	0	0	0	0	0	0	2440	0	0	0	0	0	0	0	0	0	0	0	0	2440	12198	362	8596	204	0	0	192	0	0	0	748	0	154	0	0	0	0	0	0	0	0	0	0	0	0	0	0	0	0	0	0	0	0	0	0	0	0	0	0	0	0	0	0	0	0	
408764	Frontal_Inf_Tri_L	9406	0	22388	1572	1510	166	49316	510	2932	0	28708	3270	0	1616	15202	0	538	0	4880	236	0	0	2490	816	0	0	0	0	30426	2608	3746	1550	370	270	0	0	252	0	0	0	0	0	0	0	0	0	0	0	0	0	0	0	0	0	0	0	0	0	0	0	0	0	0	0	0	0	0	0	0	0	8056	8622	1384	266	684	0	0	0	0	0	176	0	416	0	0	0	0	0	0	0	0	0	0	0	0	0	0	0	0	0	0	0	0	0	0	0	0	0	0	0	0	0	0	0	0	0	
316000	Frontal_Inf_Tri_R	1126	670	2182	15242	0	174	1884	22752	0	234	1116	23614	1616	0	0	4358	0	0	5514	7416	0	0	1502	2148	0	0	0	0	922	16000	2572	12704	1366	9778	0	0	0	0	0	0	0	0	0	0	0	0	0	0	0	0	0	0	0	0	0	0	0	0	0	0	0	0	0	0	0	0	0	0	0	0	2594	14444	524	5548	0	0	0	0	0	0	0	0	0	0	0	0	0	0	0	0	0	0	0	0	0	0	0	0	0	0	0	0	0	0	0	0	0	0	0	0	0	0	0	0	0	0	
245936	Frontal_Inf_Orb_L	0	0	21906	306	17084	0	15422	0	16228	0	482	136	15202	0	0	0	0	0	1150	0	1968	0	2528	0	158	0	1034	0	17762	0	3470	374	348	0	0	0	0	0	0	0	1098	0	0	0	0	0	0	0	0	0	0	0	0	0	0	0	0	0	0	0	0	0	0	0	0	0	0	0	0	0	1362	212	2762	0	0	0	0	0	0	0	0	0	1976	0	0	0	0	0	0	0	0	0	0	0	0	0	0	0	0	0	0	0	0	0	0	0	0	0	0	0	0	0	0	0	0	0	
114100	Frontal_Inf_Orb_R	0	0	0	8242	0	8224	0	6024	0	6380	0	152	0	4358	0	0	0	0	0	1188	176	1594	0	0	0	0	0	1386	0	7654	0	208	0	0	0	0	0	0	0	236	0	0	0	0	0	0	0	0	0	0	0	0	0	0	0	0	0	0	0	0	0	0	0	0	0	0	0	0	0	0	384	5432	292	4786	0	0	0	0	0	0	0	0	0	334	0	0	0	0	0	0	0	0	0	0	0	0	0	0	0	0	0	0	0	0	0	0	0	0	0	0	0	0	0	0	0	0	
183628	Rolandic_Oper_L	8488	0	9840	162	0	0	1302	0	0	0	8734	0	538	0	0	0	0	0	5408	0	0	0	0	0	0	0	0	0	15568	0	0	0	0	0	0	0	470	0	0	0	0	0	0	0	0	0	0	0	0	0	300	0	214	0	134	0	13430	0	0	0	0	0	2556	0	0	0	176	0	174	0	3764	612	440	0	0	0	248	0	3400	0	12844	0	1400	0	968	0	0	0	644	0	0	0	0	0	0	0	0	0	0	0	0	0	0	0	0	0	0	0	0	0	0	0	0	0	0	0	
112780	Rolandic_Oper_R	0	1414	0	6690	0	0	0	650	0	0	0	5800	0	0	0	0	0	0	0	5136	0	0	0	0	0	0	0	0	0	15594	0	0	0	0	0	0	0	2188	0	158	0	0	0	0	0	0	0	0	0	0	0	0	0	0	0	598	0	3322	0	0	0	0	0	1460	0	0	0	0	0	0	0	140	0	5748	0	0	0	0	0	2688	0	4114	0	192	0	182	0	0	0	316	0	0	0	0	0	0	0	0	0	0	0	0	0	0	0	0	0	0	0	0	0	0	0	0	0	0	
1.04009e+06	Supp_Motor_Area_L	27892	4096	130150	30436	0	584	15542	8324	0	0	7964	8924	4880	5514	1150	0	5408	0	0	56794	0	0	16790	6668	0	0	0	0	12102	1722	14004	11278	22552	27008	3136	3032	6122	1768	0	208	0	0	0	0	0	0	0	0	0	0	0	0	0	0	160	0	8100	0	0	0	134	0	266	0	0	0	888	0	5812	202	8128	12330	20678	3752	5398	446	11094	3390	2002	0	2624	0	354	0	0	0	0	0	238	0	0	0	0	0	0	0	0	0	0	0	0	0	0	0	0	0	0	0	0	0	0	0	0	0	0	0	
852028	Supp_Motor_Area_R	6524	13696	24654	79338	0	1190	2044	8756	0	340	194	12096	236	7416	0	1188	0	5136	56794	0	0	0	4772	13652	0	0	0	0	232	11632	3140	15712	9460	52010	1302	12030	1030	2768	0	406	0	0	0	292	0	438	0	0	0	760	0	204	0	0	0	0	262	454	0	0	0	0	0	0	0	0	0	1858	1200	6554	1096	23996	1078	24408	0	1890	944	8232	184	0	0	322	0	214	0	1350	0	0	0	2530	0	0	0	0	0	0	0	0	0	0	0	0	0	0	0	0	0	0	0	0	0	0	0	0	0	0	
111312	Olfactory_L	0	0	214	1204	2082	3470	0	0	186	0	0	0	0	0	1968	176	0	0	0	0	0	7032	0	142	220	456	3186	4842	3790	258	2682	2502	0	0	0	0	152	0	324	0	2116	148	0	0	0	0	0	0	0	0	0	0	0	0	0	0	0	0	0	0	0	0	0	0	0	0	0	0	0	0	9720	2136	5872	286	0	0	0	0	0	0	0	0	492	0	0	0	0	0	0	0	0	0	0	0	0	0	0	0	0	0	0	0	0	0	0	0	0	0	0	0	0	0	0	0	0	0	
134644	Olfactory_R	0	0	0	1512	0	5914	0	0	0	0	0	0	0	0	0	1594	0	0	0	0	7032	0	0	208	0	1398	2398	7766	366	1874	2774	3726	0	0	0	0	0	0	0	450	1238	826	0	0	0	0	0	0	0	0	0	0	0	0	0	0	0	0	0	0	0	0	0	0	0	0	0	0	0	0	11438	7672	7664	596	510	0	0	0	0	0	0	0	0	366	0	0	0	0	0	0	0	0	0	0	0	0	0	0	0	0	0	0	0	0	0	0	0	0	0	0	0	0	0	0	0	0	
521416	Frontal_Sup_Medial_L	0	0	50688	12650	4686	0	16852	1098	350	0	830	1724	2490	1502	2528	0	0	0	16790	4772	0	0	0	26532	3144	1024	688	0	4610	914	47194	25222	11922	12972	0	0	0	0	0	0	0	0	0	0	0	0	0	0	0	0	0	0	0	0	0	0	0	0	0	0	0	0	0	0	0	0	0	0	0	0	1452	3212	3946	916	0	0	0	0	0	0	0	0	0	0	0	0	0	0	0	0	0	0	0	0	0	0	0	0	0	0	0	0	0	0	0	0	0	0	0	0	0	0	0	0	0	0	
471632	Frontal_Sup_Medial_R	148	0	8348	43558	0	4512	2466	5004	0	0	1192	1118	816	2148	0	0	0	0	6668	13652	142	208	26532	0	932	10992	0	1384	1006	1152	14074	37836	1516	18782	0	0	0	0	0	0	0	0	0	0	0	0	0	0	0	0	0	0	0	0	0	0	0	0	0	0	0	0	0	0	0	0	0	0	0	0	1668	17068	294	12600	0	0	0	0	0	0	0	0	0	0	0	0	0	0	0	0	0	0	0	0	0	0	0	0	0	0	0	0	0	0	0	0	0	0	0	0	0	0	0	0	0	0	
51872	Frontal_Med_Orb_L	0	0	2668	328	6214	380	0	0	476	0	0	0	0	0	158	0	0	0	0	0	220	0	3144	932	0	1908	3324	242	0	0	4752	460	0	0	0	0	0	0	0	0	0	0	0	0	0	0	0	0	0	0	0	0	0	0	0	0	0	0	0	0	0	0	0	0	0	0	0	0	0	0	246	186	298	0	0	0	0	0	0	0	0	0	0	0	0	0	0	0	0	0	0	0	0	0	0	0	0	0	0	0	0	0	0	0	0	0	0	0	0	0	0	0	0	0	0	0	
137984	Frontal_Med_Orb_R	0	0	142	5636	0	7122	0	0	0	0	0	0	0	0	0	0	0	0	0	0	456	1398	1024	10992	1908	0	182	9084	0	0	3946	9680	0	0	0	0	0	0	0	0	0	0	0	0	0	0	0	0	0	0	0	0	0	0	0	0	0	0	0	0	0	0	0	0	0	0	0	0	0	0	500	8914	340	7668	0	0	0	0	0	0	0	0	0	0	0	0	0	0	0	0	0	0	0	0	0	0	0	0	0	0	0	0	0	0	0	0	0	0	0	0	0	0	0	0	0	0	
76192	Rectus_L	0	0	880	766	6970	1086	0	0	692	0	0	0	0	0	1034	0	0	0	0	0	3186	2398	688	0	3324	182	0	1850	670	0	4764	1838	0	0	0	0	0	0	0	0	1218	0	0	0	0	0	0	0	0	0	0	0	0	0	0	0	0	0	0	0	0	0	0	0	0	0	0	0	0	0	3746	940	1696	0	0	0	0	0	0	0	0	0	168	0	0	0	0	0	0	0	0	0	0	0	0	0	0	0	0	0	0	0	0	0	0	0	0	0	0	0	0	0	0	0	0	0	
130088	Rectus_R	0	0	0	3802	0	12450	0	0	0	198	0	0	0	0	0	1386	0	0	0	0	4842	7766	0	1384	242	9084	1850	0	198	384	1724	5252	0	0	0	0	0	0	0	0	694	140	0	0	0	0	0	0	0	0	0	0	0	0	0	0	0	0	0	0	0	0	0	0	0	0	0	0	0	0	5446	3700	3248	1046	208	0	0	0	0	0	0	0	0	0	0	0	0	0	0	0	0	0	0	0	0	0	0	0	0	0	0	0	0	0	0	0	0	0	0	0	0	0	0	0	0	0	
595576	Insula_L	7514	0	30308	2068	4614	492	16580	494	2050	0	23084	1800	30426	922	17762	0	15568	0	12102	232	3790	366	4610	1006	0	0	670	198	0	812	7878	1766	470	202	716	0	10298	0	612	0	3106	0	0	0	0	0	188	0	0	0	964	0	1198	0	2872	0	6428	0	0	0	0	0	188	0	0	0	548	0	0	0	18364	8686	23308	290	798	0	2012	0	8132	0	8536	0	5230	0	2942	0	0	0	4588	0	0	0	0	0	0	0	0	0	0	0	0	0	0	0	0	0	0	0	0	0	0	0	0	0	0	0	
377368	Insula_R	0	2050	558	20262	0	1854	202	9934	0	0	2156	16838	2608	16000	0	7654	0	15594	1722	11632	258	1874	914	1152	0	0	0	384	812	0	2000	5708	156	2014	0	0	0	4146	0	710	0	1136	0	0	0	0	0	0	0	0	0	0	0	0	0	1738	0	2358	0	0	0	0	0	194	0	0	0	0	0	0	2718	13062	804	27074	0	0	0	592	0	1982	0	3994	0	1102	0	1026	0	0	0	1712	0	0	0	0	0	0	0	0	0	0	0	0	0	0	0	0	0	0	0	0	0	0	0	0	0	0	
550728	Cingulum_Ant_L	0	298	33444	10860	3584	862	12000	2402	672	0	1114	2554	3746	2572	3470	0	0	0	14004	3140	2682	2774	47194	14074	4752	3946	4764	1724	7878	2000	0	35108	12830	8048	502	0	0	0	0	0	758	0	0	0	0	0	0	0	0	0	0	0	0	0	0	0	0	0	0	0	0	0	0	0	0	0	0	0	0	0	8922	9328	10696	2486	0	0	176	0	0	0	0	0	0	0	0	0	0	0	0	0	0	0	0	0	0	0	0	0	0	0	0	0	0	0	0	0	0	0	0	0	0	0	0	0	0	0	
666736	Cingulum_Ant_R	160	0	9120	38974	0	5536	3040	9176	0	0	1068	8964	1550	12704	374	208	0	0	11278	15712	2502	3726	25222	37836	460	9680	1838	5252	1766	5708	35108	0	4032	31964	0	0	0	0	0	0	610	0	0	0	0	0	0	0	0	0	0	0	0	0	0	0	0	0	0	0	0	0	0	0	0	0	0	0	0	0	5148	27944	2286	14422	0	0	0	0	0	0	0	0	0	0	0	0	0	0	0	0	0	0	0	0	0	0	0	0	0	0	0	0	0	0	0	0	0	0	0	0	0	0	0	0	0	0	
281956	Cingulum_Mid_L	3974	688	15202	2610	0	0	3106	740	0	0	0	1458	370	1366	348	0	0	0	22552	9460	0	0	11922	1516	0	0	0	0	470	156	12830	4032	0	15526	7596	2562	424	0	0	0	0	0	272	0	422	0	0	0	164	0	806	0	0	0	0	0	150	0	0	0	0	0	326	0	562	0	3794	396	10860	1088	0	574	530	294	0	0	200	140	0	0	0	0	0	0	946	0	0	0	546	0	0	0	0	0	0	0	0	0	0	0	0	0	0	0	0	0	0	0	0	0	0	0	0	0	0	0	
581152	Cingulum_Mid_R	3636	3110	12912	32038	0	0	3660	7714	0	0	180	8876	270	9778	0	0	0	0	27008	52010	0	0	12972	18782	0	0	0	0	202	2014	8048	31964	15526	0	1388	9272	882	168	0	0	0	0	0	462	0	1302	0	0	0	820	0	274	0	0	0	0	264	160	0	0	0	0	0	0	0	0	604	4056	594	4180	276	7056	314	1060	0	0	876	4572	352	0	0	0	0	0	0	382	0	0	0	562	0	0	0	0	0	0	0	0	0	0	0	0	0	0	0	0	0	0	0	0	0	0	0	0	0	0	
176516	Cingulum_Post_L	4878	532	4074	1054	0	0	2076	0	0	0	0	0	0	0	0	0	0	0	3136	1302	0	0	0	0	0	0	0	0	716	0	502	0	7596	1388	0	6098	10156	3460	694	0	0	0	1546	0	1388	0	392	0	142	0	1728	0	758	0	800	0	896	0	0	0	144	0	396	0	830	0	8030	0	8168	188	346	522	448	0	0	0	7074	3256	752	0	0	0	0	0	1430	0	0	0	1362	0	0	0	0	0	0	0	0	0	0	0	0	0	0	0	0	0	0	0	0	0	0	0	0	0	0	0	
195456	Cingulum_Post_R	2892	5344	3752	1492	0	0	1022	0	0	0	0	0	0	0	0	0	0	0	3032	12030	0	0	0	0	0	0	0	0	0	0	0	0	2562	9272	6098	0	2782	8566	0	2398	0	0	0	1328	0	196	0	2378	0	634	0	326	0	0	0	502	0	698	0	0	0	0	0	0	0	0	0	6140	510	4282	746	1696	316	0	0	0	6662	7376	0	0	0	0	0	0	0	1120	0	0	0	1576	0	0	0	0	0	0	0	0	0	0	0	0	0	0	0	0	0	0	0	0	0	0	0	0	0	0	
267192	Hippocampus_L	5574	1770	9794	1088	0	0	3298	380	0	0	456	0	252	0	0	0	470	0	6122	1030	152	0	0	0	0	0	0	0	10298	0	0	0	424	882	10156	2782	0	2656	6098	136	4914	0	560	0	192	0	1334	168	0	0	260	0	426	0	6866	0	978	518	0	0	0	0	0	0	0	0	5650	0	1664	0	1206	1216	13684	0	828	0	12392	3104	3062	0	1470	0	628	0	592	0	0	0	8066	0	0	0	0	0	0	0	0	0	0	0	0	0	0	0	0	0	0	0	0	0	0	0	0	0	0	0	
264160	Hippocampus_R	2098	3566	2684	5322	0	0	868	1160	0	0	0	402	0	0	0	0	0	2188	1768	2768	0	0	0	0	0	0	0	0	0	4146	0	0	0	168	3460	8566	2656	0	0	17358	0	7892	0	1056	0	0	0	5138	0	0	0	0	0	0	0	20608	200	2048	0	0	0	0	0	292	0	0	0	4752	0	0	300	674	508	10468	0	0	3864	7352	0	288	0	432	0	284	0	304	0	0	0	6442	0	0	0	0	0	0	0	0	0	0	0	0	0	0	0	0	0	0	0	0	0	0	0	0	0	0	
25372	ParaHippocampal_L	0	0	0	0	0	0	0	0	0	0	0	0	0	0	0	0	0	0	0	0	324	0	0	0	0	0	0	0	612	0	0	0	0	0	694	0	6098	0	0	0	1006	0	0	0	0	0	784	0	0	0	0	0	0	0	1048	0	0	0	0	0	0	0	0	0	0	0	644	0	0	0	0	0	650	0	0	0	360	0	0	0	0	0	190	0	0	0	0	0	276	0	0	0	0	0	0	0	0	0	0	0	0	0	0	0	0	0	0	0	0	0	0	0	0	0	0	0	
109332	ParaHippocampal_R	324	290	270	734	0	0	0	202	0	0	0	0	0	0	0	236	0	158	208	406	0	450	0	0	0	0	0	0	0	710	0	0	0	0	0	2398	136	17358	0	0	0	5068	0	306	0	0	0	4130	0	0	0	0	0	0	0	9146	0	248	0	0	0	0	0	0	0	0	0	2412	0	0	0	440	0	2378	0	0	182	1996	0	0	0	0	0	2056	0	0	0	1744	0	498	0	0	0	0	0	0	0	182	0	0	0	0	0	0	0	0	0	0	0	0	0	0	0	0	0	0	
55740	Amygdala_L	0	0	232	326	998	580	0	0	156	0	0	0	0	0	1098	0	0	0	0	0	2116	1238	0	0	0	0	1218	694	3106	0	758	610	0	0	0	0	4914	0	1006	0	0	0	0	0	0	0	0	0	0	0	0	0	0	0	1700	0	0	0	0	0	0	0	0	0	0	0	0	0	0	0	1652	718	2986	0	0	0	206	0	0	0	0	0	642	0	0	0	0	0	916	0	0	0	0	0	0	0	0	0	0	0	0	0	0	0	0	0	0	0	0	0	0	0	0	0	0	0	
52276	Amygdala_R	0	0	0	0	0	148	0	0	0	0	0	0	0	0	0	0	0	0	0	0	148	826	0	0	0	0	0	140	0	1136	0	0	0	0	0	0	0	7892	0	5068	0	0	0	0	0	0	0	0	0	0	0	0	0	0	0	5674	0	0	0	0	0	0	0	0	0	0	0	0	0	0	174	216	172	860	0	0	0	466	0	0	0	0	0	1450	0	0	0	718	0	1050	0	0	0	0	0	0	0	0	0	0	0	0	0	0	0	0	0	0	0	0	0	0	0	0	0	0	
159832	Calcarine_L	240	0	0	0	0	0	0	0	0	0	0	0	0	0	0	0	0	0	0	0	0	0	0	0	0	0	0	0	0	0	0	0	272	0	1546	0	560	0	0	0	0	0	0	1452	10084	640	6426	904	10328	414	18158	326	5104	0	2684	314	1662	0	0	0	0	0	0	0	238	0	13326	0	2452	0	0	0	0	0	0	0	0	0	0	0	212	0	0	0	1690	0	0	0	884	0	0	0	0	0	0	0	0	0	0	0	0	0	0	0	0	0	0	0	0	0	0	0	0	0	0	0	
215676	Calcarine_R	0	136	0	0	0	0	0	0	0	0	0	0	0	0	0	0	0	0	0	292	0	0	0	0	0	0	0	0	0	0	0	0	0	462	0	1328	0	1056	0	306	0	0	1452	0	1552	17358	0	17110	0	16036	0	15438	0	6322	0	11128	0	230	0	0	0	0	0	0	0	0	248	10646	0	274	0	0	0	0	0	0	0	0	0	0	0	0	0	0	0	3976	0	0	0	2488	0	0	0	0	0	0	0	0	0	0	0	0	0	0	0	0	0	0	0	0	0	0	0	0	0	0	
138668	Cuneus_L	506	0	0	0	0	0	0	0	0	0	0	0	0	0	0	0	0	0	0	0	0	0	0	0	0	0	0	0	0	0	0	0	422	0	1388	0	192	0	0	0	0	0	10084	1552	0	3036	1852	0	14086	926	11654	198	2484	0	1012	0	2146	0	668	0	434	0	0	0	264	0	11122	0	3478	0	0	0	0	0	0	0	0	0	0	0	202	0	0	0	1000	0	0	0	628	0	0	0	0	0	0	0	0	0	0	0	0	0	0	0	0	0	0	0	0	0	0	0	0	0	0	0	
186152	Cuneus_R	0	380	0	0	0	0	0	0	0	0	0	0	0	0	0	0	0	0	0	438	0	0	0	0	0	0	0	0	0	0	0	0	0	1302	0	196	0	0	0	0	0	0	640	17358	3036	0	0	4158	0	26166	0	10758	0	252	0	2062	0	606	0	320	0	0	0	0	0	0	1028	13092	0	860	0	0	0	0	0	0	0	0	0	0	0	0	0	0	0	5390	0	0	0	5034	0	0	0	0	0	0	0	0	0	0	0	0	0	0	0	0	0	0	0	0	0	0	0	0	0	0	
142800	Lingual_L	0	0	0	0	0	0	0	0	0	0	0	0	0	0	0	0	0	0	0	0	0	0	0	0	0	0	0	0	188	0	0	0	0	0	392	0	1334	0	784	0	0	0	6426	0	1852	0	0	272	5848	0	9554	0	5222	0	9152	0	206	0	0	0	0	0	0	0	0	0	2678	0	0	0	0	0	0	0	0	0	0	0	0	0	0	0	0	0	380	0	0	0	352	0	5750	192	674	0	392	0	6924	0	9520	390	0	0	0	0	244	0	0	0	0	152	334	1384	804	0	0	0	
162176	Lingual_R	0	142	0	0	0	0	0	0	0	0	0	0	0	0	0	0	0	0	0	0	0	0	0	0	0	0	0	0	0	0	0	0	0	0	0	2378	168	5138	0	4130	0	0	904	17110	0	4158	272	0	0	6002	0	4324	0	1796	0	9378	0	158	0	0	0	0	0	0	0	0	0	6122	0	0	0	0	0	0	0	0	286	1152	0	0	0	0	0	0	0	1076	0	0	0	598	1382	1788	888	188	0	404	214	1290	1104	4380	0	0	0	0	150	0	0	0	0	0	1252	2442	314	0	0	0	
182140	Occipital_Sup_L	2042	0	0	0	0	0	0	0	0	0	0	0	0	0	0	0	0	0	0	0	0	0	0	0	0	0	0	0	0	0	0	0	164	0	142	0	0	0	0	0	0	0	10328	0	14086	0	5848	0	0	0	32062	0	6928	0	3292	0	724	0	1756	0	1488	0	326	0	1044	0	3532	0	790	0	0	0	0	0	0	0	0	0	0	0	132	0	0	0	3824	0	0	0	2562	0	0	0	0	0	0	0	0	0	0	0	0	0	0	0	0	0	0	0	0	0	0	0	0	0	0	0	
201692	Occipital_Sup_R	0	730	0	0	0	0	0	0	0	0	0	0	0	0	0	0	0	0	0	760	0	0	0	0	0	0	0	0	0	0	0	0	0	820	0	634	0	0	0	0	0	0	414	16036	926	26166	0	6002	0	0	0	14594	0	778	0	2874	0	990	0	194	0	0	0	0	0	262	0	12076	0	1382	0	0	0	0	0	0	0	0	0	0	0	0	0	0	0	8030	0	0	0	7178	0	0	0	0	0	0	0	0	0	0	0	0	0	0	0	0	0	0	0	0	0	0	0	0	0	0	
369928	Occipital_Mid_L	3948	0	0	0	0	0	0	0	0	0	0	0	0	0	0	0	300	0	0	0	0	0	0	0	0	0	0	0	964	0	0	0	806	0	1728	0	260	0	0	0	0	0	18158	0	11654	0	9554	0	32062	0	0	0	18812	0	7810	0	4388	0	4978	0	7086	0	2012	0	20876	0	8660	0	1102	0	0	0	0	0	0	0	0	0	186	0	1064	0	0	0	19514	0	0	0	9042	0	0	0	0	0	0	0	0	0	0	0	0	0	0	0	0	0	0	0	0	0	0	0	0	0	0	0	
163108	Occipital_Mid_R	0	224	0	0	0	0	0	0	0	0	0	0	0	0	0	0	0	0	0	204	0	0	0	0	0	0	0	0	0	0	0	0	0	274	0	326	0	0	0	0	0	0	326	15438	198	10758	0	4324	0	14594	0	0	0	3156	0	3914	0	176	0	0	0	186	0	218	0	8470	0	3996	0	156	0	0	0	0	0	0	0	0	0	0	0	862	0	0	0	11930	0	0	0	1824	0	0	0	0	0	0	0	0	0	0	0	0	0	0	0	0	0	0	0	0	0	0	0	0	0	0	
133092	Occipital_Inf_L	914	0	0	0	0	0	0	0	0	0	0	0	0	0	0	0	214	0	0	0	0	0	0	0	0	0	0	0	1198	0	0	0	0	0	758	0	426	0	0	0	0	0	5104	0	2484	0	5222	0	6928	0	18812	0	0	0	8338	0	1496	0	176	0	0	0	0	0	0	0	5000	0	324	0	0	0	0	0	0	0	0	0	504	0	280	0	0	0	4220	0	0	0	4148	0	0	0	0	0	0	0	0	0	0	0	0	0	0	0	0	0	0	0	0	0	0	0	0	0	0	0	
44104	Occipital_Inf_R	0	0	0	0	0	0	0	0	0	0	0	0	0	0	0	0	0	0	0	0	0	0	0	0	0	0	0	0	0	0	0	0	0	0	0	0	0	0	0	0	0	0	0	6322	0	252	0	1796	0	778	0	3156	0	0	0	4792	0	0	0	0	0	0	0	0	0	0	0	654	0	0	0	0	0	0	0	0	0	0	0	0	0	0	0	0	0	636	0	0	0	3666	0	0	0	0	0	0	0	0	0	0	0	0	0	0	0	0	0	0	0	0	0	0	0	0	0	0	
208712	Fusiform_L	720	0	206	0	0	0	0	0	0	0	0	0	0	0	0	0	134	0	160	0	0	0	0	0	0	0	0	0	2872	0	0	0	0	0	800	0	6866	0	1048	0	1700	0	2684	0	1012	0	9152	0	3292	0	7810	0	8338	0	0	0	1094	0	0	0	0	0	0	0	0	0	2636	0	0	0	0	0	656	0	0	0	1096	0	1320	0	2624	0	218	0	1868	0	516	0	12268	0	10764	0	2410	0	0	0	4224	0	12964	0	1592	0	368	0	176	0	0	0	0	0	0	540	228	0	0	0	
213908	Fusiform_R	0	274	0	0	0	0	0	0	0	0	0	0	0	0	0	0	0	598	0	0	0	0	0	0	0	0	0	0	0	1738	0	0	0	0	0	502	0	20608	0	9146	0	5674	314	11128	0	2062	0	9378	0	2874	0	3914	0	4792	0	0	0	212	0	0	0	0	0	0	0	0	0	1852	0	0	0	0	0	3006	0	0	0	346	0	0	0	774	0	3626	0	2554	0	2512	0	10550	0	3030	0	0	0	0	0	970	0	3802	0	0	0	0	0	0	0	0	0	0	282	436	0	0	0	0	
340316	Postcentral_L	32636	1114	13166	306	0	0	2108	274	0	0	4350	0	0	0	0	0	13430	0	8100	262	0	0	0	0	0	0	0	0	6428	0	0	0	150	264	896	0	978	200	0	0	0	0	1662	0	2146	0	206	0	724	0	4388	0	1496	0	1094	0	0	488	4358	0	17932	0	12310	0	4752	0	2752	0	1846	0	184	1146	766	0	0	0	370	1278	3912	0	9894	0	0	0	6516	0	0	0	5276	0	0	0	0	0	0	0	0	0	0	0	0	0	0	0	0	0	0	0	0	0	0	0	0	0	0	0	
188420	Postcentral_R	338	17032	0	144	0	0	0	154	0	0	0	2440	0	0	0	0	0	3322	0	454	0	0	0	0	0	0	0	0	0	2358	0	0	0	160	0	698	518	2048	0	248	0	0	0	230	0	606	0	158	0	990	0	176	0	0	0	212	488	0	0	4448	0	9830	0	12948	0	2796	0	5198	0	5342	0	676	628	1746	532	0	872	1330	0	210	0	2154	0	0	0	6370	0	0	0	6356	0	0	0	0	0	0	0	0	0	0	0	0	0	0	0	0	0	0	0	0	0	0	0	0	0	0	
51664	Parietal_Sup_L	0	0	0	0	0	0	0	0	0	0	0	0	0	0	0	0	0	0	0	0	0	0	0	0	0	0	0	0	0	0	0	0	0	0	0	0	0	0	0	0	0	0	0	0	668	0	0	0	1756	0	4978	0	176	0	0	0	4358	0	0	0	2788	0	218	0	2002	0	5288	0	466	0	0	0	0	0	0	0	0	0	0	0	0	0	0	0	1686	0	0	0	1448	0	0	0	0	0	0	0	0	0	0	0	0	0	0	0	0	0	0	0	0	0	0	0	0	0	0	0	
35780	Parietal_Sup_R	0	0	0	0	0	0	0	0	0	0	0	0	0	0	0	0	0	0	0	0	0	0	0	0	0	0	0	0	0	0	0	0	0	0	0	0	0	0	0	0	0	0	0	0	0	320	0	0	0	194	0	0	0	0	0	0	0	4448	0	0	0	3950	0	2146	0	1216	560	4876	0	0	0	0	0	0	0	0	0	0	0	0	0	0	0	0	0	180	0	0	0	0	0	0	0	0	0	0	0	0	0	0	0	0	0	0	0	0	0	0	0	0	0	0	0	0	0	0	
105896	Parietal_Inf_L	906	144	0	0	0	0	0	0	0	0	0	0	0	0	0	0	0	0	134	0	0	0	0	0	0	0	0	0	0	0	0	0	0	0	144	0	0	0	0	0	0	0	0	0	434	0	0	0	1488	0	7086	0	0	0	0	0	17932	0	2788	0	0	0	8596	0	9246	0	0	0	0	0	0	0	0	0	0	0	0	0	0	0	236	0	0	0	2300	0	0	0	1514	0	0	0	0	0	0	0	0	0	0	0	0	0	0	0	0	0	0	0	0	0	0	0	0	0	0	0	
74596	Parietal_Inf_R	0	1252	0	0	0	0	0	0	0	0	0	0	0	0	0	0	0	0	0	0	0	0	0	0	0	0	0	0	0	0	0	0	0	0	0	0	0	0	0	0	0	0	0	0	0	0	0	0	0	0	0	186	0	0	0	0	0	9830	0	3950	0	0	0	12262	0	6578	0	0	0	0	0	0	0	0	0	0	0	0	0	0	0	1246	0	0	0	1640	0	0	0	354	0	0	0	0	0	0	0	0	0	0	0	0	0	0	0	0	0	0	0	0	0	0	0	0	0	0	
87720	SupraMarginal_L	608	0	500	0	0	0	0	0	0	0	0	0	0	0	0	0	2556	0	266	0	0	0	0	0	0	0	0	0	188	0	0	0	326	0	396	0	0	0	0	0	0	0	0	0	0	0	0	0	326	0	2012	0	0	0	0	0	12310	0	218	0	8596	0	0	0	5720	0	160	0	0	0	0	0	0	0	0	0	0	0	0	0	4678	0	0	0	4214	0	0	0	786	0	0	0	0	0	0	0	0	0	0	0	0	0	0	0	0	0	0	0	0	0	0	0	0	0	0	0	
82648	SupraMarginal_R	0	1290	0	0	0	0	0	0	0	0	0	0	0	0	0	0	0	1460	0	0	0	0	0	0	0	0	0	0	0	194	0	0	0	0	0	0	0	292	0	0	0	0	0	0	0	0	0	0	0	0	0	218	0	0	0	0	0	12948	0	2146	0	12262	0	0	0	6486	0	0	0	0	0	0	0	182	0	0	0	0	0	0	0	2172	0	0	0	1512	0	0	0	162	0	0	0	0	0	0	0	0	0	0	0	0	0	0	0	0	0	0	0	0	0	0	0	0	0	0	
124568	Angular_L	768	0	0	0	0	0	0	0	0	0	0	0	0	0	0	0	0	0	0	0	0	0	0	0	0	0	0	0	0	0	0	0	562	0	830	0	0	0	0	0	0	0	238	0	264	0	0	0	1044	0	20876	0	0	0	0	0	4752	0	2002	0	9246	0	5720	0	0	0	502	0	234	0	0	0	0	0	0	0	0	0	0	0	3164	0	0	0	9724	0	0	0	2358	0	0	0	0	0	0	0	0	0	0	0	0	0	0	0	0	0	0	0	0	0	0	0	0	0	0	0	
78788	Angular_R	0	336	0	0	0	0	0	0	0	0	0	0	0	0	0	0	0	0	0	0	0	0	0	0	0	0	0	0	0	0	0	0	0	0	0	0	0	0	0	0	0	0	0	0	0	0	0	0	0	262	0	8470	0	0	0	0	0	2796	0	1216	0	6578	0	6486	0	0	0	0	0	0	0	0	0	0	0	0	0	0	0	0	0	5054	0	0	0	7710	0	0	0	486	0	0	0	0	0	0	0	0	0	0	0	0	0	0	0	0	0	0	0	0	0	0	0	0	0	0	
193040	Precuneus_L	2010	0	598	0	0	0	694	0	0	0	0	0	0	0	0	0	176	0	888	0	0	0	0	0	0	0	0	0	548	0	0	0	3794	604	8030	0	5650	0	644	0	0	0	13326	248	11122	1028	2678	0	3532	0	8660	0	5000	0	2636	0	2752	0	5288	560	0	0	160	0	502	0	0	2218	6728	0	0	0	0	0	0	0	672	0	630	0	292	0	0	0	2590	0	0	0	2262	0	0	0	0	0	0	0	0	0	0	0	0	0	0	0	0	0	0	0	0	0	0	0	0	0	0	0	
206408	Precuneus_R	0	1320	142	0	0	0	0	0	0	0	0	0	0	0	0	0	0	0	0	1858	0	0	0	0	0	0	0	0	0	0	0	0	396	4056	0	6140	0	4752	0	2412	0	0	0	10646	0	13092	0	6122	0	12076	0	3996	0	654	0	1852	0	5198	0	4876	0	0	0	0	0	0	2218	0	0	4832	0	0	0	0	0	0	228	530	0	0	0	0	0	0	0	7172	0	0	0	8636	0	0	0	0	0	0	0	0	0	0	0	0	0	0	0	0	0	0	0	0	0	0	0	0	0	0	
127680	Paracentral_Lobule_L	9350	420	2086	202	0	0	0	0	0	0	0	0	0	0	0	0	174	0	5812	1200	0	0	0	0	0	0	0	0	0	0	0	0	10860	594	8168	510	1664	0	0	0	0	0	2452	0	3478	0	0	0	790	0	1102	0	324	0	0	0	1846	0	466	0	0	0	0	0	234	0	6728	0	0	308	0	0	1536	0	0	0	482	596	0	0	338	0	0	0	1144	0	0	0	976	0	0	0	0	0	0	0	0	0	0	0	0	0	0	0	0	0	0	0	0	0	0	0	0	0	0	0	
72024	Paracentral_Lobule_R	0	2668	0	0	0	0	0	0	0	0	0	0	0	0	0	0	0	0	202	6554	0	0	0	0	0	0	0	0	0	0	0	0	1088	4180	188	4282	0	0	0	0	0	0	0	274	0	860	0	0	0	1382	0	156	0	0	0	0	0	5342	0	0	0	0	0	0	0	0	0	4832	308	0	0	0	0	0	0	0	0	0	0	0	0	0	0	0	0	1634	0	0	0	2062	0	0	0	0	0	0	0	0	0	0	0	0	0	0	0	0	0	0	0	0	0	0	0	0	0	0	
469884	Caudate_L	3466	1212	9332	5684	1596	4544	5024	3212	0	0	16182	2440	8056	2594	1362	384	3764	0	8128	1096	9720	11438	1452	1668	246	500	3746	5446	18364	2718	8922	5148	0	276	346	746	1206	300	0	0	1652	174	0	0	0	0	0	0	0	0	0	0	0	0	0	0	184	0	0	0	0	0	0	0	0	0	0	0	0	0	0	25632	26284	1380	6220	0	19870	952	588	0	1088	0	600	0	0	0	0	0	0	0	0	0	0	0	0	0	0	0	0	0	0	0	0	0	0	0	0	0	0	0	0	0	0	0	0	0	
806044	Caudate_R	6752	2298	10208	42854	0	9536	9072	11600	0	1236	10762	12198	8622	14444	212	5432	612	140	12330	23996	2136	7672	3212	17068	186	8914	940	3700	8686	13062	9328	27944	574	7056	522	1696	1216	674	0	440	718	216	0	0	0	0	0	0	0	0	0	0	0	0	0	0	1146	676	0	0	0	0	0	0	0	0	0	0	0	0	25632	0	8550	37610	1880	2088	2586	24110	480	0	0	0	0	0	0	0	0	0	0	0	0	0	0	0	0	0	0	0	0	0	0	0	0	0	0	0	0	0	0	0	0	0	0	0	0	0	
423952	Putamen_L	3360	2870	27778	2382	1196	2694	1298	1880	456	0	2308	362	1384	524	2762	292	440	0	20678	1078	5872	7664	3946	294	298	340	1696	3248	23308	804	10696	2286	530	314	448	316	13684	508	650	0	2986	172	0	0	0	0	0	0	0	0	0	0	0	0	656	0	766	628	0	0	0	0	0	0	0	0	0	0	1536	0	26284	8550	0	592	7608	0	7562	844	0	0	1172	0	1250	0	0	0	0	0	726	0	0	0	0	0	0	0	0	0	0	0	0	0	0	0	0	0	0	0	0	0	0	0	0	0	0	0	
526020	Putamen_R	422	2006	2214	45982	0	8444	666	13540	0	1136	376	8596	266	5548	0	4786	0	5748	3752	24408	286	596	916	12600	0	7668	0	1046	290	27074	2486	14422	294	1060	0	0	0	10468	0	2378	0	860	0	0	0	0	0	0	0	0	0	0	0	0	0	3006	0	1746	0	0	0	0	0	182	0	0	0	0	0	0	1380	37610	592	0	0	2802	184	3112	0	228	0	320	0	394	0	0	0	0	0	1120	0	0	0	0	0	0	0	0	0	0	0	0	0	0	0	0	0	0	0	0	0	0	0	0	0	0	
70860	Pallidum_L	0	1712	4972	0	0	190	412	280	0	0	762	204	684	0	0	0	0	0	5398	0	0	510	0	0	0	0	0	208	798	0	0	0	0	0	0	0	828	0	0	0	0	0	0	0	0	0	0	0	0	0	0	0	0	0	0	0	0	532	0	0	0	0	0	0	0	0	0	0	0	0	6220	1880	7608	0	0	0	2232	0	0	0	0	0	0	0	0	0	0	0	0	0	0	0	0	0	0	0	0	0	0	0	0	0	0	0	0	0	0	0	0	0	0	0	0	0	0	0	
20892	Pallidum_R	0	222	324	2254	0	0	0	420	0	0	0	0	0	0	0	0	0	0	446	1890	0	0	0	0	0	0	0	0	0	0	0	0	0	0	0	0	0	0	0	0	0	0	0	0	0	0	0	0	0	0	0	0	0	0	0	0	0	0	0	0	0	0	0	0	0	0	0	0	0	0	0	2088	0	2802	0	0	0	0	0	0	0	0	0	0	0	0	0	0	0	0	0	0	0	0	0	0	0	0	0	0	0	0	0	0	0	0	0	0	0	0	0	0	0	0	0	0	
246604	Thalamus_L	6926	3710	14238	1818	0	0	2798	548	0	0	210	0	0	0	0	0	248	0	11094	944	0	0	0	0	0	0	0	0	2012	0	176	0	200	876	7074	6662	12392	3864	360	182	206	0	0	0	0	0	0	286	0	0	0	0	0	0	1096	0	370	872	0	0	0	0	0	0	0	0	672	228	482	0	19870	2586	7562	184	2232	0	0	8876	0	0	0	0	0	0	0	0	0	0	1448	0	0	0	0	0	0	0	0	0	0	0	0	0	0	0	0	0	0	0	0	0	0	0	0	0	0	0	
226916	Thalamus_R	7332	3082	4092	9864	0	0	2980	1934	0	0	0	192	0	0	0	0	0	0	3390	8232	0	0	0	0	0	0	0	0	0	592	0	0	140	4572	3256	7376	3104	7352	0	1996	0	466	0	0	0	0	0	1152	0	0	0	0	0	0	0	346	1278	1330	0	0	0	0	0	0	0	0	0	530	596	0	952	24110	844	3112	0	0	8876	0	380	0	0	0	0	0	0	0	0	0	0	0	0	0	0	0	0	0	0	0	0	0	0	0	0	0	0	0	0	0	0	0	0	0	0	0	0	0	
83824	Heschl_L	3494	0	2448	0	0	0	588	0	0	0	1368	0	0	0	0	0	3400	0	2002	184	0	0	0	0	0	0	0	0	8132	0	0	0	0	352	752	0	3062	0	0	0	0	0	0	0	0	0	0	0	0	0	186	0	504	0	1320	0	3912	0	0	0	0	0	0	0	0	0	630	0	0	0	588	480	0	0	0	0	0	380	0	0	4080	0	0	0	2050	0	0	0	2000	0	0	0	0	0	0	0	0	0	0	0	0	0	0	0	0	0	0	0	0	0	0	0	0	0	0	0	
24792	Heschl_R	0	0	0	142	0	0	0	0	0	0	0	0	0	0	0	0	0	2688	0	0	0	0	0	0	0	0	0	0	0	1982	0	0	0	0	0	0	0	288	0	0	0	0	0	0	0	0	0	0	0	0	0	0	0	0	0	0	0	210	0	0	0	0	0	0	0	0	0	0	0	0	0	0	0	228	0	0	0	0	0	0	0	4342	0	0	0	2166	0	0	0	350	0	0	0	0	0	0	0	0	0	0	0	0	0	0	0	0	0	0	0	0	0	0	0	0	0	0	
210916	Temporal_Sup_L	4326	0	3672	0	0	0	186	0	0	0	3224	0	176	0	0	0	12844	0	2624	0	0	0	0	0	0	0	0	0	8536	0	0	0	0	0	0	0	1470	0	0	0	0	0	212	0	202	0	0	0	132	0	1064	0	280	0	2624	0	9894	0	0	0	236	0	4678	0	3164	0	292	0	338	0	1088	0	1172	0	0	0	0	0	4080	0	0	0	4252	0	23684	0	0	0	11008	0	0	0	0	0	0	0	0	0	0	0	0	0	0	0	0	0	0	0	0	0	0	0	0	0	0	0	
92336	Temporal_Sup_R	0	1788	0	272	0	0	0	0	0	0	0	748	0	0	0	0	0	4114	0	322	0	0	0	0	0	0	0	0	0	3994	0	0	0	0	0	0	0	432	0	0	0	0	0	0	0	0	0	0	0	0	0	862	0	0	0	774	0	2154	0	0	0	1246	0	2172	0	5054	0	0	0	0	0	0	0	320	0	0	0	0	0	4342	0	0	0	3318	0	12076	0	568	0	1612	0	0	0	0	0	0	0	0	0	0	0	0	0	0	0	0	0	0	0	0	0	0	0	0	0	0	
77704	Temporal_Pole_Sup_L	0	0	876	0	498	0	0	0	446	0	1852	0	416	0	1976	0	1400	0	354	0	492	0	0	0	0	0	168	0	5230	0	0	0	0	0	0	0	628	0	190	0	642	0	0	0	0	0	0	0	0	0	0	0	0	0	218	0	0	0	0	0	0	0	0	0	0	0	0	0	0	0	600	0	1250	0	0	0	0	0	0	0	4252	0	0	0	8312	0	4988	0	4064	0	0	0	0	0	0	0	0	0	0	0	0	0	0	0	0	0	0	0	0	0	0	0	0	0	0	0	
58120	Temporal_Pole_Sup_R	0	0	0	226	0	182	0	0	0	0	0	154	0	0	0	334	0	192	0	214	0	366	0	0	0	0	0	0	0	1102	0	0	0	0	0	0	0	284	0	2056	0	1450	0	0	0	0	0	0	0	0	0	0	0	0	0	3626	0	0	0	0	0	0	0	0	0	0	0	0	0	0	0	0	0	394	0	0	0	0	0	0	0	3318	0	0	0	4038	0	7300	0	3824	0	0	0	0	0	0	0	0	0	0	0	0	0	0	0	0	0	0	0	0	0	0	0	0	0	0	
285200	Temporal_Mid_L	2352	0	0	0	0	0	0	0	0	0	0	0	0	0	0	0	968	0	0	0	0	0	0	0	0	0	0	0	2942	0	0	0	946	0	1430	0	592	0	0	0	0	0	1690	0	1000	0	380	0	3824	0	19514	0	4220	0	1868	0	6516	0	1686	0	2300	0	4214	0	9724	0	2590	0	1144	0	0	0	0	0	0	0	0	0	2050	0	23684	0	8312	0	0	0	4488	0	34166	0	0	0	0	0	0	0	0	0	0	0	0	0	0	0	0	0	0	0	0	0	0	0	0	0	0	0	
233472	Temporal_Mid_R	0	2562	0	0	0	0	0	0	0	0	0	0	0	0	0	0	0	182	0	1350	0	0	0	0	0	0	0	0	0	1026	0	0	0	382	0	1120	0	304	0	0	0	0	0	3976	0	5390	0	1076	0	8030	0	11930	0	636	0	2554	0	6370	0	180	0	1640	0	1512	0	7710	0	7172	0	1634	0	0	0	0	0	0	0	0	0	2166	0	12076	0	4038	0	0	0	2328	0	29392	0	0	0	0	0	0	0	0	0	0	0	0	0	0	0	0	0	0	0	0	0	0	0	0	0	0	
26188	Temporal_Pole_Mid_L	0	0	0	0	0	0	0	0	0	0	0	0	0	0	0	0	0	0	0	0	0	0	0	0	0	0	0	0	0	0	0	0	0	0	0	0	0	0	0	0	0	0	0	0	0	0	0	0	0	0	0	0	0	0	516	0	0	0	0	0	0	0	0	0	0	0	0	0	0	0	0	0	0	0	0	0	0	0	0	0	0	0	4988	0	4488	0	0	0	3102	0	0	0	0	0	0	0	0	0	0	0	0	0	0	0	0	0	0	0	0	0	0	0	0	0	0	0	
36224	Temporal_Pole_Mid_R	0	0	0	0	0	0	0	0	0	0	0	0	0	0	0	0	0	0	0	0	0	0	0	0	0	0	0	0	0	0	0	0	0	0	0	0	0	0	0	1744	0	718	0	0	0	0	0	0	0	0	0	0	0	0	0	2512	0	0	0	0	0	0	0	0	0	0	0	0	0	0	0	0	0	0	0	0	0	0	0	0	0	568	0	7300	0	2328	0	0	0	2942	0	0	0	0	0	0	0	0	0	0	0	0	0	0	0	0	0	0	0	0	0	0	0	0	0	0	
238780	Temporal_Inf_L	1536	0	200	0	0	0	0	0	0	0	0	0	0	0	0	0	644	0	238	0	0	0	0	0	0	0	0	0	4588	0	0	0	546	0	1362	0	8066	0	276	0	916	0	884	0	628	0	352	0	2562	0	9042	0	4148	0	12268	0	5276	0	1448	0	1514	0	786	0	2358	0	2262	0	976	0	0	0	726	0	0	0	1448	0	2000	0	11008	0	4064	0	34166	0	3102	0	0	0	0	0	0	0	0	0	0	0	0	0	0	0	0	0	0	0	0	0	0	0	0	0	0	0	0	0	
220120	Temporal_Inf_R	0	6568	0	172	0	0	0	0	0	0	0	0	0	0	0	0	0	316	0	2530	0	0	0	0	0	0	0	0	0	1712	0	0	0	562	0	1576	0	6442	0	498	0	1050	0	2488	0	5034	0	598	0	7178	0	1824	0	3666	0	10550	0	6356	0	0	0	354	0	162	0	486	0	8636	0	2062	0	0	0	1120	0	0	0	0	0	350	0	1612	0	3824	0	29392	0	2942	0	0	0	0	0	0	0	0	0	0	0	0	0	0	0	0	0	0	0	0	0	0	0	0	0	0	0	0	
264636	Cerebelum_Crus1_L	0	0	0	0	0	0	0	0	0	0	0	0	0	0	0	0	0	0	0	0	0	0	0	0	0	0	0	0	0	0	0	0	0	0	0	0	0	0	0	0	0	0	0	0	0	0	5750	1382	0	0	0	0	0	0	10764	0	0	0	0	0	0	0	0	0	0	0	0	0	0	0	0	0	0	0	0	0	0	0	0	0	0	0	0	0	0	0	0	0	0	0	0	1450	27684	1048	0	0	11672	0	37448	2828	9856	256	6398	476	1896	228	0	0	0	0	860	7018	4756	266	282	0	
137368	Cerebelum_Crus1_R	0	0	0	0	0	0	0	0	0	0	0	0	0	0	0	0	0	0	0	0	0	0	0	0	0	0	0	0	0	0	0	0	0	0	0	0	0	0	0	0	0	0	0	0	0	0	192	1788	0	0	0	0	0	0	0	3030	0	0	0	0	0	0	0	0	0	0	0	0	0	0	0	0	0	0	0	0	0	0	0	0	0	0	0	0	0	0	0	0	0	0	1450	0	960	11864	0	434	0	4840	880	23604	0	1678	0	7324	0	830	0	0	0	0	1242	2224	4736	896	712	0	
186268	Cerebelum_Crus2_L	0	0	0	0	0	0	0	0	0	0	0	0	0	0	0	0	0	0	0	0	0	0	0	0	0	0	0	0	0	0	0	0	0	0	0	0	0	0	0	0	0	0	0	0	0	0	674	888	0	0	0	0	0	0	2410	0	0	0	0	0	0	0	0	0	0	0	0	0	0	0	0	0	0	0	0	0	0	0	0	0	0	0	0	0	0	0	0	0	0	0	27684	960	0	2972	0	0	1414	0	9480	1628	18184	1994	11106	780	1254	434	0	0	0	0	0	4008	5692	1010	562	0	
99928	Cerebelum_Crus2_R	0	0	0	0	0	0	0	0	0	0	0	0	0	0	0	0	0	0	0	0	0	0	0	0	0	0	0	0	0	0	0	0	0	0	0	0	0	0	0	0	0	0	0	0	0	0	0	188	0	0	0	0	0	0	0	0	0	0	0	0	0	0	0	0	0	0	0	0	0	0	0	0	0	0	0	0	0	0	0	0	0	0	0	0	0	0	0	0	0	0	1048	11864	2972	0	0	0	0	0	246	2470	1906	8078	438	11078	0	1110	0	0	0	0	0	852	5342	1350	1022	0	
16548	Cerebelum_3_L	0	0	0	0	0	0	0	0	0	0	0	0	0	0	0	0	0	0	0	0	0	0	0	0	0	0	0	0	0	0	0	0	0	0	0	0	0	0	0	0	0	0	0	0	0	0	392	0	0	0	0	0	0	0	0	0	0	0	0	0	0	0	0	0	0	0	0	0	0	0	0	0	0	0	0	0	0	0	0	0	0	0	0	0	0	0	0	0	0	0	0	0	0	0	0	0	5694	0	230	0	0	0	0	0	654	0	0	0	220	1084	0	0	0	0	0	0	
18416	Cerebelum_3_R	0	0	0	0	0	0	0	0	0	0	0	0	0	0	0	0	0	0	0	0	0	0	0	0	0	0	0	0	0	0	0	0	0	0	0	0	0	0	0	0	0	0	0	0	0	0	0	404	0	0	0	0	0	0	0	0	0	0	0	0	0	0	0	0	0	0	0	0	0	0	0	0	0	0	0	0	0	0	0	0	0	0	0	0	0	0	0	0	0	0	0	434	0	0	0	0	0	2592	0	1968	0	0	0	0	0	614	0	0	458	1384	984	194	0	0	176	0	
128272	Cerebelum_4_5_L	0	0	0	0	0	0	0	0	0	0	0	0	0	0	0	0	0	0	0	0	0	0	0	0	0	0	0	0	0	0	0	0	0	0	0	0	0	0	0	0	0	0	0	0	0	0	6924	214	0	0	0	0	0	0	4224	0	0	0	0	0	0	0	0	0	0	0	0	0	0	0	0	0	0	0	0	0	0	0	0	0	0	0	0	0	0	0	0	0	0	0	11672	0	1414	0	5694	0	0	174	21274	318	908	0	1290	0	4296	0	384	0	0	512	3722	978	138	0	0	0	
58936	Cerebelum_4_5_R	0	0	0	0	0	0	0	0	0	0	0	0	0	0	0	0	0	0	0	0	0	0	0	0	0	0	0	0	0	0	0	0	0	0	0	0	0	0	0	182	0	0	0	0	0	0	0	1290	0	0	0	0	0	0	0	970	0	0	0	0	0	0	0	0	0	0	0	0	0	0	0	0	0	0	0	0	0	0	0	0	0	0	0	0	0	0	0	0	0	0	0	4840	0	0	0	2592	174	0	0	13778	0	0	0	142	0	434	0	0	0	552	4348	166	0	0	0	0	
236960	Cerebelum_6_L	0	0	0	0	0	0	0	0	0	0	0	0	0	0	0	0	0	0	0	0	0	0	0	0	0	0	0	0	0	0	0	0	0	0	0	0	0	0	0	0	0	0	0	0	0	0	9520	1104	0	0	0	0	0	0	12964	0	0	0	0	0	0	0	0	0	0	0	0	0	0	0	0	0	0	0	0	0	0	0	0	0	0	0	0	0	0	0	0	0	0	0	37448	880	9480	246	230	0	21274	0	0	2258	3896	0	3070	0	2928	394	0	0	0	0	1886	7040	2640	406	524	292	
152104	Cerebelum_6_R	0	0	0	0	0	0	0	0	0	0	0	0	0	0	0	0	0	0	0	0	0	0	0	0	0	0	0	0	0	0	0	0	0	0	0	0	0	0	0	0	0	0	0	0	0	0	390	4380	0	0	0	0	0	0	0	3802	0	0	0	0	0	0	0	0	0	0	0	0	0	0	0	0	0	0	0	0	0	0	0	0	0	0	0	0	0	0	0	0	0	0	2828	23604	1628	2470	0	1968	318	13778	2258	0	0	302	0	2574	0	1078	0	0	0	316	4766	5184	3638	446	324	0	
107640	Cerebelum_7b_L	0	0	0	0	0	0	0	0	0	0	0	0	0	0	0	0	0	0	0	0	0	0	0	0	0	0	0	0	0	0	0	0	0	0	0	0	0	0	0	0	0	0	0	0	0	0	0	0	0	0	0	0	0	0	1592	0	0	0	0	0	0	0	0	0	0	0	0	0	0	0	0	0	0	0	0	0	0	0	0	0	0	0	0	0	0	0	0	0	0	0	9856	0	18184	1906	0	0	908	0	3896	0	0	1600	11548	308	506	0	182	0	0	0	0	442	2358	534	0	0	
42996	Cerebelum_7b_R	0	0	0	0	0	0	0	0	0	0	0	0	0	0	0	0	0	0	0	0	0	0	0	0	0	0	0	0	0	0	0	0	0	0	0	0	0	0	0	0	0	0	0	0	0	0	0	0	0	0	0	0	0	0	0	0	0	0	0	0	0	0	0	0	0	0	0	0	0	0	0	0	0	0	0	0	0	0	0	0	0	0	0	0	0	0	0	0	0	0	256	1678	1994	8078	0	0	0	0	0	302	1600	0	312	4736	0	0	0	0	0	0	0	0	2138	404	0	0	
101996	Cerebelum_8_L	0	0	0	0	0	0	0	0	0	0	0	0	0	0	0	0	0	0	0	0	0	0	0	0	0	0	0	0	0	0	0	0	0	0	0	0	0	0	0	0	0	0	0	0	0	0	0	0	0	0	0	0	0	0	368	0	0	0	0	0	0	0	0	0	0	0	0	0	0	0	0	0	0	0	0	0	0	0	0	0	0	0	0	0	0	0	0	0	0	0	6398	0	11106	438	0	0	1290	0	3070	0	11548	312	0	570	8166	482	1854	0	0	0	228	858	2210	1354	746	0	
82304	Cerebelum_8_R	0	0	0	0	0	0	0	0	0	0	0	0	0	0	0	0	0	0	0	0	0	0	0	0	0	0	0	0	0	0	0	0	0	0	0	0	0	0	0	0	0	0	0	0	0	0	0	0	0	0	0	0	0	0	0	0	0	0	0	0	0	0	0	0	0	0	0	0	0	0	0	0	0	0	0	0	0	0	0	0	0	0	0	0	0	0	0	0	0	0	476	7324	780	11078	0	0	0	142	0	2574	308	4736	570	0	0	5624	0	150	0	0	154	460	3110	1852	1652	162	
54840	Cerebelum_9_L	0	0	0	0	0	0	0	0	0	0	0	0	0	0	0	0	0	0	0	0	0	0	0	0	0	0	0	0	0	0	0	0	0	0	0	0	0	0	0	0	0	0	0	0	0	0	244	150	0	0	0	0	0	0	176	0	0	0	0	0	0	0	0	0	0	0	0	0	0	0	0	0	0	0	0	0	0	0	0	0	0	0	0	0	0	0	0	0	0	0	1896	0	1254	0	654	0	4296	0	2928	0	506	0	8166	0	0	248	2540	0	0	0	1128	1344	732	544	614	0	
51544	Cerebelum_9_R	0	0	0	0	0	0	0	0	0	0	0	0	0	0	0	0	0	0	0	0	0	0	0	0	0	0	0	0	0	0	0	0	0	0	0	0	0	0	0	0	0	0	0	0	0	0	0	0	0	0	0	0	0	0	0	0	0	0	0	0	0	0	0	0	0	0	0	0	0	0	0	0	0	0	0	0	0	0	0	0	0	0	0	0	0	0	0	0	0	0	228	830	434	1110	0	614	0	434	394	1078	0	0	482	5624	248	0	0	518	240	164	1474	1884	2186	2702	3624	1504	
9920	Cerebelum_10_L	0	0	0	0	0	0	0	0	0	0	0	0	0	0	0	0	0	0	0	0	0	0	0	0	0	0	0	0	0	0	0	0	0	0	0	0	0	0	0	0	0	0	0	0	0	0	0	0	0	0	0	0	0	0	0	0	0	0	0	0	0	0	0	0	0	0	0	0	0	0	0	0	0	0	0	0	0	0	0	0	0	0	0	0	0	0	0	0	0	0	0	0	0	0	0	0	384	0	0	0	182	0	1854	0	2540	0	0	0	0	0	0	0	0	0	0	0	
1336	Cerebelum_10_R	0	0	0	0	0	0	0	0	0	0	0	0	0	0	0	0	0	0	0	0	0	0	0	0	0	0	0	0	0	0	0	0	0	0	0	0	0	0	0	0	0	0	0	0	0	0	0	0	0	0	0	0	0	0	0	0	0	0	0	0	0	0	0	0	0	0	0	0	0	0	0	0	0	0	0	0	0	0	0	0	0	0	0	0	0	0	0	0	0	0	0	0	0	0	0	0	0	0	0	0	0	0	0	150	0	518	0	0	0	0	0	0	0	0	0	0	
11988	Vermis_1_2	0	0	0	0	0	0	0	0	0	0	0	0	0	0	0	0	0	0	0	0	0	0	0	0	0	0	0	0	0	0	0	0	0	0	0	0	0	0	0	0	0	0	0	0	0	0	0	0	0	0	0	0	0	0	0	0	0	0	0	0	0	0	0	0	0	0	0	0	0	0	0	0	0	0	0	0	0	0	0	0	0	0	0	0	0	0	0	0	0	0	0	0	0	0	220	458	0	0	0	0	0	0	0	0	0	240	0	0	0	4684	392	0	0	0	0	0	
18312	Vermis_3	0	0	0	0	0	0	0	0	0	0	0	0	0	0	0	0	0	0	0	0	0	0	0	0	0	0	0	0	0	0	0	0	0	0	0	0	0	0	0	0	0	0	0	0	0	0	152	0	0	0	0	0	0	0	0	0	0	0	0	0	0	0	0	0	0	0	0	0	0	0	0	0	0	0	0	0	0	0	0	0	0	0	0	0	0	0	0	0	0	0	0	0	0	0	1084	1384	512	552	0	316	0	0	0	0	0	164	0	0	4684	0	308	0	0	0	0	0	
58860	Vermis_4_5	0	0	0	0	0	0	0	0	0	0	0	0	0	0	0	0	0	0	0	0	0	0	0	0	0	0	0	0	0	0	0	0	0	0	0	0	0	0	0	0	0	0	0	0	0	0	334	1252	0	0	0	0	0	0	0	282	0	0	0	0	0	0	0	0	0	0	0	0	0	0	0	0	0	0	0	0	0	0	0	0	0	0	0	0	0	0	0	0	0	0	860	1242	0	0	0	984	3722	4348	1886	4766	0	0	228	154	1128	1474	0	0	392	308	0	3476	0	268	918	1408	
99280	Vermis_6	0	0	0	0	0	0	0	0	0	0	0	0	0	0	0	0	0	0	0	0	0	0	0	0	0	0	0	0	0	0	0	0	0	0	0	0	0	0	0	0	0	0	0	0	0	0	1384	2442	0	0	0	0	0	0	540	436	0	0	0	0	0	0	0	0	0	0	0	0	0	0	0	0	0	0	0	0	0	0	0	0	0	0	0	0	0	0	0	0	0	0	7018	2224	4008	852	0	194	978	166	7040	5184	442	0	858	460	1344	1884	0	0	0	0	3476	0	4208	988	1714	1800	
101320	Vermis_7	0	0	0	0	0	0	0	0	0	0	0	0	0	0	0	0	0	0	0	0	0	0	0	0	0	0	0	0	0	0	0	0	0	0	0	0	0	0	0	0	0	0	0	0	0	0	804	314	0	0	0	0	0	0	228	0	0	0	0	0	0	0	0	0	0	0	0	0	0	0	0	0	0	0	0	0	0	0	0	0	0	0	0	0	0	0	0	0	0	0	4756	4736	5692	5342	0	0	138	0	2640	3638	2358	2138	2210	3110	732	2186	0	0	0	0	0	4208	0	3004	2426	0	
39580	Vermis_8	0	0	0	0	0	0	0	0	0	0	0	0	0	0	0	0	0	0	0	0	0	0	0	0	0	0	0	0	0	0	0	0	0	0	0	0	0	0	0	0	0	0	0	0	0	0	0	0	0	0	0	0	0	0	0	0	0	0	0	0	0	0	0	0	0	0	0	0	0	0	0	0	0	0	0	0	0	0	0	0	0	0	0	0	0	0	0	0	0	0	266	896	1010	1350	0	0	0	0	406	446	534	404	1354	1852	544	2702	0	0	0	0	268	988	3004	0	3296	470	
39328	Vermis_9	0	0	0	0	0	0	0	0	0	0	0	0	0	0	0	0	0	0	0	0	0	0	0	0	0	0	0	0	0	0	0	0	0	0	0	0	0	0	0	0	0	0	0	0	0	0	0	0	0	0	0	0	0	0	0	0	0	0	0	0	0	0	0	0	0	0	0	0	0	0	0	0	0	0	0	0	0	0	0	0	0	0	0	0	0	0	0	0	0	0	282	712	562	1022	0	176	0	0	524	324	0	0	746	1652	614	3624	0	0	0	0	918	1714	2426	3296	0	1072	
13416	Vermis_10	0	0	0	0	0	0	0	0	0	0	0	0	0	0	0	0	0	0	0	0	0	0	0	0	0	0	0	0	0	0	0	0	0	0	0	0	0	0	0	0	0	0	0	0	0	0	0	0	0	0	0	0	0	0	0	0	0	0	0	0	0	0	0	0	0	0	0	0	0	0	0	0	0	0	0	0	0	0	0	0	0	0	0	0	0	0	0	0	0	0	0	0	0	0	0	0	0	0	292	0	0	0	0	162	0	1504	0	0	0	0	1408	1800	0	470	1072	0	
