data	data	413824	271940	922516	724616	123556	120164	523852	188008	56496	25900	147520	159068	249400	92308	150384	78384	209772	59432	593324	623592	63516	61548	333144	385836	39580	95192	57400	36000	570708	175168	231616	497036	124420	427128	150644	202416	276568	332968	97388	173408	42400	58620	267228	365296	170952	305152	385948	361124	164272	303560	439640	198492	193252	89424	482544	467584	260332	176172	134316	161064	216680	149040	142716	104204	155320	125408	237204	347380	231964	150048	206932	386752	274432	276712	75416	34168	174988	207228	50052	13232	204388	71032	74648	53392	365440	206772	17376	14216	363740	225348	655736	513764	566220	452596	58436	107560	381536	279100	613720	569976	392152	215380	523988	410024	154976	107680	24792	11188	29588	95160	321060	298804	267820	215348	115200	28792	
data	data	Precentral_L	Precentral_R	Frontal_Sup_L	Frontal_Sup_R	Frontal_Sup_Orb_L	Frontal_Sup_Orb_R	Frontal_Mid_L	Frontal_Mid_R	Frontal_Mid_Orb_L	Frontal_Mid_Orb_R	Frontal_Inf_Oper_L	Frontal_Inf_Oper_R	Frontal_Inf_Tri_L	Frontal_Inf_Tri_R	Frontal_Inf_Orb_L	Frontal_Inf_Orb_R	Rolandic_Oper_L	Rolandic_Oper_R	Supp_Motor_Area_L	Supp_Motor_Area_R	Olfactory_L	Olfactory_R	Frontal_Sup_Medial_L	Frontal_Sup_Medial_R	Frontal_Med_Orb_L	Frontal_Med_Orb_R	Rectus_L	Rectus_R	Insula_L	Insula_R	Cingulum_Ant_L	Cingulum_Ant_R	Cingulum_Mid_L	Cingulum_Mid_R	Cingulum_Post_L	Cingulum_Post_R	Hippocampus_L	Hippocampus_R	ParaHippocampal_L	ParaHippocampal_R	Amygdala_L	Amygdala_R	Calcarine_L	Calcarine_R	Cuneus_L	Cuneus_R	Lingual_L	Lingual_R	Occipital_Sup_L	Occipital_Sup_R	Occipital_Mid_L	Occipital_Mid_R	Occipital_Inf_L	Occipital_Inf_R	Fusiform_L	Fusiform_R	Postcentral_L	Postcentral_R	Parietal_Sup_L	Parietal_Sup_R	Parietal_Inf_L	Parietal_Inf_R	SupraMarginal_L	SupraMarginal_R	Angular_L	Angular_R	Precuneus_L	Precuneus_R	Paracentral_Lobule_L	Paracentral_Lobule_R	Caudate_L	Caudate_R	Putamen_L	Putamen_R	Pallidum_L	Pallidum_R	Thalamus_L	Thalamus_R	Heschl_L	Heschl_R	Temporal_Sup_L	Temporal_Sup_R	Temporal_Pole_Sup_L	Temporal_Pole_Sup_R	Temporal_Mid_L	Temporal_Mid_R	Temporal_Pole_Mid_L	Temporal_Pole_Mid_R	Temporal_Inf_L	Temporal_Inf_R	Cerebelum_Crus1_L	Cerebelum_Crus1_R	Cerebelum_Crus2_L	Cerebelum_Crus2_R	Cerebelum_3_L	Cerebelum_3_R	Cerebelum_4_5_L	Cerebelum_4_5_R	Cerebelum_6_L	Cerebelum_6_R	Cerebelum_7b_L	Cerebelum_7b_R	Cerebelum_8_L	Cerebelum_8_R	Cerebelum_9_L	Cerebelum_9_R	Cerebelum_10_L	Cerebelum_10_R	Vermis_1_2	Vermis_3	Vermis_4_5	Vermis_6	Vermis_7	Vermis_8	Vermis_9	Vermis_10	
413824	Precentral_L	0	1306	13724	1208	0	0	17082	82	0	0	7030	0	490	0	0	0	8394	0	6942	2180	0	0	0	0	0	0	0	0	12600	84	1356	274	166	526	1984	2728	7706	2914	896	364	0	0	564	0	174	0	132	0	0	0	4866	0	4412	210	4186	1308	23730	120	1392	0	4762	0	2886	0	984	0	342	114	21658	192	822	582	6280	0	2074	0	12720	1886	2174	0	4866	0	170	0	6382	0	0	0	6508	182	198	0	0	0	0	0	0	0	0	0	0	0	0	0	0	0	0	0	0	0	0	0	0	0	0	0	
271940	Precentral_R	1306	0	1152	25268	0	0	170	12884	0	0	0	7878	0	304	0	0	0	1350	3056	5156	0	0	618	78	0	0	0	0	298	3676	74	2406	0	796	510	980	574	7332	0	942	0	0	0	866	0	150	0	340	0	128	0	0	0	268	0	1268	0	18226	0	536	0	568	0	698	0	84	0	1576	2232	4732	216	1654	182	4922	284	1014	1176	13566	74	162	0	684	0	0	0	1664	0	0	0	1892	0	0	0	0	0	0	0	0	0	0	0	0	0	0	0	0	0	0	0	0	0	0	0	0	0	0	
922516	Frontal_Sup_L	13724	1152	0	5070	11962	112	73770	850	5502	0	12564	622	21548	0	11762	88	9610	0	70900	15076	388	364	34486	5000	780	138	870	0	48790	180	15922	5574	4018	4288	0	0	5388	1002	0	474	0	0	0	0	0	0	0	0	0	0	0	0	0	0	1868	0	2686	214	254	0	312	0	0	0	76	0	0	0	2660	0	11490	3518	29430	2464	7568	800	5608	362	0	0	5226	0	2018	0	284	0	0	0	2446	0	0	0	0	0	0	0	0	0	0	0	0	0	0	0	0	0	0	0	0	0	0	0	0	0	0	0	
724616	Frontal_Sup_R	1208	25268	5070	0	0	8328	968	18382	0	1144	0	7982	150	5710	0	5472	0	2140	11238	51026	0	0	10252	44946	190	4974	0	0	730	6878	3254	35272	1550	18004	700	1182	864	7430	0	1218	0	0	0	0	0	0	0	0	0	0	0	0	0	150	0	802	94	1668	0	330	0	380	0	138	0	0	0	76	3814	208	1910	24976	586	9492	488	1760	2346	29966	112	0	0	312	0	358	0	332	0	0	0	480	0	0	0	0	0	0	0	0	0	0	0	0	0	0	0	0	0	0	0	0	0	0	0	0	0	0	
123556	Frontal_Sup_Orb_L	0	0	11962	0	0	0	6906	0	7252	0	0	0	4300	0	6400	0	0	0	294	0	1012	996	3094	0	3220	0	5114	0	1900	0	3306	0	0	0	0	0	0	0	0	0	0	0	0	0	0	0	0	0	0	0	0	0	0	0	0	0	0	0	0	0	0	0	0	0	0	0	0	0	0	0	2248	846	2928	0	0	0	0	0	0	0	0	0	0	0	0	0	0	0	0	0	0	0	0	0	0	0	0	0	0	0	0	0	0	0	0	0	0	0	0	0	0	0	0	0	0	0	
120164	Frontal_Sup_Orb_R	0	0	112	8328	0	0	0	2290	0	4220	0	212	0	260	0	3394	0	0	0	1516	0	566	648	8276	222	8292	0	4376	0	900	188	7434	0	0	0	0	0	0	0	0	0	120	0	0	0	0	0	0	0	0	0	0	0	0	0	0	0	0	0	0	0	0	0	0	0	0	0	0	0	0	250	5976	0	2358	0	0	0	144	0	0	0	0	0	0	0	0	0	0	0	0	0	0	0	0	0	0	0	0	0	0	0	0	0	0	0	0	0	0	0	0	0	0	0	0	0	0	
523852	Frontal_Mid_L	17082	170	73770	968	6906	0	0	0	4912	0	9738	0	31182	0	14970	0	4852	0	15738	2450	272	250	16194	2832	0	0	474	0	22470	0	6844	1406	1072	1814	0	176	1050	164	114	0	0	0	0	0	0	0	0	0	0	0	0	0	0	0	118	0	2632	0	0	0	0	0	0	0	0	0	0	0	0	0	2294	810	8146	172	1662	168	5628	264	0	0	1640	0	338	0	0	0	0	0	184	0	0	0	0	0	0	0	0	0	0	0	0	0	0	0	0	0	0	0	0	0	0	0	0	0	0	0	
188008	Frontal_Mid_R	82	12884	850	18382	0	2290	0	0	0	2014	0	10680	0	5780	0	3182	0	806	920	4266	0	0	2040	2206	0	114	0	0	490	1282	298	10346	0	2108	0	0	0	1002	0	324	0	0	0	0	0	0	0	0	0	0	0	0	0	0	0	204	0	2552	0	0	0	0	0	0	0	0	0	0	0	0	152	2308	0	3912	0	1468	0	926	0	0	0	0	0	0	0	0	0	0	0	136	0	0	0	0	0	0	0	0	0	0	0	0	0	0	0	0	0	0	0	0	0	0	0	0	0	0	
56496	Frontal_Mid_Orb_L	0	0	5502	0	7252	0	4912	0	0	0	0	0	3166	0	5690	0	0	0	0	0	0	80	0	0	0	0	698	0	498	0	0	0	0	0	0	0	0	0	0	0	0	0	0	0	0	0	0	0	0	0	0	0	0	0	0	0	0	0	0	0	0	0	0	0	0	0	0	0	0	0	150	0	300	0	0	0	0	0	0	0	0	0	0	0	0	0	0	0	0	0	0	0	0	0	0	0	0	0	0	0	0	0	0	0	0	0	0	0	0	0	0	0	0	0	0	0	
25900	Frontal_Mid_Orb_R	0	0	0	1144	0	4220	0	2014	0	0	0	0	0	0	0	3492	0	0	0	0	0	0	0	294	0	328	0	132	0	138	0	216	0	0	0	0	0	0	0	0	0	0	0	0	0	0	0	0	0	0	0	0	0	0	0	0	0	0	0	0	0	0	0	0	0	0	0	0	0	0	0	370	0	602	0	0	0	0	0	0	0	0	0	0	0	0	0	0	0	0	0	0	0	0	0	0	0	0	0	0	0	0	0	0	0	0	0	0	0	0	0	0	0	0	0	0	
147520	Frontal_Inf_Oper_L	7030	0	12564	0	0	0	9738	0	0	0	0	0	9658	0	0	0	8288	0	6264	0	0	0	322	0	0	0	0	0	11782	0	386	0	126	0	0	0	158	0	0	0	0	0	0	0	0	0	0	0	0	0	0	0	0	0	0	0	1236	0	0	0	140	0	0	0	0	0	0	0	0	0	0	0	628	0	0	0	0	0	172	0	3030	0	2164	0	0	0	0	0	74	0	0	0	0	0	0	0	0	0	0	0	0	0	0	0	0	0	0	0	0	0	0	0	0	0	0	0	
159068	Frontal_Inf_Oper_R	0	7878	622	7982	0	212	0	10680	0	0	0	0	0	12094	0	308	0	3142	622	7092	0	0	1164	702	0	0	0	0	568	8894	180	6066	0	1660	0	0	0	626	0	214	0	0	0	0	0	0	0	0	0	0	0	0	0	0	0	100	0	2832	0	132	0	228	0	124	0	0	0	0	0	0	144	1552	0	2848	0	186	0	162	0	0	0	0	0	520	0	0	0	0	0	0	0	0	0	0	0	0	0	0	0	0	0	0	0	0	0	0	0	0	0	0	0	0	0	0	0	0	
249400	Frontal_Inf_Tri_L	490	0	21548	150	4300	0	31182	0	3166	0	9658	0	0	0	16500	0	236	0	4778	512	274	250	3040	656	0	0	478	0	21926	0	1518	260	194	346	0	0	0	0	0	0	0	0	0	0	0	0	0	0	0	0	0	0	0	0	0	0	0	0	0	0	0	0	0	0	0	0	0	0	0	0	1072	278	1792	0	0	0	0	0	0	0	96	0	0	0	0	0	0	0	0	0	0	0	0	0	0	0	0	0	0	0	0	0	0	0	0	0	0	0	0	0	0	0	0	0	0	0	
92308	Frontal_Inf_Tri_R	0	304	0	5710	0	260	0	5780	0	0	0	12094	0	0	0	956	0	128	558	5342	0	0	74	848	0	0	0	0	0	5844	0	2626	0	1146	0	0	0	0	0	0	0	0	0	0	0	0	0	0	0	0	0	0	0	0	0	0	0	0	0	0	0	0	0	0	0	0	0	0	0	0	0	3744	0	740	0	0	0	0	0	0	0	0	0	0	0	0	0	0	0	0	0	0	0	0	0	0	0	0	0	0	0	0	0	0	0	0	0	0	0	0	0	0	0	0	0	0	
150384	Frontal_Inf_Orb_L	0	0	11762	0	6400	0	14970	0	5690	0	0	0	16500	0	0	0	0	0	614	0	1392	630	422	0	0	0	1508	0	8658	0	282	0	0	0	0	0	126	0	252	0	200	0	0	0	0	0	0	0	0	0	0	0	0	0	0	0	0	0	0	0	0	0	0	0	0	0	0	0	0	0	1706	588	2904	0	0	0	0	0	0	0	0	0	588	0	0	0	0	0	0	0	0	0	0	0	0	0	0	0	0	0	0	0	0	0	0	0	0	0	0	0	0	0	0	0	0	0	
78384	Frontal_Inf_Orb_R	0	0	88	5472	0	3394	0	3182	0	3492	0	308	0	956	0	0	0	0	256	2020	0	760	0	2084	0	342	0	712	0	5148	0	2532	94	818	0	0	0	0	0	136	0	248	0	0	0	0	0	0	0	0	0	0	0	0	0	0	0	0	0	0	0	0	0	0	0	0	0	0	0	0	0	2724	0	4180	0	0	0	156	0	0	0	0	0	90	0	0	0	0	0	0	0	0	0	0	0	0	0	0	0	0	0	0	0	0	0	0	0	0	0	0	0	0	0	0	0	0	
209772	Rolandic_Oper_L	8394	0	9610	0	0	0	4852	0	0	0	8288	0	236	0	0	0	0	0	3966	0	0	0	0	0	0	0	0	0	24238	0	0	0	0	0	274	286	1246	260	0	0	0	0	0	0	0	0	0	0	0	0	92	0	684	0	1184	0	7540	0	224	0	1278	0	3592	0	426	0	0	0	450	0	0	0	212	0	0	0	308	0	3414	0	13404	0	2270	0	3886	0	0	0	4272	0	0	0	0	0	0	0	0	0	0	0	0	0	0	0	0	0	0	0	0	0	0	0	0	0	0	0	
59432	Rolandic_Oper_R	0	1350	0	2140	0	0	0	806	0	0	0	3142	0	128	0	0	0	0	0	1994	0	0	0	0	0	0	0	0	0	7462	0	202	0	0	0	0	0	1012	0	0	0	0	0	0	0	0	0	0	0	0	0	0	0	0	0	0	0	2464	0	444	0	514	0	878	0	0	0	0	0	0	0	220	0	2366	0	0	0	0	0	1420	0	1852	0	1090	0	232	0	0	0	0	0	0	0	0	0	0	0	0	0	0	0	0	0	0	0	0	0	0	0	0	0	0	0	0	0	0	
593324	Supp_Motor_Area_L	6942	3056	70900	11238	294	0	15738	920	0	0	6264	622	4778	558	614	256	3966	0	0	38986	0	0	10940	4612	130	74	86	0	17224	324	6376	9272	8604	20900	664	196	414	1002	0	430	0	0	0	0	0	0	0	0	0	0	146	0	0	0	0	0	918	126	224	0	288	0	0	0	132	0	156	0	13752	0	4670	6104	10052	2504	5304	520	2104	250	0	0	1446	0	1478	0	108	0	0	0	0	0	0	0	0	0	0	0	0	0	0	0	0	0	0	0	0	0	0	0	0	0	0	0	0	0	0	0	
623592	Supp_Motor_Area_R	2180	5156	15076	51026	0	1516	2450	4266	0	0	0	7092	512	5342	0	2020	0	1994	38986	0	0	0	3882	15916	0	566	0	0	1348	6912	3762	21610	5074	44346	1070	3190	0	926	0	318	0	0	0	662	0	892	0	112	0	626	0	112	410	424	448	880	186	1138	0	364	0	460	0	120	0	0	332	2572	8274	12538	2104	18484	1450	6146	300	1126	130	406	0	84	0	384	0	352	0	1128	0	0	0	2616	0	0	0	0	0	0	0	0	0	0	0	0	0	0	0	0	0	0	0	0	0	0	0	0	0	0	
63516	Olfactory_L	0	0	388	0	1012	0	272	0	0	0	0	0	274	0	1392	0	0	0	0	0	0	4424	186	0	880	160	3126	492	1402	0	2470	980	0	0	0	0	372	0	1080	0	938	0	0	0	0	0	0	0	0	0	0	0	0	0	334	0	0	0	0	0	0	0	0	0	0	0	0	0	0	0	4994	3458	1902	128	0	0	0	0	0	0	0	0	1094	0	0	0	0	0	0	0	0	0	0	0	0	0	0	0	0	0	0	0	0	0	0	0	0	0	0	0	0	0	0	0	0	0	
61548	Olfactory_R	0	0	364	0	996	566	250	0	80	0	0	0	250	0	630	760	0	0	0	0	4424	0	234	0	804	566	3060	1792	0	1100	1968	1318	0	0	0	0	0	78	0	304	0	782	0	0	0	0	0	0	0	0	0	0	0	0	0	96	0	0	0	0	0	0	0	0	0	0	0	0	0	0	4656	4338	830	182	234	0	0	0	0	0	0	0	0	112	0	0	0	0	0	0	0	0	0	0	0	0	0	0	0	0	0	0	0	0	0	0	0	0	0	0	0	0	0	0	0	0	
333144	Frontal_Sup_Medial_L	0	618	34486	10252	3094	648	16194	2040	0	0	322	1164	3040	74	422	0	0	0	10940	3882	186	234	0	21074	2526	770	1046	0	4258	88	15656	13244	3108	10964	0	0	0	114	0	0	0	0	0	0	0	0	0	0	0	0	0	0	0	0	0	0	0	0	0	0	0	0	0	0	0	0	0	0	0	0	1728	1408	2028	628	0	336	0	0	0	0	0	0	0	0	0	0	0	0	0	0	0	0	0	0	0	0	0	0	0	0	0	0	0	0	0	0	0	0	0	0	0	0	0	0	0	0	
385836	Frontal_Sup_Medial_R	0	78	5000	44946	0	8276	2832	2206	0	294	0	702	656	848	0	2084	0	0	4612	15916	0	0	21074	0	658	7964	0	204	930	1276	3102	31720	1364	14490	0	0	0	90	0	0	0	0	0	0	0	0	0	0	0	0	0	0	0	0	0	0	0	0	0	0	0	0	0	0	0	0	0	0	0	0	552	14854	128	4478	0	0	396	1188	0	0	0	0	0	0	0	0	0	0	0	0	0	0	0	0	0	0	0	0	0	0	0	0	0	0	0	0	0	0	0	0	0	0	0	0	0	0	
39580	Frontal_Med_Orb_L	0	0	780	190	3220	222	0	0	0	0	0	0	0	0	0	0	0	0	130	0	880	804	2526	658	0	1956	1260	482	0	0	4132	1446	0	0	0	0	0	0	0	0	0	0	0	0	0	0	0	0	0	0	0	0	0	0	0	0	0	0	0	0	0	0	0	0	0	0	0	0	0	0	456	454	194	0	0	0	0	0	0	0	0	0	0	0	0	0	0	0	0	0	0	0	0	0	0	0	0	0	0	0	0	0	0	0	0	0	0	0	0	0	0	0	0	0	0	0	
95192	Frontal_Med_Orb_R	0	0	138	4974	0	8292	0	114	0	328	0	0	0	0	0	342	0	0	74	566	160	566	770	7964	1956	0	110	4120	0	176	988	8350	0	0	0	0	0	0	0	0	0	0	0	0	0	0	0	0	0	0	0	0	0	0	0	0	0	0	0	0	0	0	0	0	0	0	0	0	0	0	208	5822	0	1578	0	0	0	0	0	0	0	0	0	0	0	0	0	0	0	0	0	0	0	0	0	0	0	0	0	0	0	0	0	0	0	0	0	0	0	0	0	0	0	0	0	0	
57400	Rectus_L	0	0	870	0	5114	0	474	0	698	0	0	0	478	0	1508	0	0	0	86	0	3126	3060	1046	0	1260	110	0	262	0	0	2834	452	0	0	0	0	0	0	0	0	0	0	0	0	0	0	0	0	0	0	0	0	0	0	0	0	0	0	0	0	0	0	0	0	0	0	0	0	0	0	4480	2198	644	0	0	0	0	0	0	0	0	0	0	0	0	0	0	0	0	0	0	0	0	0	0	0	0	0	0	0	0	0	0	0	0	0	0	0	0	0	0	0	0	0	0	0	
36000	Rectus_R	0	0	0	0	0	4376	0	0	0	132	0	0	0	0	0	712	0	0	0	0	492	1792	0	204	482	4120	262	0	0	390	800	1786	0	0	0	0	0	0	0	0	0	128	0	0	0	0	0	0	0	0	0	0	0	0	0	0	0	0	0	0	0	0	0	0	0	0	0	0	0	0	372	1578	0	374	0	0	0	0	0	0	0	0	0	0	0	0	0	0	0	0	0	0	0	0	0	0	0	0	0	0	0	0	0	0	0	0	0	0	0	0	0	0	0	0	0	0	
570708	Insula_L	12600	298	48790	730	1900	0	22470	490	498	0	11782	568	21926	0	8658	0	24238	0	17224	1348	1402	0	4258	930	0	0	0	0	0	134	3360	592	220	596	848	1012	15616	988	438	136	512	0	0	0	0	0	0	0	0	0	82	0	642	0	5278	138	6414	82	74	0	370	0	3902	0	182	0	0	0	406	0	2454	268	16428	356	90	366	4274	416	5256	0	15166	0	4102	0	4180	0	0	0	9866	0	0	0	0	0	0	0	0	0	0	0	0	0	0	0	0	0	0	0	0	0	0	0	0	0	0	0	
175168	Insula_R	84	3676	180	6878	0	900	0	1282	0	138	0	8894	0	5844	0	5148	0	7462	324	6912	0	1100	88	1276	0	176	0	390	134	0	0	2154	0	504	0	0	0	2960	0	818	0	758	0	0	0	0	0	0	0	0	0	0	0	0	0	1100	0	3002	0	0	0	0	0	144	0	0	0	0	0	104	90	4406	0	15074	0	0	84	384	0	1010	0	1920	0	792	0	512	0	0	0	882	0	0	0	0	0	0	0	0	0	0	0	0	0	0	0	0	0	0	0	0	0	0	0	0	0	0	
231616	Cingulum_Ant_L	1356	74	15922	3254	3306	188	6844	298	0	0	386	180	1518	0	282	0	0	0	6376	3762	2470	1968	15656	3102	4132	988	2834	800	3360	0	0	11216	3230	3844	0	0	88	0	0	0	0	0	0	0	0	0	0	0	0	0	0	0	0	0	0	0	306	0	0	0	0	0	0	0	0	0	0	0	0	0	8024	3052	5648	556	86	202	426	0	0	0	74	0	0	0	0	0	0	0	0	0	0	0	0	0	0	0	0	0	0	0	0	0	0	0	0	0	0	0	0	0	0	0	0	0	0	0	
497036	Cingulum_Ant_R	274	2406	5574	35272	0	7434	1406	10346	0	216	0	6066	260	2626	0	2532	0	202	9272	21610	980	1318	13244	31720	1446	8350	452	1786	592	2154	11216	0	4120	24984	0	0	0	318	0	178	0	0	0	0	0	0	0	0	0	0	0	0	0	0	0	0	0	228	0	0	0	0	0	0	0	0	0	0	0	0	1984	25840	524	9142	114	648	416	1268	0	0	0	0	0	0	0	0	0	0	0	0	0	0	0	0	0	0	0	0	0	0	0	0	0	0	0	0	0	0	0	0	0	0	0	0	0	0	
124420	Cingulum_Mid_L	166	0	4018	1550	0	0	1072	0	0	0	126	0	194	0	0	94	0	0	8604	5074	0	0	3108	1364	0	0	0	0	220	0	3230	4120	0	11070	3842	1690	0	100	0	0	0	0	0	0	256	0	0	0	1230	0	1712	0	240	0	126	0	200	0	192	0	226	0	0	0	516	0	2980	718	2548	454	0	350	0	0	0	0	0	0	0	0	0	0	0	0	676	0	0	0	144	0	0	0	0	0	0	0	0	0	0	0	0	0	0	0	0	0	0	0	0	0	0	0	0	0	0	0	
427128	Cingulum_Mid_R	526	796	4288	18004	0	0	1814	2108	0	0	0	1660	346	1146	0	818	0	0	20900	44346	0	0	10964	14490	0	0	0	0	596	504	3844	24984	11070	0	2384	5190	0	206	0	0	0	0	0	1450	0	3120	0	366	0	2094	0	330	424	222	454	402	0	2952	0	266	0	188	0	194	0	92	1336	8322	5180	10700	0	2122	0	292	0	100	0	0	0	0	0	110	0	0	0	690	0	0	0	1174	0	0	0	0	0	0	0	0	0	0	0	0	0	0	0	0	0	0	0	0	0	0	0	0	0	0	
150644	Cingulum_Post_L	1984	510	0	700	0	0	0	0	0	0	0	0	0	0	0	0	274	0	664	1070	0	0	0	0	0	0	0	0	848	0	0	0	3842	2384	0	13934	6636	8772	4122	878	0	0	1346	0	882	0	620	0	112	0	858	0	1560	518	4626	1760	234	0	86	0	112	0	160	0	372	0	5610	1080	2062	486	0	0	102	0	0	0	322	2698	402	0	172	0	0	0	602	0	0	0	1338	584	0	0	0	0	0	0	0	0	0	0	0	0	0	0	0	0	0	0	0	0	0	0	0	0	0	0	
202416	Cingulum_Post_R	2728	980	0	1182	0	0	176	0	0	0	0	0	0	0	0	0	286	0	196	3190	0	0	0	0	0	0	0	0	1012	0	0	0	1690	5190	13934	0	7210	12624	3114	1276	0	0	0	2844	118	1644	0	2214	0	246	0	84	410	1026	2964	3828	168	860	0	0	0	0	142	0	0	76	1910	11472	1352	2310	0	0	214	0	118	0	1882	4808	514	0	186	80	0	0	0	410	0	0	1106	3104	0	0	0	0	0	0	0	0	0	0	0	0	0	0	0	0	0	0	0	0	330	0	0	0	0	0	
276568	Hippocampus_L	7706	574	5388	864	0	0	1050	0	0	0	158	0	0	0	126	0	1246	0	414	0	372	0	0	0	0	0	0	0	15616	0	88	0	0	0	6636	7210	0	6720	11716	592	6632	0	844	0	0	0	1680	202	0	0	0	0	0	0	12106	188	1998	0	0	0	0	0	1754	0	0	0	2092	356	274	0	326	124	6134	76	930	0	8728	4150	1740	0	3786	0	2024	0	2970	0	0	0	12694	0	0	0	0	0	0	0	0	0	0	0	0	0	0	0	0	0	0	0	0	0	0	0	0	0	0	0	
332968	Hippocampus_R	2914	7332	1002	7430	0	0	164	1002	0	0	0	626	0	0	0	0	260	1012	1002	926	0	78	114	90	0	0	0	0	988	2960	0	318	100	206	8772	12624	6720	0	3070	25382	0	7734	0	154	0	0	0	2162	0	0	0	0	424	144	2638	22230	144	1204	0	264	0	270	134	220	0	0	346	3006	2500	168	510	490	186	13472	78	0	2078	10308	508	706	166	360	0	1648	0	1192	0	0	952	3968	0	0	0	0	0	0	0	690	0	0	0	0	0	0	0	0	0	0	0	0	338	0	0	0	0	0	
97388	ParaHippocampal_L	896	0	0	0	0	0	114	0	0	0	0	0	0	0	252	0	0	0	0	0	1080	0	0	0	0	0	0	0	438	0	0	0	0	0	4122	3114	11716	3070	0	176	2360	0	972	0	0	0	2828	718	0	0	0	0	0	0	4092	0	0	0	0	0	0	0	0	0	0	0	2388	272	0	0	0	0	666	0	0	0	2024	1316	0	0	0	0	1288	0	0	0	260	0	2172	0	0	0	0	0	588	116	516	0	166	0	0	0	0	0	0	0	0	0	410	564	0	0	0	0	0	0	
173408	ParaHippocampal_R	364	942	474	1218	0	0	0	324	0	0	0	214	0	0	0	136	0	0	430	318	0	304	0	0	0	0	0	0	136	818	0	178	0	0	878	1276	592	25382	176	0	0	8730	0	386	0	0	0	2496	0	0	0	0	0	174	358	20658	0	410	0	0	0	0	0	0	0	0	0	942	370	0	270	302	0	8442	0	0	242	2506	96	74	0	80	0	2858	0	356	0	592	0	1552	0	0	0	0	0	0	0	650	0	0	0	0	0	0	0	0	0	0	0	0	0	0	0	0	0	0	
42400	Amygdala_L	0	0	0	0	0	0	0	0	0	0	0	0	0	0	200	0	0	0	0	0	938	0	0	0	0	0	0	0	512	0	0	0	0	0	0	0	6632	0	2360	0	0	0	0	0	0	0	0	0	0	0	0	0	0	0	4704	0	0	0	0	0	0	0	0	0	0	0	0	0	0	0	0	0	356	0	0	0	172	0	0	0	0	0	1890	0	176	0	174	0	3086	0	0	0	0	0	0	0	0	0	0	0	0	0	0	0	0	0	0	0	0	0	0	0	0	0	0	0	
58620	Amygdala_R	0	0	0	0	0	120	0	0	0	0	0	0	0	0	0	248	0	0	0	0	0	782	0	0	0	0	0	128	0	758	0	0	0	0	0	0	0	7734	0	8730	0	0	0	0	0	0	0	0	0	0	0	0	0	0	0	7208	0	0	0	0	0	0	0	0	0	0	0	0	0	0	0	0	0	1364	0	0	0	0	0	0	0	0	0	1992	0	0	0	114	0	132	0	0	0	0	0	0	0	0	0	0	0	0	0	0	0	0	0	0	0	0	0	0	0	0	0	0	
267228	Calcarine_L	564	0	0	0	0	0	0	0	0	0	0	0	0	0	0	0	0	0	0	0	0	0	0	0	0	0	0	0	0	0	0	0	0	0	1346	0	844	0	972	0	0	0	0	8830	15114	7110	13464	2800	9552	1770	26034	118	10790	0	4564	118	1960	0	406	0	752	0	166	0	1094	0	14850	456	706	0	0	0	0	0	0	0	0	0	0	0	0	0	0	0	5126	0	0	0	3740	0	196	0	172	0	0	0	0	0	0	0	0	0	0	0	0	0	0	0	0	0	0	0	0	0	0	0	
365296	Calcarine_R	0	866	0	0	0	0	0	0	0	0	0	0	0	0	0	0	0	0	0	662	0	0	0	0	0	0	0	0	0	0	0	0	0	1450	0	2844	0	154	0	386	0	0	8830	0	4962	34476	3272	28570	86	29700	92	16118	0	4632	0	4586	0	2054	0	142	0	114	0	196	0	796	556	24918	78	2640	0	0	0	0	0	0	0	0	0	0	0	454	0	0	0	5350	0	0	0	3446	0	0	0	0	0	0	0	0	0	0	0	0	0	0	0	0	0	0	0	0	218	0	0	0	0	0	
170952	Cuneus_L	174	0	0	0	0	0	0	0	0	0	0	0	0	0	0	0	0	0	0	0	0	0	0	0	0	0	0	0	0	0	0	0	256	0	882	118	0	0	0	0	0	0	15114	4962	0	8100	2728	936	17882	1072	12360	0	782	0	414	0	2036	0	2016	0	252	0	0	0	416	0	10670	1752	708	0	0	0	0	0	0	0	0	0	0	0	0	0	0	0	1382	0	0	0	464	0	0	0	0	0	0	0	0	0	0	0	0	0	0	0	0	0	0	0	0	0	0	0	0	0	0	0	
305152	Cuneus_R	0	150	0	0	0	0	0	0	0	0	0	0	0	0	0	0	0	0	0	892	0	0	0	0	0	0	0	0	0	0	0	0	0	3120	0	1644	0	0	0	0	0	0	7110	34476	8100	0	2310	8608	190	31410	102	11518	0	1650	0	1406	0	956	0	1050	0	128	0	110	0	184	4312	25146	188	4732	0	0	0	0	0	0	0	0	0	0	0	0	0	0	0	2238	0	0	0	764	0	0	0	0	0	0	0	0	0	0	0	0	0	0	0	0	0	0	0	0	82	0	0	0	0	0	
385948	Lingual_L	132	0	0	0	0	0	0	0	0	0	0	0	0	0	0	0	0	0	0	0	0	0	0	0	0	0	0	0	0	0	0	0	0	0	620	0	1680	0	2828	0	0	0	13464	3272	2728	2310	0	6640	4070	1382	12534	144	5538	352	21348	1658	0	0	0	0	0	0	0	0	0	0	2364	198	0	0	0	0	0	0	0	0	226	0	0	0	0	0	0	0	0	0	0	0	722	0	22218	1044	5258	706	614	104	17610	822	31880	4414	1428	0	2556	0	102	0	0	0	0	0	8198	8988	2822	0	0	0	
361124	Lingual_R	0	340	0	0	0	0	0	0	0	0	0	0	0	0	0	0	0	0	0	112	0	0	0	0	0	0	0	0	0	0	0	0	0	366	0	2214	202	2162	718	2496	0	0	2800	28570	936	8608	6640	0	0	9036	160	4486	418	5868	1872	18254	0	1096	0	0	0	0	0	0	0	0	0	11374	0	528	0	0	0	0	0	0	0	92	0	0	0	0	0	0	0	584	0	0	0	1120	3342	7982	1834	3394	212	548	2876	3882	6362	17350	240	0	792	188	468	112	0	0	0	88	4746	10354	4348	194	198	0	
164272	Occipital_Sup_L	0	0	0	0	0	0	0	0	0	0	0	0	0	0	0	0	0	0	0	0	0	0	0	0	0	0	0	0	0	0	0	0	1230	0	112	0	0	0	0	0	0	0	9552	86	17882	190	4070	0	0	0	24888	0	930	0	96	0	124	0	9736	0	248	0	0	0	320	0	11308	0	0	0	0	0	0	0	0	0	0	0	0	0	0	0	0	0	1364	0	0	0	0	0	0	0	0	0	0	0	0	0	0	0	0	0	0	0	0	0	0	0	0	0	0	0	0	0	0	0	
303560	Occipital_Sup_R	0	128	0	0	0	0	0	0	0	0	0	0	0	0	0	0	0	0	0	626	0	0	0	0	0	0	0	0	0	0	0	0	0	2094	0	246	0	0	0	0	0	0	1770	29700	1072	31410	1382	9036	0	0	0	27006	0	2958	0	2312	0	2160	0	5758	0	3768	0	154	0	5946	178	13608	140	4646	0	0	0	0	0	0	0	0	0	0	0	78	0	0	0	3818	0	0	0	1786	0	0	0	0	0	0	0	0	0	0	0	0	0	0	0	0	0	0	0	0	0	0	0	0	0	0	
439640	Occipital_Mid_L	4866	0	0	0	0	0	0	0	0	0	0	0	0	0	0	0	92	0	146	0	0	0	0	0	0	0	0	0	82	0	0	0	1712	0	858	0	0	0	0	0	0	0	26034	92	12360	102	12534	160	24888	0	0	0	25450	0	9000	118	4746	0	7086	0	8408	0	614	0	18660	0	9950	0	6248	0	0	0	0	0	0	0	0	0	0	0	112	0	0	0	31804	0	0	0	13196	0	418	0	0	0	0	0	0	0	0	0	0	0	0	0	0	0	0	0	0	0	0	84	0	0	0	0	
198492	Occipital_Mid_R	0	0	0	0	0	0	0	0	0	0	0	0	0	0	0	0	0	0	0	112	0	0	0	0	0	0	0	0	0	0	0	0	0	330	0	84	0	0	0	0	0	0	118	16118	0	11518	144	4486	0	27006	0	0	0	4612	0	1580	0	224	0	1364	0	1670	0	338	0	11568	0	3920	0	742	0	0	0	0	0	0	0	0	0	0	0	1346	0	0	0	10048	0	0	0	1918	0	0	0	0	0	0	0	0	0	0	0	0	0	0	0	0	0	0	0	0	0	0	0	0	0	0	
193252	Occipital_Inf_L	4412	0	0	0	0	0	0	0	0	0	0	0	0	0	0	0	684	0	0	410	0	0	0	0	0	0	0	0	642	0	0	0	240	424	1560	410	0	424	0	0	0	0	10790	0	782	0	5538	418	930	0	25450	0	0	262	15816	684	358	0	0	0	134	0	88	0	160	0	3092	0	4680	206	0	0	0	0	0	0	0	0	0	0	0	0	0	0	5040	0	0	0	9316	158	998	0	190	0	0	0	0	0	992	396	0	0	0	0	0	0	0	0	0	0	0	650	292	0	0	0	
89424	Occipital_Inf_R	210	268	0	150	0	0	0	0	0	0	0	0	0	0	0	0	0	0	0	424	0	0	0	0	0	0	0	0	0	0	0	0	0	222	518	1026	0	144	0	174	0	0	0	4632	0	1650	352	5868	0	2958	0	4612	262	0	374	7284	0	92	0	0	0	0	0	0	0	0	0	1192	218	352	0	0	0	0	0	0	0	0	0	0	0	0	0	0	0	410	0	0	0	4524	198	1076	294	690	0	0	0	0	266	2470	0	0	0	0	0	0	0	0	0	0	0	1042	760	0	0	0	
482544	Fusiform_L	4186	0	1868	0	0	0	118	0	0	0	0	0	0	0	0	0	1184	0	0	448	334	0	0	0	0	0	0	0	5278	0	0	0	126	454	4626	2964	12106	2638	4092	358	4704	0	4564	0	414	0	21348	1872	96	0	9000	0	15816	374	0	1798	296	0	0	0	0	0	86	0	0	0	3024	96	3904	222	0	0	460	0	0	0	1368	172	230	0	1910	0	2936	0	3842	0	1174	0	20446	240	26440	384	7194	338	438	0	13222	332	31652	1648	4228	0	5640	0	226	0	152	0	0	0	4012	3172	1022	0	0	0	
467584	Fusiform_R	1308	1268	0	802	0	0	0	204	0	0	0	100	0	0	0	0	0	0	0	880	0	96	0	0	0	0	0	0	138	1100	0	0	0	402	1760	3828	188	22230	0	20658	0	7208	118	4586	0	1406	1658	18254	0	2312	118	1580	684	7284	1798	0	0	550	0	244	0	252	0	0	0	0	0	2646	1416	536	0	178	0	7572	0	0	114	1672	0	0	0	126	0	5076	0	2288	0	1812	106	11276	714	28182	868	5584	0	1598	166	7620	1450	34726	0	830	0	3788	152	172	0	0	0	372	1542	4668	2934	342	252	0	
260332	Postcentral_L	23730	0	2686	94	0	0	2632	0	0	0	1236	0	0	0	0	0	7540	0	918	186	0	0	0	0	0	0	0	0	6414	0	306	0	200	0	234	168	1998	144	0	0	0	0	1960	0	2036	0	0	0	124	0	4746	0	358	0	296	0	0	0	11350	0	21874	0	10094	0	4922	0	3238	0	3318	0	304	0	1502	0	96	0	822	92	852	0	4658	0	0	0	6580	0	0	0	2458	0	0	0	0	0	0	0	0	0	0	0	0	0	0	0	0	0	0	0	0	0	0	0	0	0	0	0	
176172	Postcentral_R	120	18226	214	1668	0	0	0	2552	0	0	0	2832	0	0	0	0	0	2464	126	1138	0	0	0	0	0	0	0	0	82	3002	0	228	0	2952	0	860	0	1204	0	410	0	0	0	2054	0	956	0	1096	0	2160	0	224	0	92	0	550	0	0	0	8316	0	6446	0	7622	0	698	0	6918	92	6500	0	110	0	2290	0	270	0	402	0	0	0	736	0	0	0	1444	0	0	0	1032	0	0	0	0	0	0	0	0	0	0	0	0	0	0	0	0	0	0	0	0	0	0	0	0	0	0	
134316	Parietal_Sup_L	1392	0	254	0	0	0	0	0	0	0	0	0	0	0	0	0	224	0	224	0	0	0	0	0	0	0	0	0	74	0	0	0	192	0	86	0	0	0	0	0	0	0	406	0	2016	0	0	0	9736	0	7086	0	0	0	0	0	11350	0	0	0	13526	0	638	0	4082	0	13148	0	494	0	0	0	0	0	0	0	0	0	0	0	88	0	0	0	1782	0	0	0	360	0	0	0	0	0	0	0	0	0	0	0	0	0	0	0	0	0	0	0	0	0	0	0	0	0	0	0	
161064	Parietal_Sup_R	0	536	0	330	0	0	0	0	0	0	0	132	0	0	0	0	0	444	0	364	0	0	0	0	0	0	0	0	0	0	0	0	0	266	0	0	0	264	0	0	0	0	0	142	0	1050	0	0	0	5758	0	1364	0	0	0	244	0	8316	0	0	0	22972	0	8978	0	9926	860	9864	0	842	0	0	0	0	0	0	0	0	0	166	0	1122	0	0	0	2646	0	0	0	3946	0	0	0	0	0	0	0	0	0	0	0	0	0	0	0	0	0	0	0	0	0	0	0	0	0	0	
216680	Parietal_Inf_L	4762	0	312	0	0	0	0	0	0	0	140	0	0	0	0	0	1278	0	288	0	0	0	0	0	0	0	0	0	370	0	0	0	226	0	112	0	0	0	0	0	0	0	752	0	252	0	0	0	248	0	8408	0	134	0	0	0	21874	0	13526	0	0	0	19414	0	18584	0	1962	0	572	0	0	0	0	0	0	0	0	0	0	0	2906	0	0	0	7472	0	0	0	4748	0	0	0	0	0	0	0	0	0	0	0	0	0	0	0	0	0	0	0	0	0	0	0	0	0	0	0	
149040	Parietal_Inf_R	0	568	0	380	0	0	0	0	0	0	0	228	0	0	0	0	0	514	0	460	0	0	0	0	0	0	0	0	0	0	0	0	0	188	0	0	0	270	0	0	0	0	0	114	0	128	0	0	0	3768	0	1670	0	0	0	252	0	6446	0	22972	0	0	0	13166	0	12184	0	450	0	202	0	0	0	0	0	0	0	0	0	170	0	1180	0	0	0	3656	0	0	0	5554	0	0	0	0	0	0	0	0	0	0	0	0	0	0	0	0	0	0	0	0	0	0	0	0	0	0	
142716	SupraMarginal_L	2886	0	0	0	0	0	0	0	0	0	0	0	0	0	0	0	3592	0	0	0	0	0	0	0	0	0	0	0	3902	0	0	0	0	0	160	142	1754	134	0	0	0	0	166	0	0	0	0	0	0	0	614	0	88	0	86	0	10094	0	638	0	19414	0	0	0	6554	0	0	0	1292	0	0	0	0	0	0	0	0	0	242	0	8504	0	0	0	6420	0	0	0	4676	0	0	0	0	0	0	0	0	0	0	0	0	0	0	0	0	0	0	0	0	0	0	0	0	0	0	0	
104204	SupraMarginal_R	0	698	0	138	0	0	0	0	0	0	0	124	0	0	0	0	0	878	0	120	0	0	0	0	0	0	0	0	0	144	0	0	0	194	0	0	0	220	0	0	0	0	0	196	0	110	0	0	0	154	0	338	0	0	0	0	0	7622	0	8978	0	13166	0	0	0	5556	0	502	0	202	0	0	0	0	0	0	0	0	0	0	0	2946	0	0	0	5666	0	0	0	4150	0	0	0	0	0	0	0	0	0	0	0	0	0	0	0	0	0	0	0	0	0	0	0	0	0	0	
155320	Angular_L	984	0	76	0	0	0	0	0	0	0	0	0	0	0	0	0	426	0	132	0	0	0	0	0	0	0	0	0	182	0	0	0	516	0	372	0	0	0	0	0	0	0	1094	0	416	0	0	0	320	0	18660	0	160	0	0	0	4922	0	4082	0	18584	0	6554	0	0	0	1454	0	1366	0	0	0	0	0	0	0	0	0	0	0	834	0	0	0	13484	0	0	0	3042	0	0	0	0	0	0	0	0	0	0	0	0	0	0	0	0	0	0	0	0	0	0	0	0	0	0	0	
125408	Angular_R	0	84	0	0	0	0	0	0	0	0	0	0	0	0	0	0	0	0	0	0	0	0	0	0	0	0	0	0	0	0	0	0	0	92	0	76	0	0	0	0	0	0	0	796	0	184	0	0	0	5946	0	11568	0	0	0	0	0	698	0	9926	0	12184	0	5556	0	0	0	1752	0	298	0	0	0	0	0	0	0	0	0	0	0	3364	0	0	0	6522	0	0	0	3658	0	0	0	0	0	0	0	0	0	0	0	0	0	0	0	0	0	0	0	0	0	0	0	0	0	0	
237204	Precuneus_L	342	0	0	0	0	0	0	0	0	0	0	0	0	0	0	0	0	0	156	332	0	0	0	0	0	0	0	0	0	0	0	0	2980	1336	5610	1910	2092	346	2388	0	0	0	14850	556	10670	4312	2364	0	11308	178	9950	0	3092	0	3024	0	3238	0	13148	860	1962	0	0	0	1454	0	0	9236	2506	116	0	0	0	0	0	0	0	0	0	0	0	0	0	0	5858	0	0	0	2300	0	128	0	0	0	0	0	0	0	0	0	0	0	0	0	0	0	0	0	0	0	0	0	0	0	0	0	
347380	Precuneus_R	114	1576	0	76	0	0	0	0	0	0	0	0	0	0	0	0	0	0	0	2572	0	0	0	0	0	0	0	0	0	0	0	0	718	8322	1080	11472	356	3006	272	942	0	0	456	24918	1752	25146	198	11374	0	13608	0	3920	0	1192	96	2646	0	6918	0	9864	0	450	0	502	0	1752	9236	0	468	11946	0	0	0	0	0	0	0	172	0	0	0	868	0	0	0	9004	0	0	118	5858	0	0	0	0	0	0	0	140	0	0	0	0	0	0	0	0	0	0	0	0	582	0	0	0	0	0	
231964	Paracentral_Lobule_L	21658	2232	2660	3814	0	0	0	0	0	0	0	0	0	0	0	0	450	0	13752	8274	0	0	0	0	0	0	0	0	406	0	0	0	2548	5180	2062	1352	274	2500	0	370	0	0	706	78	708	188	0	0	0	140	6248	0	4680	218	3904	1416	3318	92	494	0	572	0	1292	0	1366	0	2506	468	0	1304	204	268	178	0	1336	128	1168	176	514	0	1470	0	0	0	7254	0	0	0	5648	212	196	0	0	0	0	0	0	0	0	0	0	0	0	0	0	0	0	0	0	0	0	0	0	0	0	0	
150048	Paracentral_Lobule_R	192	4732	0	208	0	0	0	0	0	0	0	0	0	0	0	0	0	0	0	12538	0	0	0	0	0	0	0	0	0	104	0	0	454	10700	486	2310	0	168	0	0	0	0	0	2640	0	4732	0	528	0	4646	0	742	206	352	222	536	0	6500	0	842	0	202	0	202	0	298	116	11946	1304	0	0	0	0	0	0	0	0	0	0	0	0	676	0	0	0	3164	0	0	0	3278	0	0	0	0	0	0	0	0	0	0	0	0	0	0	0	0	0	0	0	0	0	0	0	0	0	0	
206932	Caudate_L	822	216	11490	1910	2248	250	2294	152	150	0	0	144	1072	0	1706	0	0	0	4670	2104	4994	4656	1728	552	456	208	4480	372	2454	90	8024	1984	0	0	0	0	326	510	0	270	0	0	0	0	0	0	0	0	0	0	0	0	0	0	0	0	304	0	0	0	0	0	0	0	0	0	0	0	204	0	0	10386	14524	2164	3830	1282	9248	1108	0	0	84	0	0	0	0	0	0	0	0	0	0	0	0	0	0	0	0	0	0	0	0	0	0	0	0	0	0	0	0	0	0	0	0	0	0	0	
386752	Caudate_R	582	1654	3518	24976	846	5976	810	2308	0	370	0	1552	278	3744	588	2724	0	220	6104	18484	3458	4338	1408	14854	454	5822	2198	1578	268	4406	3052	25840	350	2122	0	0	124	490	0	302	0	0	0	0	0	0	0	0	0	0	0	0	0	0	0	178	0	110	0	0	0	0	0	0	0	0	0	0	268	0	10386	0	2038	17510	714	2972	2848	10554	0	0	0	0	0	0	0	0	0	0	0	0	0	0	0	0	0	0	0	0	0	0	0	0	0	0	0	0	0	0	0	0	0	0	0	0	0	0	
274432	Putamen_L	6280	182	29430	586	2928	0	8146	0	300	0	628	0	1792	0	2904	0	212	0	10052	1450	1902	830	2028	128	194	0	644	0	16428	0	5648	524	0	0	102	214	6134	186	666	0	356	0	0	0	0	0	0	0	0	0	0	0	0	0	460	0	1502	0	0	0	0	0	0	0	0	0	0	0	178	0	14524	2038	0	360	9108	0	6454	262	0	0	402	0	394	0	178	0	0	0	482	0	0	0	0	0	0	0	0	0	0	0	0	0	0	0	0	0	0	0	0	0	0	0	0	0	0	0	
276712	Putamen_R	0	4922	2464	9492	0	2358	172	3912	0	602	0	2848	0	740	0	4180	0	2366	2504	6146	128	182	628	4478	0	1578	0	374	356	15074	556	9142	0	292	0	0	76	13472	0	8442	0	1364	0	0	0	0	0	0	0	0	0	0	0	0	0	7572	0	2290	0	0	0	0	0	0	0	0	0	0	0	0	2164	17510	360	0	0	3738	356	2308	0	0	0	870	0	626	0	324	0	0	0	1028	0	0	0	0	0	0	0	362	0	0	0	0	0	0	0	0	0	0	0	0	0	0	0	0	0	0	
75416	Pallidum_L	2074	284	7568	488	0	0	1662	0	0	0	0	0	0	0	0	0	0	0	5304	300	0	234	0	0	0	0	0	0	90	0	86	114	0	0	0	118	930	78	0	0	0	0	0	0	0	0	0	0	0	0	0	0	0	0	0	0	96	0	0	0	0	0	0	0	0	0	0	0	1336	0	3830	714	9108	0	0	0	3078	216	0	0	0	0	0	0	0	0	0	0	0	0	0	0	0	0	0	0	0	0	0	0	0	0	0	0	0	0	0	0	0	0	0	0	0	0	0	0	
34168	Pallidum_R	0	1014	800	1760	0	0	168	1468	0	0	0	186	0	0	0	0	0	0	520	1126	0	0	336	0	0	0	0	0	366	0	202	648	0	100	0	0	0	0	0	0	0	0	0	0	0	0	0	0	0	0	0	0	0	0	0	0	0	270	0	0	0	0	0	0	0	0	0	0	128	0	1282	2972	0	3738	0	0	0	0	0	0	0	0	0	0	0	0	0	0	0	0	0	0	0	0	0	0	0	0	0	0	0	0	0	0	0	0	0	0	0	0	0	0	0	0	0	0	
174988	Thalamus_L	12720	1176	5608	2346	0	0	5628	0	0	0	0	0	0	0	0	0	308	0	2104	130	0	0	0	396	0	0	0	0	4274	84	426	416	0	0	322	1882	8728	2078	2024	242	172	0	0	0	0	0	226	0	0	0	0	0	0	0	1368	114	822	0	0	0	0	0	0	0	0	0	0	0	1168	0	9248	2848	6454	356	3078	0	0	6796	862	0	308	0	0	0	554	0	0	0	2228	0	0	0	0	0	0	0	0	0	0	0	0	0	0	0	0	0	0	0	0	0	0	0	0	0	0	0	
207228	Thalamus_R	1886	13566	362	29966	0	144	264	926	0	0	0	162	0	0	0	156	0	0	250	406	0	0	0	1188	0	0	0	0	416	384	0	1268	0	0	2698	4808	4150	10308	1316	2506	0	0	0	0	0	0	0	92	0	0	0	0	0	0	172	1672	92	402	0	0	0	0	0	0	0	0	0	172	176	0	1108	10554	262	2308	216	0	6796	0	448	0	0	540	0	0	0	346	0	0	94	1034	0	0	0	0	0	0	0	0	0	0	0	0	0	0	0	0	0	0	0	0	0	0	0	0	0	0	
50052	Heschl_L	2174	74	0	112	0	0	0	0	0	0	172	0	0	0	0	0	3414	0	0	0	0	0	0	0	0	0	0	0	5256	0	0	0	0	0	402	514	1740	508	0	96	0	0	0	0	0	0	0	0	0	0	0	0	0	0	230	0	852	0	0	0	0	0	242	0	0	0	0	0	514	0	0	0	0	0	0	0	862	448	0	0	2516	0	0	0	2494	0	0	0	2406	0	0	0	0	0	0	0	0	0	0	0	0	0	0	0	0	0	0	0	0	0	0	0	0	0	0	0	
13232	Heschl_R	0	162	0	0	0	0	0	0	0	0	0	0	0	0	0	0	0	1420	0	84	0	0	0	0	0	0	0	0	0	1010	0	0	0	0	0	0	0	706	0	74	0	0	0	0	0	0	0	0	0	0	0	0	0	0	0	0	0	0	0	166	0	170	0	0	0	0	0	0	0	0	0	0	0	0	0	0	0	0	0	0	0	1852	0	0	0	618	0	0	0	354	0	0	0	0	0	0	0	0	0	0	0	0	0	0	0	0	0	0	0	0	0	0	0	0	0	0	
204388	Temporal_Sup_L	4866	0	5226	0	0	0	1640	0	0	0	3030	0	96	0	0	0	13404	0	1446	0	0	0	0	0	0	0	0	0	15166	0	74	0	0	0	172	186	3786	166	0	0	0	0	0	0	0	0	0	0	0	0	112	0	0	0	1910	0	4658	0	88	0	2906	0	8504	0	834	0	0	0	1470	0	84	0	402	0	0	0	308	0	2516	0	0	0	3652	0	16234	0	0	0	9258	0	0	0	0	0	0	0	0	0	0	0	0	0	0	0	0	0	0	0	0	0	0	0	0	0	0	0	
71032	Temporal_Sup_R	0	684	0	312	0	0	0	0	0	0	0	0	0	0	0	0	0	1852	0	384	0	0	0	0	0	0	0	0	0	1920	0	0	0	110	0	80	0	360	0	80	0	0	0	454	0	0	0	0	0	78	0	1346	0	0	0	126	0	736	0	1122	0	1180	0	2946	0	3364	0	868	0	676	0	0	0	870	0	0	0	540	0	1852	0	0	0	1352	0	10372	0	0	0	1852	0	0	0	0	0	0	0	0	0	0	0	0	0	0	0	0	0	0	0	0	0	0	0	0	0	0	
74648	Temporal_Pole_Sup_L	170	0	2018	0	0	0	338	0	0	0	2164	0	0	0	588	0	2270	0	1478	0	1094	0	0	0	0	0	0	0	4102	0	0	0	0	0	0	0	2024	0	1288	0	1890	0	0	0	0	0	0	0	0	0	0	0	0	0	2936	0	0	0	0	0	0	0	0	0	0	0	0	0	0	0	0	0	394	0	0	0	0	0	0	0	3652	0	0	0	4734	0	2948	0	3236	0	0	0	0	0	0	0	0	0	0	0	0	0	0	0	0	0	0	0	0	0	0	0	0	0	0	0	
53392	Temporal_Pole_Sup_R	0	0	0	358	0	0	0	0	0	0	0	520	0	0	0	90	0	1090	0	352	0	112	0	0	0	0	0	0	0	792	0	0	0	0	0	0	0	1648	0	2858	0	1992	0	0	0	0	0	0	0	0	0	0	0	0	0	5076	0	0	0	0	0	0	0	0	0	0	0	0	0	0	0	0	0	626	0	0	0	0	0	0	0	1352	0	0	0	2926	0	2726	0	4178	0	0	0	0	0	0	0	0	0	0	0	0	0	0	0	0	0	0	0	0	0	0	0	0	0	0	
365440	Temporal_Mid_L	6382	0	284	0	0	0	0	0	0	0	0	0	0	0	0	0	3886	0	108	0	0	0	0	0	0	0	0	0	4180	0	0	0	676	0	602	0	2970	0	0	0	176	0	5126	0	1382	0	0	0	1364	0	31804	0	5040	0	3842	0	6580	0	1782	0	7472	0	6420	0	13484	0	5858	0	7254	0	0	0	178	0	0	0	554	0	2494	0	16234	0	4734	0	0	0	2282	0	39572	0	0	0	0	0	0	0	0	0	0	0	0	0	0	0	0	0	0	0	0	0	0	0	0	0	0	0	
206772	Temporal_Mid_R	0	1664	0	332	0	0	0	0	0	0	0	0	0	0	0	0	0	232	0	1128	0	0	0	0	0	0	0	0	0	512	0	0	0	690	0	410	0	1192	0	356	0	0	0	5350	0	2238	0	584	0	3818	0	10048	0	410	0	2288	0	1444	0	2646	0	3656	0	5666	0	6522	0	9004	0	3164	0	0	0	324	0	0	0	346	0	618	0	10372	0	2926	0	0	0	520	0	24926	0	0	0	0	0	0	0	0	0	0	0	0	0	0	0	0	0	0	0	0	0	0	0	0	0	0	
17376	Temporal_Pole_Mid_L	0	0	0	0	0	0	0	0	0	0	0	0	0	0	0	0	0	0	0	0	0	0	0	0	0	0	0	0	0	0	0	0	0	0	0	0	0	0	260	0	174	0	0	0	0	0	0	0	0	0	0	0	0	0	1174	0	0	0	0	0	0	0	0	0	0	0	0	0	0	0	0	0	0	0	0	0	0	0	0	0	0	0	2948	0	2282	0	0	0	1850	0	0	0	0	0	0	0	0	0	0	0	0	0	0	0	0	0	0	0	0	0	0	0	0	0	0	0	
14216	Temporal_Pole_Mid_R	0	0	0	0	0	0	0	0	0	0	0	0	0	0	0	0	0	0	0	0	0	0	0	0	0	0	0	0	0	0	0	0	0	0	0	0	0	0	0	592	0	114	0	0	0	0	0	0	0	0	0	0	0	0	0	1812	0	0	0	0	0	0	0	0	0	0	0	0	0	0	0	0	0	0	0	0	0	0	0	0	0	0	0	2726	0	520	0	0	0	1344	0	0	0	0	0	0	0	0	0	0	0	0	0	0	0	0	0	0	0	0	0	0	0	0	0	0	
363740	Temporal_Inf_L	6508	0	2446	0	0	0	184	0	0	0	74	0	0	0	0	0	4272	0	0	0	0	0	0	0	0	0	0	0	9866	0	0	0	144	0	1338	1106	12694	952	2172	0	3086	0	3740	0	464	0	722	0	0	0	13196	0	9316	0	20446	106	2458	0	360	0	4748	0	4676	0	3042	0	2300	118	5648	0	0	0	482	0	0	0	2228	94	2406	0	9258	0	3236	0	39572	0	1850	0	0	0	3264	0	1238	0	0	0	104	0	538	0	834	0	584	0	0	0	0	0	0	0	0	0	0	0	0	0	
225348	Temporal_Inf_R	182	1892	0	480	0	0	0	136	0	0	0	0	0	0	0	0	0	0	0	2616	0	0	0	0	0	0	0	0	0	882	0	0	0	1174	584	3104	0	3968	0	1552	0	132	0	3446	0	764	0	1120	0	1786	0	1918	158	4524	240	11276	0	1032	0	3946	0	5554	0	4150	0	3658	0	5858	212	3278	0	0	0	1028	0	0	0	1034	0	354	0	1852	0	4178	0	24926	0	1344	0	0	0	5676	0	628	0	136	0	290	0	340	0	204	0	974	0	0	0	0	0	88	0	0	0	0	0	0	
655736	Cerebelum_Crus1_L	198	0	0	0	0	0	0	0	0	0	0	0	0	0	0	0	0	0	0	0	0	0	0	0	0	0	0	0	0	0	0	0	0	0	0	0	0	0	0	0	0	0	196	0	0	0	22218	3342	0	0	418	0	998	198	26440	714	0	0	0	0	0	0	0	0	0	0	128	0	196	0	0	0	0	0	0	0	0	0	0	0	0	0	0	0	0	0	0	0	3264	0	0	1772	62818	1328	1574	230	26918	1308	66164	4912	26190	0	39164	184	6440	180	1128	0	0	132	10146	10430	6608	888	896	148	
513764	Cerebelum_Crus1_R	0	0	0	0	0	0	0	0	0	0	0	0	0	0	0	0	0	0	0	0	0	0	0	0	0	0	0	0	0	0	0	0	0	0	0	0	0	0	0	0	0	0	0	0	0	0	1044	7982	0	0	0	0	0	1076	384	28182	0	0	0	0	0	0	0	0	0	0	0	0	0	0	0	0	0	0	0	0	0	0	0	0	0	0	0	0	0	0	0	0	0	5676	1772	0	2802	47666	178	4318	1172	16390	3364	57360	876	11842	1224	30192	1002	1260	0	0	0	4024	7210	6224	8842	3000	1820	0	
566220	Cerebelum_Crus2_L	0	0	0	0	0	0	0	0	0	0	0	0	0	0	0	0	0	0	0	0	0	0	0	0	0	0	0	0	0	0	0	0	0	0	0	0	0	0	0	0	0	0	172	0	0	0	5258	1834	0	0	0	0	190	294	7194	868	0	0	0	0	0	0	0	0	0	0	0	0	0	0	0	0	0	0	0	0	0	0	0	0	0	0	0	0	0	0	0	0	1238	0	62818	2802	0	9482	936	176	9244	644	25766	3326	56192	3896	54654	4006	5944	280	852	0	0	120	2866	4364	10952	5422	1320	0	
452596	Cerebelum_Crus2_R	0	0	0	0	0	0	0	0	0	0	0	0	0	0	0	0	0	0	0	0	0	0	0	0	0	0	0	0	0	0	0	0	0	0	0	0	0	0	0	0	0	0	0	0	0	0	706	3394	0	0	0	0	0	690	338	5584	0	0	0	0	0	0	0	0	0	0	0	0	0	0	0	0	0	0	0	0	0	0	0	0	0	0	0	0	0	0	0	0	0	628	1328	47666	9482	0	192	1710	674	6172	1840	18104	6036	30196	6420	46522	650	2158	0	94	0	1948	2738	3044	15096	9886	3002	0	
58436	Cerebelum_3_L	0	0	0	0	0	0	0	0	0	0	0	0	0	0	0	0	0	0	0	0	0	0	0	0	0	0	0	0	0	0	0	0	0	0	0	0	0	0	588	0	0	0	0	0	0	0	614	212	0	0	0	0	0	0	438	0	0	0	0	0	0	0	0	0	0	0	0	0	0	0	0	0	0	0	0	0	0	0	0	0	0	0	0	0	0	0	0	0	0	0	1574	178	936	192	0	152	10250	386	2234	520	118	0	646	0	1456	0	86	0	1294	2342	3564	788	252	116	282	0	
107560	Cerebelum_3_R	0	0	0	0	0	0	0	0	0	0	0	0	0	0	0	0	0	0	0	0	0	0	0	0	0	0	0	0	0	0	0	0	0	0	0	0	0	0	116	0	0	0	0	0	0	0	104	548	0	0	0	0	0	0	0	1598	0	0	0	0	0	0	0	0	0	0	0	0	0	0	0	0	0	0	0	0	0	0	0	0	0	0	0	0	0	0	0	0	0	136	230	4318	176	1710	152	0	1372	10880	402	9476	0	204	182	1924	550	1312	0	0	1238	4472	4232	2450	1708	1972	1948	370	
381536	Cerebelum_4_5_L	0	0	0	0	0	0	0	0	0	0	0	0	0	0	0	0	0	0	0	0	0	0	0	0	0	0	0	0	0	0	0	0	0	0	0	0	0	0	516	0	0	0	0	0	0	0	17610	2876	0	0	0	0	0	0	13222	166	0	0	0	0	0	0	0	0	0	0	0	0	0	0	0	0	0	0	0	0	0	0	0	0	0	0	0	0	0	0	0	0	104	0	26918	1172	9244	674	10250	1372	0	3920	42160	4836	4598	0	9822	174	3556	580	752	0	1046	1992	20290	8772	1136	556	1210	1244	
279100	Cerebelum_4_5_R	0	0	0	0	0	0	0	0	0	0	0	0	0	0	0	0	0	0	0	0	0	0	0	0	0	0	0	0	0	0	0	0	0	0	0	0	0	690	0	650	0	0	0	0	0	0	822	3882	0	0	0	0	0	0	332	7620	0	0	0	0	0	0	0	0	0	0	0	140	0	0	0	0	0	362	0	0	0	0	0	0	0	0	0	0	0	0	0	0	0	290	1308	16390	644	6172	386	10880	3920	0	2838	34880	268	774	598	6256	1156	1746	0	140	514	6410	16824	3796	3112	2916	2552	282	
613720	Cerebelum_6_L	0	0	0	0	0	0	0	0	0	0	0	0	0	0	0	0	0	0	0	0	0	0	0	0	0	0	0	0	0	0	0	0	0	0	0	0	0	0	166	0	0	0	0	0	0	0	31880	6362	0	0	0	0	992	266	31652	1450	0	0	0	0	0	0	0	0	0	0	0	0	0	0	0	0	0	0	0	0	0	0	0	0	0	0	0	0	0	0	0	0	538	0	66164	3364	25766	1840	2234	402	42160	2838	0	9806	12330	0	20508	146	3846	226	760	0	0	192	16012	17690	6078	398	546	248	
569976	Cerebelum_6_R	0	0	0	0	0	0	0	0	0	0	0	0	0	0	0	0	0	0	0	0	0	0	0	0	0	0	0	0	0	0	0	0	0	0	0	0	0	0	0	0	0	0	0	0	0	0	4414	17350	0	0	0	0	396	2470	1648	34726	0	0	0	0	0	0	0	0	0	0	0	0	0	0	0	0	0	0	0	0	0	0	0	0	0	0	0	0	0	0	0	0	0	340	4912	57360	3326	18104	520	9476	4836	34880	9806	0	656	2558	1818	12196	2840	1674	0	166	212	5234	16440	18492	11288	3364	3152	334	
392152	Cerebelum_7b_L	0	0	0	0	0	0	0	0	0	0	0	0	0	0	0	0	0	0	0	0	0	0	0	0	0	0	0	0	0	0	0	0	0	0	0	0	0	0	0	0	0	0	0	0	0	0	1428	240	0	0	0	0	0	0	4228	0	0	0	0	0	0	0	0	0	0	0	0	0	0	0	0	0	0	0	0	0	0	0	0	0	0	0	0	0	0	0	0	0	834	0	26190	876	56192	6036	118	0	4598	268	12330	656	0	6178	49712	5758	3912	100	688	0	0	0	1426	1270	4210	8556	272	0	
215380	Cerebelum_7b_R	0	0	0	0	0	0	0	0	0	0	0	0	0	0	0	0	0	0	0	0	0	0	0	0	0	0	0	0	0	0	0	0	0	0	0	0	0	0	0	0	0	0	0	0	0	0	0	0	0	0	0	0	0	0	0	830	0	0	0	0	0	0	0	0	0	0	0	0	0	0	0	0	0	0	0	0	0	0	0	0	0	0	0	0	0	0	0	0	0	204	0	11842	3896	30196	0	204	0	774	0	2558	6178	0	6272	32322	122	874	0	74	0	348	208	0	2416	7954	418	0	
523988	Cerebelum_8_L	0	0	0	0	0	0	0	0	0	0	0	0	0	0	0	0	0	0	0	0	0	0	0	0	0	0	0	0	0	0	0	0	0	0	0	0	0	0	0	0	0	0	0	0	0	0	2556	792	0	0	0	0	0	0	5640	0	0	0	0	0	0	0	0	0	0	0	0	0	0	0	0	0	0	0	0	0	0	0	0	0	0	0	0	0	0	0	0	0	584	0	39164	1224	54654	6420	646	182	9822	598	20508	1818	49712	6272	0	10090	20586	776	3156	0	0	82	2834	2638	6500	12936	1690	114	
410024	Cerebelum_8_R	0	0	0	0	0	0	0	0	0	0	0	0	0	0	0	0	0	0	0	0	0	0	0	0	0	0	0	0	0	0	0	0	0	0	0	0	0	0	0	0	0	0	0	0	0	0	0	188	0	0	0	0	0	0	0	3788	0	0	0	0	0	0	0	0	0	0	0	0	0	0	0	0	0	0	0	0	0	0	0	0	0	0	0	0	0	0	0	0	0	974	184	30192	4006	46522	0	1924	174	6256	146	12196	5758	32322	10090	0	1606	15456	0	2148	0	2186	1938	220	7608	15764	3366	0	
154976	Cerebelum_9_L	0	0	0	0	0	0	0	0	0	0	0	0	0	0	0	0	0	0	0	0	0	0	0	0	0	0	0	0	0	0	0	0	0	0	0	0	0	0	0	0	0	0	0	0	0	0	102	468	0	0	0	0	0	0	226	152	0	0	0	0	0	0	0	0	0	0	0	0	0	0	0	0	0	0	0	0	0	0	0	0	0	0	0	0	0	0	0	0	0	0	6440	1002	5944	650	1456	550	3556	1156	3846	2840	3912	122	20586	1606	0	2044	4748	100	244	592	2406	4364	2706	2388	2508	774	
107680	Cerebelum_9_R	0	0	0	0	0	0	0	0	0	0	0	0	0	0	0	0	0	0	0	0	0	0	0	0	0	0	0	0	0	0	0	0	0	0	0	0	0	0	0	0	0	0	0	0	0	0	0	112	0	0	0	0	0	0	0	172	0	0	0	0	0	0	0	0	0	0	0	0	0	0	0	0	0	0	0	0	0	0	0	0	0	0	0	0	0	0	0	0	0	0	180	1260	280	2158	0	1312	580	1746	226	1674	100	874	776	15456	2044	0	0	2872	566	950	1578	1806	3412	5948	6284	1474	
24792	Cerebelum_10_L	0	0	0	0	0	0	0	0	0	0	0	0	0	0	0	0	0	0	0	0	0	0	0	0	0	0	0	0	0	0	0	0	0	0	0	0	0	0	0	0	0	0	0	0	0	0	0	0	0	0	0	0	0	0	152	0	0	0	0	0	0	0	0	0	0	0	0	0	0	0	0	0	0	0	0	0	0	0	0	0	0	0	0	0	0	0	0	0	0	0	1128	0	852	0	86	0	752	0	760	0	688	0	3156	0	4748	0	0	0	0	74	0	0	0	0	0	0	
11188	Cerebelum_10_R	0	0	0	0	0	0	0	0	0	0	0	0	0	0	0	0	0	0	0	0	0	0	0	0	0	0	0	0	0	0	0	0	0	0	0	0	0	0	0	0	0	0	0	0	0	0	0	0	0	0	0	0	0	0	0	0	0	0	0	0	0	0	0	0	0	0	0	0	0	0	0	0	0	0	0	0	0	0	0	0	0	0	0	0	0	0	0	0	0	0	0	0	0	94	0	0	0	140	0	166	0	74	0	2148	100	2872	0	0	0	0	0	0	0	0	0	0	
29588	Vermis_1_2	0	0	0	0	0	0	0	0	0	0	0	0	0	0	0	0	0	0	0	0	0	0	0	0	0	0	0	0	0	0	0	0	0	0	0	0	0	0	410	0	0	0	0	0	0	0	0	0	0	0	0	0	0	0	0	0	0	0	0	0	0	0	0	0	0	0	0	0	0	0	0	0	0	0	0	0	0	0	0	0	0	0	0	0	0	0	0	0	0	0	0	0	0	0	1294	1238	1046	514	0	212	0	0	0	0	244	566	0	0	0	4652	1964	658	358	542	818	278	
95160	Vermis_3	0	0	0	0	0	0	0	0	0	0	0	0	0	0	0	0	0	0	0	0	0	0	0	0	0	0	0	0	0	0	0	0	0	0	0	0	0	0	564	0	0	0	0	0	0	0	0	88	0	0	0	0	0	0	0	372	0	0	0	0	0	0	0	0	0	0	0	0	0	0	0	0	0	0	0	0	0	0	0	0	0	0	0	0	0	0	0	0	0	88	132	4024	120	1948	2342	4472	1992	6410	192	5234	0	348	82	2186	592	950	74	0	4652	0	4988	1320	1230	1270	1610	300	
321060	Vermis_4_5	0	0	0	0	0	0	0	0	0	0	0	0	0	0	0	0	0	0	0	0	0	0	0	0	0	0	0	0	0	0	0	0	0	0	0	330	0	338	0	0	0	0	0	218	0	82	8198	4746	0	0	0	0	0	0	4012	1542	0	0	0	0	0	0	0	0	0	0	0	582	0	0	0	0	0	0	0	0	0	0	0	0	0	0	0	0	0	0	0	0	0	0	10146	7210	2866	2738	3564	4232	20290	16824	16012	16440	1426	208	2834	1938	2406	1578	0	0	1964	4988	0	13866	1832	1698	3020	2402	
298804	Vermis_6	0	0	0	0	0	0	0	0	0	0	0	0	0	0	0	0	0	0	0	0	0	0	0	0	0	0	0	0	0	0	0	0	0	0	0	0	0	0	0	0	0	0	0	0	0	0	8988	10354	0	0	84	0	650	1042	3172	4668	0	0	0	0	0	0	0	0	0	0	0	0	0	0	0	0	0	0	0	0	0	0	0	0	0	0	0	0	0	0	0	0	0	0	10430	6224	4364	3044	788	2450	8772	3796	17690	18492	1270	0	2638	220	4364	1806	0	0	658	1320	13866	0	10146	1848	3562	2696	
267820	Vermis_7	0	0	0	0	0	0	0	0	0	0	0	0	0	0	0	0	0	0	0	0	0	0	0	0	0	0	0	0	0	0	0	0	0	0	0	0	0	0	0	0	0	0	0	0	0	0	2822	4348	0	0	0	0	292	760	1022	2934	0	0	0	0	0	0	0	0	0	0	0	0	0	0	0	0	0	0	0	0	0	0	0	0	0	0	0	0	0	0	0	0	0	0	6608	8842	10952	15096	252	1708	1136	3112	6078	11288	4210	2416	6500	7608	2706	3412	0	0	358	1230	1832	10146	0	9960	6006	276	
