data	data	627436	285596	1.10596e+06	754036	183112	118200	642688	296180	117608	22944	192300	209440	302792	132928	231012	112020	152172	96000	854776	931392	87532	106504	354024	426308	25376	128452	95080	108932	484552	267316	253028	435324	106052	604444	139364	167572	264732	395736	106032	212848	29788	42604	224844	375668	174264	398960	261196	283548	146716	377444	526696	242444	198136	132428	383308	372412	275884	185524	184708	225340	296160	214008	131948	215432	247140	243692	312300	414236	162040	290472	256844	354608	302636	387776	46092	15548	200468	293912	82572	23524	182860	104176	74020	33360	415956	267424	30784	14568	344488	172260	505088	311436	326896	276664	53952	74276	375168	200076	515136	352408	233460	124492	324976	264300	206168	130680	26728	3612	21780	62288	285532	224060	142788	140456	91356	32868	
data	data	Precentral_L	Precentral_R	Frontal_Sup_L	Frontal_Sup_R	Frontal_Sup_Orb_L	Frontal_Sup_Orb_R	Frontal_Mid_L	Frontal_Mid_R	Frontal_Mid_Orb_L	Frontal_Mid_Orb_R	Frontal_Inf_Oper_L	Frontal_Inf_Oper_R	Frontal_Inf_Tri_L	Frontal_Inf_Tri_R	Frontal_Inf_Orb_L	Frontal_Inf_Orb_R	Rolandic_Oper_L	Rolandic_Oper_R	Supp_Motor_Area_L	Supp_Motor_Area_R	Olfactory_L	Olfactory_R	Frontal_Sup_Medial_L	Frontal_Sup_Medial_R	Frontal_Med_Orb_L	Frontal_Med_Orb_R	Rectus_L	Rectus_R	Insula_L	Insula_R	Cingulum_Ant_L	Cingulum_Ant_R	Cingulum_Mid_L	Cingulum_Mid_R	Cingulum_Post_L	Cingulum_Post_R	Hippocampus_L	Hippocampus_R	ParaHippocampal_L	ParaHippocampal_R	Amygdala_L	Amygdala_R	Calcarine_L	Calcarine_R	Cuneus_L	Cuneus_R	Lingual_L	Lingual_R	Occipital_Sup_L	Occipital_Sup_R	Occipital_Mid_L	Occipital_Mid_R	Occipital_Inf_L	Occipital_Inf_R	Fusiform_L	Fusiform_R	Postcentral_L	Postcentral_R	Parietal_Sup_L	Parietal_Sup_R	Parietal_Inf_L	Parietal_Inf_R	SupraMarginal_L	SupraMarginal_R	Angular_L	Angular_R	Precuneus_L	Precuneus_R	Paracentral_Lobule_L	Paracentral_Lobule_R	Caudate_L	Caudate_R	Putamen_L	Putamen_R	Pallidum_L	Pallidum_R	Thalamus_L	Thalamus_R	Heschl_L	Heschl_R	Temporal_Sup_L	Temporal_Sup_R	Temporal_Pole_Sup_L	Temporal_Pole_Sup_R	Temporal_Mid_L	Temporal_Mid_R	Temporal_Pole_Mid_L	Temporal_Pole_Mid_R	Temporal_Inf_L	Temporal_Inf_R	Cerebelum_Crus1_L	Cerebelum_Crus1_R	Cerebelum_Crus2_L	Cerebelum_Crus2_R	Cerebelum_3_L	Cerebelum_3_R	Cerebelum_4_5_L	Cerebelum_4_5_R	Cerebelum_6_L	Cerebelum_6_R	Cerebelum_7b_L	Cerebelum_7b_R	Cerebelum_8_L	Cerebelum_8_R	Cerebelum_9_L	Cerebelum_9_R	Cerebelum_10_L	Cerebelum_10_R	Vermis_1_2	Vermis_3	Vermis_4_5	Vermis_6	Vermis_7	Vermis_8	Vermis_9	Vermis_10	
627436	Precentral_L	0	834	57302	3910	0	0	45122	660	0	0	12894	0	6492	0	554	0	7620	0	31268	14134	0	0	652	332	0	0	0	0	14430	0	1594	434	490	2984	3742	2832	5884	1846	164	1026	0	0	836	0	172	0	0	0	0	0	2110	0	322	0	608	642	24238	0	578	0	5970	0	262	0	2608	0	1766	0	9940	3612	8664	1074	4722	0	1788	0	12382	2696	4526	0	2318	0	0	0	1636	0	0	0	3048	0	0	0	0	0	0	0	0	0	0	0	0	0	0	0	0	0	0	0	0	0	0	0	0	0	0	0	
285596	Precentral_R	834	0	4084	17182	0	0	316	21226	0	0	0	9076	0	586	0	164	0	2470	4424	4970	0	0	0	138	0	0	0	0	0	2514	192	598	284	1418	482	1070	116	9846	0	1902	0	0	0	108	0	1554	0	460	0	1480	0	344	0	604	0	1598	0	10762	0	922	0	182	0	1050	0	310	254	2358	112	5920	1514	5648	0	8586	0	702	1872	9418	0	0	0	252	0	0	0	692	0	0	0	2204	0	0	0	0	0	0	0	0	0	0	0	0	0	0	0	0	0	0	0	0	0	0	0	0	0	0	
1.10596e+06	Frontal_Sup_L	57302	4084	0	7734	11670	98	90334	4064	5910	0	11178	366	24592	0	13782	94	2878	272	89120	14102	556	0	48030	9158	572	98	554	0	25380	414	19034	3428	2808	6134	3138	3212	8736	2326	542	1422	212	0	0	0	0	0	0	0	0	0	0	0	0	0	444	874	2194	0	0	0	346	0	0	0	118	0	230	0	2466	1306	10338	2808	25144	614	7454	0	17200	3106	1702	0	1312	0	722	0	270	0	0	0	996	0	0	0	0	0	0	0	0	0	0	0	0	0	0	0	0	0	0	0	0	0	0	0	0	0	0	0	
754036	Frontal_Sup_R	3910	17182	7734	0	0	3394	2056	27716	0	464	0	5516	0	5558	0	3778	0	1828	16488	70852	0	0	9764	40824	0	3138	0	96	0	7042	1582	29640	320	34506	1194	2148	644	12754	0	2376	0	0	0	0	0	120	0	0	0	118	0	0	0	0	0	1148	0	190	0	0	0	0	0	0	0	0	0	306	186	418	1690	16838	0	14222	0	484	2806	25514	0	112	0	362	0	0	0	0	0	0	0	0	0	0	0	0	0	0	0	0	0	0	0	0	0	0	0	0	0	0	0	0	0	0	0	0	0	0	
183112	Frontal_Sup_Orb_L	0	0	11670	0	0	216	4778	0	12420	0	0	0	2634	0	13288	0	0	0	320	0	3966	2112	3354	0	2846	108	10416	916	3934	0	4840	620	0	0	0	0	0	0	0	0	232	0	0	0	0	0	0	0	0	0	0	0	0	0	0	0	0	0	0	0	0	0	0	0	0	0	0	0	0	0	3134	946	7930	98	0	0	0	0	0	0	0	0	778	0	0	0	0	0	0	0	0	0	0	0	0	0	0	0	0	0	0	0	0	0	0	0	0	0	0	0	0	0	0	0	0	0	
118200	Frontal_Sup_Orb_R	0	0	98	3394	216	0	0	920	0	3600	0	0	0	846	174	2090	0	0	256	1382	720	1628	436	5920	346	11868	280	9286	0	896	864	4512	0	408	0	0	0	0	0	0	0	0	0	0	0	0	0	0	0	0	0	0	0	0	0	0	0	0	0	0	0	0	0	0	0	0	0	0	0	0	916	3716	534	3794	0	0	0	0	0	0	0	0	0	0	0	0	0	0	0	0	0	0	0	0	0	0	0	0	0	0	0	0	0	0	0	0	0	0	0	0	0	0	0	0	0	0	
642688	Frontal_Mid_L	45122	316	90334	2056	4778	0	0	816	6466	0	11188	118	42600	0	13432	0	1788	92	25980	3912	238	0	19400	3330	0	0	0	0	14592	104	8042	1900	568	4038	788	472	1660	464	0	362	0	0	0	0	0	0	0	0	0	0	0	0	0	0	0	284	1332	0	0	0	130	0	0	0	0	0	116	0	0	490	4226	2046	3914	0	0	0	802	322	668	0	682	0	544	0	340	0	0	0	492	0	0	0	0	0	0	0	0	0	0	0	0	0	0	0	0	0	0	0	0	0	0	0	0	0	0	0	
296180	Frontal_Mid_R	660	21226	4064	27716	0	920	816	0	0	1780	0	13712	0	13724	0	6858	0	2246	4960	7686	0	0	344	2756	0	182	0	0	0	6572	142	4886	0	2924	0	98	0	4914	0	1448	0	0	0	0	0	134	0	204	0	132	0	0	0	0	0	1172	0	396	0	0	0	0	0	0	0	0	0	184	0	0	654	2488	0	8060	0	442	116	3220	0	0	0	0	0	0	0	0	0	0	0	254	0	0	0	0	0	0	0	0	0	0	0	0	0	0	0	0	0	0	0	0	0	0	0	0	0	0	
117608	Frontal_Mid_Orb_L	0	0	5910	0	12420	0	6466	0	0	0	0	0	4288	0	14286	0	0	0	0	0	750	626	0	0	218	0	3950	324	2060	0	308	186	0	0	0	0	0	0	0	0	0	0	0	0	0	0	0	0	0	0	0	0	0	0	0	0	0	0	0	0	0	0	0	0	0	0	0	0	0	0	666	300	5356	0	0	0	0	0	0	0	0	0	690	0	0	0	0	0	0	0	0	0	0	0	0	0	0	0	0	0	0	0	0	0	0	0	0	0	0	0	0	0	0	0	0	0	
22944	Frontal_Mid_Orb_R	0	0	0	464	0	3600	0	1780	0	0	0	158	0	1446	0	2944	0	0	0	174	0	0	0	0	0	0	0	158	0	354	0	0	0	0	0	0	0	0	0	0	0	0	0	0	0	0	0	0	0	0	0	0	0	0	0	0	0	0	0	0	0	0	0	0	0	0	0	0	0	0	0	184	0	210	0	0	0	0	0	0	0	0	0	0	0	0	0	0	0	0	0	0	0	0	0	0	0	0	0	0	0	0	0	0	0	0	0	0	0	0	0	0	0	0	0	0	
192300	Frontal_Inf_Oper_L	12894	0	11178	0	0	0	11188	0	0	0	0	0	15008	0	478	0	8684	0	10216	116	0	0	124	0	0	0	0	0	15678	0	234	0	0	0	0	0	738	0	0	0	0	0	0	0	0	0	0	0	0	0	0	0	0	0	196	0	2292	0	0	0	172	0	0	0	0	0	0	0	0	0	0	94	1222	0	0	0	0	0	926	0	3594	0	568	0	0	0	0	0	550	0	0	0	0	0	0	0	0	0	0	0	0	0	0	0	0	0	0	0	0	0	0	0	0	0	0	0	
209440	Frontal_Inf_Oper_R	0	9076	366	5516	0	0	118	13712	0	158	0	0	0	10626	0	1928	0	5084	564	8996	0	0	0	580	0	0	0	0	0	18794	0	606	0	2484	0	0	0	4790	0	1598	0	0	0	0	0	0	0	372	0	0	0	0	0	0	0	1036	0	1592	0	0	0	0	0	0	0	0	0	0	0	0	242	734	0	12272	0	456	0	1632	0	184	0	960	0	0	0	0	0	0	0	244	0	0	0	0	0	0	0	0	0	0	0	0	0	0	0	0	0	0	0	0	0	0	0	0	0	0	
302792	Frontal_Inf_Tri_L	6492	0	24592	0	2634	0	42600	0	4288	0	15008	0	0	0	15964	0	842	0	8388	106	158	0	1474	0	0	0	0	0	22374	0	1716	0	0	0	0	0	416	0	0	0	0	0	0	0	0	0	0	0	0	0	0	0	0	0	174	0	0	0	0	0	0	0	0	0	0	0	0	0	0	0	0	0	2162	0	0	0	0	0	0	0	960	0	674	0	0	0	0	0	374	0	0	0	0	0	0	0	0	0	0	0	0	0	0	0	0	0	0	0	0	0	0	0	0	0	0	0	
132928	Frontal_Inf_Tri_R	0	586	0	5558	0	846	0	13724	0	1446	0	10626	0	0	0	8252	0	0	662	2560	0	0	96	1618	0	130	0	0	0	12290	0	1874	0	1806	0	0	0	822	0	432	0	0	0	0	0	0	0	0	0	0	0	0	0	0	0	196	0	0	0	0	0	0	0	0	0	0	0	0	0	0	0	280	0	2528	0	0	0	132	0	0	0	0	0	0	0	0	0	0	0	0	0	0	0	0	0	0	0	0	0	0	0	0	0	0	0	0	0	0	0	0	0	0	0	0	0	0	
231012	Frontal_Inf_Orb_L	554	0	13782	0	13288	174	13432	0	14286	0	478	0	15964	0	0	0	98	0	3082	0	3864	1742	264	0	160	0	3504	746	14862	0	942	460	0	0	0	0	0	0	0	0	172	0	0	0	0	0	0	0	0	0	0	0	0	0	0	0	0	0	0	0	0	0	0	0	0	0	0	0	0	0	2766	726	7376	0	0	0	0	0	0	0	0	0	2784	0	0	0	0	0	0	0	0	0	0	0	0	0	0	0	0	0	0	0	0	0	0	0	0	0	0	0	0	0	0	0	0	0	
112020	Frontal_Inf_Orb_R	0	164	94	3778	0	2090	0	6858	0	2944	0	1928	0	8252	0	0	0	0	458	2862	142	1062	0	986	0	0	0	1032	0	9652	0	650	0	892	0	0	0	0	0	0	0	130	0	0	0	0	0	0	0	0	0	0	0	0	0	0	0	0	0	0	0	0	0	0	0	0	0	0	0	0	302	4300	0	4410	0	0	0	514	0	0	0	1026	0	1204	0	280	0	0	0	0	0	0	0	0	0	0	0	0	0	0	0	0	0	0	0	0	0	0	0	0	0	0	0	0	0	0	
152172	Rolandic_Oper_L	7620	0	2878	0	0	0	1788	0	0	0	8684	0	842	0	98	0	0	0	4630	290	0	0	0	0	0	0	0	0	12620	0	0	0	0	110	0	0	1008	0	0	0	0	0	0	0	0	0	0	0	152	0	3558	0	470	0	668	0	6340	0	540	0	1362	0	2122	0	1148	0	286	0	0	0	0	0	722	0	0	0	130	0	3882	0	6898	0	504	0	3528	0	0	0	3106	0	102	0	0	0	0	0	0	0	0	0	0	0	0	0	0	0	0	0	0	0	0	0	0	0	0	0	
96000	Rolandic_Oper_R	0	2470	272	1828	0	0	92	2246	0	0	0	5084	0	0	0	0	0	0	246	4120	0	0	0	0	0	0	0	0	0	10364	0	0	0	148	0	0	0	1870	0	448	0	0	0	0	0	918	0	138	0	2086	0	130	0	400	0	314	0	2278	0	0	0	0	0	894	0	112	138	1016	0	0	200	504	0	2810	0	0	0	1112	0	2156	0	2600	0	0	0	510	0	0	0	496	0	0	0	0	0	0	0	0	0	0	0	0	0	0	0	0	0	0	0	0	0	0	0	0	0	0	
854776	Supp_Motor_Area_L	31268	4424	89120	16488	320	256	25980	4960	0	0	10216	564	8388	662	3082	458	4630	246	0	60170	0	0	8682	6290	0	326	104	0	20712	966	7880	7866	9984	31320	960	264	2874	156	224	0	148	0	0	0	0	0	0	0	0	0	0	0	0	0	946	0	958	0	0	0	224	0	0	0	0	0	0	0	9038	4020	10554	8780	20110	1244	5348	398	1504	244	166	0	2750	0	212	0	0	0	0	0	904	0	0	0	0	0	0	0	0	0	0	0	0	0	0	0	0	0	0	0	0	0	0	0	0	0	0	0	
931392	Supp_Motor_Area_R	14134	4970	14102	70852	0	1382	3912	7686	0	174	116	8996	106	2560	0	2862	290	4120	60170	0	0	0	2842	17910	0	1538	0	0	542	9736	1272	19164	4258	68358	1054	7252	210	8492	0	1790	0	0	0	372	0	798	0	144	0	908	0	514	0	1200	0	718	0	904	0	230	0	194	0	180	0	168	444	3502	8312	32620	4374	25752	642	14562	0	1000	3104	19850	0	230	0	902	0	0	0	1948	0	0	0	1274	0	0	0	0	0	0	0	0	0	0	0	0	0	0	0	0	0	0	0	0	0	0	0	0	0	0	
87532	Olfactory_L	0	0	556	0	3966	720	238	0	750	0	0	0	158	0	3864	142	0	0	0	0	0	5960	0	0	390	452	4646	3208	2580	96	2406	1874	0	0	0	0	0	0	0	0	432	0	0	0	0	0	0	0	0	0	0	0	0	0	0	0	0	0	0	0	0	0	0	0	0	0	0	0	0	0	6550	2056	2026	214	0	0	0	0	0	0	0	0	482	0	0	0	0	0	0	0	0	0	0	0	0	0	0	0	0	0	0	0	0	0	0	0	0	0	0	0	0	0	0	0	0	0	
106504	Olfactory_R	0	0	0	0	2112	1628	0	0	626	0	0	0	0	0	1742	1062	0	0	0	0	5960	0	0	200	246	1000	4268	6330	0	1982	2822	3380	0	0	0	0	0	0	0	0	0	376	0	0	0	0	0	0	0	0	0	0	0	0	0	0	0	0	0	0	0	0	0	0	0	0	0	0	0	0	8110	4924	3448	3036	0	0	0	0	0	0	0	0	0	0	0	0	0	0	0	0	0	0	0	0	0	0	0	0	0	0	0	0	0	0	0	0	0	0	0	0	0	0	0	0	0	0	
354024	Frontal_Sup_Medial_L	652	0	48030	9764	3354	436	19400	344	0	0	124	0	1474	96	264	0	0	0	8682	2842	0	0	0	25984	1318	1782	324	0	1062	0	21852	11688	3270	10750	0	0	0	0	0	0	0	0	0	0	0	0	0	0	0	0	0	0	0	0	0	0	0	0	0	0	0	0	0	0	0	0	0	0	0	0	662	432	2232	194	0	0	0	0	0	0	0	0	0	0	0	0	0	0	0	0	0	0	0	0	0	0	0	0	0	0	0	0	0	0	0	0	0	0	0	0	0	0	0	0	0	0	
426308	Frontal_Sup_Medial_R	332	138	9158	40824	0	5920	3330	2756	0	0	0	580	0	1618	0	986	0	0	6290	17910	0	200	25984	0	0	9756	0	498	0	1548	5228	34970	1248	25794	0	0	0	0	0	0	0	0	0	0	0	0	0	0	0	0	0	0	0	0	0	0	0	0	0	0	0	0	0	0	0	0	0	0	0	0	762	9914	0	7410	0	0	0	0	0	0	0	0	0	0	0	0	0	0	0	0	0	0	0	0	0	0	0	0	0	0	0	0	0	0	0	0	0	0	0	0	0	0	0	0	0	0	
25376	Frontal_Med_Orb_L	0	0	572	0	2846	346	0	0	218	0	0	0	0	0	160	0	0	0	0	0	390	246	1318	0	0	572	1948	446	0	0	2826	336	0	0	0	0	0	0	0	0	0	0	0	0	0	0	0	0	0	0	0	0	0	0	0	0	0	0	0	0	0	0	0	0	0	0	0	0	0	0	464	0	0	0	0	0	0	0	0	0	0	0	0	0	0	0	0	0	0	0	0	0	0	0	0	0	0	0	0	0	0	0	0	0	0	0	0	0	0	0	0	0	0	0	0	0	
128452	Frontal_Med_Orb_R	0	0	98	3138	108	11868	0	182	0	0	0	0	0	130	0	0	0	0	326	1538	452	1000	1782	9756	572	0	294	8754	0	106	3198	9442	0	480	0	0	0	0	0	0	0	0	0	0	0	0	0	0	0	0	0	0	0	0	0	0	0	0	0	0	0	0	0	0	0	0	0	0	0	0	500	5398	308	4796	0	0	0	0	0	0	0	0	0	0	0	0	0	0	0	0	0	0	0	0	0	0	0	0	0	0	0	0	0	0	0	0	0	0	0	0	0	0	0	0	0	0	
95080	Rectus_L	0	0	554	0	10416	280	0	0	3950	0	0	0	0	0	3504	0	0	0	104	0	4646	4268	324	0	1948	294	0	2574	282	0	4360	2282	0	0	0	0	0	0	0	0	0	0	0	0	0	0	0	0	0	0	0	0	0	0	0	0	0	0	0	0	0	0	0	0	0	0	0	0	0	0	4350	1390	1860	154	0	0	0	0	0	0	0	0	0	0	0	0	0	0	0	0	0	0	0	0	0	0	0	0	0	0	0	0	0	0	0	0	0	0	0	0	0	0	0	0	0	0	
108932	Rectus_R	0	0	0	96	916	9286	0	0	324	158	0	0	0	0	746	1032	0	0	0	0	3208	6330	0	498	446	8754	2574	0	0	1224	2984	7146	0	0	0	0	0	0	0	0	0	0	0	0	0	0	0	0	0	0	0	0	0	0	0	0	0	0	0	0	0	0	0	0	0	0	0	0	0	0	3216	2150	1360	2018	0	0	0	0	0	0	0	0	0	0	0	0	0	0	0	0	0	0	0	0	0	0	0	0	0	0	0	0	0	0	0	0	0	0	0	0	0	0	0	0	0	0	
484552	Insula_L	14430	0	25380	0	3934	0	14592	0	2060	0	15678	0	22374	0	14862	0	12620	0	20712	542	2580	0	1062	0	0	0	282	0	0	0	1858	0	0	0	1398	848	12598	846	684	838	2262	0	1162	0	844	0	0	0	0	0	2720	0	298	0	2686	504	6142	0	674	0	4092	0	100	0	1468	0	1740	0	498	0	1160	0	15040	0	0	0	2032	774	7374	0	8706	0	3118	0	2956	0	0	0	5748	0	0	0	0	0	0	0	0	0	0	0	0	0	0	0	0	0	0	0	0	0	0	0	0	0	0	0	
267316	Insula_R	0	2514	414	7042	0	896	104	6572	0	354	0	18794	0	12290	0	9652	0	10364	966	9736	96	1982	0	1548	0	106	0	1224	0	0	0	1450	0	2202	0	0	0	6906	0	2492	0	1558	0	0	0	0	0	624	0	0	0	0	0	122	0	2106	0	824	0	0	0	0	0	94	0	0	0	0	0	0	348	1326	0	20122	0	0	0	1324	0	1448	0	3270	0	532	0	756	0	0	0	1500	0	0	0	0	0	0	0	0	0	0	0	0	0	0	0	0	0	0	0	0	0	0	0	0	0	0	
253028	Cingulum_Ant_L	1594	192	19034	1582	4840	864	8042	142	308	0	234	0	1716	0	942	0	0	0	7880	1272	2406	2822	21852	5228	2826	3198	4360	2984	1858	0	0	11814	2524	1676	0	0	0	0	0	0	0	0	0	0	0	0	0	0	0	0	0	0	0	0	0	0	0	0	0	0	0	0	0	0	0	0	0	0	0	0	5596	1460	6810	458	0	0	0	0	0	0	0	0	0	0	0	0	0	0	0	0	0	0	0	0	0	0	0	0	0	0	0	0	0	0	0	0	0	0	0	0	0	0	0	0	0	0	
435324	Cingulum_Ant_R	434	598	3428	29640	620	4512	1900	4886	186	0	0	606	0	1874	460	650	0	0	7866	19164	1874	3380	11688	34970	336	9442	2282	7146	0	1450	11814	0	1584	25602	0	0	0	0	0	0	0	0	0	0	0	0	0	0	0	0	0	0	0	0	0	0	0	0	0	0	0	0	0	0	0	0	0	0	0	0	2736	15372	838	10026	0	0	0	298	0	0	0	0	0	0	0	0	0	0	0	0	0	0	0	0	0	0	0	0	0	0	0	0	0	0	0	0	0	0	0	0	0	0	0	0	0	0	
106052	Cingulum_Mid_L	490	284	2808	320	0	0	568	0	0	0	0	0	0	0	0	0	0	0	9984	4258	0	0	3270	1248	0	0	0	0	0	0	2524	1584	0	8846	3286	306	0	0	0	0	0	0	1038	0	260	0	0	0	0	0	1574	0	420	0	0	0	0	0	0	0	0	0	0	0	0	0	1712	396	7168	392	0	0	0	0	0	0	0	0	0	0	0	0	0	0	290	0	0	0	0	0	0	0	0	0	0	0	0	0	0	0	0	0	0	0	0	0	0	0	0	0	0	0	0	0	0	0	
604444	Cingulum_Mid_R	2984	1418	6134	34506	0	408	4038	2924	0	0	0	2484	0	1806	0	892	110	148	31320	68358	0	0	10750	25794	0	480	0	0	0	2202	1676	25602	8846	0	1186	8278	0	510	0	0	0	0	0	2488	0	3810	0	500	0	3006	0	686	0	1616	0	132	0	1462	0	324	0	316	0	294	0	280	1400	10976	4316	20476	952	1384	0	374	0	0	1000	0	0	0	0	0	0	0	0	2098	0	0	0	1478	0	0	0	0	0	0	0	0	0	0	0	0	0	0	0	0	0	0	0	0	0	0	0	0	0	0	
139364	Cingulum_Post_L	3742	482	3138	1194	0	0	788	0	0	0	0	0	0	0	0	0	0	0	960	1054	0	0	0	0	0	0	0	0	1398	0	0	0	3286	1186	0	6478	8036	3910	3210	2424	0	0	2278	0	0	0	1042	0	0	0	0	0	0	0	244	1348	288	0	0	0	0	0	0	0	0	0	5912	432	4836	632	98	0	0	0	0	0	5198	4368	1222	0	202	0	0	0	0	0	0	0	296	0	0	0	0	0	0	0	0	0	0	0	0	0	0	0	0	0	0	0	0	0	0	0	0	0	0	0	
167572	Cingulum_Post_R	2832	1070	3212	2148	0	0	472	98	0	0	0	0	0	0	0	0	0	0	264	7252	0	0	0	0	0	0	0	0	848	0	0	0	306	8278	6478	0	2758	8246	0	4448	0	0	0	846	0	152	0	1528	0	140	0	0	0	180	0	2178	140	506	0	0	0	0	0	0	0	0	304	7310	376	6760	0	0	0	0	0	0	6478	6870	526	0	0	0	0	0	0	0	0	0	108	450	0	0	0	0	0	0	0	0	0	0	0	0	0	0	0	0	0	0	0	0	224	0	0	0	0	0	
264732	Hippocampus_L	5884	116	8736	644	0	0	1660	0	0	0	738	0	416	0	0	0	1008	0	2874	210	0	0	0	0	0	0	0	0	12598	0	0	0	0	0	8036	2758	0	2718	12406	1812	5854	0	2158	0	136	0	2562	96	0	0	1032	0	1736	0	11684	1116	994	0	0	0	130	0	0	0	0	0	5066	0	122	0	206	0	6830	0	302	0	4374	2474	2968	0	3016	0	98	0	3138	0	0	0	13008	0	452	0	0	0	0	0	108	0	92	0	0	0	0	0	0	0	0	0	0	0	0	0	0	0	0	0	
395736	Hippocampus_R	1846	9846	2326	12754	0	0	464	4914	0	0	0	4790	0	822	0	0	0	1870	156	8492	0	0	0	0	0	0	0	0	846	6906	0	0	0	510	3910	8246	2718	0	0	27138	0	7940	0	2144	0	0	0	5306	0	0	0	200	0	248	0	21158	140	608	0	0	0	0	0	0	0	0	0	5948	0	638	0	1204	0	22566	0	344	4032	13824	522	688	0	1620	0	412	0	516	0	0	108	8656	0	0	0	0	0	0	0	298	0	0	0	0	0	0	0	0	0	0	0	0	194	0	0	0	0	0	
106032	ParaHippocampal_L	164	0	542	0	0	0	0	0	0	0	0	0	0	0	0	0	0	0	224	0	0	0	0	0	0	0	0	0	684	0	0	0	0	0	3210	0	12406	0	0	0	1546	0	2502	0	0	0	4270	0	114	0	2830	0	3558	0	9496	0	0	0	0	0	0	0	0	0	102	0	4288	0	0	0	0	0	1374	0	0	0	264	0	0	0	0	0	116	0	552	0	146	0	582	0	1078	0	0	0	0	0	1358	0	1056	0	230	0	0	0	0	0	0	0	0	94	230	0	0	0	0	0	
212848	ParaHippocampal_R	1026	1902	1422	2376	0	0	362	1448	0	0	0	1598	0	432	0	0	0	448	0	1790	0	0	0	0	0	0	0	0	838	2492	0	0	0	0	2424	4448	1812	27138	0	0	0	4392	0	758	0	0	0	6240	0	0	0	162	0	238	0	17936	140	150	0	0	0	0	0	0	0	0	0	2864	0	0	0	0	0	8314	0	298	2398	4620	522	170	0	518	0	1036	0	180	0	502	108	1960	0	0	0	0	0	0	0	788	0	174	0	0	0	0	0	0	0	0	0	0	0	0	0	0	0	0	
29788	Amygdala_L	0	0	212	0	232	0	0	0	0	0	0	0	0	0	172	0	0	0	148	0	432	0	0	0	0	0	0	0	2262	0	0	0	0	0	0	0	5854	0	1546	0	0	0	0	0	0	0	0	0	0	0	0	0	0	0	2518	0	0	0	0	0	0	0	0	0	0	0	0	0	0	0	0	0	458	0	0	0	0	0	0	0	188	0	0	0	0	0	0	0	872	0	0	0	0	0	0	0	0	0	0	0	0	0	0	0	0	0	0	0	0	0	0	0	0	0	0	0	
42604	Amygdala_R	0	0	0	0	0	0	0	0	0	0	0	0	0	0	0	130	0	0	0	0	0	376	0	0	0	0	0	0	0	1558	0	0	0	0	0	0	0	7940	0	4392	0	0	0	0	0	0	0	0	0	0	0	0	0	0	0	4046	0	0	0	0	0	0	0	0	0	0	0	0	0	0	0	0	0	1782	0	0	0	0	0	0	0	0	0	1078	0	0	0	0	0	0	0	0	0	0	0	0	0	0	0	0	0	0	0	0	0	0	0	0	0	0	0	0	0	0	0	0	
224844	Calcarine_L	836	0	0	0	0	0	0	0	0	0	0	0	0	0	0	0	0	0	0	0	0	0	0	0	0	0	0	0	1162	0	0	0	1038	0	2278	0	2158	0	2502	0	0	0	0	8992	12324	5726	8232	2328	9206	2234	17056	106	6046	0	3128	0	418	0	172	0	462	0	0	0	598	0	14076	478	1804	206	0	0	0	0	0	0	0	0	436	0	0	0	0	0	3844	0	0	0	3512	0	214	0	0	0	0	0	0	0	850	0	0	0	0	0	0	0	0	0	0	0	0	0	0	0	0	0	
375668	Calcarine_R	0	108	0	0	0	0	0	0	0	0	0	0	0	0	0	0	0	0	0	372	0	0	0	0	0	0	0	0	0	0	0	0	0	2488	0	846	0	2144	0	758	0	0	8992	0	6410	38874	2204	21840	564	29254	0	13874	0	6268	0	5952	0	402	0	934	0	628	0	688	0	734	3036	26680	0	4930	0	0	0	0	0	0	0	0	0	0	0	360	0	0	0	4342	0	0	0	3062	0	0	0	0	0	0	0	0	0	1090	0	0	0	0	0	0	0	0	0	0	0	0	0	0	0	0	
174264	Cuneus_L	172	0	0	0	0	0	0	0	0	0	0	0	0	0	0	0	0	0	0	0	0	0	0	0	0	0	0	0	844	0	0	0	260	0	0	0	136	0	0	0	0	0	12324	6410	0	8352	468	646	19904	1810	10616	224	700	0	1008	0	102	0	1796	0	392	0	0	0	560	0	12838	1058	1126	92	0	0	0	0	0	0	0	0	216	0	0	0	0	0	2678	0	0	0	2400	0	0	0	0	0	0	0	0	0	0	0	0	0	0	0	0	0	0	0	0	0	0	0	0	0	0	0	
398960	Cuneus_R	0	1554	0	120	0	0	0	134	0	0	0	0	0	0	0	0	0	918	0	798	0	0	0	0	0	0	0	0	0	0	0	0	0	3810	0	152	0	0	0	0	0	0	5726	38874	8352	0	132	7584	658	49114	102	11594	0	4496	0	3376	0	1368	0	3112	0	2208	0	2440	0	2662	7650	32266	0	6742	0	0	0	0	0	0	0	0	0	0	0	568	0	0	0	1546	0	0	0	1132	0	0	0	0	0	0	0	0	0	292	0	0	0	0	0	0	0	0	0	0	0	0	0	0	0	0	
261196	Lingual_L	0	0	0	0	0	0	0	0	0	0	0	0	0	0	0	0	0	0	0	0	0	0	0	0	0	0	0	0	0	0	0	0	0	0	1042	0	2562	0	4270	0	0	0	8232	2204	468	132	0	3878	1402	358	10622	0	11502	0	21760	786	0	0	0	0	0	0	0	0	0	0	3300	102	0	0	0	0	0	0	0	0	0	0	0	0	0	0	0	0	216	0	0	0	732	0	12538	260	276	0	0	148	11490	1810	18484	2030	0	0	0	0	0	0	0	0	0	106	6690	3076	122	0	0	0	
283548	Lingual_R	0	460	0	0	0	0	0	204	0	0	0	372	0	0	0	0	0	138	0	144	0	0	0	0	0	0	0	0	0	624	0	0	0	500	0	1528	96	5306	0	6240	0	0	2328	21840	646	7584	3878	0	0	7232	0	1748	100	3238	1792	15890	0	136	0	124	0	0	0	0	0	0	248	10364	0	2180	0	0	0	1338	0	0	0	540	0	0	0	0	0	0	0	392	0	0	0	1348	2956	3240	306	264	146	134	2562	3338	5778	9836	0	0	178	0	932	0	0	0	0	0	3906	8512	1128	0	0	0	
146716	Occipital_Sup_L	0	0	0	0	0	0	0	0	0	0	0	0	0	0	0	0	152	0	0	0	0	0	0	0	0	0	0	0	0	0	0	0	0	0	0	0	0	0	114	0	0	0	9206	564	19904	658	1402	0	0	102	22218	0	588	0	322	0	190	0	4454	234	864	0	0	0	850	0	9742	698	0	0	0	0	0	0	0	0	0	0	0	0	0	0	0	0	808	0	0	0	288	0	0	0	0	0	0	0	0	0	0	0	0	0	0	0	0	0	0	0	0	0	0	0	0	0	0	0	
377444	Occipital_Sup_R	0	1480	0	118	0	0	0	132	0	0	0	0	0	0	0	0	0	2086	0	908	0	0	0	0	0	0	0	0	0	0	0	0	0	3006	0	140	0	0	0	0	0	0	2234	29254	1810	49114	358	7232	102	0	0	22438	0	4532	0	3222	0	1342	0	6684	0	2878	0	2922	0	6566	5216	25980	0	5366	0	110	0	0	0	0	0	0	0	0	0	652	0	0	0	1986	0	0	0	510	0	0	0	0	0	0	0	0	0	344	0	0	0	0	0	0	0	0	0	0	0	0	0	0	0	0	
526696	Occipital_Mid_L	2110	0	0	0	0	0	0	0	0	0	0	0	0	0	0	0	3558	0	0	0	0	0	0	0	0	0	0	0	2720	0	0	0	1574	0	0	0	1032	0	2830	0	0	0	17056	0	10616	102	10622	0	22218	0	0	0	32416	0	11552	0	14120	0	22234	0	19514	0	4028	0	23554	0	14310	0	5940	0	0	0	0	0	0	0	0	0	580	0	2058	0	0	0	27540	0	0	0	7988	0	970	0	0	0	0	0	0	0	2106	0	0	0	0	0	0	0	0	0	0	0	0	0	0	0	0	0	
242444	Occipital_Mid_R	0	344	0	0	0	0	0	0	0	0	0	0	0	0	0	0	0	130	0	514	0	0	0	0	0	0	0	0	0	0	0	0	0	686	0	0	0	200	0	162	0	0	106	13874	224	11594	0	1748	0	22438	0	0	0	8374	0	2872	0	1354	0	5634	0	4324	0	2816	0	12156	1678	7556	0	1206	0	0	0	0	0	0	0	0	0	0	0	694	0	0	0	16970	0	0	0	3568	0	0	0	0	0	0	0	0	0	0	0	0	0	0	0	0	0	0	0	0	0	0	0	0	0	0	
198136	Occipital_Inf_L	322	0	0	0	0	0	0	0	0	0	0	0	0	0	0	0	470	0	0	0	0	0	0	0	0	0	0	0	298	0	0	0	420	0	0	0	1736	0	3558	0	0	0	6046	0	700	0	11502	100	588	0	32416	0	0	0	17418	0	584	0	660	0	216	0	0	0	488	0	1516	0	1652	0	0	0	0	0	0	0	0	0	0	0	244	0	0	0	7212	0	0	0	5082	0	2570	0	0	0	0	0	136	0	3006	0	0	0	0	0	0	0	0	0	0	0	0	128	0	0	0	0	
132428	Occipital_Inf_R	0	604	0	0	0	0	0	0	0	0	0	0	0	0	0	0	0	400	0	1200	0	0	0	0	0	0	0	0	0	122	0	0	0	1616	0	180	0	248	0	238	0	0	0	6268	0	4496	0	3238	0	4532	0	8374	0	0	0	8404	0	1258	0	1500	0	1832	0	2620	0	2168	466	5002	0	2222	0	0	0	0	0	0	0	0	0	104	0	282	0	0	0	4834	0	0	0	3626	0	0	0	0	0	0	0	0	0	260	0	0	0	0	0	0	0	0	0	0	0	120	0	0	0	0	
383308	Fusiform_L	608	0	444	0	0	0	0	0	0	0	196	0	174	0	0	0	668	0	946	0	0	0	0	0	0	0	0	0	2686	0	0	0	0	0	244	0	11684	0	9496	0	2518	0	3128	0	1008	0	21760	1792	322	0	11552	0	17418	0	0	422	276	0	118	0	188	0	0	0	352	0	2206	0	624	0	0	0	2078	0	0	0	0	0	194	0	1218	0	1616	0	4398	0	1318	0	13568	0	23134	172	1178	0	208	136	12834	1236	26856	1402	604	0	466	0	148	0	96	0	0	0	5272	2692	0	0	0	0	
372412	Fusiform_R	642	1598	874	1148	0	0	284	1172	0	0	0	1036	0	196	0	0	0	314	0	718	0	0	0	0	0	0	0	0	504	2106	0	0	0	132	1348	2178	1116	21158	0	17936	0	4046	0	5952	0	3376	786	15890	0	3222	0	2872	0	8404	422	0	0	254	0	206	0	198	0	218	0	234	142	3556	0	876	0	0	0	6100	0	136	1350	2542	262	482	0	1378	0	1636	0	1762	0	1496	0	11610	1592	11548	0	674	176	202	2078	7058	2818	17268	0	0	0	106	700	0	0	0	0	136	3646	3774	562	0	0	0	
275884	Postcentral_L	24238	0	2194	0	0	0	1332	0	0	0	2292	0	0	0	0	0	6340	0	958	0	0	0	0	0	0	0	0	0	6142	0	0	0	0	0	288	140	994	140	0	140	0	0	418	0	102	0	0	0	190	0	14120	0	584	0	276	0	0	0	13118	0	25216	0	8362	0	10578	0	3736	0	3188	0	588	0	364	0	0	0	316	128	2940	0	2848	0	0	0	4150	0	0	0	1522	0	0	0	0	0	0	0	0	0	0	0	0	0	0	0	0	0	0	0	0	0	0	0	0	0	0	0	
185524	Postcentral_R	0	10762	0	190	0	0	0	396	0	0	0	1592	0	0	0	0	0	2278	0	904	0	0	0	0	0	0	0	0	0	824	0	0	0	1462	0	506	0	608	0	150	0	0	0	402	0	1368	0	136	0	1342	0	1354	0	1258	0	254	0	0	0	10212	0	9024	0	16784	0	7692	386	3330	0	6756	0	244	0	1670	0	244	0	402	0	388	0	1820	0	0	0	6838	0	0	0	1186	0	0	0	0	0	0	0	0	0	0	0	0	0	0	0	0	0	0	0	0	0	0	0	0	0	0	
184708	Parietal_Sup_L	578	0	0	0	0	0	0	0	0	0	0	0	0	0	0	0	540	0	0	0	0	0	0	0	0	0	0	0	674	0	0	0	0	0	0	0	0	0	0	0	0	0	172	0	1796	0	0	0	4454	0	22234	0	660	0	118	0	13118	0	0	0	15590	0	2490	0	7984	0	14562	0	1532	0	0	0	0	0	0	0	0	0	136	0	824	0	0	0	3962	0	0	0	930	0	0	0	0	0	0	0	0	0	0	0	0	0	0	0	0	0	0	0	0	0	0	0	0	0	0	0	
225340	Parietal_Sup_R	0	922	0	0	0	0	0	0	0	0	0	0	0	0	0	0	0	0	0	230	0	0	0	0	0	0	0	0	0	0	0	0	0	324	0	0	0	0	0	0	0	0	0	934	0	3112	0	124	234	6684	0	5634	0	1500	0	206	0	10212	0	0	0	17712	0	15396	0	20732	2552	9980	0	2158	0	0	0	0	0	0	0	0	0	0	0	2404	0	0	0	10290	0	0	0	1330	0	0	0	0	0	0	0	0	0	0	0	0	0	0	0	0	0	0	0	0	0	0	0	0	0	0	
296160	Parietal_Inf_L	5970	0	346	0	0	0	130	0	0	0	172	0	0	0	0	0	1362	0	224	0	0	0	0	0	0	0	0	0	4092	0	0	0	0	0	0	0	130	0	0	0	0	0	462	0	392	0	0	0	864	0	19514	0	216	0	188	0	25216	0	15590	0	0	0	14578	0	31896	0	2100	0	916	0	150	0	0	0	0	0	0	0	950	0	1388	0	0	0	13708	0	0	0	7526	0	0	0	0	0	0	0	0	0	0	0	0	0	0	0	0	0	0	0	0	0	0	0	0	0	0	0	
214008	Parietal_Inf_R	0	182	0	0	0	0	0	0	0	0	0	0	0	0	0	0	0	0	0	194	0	0	0	0	0	0	0	0	0	0	0	0	0	316	0	0	0	0	0	0	0	0	0	628	0	2208	0	0	0	2878	0	4324	0	1832	0	198	0	9024	0	17712	0	0	0	21174	0	25956	758	2990	0	326	0	0	0	0	0	0	0	0	0	0	0	2656	0	0	0	11848	0	0	0	1800	0	0	0	0	0	0	0	0	0	0	0	0	0	0	0	0	0	0	0	0	0	0	0	0	0	0	
131948	SupraMarginal_L	262	0	0	0	0	0	0	0	0	0	0	0	0	0	0	0	2122	0	0	0	0	0	0	0	0	0	0	0	100	0	0	0	0	0	0	0	0	0	0	0	0	0	0	0	0	0	0	0	0	0	4028	0	0	0	0	0	8362	0	2490	0	14578	0	0	0	11826	0	0	0	0	0	0	0	0	0	0	0	0	0	0	0	3762	0	0	0	11342	0	0	0	7102	0	0	0	0	0	0	0	0	0	0	0	0	0	0	0	0	0	0	0	0	0	0	0	0	0	0	0	
215432	SupraMarginal_R	0	1050	0	0	0	0	0	0	0	0	0	0	0	0	0	0	0	894	0	180	0	0	0	0	0	0	0	0	0	94	0	0	0	294	0	0	0	0	0	0	0	0	0	688	0	2440	0	0	0	2922	0	2816	0	2620	0	218	0	16784	0	15396	0	21174	0	0	0	16854	774	3028	0	220	0	0	0	0	0	0	0	0	0	224	0	4110	0	0	0	12724	0	0	0	2212	0	0	0	0	0	0	0	0	0	0	0	0	0	0	0	0	0	0	0	0	0	0	0	0	0	0	
247140	Angular_L	2608	0	118	0	0	0	0	0	0	0	0	0	0	0	0	0	1148	0	0	0	0	0	0	0	0	0	0	0	1468	0	0	0	0	0	0	0	0	0	102	0	0	0	598	0	560	0	0	0	850	0	23554	0	488	0	352	0	10578	0	7984	0	31896	0	11826	0	0	0	1294	0	1426	0	104	0	0	0	0	0	0	0	286	0	2172	0	0	0	16610	0	0	0	7548	0	0	0	0	0	0	0	0	0	0	0	0	0	0	0	0	0	0	0	0	0	0	0	0	0	0	0	
243692	Angular_R	0	310	0	0	0	0	0	0	0	0	0	0	0	0	0	0	0	112	0	168	0	0	0	0	0	0	0	0	0	0	0	0	0	280	0	0	0	0	0	0	0	0	0	734	0	2662	0	0	0	6566	0	12156	0	2168	0	234	0	7692	0	20732	0	25956	0	16854	0	0	1100	3800	0	260	0	0	0	0	0	0	0	0	0	0	0	4590	0	0	0	13754	0	0	0	1718	0	0	0	0	0	0	0	0	0	0	0	0	0	0	0	0	0	0	0	0	0	0	0	0	0	0	
312300	Precuneus_L	1766	254	230	0	0	0	116	0	0	0	0	0	0	0	0	0	286	138	0	444	0	0	0	0	0	0	0	0	1740	0	0	0	1712	1400	5912	304	5066	0	4288	0	0	0	14076	3036	12838	7650	3300	248	9742	5216	14310	1678	1516	466	2206	142	3736	386	14562	2552	2100	758	0	774	1294	1100	0	12846	3970	1794	0	0	0	0	0	0	0	0	848	0	278	260	0	0	4056	182	0	0	4416	158	0	0	0	0	0	0	0	0	0	0	0	0	0	0	0	0	0	0	0	0	0	0	0	0	0	0	
414236	Precuneus_R	0	2358	0	306	0	0	0	184	0	0	0	0	0	0	0	0	0	1016	0	3502	0	0	0	0	0	0	0	0	0	0	0	0	396	10976	432	7310	0	5948	0	2864	0	0	478	26680	1058	32266	102	10364	698	25980	0	7556	0	5002	0	3556	0	3330	0	9980	0	2990	0	3028	0	3800	12846	0	260	13072	0	0	0	0	0	0	206	388	0	108	0	690	0	0	0	2864	0	0	0	3936	0	0	0	0	0	0	0	118	0	0	0	0	0	0	0	0	0	0	0	0	470	0	0	0	0	0	
162040	Paracentral_Lobule_L	9940	112	2466	186	0	0	0	0	0	0	0	0	0	0	0	0	0	0	9038	8312	0	0	0	0	0	0	0	0	498	0	0	0	7168	4316	4836	376	122	0	0	0	0	0	1804	0	1126	0	0	0	0	0	5940	0	1652	0	624	0	3188	0	1532	0	916	0	0	0	1426	0	3970	260	0	4942	114	0	0	0	0	0	102	0	182	0	0	0	0	0	3638	0	0	0	2234	0	0	0	0	0	0	0	0	0	0	0	0	0	0	0	0	0	0	0	0	0	0	0	0	0	0	0	
290472	Paracentral_Lobule_R	3612	5920	1306	418	0	0	490	0	0	0	0	0	0	0	0	0	0	0	4020	32620	0	0	0	0	0	0	0	0	0	0	0	0	392	20476	632	6760	0	638	0	0	0	0	206	4930	92	6742	0	2180	0	5366	0	1206	0	2222	0	876	0	6756	0	2158	0	326	0	220	0	260	1794	13072	4942	0	3272	2908	0	0	0	0	2104	2482	0	0	0	0	0	0	0	2196	0	0	0	1642	0	0	0	0	0	0	0	0	0	0	0	0	0	0	0	0	0	0	0	0	0	0	0	0	0	0	
256844	Caudate_L	8664	1514	10338	1690	3134	916	4226	654	666	0	0	242	0	0	2766	302	0	200	10554	4374	6550	8110	662	762	464	500	4350	3216	1160	348	5596	2736	0	952	98	0	206	0	0	0	0	0	0	0	0	0	0	0	0	0	0	0	0	0	0	0	588	0	0	0	150	0	0	0	104	0	0	0	114	3272	0	9862	13012	1474	1346	0	11428	670	358	0	0	0	94	0	0	0	0	0	0	0	0	0	0	0	0	0	0	0	0	0	0	0	0	0	0	0	0	0	0	0	0	0	0	0	0	0	
354608	Caudate_R	1074	5648	2808	16838	946	3716	2046	2488	300	184	94	734	0	280	726	4300	0	504	8780	25752	2056	4924	432	9914	0	5398	1390	2150	0	1326	1460	15372	0	1384	0	0	0	1204	0	0	0	0	0	0	0	0	0	0	0	110	0	0	0	0	0	0	0	244	0	0	0	0	0	0	0	0	0	0	0	2908	9862	0	3596	17066	96	1096	1216	16882	0	0	0	0	0	0	0	0	0	0	0	0	0	0	0	0	0	0	0	0	0	0	0	0	0	0	0	0	0	0	0	0	0	0	0	0	0	0	
302636	Putamen_L	4722	0	25144	0	7930	534	3914	0	5356	0	1222	0	2162	0	7376	0	722	0	20110	642	2026	3448	2232	0	0	308	1860	1360	15040	0	6810	838	0	0	0	0	6830	0	1374	0	458	0	0	0	0	0	0	0	0	0	0	0	0	0	2078	0	364	0	0	0	0	0	0	0	0	0	0	0	0	0	13012	3596	0	424	5164	0	1240	0	0	0	1282	0	284	0	242	0	0	0	1214	0	0	0	0	0	0	0	0	0	0	0	0	0	0	0	0	0	0	0	0	0	0	0	0	0	0	0	
387776	Putamen_R	0	8586	614	14222	98	3794	0	8060	0	210	0	12272	0	2528	0	4410	0	2810	1244	14562	214	3036	194	7410	0	4796	154	2018	0	20122	458	10026	0	374	0	0	0	22566	0	8314	0	1782	0	0	0	0	0	1338	0	0	0	0	0	0	0	6100	0	1670	0	0	0	0	0	0	0	0	0	0	0	0	1474	17066	424	0	0	2174	0	7300	0	150	0	220	0	436	0	0	0	0	0	662	0	0	0	0	0	0	0	0	0	0	0	0	0	0	0	0	0	0	0	0	0	0	0	0	0	0	
46092	Pallidum_L	1788	0	7454	0	0	0	0	0	0	0	0	0	0	0	0	0	0	0	5348	0	0	0	0	0	0	0	0	0	0	0	0	0	0	0	0	0	302	0	0	0	0	0	0	0	0	0	0	0	0	0	0	0	0	0	0	0	0	0	0	0	0	0	0	0	0	0	0	0	0	0	1346	96	5164	0	0	0	1548	0	0	0	0	0	0	0	0	0	0	0	0	0	0	0	0	0	0	0	0	0	0	0	0	0	0	0	0	0	0	0	0	0	0	0	0	0	0	0	
15548	Pallidum_R	0	702	0	484	0	0	0	442	0	0	0	456	0	0	0	0	0	0	398	1000	0	0	0	0	0	0	0	0	0	0	0	0	0	0	0	0	0	344	0	298	0	0	0	0	0	0	0	0	0	0	0	0	0	0	0	136	0	244	0	0	0	0	0	0	0	0	0	0	0	0	0	1096	0	2174	0	0	0	0	0	0	0	0	0	0	0	0	0	0	0	0	0	0	0	0	0	0	0	0	0	0	0	0	0	0	0	0	0	0	0	0	0	0	0	0	0	0	
200468	Thalamus_L	12382	1872	17200	2806	0	0	802	116	0	0	0	0	0	0	0	0	130	0	1504	3104	0	0	0	0	0	0	0	0	2032	0	0	0	0	1000	5198	6478	4374	4032	264	2398	0	0	0	0	0	0	0	0	0	0	0	0	0	0	0	1350	316	0	0	0	0	0	0	0	0	0	0	206	102	2104	11428	1216	1240	0	1548	0	0	12736	656	0	528	0	0	0	374	0	0	0	738	0	0	0	0	0	0	0	0	0	0	0	0	0	0	0	0	0	0	0	0	0	0	0	0	0	0	0	
293912	Thalamus_R	2696	9418	3106	25514	0	0	322	3220	0	0	0	1632	0	132	0	514	0	1112	244	19850	0	0	0	0	0	0	0	0	774	1324	0	298	0	0	4368	6870	2474	13824	0	4620	0	0	0	0	0	0	0	540	0	0	0	0	0	0	0	2542	128	402	0	0	0	0	0	0	0	0	0	388	0	2482	670	16882	0	7300	0	0	12736	0	470	0	0	0	0	0	0	0	0	0	104	0	0	0	0	0	0	0	0	0	0	0	0	0	0	0	0	0	0	0	0	0	0	0	0	0	0	0	
82572	Heschl_L	4526	0	1702	0	0	0	668	0	0	0	926	0	0	0	0	0	3882	0	166	0	0	0	0	0	0	0	0	0	7374	0	0	0	0	0	1222	526	2968	522	0	522	0	0	436	0	216	0	0	0	0	0	580	0	0	0	194	262	2940	0	136	0	950	0	0	0	286	0	848	0	182	0	358	0	0	0	0	0	656	470	0	0	2180	0	0	0	2830	0	0	0	2758	0	0	0	0	0	0	0	0	0	0	0	0	0	0	0	0	0	0	0	0	0	0	0	0	0	0	0	
23524	Heschl_R	0	0	0	112	0	0	0	0	0	0	0	184	0	0	0	0	0	2156	0	230	0	0	0	0	0	0	0	0	0	1448	0	0	0	0	0	0	0	688	0	170	0	0	0	0	0	0	0	0	0	0	0	0	0	104	0	482	0	388	0	0	0	0	0	224	0	0	0	108	0	0	0	0	0	150	0	0	0	0	0	0	0	4042	0	0	0	350	0	0	0	926	0	0	0	0	0	0	0	0	0	0	0	0	0	0	0	0	0	0	0	0	0	0	0	0	0	0	
182860	Temporal_Sup_L	2318	0	1312	0	0	0	682	0	0	0	3594	0	960	0	0	0	6898	0	2750	0	0	0	0	0	0	0	0	0	8706	0	0	0	0	0	202	0	3016	0	0	0	188	0	0	0	0	0	0	0	0	0	2058	0	244	0	1218	0	2848	0	824	0	1388	0	3762	0	2172	0	278	0	0	0	0	0	1282	0	0	0	528	0	2180	0	0	0	3034	0	25952	0	0	0	13036	0	0	0	0	0	0	0	0	0	0	0	0	0	0	0	0	0	0	0	0	0	0	0	0	0	0	0	
104176	Temporal_Sup_R	0	252	0	362	0	0	0	0	0	0	0	960	0	0	0	1026	0	2600	0	902	0	0	0	0	0	0	0	0	0	3270	0	0	0	0	0	0	0	1620	0	518	0	0	0	360	0	568	0	0	0	652	0	694	0	282	0	1378	0	1820	0	2404	0	2656	0	4110	0	4590	260	690	0	0	0	0	0	220	0	0	0	0	0	4042	0	0	0	2312	0	9590	0	168	0	3782	0	0	0	0	0	0	0	0	0	0	0	0	0	0	0	0	0	0	0	0	0	0	0	0	0	0	
74020	Temporal_Pole_Sup_L	0	0	722	0	778	0	544	0	690	0	568	0	674	0	2784	0	504	0	212	0	482	0	0	0	0	0	0	0	3118	0	0	0	0	0	0	0	98	0	116	0	0	0	0	0	0	0	0	0	0	0	0	0	0	0	1616	0	0	0	0	0	0	0	0	0	0	0	0	0	0	0	94	0	284	0	0	0	0	0	0	0	3034	0	0	0	9040	0	5674	0	5978	0	0	0	0	0	0	0	0	0	0	0	0	0	0	0	0	0	0	0	0	0	0	0	0	0	0	0	
33360	Temporal_Pole_Sup_R	0	0	0	0	0	0	0	0	0	0	0	0	0	0	0	1204	0	0	0	0	0	0	0	0	0	0	0	0	0	532	0	0	0	0	0	0	0	412	0	1036	0	1078	0	0	0	0	0	0	0	0	0	0	0	0	0	1636	0	0	0	0	0	0	0	0	0	0	0	0	0	0	0	0	0	436	0	0	0	0	0	0	0	2312	0	0	0	3806	0	2940	0	1288	0	0	0	0	0	0	0	0	0	0	0	0	0	0	0	0	0	0	0	0	0	0	0	0	0	0	
415956	Temporal_Mid_L	1636	0	270	0	0	0	340	0	0	0	0	0	0	0	0	0	3528	0	0	0	0	0	0	0	0	0	0	0	2956	0	0	0	290	0	0	0	3138	0	552	0	0	0	3844	0	2678	0	216	0	808	0	27540	0	7212	0	4398	0	4150	0	3962	0	13708	0	11342	0	16610	0	4056	0	3638	0	0	0	242	0	0	0	374	0	2830	0	25952	0	9040	0	0	0	4792	0	47502	0	262	0	0	0	0	0	0	0	112	0	0	0	0	0	0	0	0	0	0	0	0	0	0	0	0	0	
267424	Temporal_Mid_R	0	692	0	0	0	0	0	0	0	0	0	0	0	0	0	280	0	510	0	1948	0	0	0	0	0	0	0	0	0	756	0	0	0	2098	0	0	0	516	0	180	0	0	0	4342	0	1546	0	392	0	1986	0	16970	0	4834	0	1762	0	6838	0	10290	0	11848	0	12724	0	13754	182	2864	0	2196	0	0	0	0	0	0	0	0	0	350	0	9590	0	3806	0	0	0	1360	0	19098	0	0	0	0	0	0	0	0	0	0	0	0	0	0	0	0	0	0	0	0	0	0	0	0	0	0	
30784	Temporal_Pole_Mid_L	0	0	0	0	0	0	0	0	0	0	0	0	0	0	0	0	0	0	0	0	0	0	0	0	0	0	0	0	0	0	0	0	0	0	0	0	0	0	146	0	0	0	0	0	0	0	0	0	0	0	0	0	0	0	1318	0	0	0	0	0	0	0	0	0	0	0	0	0	0	0	0	0	0	0	0	0	0	0	0	0	0	0	5674	0	4792	0	0	0	3462	0	0	0	0	0	0	0	0	0	0	0	0	0	0	0	0	0	0	0	0	0	0	0	0	0	0	0	
14568	Temporal_Pole_Mid_R	0	0	0	0	0	0	0	0	0	0	0	0	0	0	0	0	0	0	0	0	0	0	0	0	0	0	0	0	0	0	0	0	0	0	0	0	0	0	0	502	0	0	0	0	0	0	0	0	0	0	0	0	0	0	0	1496	0	0	0	0	0	0	0	0	0	0	0	0	0	0	0	0	0	0	0	0	0	0	0	0	0	168	0	2940	0	1360	0	0	0	818	0	0	0	0	0	0	0	0	0	0	0	0	0	0	0	0	0	0	0	0	0	0	0	0	0	0	
344488	Temporal_Inf_L	3048	0	996	0	0	0	492	0	0	0	550	0	374	0	0	0	3106	0	904	0	0	0	0	0	0	0	0	0	5748	0	0	0	0	0	296	108	13008	108	582	108	872	0	3512	0	2400	0	732	0	288	0	7988	0	5082	0	13568	0	1522	0	930	0	7526	0	7102	0	7548	0	4416	0	2234	0	0	0	1214	0	0	0	738	104	2758	0	13036	0	5978	0	47502	0	3462	0	0	0	1710	0	0	0	0	0	0	0	594	0	0	0	0	0	0	0	0	0	0	0	0	0	0	0	0	0	
172260	Temporal_Inf_R	0	2204	0	0	0	0	0	254	0	0	0	244	0	0	0	0	0	496	0	1274	0	0	0	0	0	0	0	0	0	1500	0	0	0	1478	0	450	0	8656	0	1960	0	0	0	3062	0	1132	0	1348	0	510	0	3568	0	3626	0	11610	0	1186	0	1330	0	1800	0	2212	0	1718	158	3936	0	1642	0	0	0	662	0	0	0	0	0	926	0	3782	0	1288	0	19098	0	818	0	0	0	1644	0	188	0	0	0	0	0	110	0	0	0	260	0	0	0	0	0	0	0	0	0	0	0	0	
505088	Cerebelum_Crus1_L	0	0	0	0	0	0	0	0	0	0	0	0	0	0	0	0	102	0	0	0	0	0	0	0	0	0	0	0	0	0	0	0	0	0	0	0	452	0	1078	0	0	0	214	0	0	0	12538	2956	0	0	970	0	2570	0	23134	1592	0	0	0	0	0	0	0	0	0	0	0	0	0	0	0	0	0	0	0	0	0	0	0	0	0	0	0	0	262	0	0	0	1710	0	0	1006	28232	678	1760	1088	34590	3202	65012	5558	6752	0	13278	440	5848	1422	1870	0	234	894	15614	9872	3314	1516	1880	906	
311436	Cerebelum_Crus1_R	0	0	0	0	0	0	0	0	0	0	0	0	0	0	0	0	0	0	0	0	0	0	0	0	0	0	0	0	0	0	0	0	0	0	0	0	0	0	0	0	0	0	0	0	0	0	260	3240	0	0	0	0	0	0	172	11548	0	0	0	0	0	0	0	0	0	0	0	0	0	0	0	0	0	0	0	0	0	0	0	0	0	0	0	0	0	0	0	0	0	1644	1006	0	512	31784	364	3028	1070	15218	1982	40632	0	6788	0	21588	802	592	0	262	0	448	2726	5434	3572	706	340	0	
326896	Cerebelum_Crus2_L	0	0	0	0	0	0	0	0	0	0	0	0	0	0	0	0	0	0	0	0	0	0	0	0	0	0	0	0	0	0	0	0	0	0	0	0	0	0	0	0	0	0	0	0	0	0	276	306	0	0	0	0	0	0	1178	0	0	0	0	0	0	0	0	0	0	0	0	0	0	0	0	0	0	0	0	0	0	0	0	0	0	0	0	0	0	0	0	0	0	0	28232	512	0	6742	240	266	2396	246	5488	468	40126	2152	39968	5296	10932	936	1542	0	0	126	368	812	7750	6150	940	0	
276664	Cerebelum_Crus2_R	0	0	0	0	0	0	0	0	0	0	0	0	0	0	0	0	0	0	0	0	0	0	0	0	0	0	0	0	0	0	0	0	0	0	0	0	0	0	0	0	0	0	0	0	0	0	0	264	0	0	0	0	0	0	0	674	0	0	0	0	0	0	0	0	0	0	0	0	0	0	0	0	0	0	0	0	0	0	0	0	0	0	0	0	0	0	0	0	0	188	678	31784	6742	0	224	882	320	2946	812	7778	3472	20684	4562	32476	1466	6306	0	140	0	244	450	1184	8982	4008	1066	0	
53952	Cerebelum_3_L	0	0	0	0	0	0	0	0	0	0	0	0	0	0	0	0	0	0	0	0	0	0	0	0	0	0	0	0	0	0	0	0	0	0	0	0	0	0	0	0	0	0	0	0	0	0	0	146	0	0	0	0	0	0	208	176	0	0	0	0	0	0	0	0	0	0	0	0	0	0	0	0	0	0	0	0	0	0	0	0	0	0	0	0	0	0	0	0	0	0	1760	364	240	224	0	242	7290	590	2718	932	118	0	382	0	2088	150	138	0	1048	2596	3772	1162	292	122	218	0	
74276	Cerebelum_3_R	0	0	0	0	0	0	0	0	0	0	0	0	0	0	0	0	0	0	0	0	0	0	0	0	0	0	0	0	0	0	0	0	0	0	0	0	0	0	0	0	0	0	0	0	0	0	148	134	0	0	0	0	0	0	136	202	0	0	0	0	0	0	0	0	0	0	0	0	0	0	0	0	0	0	0	0	0	0	0	0	0	0	0	0	0	0	0	0	0	0	1088	3028	266	882	242	0	1264	4850	1224	5330	0	314	178	746	740	1946	0	0	726	3918	2030	1720	1320	1846	2378	482	
375168	Cerebelum_4_5_L	0	0	0	0	0	0	0	0	0	0	0	0	0	0	0	0	0	0	0	0	0	0	0	0	0	0	0	0	0	0	0	0	0	0	0	0	108	0	1358	0	0	0	0	0	0	0	11490	2562	0	0	0	0	136	0	12834	2078	0	0	0	0	0	0	0	0	0	0	0	0	0	0	0	0	0	0	0	0	0	0	0	0	0	0	0	0	0	0	0	0	0	0	34590	1070	2396	320	7290	1264	0	5536	44700	5982	1622	0	2222	0	5702	978	404	0	914	2222	26232	9712	494	288	1332	1748	
200076	Cerebelum_4_5_R	0	0	0	0	0	0	0	0	0	0	0	0	0	0	0	0	0	0	0	0	0	0	0	0	0	0	0	0	0	0	0	0	0	0	0	0	0	298	0	788	0	0	0	0	0	0	1810	3338	0	0	0	0	0	0	1236	7058	0	0	0	0	0	0	0	0	0	0	0	118	0	0	0	0	0	0	0	0	0	0	0	0	0	0	0	0	0	0	0	0	0	0	3202	15218	246	2946	590	4850	5536	0	4542	25786	0	888	152	2306	818	524	0	0	0	1522	12130	1564	1098	836	638	0	
515136	Cerebelum_6_L	0	0	0	0	0	0	0	0	0	0	0	0	0	0	0	0	0	0	0	0	0	0	0	0	0	0	0	0	0	0	0	0	0	0	0	0	92	0	1056	0	0	0	850	0	0	0	18484	5778	0	0	2106	0	3006	0	26856	2818	0	0	0	0	0	0	0	0	0	0	0	0	0	0	0	0	0	0	0	0	0	0	0	0	0	0	0	0	112	0	0	0	594	0	65012	1982	5488	812	2718	1224	44700	4542	0	9448	3328	0	3848	0	6164	896	770	0	324	1268	21694	16964	1594	490	1258	1292	
352408	Cerebelum_6_R	0	0	0	0	0	0	0	0	0	0	0	0	0	0	0	0	0	0	0	0	0	0	0	0	0	0	0	0	0	0	0	0	0	0	0	0	0	0	0	174	0	0	0	1090	0	292	2030	9836	0	344	0	0	0	260	1402	17268	0	0	0	0	0	0	0	0	0	0	0	0	0	0	0	0	0	0	0	0	0	0	0	0	0	0	0	0	0	0	0	0	0	110	5558	40632	468	7778	932	5330	5982	25786	9448	0	100	1084	256	5074	2110	440	0	340	194	1814	11266	13410	3582	1032	782	0	
233460	Cerebelum_7b_L	0	0	0	0	0	0	0	0	0	0	0	0	0	0	0	0	0	0	0	0	0	0	0	0	0	0	0	0	0	0	0	0	0	0	0	0	0	0	230	0	0	0	0	0	0	0	0	0	0	0	0	0	0	0	604	0	0	0	0	0	0	0	0	0	0	0	0	0	0	0	0	0	0	0	0	0	0	0	0	0	0	0	0	0	0	0	0	0	0	0	6752	0	40126	3472	118	0	1622	0	3328	100	0	1476	35532	4104	8962	198	892	0	0	0	270	126	3172	5646	0	0	
124492	Cerebelum_7b_R	0	0	0	0	0	0	0	0	0	0	0	0	0	0	0	0	0	0	0	0	0	0	0	0	0	0	0	0	0	0	0	0	0	0	0	0	0	0	0	0	0	0	0	0	0	0	0	0	0	0	0	0	0	0	0	0	0	0	0	0	0	0	0	0	0	0	0	0	0	0	0	0	0	0	0	0	0	0	0	0	0	0	0	0	0	0	0	0	0	0	0	6788	2152	20684	0	314	0	888	0	1084	1476	0	2076	18852	394	3962	0	0	0	0	0	0	1564	2012	0	0	
324976	Cerebelum_8_L	0	0	0	0	0	0	0	0	0	0	0	0	0	0	0	0	0	0	0	0	0	0	0	0	0	0	0	0	0	0	0	0	0	0	0	0	0	0	0	0	0	0	0	0	0	0	0	178	0	0	0	0	0	0	466	0	0	0	0	0	0	0	0	0	0	0	0	0	0	0	0	0	0	0	0	0	0	0	0	0	0	0	0	0	0	0	0	0	0	0	13278	0	39968	4562	382	178	2222	152	3848	256	35532	2076	0	7540	25486	2596	3618	0	0	128	564	496	5348	10728	2886	0	
264300	Cerebelum_8_R	0	0	0	0	0	0	0	0	0	0	0	0	0	0	0	0	0	0	0	0	0	0	0	0	0	0	0	0	0	0	0	0	0	0	0	0	0	0	0	0	0	0	0	0	0	0	0	0	0	0	0	0	0	0	0	106	0	0	0	0	0	0	0	0	0	0	0	0	0	0	0	0	0	0	0	0	0	0	0	0	0	0	0	0	0	0	0	0	0	260	440	21588	5296	32476	0	746	0	2306	0	5074	4104	18852	7540	0	1600	17366	0	432	0	0	0	0	5462	7120	1382	0	
206168	Cerebelum_9_L	0	0	0	0	0	0	0	0	0	0	0	0	0	0	0	0	0	0	0	0	0	0	0	0	0	0	0	0	0	0	0	0	0	0	0	0	0	0	0	0	0	0	0	0	0	0	0	932	0	0	0	0	0	0	148	700	0	0	0	0	0	0	0	0	0	0	0	0	0	0	0	0	0	0	0	0	0	0	0	0	0	0	0	0	0	0	0	0	0	0	5848	802	10932	1466	2088	740	5702	818	6164	2110	8962	394	25486	1600	0	2758	3910	0	266	864	3566	5338	2192	3724	4090	1484	
130680	Cerebelum_9_R	0	0	0	0	0	0	0	0	0	0	0	0	0	0	0	0	0	0	0	0	0	0	0	0	0	0	0	0	0	0	0	0	0	0	0	0	0	0	0	0	0	0	0	0	0	0	0	0	0	0	0	0	0	0	0	0	0	0	0	0	0	0	0	0	0	0	0	0	0	0	0	0	0	0	0	0	0	0	0	0	0	0	0	0	0	0	0	0	0	0	1422	592	936	6306	150	1946	978	524	896	440	198	3962	2596	17366	2758	0	0	632	460	1504	1150	2354	3918	5842	6554	1856	
26728	Cerebelum_10_L	0	0	0	0	0	0	0	0	0	0	0	0	0	0	0	0	0	0	0	0	0	0	0	0	0	0	0	0	0	0	0	0	0	0	0	0	0	0	0	0	0	0	0	0	0	0	0	0	0	0	0	0	0	0	96	0	0	0	0	0	0	0	0	0	0	0	0	0	0	0	0	0	0	0	0	0	0	0	0	0	0	0	0	0	0	0	0	0	0	0	1870	0	1542	0	138	0	404	0	770	0	892	0	3618	0	3910	0	0	0	0	0	124	0	0	0	0	0	
3612	Cerebelum_10_R	0	0	0	0	0	0	0	0	0	0	0	0	0	0	0	0	0	0	0	0	0	0	0	0	0	0	0	0	0	0	0	0	0	0	0	0	0	0	0	0	0	0	0	0	0	0	0	0	0	0	0	0	0	0	0	0	0	0	0	0	0	0	0	0	0	0	0	0	0	0	0	0	0	0	0	0	0	0	0	0	0	0	0	0	0	0	0	0	0	0	0	262	0	140	0	0	0	0	0	340	0	0	0	432	0	632	0	0	0	0	0	0	0	0	0	0	
21780	Vermis_1_2	0	0	0	0	0	0	0	0	0	0	0	0	0	0	0	0	0	0	0	0	0	0	0	0	0	0	0	0	0	0	0	0	0	0	0	0	0	0	0	0	0	0	0	0	0	0	0	0	0	0	0	0	0	0	0	0	0	0	0	0	0	0	0	0	0	0	0	0	0	0	0	0	0	0	0	0	0	0	0	0	0	0	0	0	0	0	0	0	0	0	234	0	0	0	1048	726	914	0	324	194	0	0	0	0	266	460	0	0	0	3586	1414	396	230	368	484	246	
62288	Vermis_3	0	0	0	0	0	0	0	0	0	0	0	0	0	0	0	0	0	0	0	0	0	0	0	0	0	0	0	0	0	0	0	0	0	0	0	0	0	0	94	0	0	0	0	0	0	0	106	0	0	0	0	0	0	0	0	136	0	0	0	0	0	0	0	0	0	0	0	0	0	0	0	0	0	0	0	0	0	0	0	0	0	0	0	0	0	0	0	0	0	0	894	448	126	244	2596	3918	2222	1522	1268	1814	0	0	128	0	864	1504	0	0	3586	0	3266	1798	802	1306	2004	498	
285532	Vermis_4_5	0	0	0	0	0	0	0	0	0	0	0	0	0	0	0	0	0	0	0	0	0	0	0	0	0	0	0	0	0	0	0	0	0	0	0	224	0	194	230	0	0	0	0	0	0	0	6690	3906	0	0	0	0	0	0	5272	3646	0	0	0	0	0	0	0	0	0	0	0	470	0	0	0	0	0	0	0	0	0	0	0	0	0	0	0	0	0	0	0	0	0	0	15614	2726	368	450	3772	2030	26232	12130	21694	11266	270	0	564	0	3566	1150	124	0	1414	3266	0	10640	824	696	1514	1824	
224060	Vermis_6	0	0	0	0	0	0	0	0	0	0	0	0	0	0	0	0	0	0	0	0	0	0	0	0	0	0	0	0	0	0	0	0	0	0	0	0	0	0	0	0	0	0	0	0	0	0	3076	8512	0	0	0	0	128	120	2692	3774	0	0	0	0	0	0	0	0	0	0	0	0	0	0	0	0	0	0	0	0	0	0	0	0	0	0	0	0	0	0	0	0	0	0	9872	5434	812	1184	1162	1720	9712	1564	16964	13410	126	0	496	0	5338	2354	0	0	396	1798	10640	0	3016	1338	3300	3092	
142788	Vermis_7	0	0	0	0	0	0	0	0	0	0	0	0	0	0	0	0	0	0	0	0	0	0	0	0	0	0	0	0	0	0	0	0	0	0	0	0	0	0	0	0	0	0	0	0	0	0	122	1128	0	0	0	0	0	0	0	562	0	0	0	0	0	0	0	0	0	0	0	0	0	0	0	0	0	0	0	0	0	0	0	0	0	0	0	0	0	0	0	0	0	0	3314	3572	7750	8982	292	1320	494	1098	1594	3582	3172	1564	5348	5462	2192	3918	0	0	230	802	824	3016	0	6942	3956	158	
