data	data	451796	135468	873144	921908	98816	105260	450148	180964	86680	32012	220880	191276	195456	170848	165288	82828	253124	182244	715360	826232	41840	68384	284344	250716	34476	91444	32760	52072	567236	396856	218972	311616	170068	454548	160288	230748	293712	323256	125768	198564	28724	59768	216324	343284	147820	310264	299532	345456	170068	422396	427468	341468	108988	135192	455664	392776	253004	148464	69812	48056	298524	79260	144132	90764	248992	144124	235528	464176	220392	157976	223836	367356	259836	351468	52488	30224	215032	234072	141088	22260	237360	121556	92136	62500	394804	227772	27408	28896	295864	204876	445960	410596	317420	253212	45504	48848	310424	222460	437252	374024	247396	125268	312564	276168	146176	95488	45676	29200	17252	37636	260504	177996	197008	144240	91548	83552	
data	data	Precentral_L	Precentral_R	Frontal_Sup_L	Frontal_Sup_R	Frontal_Sup_Orb_L	Frontal_Sup_Orb_R	Frontal_Mid_L	Frontal_Mid_R	Frontal_Mid_Orb_L	Frontal_Mid_Orb_R	Frontal_Inf_Oper_L	Frontal_Inf_Oper_R	Frontal_Inf_Tri_L	Frontal_Inf_Tri_R	Frontal_Inf_Orb_L	Frontal_Inf_Orb_R	Rolandic_Oper_L	Rolandic_Oper_R	Supp_Motor_Area_L	Supp_Motor_Area_R	Olfactory_L	Olfactory_R	Frontal_Sup_Medial_L	Frontal_Sup_Medial_R	Frontal_Med_Orb_L	Frontal_Med_Orb_R	Rectus_L	Rectus_R	Insula_L	Insula_R	Cingulum_Ant_L	Cingulum_Ant_R	Cingulum_Mid_L	Cingulum_Mid_R	Cingulum_Post_L	Cingulum_Post_R	Hippocampus_L	Hippocampus_R	ParaHippocampal_L	ParaHippocampal_R	Amygdala_L	Amygdala_R	Calcarine_L	Calcarine_R	Cuneus_L	Cuneus_R	Lingual_L	Lingual_R	Occipital_Sup_L	Occipital_Sup_R	Occipital_Mid_L	Occipital_Mid_R	Occipital_Inf_L	Occipital_Inf_R	Fusiform_L	Fusiform_R	Postcentral_L	Postcentral_R	Parietal_Sup_L	Parietal_Sup_R	Parietal_Inf_L	Parietal_Inf_R	SupraMarginal_L	SupraMarginal_R	Angular_L	Angular_R	Precuneus_L	Precuneus_R	Paracentral_Lobule_L	Paracentral_Lobule_R	Caudate_L	Caudate_R	Putamen_L	Putamen_R	Pallidum_L	Pallidum_R	Thalamus_L	Thalamus_R	Heschl_L	Heschl_R	Temporal_Sup_L	Temporal_Sup_R	Temporal_Pole_Sup_L	Temporal_Pole_Sup_R	Temporal_Mid_L	Temporal_Mid_R	Temporal_Pole_Mid_L	Temporal_Pole_Mid_R	Temporal_Inf_L	Temporal_Inf_R	Cerebelum_Crus1_L	Cerebelum_Crus1_R	Cerebelum_Crus2_L	Cerebelum_Crus2_R	Cerebelum_3_L	Cerebelum_3_R	Cerebelum_4_5_L	Cerebelum_4_5_R	Cerebelum_6_L	Cerebelum_6_R	Cerebelum_7b_L	Cerebelum_7b_R	Cerebelum_8_L	Cerebelum_8_R	Cerebelum_9_L	Cerebelum_9_R	Cerebelum_10_L	Cerebelum_10_R	Vermis_1_2	Vermis_3	Vermis_4_5	Vermis_6	Vermis_7	Vermis_8	Vermis_9	Vermis_10	
451796	Precentral_L	0	736	16230	1116	0	0	20892	0	0	0	7118	0	1026	0	142	0	14212	0	11838	2474	0	0	200	0	0	0	0	0	15422	0	724	0	1504	2490	4792	2948	6784	1218	1454	370	0	0	774	0	626	0	0	296	1316	0	4122	0	798	0	3306	310	32010	100	0	0	3772	0	1390	0	1096	0	884	382	22414	328	2142	110	6504	0	2772	0	12416	1516	6294	0	2818	0	0	0	2522	0	0	0	1190	0	0	0	0	0	0	0	0	0	0	0	0	0	0	0	0	0	0	0	0	0	0	0	0	0	0	0	
135468	Precentral_R	736	0	428	2760	0	0	0	3904	0	0	0	2424	0	174	0	0	0	2290	826	1488	0	0	0	0	0	0	0	0	170	1682	0	0	0	770	1982	3280	960	3794	172	772	0	0	0	582	0	344	0	182	0	1154	0	1054	0	0	0	1658	0	9066	0	0	0	1450	0	3266	0	248	0	2220	1006	1648	432	1030	0	1726	0	0	764	2210	256	478	0	1866	0	0	0	2622	0	0	0	3860	0	0	0	0	0	0	0	0	0	0	0	0	0	0	0	0	0	0	0	0	0	0	0	0	0	0	
873144	Frontal_Sup_L	16230	428	0	12882	4854	0	67208	164	4114	0	14718	154	12842	0	8736	0	10238	206	91324	15396	222	0	43344	274	1300	0	334	0	40218	210	14356	1072	4718	354	288	262	5866	296	1500	114	0	0	0	0	0	0	0	564	0	0	0	0	0	0	408	0	1644	0	0	0	0	0	0	0	0	0	0	0	4640	0	12430	1442	21702	0	4672	0	9028	200	678	0	2306	0	2198	0	140	0	0	0	298	0	0	0	0	0	0	0	0	0	0	0	0	0	0	0	0	0	0	0	0	0	0	0	0	0	0	0	
921908	Frontal_Sup_R	1116	2760	12882	0	0	9782	242	16752	0	2072	0	19006	156	11974	176	4976	0	15516	20454	99292	0	114	7516	30850	0	3758	0	722	680	22758	6502	34180	2520	21112	190	1488	0	3310	0	654	0	0	0	0	0	0	0	0	0	0	0	0	0	0	0	1400	0	1124	0	0	0	128	0	880	0	0	0	294	1478	114	7956	39118	264	28292	0	4192	844	20420	0	0	0	230	0	180	0	0	0	0	0	530	0	0	0	0	0	0	0	0	0	0	0	0	0	0	0	0	0	0	0	0	0	0	0	0	0	0	
98816	Frontal_Sup_Orb_L	0	0	4854	0	0	0	858	0	8990	0	132	0	586	0	8326	0	0	0	364	0	1224	0	1656	0	4138	122	5278	0	5784	0	902	0	0	0	0	0	152	0	0	0	0	0	0	0	0	0	0	0	0	0	0	0	0	0	0	0	0	0	0	0	0	0	0	0	0	0	0	0	0	0	462	0	5338	0	0	0	0	0	0	0	112	0	130	0	0	0	0	0	0	0	0	0	0	0	0	0	0	0	0	0	0	0	0	0	0	0	0	0	0	0	0	0	0	0	0	0	
105260	Frontal_Sup_Orb_R	0	0	0	9782	0	0	0	2146	0	3664	0	0	0	116	0	3052	0	0	0	902	0	2136	0	2722	0	6312	0	5868	0	1688	0	1734	0	0	0	0	0	0	0	0	0	0	0	0	0	0	0	0	0	0	0	0	0	0	0	0	0	0	0	0	0	0	0	0	0	0	0	0	0	0	0	4820	0	7480	0	0	0	0	0	0	0	0	0	208	0	0	0	0	0	0	0	0	0	0	0	0	0	0	0	0	0	0	0	0	0	0	0	0	0	0	0	0	0	0	0	0	
450148	Frontal_Mid_L	20892	0	67208	242	858	0	0	0	3824	0	17896	0	22776	0	8682	0	11432	0	11950	292	0	0	17036	0	0	0	0	0	22268	0	2768	0	1804	0	668	654	2210	560	302	110	0	0	0	0	0	0	0	112	0	0	0	0	0	0	0	0	1060	0	0	0	182	0	0	0	0	0	0	0	102	0	250	0	3246	0	1280	0	1960	524	844	0	876	0	206	0	0	0	0	0	0	0	0	0	0	0	0	0	0	0	0	0	0	0	0	0	0	0	0	0	0	0	0	0	0	0	0	0	
180964	Frontal_Mid_R	0	3904	164	16752	0	2146	0	0	0	4470	0	7332	0	10252	0	5640	0	6918	422	2482	0	0	104	450	0	0	0	0	0	12908	0	302	0	1672	226	224	194	2464	0	778	0	0	0	0	0	0	0	0	0	0	0	0	0	0	0	386	0	100	0	0	0	0	0	0	0	0	0	0	0	0	0	360	0	6718	0	0	172	2942	0	0	0	0	0	0	0	0	0	0	0	0	0	0	0	0	0	0	0	0	0	0	0	0	0	0	0	0	0	0	0	0	0	0	0	0	0	0	
86680	Frontal_Mid_Orb_L	0	0	4114	0	8990	0	3824	0	0	0	346	0	3540	0	12102	0	0	0	800	0	0	0	184	0	816	0	1940	0	4220	0	100	0	0	0	0	0	0	0	0	0	0	0	0	0	0	0	0	0	0	0	0	0	0	0	0	0	0	0	0	0	0	0	0	0	0	0	0	0	0	0	0	0	2216	0	0	0	0	0	0	0	0	0	148	0	0	0	0	0	0	0	0	0	0	0	0	0	0	0	0	0	0	0	0	0	0	0	0	0	0	0	0	0	0	0	0	0	
32012	Frontal_Mid_Orb_R	0	0	0	2072	0	3664	0	4470	0	0	0	0	0	378	0	4686	0	0	0	134	0	0	0	0	0	0	0	116	0	306	0	0	0	0	0	0	0	0	0	0	0	0	0	0	0	0	0	0	0	0	0	0	0	0	0	0	0	0	0	0	0	0	0	0	0	0	0	0	0	0	0	0	0	180	0	0	0	0	0	0	0	0	0	0	0	0	0	0	0	0	0	0	0	0	0	0	0	0	0	0	0	0	0	0	0	0	0	0	0	0	0	0	0	0	0	0	
220880	Frontal_Inf_Oper_L	7118	0	14718	0	132	0	17896	0	346	0	0	0	14156	0	1242	0	13608	0	8540	110	0	0	1288	0	0	0	0	0	19762	0	1880	0	0	0	0	0	154	0	0	0	0	0	0	0	0	0	0	0	0	0	0	0	0	0	0	0	1806	0	0	0	0	0	0	0	0	0	0	0	0	0	172	0	670	0	0	0	188	0	486	0	3204	0	2964	0	0	0	0	0	0	0	0	0	0	0	0	0	0	0	0	0	0	0	0	0	0	0	0	0	0	0	0	0	0	0	0	0	
191276	Frontal_Inf_Oper_R	0	2424	154	19006	0	0	0	7332	0	0	0	0	0	6234	0	766	0	13532	1112	12140	0	0	0	330	0	0	0	0	0	18686	0	178	0	1198	302	302	286	1836	0	576	0	0	0	0	0	0	0	0	0	0	0	0	0	0	0	312	0	1034	0	0	0	0	0	0	0	0	0	0	0	0	126	314	0	4484	0	0	200	1488	0	402	0	590	0	294	0	0	0	0	0	0	0	0	0	0	0	0	0	0	0	0	0	0	0	0	0	0	0	0	0	0	0	0	0	0	0	0	
195456	Frontal_Inf_Tri_L	1026	0	12842	156	586	0	22776	0	3540	0	14156	0	0	0	13848	0	1548	0	5008	204	0	0	1060	0	0	0	0	0	17778	0	694	0	132	0	0	0	110	0	0	0	0	0	0	0	0	0	0	0	0	0	0	0	0	0	0	0	0	0	0	0	0	0	0	0	0	0	0	0	0	0	0	0	276	0	0	0	0	0	0	0	526	0	1462	0	0	0	0	0	0	0	0	0	0	0	0	0	0	0	0	0	0	0	0	0	0	0	0	0	0	0	0	0	0	0	0	0	
170848	Frontal_Inf_Tri_R	0	174	0	11974	0	116	0	10252	0	378	0	6234	0	0	0	5710	0	462	2434	10752	0	0	1466	4668	0	0	0	0	0	20592	0	166	0	8240	0	0	0	0	0	0	0	0	0	0	0	0	0	0	0	0	0	0	0	0	0	0	0	0	0	0	0	0	0	0	0	0	0	0	0	0	0	0	0	1670	0	0	0	0	0	0	0	136	0	0	0	0	0	0	0	0	0	0	0	0	0	0	0	0	0	0	0	0	0	0	0	0	0	0	0	0	0	0	0	0	0	0	
165288	Frontal_Inf_Orb_L	142	0	8736	176	8326	0	8682	0	12102	0	1242	0	13848	0	0	0	120	0	2942	280	1318	0	158	0	328	0	732	0	15564	0	192	0	0	0	0	0	566	0	0	0	246	0	0	0	0	0	0	0	0	0	0	0	0	0	100	0	0	0	0	0	0	0	0	0	0	0	0	0	0	0	278	0	4490	0	0	0	0	0	0	0	186	0	1890	0	0	0	0	0	0	0	0	0	0	0	0	0	0	0	0	0	0	0	0	0	0	0	0	0	0	0	0	0	0	0	0	0	
82828	Frontal_Inf_Orb_R	0	0	0	4976	0	3052	0	5640	0	4686	0	766	0	5710	0	0	0	0	0	3120	0	1098	106	280	0	0	0	1030	0	6654	0	110	0	1484	0	0	0	0	0	0	0	0	0	0	0	0	0	0	0	0	0	0	0	0	0	120	0	0	0	0	0	0	0	0	0	0	0	0	0	0	0	456	0	1672	0	0	0	0	0	0	0	0	0	454	0	0	0	0	0	0	0	0	0	0	0	0	0	0	0	0	0	0	0	0	0	0	0	0	0	0	0	0	0	0	0	0	
253124	Rolandic_Oper_L	14212	0	10238	0	0	0	11432	0	0	0	13608	0	1548	0	120	0	0	0	4480	0	0	0	364	0	0	0	0	0	23264	0	138	0	200	0	0	0	534	0	150	0	0	0	0	0	0	0	0	0	0	0	1116	0	0	0	2806	0	11476	0	0	0	1814	0	2180	0	1130	0	574	224	162	0	0	0	680	0	108	0	568	0	8136	0	10056	0	1882	0	1426	0	0	0	1936	0	0	0	0	0	0	0	0	0	0	0	0	0	0	0	0	0	0	0	0	0	0	0	0	0	0	0	
182244	Rolandic_Oper_R	0	2290	206	15516	0	0	0	6918	0	0	0	13532	0	462	0	0	0	0	204	5726	0	0	0	0	0	0	0	0	0	24980	0	0	0	0	282	294	246	1820	0	198	0	0	0	0	0	0	0	0	0	102	0	108	0	0	0	304	0	1982	0	0	0	0	0	1538	0	0	0	0	0	0	364	470	0	3496	0	132	436	1876	0	2502	0	3756	0	238	0	698	0	0	0	446	0	0	0	0	0	0	0	0	0	0	0	0	0	0	0	0	0	0	0	0	0	0	0	0	0	0	
715360	Supp_Motor_Area_L	11838	826	91324	20454	364	0	11950	422	800	0	8540	1112	5008	2434	2942	0	4480	204	0	42654	222	0	7770	1124	0	0	0	0	25892	1896	7758	1032	12700	15060	1082	416	2936	132	250	108	0	0	0	0	0	0	0	580	478	0	358	0	0	0	290	0	1208	0	0	0	0	0	0	0	0	0	536	212	16876	326	14910	1478	16452	280	6218	0	8686	544	0	0	2024	0	2116	0	102	0	0	0	276	0	0	0	0	0	0	0	0	0	0	0	0	0	0	0	0	0	0	0	0	0	0	0	0	0	0	0	
826232	Supp_Motor_Area_R	2474	1488	15396	99292	0	902	292	2482	0	134	110	12140	204	10752	280	3120	0	5726	42654	0	0	0	1848	9686	0	536	0	0	954	14570	4272	21600	4680	49652	820	6822	0	980	0	274	0	0	0	3226	0	1104	0	1990	0	1424	292	1610	124	176	0	206	0	928	0	0	0	0	0	420	0	254	0	8298	4612	12176	7308	27340	260	11532	0	1728	330	10850	0	0	0	162	0	212	124	828	0	0	0	400	0	0	0	0	0	0	0	0	0	0	0	0	0	0	0	0	0	0	0	0	1062	0	0	0	0	0	
41840	Olfactory_L	0	0	222	0	1224	0	0	0	0	0	0	0	0	0	1318	0	0	0	222	0	0	2148	0	0	264	116	416	0	2602	0	1732	424	0	0	0	0	338	0	520	0	476	0	0	0	0	0	0	0	0	0	0	0	0	0	0	0	0	0	0	0	0	0	0	0	0	0	0	0	0	0	4212	1720	2148	334	0	0	0	0	0	0	184	0	300	0	0	0	0	0	0	0	0	0	0	0	0	0	0	0	0	0	0	0	0	0	0	0	0	0	0	0	0	0	0	0	0	0	
68384	Olfactory_R	0	0	0	114	0	2136	0	0	0	0	0	0	0	0	0	1098	0	0	0	0	2148	0	0	0	272	2662	338	4246	0	2912	1808	3352	0	0	0	0	0	0	0	100	0	380	0	0	0	0	0	0	0	0	0	0	0	0	0	0	0	0	0	0	0	0	0	0	0	0	0	0	0	0	3312	6278	1014	1162	0	246	0	0	0	0	0	0	0	614	0	0	0	0	0	0	0	0	0	0	0	0	0	0	0	0	0	0	0	0	0	0	0	0	0	0	0	0	0	0	0	0	
284344	Frontal_Sup_Medial_L	200	0	43344	7516	1656	0	17036	104	184	0	1288	0	1060	1466	158	106	364	0	7770	1848	0	0	0	13732	2118	304	302	0	3654	1422	14792	5914	4110	6052	0	0	0	0	0	0	0	0	0	0	0	0	0	0	0	0	0	0	0	0	0	0	0	0	0	0	0	0	0	0	0	0	0	0	0	0	1710	460	3322	180	0	0	0	0	0	0	0	0	0	0	0	0	0	0	0	0	0	0	0	0	0	0	0	0	0	0	0	0	0	0	0	0	0	0	0	0	0	0	0	0	0	0	
250716	Frontal_Sup_Medial_R	0	0	274	30850	0	2722	0	450	0	0	0	330	0	4668	0	280	0	0	1124	9686	0	0	13732	0	220	5212	0	494	0	4302	3510	18924	424	11322	0	0	0	0	0	0	0	0	0	0	0	0	0	0	0	0	0	0	0	0	0	0	0	0	0	0	0	0	0	0	0	0	0	0	0	0	0	9596	0	7238	0	0	0	0	0	0	0	0	0	0	0	0	0	0	0	0	0	0	0	0	0	0	0	0	0	0	0	0	0	0	0	0	0	0	0	0	0	0	0	0	0	0	
34476	Frontal_Med_Orb_L	0	0	1300	0	4138	0	0	0	816	0	0	0	0	0	328	0	0	0	0	0	264	272	2118	220	0	894	2694	266	168	0	1756	428	0	0	0	0	0	0	0	0	0	0	0	0	0	0	0	0	0	0	0	0	0	0	0	0	0	0	0	0	0	0	0	0	0	0	0	0	0	0	730	0	846	0	0	0	0	0	0	0	0	0	0	0	0	0	0	0	0	0	0	0	0	0	0	0	0	0	0	0	0	0	0	0	0	0	0	0	0	0	0	0	0	0	0	0	
91444	Frontal_Med_Orb_R	0	0	0	3758	122	6312	0	0	0	0	0	0	0	0	0	0	0	0	0	536	116	2662	304	5212	894	0	608	7064	0	0	1082	6328	0	0	0	0	0	0	0	0	0	0	0	0	0	0	0	0	0	0	0	0	0	0	0	0	0	0	0	0	0	0	0	0	0	0	0	0	0	0	0	6140	0	4584	0	0	0	0	0	0	0	0	0	0	0	0	0	0	0	0	0	0	0	0	0	0	0	0	0	0	0	0	0	0	0	0	0	0	0	0	0	0	0	0	0	0	
32760	Rectus_L	0	0	334	0	5278	0	0	0	1940	0	0	0	0	0	732	0	0	0	0	0	416	338	302	0	2694	608	0	394	366	0	654	370	0	0	0	0	0	0	0	0	0	0	0	0	0	0	0	0	0	0	0	0	0	0	0	0	0	0	0	0	0	0	0	0	0	0	0	0	0	0	978	0	976	0	0	0	0	0	0	0	0	0	0	0	0	0	0	0	0	0	0	0	0	0	0	0	0	0	0	0	0	0	0	0	0	0	0	0	0	0	0	0	0	0	0	0	
52072	Rectus_R	0	0	0	722	0	5868	0	0	0	116	0	0	0	0	0	1030	0	0	0	0	0	4246	0	494	266	7064	394	0	0	1540	0	1986	0	0	0	0	0	0	0	0	0	0	0	0	0	0	0	0	0	0	0	0	0	0	0	0	0	0	0	0	0	0	0	0	0	0	0	0	0	0	0	1386	0	608	0	0	0	0	0	0	0	0	0	316	0	0	0	0	0	0	0	0	0	0	0	0	0	0	0	0	0	0	0	0	0	0	0	0	0	0	0	0	0	0	0	0	
567236	Insula_L	15422	170	40218	680	5784	0	22268	0	4220	0	19762	0	17778	0	15564	0	23264	0	25892	954	2602	0	3654	0	168	0	366	0	0	0	2072	122	178	0	946	726	10548	702	1264	232	1004	0	160	0	0	0	0	924	0	0	172	0	0	0	4578	148	7644	0	0	0	430	0	156	0	0	0	350	0	120	0	886	0	15656	0	0	0	1706	356	8736	0	8624	0	6472	0	3862	0	140	0	5938	0	0	0	0	0	0	0	0	0	0	0	0	0	0	0	0	0	0	0	0	0	0	0	0	0	0	0	
396856	Insula_R	0	1682	210	22758	0	1688	0	12908	0	306	0	18686	0	20592	0	6654	0	24980	1896	14570	0	2912	1422	4302	0	0	0	1540	0	0	0	218	0	6418	334	348	282	6278	0	1740	0	880	0	0	0	0	0	0	0	0	0	0	0	0	0	3676	0	1300	0	0	0	0	0	1012	0	0	0	0	0	0	404	1326	0	17326	0	116	474	2660	0	1900	0	6560	0	2440	0	1862	0	0	0	3768	0	0	0	0	0	0	0	0	0	0	0	0	0	0	0	0	0	0	0	0	0	0	0	0	0	0	
218972	Cingulum_Ant_L	724	0	14356	6502	902	0	2768	0	100	0	1880	0	694	0	192	0	138	0	7758	4272	1732	1808	14792	3510	1756	1082	654	0	2072	0	0	11524	3064	2858	0	0	0	0	0	0	0	0	0	0	0	0	0	0	0	0	0	0	0	0	0	0	0	0	0	0	0	0	0	0	0	0	0	0	0	0	8734	4786	8220	2296	0	312	0	0	0	0	0	0	0	0	0	0	0	0	0	0	0	0	0	0	0	0	0	0	0	0	0	0	0	0	0	0	0	0	0	0	0	0	0	0	0	0	
311616	Cingulum_Ant_R	0	0	1072	34180	0	1734	0	302	0	0	0	178	0	166	0	110	0	0	1032	21600	424	3352	5914	18924	428	6328	370	1986	122	218	11524	0	1056	12816	0	0	0	0	0	0	0	0	0	0	0	0	0	0	0	0	0	0	0	0	0	0	0	0	0	0	0	0	0	0	0	0	0	0	0	0	1198	19470	436	10664	0	204	0	0	0	0	0	0	0	0	0	0	0	0	0	0	0	0	0	0	0	0	0	0	0	0	0	0	0	0	0	0	0	0	0	0	0	0	0	0	0	0	
170068	Cingulum_Mid_L	1504	0	4718	2520	0	0	1804	0	0	0	0	0	132	0	0	0	200	0	12700	4680	0	0	4110	424	0	0	0	0	178	0	3064	1056	0	10846	3076	1118	0	0	0	0	0	0	348	0	980	494	100	0	2228	374	4586	304	0	0	814	0	250	0	220	0	818	0	322	0	1026	0	6478	4106	7880	0	0	0	0	0	0	0	0	0	0	0	274	0	0	0	508	0	0	0	794	0	0	0	0	0	0	0	0	0	0	0	0	0	0	0	0	0	0	0	0	0	0	0	0	0	0	0	
454548	Cingulum_Mid_R	2490	770	354	21112	0	0	0	1672	0	0	0	1198	0	8240	0	1484	0	0	15060	49652	0	0	6052	11322	0	0	0	0	0	6418	2858	12816	10846	0	1104	7156	0	0	0	0	0	0	104	5208	0	4436	0	1986	0	4740	682	3664	204	664	0	100	0	1986	0	0	140	156	0	232	188	482	650	18284	2692	14644	0	360	0	1110	0	0	0	0	0	0	0	470	0	0	218	1462	0	0	0	824	0	0	0	0	0	0	0	0	0	0	0	0	0	0	0	0	0	0	0	0	984	0	0	0	0	0	
160288	Cingulum_Post_L	4792	1982	288	190	0	0	668	226	0	0	0	302	0	0	0	0	0	282	1082	820	0	0	0	0	0	0	0	0	946	334	0	0	3076	1104	0	12418	8804	6806	3606	1900	0	0	2260	0	380	0	1464	358	414	0	448	0	0	0	330	1508	574	378	0	0	124	0	0	0	120	0	4074	736	4946	0	206	0	0	386	0	0	5992	4404	1416	0	0	0	0	0	0	0	0	0	0	0	0	0	0	0	0	0	0	0	0	0	0	0	0	0	0	0	0	0	0	0	0	0	0	0	0	0	
230748	Cingulum_Post_R	2948	3280	262	1488	0	0	654	224	0	0	0	302	0	0	0	0	0	294	416	6822	0	0	0	0	0	0	0	0	726	348	0	0	1118	7156	12418	0	5992	9848	1948	3556	0	0	0	1394	0	248	0	5974	0	1214	180	1684	0	0	0	2770	354	564	0	0	0	0	0	0	0	188	472	12084	1164	2496	438	0	0	390	0	0	7030	5556	1124	364	0	1250	0	0	0	2364	0	0	0	1318	0	0	0	0	0	0	0	330	0	0	0	0	0	0	0	0	0	0	0	0	4624	0	0	0	0	0	
293712	Hippocampus_L	6784	960	5866	0	152	0	2210	194	0	0	154	286	110	0	566	0	534	246	2936	0	338	0	0	0	0	0	0	0	10548	282	0	0	0	0	8804	5992	0	5642	14930	1410	5028	0	2356	0	0	0	2542	2722	0	0	0	0	0	0	13542	1174	2188	304	0	0	990	0	0	0	1340	0	3562	410	846	0	440	0	5324	344	184	0	5386	2900	6432	0	2754	0	1852	0	3726	0	0	0	10528	0	188	0	0	0	0	0	0	0	850	0	0	0	0	0	0	0	0	0	0	0	0	0	0	0	0	0	
323256	Hippocampus_R	1218	3794	296	3310	0	0	560	2464	0	0	0	1836	0	0	0	0	0	1820	132	980	0	0	0	0	0	0	0	0	702	6278	0	0	0	0	6806	9848	5642	0	1828	27480	0	7592	0	596	0	0	0	4730	0	0	0	0	0	0	0	27314	302	1496	0	0	0	0	0	346	0	0	306	4130	134	0	0	0	0	15286	0	342	4558	9650	1084	0	0	670	0	680	0	222	0	436	0	3946	0	0	0	0	0	0	0	682	0	0	0	0	0	0	0	0	0	0	0	0	2132	0	0	0	0	0	
125768	ParaHippocampal_L	1454	172	1500	0	0	0	302	0	0	0	0	0	0	0	0	0	150	0	250	0	520	0	0	0	0	0	0	0	1264	0	0	0	0	0	3606	1948	14930	1828	0	492	1914	0	1782	0	0	0	2550	780	0	0	0	0	0	0	6050	440	178	0	0	0	558	0	0	0	758	0	2434	214	350	0	0	0	530	0	0	0	904	1020	1698	0	1298	0	490	0	1412	0	0	0	1834	0	1108	0	110	0	370	0	2272	0	1908	0	180	0	282	0	182	0	126	0	0	196	368	172	0	0	0	0	
198564	ParaHippocampal_R	370	772	114	654	0	0	110	778	0	0	0	576	0	0	0	0	0	198	108	274	0	100	0	0	0	0	0	0	232	1740	0	0	0	0	1900	3556	1410	27480	492	0	0	8510	0	544	0	0	0	4052	0	0	0	0	0	0	0	22940	136	252	0	0	0	0	0	0	0	0	142	2406	0	0	0	0	0	4538	0	244	1198	3002	342	0	0	150	0	3178	0	0	0	1802	0	806	0	388	0	0	0	0	0	1756	0	822	0	0	0	0	0	0	0	0	0	0	1210	0	0	0	0	0	
28724	Amygdala_L	0	0	0	0	0	0	0	0	0	0	0	0	0	0	246	0	0	0	0	0	476	0	0	0	0	0	0	0	1004	0	0	0	0	0	0	0	5028	0	1914	0	0	0	0	0	0	0	0	0	0	0	0	0	0	0	2612	0	0	0	0	0	0	0	0	0	0	0	0	0	0	0	320	0	1024	0	0	0	0	0	0	0	0	0	868	0	0	0	0	0	870	0	0	0	0	0	0	0	0	0	0	0	0	0	0	0	0	0	0	0	0	0	0	0	0	0	0	0	
59768	Amygdala_R	0	0	0	0	0	0	0	0	0	0	0	0	0	0	0	0	0	0	0	0	0	380	0	0	0	0	0	0	0	880	0	0	0	0	0	0	0	7592	0	8510	0	0	0	0	0	0	0	0	0	0	0	0	0	0	0	7340	0	0	0	0	0	0	0	0	0	0	0	0	0	0	0	0	0	1006	0	0	0	0	0	0	0	0	0	2844	0	0	0	1100	0	232	0	0	0	0	0	0	0	0	0	0	0	0	0	0	0	0	0	0	0	0	0	0	0	0	0	0	
216324	Calcarine_L	774	0	0	0	0	0	0	0	0	0	0	0	0	0	0	0	0	0	0	0	0	0	0	0	0	0	0	0	160	0	0	0	348	104	2260	0	2356	0	1782	0	0	0	0	4334	11536	4388	13138	1618	9042	2070	23902	0	2256	0	5268	0	122	0	158	150	1180	0	0	0	2206	0	11872	436	1070	0	0	0	0	0	0	0	0	0	0	0	0	0	0	0	5178	0	0	0	186	0	0	0	0	0	0	0	140	0	128	0	0	0	0	0	0	0	0	0	0	0	0	0	0	0	0	0	
343284	Calcarine_R	0	582	0	0	0	0	0	0	0	0	0	0	0	0	0	0	0	0	0	3226	0	0	0	0	0	0	0	0	0	0	0	0	0	5208	0	1394	0	596	0	544	0	0	4334	0	5386	27812	180	21764	0	27582	0	13660	0	11802	0	9330	0	2868	0	758	0	158	0	0	0	808	368	20250	484	4680	0	0	0	0	0	0	0	0	0	0	0	366	0	0	0	2532	0	0	0	2982	0	296	0	0	0	0	0	176	0	326	0	0	0	0	0	0	0	0	0	0	610	290	290	0	0	0	
147820	Cuneus_L	626	0	0	0	0	0	0	0	0	0	0	0	0	0	0	0	0	0	0	0	0	0	0	0	0	0	0	0	0	0	0	0	980	0	380	0	0	0	0	0	0	0	11536	5386	0	8752	1450	1348	16442	3696	7710	400	0	720	526	396	0	0	812	182	270	0	0	0	472	0	7622	762	2498	0	0	0	0	0	0	0	0	0	0	0	0	0	0	0	834	0	0	0	110	0	0	0	0	0	0	0	0	0	0	0	0	0	0	0	0	0	0	0	0	0	0	0	0	0	0	0	
310264	Cuneus_R	0	344	0	0	0	0	0	0	0	0	0	0	0	0	0	0	0	0	0	1104	0	0	0	0	0	0	0	0	0	0	0	0	494	4436	0	248	0	0	0	0	0	0	4388	27812	8752	0	0	9604	210	35664	518	13500	0	7142	0	3740	0	1188	0	2410	148	0	0	0	218	948	5026	19452	198	3206	0	0	0	0	0	0	0	0	0	0	0	0	0	0	0	2298	0	0	0	604	0	368	0	0	0	0	0	0	0	376	0	0	0	0	0	0	0	0	0	0	0	368	368	0	0	0	
299532	Lingual_L	0	0	0	0	0	0	0	0	0	0	0	0	0	0	0	0	0	0	0	0	0	0	0	0	0	0	0	0	0	0	0	0	100	0	1464	0	2542	0	2550	0	0	0	13138	180	1450	0	0	1176	3970	0	14218	0	8238	0	19920	160	0	0	0	0	0	0	0	0	0	0	5318	0	0	0	0	0	0	0	0	0	0	0	0	0	0	0	0	0	516	0	0	0	0	0	13610	690	2698	826	298	0	15520	0	24132	1016	0	0	166	0	0	0	0	0	0	112	6500	5468	2224	242	574	750	
345456	Lingual_R	296	182	564	0	0	0	112	0	0	0	0	0	0	0	0	0	0	0	580	1990	0	0	0	0	0	0	0	0	924	0	0	0	0	1986	358	5974	2722	4730	780	4052	0	0	1618	21764	1348	9604	1176	0	0	8872	0	6094	0	3644	368	14142	124	0	0	0	0	0	0	0	0	390	222	15380	0	1996	214	0	788	0	0	0	168	428	0	0	0	314	0	0	0	1000	0	0	0	1380	588	9862	152	782	120	422	968	5982	1258	12548	0	0	0	340	0	0	0	0	0	0	9068	9416	4938	0	0	0	
170068	Occipital_Sup_L	1316	0	0	0	0	0	0	0	0	0	0	0	0	0	0	0	0	0	478	0	0	0	0	0	0	0	0	0	0	0	0	0	2228	0	414	0	0	0	0	0	0	0	9042	0	16442	210	3970	0	0	142	26514	114	450	0	552	0	0	0	5710	0	1158	0	0	0	1162	0	10364	328	4006	0	0	0	0	0	0	0	0	0	0	0	0	0	0	0	434	0	0	0	0	0	0	0	0	0	0	0	0	0	0	0	0	0	0	0	0	0	0	0	0	0	0	0	0	0	0	0	
422396	Occipital_Sup_R	0	1154	0	0	0	0	0	0	0	0	0	0	0	0	0	0	0	102	0	1424	0	0	0	0	0	0	0	0	0	0	0	0	374	4740	0	1214	0	0	0	0	0	0	2070	27582	3696	35664	0	8872	142	0	450	36390	0	11612	0	4660	0	3944	0	3120	148	2358	0	380	218	10460	2150	23830	226	4908	0	0	0	0	0	0	0	0	0	0	0	1974	0	0	0	10610	0	0	0	5088	0	346	0	0	0	0	0	0	0	354	0	0	0	0	0	0	0	0	0	0	246	346	346	0	0	0	
427468	Occipital_Mid_L	4122	0	0	0	0	0	0	0	0	0	0	0	0	0	0	0	1116	0	358	292	0	0	0	0	0	0	0	0	172	0	0	0	4586	682	448	180	0	0	0	0	0	0	23902	0	7710	518	14218	0	26514	450	0	228	13444	0	10134	0	758	0	6568	0	13810	0	1016	0	25584	0	13830	2878	4828	206	0	0	0	0	0	0	0	0	214	0	942	0	0	0	26574	0	0	0	2694	0	818	0	390	180	0	0	338	0	1762	0	0	0	0	0	0	0	0	0	0	0	262	496	512	0	0	0	
341468	Occipital_Mid_R	0	1054	0	0	0	0	0	0	0	0	0	0	0	0	0	0	0	108	0	1610	0	0	0	0	0	0	0	0	0	0	0	0	304	3664	0	1684	0	0	0	0	0	0	0	13660	400	13500	0	6094	114	36390	228	0	0	13870	0	2758	0	3042	0	1930	0	4654	0	310	0	20488	970	13046	190	4442	0	0	0	0	0	0	0	0	0	0	0	1590	0	0	0	18572	0	0	0	5022	0	132	0	0	0	0	0	0	0	134	0	0	0	0	0	0	0	0	0	0	510	132	132	0	0	0	
108988	Occipital_Inf_L	798	0	0	0	0	0	0	0	0	0	0	0	0	0	0	0	0	0	0	124	0	0	0	0	0	0	0	0	0	0	0	0	0	204	0	0	0	0	0	0	0	0	2256	0	0	0	8238	0	450	0	13444	0	0	0	10118	0	0	0	0	0	532	0	0	0	934	0	178	0	282	0	0	0	0	0	0	0	0	0	0	0	106	0	0	0	3744	0	0	0	2724	0	1798	0	612	318	0	0	1110	0	4160	0	0	0	0	0	0	0	0	0	0	0	586	910	868	0	0	0	
135192	Occipital_Inf_R	0	0	0	0	0	0	0	0	0	0	0	0	0	0	0	0	0	0	0	176	0	0	0	0	0	0	0	0	0	0	0	0	0	664	0	0	0	0	0	0	0	0	0	11802	720	7142	0	3644	0	11612	0	13870	0	0	0	5370	0	974	0	262	0	136	0	0	0	506	190	2920	0	592	0	0	0	0	0	0	0	0	0	0	0	108	0	0	0	2392	0	0	0	3318	0	0	0	0	0	0	0	322	0	512	0	0	0	0	0	0	0	0	0	0	212	152	0	0	0	0	
455664	Fusiform_L	3306	0	408	0	0	0	0	0	0	0	0	0	0	0	100	0	2806	0	290	0	0	0	0	0	0	0	0	0	4578	0	0	0	814	0	330	0	13542	0	6050	0	2612	0	5268	0	526	0	19920	368	552	0	10134	0	10118	0	0	0	1954	0	0	0	3998	0	2136	0	3528	0	3488	722	776	0	0	0	968	0	0	0	206	0	6426	0	5096	0	2044	0	8640	0	1140	0	24674	0	23066	0	1730	316	100	0	15602	0	33064	122	690	0	428	0	0	0	0	0	0	0	2622	1644	930	0	0	0	
392776	Fusiform_R	310	1658	0	1400	0	0	0	386	0	0	0	312	0	0	0	120	0	304	0	206	0	0	0	0	0	0	0	0	148	3676	0	0	0	100	1508	2770	1174	27314	440	22940	0	7340	0	9330	396	3740	160	14142	0	4660	0	2758	0	5370	0	0	120	404	0	0	0	0	0	264	0	392	148	4974	0	0	0	0	0	7234	0	166	932	2026	244	0	0	1526	0	7654	0	1634	0	3916	0	15138	0	9040	0	100	0	0	110	8096	102	12988	0	0	0	154	0	0	0	0	0	0	3926	1636	802	0	0	0	
253004	Postcentral_L	32010	0	1644	0	0	0	1060	0	0	0	1806	0	0	0	0	0	11476	0	1208	0	0	0	0	0	0	0	0	0	7644	0	0	0	250	0	574	354	2188	302	178	136	0	0	122	0	0	0	0	124	0	0	758	0	0	0	1954	120	0	0	3380	0	22860	0	16416	0	710	0	1664	148	1674	0	146	0	1474	0	0	0	1538	180	6466	0	4654	0	0	0	468	0	0	0	816	0	0	0	0	0	0	0	0	0	0	0	0	0	0	0	0	0	0	0	0	0	0	0	0	0	0	0	
148464	Postcentral_R	100	9066	0	1124	0	0	0	100	0	0	0	1034	0	0	0	0	0	1982	0	928	0	0	0	0	0	0	0	0	0	1300	0	0	0	1986	378	564	304	1496	0	252	0	0	0	2868	0	1188	0	0	0	3944	0	3042	0	974	0	404	0	0	0	3958	0	5712	0	11166	0	284	118	9088	110	5522	0	0	0	1432	0	0	228	782	138	258	0	728	0	0	0	1106	0	0	0	568	0	0	0	0	0	0	0	0	0	0	0	0	0	0	0	0	0	0	0	0	0	0	0	0	0	0	
69812	Parietal_Sup_L	0	0	0	0	0	0	0	0	0	0	0	0	0	0	0	0	0	0	0	0	0	0	0	0	0	0	0	0	0	0	0	0	220	0	0	0	0	0	0	0	0	0	158	0	812	0	0	0	5710	0	6568	0	0	0	0	0	3380	0	0	0	7332	0	0	0	1784	0	8350	162	430	0	0	0	0	0	0	0	0	0	0	0	0	0	0	0	0	0	0	0	0	0	0	0	0	0	0	0	0	0	0	0	0	0	0	0	0	0	0	0	0	0	0	0	0	0	0	0	
48056	Parietal_Sup_R	0	0	0	0	0	0	0	0	0	0	0	0	0	0	0	0	0	0	0	0	0	0	0	0	0	0	0	0	0	0	0	0	0	0	0	0	0	0	0	0	0	0	150	758	182	2410	0	0	0	3120	0	1930	0	262	0	0	0	3958	0	0	0	1750	0	138	0	2386	258	6344	0	382	0	0	0	0	0	0	0	0	0	0	0	0	0	0	0	0	0	0	0	0	0	0	0	0	0	0	0	0	0	0	0	0	0	0	0	0	0	0	0	0	0	0	0	0	0	0	
298524	Parietal_Inf_L	3772	0	0	0	0	0	182	0	0	0	0	0	0	0	0	0	1814	0	0	0	0	0	0	0	0	0	0	0	430	0	0	0	818	140	124	0	990	0	558	0	0	0	1180	0	270	148	0	0	1158	148	13810	0	532	0	3998	0	22860	0	7332	0	0	0	21260	0	28680	0	2590	822	1226	0	0	0	0	0	0	0	0	0	1102	0	4342	0	0	0	20768	0	0	0	8208	0	0	0	0	0	0	0	0	0	0	0	0	0	0	0	0	0	0	0	0	0	0	0	0	0	0	0	
79260	Parietal_Inf_R	0	1450	0	128	0	0	0	0	0	0	0	0	0	0	0	0	0	0	0	0	0	0	0	0	0	0	0	0	0	0	0	0	0	156	0	0	0	0	0	0	0	0	0	158	0	0	0	0	0	2358	0	4654	0	136	0	0	0	5712	0	1750	0	0	0	12004	0	8830	0	686	0	0	0	0	0	0	0	0	0	0	0	0	0	684	0	0	0	686	0	0	0	238	0	0	0	0	0	0	0	0	0	0	0	0	0	0	0	0	0	0	0	0	0	0	0	0	0	0	
144132	SupraMarginal_L	1390	0	0	0	0	0	0	0	0	0	0	0	0	0	0	0	2180	0	0	0	0	0	0	0	0	0	0	0	156	0	0	0	322	0	0	0	0	0	0	0	0	0	0	0	0	0	0	0	0	0	1016	0	0	0	2136	0	16416	0	0	0	21260	0	0	0	7926	0	804	320	284	0	0	0	0	0	0	0	0	0	320	0	7924	0	0	0	7580	0	0	0	2032	0	0	0	0	0	0	0	0	0	0	0	0	0	0	0	0	0	0	0	0	0	0	0	0	0	0	0	
90764	SupraMarginal_R	0	3266	0	880	0	0	0	0	0	0	0	0	0	0	0	0	0	1538	0	420	0	0	0	0	0	0	0	0	0	1012	0	0	0	232	0	0	0	346	0	0	0	0	0	0	0	0	0	0	0	380	0	310	0	0	0	264	0	11166	0	138	0	12004	0	0	0	5756	0	926	0	0	0	0	0	198	0	0	0	0	0	210	0	3468	0	0	0	1430	0	0	0	1438	0	0	0	0	0	0	0	0	0	0	0	0	0	0	0	0	0	0	0	0	0	0	0	0	0	0	
248992	Angular_L	1096	0	0	0	0	0	0	0	0	0	0	0	0	0	0	0	1130	0	0	0	0	0	0	0	0	0	0	0	0	0	0	0	1026	188	120	0	1340	0	758	0	0	0	2206	0	472	218	0	0	1162	218	25584	0	934	0	3528	0	710	0	1784	0	28680	0	7926	0	0	0	2864	1252	864	0	0	0	0	0	0	0	0	0	1356	0	4582	0	0	0	26714	0	0	0	7784	0	0	0	0	0	0	0	0	0	0	0	0	0	0	0	0	0	0	0	0	0	0	0	0	0	0	0	
144124	Angular_R	0	248	0	0	0	0	0	0	0	0	0	0	0	0	0	0	0	0	0	254	0	0	0	0	0	0	0	0	0	0	0	0	0	482	0	188	0	0	0	0	0	0	0	808	0	948	0	390	0	10460	0	20488	0	506	0	392	0	284	0	2386	0	8830	0	5756	0	0	0	1658	0	542	0	0	0	0	0	0	0	0	0	0	0	3570	0	0	0	10482	0	0	0	3390	0	0	0	0	0	0	0	0	0	0	0	0	0	0	0	0	0	0	0	0	0	0	0	0	0	0	
235528	Precuneus_L	884	0	0	0	0	0	0	0	0	0	0	0	0	0	0	0	574	0	536	0	0	0	0	0	0	0	0	0	350	0	0	0	6478	650	4074	472	3562	306	2434	142	0	0	11872	368	7622	5026	5318	222	10364	2150	13830	970	178	190	3488	148	1664	118	8350	258	2590	0	804	0	2864	0	0	10234	3462	282	0	0	0	0	0	0	0	240	344	0	756	0	0	0	2056	0	0	0	1534	0	0	0	0	0	0	0	0	0	0	0	0	0	0	0	0	0	0	0	0	0	0	0	0	0	0	0	
464176	Precuneus_R	382	2220	0	294	0	0	0	0	0	0	0	0	0	0	0	0	224	0	212	8298	0	0	0	0	0	0	0	0	0	0	0	0	4106	18284	736	12084	410	4130	214	2406	0	0	436	20250	762	19452	0	15380	328	23830	2878	13046	0	2920	722	4974	148	9088	162	6344	822	686	320	926	1252	1658	10234	0	1330	15468	0	0	0	0	0	0	128	520	0	0	192	2576	0	0	458	6082	0	0	730	6840	0	0	0	0	0	0	0	650	0	0	0	0	0	0	0	0	0	0	0	0	6496	0	0	0	0	0	
220392	Paracentral_Lobule_L	22414	1006	4640	1478	0	0	102	0	0	0	0	0	0	0	0	0	162	0	16876	4612	0	0	0	0	0	0	0	0	120	0	0	0	7880	2692	4946	1164	846	134	350	0	0	0	1070	484	2498	198	0	0	4006	226	4828	190	282	0	776	0	1674	110	430	0	1226	0	284	0	864	0	3462	1330	0	1530	3010	0	220	0	308	0	9102	656	0	0	242	0	0	0	1396	0	0	0	372	0	0	0	0	0	0	0	0	0	0	0	0	0	0	0	0	0	0	0	0	0	0	0	0	0	0	0	
157976	Paracentral_Lobule_R	328	1648	0	114	0	0	0	0	0	0	0	0	0	0	0	0	0	0	326	12176	0	0	0	0	0	0	0	0	0	0	0	0	0	14644	0	2496	0	0	0	0	0	0	0	4680	0	3206	0	1996	0	4908	206	4442	0	592	0	0	0	5522	0	382	0	0	0	0	0	542	282	15468	1530	0	0	0	0	0	0	0	0	0	0	0	0	304	0	0	0	1796	0	0	0	422	0	0	0	0	0	0	0	0	0	0	0	0	0	0	0	0	0	0	0	0	978	0	0	0	0	0	
223836	Caudate_L	2142	432	12430	7956	462	0	250	0	0	0	172	126	0	0	278	0	0	364	14910	7308	4212	3312	1710	0	730	0	978	0	886	404	8734	1198	0	0	206	438	440	0	0	0	320	0	0	0	0	0	0	214	0	0	0	0	0	0	0	0	146	0	0	0	0	0	0	0	0	0	0	0	3010	0	0	11584	11016	848	2042	1382	9954	1324	0	0	0	0	0	0	0	0	0	0	0	0	0	0	0	0	0	0	0	0	0	0	0	0	0	0	0	0	0	0	0	0	0	0	0	0	0	0	
367356	Caudate_R	110	1030	1442	39118	0	4820	0	360	0	0	0	314	0	0	0	456	0	470	1478	27340	1720	6278	460	9596	0	6140	0	1386	0	1326	4786	19470	0	360	0	0	0	0	0	0	0	0	0	0	0	0	0	0	0	0	0	0	0	0	0	0	0	0	0	0	0	0	0	0	0	0	0	0	0	0	11584	0	1520	19460	206	3054	2056	17338	0	0	0	0	0	0	0	0	0	0	0	0	0	0	0	0	0	0	0	0	0	0	0	0	0	0	0	0	0	0	0	0	0	0	0	0	0	0	
259836	Putamen_L	6504	0	21702	264	5338	0	3246	0	2216	0	670	0	276	0	4490	0	680	0	16452	260	2148	1014	3322	0	846	0	976	0	15656	0	8220	436	0	0	0	0	5324	0	530	0	1024	0	0	0	0	0	0	788	0	0	0	0	0	0	968	0	1474	0	0	0	0	0	0	0	0	0	0	0	220	0	11016	1520	0	214	7012	200	1996	0	0	0	648	0	1548	0	112	0	0	0	608	0	0	0	0	0	0	0	0	0	0	0	0	0	0	0	0	0	0	0	0	0	0	0	0	0	0	0	
351468	Putamen_R	0	1726	0	28292	0	7480	0	6718	0	180	0	4484	0	1670	0	1672	0	3496	280	11532	334	1162	180	7238	0	4584	0	608	0	17326	2296	10664	0	1110	386	390	344	15286	0	4538	0	1006	0	0	0	0	0	0	0	0	0	0	0	0	0	7234	0	1432	0	0	0	0	0	198	0	0	0	0	0	0	848	19460	214	0	0	2598	240	5522	0	0	0	206	0	828	0	370	0	0	0	1602	0	0	0	0	0	0	0	0	0	0	0	0	0	0	0	0	0	0	0	0	0	0	0	0	0	0	
52488	Pallidum_L	2772	0	4672	0	0	0	1280	0	0	0	0	0	0	0	0	0	108	0	6218	0	0	0	0	0	0	0	0	0	0	0	0	0	0	0	0	0	184	0	0	0	0	0	0	0	0	0	0	0	0	0	0	0	0	0	0	0	0	0	0	0	0	0	0	0	0	0	0	0	308	0	2042	206	7012	0	0	0	1442	0	0	0	0	0	0	0	0	0	0	0	0	0	0	0	0	0	0	0	0	0	0	0	0	0	0	0	0	0	0	0	0	0	0	0	0	0	0	0	
30224	Pallidum_R	0	0	0	4192	0	0	0	0	0	0	0	0	0	0	0	0	0	132	0	1728	0	246	0	0	0	0	0	0	0	116	312	204	0	0	0	0	0	342	0	244	0	0	0	0	0	0	0	0	0	0	0	0	0	0	0	166	0	0	0	0	0	0	0	0	0	0	0	0	0	0	1382	3054	200	2598	0	0	0	196	0	0	0	0	0	0	0	0	0	0	0	0	0	0	0	0	0	0	0	0	0	0	0	0	0	0	0	0	0	0	0	0	0	0	0	0	0	0	
215032	Thalamus_L	12416	764	9028	844	0	0	1960	172	0	0	188	200	0	0	0	0	568	436	8686	330	0	0	0	0	0	0	0	0	1706	474	0	0	0	0	5992	7030	5386	4558	904	1198	0	0	0	0	0	0	0	168	0	0	0	0	0	0	206	932	1538	228	0	0	0	0	0	0	0	0	0	128	9102	0	9954	2056	1996	240	1442	0	0	15236	796	0	104	0	0	0	146	0	0	0	404	0	0	0	0	0	0	0	0	0	0	0	0	0	0	0	0	0	0	0	0	0	0	0	0	0	0	0	
234072	Thalamus_R	1516	2210	200	20420	0	0	524	2942	0	0	0	1488	0	0	0	0	0	1876	544	10850	0	0	0	0	0	0	0	0	356	2660	0	0	0	0	4404	5556	2900	9650	1020	3002	0	0	0	0	0	0	0	428	0	0	0	0	0	0	0	2026	180	782	0	0	0	0	0	0	0	0	240	520	656	0	1324	17338	0	5522	0	196	15236	0	470	0	0	0	0	0	0	0	0	0	0	0	0	0	0	0	0	0	0	0	0	0	0	0	0	0	0	0	0	0	0	0	0	0	0	0	0	0	
141088	Heschl_L	6294	256	678	0	0	0	844	0	0	0	486	0	0	0	0	0	8136	0	0	0	0	0	0	0	0	0	0	0	8736	0	0	0	0	0	1416	1124	6432	1084	1698	342	0	0	0	0	0	0	0	0	0	0	214	0	0	0	6426	244	6466	138	0	0	1102	0	320	0	1356	0	344	0	0	0	0	0	0	0	0	0	796	470	0	0	4804	0	0	0	4366	0	0	0	5972	0	0	0	0	0	0	0	0	0	0	0	0	0	0	0	0	0	0	0	0	0	0	0	0	0	0	0	
22260	Heschl_R	0	478	0	0	0	0	0	0	0	0	0	402	0	0	0	0	0	2502	0	0	0	0	0	0	0	0	0	0	0	1900	0	0	0	0	0	364	0	0	0	0	0	0	0	0	0	0	0	0	0	0	0	0	0	0	0	0	0	258	0	0	0	0	0	210	0	0	0	0	0	0	0	0	0	0	0	0	0	0	0	0	0	3244	0	0	0	1584	0	0	0	188	0	0	0	0	0	0	0	0	0	0	0	0	0	0	0	0	0	0	0	0	0	0	0	0	0	0	
237360	Temporal_Sup_L	2818	0	2306	0	112	0	876	0	0	0	3204	0	526	0	186	0	10056	0	2024	0	184	0	0	0	0	0	0	0	8624	0	0	0	274	0	0	0	2754	0	1298	0	0	0	0	0	0	0	0	0	0	0	942	0	106	0	5096	0	4654	0	0	0	4342	0	7924	0	4582	0	756	192	242	0	0	0	648	0	0	0	104	0	4804	0	0	0	3380	0	28168	0	0	0	17370	0	0	0	0	0	0	0	0	0	128	0	0	0	0	0	0	0	0	0	0	0	0	0	0	0	0	0	
121556	Temporal_Sup_R	0	1866	0	230	0	0	0	0	0	0	0	590	0	136	0	0	0	3756	0	162	0	0	0	0	0	0	0	0	0	6560	0	0	0	470	0	1250	0	670	0	150	0	0	0	366	0	0	0	314	0	1974	0	1590	0	108	0	1526	0	728	0	0	0	684	0	3468	0	3570	0	2576	0	304	0	0	0	206	0	0	0	0	0	3244	0	0	0	1956	0	14464	0	424	0	7280	0	0	0	0	0	0	0	0	0	0	0	0	0	0	0	0	0	0	0	0	156	0	0	0	0	0	
92136	Temporal_Pole_Sup_L	0	0	2198	0	130	0	206	0	148	0	2964	0	1462	0	1890	0	1882	0	2116	0	300	0	0	0	0	0	0	0	6472	0	0	0	0	0	0	0	1852	0	490	0	868	0	0	0	0	0	0	0	0	0	0	0	0	0	2044	0	0	0	0	0	0	0	0	0	0	0	0	0	0	0	0	0	1548	0	0	0	0	0	0	0	3380	0	0	0	5774	0	4116	0	6228	0	0	0	0	0	0	0	0	0	0	0	0	0	0	0	0	0	0	0	0	0	0	0	0	0	0	0	
62500	Temporal_Pole_Sup_R	0	0	0	180	0	208	0	0	0	0	0	294	0	0	0	454	0	238	0	212	0	614	0	0	0	0	0	316	0	2440	0	0	0	0	0	0	0	680	0	3178	0	2844	0	0	0	0	0	0	0	0	0	0	0	0	0	7654	0	0	0	0	0	0	0	0	0	0	0	0	0	0	0	0	0	828	0	0	0	0	0	0	0	1956	0	0	0	1504	0	3746	0	3904	0	0	0	0	0	0	0	0	0	0	0	0	0	0	0	0	0	0	0	0	0	0	0	0	0	0	
394804	Temporal_Mid_L	2522	0	140	0	0	0	0	0	0	0	0	0	0	0	0	0	1426	0	102	124	0	0	0	0	0	0	0	0	3862	0	0	0	508	218	0	0	3726	0	1412	0	0	0	5178	0	834	0	516	0	434	0	26574	0	3744	0	8640	0	468	0	0	0	20768	0	7580	0	26714	0	2056	458	1396	0	0	0	112	0	0	0	146	0	4366	0	28168	0	5774	0	0	0	4576	0	34380	0	0	0	0	0	0	0	0	0	480	0	0	0	0	0	0	0	0	0	0	0	0	0	0	0	0	0	
227772	Temporal_Mid_R	0	2622	0	0	0	0	0	0	0	0	0	0	0	0	0	0	0	698	0	828	0	0	0	0	0	0	0	0	0	1862	0	0	0	1462	0	2364	0	222	0	0	0	0	0	2532	0	2298	0	1000	0	10610	0	18572	0	2392	0	1634	0	1106	0	0	0	686	0	1430	0	10482	0	6082	0	1796	0	0	0	370	0	0	0	0	0	1584	0	14464	0	1504	0	0	0	1052	0	23874	0	0	0	0	0	0	0	0	0	0	0	0	0	0	0	0	0	0	0	0	360	0	0	0	0	0	
27408	Temporal_Pole_Mid_L	0	0	0	0	0	0	0	0	0	0	0	0	0	0	0	0	0	0	0	0	0	0	0	0	0	0	0	0	140	0	0	0	0	0	0	0	0	0	0	0	0	0	0	0	0	0	0	0	0	0	0	0	0	0	1140	0	0	0	0	0	0	0	0	0	0	0	0	0	0	0	0	0	0	0	0	0	0	0	0	0	0	0	4116	0	4576	0	0	0	3732	0	0	0	0	0	0	0	0	0	0	0	0	0	0	0	0	0	0	0	0	0	0	0	0	0	0	0	
28896	Temporal_Pole_Mid_R	0	0	0	0	0	0	0	0	0	0	0	0	0	0	0	0	0	0	0	0	0	0	0	0	0	0	0	0	0	0	0	0	0	0	0	0	0	436	0	1802	0	1100	0	0	0	0	0	0	0	0	0	0	0	0	0	3916	0	0	0	0	0	0	0	0	0	0	0	0	0	0	0	0	0	0	0	0	0	0	0	0	0	424	0	3746	0	1052	0	0	0	1972	0	0	0	0	0	0	0	0	0	0	0	0	0	0	0	0	0	0	0	0	0	0	0	0	0	0	
295864	Temporal_Inf_L	1190	0	298	0	0	0	0	0	0	0	0	0	0	0	0	0	1936	0	276	0	0	0	0	0	0	0	0	0	5938	0	0	0	794	0	0	0	10528	0	1834	0	870	0	186	0	110	0	0	0	0	0	2694	0	2724	0	24674	0	816	0	0	0	8208	0	2032	0	7784	0	1534	730	372	0	0	0	608	0	0	0	404	0	5972	0	17370	0	6228	0	34380	0	3732	0	0	0	1890	0	104	0	0	0	134	0	1582	0	0	0	0	0	0	0	0	0	0	0	0	0	0	0	0	0	
204876	Temporal_Inf_R	0	3860	0	530	0	0	0	0	0	0	0	0	0	0	0	0	0	446	0	400	0	0	0	0	0	0	0	0	0	3768	0	0	0	824	0	1318	0	3946	0	806	0	232	0	2982	0	604	0	1380	0	5088	0	5022	0	3318	0	15138	0	568	0	0	0	238	0	1438	0	3390	0	6840	0	422	0	0	0	1602	0	0	0	0	0	188	0	7280	0	3904	0	23874	0	1972	0	0	0	512	0	0	0	0	0	0	0	0	0	0	0	0	0	0	0	0	0	0	548	0	0	0	0	0	
445960	Cerebelum_Crus1_L	0	0	0	0	0	0	0	0	0	0	0	0	0	0	0	0	0	0	0	0	0	0	0	0	0	0	0	0	0	0	0	0	0	0	0	0	188	0	1108	0	0	0	0	0	0	0	13610	588	0	0	818	0	1798	0	23066	0	0	0	0	0	0	0	0	0	0	0	0	0	0	0	0	0	0	0	0	0	0	0	0	0	0	0	0	0	0	0	0	0	1890	0	0	678	33752	598	1708	0	31760	118	60360	736	11948	0	16464	278	2970	0	1334	0	0	0	6200	5258	4426	574	320	432	
410596	Cerebelum_Crus1_R	0	0	0	0	0	0	0	0	0	0	0	0	0	0	0	0	0	0	0	0	0	0	0	0	0	0	0	0	0	0	0	0	0	0	0	0	0	0	0	388	0	0	0	296	0	368	690	9862	0	346	0	132	0	0	0	9040	0	0	0	0	0	0	0	0	0	0	0	0	0	0	0	0	0	0	0	0	0	0	0	0	0	0	0	0	0	0	0	0	0	512	678	0	496	28754	0	4214	1082	26388	1000	55502	286	6182	556	22504	102	1766	0	1682	182	1464	10534	10014	8276	694	660	648	
317420	Cerebelum_Crus2_L	0	0	0	0	0	0	0	0	0	0	0	0	0	0	0	0	0	0	0	0	0	0	0	0	0	0	0	0	0	0	0	0	0	0	0	0	0	0	110	0	0	0	0	0	0	0	2698	152	0	0	390	0	612	0	1730	0	0	0	0	0	0	0	0	0	0	0	0	0	0	0	0	0	0	0	0	0	0	0	0	0	0	0	0	0	0	0	0	0	104	0	33752	496	0	4328	366	0	1504	0	6906	176	36864	3108	37258	602	9734	0	3086	0	0	0	354	2642	8064	3182	250	242	
253212	Cerebelum_Crus2_R	0	0	0	0	0	0	0	0	0	0	0	0	0	0	0	0	0	0	0	0	0	0	0	0	0	0	0	0	0	0	0	0	0	0	0	0	0	0	0	0	0	0	0	0	0	0	826	782	0	0	180	0	318	0	316	100	0	0	0	0	0	0	0	0	0	0	0	0	0	0	0	0	0	0	0	0	0	0	0	0	0	0	0	0	0	0	0	0	0	0	598	28754	4328	0	0	266	0	1806	1036	5734	2814	16894	2776	30918	124	3582	0	2382	0	0	138	2430	10076	6474	1580	1374	
45504	Cerebelum_3_L	0	0	0	0	0	0	0	0	0	0	0	0	0	0	0	0	0	0	0	0	0	0	0	0	0	0	0	0	0	0	0	0	0	0	0	0	0	0	370	0	0	0	0	0	0	0	298	120	0	0	0	0	0	0	100	0	0	0	0	0	0	0	0	0	0	0	0	0	0	0	0	0	0	0	0	0	0	0	0	0	0	0	0	0	0	0	0	0	0	0	1708	0	366	0	0	0	9766	0	2340	0	220	0	1368	0	2530	0	0	0	666	1780	1120	0	0	0	0	0	
48848	Cerebelum_3_R	0	0	0	0	0	0	0	0	0	0	0	0	0	0	0	0	0	0	0	0	0	0	0	0	0	0	0	0	0	0	0	0	0	0	0	0	0	0	0	0	0	0	0	0	0	0	0	422	0	0	0	0	0	0	0	0	0	0	0	0	0	0	0	0	0	0	0	0	0	0	0	0	0	0	0	0	0	0	0	0	0	0	0	0	0	0	0	0	0	0	0	4214	0	266	0	0	0	6732	0	6462	0	0	0	790	0	336	0	0	408	3080	476	0	284	322	336	296	
310424	Cerebelum_4_5_L	0	0	0	0	0	0	0	0	0	0	0	0	0	0	0	0	0	0	0	0	0	0	0	0	0	0	0	0	0	0	0	0	0	0	0	0	0	0	2272	0	0	0	140	0	0	0	15520	968	0	0	338	0	1110	0	15602	110	0	0	0	0	0	0	0	0	0	0	0	0	0	0	0	0	0	0	0	0	0	0	0	0	0	0	0	0	0	0	0	0	134	0	31760	1082	1504	0	9766	0	0	256	45040	1432	1462	0	3542	0	4694	0	238	0	0	1118	13220	3504	122	0	120	158	
222460	Cerebelum_4_5_R	0	0	0	0	0	0	0	0	0	0	0	0	0	0	0	0	0	0	0	0	0	0	0	0	0	0	0	0	0	0	0	0	0	0	0	330	0	682	0	1756	0	0	0	176	0	0	0	5982	0	0	0	0	0	322	0	8096	0	0	0	0	0	0	0	0	0	0	0	650	0	0	0	0	0	0	0	0	0	0	0	0	0	0	0	0	0	0	0	0	0	0	118	26388	0	1806	0	6732	256	0	194	36876	0	0	0	4082	0	686	0	1072	0	898	12460	212	346	376	394	340	
437252	Cerebelum_6_L	0	0	0	0	0	0	0	0	0	0	0	0	0	0	0	0	0	0	0	0	0	0	0	0	0	0	0	0	0	0	0	0	0	0	0	0	850	0	1908	0	0	0	128	0	0	0	24132	1258	0	0	1762	0	4160	0	33064	102	0	0	0	0	0	0	0	0	0	0	0	0	0	0	0	0	0	0	0	0	0	0	0	0	128	0	0	0	480	0	0	0	1582	0	60360	1000	6906	1036	2340	0	45040	194	0	1490	1908	0	3234	258	2126	0	278	0	0	0	11154	8174	3112	234	0	228	
374024	Cerebelum_6_R	0	0	0	0	0	0	0	0	0	0	0	0	0	0	0	0	0	0	0	0	0	0	0	0	0	0	0	0	0	0	0	0	0	0	0	0	0	0	0	822	0	0	0	326	0	376	1016	12548	0	354	0	134	0	512	122	12988	0	0	0	0	0	0	0	0	0	0	0	0	0	0	0	0	0	0	0	0	0	0	0	0	0	0	0	0	0	0	0	0	0	0	736	55502	176	5734	0	6462	1432	36876	1490	0	0	0	110	8296	0	1304	0	760	326	1720	15118	10544	6042	1658	1788	1740	
247396	Cerebelum_7b_L	0	0	0	0	0	0	0	0	0	0	0	0	0	0	0	0	0	0	0	0	0	0	0	0	0	0	0	0	0	0	0	0	0	0	0	0	0	0	180	0	0	0	0	0	0	0	0	0	0	0	0	0	0	0	690	0	0	0	0	0	0	0	0	0	0	0	0	0	0	0	0	0	0	0	0	0	0	0	0	0	0	0	0	0	0	0	0	0	0	0	11948	286	36864	2814	220	0	1462	0	1908	0	0	2870	38228	786	12828	142	4354	0	0	0	442	0	3420	4076	180	0	
125268	Cerebelum_7b_R	0	0	0	0	0	0	0	0	0	0	0	0	0	0	0	0	0	0	0	0	0	0	0	0	0	0	0	0	0	0	0	0	0	0	0	0	0	0	0	0	0	0	0	0	0	0	0	0	0	0	0	0	0	0	0	0	0	0	0	0	0	0	0	0	0	0	0	0	0	0	0	0	0	0	0	0	0	0	0	0	0	0	0	0	0	0	0	0	0	0	0	6182	3108	16894	0	0	0	0	0	0	2870	0	3338	16906	118	2644	0	730	0	0	0	0	3266	5728	454	396	
312564	Cerebelum_8_L	0	0	0	0	0	0	0	0	0	0	0	0	0	0	0	0	0	0	0	0	0	0	0	0	0	0	0	0	0	0	0	0	0	0	0	0	0	0	282	0	0	0	0	0	0	0	166	0	0	0	0	0	0	0	428	0	0	0	0	0	0	0	0	0	0	0	0	0	0	0	0	0	0	0	0	0	0	0	0	0	0	0	0	0	0	0	0	0	0	0	16464	556	37258	2776	1368	0	3542	0	3234	110	38228	3338	0	1954	24272	384	7144	0	0	0	794	388	4254	6922	1668	752	
276168	Cerebelum_8_R	0	0	0	0	0	0	0	0	0	0	0	0	0	0	0	0	0	0	0	0	0	0	0	0	0	0	0	0	0	0	0	0	0	0	0	0	0	0	0	0	0	0	0	0	0	0	0	340	0	0	0	0	0	0	0	154	0	0	0	0	0	0	0	0	0	0	0	0	0	0	0	0	0	0	0	0	0	0	0	0	0	0	0	0	0	0	0	0	0	0	278	22504	602	30918	0	790	0	4082	258	8296	786	16906	1954	0	284	19938	0	4462	130	262	426	1130	5832	8112	5032	4608	
146176	Cerebelum_9_L	0	0	0	0	0	0	0	0	0	0	0	0	0	0	0	0	0	0	0	0	0	0	0	0	0	0	0	0	0	0	0	0	0	0	0	0	0	0	182	0	0	0	0	0	0	0	0	0	0	0	0	0	0	0	0	0	0	0	0	0	0	0	0	0	0	0	0	0	0	0	0	0	0	0	0	0	0	0	0	0	0	0	0	0	0	0	0	0	0	0	2970	102	9734	124	2530	0	4694	0	2126	0	12828	118	24272	284	0	378	6164	0	0	0	772	316	714	2148	1828	804	
95488	Cerebelum_9_R	0	0	0	0	0	0	0	0	0	0	0	0	0	0	0	0	0	0	0	0	0	0	0	0	0	0	0	0	0	0	0	0	0	0	0	0	0	0	0	0	0	0	0	0	0	0	0	0	0	0	0	0	0	0	0	0	0	0	0	0	0	0	0	0	0	0	0	0	0	0	0	0	0	0	0	0	0	0	0	0	0	0	0	0	0	0	0	0	0	0	0	1766	0	3582	0	336	0	686	0	1304	142	2644	384	19938	378	0	114	3512	0	256	266	106	1440	3568	3752	3570	
45676	Cerebelum_10_L	0	0	0	0	0	0	0	0	0	0	0	0	0	0	0	0	0	0	0	0	0	0	0	0	0	0	0	0	0	0	0	0	0	0	0	0	0	0	126	0	0	0	0	0	0	0	0	0	0	0	0	0	0	0	0	0	0	0	0	0	0	0	0	0	0	0	0	0	0	0	0	0	0	0	0	0	0	0	0	0	0	0	0	0	0	0	0	0	0	0	1334	0	3086	0	0	0	238	0	278	0	4354	0	7144	0	6164	114	0	0	0	0	0	0	0	0	0	0	
29200	Cerebelum_10_R	0	0	0	0	0	0	0	0	0	0	0	0	0	0	0	0	0	0	0	0	0	0	0	0	0	0	0	0	0	0	0	0	0	0	0	0	0	0	0	0	0	0	0	0	0	0	0	0	0	0	0	0	0	0	0	0	0	0	0	0	0	0	0	0	0	0	0	0	0	0	0	0	0	0	0	0	0	0	0	0	0	0	0	0	0	0	0	0	0	0	0	1682	0	2382	0	0	0	1072	0	760	0	730	0	4462	0	3512	0	0	0	0	0	0	0	0	0	0	
17252	Vermis_1_2	0	0	0	0	0	0	0	0	0	0	0	0	0	0	0	0	0	0	0	0	0	0	0	0	0	0	0	0	0	0	0	0	0	0	0	0	0	0	0	0	0	0	0	0	0	0	0	0	0	0	0	0	0	0	0	0	0	0	0	0	0	0	0	0	0	0	0	0	0	0	0	0	0	0	0	0	0	0	0	0	0	0	0	0	0	0	0	0	0	0	0	182	0	0	666	408	0	0	0	326	0	0	0	130	0	0	0	0	0	5202	1094	0	116	156	196	150	
37636	Vermis_3	0	0	0	0	0	0	0	0	0	0	0	0	0	0	0	0	0	0	0	0	0	0	0	0	0	0	0	0	0	0	0	0	0	0	0	0	0	0	196	0	0	0	0	0	0	0	112	0	0	0	0	0	0	0	0	0	0	0	0	0	0	0	0	0	0	0	0	0	0	0	0	0	0	0	0	0	0	0	0	0	0	0	0	0	0	0	0	0	0	0	0	1464	0	0	1780	3080	1118	898	0	1720	0	0	0	262	0	256	0	0	5202	0	2198	0	124	134	146	128	
260504	Vermis_4_5	0	0	0	0	0	0	0	0	0	0	0	0	0	0	0	0	0	0	0	1062	0	0	0	0	0	0	0	0	0	0	0	0	0	984	0	4624	0	2132	368	1210	0	0	0	610	0	0	6500	9068	0	246	262	510	586	212	2622	3926	0	0	0	0	0	0	0	0	0	0	0	6496	0	978	0	0	0	0	0	0	0	0	0	0	0	156	0	0	0	360	0	0	0	548	6200	10534	354	138	1120	476	13220	12460	11154	15118	442	0	794	426	772	266	0	0	1094	2198	0	7168	100	402	1038	1318	
177996	Vermis_6	0	0	0	0	0	0	0	0	0	0	0	0	0	0	0	0	0	0	0	0	0	0	0	0	0	0	0	0	0	0	0	0	0	0	0	0	0	0	172	0	0	0	0	290	0	368	5468	9416	0	346	496	132	910	152	1644	1636	0	0	0	0	0	0	0	0	0	0	0	0	0	0	0	0	0	0	0	0	0	0	0	0	0	0	0	0	0	0	0	0	0	0	5258	10014	2642	2430	0	0	3504	212	8174	10544	0	0	388	1130	316	106	0	0	0	0	7168	0	10266	1522	1928	2366	
197008	Vermis_7	0	0	0	0	0	0	0	0	0	0	0	0	0	0	0	0	0	0	0	0	0	0	0	0	0	0	0	0	0	0	0	0	0	0	0	0	0	0	0	0	0	0	0	290	0	368	2224	4938	0	346	512	132	868	0	930	802	0	0	0	0	0	0	0	0	0	0	0	0	0	0	0	0	0	0	0	0	0	0	0	0	0	0	0	0	0	0	0	0	0	0	4426	8276	8064	10076	0	284	122	346	3112	6042	3420	3266	4254	5832	714	1440	0	0	116	124	100	10266	0	7856	4634	4324	
144240	Vermis_8	0	0	0	0	0	0	0	0	0	0	0	0	0	0	0	0	0	0	0	0	0	0	0	0	0	0	0	0	0	0	0	0	0	0	0	0	0	0	0	0	0	0	0	0	0	0	242	0	0	0	0	0	0	0	0	0	0	0	0	0	0	0	0	0	0	0	0	0	0	0	0	0	0	0	0	0	0	0	0	0	0	0	0	0	0	0	0	0	0	0	574	694	3182	6474	0	322	0	376	234	1658	4076	5728	6922	8112	2148	3568	0	0	156	134	402	1522	7856	0	9742	7998	
