data	data	455672	247908	1.16997e+06	844064	159976	103460	575108	233504	75480	14920	233896	150320	263332	159536	180084	45820	229464	80332	919384	881920	82412	75476	412768	361588	28000	68528	36220	58620	622360	248552	244508	490316	183920	692988	180540	225196	325416	253208	91356	126816	47036	46952	181192	289268	106924	284252	215416	275500	152352	339024	458312	261980	112776	72224	417724	360932	252924	203824	179188	141440	266960	136204	116336	73524	214232	156000	264660	386728	265524	204780	302640	381728	417876	246900	54108	21692	183052	229176	77108	17860	140580	102724	80756	31528	250048	186420	47944	4436	274528	161332	576336	490356	306324	306660	33060	82828	292520	239048	524272	482376	167644	104272	179612	229260	61860	65088	12812	5388	20820	94692	212876	192568	310820	105592	48460	24056	
data	data	Precentral_L	Precentral_R	Frontal_Sup_L	Frontal_Sup_R	Frontal_Sup_Orb_L	Frontal_Sup_Orb_R	Frontal_Mid_L	Frontal_Mid_R	Frontal_Mid_Orb_L	Frontal_Mid_Orb_R	Frontal_Inf_Oper_L	Frontal_Inf_Oper_R	Frontal_Inf_Tri_L	Frontal_Inf_Tri_R	Frontal_Inf_Orb_L	Frontal_Inf_Orb_R	Rolandic_Oper_L	Rolandic_Oper_R	Supp_Motor_Area_L	Supp_Motor_Area_R	Olfactory_L	Olfactory_R	Frontal_Sup_Medial_L	Frontal_Sup_Medial_R	Frontal_Med_Orb_L	Frontal_Med_Orb_R	Rectus_L	Rectus_R	Insula_L	Insula_R	Cingulum_Ant_L	Cingulum_Ant_R	Cingulum_Mid_L	Cingulum_Mid_R	Cingulum_Post_L	Cingulum_Post_R	Hippocampus_L	Hippocampus_R	ParaHippocampal_L	ParaHippocampal_R	Amygdala_L	Amygdala_R	Calcarine_L	Calcarine_R	Cuneus_L	Cuneus_R	Lingual_L	Lingual_R	Occipital_Sup_L	Occipital_Sup_R	Occipital_Mid_L	Occipital_Mid_R	Occipital_Inf_L	Occipital_Inf_R	Fusiform_L	Fusiform_R	Postcentral_L	Postcentral_R	Parietal_Sup_L	Parietal_Sup_R	Parietal_Inf_L	Parietal_Inf_R	SupraMarginal_L	SupraMarginal_R	Angular_L	Angular_R	Precuneus_L	Precuneus_R	Paracentral_Lobule_L	Paracentral_Lobule_R	Caudate_L	Caudate_R	Putamen_L	Putamen_R	Pallidum_L	Pallidum_R	Thalamus_L	Thalamus_R	Heschl_L	Heschl_R	Temporal_Sup_L	Temporal_Sup_R	Temporal_Pole_Sup_L	Temporal_Pole_Sup_R	Temporal_Mid_L	Temporal_Mid_R	Temporal_Pole_Mid_L	Temporal_Pole_Mid_R	Temporal_Inf_L	Temporal_Inf_R	Cerebelum_Crus1_L	Cerebelum_Crus1_R	Cerebelum_Crus2_L	Cerebelum_Crus2_R	Cerebelum_3_L	Cerebelum_3_R	Cerebelum_4_5_L	Cerebelum_4_5_R	Cerebelum_6_L	Cerebelum_6_R	Cerebelum_7b_L	Cerebelum_7b_R	Cerebelum_8_L	Cerebelum_8_R	Cerebelum_9_L	Cerebelum_9_R	Cerebelum_10_L	Cerebelum_10_R	Vermis_1_2	Vermis_3	Vermis_4_5	Vermis_6	Vermis_7	Vermis_8	Vermis_9	Vermis_10	
455672	Precentral_L	0	166	28356	1400	0	0	15306	0	0	0	9844	160	578	0	0	0	7284	0	22560	16326	0	0	156	0	0	0	0	0	5912	188	292	264	1342	7278	2788	1750	3956	0	290	0	0	0	0	0	0	0	190	0	114	0	3070	0	148	0	198	0	27690	110	1020	0	7308	0	2608	0	2192	0	376	220	24470	5170	2350	2946	1594	244	1430	0	10712	1712	1518	0	1976	0	0	0	1804	0	0	0	470	0	0	0	0	0	0	0	0	0	0	0	0	0	0	0	0	0	0	0	0	0	0	0	0	0	0	0	
247908	Precentral_R	166	0	1554	12052	0	0	1232	5224	0	0	428	6044	0	114	0	0	302	702	1808	2926	0	0	0	0	0	0	0	0	364	1168	0	0	0	3646	1610	4564	1394	5898	354	854	0	0	0	1656	0	450	0	438	0	1478	0	1946	0	192	0	466	0	30088	0	1448	0	606	0	2366	0	636	148	4706	0	9316	1060	530	242	114	0	0	160	6346	0	0	108	1464	0	0	0	4528	0	0	0	1058	0	0	0	0	0	0	0	0	0	0	0	0	0	0	0	0	0	0	0	0	0	0	0	0	0	0	
1.16997e+06	Frontal_Sup_L	28356	1554	0	12800	8544	0	89916	1470	2114	0	14396	920	21300	950	7770	0	10762	346	107812	20748	0	0	49006	7572	1408	0	0	0	46138	948	11776	4294	4042	9410	436	110	8344	206	444	0	0	0	0	0	0	0	210	0	0	148	0	158	0	0	1090	0	7608	366	0	268	1008	350	1526	492	722	770	0	202	6322	536	15822	2164	43506	1200	5508	170	14646	1216	1630	0	2162	146	164	0	352	0	0	0	630	0	0	0	0	0	0	0	0	0	0	0	0	0	0	0	0	0	0	0	0	0	0	0	0	0	0	0	
844064	Frontal_Sup_R	1400	12052	12800	0	0	4126	1550	32662	0	1570	0	2676	0	10476	0	4630	0	4056	29132	83048	0	0	12294	36004	0	1714	0	0	322	12536	5320	35258	4908	35676	556	546	486	3676	148	770	0	0	0	0	0	0	0	0	0	0	0	286	0	0	0	522	0	4042	0	124	0	140	0	398	0	212	0	0	1112	0	1922	24316	1102	13756	0	2152	0	17318	0	174	0	1186	0	262	0	1854	0	0	0	624	0	0	0	0	0	0	0	138	0	0	0	0	0	0	0	0	0	0	0	0	0	0	0	0	0	0	
159976	Frontal_Sup_Orb_L	0	0	8544	0	0	0	2890	0	12288	0	0	0	1954	0	16684	0	0	0	520	0	1940	0	1732	0	3500	0	5382	0	11686	0	2734	0	0	0	0	0	0	0	0	0	172	0	0	0	0	0	0	0	0	0	0	0	0	0	0	0	0	0	0	0	0	0	0	0	0	0	0	0	0	0	782	0	8708	0	0	0	0	0	0	0	0	0	472	0	0	0	0	0	0	0	0	0	0	0	0	0	0	0	0	0	0	0	0	0	0	0	0	0	0	0	0	0	0	0	0	0	
103460	Frontal_Sup_Orb_R	0	0	0	4126	0	0	0	564	0	1728	0	0	0	352	0	3608	0	0	0	118	848	3154	260	4002	522	8380	0	7298	0	3754	322	794	0	0	0	0	0	0	0	0	0	338	0	0	0	0	0	0	0	0	0	0	0	0	0	0	0	0	0	0	0	0	0	0	0	0	0	0	0	0	1150	2860	1054	6498	0	0	0	0	0	0	0	0	0	0	0	0	0	0	0	0	0	0	0	0	0	0	0	0	0	0	0	0	0	0	0	0	0	0	0	0	0	0	0	0	0	0	
575108	Frontal_Mid_L	15306	1232	89916	1550	2890	0	0	542	3200	0	15880	270	35224	0	9214	0	3880	0	15328	3766	0	0	20720	2344	0	0	0	0	27124	154	1010	798	866	1882	318	144	6114	0	364	0	0	0	0	0	0	0	256	0	0	0	378	0	0	0	320	0	2550	0	136	0	2992	0	1068	0	1460	194	172	0	1538	1248	704	912	4224	114	450	0	5262	738	1838	0	240	0	0	0	528	0	0	0	196	0	0	0	0	0	0	0	0	0	0	0	0	0	0	0	0	0	0	0	0	0	0	0	0	0	0	0	
233504	Frontal_Mid_R	0	5224	1470	32662	0	564	542	0	0	372	0	8890	0	12270	0	1620	0	176	6312	12270	0	0	3046	5464	0	0	0	0	134	2964	762	4260	614	10472	0	0	120	422	0	0	0	0	0	0	0	0	0	0	0	0	0	0	0	0	0	0	0	2360	0	0	0	0	0	808	0	156	0	0	0	0	758	428	532	706	0	0	0	374	0	0	0	0	0	0	0	0	0	0	0	0	0	0	0	0	0	0	0	0	0	0	0	0	0	0	0	0	0	0	0	0	0	0	0	0	0	0	
75480	Frontal_Mid_Orb_L	0	0	2114	0	12288	0	3200	0	0	0	0	0	1522	0	11126	0	0	0	0	0	116	0	0	0	0	0	1918	0	3418	0	0	0	0	0	0	0	0	0	0	0	0	0	0	0	0	0	0	0	0	0	0	0	0	0	0	0	0	0	0	0	0	0	0	0	0	0	0	0	0	0	286	0	1752	0	0	0	0	0	0	0	0	0	0	0	0	0	0	0	0	0	0	0	0	0	0	0	0	0	0	0	0	0	0	0	0	0	0	0	0	0	0	0	0	0	0	0	
14920	Frontal_Mid_Orb_R	0	0	0	1570	0	1728	0	372	0	0	0	0	0	664	0	2818	0	0	0	0	0	0	0	0	0	0	0	0	0	308	0	0	0	0	0	0	0	0	0	0	0	0	0	0	0	0	0	0	0	0	0	0	0	0	0	0	0	0	0	0	0	0	0	0	0	0	0	0	0	0	0	0	0	0	0	0	0	0	0	0	0	0	0	0	0	0	0	0	0	0	0	0	0	0	0	0	0	0	0	0	0	0	0	0	0	0	0	0	0	0	0	0	0	0	0	0	
233896	Frontal_Inf_Oper_L	9844	428	14396	0	0	0	15880	0	0	0	0	1378	17758	1452	188	0	9940	0	3378	0	0	0	3598	0	0	0	0	0	13418	122	3382	110	0	108	0	0	1294	0	0	0	0	0	0	0	0	0	0	0	0	184	0	226	0	0	130	0	4636	152	0	0	1916	116	1762	146	702	308	0	120	0	0	4300	0	982	0	0	0	546	0	286	0	2360	0	958	0	334	0	0	0	110	0	0	0	0	0	0	0	0	0	0	0	0	0	0	0	0	0	0	0	0	0	0	0	0	0	0	0	
150320	Frontal_Inf_Oper_R	160	6044	920	2676	0	0	270	8890	0	0	1378	0	0	5710	0	0	904	3254	2614	4532	0	0	350	290	0	0	0	0	1034	8226	114	3312	422	5374	0	0	420	516	0	0	0	0	0	0	0	0	0	0	0	594	0	750	0	0	0	0	0	4124	0	456	0	140	0	596	0	402	0	194	114	0	2794	3946	412	2136	0	0	158	244	0	0	380	0	0	310	0	0	0	0	0	0	0	0	0	0	0	0	0	0	0	0	0	0	0	0	0	0	0	0	0	0	0	0	0	0	0	0	
263332	Frontal_Inf_Tri_L	578	0	21300	0	1954	0	35224	0	1522	0	17758	0	0	0	12272	0	1656	0	3600	0	0	0	6630	0	0	0	0	0	20022	0	3286	0	340	0	0	0	864	0	0	0	0	0	0	0	0	0	0	0	0	0	0	0	0	0	0	0	458	0	0	0	570	0	530	0	202	0	0	0	0	0	288	0	770	0	0	0	374	0	184	0	608	0	546	0	130	0	0	0	0	0	0	0	0	0	0	0	0	0	0	0	0	0	0	0	0	0	0	0	0	0	0	0	0	0	0	0	
159536	Frontal_Inf_Tri_R	0	114	950	10476	0	352	0	12270	0	664	1452	5710	0	0	0	2668	792	0	1200	1646	0	0	342	5684	0	0	0	0	812	13072	468	12270	352	4062	0	0	202	172	0	0	0	0	0	0	0	0	0	0	0	0	0	0	0	0	0	0	0	0	0	0	0	0	0	0	0	0	0	0	0	0	1858	538	510	748	0	0	0	108	0	0	276	0	0	0	0	0	0	0	0	0	0	0	0	0	0	0	0	0	0	0	0	0	0	0	0	0	0	0	0	0	0	0	0	0	0	0	
180084	Frontal_Inf_Orb_L	0	0	7770	0	16684	0	9214	0	11126	0	188	0	12272	0	0	0	0	0	868	0	3086	0	304	0	0	0	1398	0	17576	0	0	0	0	0	0	0	748	0	274	0	716	0	0	0	0	0	0	0	0	0	0	0	0	0	300	0	0	0	0	0	0	0	0	0	0	0	0	0	0	0	564	0	5678	0	0	0	0	0	0	0	132	0	1144	0	0	0	0	0	0	0	0	0	0	0	0	0	0	0	0	0	0	0	0	0	0	0	0	0	0	0	0	0	0	0	0	0	
45820	Frontal_Inf_Orb_R	0	0	0	4630	0	3608	0	1620	0	2818	0	0	0	2668	0	0	0	0	0	0	0	368	0	302	0	0	0	932	0	4104	0	408	0	0	0	0	0	0	0	0	0	0	0	0	0	0	0	0	0	0	0	0	0	0	0	0	0	0	0	0	0	0	0	0	0	0	0	0	0	0	0	430	0	732	0	0	0	0	0	0	0	110	0	180	0	0	0	0	0	0	0	0	0	0	0	0	0	0	0	0	0	0	0	0	0	0	0	0	0	0	0	0	0	0	0	0	
229464	Rolandic_Oper_L	7284	302	10762	0	0	0	3880	0	0	0	9940	904	1656	792	0	0	0	0	7404	0	0	0	288	0	0	0	0	0	22472	0	350	0	116	0	782	326	1088	0	0	0	0	0	118	0	0	0	0	0	136	138	2226	182	456	0	364	0	9786	0	996	0	1454	0	7556	0	530	234	1418	0	0	0	2100	0	474	0	0	0	120	0	3832	0	9470	0	814	0	2728	0	0	0	1254	0	0	0	0	0	0	0	0	0	0	0	0	0	0	0	0	0	0	0	0	0	0	0	0	0	0	0	
80332	Rolandic_Oper_R	0	702	346	4056	0	0	0	176	0	0	0	3254	0	0	0	0	0	0	200	3644	0	0	0	0	0	0	0	0	182	10050	0	382	0	330	0	0	0	1176	0	0	0	0	0	0	0	0	0	0	0	382	0	464	0	0	0	150	0	2366	0	330	0	120	0	1040	0	232	0	120	0	0	1126	1274	116	1290	0	0	228	384	0	1152	0	4042	0	852	0	0	0	0	0	0	0	0	0	0	0	0	0	0	0	0	0	0	0	0	0	0	0	0	0	0	0	0	0	0	0	0	
919384	Supp_Motor_Area_L	22560	1808	107812	29132	520	0	15328	6312	0	0	3378	2614	3600	1200	868	0	7404	200	0	58344	0	0	16686	5066	0	0	0	0	18432	1692	6966	8274	12660	31284	1180	442	4266	956	194	152	0	0	0	0	0	0	0	0	0	0	182	0	0	0	816	116	4964	2594	0	250	168	172	990	502	168	398	116	256	10472	2368	11526	4376	28006	2274	5944	162	9182	1614	488	0	1836	0	0	0	0	0	0	0	422	0	0	0	0	0	0	0	0	0	0	0	0	0	0	0	0	0	0	0	0	0	0	0	0	0	0	0	
881920	Supp_Motor_Area_R	16326	2926	20748	83048	0	118	3766	12270	0	0	0	4532	0	1646	0	0	0	3644	58344	0	0	0	1970	13202	0	256	0	0	326	4926	1092	18954	11736	60620	2534	5702	738	1908	0	368	0	0	0	1050	0	218	0	0	0	130	378	142	0	0	0	342	300	3916	0	300	112	202	0	552	140	450	206	2992	18444	17462	2238	28838	722	11240	332	2182	2332	13442	0	162	0	324	0	0	0	0	0	0	0	112	0	0	0	0	0	0	0	0	0	0	0	0	0	0	0	0	0	0	0	0	0	0	0	0	0	0	
82412	Olfactory_L	0	0	0	0	1940	848	0	0	116	0	0	0	0	0	3086	0	0	0	0	0	0	3896	0	0	222	390	1302	1514	4156	0	3018	3142	0	0	0	0	1310	0	504	0	1122	0	0	0	0	0	0	0	0	0	0	0	0	0	588	0	0	0	0	0	0	0	0	0	0	0	0	0	0	0	5764	2026	4456	560	0	0	0	0	0	0	210	0	1036	0	0	0	0	0	0	0	0	0	0	0	0	0	0	0	0	0	0	0	0	0	0	0	0	0	0	0	0	0	0	0	0	0	
75476	Olfactory_R	0	0	0	0	0	3154	0	0	0	0	0	0	0	0	0	368	0	0	0	0	3896	0	0	0	0	1194	506	4306	0	1230	2230	3466	0	0	0	0	0	176	0	0	0	464	0	0	0	0	0	0	0	0	0	0	0	0	0	0	0	0	0	0	0	0	0	0	0	0	0	0	0	0	6024	4178	4942	1274	330	0	0	0	0	0	0	0	0	0	0	0	0	0	0	0	0	0	0	0	0	0	0	0	0	0	0	0	0	0	0	0	0	0	0	0	0	0	0	0	0	0	
412768	Frontal_Sup_Medial_L	156	0	49006	12294	1732	260	20720	3046	0	0	3598	350	6630	342	304	0	288	0	16686	1970	0	0	0	27256	2240	372	0	0	3460	648	19034	11508	3402	11792	0	0	236	0	0	0	0	0	0	0	0	0	0	0	0	0	0	0	0	0	0	0	0	0	0	0	0	0	0	0	0	108	0	0	0	0	3176	1086	4030	388	0	0	266	0	0	0	0	0	0	0	0	0	0	0	0	0	0	0	0	0	0	0	0	0	0	0	0	0	0	0	0	0	0	0	0	0	0	0	0	0	0	0	
361588	Frontal_Sup_Medial_R	0	0	7572	36004	0	4002	2344	5464	0	0	0	290	0	5684	0	302	0	0	5066	13202	0	0	27256	0	1110	4268	0	116	0	4256	6866	26008	1364	22638	0	142	0	0	0	0	0	0	0	0	0	0	0	0	0	0	0	0	0	0	0	0	0	0	0	0	0	0	0	0	0	0	0	0	0	0	150	3128	214	3348	0	0	0	0	0	0	0	0	0	0	0	0	0	0	0	0	0	0	0	0	0	0	0	0	0	0	0	0	0	0	0	0	0	0	0	0	0	0	0	0	0	0	
28000	Frontal_Med_Orb_L	0	0	1408	0	3500	522	0	0	0	0	0	0	0	0	0	0	0	0	0	0	222	0	2240	1110	0	790	1122	0	0	0	2372	200	0	0	0	0	0	0	0	0	0	0	0	0	0	0	0	0	0	0	0	0	0	0	0	0	0	0	0	0	0	0	0	0	0	0	0	0	0	0	134	0	380	0	0	0	0	0	0	0	0	0	0	0	0	0	0	0	0	0	0	0	0	0	0	0	0	0	0	0	0	0	0	0	0	0	0	0	0	0	0	0	0	0	0	0	
68528	Frontal_Med_Orb_R	0	0	0	1714	0	8380	0	0	0	0	0	0	0	0	0	0	0	0	0	256	390	1194	372	4268	790	0	0	5064	0	0	842	2822	0	0	0	0	0	0	0	0	0	0	0	0	0	0	0	0	0	0	0	0	0	0	0	0	0	0	0	0	0	0	0	0	0	0	0	0	0	0	522	2484	582	4584	0	0	0	0	0	0	0	0	0	0	0	0	0	0	0	0	0	0	0	0	0	0	0	0	0	0	0	0	0	0	0	0	0	0	0	0	0	0	0	0	0	0	
36220	Rectus_L	0	0	0	0	5382	0	0	0	1918	0	0	0	0	0	1398	0	0	0	0	0	1302	506	0	0	1122	0	0	166	788	0	1592	796	0	0	0	0	0	0	0	0	0	0	0	0	0	0	0	0	0	0	0	0	0	0	0	0	0	0	0	0	0	0	0	0	0	0	0	0	0	0	1442	156	1542	0	0	0	0	0	0	0	0	0	0	0	0	0	0	0	0	0	0	0	0	0	0	0	0	0	0	0	0	0	0	0	0	0	0	0	0	0	0	0	0	0	0	0	
58620	Rectus_R	0	0	0	0	0	7298	0	0	0	0	0	0	0	0	0	932	0	0	0	0	1514	4306	0	116	0	5064	166	0	0	314	820	2364	0	0	0	0	0	0	0	0	0	0	0	0	0	0	0	0	0	0	0	0	0	0	0	0	0	0	0	0	0	0	0	0	0	0	0	0	0	0	1894	2004	1742	776	0	0	0	0	0	0	0	0	0	0	0	0	0	0	0	0	0	0	0	0	0	0	0	0	0	0	0	0	0	0	0	0	0	0	0	0	0	0	0	0	0	0	
622360	Insula_L	5912	364	46138	322	11686	0	27124	134	3418	0	13418	1034	20022	812	17576	0	22472	182	18432	326	4156	0	3460	0	0	0	788	0	0	388	874	224	648	180	1656	926	17590	0	462	0	2272	0	132	0	0	0	0	0	176	212	2644	228	584	0	5828	0	2758	252	970	254	1490	320	3310	318	1304	666	1556	108	0	0	5394	0	24332	366	0	0	6548	458	8570	0	6396	0	2810	0	4132	0	132	0	5582	0	0	0	0	0	0	0	174	0	180	0	0	0	0	0	0	0	0	0	0	0	0	0	0	0	0	0	
248552	Insula_R	188	1168	948	12536	0	3754	154	2964	0	308	122	8226	0	13072	0	4104	0	10050	1692	4926	0	1230	648	4256	0	0	0	314	388	0	190	9698	562	5176	0	0	0	4478	0	530	0	1024	0	0	0	0	0	0	0	0	0	0	0	0	0	726	0	800	0	0	0	0	0	144	0	0	0	0	0	0	2492	4918	330	16030	0	184	356	1426	0	1066	0	1658	0	898	0	252	0	0	0	290	0	0	0	0	0	0	0	0	0	0	0	0	0	0	0	0	0	0	0	0	0	0	0	0	0	0	
244508	Cingulum_Ant_L	292	0	11776	5320	2734	322	1010	762	0	0	3382	114	3286	468	0	0	350	0	6966	1092	3018	2230	19034	6866	2372	842	1592	820	874	190	0	14010	2998	5064	0	0	244	0	0	0	0	0	0	0	0	0	0	0	0	0	0	0	0	0	0	0	0	0	0	0	0	0	0	0	0	0	0	0	0	0	9840	1688	11678	1020	0	0	0	0	0	0	0	0	0	0	0	0	0	0	0	0	0	0	0	0	0	0	0	0	0	0	0	0	0	0	0	0	0	0	0	0	0	0	0	0	0	0	
490316	Cingulum_Ant_R	264	0	4294	35258	0	794	798	4260	0	0	110	3312	0	12270	0	408	0	382	8274	18954	3142	3466	11508	26008	200	2822	796	2364	224	9698	14010	0	4854	36580	0	0	0	332	0	0	0	0	0	0	0	0	0	0	0	0	0	0	0	0	0	0	0	0	0	0	0	0	0	0	0	0	0	0	0	0	5130	21880	3338	8622	0	0	156	650	0	0	0	0	0	0	0	0	0	0	0	0	0	0	0	0	0	0	0	0	0	0	0	0	0	0	0	0	0	0	0	0	0	0	0	0	0	0	
183920	Cingulum_Mid_L	1342	0	4042	4908	0	0	866	614	0	0	0	422	340	352	0	0	116	0	12660	11736	0	0	3402	1364	0	0	0	0	648	562	2998	4854	0	15510	2976	688	0	0	0	0	0	0	312	142	394	118	0	0	1178	112	2430	0	0	0	0	0	108	0	1022	0	792	0	0	0	634	0	3654	692	5740	1112	144	2188	0	380	0	0	146	262	0	0	0	0	0	0	0	0	0	0	0	0	0	0	0	0	0	0	0	0	0	0	0	0	0	0	0	0	0	0	0	0	0	0	0	0	0	0	
692988	Cingulum_Mid_R	7278	3646	9410	35676	0	0	1882	10472	0	0	108	5374	0	4062	0	0	0	330	31284	60620	0	0	11792	22638	0	0	0	0	180	5176	5064	36580	15510	0	2152	9118	150	1044	0	170	0	0	0	3542	0	3874	0	384	0	3084	0	1380	0	0	0	138	0	4730	0	732	0	162	0	408	0	400	656	11358	7116	10892	546	12352	192	3764	0	0	180	888	0	0	0	0	0	0	0	0	0	0	0	0	0	0	0	0	0	0	0	0	0	0	0	0	0	0	0	0	0	0	0	0	0	0	0	0	0	0	
180540	Cingulum_Post_L	2788	1610	436	556	0	0	318	0	0	0	0	0	0	0	0	0	782	0	1180	2534	0	0	0	0	0	0	0	0	1656	0	0	0	2976	2152	0	17192	6320	5004	1062	336	0	0	4034	0	1502	0	742	296	236	0	2712	0	244	0	578	0	2242	136	276	0	504	0	392	0	392	0	9238	1462	6988	1458	0	1622	0	0	0	0	0	6170	522	0	0	0	0	0	1278	0	0	0	194	0	0	0	0	0	0	0	0	0	0	0	0	0	0	0	0	0	0	0	0	0	150	0	0	0	0	0	
225196	Cingulum_Post_R	1750	4564	110	546	0	0	144	0	0	0	0	0	0	0	0	0	326	0	442	5702	0	0	0	142	0	0	0	0	926	0	0	0	688	9118	17192	0	3278	7194	458	978	0	0	0	4386	0	1544	0	4124	0	416	620	452	0	144	156	2244	542	3036	188	0	254	0	236	0	134	264	2984	16610	3078	7278	0	1916	0	0	0	0	0	5266	192	0	0	0	0	0	364	404	0	0	0	1556	0	0	0	0	0	0	0	0	0	0	0	0	0	0	0	0	0	0	0	0	652	0	0	0	0	0	
325416	Hippocampus_L	3956	1394	8344	486	0	0	6114	120	0	0	1294	420	864	202	748	0	1088	0	4266	738	1310	0	236	0	0	0	0	0	17590	0	244	0	0	150	6320	3278	0	2944	13832	212	8150	0	1980	0	0	0	5086	238	0	0	0	0	0	0	20508	0	222	0	0	108	0	0	136	0	0	116	2880	654	240	348	926	0	10318	0	716	0	6488	4180	3398	0	2362	0	1548	0	1182	0	254	0	12446	0	210	0	0	0	0	0	724	0	710	0	188	0	0	0	0	0	126	0	0	0	116	0	0	0	0	0	
253208	Hippocampus_R	0	5898	206	3676	0	0	0	422	0	0	0	516	0	172	0	0	0	1176	956	1908	0	176	0	0	0	0	0	0	0	4478	0	332	0	1044	5004	7194	2944	0	334	17960	0	7228	0	1198	0	0	0	4150	0	0	0	0	0	1078	0	22202	0	208	0	0	0	0	0	670	0	0	630	4280	0	168	514	436	0	9344	0	554	0	6934	0	576	0	1040	0	838	0	282	0	0	0	7374	0	0	0	0	0	0	0	2052	0	0	0	0	0	0	0	0	0	0	0	0	452	0	0	0	0	0	
91356	ParaHippocampal_L	290	354	444	148	0	0	364	0	0	0	0	0	0	0	274	0	0	0	194	0	504	0	0	0	0	0	0	0	462	0	0	0	0	0	1062	458	13832	334	0	0	1564	0	0	0	0	0	4240	154	0	0	134	0	178	0	9066	0	0	0	0	0	0	0	0	0	0	0	222	0	0	0	0	0	590	0	0	0	1696	1614	0	0	170	0	466	0	0	0	0	0	2616	0	756	0	314	0	682	0	1428	0	902	0	0	0	0	0	0	0	0	0	0	166	0	0	0	0	0	0	
126816	ParaHippocampal_R	0	854	0	770	0	0	0	0	0	0	0	0	0	0	0	0	0	0	152	368	0	0	0	0	0	0	0	0	0	530	0	0	0	170	336	978	212	17960	0	0	0	4642	0	568	0	0	0	2990	0	0	0	0	0	1294	0	18130	0	0	0	0	0	0	0	0	0	0	0	1336	0	132	0	0	0	1634	0	426	0	1600	0	200	0	226	0	968	0	0	0	0	0	3528	0	148	0	0	0	0	0	3028	0	228	0	0	0	0	0	0	0	0	0	0	0	0	0	0	0	0	
47036	Amygdala_L	0	0	0	0	172	0	0	0	0	0	0	0	0	0	716	0	0	0	0	0	1122	0	0	0	0	0	0	0	2272	0	0	0	0	0	0	0	8150	0	1564	0	0	0	0	0	0	0	0	0	0	0	0	0	0	0	5312	0	0	0	0	0	0	0	0	0	0	0	0	0	0	0	0	0	202	0	0	0	0	0	0	0	294	0	950	0	0	0	190	0	2574	0	0	0	0	0	0	0	0	0	0	0	0	0	0	0	0	0	0	0	0	0	0	0	0	0	0	0	
46952	Amygdala_R	0	0	0	0	0	338	0	0	0	0	0	0	0	0	0	0	0	0	0	0	0	464	0	0	0	0	0	0	0	1024	0	0	0	0	0	0	0	7228	0	4642	0	0	0	0	0	0	0	0	0	0	0	0	0	0	0	6802	0	0	0	0	0	0	0	0	0	0	0	0	0	0	0	0	0	202	0	0	0	0	0	0	0	0	0	1976	0	0	0	0	0	800	0	0	0	0	0	0	0	0	0	0	0	0	0	0	0	0	0	0	0	0	0	0	0	0	0	0	
181192	Calcarine_L	0	0	0	0	0	0	0	0	0	0	0	0	0	0	0	0	118	0	0	0	0	0	0	0	0	0	0	0	132	0	0	0	312	0	4034	0	1980	0	0	0	0	0	0	2480	8324	1846	9416	484	6264	698	23776	200	5778	0	1778	0	720	0	110	0	260	0	0	0	212	0	16378	214	502	0	0	0	0	0	0	0	0	0	0	0	0	0	0	0	2266	0	0	0	2314	0	0	0	0	0	0	0	0	0	0	0	0	0	0	0	0	0	0	0	0	0	0	0	0	0	0	0	
289268	Calcarine_R	0	1656	0	0	0	0	0	0	0	0	0	0	0	0	0	0	0	0	0	1050	0	0	0	0	0	0	0	0	0	0	0	0	142	3542	0	4386	0	1198	0	568	0	0	2480	0	3690	22562	0	19454	0	19186	0	15594	0	4550	0	6944	0	1652	0	196	0	386	0	0	0	528	146	26322	0	3246	0	0	0	0	0	0	0	0	0	0	0	0	0	0	0	2206	0	0	0	2824	0	0	0	0	0	0	0	0	0	126	0	0	0	0	0	0	0	0	0	0	0	0	0	0	0	0	
106924	Cuneus_L	0	0	0	0	0	0	0	0	0	0	0	0	0	0	0	0	0	0	0	0	0	0	0	0	0	0	0	0	0	0	0	0	394	0	1502	0	0	0	0	0	0	0	8324	3690	0	4334	760	0	11670	1338	7790	0	546	0	180	0	0	0	1848	0	0	0	0	0	110	0	7982	610	400	0	0	0	0	0	0	0	0	0	0	0	0	0	0	0	1254	0	0	0	730	0	0	0	0	0	0	0	0	0	0	0	0	0	0	0	0	0	0	0	0	0	0	0	0	0	0	0	
284252	Cuneus_R	0	450	0	0	0	0	0	0	0	0	0	0	0	0	0	0	0	0	0	218	0	0	0	0	0	0	0	0	0	0	0	0	118	3874	0	1544	0	0	0	0	0	0	1846	22562	4334	0	0	6616	0	43574	0	14976	0	2150	0	1072	0	824	0	4236	0	218	0	0	0	188	3228	26264	0	1640	0	0	0	0	0	0	0	0	0	0	0	388	0	0	0	1674	0	0	0	132	0	0	0	0	0	0	0	0	0	0	0	0	0	0	0	0	0	0	0	0	0	0	0	0	0	0	
215416	Lingual_L	190	0	210	0	0	0	256	0	0	0	0	0	0	0	0	0	0	0	0	0	0	0	0	0	0	0	0	0	0	0	0	0	0	0	742	0	5086	0	4240	0	0	0	9416	0	760	0	0	1838	3044	0	12200	0	4222	0	11520	1140	0	0	0	0	0	0	0	0	0	0	3210	0	0	0	0	0	0	0	0	0	958	168	0	0	0	0	0	0	0	0	0	0	438	0	8098	3262	708	438	0	0	6458	476	12382	5536	0	0	0	0	0	0	0	0	0	204	1514	4984	4010	0	0	0	
275500	Lingual_R	0	438	0	0	0	0	0	0	0	0	0	0	0	0	0	0	0	0	0	0	0	0	0	0	0	0	0	0	0	0	0	0	0	384	296	4124	238	4150	154	2990	0	0	484	19454	0	6616	1838	0	0	7704	0	6210	558	3590	1046	18038	0	476	0	0	0	0	0	0	0	0	154	8840	0	396	0	0	0	120	0	0	0	356	0	0	0	0	0	0	0	458	0	0	0	1216	1748	8366	184	0	0	0	2132	6474	4370	9814	0	0	0	0	0	0	0	0	0	124	7422	6312	476	0	0	0	
152352	Occipital_Sup_L	114	0	0	0	0	0	0	0	0	0	0	0	0	0	0	0	136	0	0	0	0	0	0	0	0	0	0	0	176	0	0	0	1178	0	236	0	0	0	0	0	0	0	6264	0	11670	0	3044	0	0	0	23806	0	604	0	450	0	1052	0	8364	0	2454	0	0	0	3066	0	12090	0	866	0	0	0	0	0	0	0	0	0	0	0	0	0	0	0	314	0	0	0	292	0	0	0	0	0	0	0	0	0	0	0	0	0	0	0	0	0	0	0	0	0	0	0	0	0	0	0	
339024	Occipital_Sup_R	0	1478	148	0	0	0	0	0	0	0	184	594	0	0	0	0	138	382	0	130	0	0	0	0	0	0	0	0	212	0	0	0	112	3084	0	416	0	0	0	0	0	0	698	19186	1338	43574	0	7704	0	0	0	29940	0	2904	0	1160	0	2448	0	12568	0	2400	0	686	0	3074	1090	24654	0	2730	400	0	0	0	0	0	0	0	0	0	0	1998	0	0	0	3346	0	0	0	736	0	0	0	0	0	0	0	0	0	0	0	0	0	0	0	0	0	0	0	0	0	0	0	0	0	0	
458312	Occipital_Mid_L	3070	0	0	0	0	0	378	0	0	0	0	0	0	0	0	0	2226	0	182	378	0	0	0	0	0	0	0	0	2644	0	0	0	2430	0	2712	620	0	0	134	0	0	0	23776	0	7790	0	12200	0	23806	0	0	0	15082	0	5162	0	6978	0	18922	0	20442	0	180	0	26390	0	18084	0	5708	372	0	150	0	0	0	0	0	346	1180	0	868	0	0	0	18960	0	0	0	7460	0	288	0	0	0	0	0	0	0	238	0	0	0	0	0	0	0	0	0	0	0	0	0	0	0	0	0	
261980	Occipital_Mid_R	0	1946	158	286	0	0	0	0	0	0	226	750	0	0	0	0	182	464	0	142	0	0	0	0	0	0	0	0	228	0	0	0	0	1380	0	452	0	0	0	0	0	0	200	15594	0	14976	0	6210	0	29940	0	0	0	5616	0	1008	0	2088	0	7544	0	5696	0	436	0	11584	0	8248	0	1240	460	0	0	0	0	0	0	0	0	0	0	1442	0	0	0	10772	0	0	0	1722	0	0	0	0	0	0	0	0	0	0	0	0	0	0	0	0	0	0	0	0	0	0	0	0	0	0	
112776	Occipital_Inf_L	148	0	0	0	0	0	0	0	0	0	0	0	0	0	0	0	456	0	0	0	0	0	0	0	0	0	0	0	584	0	0	0	0	0	244	0	0	0	178	0	0	0	5778	0	546	0	4222	558	604	0	15082	0	0	0	7634	360	114	0	0	0	112	0	242	0	158	0	2206	0	128	0	0	0	0	0	0	0	0	0	1062	0	128	0	0	0	3406	0	0	0	8608	0	176	564	0	0	0	0	464	0	874	578	0	0	0	0	0	0	0	0	0	0	596	578	0	0	0	0	
72224	Occipital_Inf_R	0	192	0	0	0	0	0	0	0	0	0	0	0	0	0	0	0	0	0	0	0	0	0	0	0	0	0	0	0	0	0	0	0	0	0	144	0	1078	0	1294	0	0	0	4550	0	2150	0	3590	0	2904	0	5616	0	0	0	7122	0	0	0	0	0	0	0	0	0	0	0	1476	0	0	0	0	0	0	0	0	0	0	0	0	0	112	0	0	0	2112	0	0	0	3772	0	0	0	0	0	0	0	0	0	0	0	0	0	0	0	0	0	0	0	0	0	0	0	0	0	0	
417724	Fusiform_L	198	0	1090	0	0	0	320	0	0	0	130	0	0	0	300	0	364	0	816	0	588	0	0	0	0	0	0	0	5828	0	0	0	0	0	578	156	20508	0	9066	0	5312	0	1778	0	180	0	11520	1046	450	0	5162	0	7634	0	0	640	0	0	0	0	0	0	126	0	0	0	1164	0	0	0	152	0	2888	0	0	0	792	0	764	0	1698	0	3744	0	4770	0	4160	0	23282	0	26262	2354	6430	458	0	196	13606	232	30542	3034	1126	0	278	130	0	0	412	0	0	264	1514	2586	1904	172	0	158	
360932	Fusiform_R	0	466	0	522	0	0	0	0	0	0	0	0	0	0	0	0	0	150	116	342	0	0	0	0	0	0	0	0	0	726	0	0	0	138	0	2244	0	22202	0	18130	0	6802	0	6944	0	1072	1140	18038	0	1160	0	1008	360	7122	640	0	0	270	0	0	0	0	0	0	0	0	0	6550	0	278	224	238	0	1482	0	396	0	980	0	648	0	1210	0	3946	0	962	0	762	0	20234	1064	16036	0	294	0	0	824	8284	2246	16116	0	0	0	0	0	0	0	0	0	0	3954	3592	554	0	0	0	
252924	Postcentral_L	27690	0	7608	0	0	0	2550	0	0	0	4636	0	458	0	0	0	9786	0	4964	300	0	0	0	0	0	0	0	0	2758	0	0	0	108	0	2242	542	222	0	0	0	0	0	720	0	0	0	0	0	1052	0	6978	0	114	0	0	0	0	0	3888	0	20872	0	9114	0	3996	0	2626	0	6224	302	300	186	0	0	0	0	0	254	746	0	4250	0	0	0	758	0	0	0	218	0	0	0	0	0	0	0	0	0	0	0	0	0	0	0	0	0	0	0	0	0	0	0	0	0	0	0	
203824	Postcentral_R	110	30088	366	4042	0	0	0	2360	0	0	152	4124	0	0	0	0	0	2366	2594	3916	0	0	0	0	0	0	0	0	252	800	0	0	0	4730	136	3036	0	208	0	0	0	0	0	1652	0	824	0	476	0	2448	0	2088	0	0	0	270	0	0	0	3606	0	1594	0	7620	0	780	148	5950	0	9998	698	0	0	0	0	0	0	0	0	0	0	1548	0	0	0	2480	0	0	0	452	0	0	0	0	0	0	0	0	0	0	0	0	0	0	0	0	0	0	0	0	0	0	0	0	0	0	
179188	Parietal_Sup_L	1020	0	0	0	0	0	136	0	0	0	0	0	0	0	0	0	996	0	0	0	0	0	0	0	0	0	0	0	970	0	0	0	1022	0	276	188	0	0	0	0	0	0	110	0	1848	0	0	0	8364	0	18922	0	0	0	0	0	3888	0	0	0	17572	0	0	0	12532	0	16422	0	2898	0	0	0	0	0	0	0	0	0	440	0	422	0	0	0	880	0	0	0	688	0	0	0	0	0	0	0	0	0	0	0	0	0	0	0	0	0	0	0	0	0	0	0	0	0	0	0	
141440	Parietal_Sup_R	0	1448	268	124	0	0	0	0	0	0	0	456	0	0	0	0	0	330	250	300	0	0	0	0	0	0	0	0	254	0	0	0	0	732	0	0	108	0	0	0	0	0	0	196	0	4236	0	0	0	12568	0	7544	0	0	0	0	0	3606	0	0	0	9800	0	2322	0	8080	318	10776	0	2784	538	0	0	0	0	0	0	0	0	0	0	1492	0	0	0	1472	0	0	0	718	0	0	0	0	0	0	0	0	0	0	0	0	0	0	0	0	0	0	0	0	0	0	0	0	0	0	
266960	Parietal_Inf_L	7308	0	1008	0	0	0	2992	0	0	0	1916	0	570	0	0	0	1454	0	168	112	0	0	0	0	0	0	0	0	1490	0	0	0	792	0	504	254	0	0	0	0	0	0	260	0	0	0	0	0	2454	0	20442	0	112	0	0	0	20872	0	17572	0	0	0	14144	0	27902	0	3326	0	4212	108	0	0	0	0	0	0	0	0	128	0	178	0	0	0	2650	0	0	0	552	0	0	0	0	0	0	0	0	0	0	0	0	0	0	0	0	0	0	0	0	0	0	0	0	0	0	0	
136204	Parietal_Inf_R	0	606	350	140	0	0	0	0	0	0	116	140	0	0	0	0	0	120	172	202	0	0	0	0	0	0	0	0	320	0	0	0	0	162	0	0	0	0	0	0	0	0	0	386	0	218	0	0	0	2400	0	5696	0	0	0	0	0	1594	0	9800	0	0	0	6040	0	23488	0	882	0	224	900	0	0	0	0	0	0	0	0	0	0	3728	0	0	0	9382	0	0	0	1036	0	0	0	0	0	0	0	0	0	0	0	0	0	0	0	0	0	0	0	0	0	0	0	0	0	0	
116336	SupraMarginal_L	2608	0	1526	0	0	0	1068	0	0	0	1762	0	530	0	0	0	7556	0	990	0	0	0	0	0	0	0	0	0	3310	0	0	0	0	0	392	236	136	0	0	0	0	0	0	0	0	0	0	0	0	0	180	0	242	0	126	0	9114	0	0	0	14144	0	0	0	4688	0	300	0	0	0	0	0	0	0	0	0	0	0	994	0	5346	0	0	0	2364	0	0	0	556	0	0	0	0	0	0	0	0	0	0	0	0	0	0	0	0	0	0	0	0	0	0	0	0	0	0	0	
73524	SupraMarginal_R	0	2366	492	398	0	0	0	808	0	0	146	596	0	0	0	0	0	1040	502	552	0	0	0	0	0	0	0	0	318	144	0	0	0	408	0	0	0	670	0	0	0	0	0	0	0	0	0	0	0	686	0	436	0	0	0	0	0	7620	0	2322	0	6040	0	0	0	3638	0	458	0	0	1064	0	0	0	0	0	0	0	0	0	0	2830	0	0	0	2590	0	0	0	638	0	0	0	0	0	0	0	0	0	0	0	0	0	0	0	0	0	0	0	0	0	0	0	0	0	0	
214232	Angular_L	2192	0	722	0	0	0	1460	0	0	0	702	0	202	0	0	0	530	0	168	140	0	0	0	0	0	0	0	0	1304	0	0	0	634	0	392	134	0	0	0	0	0	0	212	0	110	0	0	0	3066	0	26390	0	158	0	0	0	3996	0	12532	0	27902	0	4688	0	0	0	3176	0	2336	132	0	0	0	0	0	0	0	0	222	0	1184	0	0	0	11062	0	0	0	1370	0	0	0	0	0	0	0	0	0	0	0	0	0	0	0	0	0	0	0	0	0	0	0	0	0	0	0	
156000	Angular_R	0	636	770	212	0	0	194	156	0	0	308	402	0	0	0	0	234	232	398	450	0	0	108	0	0	0	0	0	666	0	0	0	0	400	0	264	116	0	0	0	0	0	0	528	0	188	0	0	0	3074	0	11584	0	0	0	0	0	780	0	8080	0	23488	0	3638	0	0	0	1068	0	296	1730	0	0	0	0	0	0	0	0	0	0	4812	0	0	0	11788	0	0	0	1400	0	0	0	0	0	0	0	0	0	0	0	0	0	0	0	0	0	0	0	0	0	0	0	0	0	0	
264660	Precuneus_L	376	148	0	0	0	0	172	0	0	0	0	0	0	0	0	0	1418	0	116	206	0	0	0	0	0	0	0	0	1556	0	0	0	3654	656	9238	2984	2880	630	222	0	0	0	16378	146	7982	3228	3210	154	12090	1090	18084	0	2206	0	1164	0	2626	148	16422	318	3326	0	300	0	3176	0	0	6252	3574	386	0	0	0	0	0	0	0	0	570	0	434	0	0	0	2886	0	0	0	1924	0	0	0	0	0	0	0	0	0	0	0	0	0	0	0	0	0	0	0	0	0	0	0	0	0	0	0	
386728	Precuneus_R	220	4706	202	0	0	0	0	0	0	0	120	194	0	0	0	0	0	120	256	2992	0	0	0	0	0	0	0	0	108	0	0	0	692	11358	1462	16610	654	4280	0	1336	0	0	214	26322	610	26264	0	8840	0	24654	0	8248	0	1476	0	6550	0	5950	0	10776	0	882	0	458	0	1068	6252	0	310	9944	248	0	0	0	0	0	0	156	0	0	0	1362	0	0	0	2904	0	0	0	3924	0	0	0	0	0	0	0	0	0	0	0	0	0	0	0	0	0	0	0	0	642	0	0	0	0	0	
265524	Paracentral_Lobule_L	24470	0	6322	1112	0	0	1538	0	0	0	0	114	0	0	0	0	0	0	10472	18444	0	0	0	0	0	0	0	0	0	0	0	0	5740	7116	6988	3078	240	0	0	0	0	0	502	0	400	0	0	0	866	0	5708	0	128	0	0	0	6224	0	2898	0	4212	0	0	0	2336	0	3574	310	0	7612	590	2912	0	118	396	0	5130	1896	0	0	0	0	0	0	1028	0	0	0	288	0	0	0	0	0	0	0	0	0	0	0	0	0	0	0	0	0	0	0	0	0	0	0	0	0	0	0	
204780	Paracentral_Lobule_R	5170	9316	536	0	0	0	1248	0	0	0	0	0	0	0	0	0	0	0	2368	17462	0	0	0	0	0	0	0	0	0	0	0	0	1112	10892	1458	7278	348	168	0	132	0	0	0	3246	0	1640	0	396	0	2730	372	1240	0	0	0	278	302	9998	0	2784	108	224	0	0	132	296	386	9944	7612	0	210	132	0	0	140	0	946	188	0	0	0	304	0	0	0	1108	0	0	0	186	0	0	0	0	0	0	0	0	0	0	0	0	0	0	0	0	0	0	0	0	0	0	0	0	0	0	
302640	Caudate_L	2350	1060	15822	1922	782	1150	704	758	286	0	4300	2794	288	1858	564	0	2100	1126	11526	2238	5764	6024	3176	150	134	522	1442	1894	5394	2492	9840	5130	144	546	0	0	926	514	0	0	0	0	0	0	0	0	0	0	0	400	0	460	0	0	152	224	300	698	0	538	0	900	0	1064	0	1730	0	248	590	210	0	6960	20394	3792	2602	0	10688	2160	0	0	674	450	244	0	0	0	0	0	0	122	0	0	0	0	0	0	0	0	0	0	0	0	0	0	0	0	0	0	0	0	0	0	0	0	0	0	
381728	Caudate_R	2946	530	2164	24316	0	2860	912	428	0	0	0	3946	0	538	0	430	0	1274	4376	28838	2026	4178	1086	3128	0	2484	156	2004	0	4918	1688	21880	2188	12352	1622	1916	0	436	0	0	0	0	0	0	0	0	0	0	0	0	150	0	0	0	0	238	186	0	0	0	0	0	0	0	0	0	0	0	2912	132	6960	0	3498	14574	576	1520	1612	22734	0	0	0	0	0	0	0	0	0	0	0	152	0	0	0	0	0	0	0	0	0	0	0	0	0	0	0	0	0	0	0	0	0	0	0	0	0	0	
417876	Putamen_L	1594	242	43506	1102	8708	1054	4224	532	1752	0	982	412	770	510	5678	0	474	116	28006	722	4456	4942	4030	214	380	582	1542	1742	24332	330	11678	3338	0	192	0	0	10318	0	590	0	202	0	0	0	0	0	0	0	0	0	0	0	0	0	2888	0	0	0	0	0	0	0	0	0	0	0	0	0	0	0	20394	3498	0	1840	6244	268	1810	412	0	0	482	0	698	0	0	0	0	0	914	0	0	0	0	0	0	0	118	0	120	0	0	0	0	0	0	0	0	0	0	0	0	0	0	0	0	0	
246900	Putamen_R	244	114	1200	13756	0	6498	114	706	0	0	0	2136	0	748	0	732	0	1290	2274	11240	560	1274	388	3348	0	4584	0	776	366	16030	1020	8622	380	3764	0	0	0	9344	0	1634	0	202	0	0	0	0	0	120	0	0	0	0	0	0	0	1482	0	0	0	0	0	0	0	0	0	0	0	0	118	0	3792	14574	1840	0	142	2348	256	4352	0	0	0	240	0	0	0	126	0	0	0	532	0	0	0	0	0	0	0	184	0	0	0	0	0	0	0	0	0	0	0	0	0	0	0	0	0	0	
54108	Pallidum_L	1430	0	5508	0	0	0	450	0	0	0	0	0	0	0	0	0	0	0	5944	332	0	330	0	0	0	0	0	0	0	0	0	0	0	0	0	0	716	0	0	0	0	0	0	0	0	0	0	0	0	0	0	0	0	0	0	0	0	0	0	0	0	0	0	0	0	0	0	0	396	140	2602	576	6244	142	0	188	2056	0	0	0	0	0	0	0	0	0	0	0	0	0	0	0	0	0	0	0	0	0	0	0	0	0	0	0	0	0	0	0	0	0	0	0	0	0	0	0	
21692	Pallidum_R	0	0	170	2152	0	0	0	0	0	0	0	0	0	0	0	0	0	0	162	2182	0	0	0	0	0	0	0	0	0	184	0	0	0	0	0	0	0	554	0	426	0	0	0	0	0	0	0	0	0	0	0	0	0	0	0	396	0	0	0	0	0	0	0	0	0	0	0	0	0	0	0	1520	268	2348	188	0	0	296	0	0	0	0	0	0	0	0	0	0	0	0	0	0	0	0	0	0	0	0	0	0	0	0	0	0	0	0	0	0	0	0	0	0	0	0	0	0	
183052	Thalamus_L	10712	160	14646	0	0	0	5262	0	0	0	546	158	374	0	0	0	120	228	9182	2332	0	0	266	0	0	0	0	0	6548	356	0	156	146	180	0	0	6488	0	1696	0	0	0	0	0	0	0	958	0	0	0	0	0	0	0	792	0	0	0	0	0	0	0	0	0	0	0	0	0	5130	946	10688	1612	1810	256	2056	0	0	5618	1484	0	230	0	0	0	0	0	0	0	390	0	0	0	0	0	0	0	0	0	0	0	0	0	0	0	0	0	0	0	0	0	0	0	0	0	0	0	
229176	Thalamus_R	1712	6346	1216	17318	0	0	738	374	0	0	0	244	0	108	0	0	0	384	1614	13442	0	0	0	0	0	0	0	0	458	1426	0	650	262	888	6170	5266	4180	6934	1614	1600	0	0	0	0	0	0	168	356	0	0	346	0	0	0	0	980	254	0	0	0	0	0	0	0	0	0	0	156	1896	188	2160	22734	412	4352	0	296	5618	0	412	0	0	148	0	0	258	166	0	0	0	226	0	0	0	0	108	0	0	240	0	0	0	0	0	0	0	0	0	0	0	170	0	0	0	0	0	0	
77108	Heschl_L	1518	0	1630	0	0	0	1838	0	0	0	286	0	184	0	0	0	3832	0	488	0	0	0	0	0	0	0	0	0	8570	0	0	0	0	0	522	192	3398	0	0	0	0	0	0	0	0	0	0	0	0	0	1180	0	1062	0	764	0	746	0	440	0	128	0	994	0	222	0	570	0	0	0	0	0	0	0	0	0	1484	412	0	0	2768	0	0	0	3430	0	0	0	1896	0	0	0	0	0	0	0	0	0	0	0	0	0	0	0	0	0	0	0	0	0	0	0	0	0	0	0	
17860	Heschl_R	0	0	0	174	0	0	0	0	0	0	0	0	0	0	0	0	0	1152	0	162	0	0	0	0	0	0	0	0	0	1066	0	0	0	0	0	0	0	576	0	200	0	0	0	0	0	0	0	0	0	0	0	0	0	0	0	648	0	0	0	0	0	0	0	0	0	0	0	0	0	0	0	0	0	0	0	0	0	0	0	0	0	3168	0	146	0	1306	0	0	0	332	0	0	0	0	0	0	0	0	0	0	0	0	0	0	0	0	0	0	0	0	0	0	0	0	0	0	
140580	Temporal_Sup_L	1976	108	2162	0	0	0	240	0	0	0	2360	380	608	276	132	0	9470	0	1836	0	210	0	0	0	0	0	0	0	6396	0	0	0	0	0	0	0	2362	0	170	0	294	0	0	0	0	0	0	0	0	0	868	0	128	0	1698	0	4250	0	422	0	178	0	5346	0	1184	0	434	0	0	0	674	0	482	0	0	0	230	0	2768	0	0	0	3514	0	13934	0	164	0	4652	0	0	0	0	0	0	0	188	0	196	0	0	0	0	0	0	0	0	0	0	0	0	0	0	0	0	0	
102724	Temporal_Sup_R	0	1464	146	1186	0	0	0	0	0	0	0	0	0	0	0	110	0	4042	0	324	0	0	0	0	0	0	0	0	0	1658	0	0	0	0	0	0	0	1040	0	226	0	0	0	0	0	388	0	0	0	1998	0	1442	0	112	0	1210	0	1548	0	1492	0	3728	0	2830	0	4812	0	1362	0	304	450	0	0	240	0	0	0	148	0	3168	0	0	0	1176	0	11740	0	0	0	3018	0	0	0	0	0	0	0	0	0	0	0	0	0	0	0	0	0	0	0	0	0	0	0	0	0	0	
80756	Temporal_Pole_Sup_L	0	0	164	0	472	0	0	0	0	0	958	0	546	0	1144	0	814	0	0	0	1036	0	0	0	0	0	0	0	2810	0	0	0	0	0	0	0	1548	0	466	0	950	0	0	0	0	0	0	0	0	0	0	0	0	0	3744	0	0	0	0	0	0	0	0	0	0	0	0	0	0	0	244	0	698	0	0	0	0	0	0	0	3514	0	0	0	7242	0	6170	0	7858	0	0	0	0	0	0	0	0	0	0	0	0	0	0	0	0	0	0	0	0	0	0	0	0	0	0	0	
31528	Temporal_Pole_Sup_R	0	0	0	262	0	0	0	0	0	0	0	310	0	0	0	180	0	852	0	0	0	0	0	0	0	0	0	0	0	898	0	0	0	0	0	0	0	838	0	968	0	1976	0	0	0	0	0	0	0	0	0	0	0	0	0	3946	0	0	0	0	0	0	0	0	0	0	0	0	0	0	0	0	0	0	0	0	0	0	0	146	0	1176	0	0	0	1318	0	686	0	2208	0	0	0	0	0	0	0	0	0	0	0	0	0	0	0	0	0	0	0	0	0	0	0	0	0	0	
250048	Temporal_Mid_L	1804	0	352	0	0	0	528	0	0	0	334	0	130	0	0	0	2728	0	0	0	0	0	0	0	0	0	0	0	4132	0	0	0	0	0	1278	364	1182	0	0	0	0	0	2266	0	1254	0	0	0	314	0	18960	0	3406	0	4770	0	758	0	880	0	2650	0	2364	0	11062	0	2886	0	1028	0	0	0	0	0	0	0	0	258	3430	0	13934	0	7242	0	0	0	5652	0	28840	0	0	0	0	0	0	0	116	0	122	0	0	0	0	0	0	0	0	0	0	0	0	0	0	0	0	0	
186420	Temporal_Mid_R	0	4528	0	1854	0	0	0	0	0	0	0	0	0	0	0	0	0	0	0	0	0	0	0	0	0	0	0	0	0	252	0	0	0	0	0	404	0	282	0	0	0	0	0	2206	0	1674	0	458	0	3346	0	10772	0	2112	0	962	0	2480	0	1472	0	9382	0	2590	0	11788	0	2904	0	1108	0	0	0	126	0	0	0	166	0	1306	0	11740	0	1318	0	0	0	192	0	17788	0	0	0	0	0	0	0	0	0	0	0	0	0	0	0	0	0	0	0	0	0	0	0	0	0	0	
47944	Temporal_Pole_Mid_L	0	0	0	0	0	0	0	0	0	0	0	0	0	0	0	0	0	0	0	0	0	0	0	0	0	0	0	0	132	0	0	0	0	0	0	0	254	0	0	0	190	0	0	0	0	0	0	0	0	0	0	0	0	0	4160	0	0	0	0	0	0	0	0	0	0	0	0	0	0	0	0	0	0	0	0	0	0	0	0	0	164	0	6170	0	5652	0	0	0	7250	0	0	0	0	0	0	0	0	0	0	0	0	0	0	0	0	0	0	0	0	0	0	0	0	0	0	0	
4436	Temporal_Pole_Mid_R	0	0	0	0	0	0	0	0	0	0	0	0	0	0	0	0	0	0	0	0	0	0	0	0	0	0	0	0	0	0	0	0	0	0	0	0	0	0	0	0	0	0	0	0	0	0	0	0	0	0	0	0	0	0	0	762	0	0	0	0	0	0	0	0	0	0	0	0	0	0	0	0	0	0	0	0	0	0	0	0	0	0	0	686	0	192	0	0	0	578	0	0	0	0	0	0	0	0	0	0	0	0	0	0	0	0	0	0	0	0	0	0	0	0	0	0	
274528	Temporal_Inf_L	470	0	630	0	0	0	196	0	0	0	110	0	0	0	0	0	1254	0	422	0	0	0	0	0	0	0	0	0	5582	0	0	0	0	0	194	0	12446	0	2616	0	2574	0	2314	0	730	0	438	0	292	0	7460	0	8608	0	23282	0	218	0	688	0	552	0	556	0	1370	0	1924	0	288	0	0	0	914	0	0	0	390	0	1896	0	4652	0	7858	0	28840	0	7250	0	0	0	4042	0	2594	0	0	0	1022	0	2044	0	324	0	0	0	0	0	224	0	0	0	0	0	0	0	0	0	
161332	Temporal_Inf_R	0	1058	0	624	0	0	0	0	0	0	0	0	0	0	0	0	0	0	0	112	0	0	0	0	0	0	0	0	0	290	0	0	0	0	0	1556	0	7374	0	3528	0	800	0	2824	0	132	0	1216	0	736	0	1722	0	3772	0	20234	0	452	0	718	0	1036	0	638	0	1400	0	3924	0	186	122	152	0	532	0	0	0	226	0	332	0	3018	0	2208	0	17788	0	578	0	0	0	766	0	222	0	0	0	0	0	390	0	0	0	0	0	0	0	0	0	0	0	0	0	0	0	0	
576336	Cerebelum_Crus1_L	0	0	0	0	0	0	0	0	0	0	0	0	0	0	0	0	0	0	0	0	0	0	0	0	0	0	0	0	0	0	0	0	0	0	0	0	210	0	756	0	0	0	0	0	0	0	8098	1748	0	0	288	0	176	0	26262	1064	0	0	0	0	0	0	0	0	0	0	0	0	0	0	0	0	0	0	0	0	0	0	0	0	0	0	0	0	0	0	0	0	4042	0	0	13350	40156	11204	1950	1672	26296	1446	63920	14318	10500	1868	6912	6894	1088	574	0	0	448	2236	4696	9954	22108	2902	634	398	
490356	Cerebelum_Crus1_R	0	0	0	0	0	0	0	0	0	0	0	0	0	0	0	0	0	0	0	0	0	0	0	0	0	0	0	0	0	0	0	0	0	0	0	0	0	0	0	148	0	0	0	0	0	0	3262	8366	0	0	0	0	564	0	2354	16036	0	0	0	0	0	0	0	0	0	0	0	0	0	0	0	0	0	0	0	0	0	0	0	0	0	0	0	0	0	0	0	0	0	766	13350	0	6162	33384	136	3650	4216	23616	10944	60450	1324	5082	500	10850	110	436	0	0	0	3316	14306	9658	11952	240	0	0	
306324	Cerebelum_Crus2_L	0	0	0	0	0	0	0	0	0	0	0	0	0	0	0	0	0	0	0	0	0	0	0	0	0	0	0	0	0	0	0	0	0	0	0	0	0	0	314	0	0	0	0	0	0	0	708	184	0	0	0	0	0	0	6430	0	0	0	0	0	0	0	0	0	0	0	0	0	0	0	0	0	0	0	0	0	0	0	0	0	0	0	0	0	0	0	0	0	2594	0	40156	6162	0	9736	452	528	3174	440	13714	4246	22438	2872	15132	5168	552	224	0	0	0	570	710	1798	11866	2868	126	0	
306660	Cerebelum_Crus2_R	0	0	0	0	0	0	0	0	0	0	0	0	0	0	0	0	0	0	0	0	0	0	0	0	0	0	0	0	0	0	0	0	0	0	0	0	0	0	0	0	0	0	0	0	0	0	438	0	0	0	0	0	0	0	458	294	0	0	0	0	0	0	0	0	0	0	0	0	0	0	0	0	0	0	0	0	0	0	0	0	0	0	0	0	0	0	0	0	0	222	11204	33384	9736	0	326	1974	1872	3248	4832	9412	3962	15700	4008	23630	238	2318	0	294	390	2124	1390	640	15258	4770	1208	0	
33060	Cerebelum_3_L	0	0	0	0	0	0	0	0	0	0	0	0	0	0	0	0	0	0	0	0	0	0	0	0	0	0	0	0	0	0	0	0	0	0	0	0	0	0	682	0	0	0	0	0	0	0	0	0	0	0	0	0	0	0	0	0	0	0	0	0	0	0	0	0	0	0	0	0	0	0	0	0	0	0	0	0	0	108	0	0	0	0	0	0	0	0	0	0	0	0	1950	136	452	326	0	124	5874	0	2340	0	110	0	410	264	610	0	0	0	696	804	528	0	868	248	0	0	
82828	Cerebelum_3_R	0	0	0	0	0	0	0	0	0	0	0	0	0	0	0	0	0	0	0	0	0	0	0	0	0	0	0	0	0	0	0	0	0	0	0	0	0	0	0	0	0	0	0	0	0	0	0	0	0	0	0	0	0	0	196	0	0	0	0	0	0	0	0	0	0	0	0	0	0	0	0	0	0	0	0	0	0	0	0	0	0	0	0	0	0	0	0	0	0	0	1672	3650	528	1974	124	0	566	7762	1082	7128	0	0	0	1884	0	610	0	0	560	8044	1554	1044	1806	988	242	0	
292520	Cerebelum_4_5_L	0	0	0	0	0	0	0	0	0	0	0	0	0	0	0	0	0	0	0	0	0	0	0	0	0	0	0	0	174	0	0	0	0	0	0	0	724	0	1428	0	0	0	0	0	0	0	6458	2132	0	0	0	0	464	0	13606	824	0	0	0	0	0	0	0	0	0	0	0	0	0	0	0	0	118	0	0	0	0	0	0	0	188	0	0	0	116	0	0	0	1022	0	26296	4216	3174	1872	5874	566	0	2014	38064	5962	1180	0	1746	1598	1658	218	440	0	1154	1892	9150	5310	3810	1630	440	742	
239048	Cerebelum_4_5_R	0	0	0	138	0	0	0	0	0	0	0	0	0	0	0	0	0	0	0	0	0	0	0	0	0	0	0	0	0	0	0	0	0	0	0	0	0	2052	0	3028	0	0	0	0	0	0	476	6474	0	0	0	0	0	0	232	8284	0	0	0	0	0	0	0	0	0	0	0	0	0	0	0	0	0	184	0	0	0	240	0	0	0	0	0	0	0	0	0	0	0	0	1446	23616	440	3248	0	7762	2014	0	1290	33692	0	0	0	1712	0	152	0	114	0	5654	13508	1722	1512	534	0	0	
524272	Cerebelum_6_L	0	0	0	0	0	0	0	0	0	0	0	0	0	0	0	0	0	0	0	0	0	0	0	0	0	0	0	0	180	0	0	0	0	0	0	0	710	0	902	0	0	0	0	0	0	0	12382	4370	0	0	238	0	874	0	30542	2246	0	0	0	0	0	0	0	0	0	0	0	0	0	0	0	0	120	0	0	0	0	0	0	0	196	0	0	0	122	0	0	0	2044	0	63920	10944	13714	4832	2340	1082	38064	1290	0	14868	4110	532	3188	2766	2336	284	500	0	352	1668	7028	15128	14562	1978	738	986	
482376	Cerebelum_6_R	0	0	0	0	0	0	0	0	0	0	0	0	0	0	0	0	0	0	0	0	0	0	0	0	0	0	0	0	0	0	0	0	0	0	0	0	0	0	0	228	0	0	0	126	0	0	5536	9814	0	0	0	0	578	0	3034	16116	0	0	0	0	0	0	0	0	0	0	0	0	0	0	0	0	0	0	0	0	0	0	0	0	0	0	0	0	0	0	0	0	0	390	14318	60450	4246	9412	0	7128	5962	33692	14868	0	300	156	558	1756	0	164	0	156	0	5530	18536	15486	11514	694	252	188	
167644	Cerebelum_7b_L	0	0	0	0	0	0	0	0	0	0	0	0	0	0	0	0	0	0	0	0	0	0	0	0	0	0	0	0	0	0	0	0	0	0	0	0	188	0	0	0	0	0	0	0	0	0	0	0	0	0	0	0	0	0	1126	0	0	0	0	0	0	0	0	0	0	0	0	0	0	0	0	0	0	0	0	0	0	0	0	0	0	0	0	0	0	0	0	0	324	0	10500	1324	22438	3962	110	0	1180	0	4110	300	0	1590	23216	2702	3122	192	788	0	0	0	0	126	4338	2046	140	0	
104272	Cerebelum_7b_R	0	0	0	0	0	0	0	0	0	0	0	0	0	0	0	0	0	0	0	0	0	0	0	0	0	0	0	0	0	0	0	0	0	0	0	0	0	0	0	0	0	0	0	0	0	0	0	0	0	0	0	0	0	0	0	0	0	0	0	0	0	0	0	0	0	0	0	0	0	0	0	0	0	0	0	0	0	0	0	0	0	0	0	0	0	0	0	0	0	0	1868	5082	2872	15700	0	0	0	0	532	156	1590	0	1240	15996	0	1742	0	288	0	0	0	0	3094	1448	528	0	
179612	Cerebelum_8_L	0	0	0	0	0	0	0	0	0	0	0	0	0	0	0	0	0	0	0	0	0	0	0	0	0	0	0	0	0	0	0	0	0	0	0	0	0	0	0	0	0	0	0	0	0	0	0	0	0	0	0	0	0	0	278	0	0	0	0	0	0	0	0	0	0	0	0	0	0	0	0	0	0	0	0	0	0	0	0	0	0	0	0	0	0	0	0	0	0	0	6912	500	15132	4008	410	0	1746	0	3188	558	23216	1240	0	3646	12342	868	1686	0	0	356	414	0	7166	4518	1302	320	
229260	Cerebelum_8_R	0	0	0	0	0	0	0	0	0	0	0	0	0	0	0	0	0	0	0	0	0	0	0	0	0	0	0	0	0	0	0	0	0	0	0	0	0	0	0	0	0	0	0	0	0	0	0	0	0	0	0	0	0	0	130	0	0	0	0	0	0	0	0	0	0	0	0	0	0	0	0	0	0	0	0	0	0	0	0	0	0	0	0	0	0	0	0	0	0	0	6894	10850	5168	23630	264	1884	1598	1712	2766	1756	2702	15996	3646	0	352	11132	0	794	498	1914	1174	0	10508	5844	3294	124	
61860	Cerebelum_9_L	0	0	0	0	0	0	0	0	0	0	0	0	0	0	0	0	0	0	0	0	0	0	0	0	0	0	0	0	0	0	0	0	0	0	0	0	0	0	0	0	0	0	0	0	0	0	0	0	0	0	0	0	0	0	0	0	0	0	0	0	0	0	0	0	0	0	0	0	0	0	0	0	0	0	0	0	0	0	0	0	0	0	0	0	0	0	0	0	0	0	1088	110	552	238	610	0	1658	0	2336	0	3122	0	12342	352	0	534	2230	0	0	0	224	272	2428	1322	850	662	
65088	Cerebelum_9_R	0	0	0	0	0	0	0	0	0	0	0	0	0	0	0	0	0	0	0	0	0	0	0	0	0	0	0	0	0	0	0	0	0	0	0	0	0	0	0	0	0	0	0	0	0	0	0	0	0	0	0	0	0	0	0	0	0	0	0	0	0	0	0	0	0	0	0	0	0	0	0	0	0	0	0	0	0	0	0	0	0	0	0	0	0	0	0	0	0	0	574	436	224	2318	0	610	218	152	284	164	192	1742	868	11132	534	0	0	1048	314	596	0	340	2642	2924	4112	1120	
12812	Cerebelum_10_L	0	0	0	0	0	0	0	0	0	0	0	0	0	0	0	0	0	0	0	0	0	0	0	0	0	0	0	0	0	0	0	0	0	0	0	0	126	0	0	0	0	0	0	0	0	0	0	0	0	0	0	0	0	0	412	0	0	0	0	0	0	0	0	0	0	0	0	0	0	0	0	0	0	0	0	0	0	0	0	0	0	0	0	0	0	0	0	0	224	0	0	0	0	0	0	0	440	0	500	0	788	0	1686	0	2230	0	0	0	0	0	0	0	0	0	0	0	
5388	Cerebelum_10_R	0	0	0	0	0	0	0	0	0	0	0	0	0	0	0	0	0	0	0	0	0	0	0	0	0	0	0	0	0	0	0	0	0	0	0	0	0	0	0	0	0	0	0	0	0	0	0	0	0	0	0	0	0	0	0	0	0	0	0	0	0	0	0	0	0	0	0	0	0	0	0	0	0	0	0	0	0	0	0	0	0	0	0	0	0	0	0	0	0	0	0	0	0	294	0	0	0	114	0	156	0	288	0	794	0	1048	0	0	0	0	0	0	0	0	0	0	
20820	Vermis_1_2	0	0	0	0	0	0	0	0	0	0	0	0	0	0	0	0	0	0	0	0	0	0	0	0	0	0	0	0	0	0	0	0	0	0	0	0	0	0	0	0	0	0	0	0	0	0	0	0	0	0	0	0	0	0	0	0	0	0	0	0	0	0	0	0	0	0	0	0	0	0	0	0	0	0	0	0	0	0	0	0	0	0	0	0	0	0	0	0	0	0	448	0	0	390	696	560	1154	0	352	0	0	0	0	498	0	314	0	0	0	3482	1254	0	492	512	258	0	
94692	Vermis_3	0	0	0	0	0	0	0	0	0	0	0	0	0	0	0	0	0	0	0	0	0	0	0	0	0	0	0	0	0	0	0	0	0	0	0	0	0	0	166	0	0	0	0	0	0	0	204	124	0	0	0	0	0	0	264	0	0	0	0	0	0	0	0	0	0	0	0	0	0	0	0	0	0	0	0	0	0	170	0	0	0	0	0	0	0	0	0	0	0	0	2236	3316	570	2124	804	8044	1892	5654	1668	5530	0	0	356	1914	0	596	0	0	3482	0	3332	930	2200	1380	390	0	
212876	Vermis_4_5	0	0	0	0	0	0	0	0	0	0	0	0	0	0	0	0	0	0	0	0	0	0	0	0	0	0	0	0	0	0	0	0	0	0	150	652	116	452	0	0	0	0	0	0	0	0	1514	7422	0	0	0	0	596	0	1514	3954	0	0	0	0	0	0	0	0	0	0	0	642	0	0	0	0	0	0	0	0	0	0	0	0	0	0	0	0	0	0	0	0	0	0	4696	14306	710	1390	528	1554	9150	13508	7028	18536	0	0	414	1174	224	0	0	0	1254	3332	0	7336	1932	1268	154	932	
192568	Vermis_6	0	0	0	0	0	0	0	0	0	0	0	0	0	0	0	0	0	0	0	0	0	0	0	0	0	0	0	0	0	0	0	0	0	0	0	0	0	0	0	0	0	0	0	0	0	0	4984	6312	0	0	0	0	578	0	2586	3592	0	0	0	0	0	0	0	0	0	0	0	0	0	0	0	0	0	0	0	0	0	0	0	0	0	0	0	0	0	0	0	0	0	0	9954	9658	1798	640	0	1044	5310	1722	15128	15486	126	0	0	0	272	340	0	0	0	930	7336	0	5454	594	254	2186	
310820	Vermis_7	0	0	0	0	0	0	0	0	0	0	0	0	0	0	0	0	0	0	0	0	0	0	0	0	0	0	0	0	0	0	0	0	0	0	0	0	0	0	0	0	0	0	0	0	0	0	4010	476	0	0	0	0	0	0	1904	554	0	0	0	0	0	0	0	0	0	0	0	0	0	0	0	0	0	0	0	0	0	0	0	0	0	0	0	0	0	0	0	0	0	0	22108	11952	11866	15258	868	1806	3810	1512	14562	11514	4338	3094	7166	10508	2428	2642	0	0	492	2200	1932	5454	0	7870	3576	1510	
