data	data	418960	211680	960212	909432	157368	146076	557456	216620	109548	30264	305348	188376	317460	145636	246556	84176	348728	129628	584780	959868	112036	126780	368216	503488	31696	143880	73000	58340	799568	357624	272184	581824	199328	618740	148112	162448	314524	330044	169008	248588	61408	55412	246576	352740	191648	486880	362736	430484	214032	452988	517916	364744	256100	274924	462192	522752	331548	233884	182468	229016	226660	170948	158984	146900	189636	204360	378748	517288	288324	283232	379884	407212	366056	342928	37572	40304	123252	182972	134052	25732	266492	149024	129088	58872	414752	272156	30608	21088	361644	264904	495448	487660	448320	418968	47884	76804	346844	276996	428144	429156	284108	203180	300024	357508	116384	126432	32060	5608	50628	113716	288488	186896	245624	178388	98904	35340	
data	data	Precentral_L	Precentral_R	Frontal_Sup_L	Frontal_Sup_R	Frontal_Sup_Orb_L	Frontal_Sup_Orb_R	Frontal_Mid_L	Frontal_Mid_R	Frontal_Mid_Orb_L	Frontal_Mid_Orb_R	Frontal_Inf_Oper_L	Frontal_Inf_Oper_R	Frontal_Inf_Tri_L	Frontal_Inf_Tri_R	Frontal_Inf_Orb_L	Frontal_Inf_Orb_R	Rolandic_Oper_L	Rolandic_Oper_R	Supp_Motor_Area_L	Supp_Motor_Area_R	Olfactory_L	Olfactory_R	Frontal_Sup_Medial_L	Frontal_Sup_Medial_R	Frontal_Med_Orb_L	Frontal_Med_Orb_R	Rectus_L	Rectus_R	Insula_L	Insula_R	Cingulum_Ant_L	Cingulum_Ant_R	Cingulum_Mid_L	Cingulum_Mid_R	Cingulum_Post_L	Cingulum_Post_R	Hippocampus_L	Hippocampus_R	ParaHippocampal_L	ParaHippocampal_R	Amygdala_L	Amygdala_R	Calcarine_L	Calcarine_R	Cuneus_L	Cuneus_R	Lingual_L	Lingual_R	Occipital_Sup_L	Occipital_Sup_R	Occipital_Mid_L	Occipital_Mid_R	Occipital_Inf_L	Occipital_Inf_R	Fusiform_L	Fusiform_R	Postcentral_L	Postcentral_R	Parietal_Sup_L	Parietal_Sup_R	Parietal_Inf_L	Parietal_Inf_R	SupraMarginal_L	SupraMarginal_R	Angular_L	Angular_R	Precuneus_L	Precuneus_R	Paracentral_Lobule_L	Paracentral_Lobule_R	Caudate_L	Caudate_R	Putamen_L	Putamen_R	Pallidum_L	Pallidum_R	Thalamus_L	Thalamus_R	Heschl_L	Heschl_R	Temporal_Sup_L	Temporal_Sup_R	Temporal_Pole_Sup_L	Temporal_Pole_Sup_R	Temporal_Mid_L	Temporal_Mid_R	Temporal_Pole_Mid_L	Temporal_Pole_Mid_R	Temporal_Inf_L	Temporal_Inf_R	Cerebelum_Crus1_L	Cerebelum_Crus1_R	Cerebelum_Crus2_L	Cerebelum_Crus2_R	Cerebelum_3_L	Cerebelum_3_R	Cerebelum_4_5_L	Cerebelum_4_5_R	Cerebelum_6_L	Cerebelum_6_R	Cerebelum_7b_L	Cerebelum_7b_R	Cerebelum_8_L	Cerebelum_8_R	Cerebelum_9_L	Cerebelum_9_R	Cerebelum_10_L	Cerebelum_10_R	Vermis_1_2	Vermis_3	Vermis_4_5	Vermis_6	Vermis_7	Vermis_8	Vermis_9	Vermis_10	
418960	Precentral_L	0	2246	19480	288	0	0	16582	84	0	0	13680	0	4702	0	84	0	15082	0	8132	7812	0	0	0	0	0	0	0	0	9204	0	0	100	288	5586	478	718	4592	546	846	196	0	0	100	0	0	612	356	132	0	614	4056	368	2090	0	2112	0	23668	0	1088	0	5760	0	1798	0	1886	0	476	780	22720	4186	2332	492	1290	0	0	0	7432	772	4758	0	3514	0	120	0	3730	0	0	0	1238	0	0	0	0	0	0	0	104	82	0	0	0	0	0	0	0	0	0	0	0	0	88	0	0	0	0	0	
211680	Precentral_R	2246	0	1574	6364	0	0	98	1440	0	0	0	5672	0	1298	0	0	284	2598	3372	19134	0	0	0	116	0	0	0	0	332	1722	0	190	602	5342	134	358	80	2038	0	114	0	0	0	468	0	1410	0	298	0	1584	0	448	0	518	0	270	100	13984	0	894	0	348	0	2628	0	168	0	1956	3728	15180	914	1032	0	1048	0	102	992	1246	88	108	0	202	0	0	0	220	0	0	0	536	0	0	0	0	0	0	0	0	0	0	0	0	0	0	0	0	0	0	0	0	262	0	0	0	0	0	
960212	Frontal_Sup_L	19480	1574	0	11434	6074	380	76586	1728	2608	0	17198	270	17166	0	8860	0	17252	80	65196	21886	508	312	43324	10868	1016	768	1058	0	34796	100	15410	9862	6970	11564	82	232	3078	292	496	164	268	0	0	0	0	0	0	0	0	0	334	0	174	0	1296	0	5296	0	200	0	1014	0	690	0	202	0	92	84	5616	1586	12848	1638	18328	294	2296	164	8740	676	1082	0	3156	0	2866	0	624	0	0	0	1870	0	0	0	0	0	0	0	0	0	0	0	0	0	0	0	0	0	0	0	0	0	0	0	0	0	0	0	
909432	Frontal_Sup_R	288	6364	11434	0	278	10152	2490	33262	0	786	772	13570	1230	9340	404	4898	312	10144	11122	78546	490	2068	12108	49620	124	7922	470	1212	2910	25370	6214	41670	992	25034	0	0	0	6946	0	3132	0	206	0	532	0	584	0	780	0	626	0	152	0	274	0	2926	0	1548	0	462	0	348	0	882	0	736	0	1326	290	314	4616	17892	740	18780	0	1254	390	11576	0	310	0	1594	130	286	0	1742	0	0	0	1310	0	0	0	0	0	0	0	298	0	0	0	0	0	0	0	0	0	0	0	0	138	0	0	0	0	0	
157368	Frontal_Sup_Orb_L	0	0	6074	278	0	152	1568	0	13102	0	0	0	280	0	12882	0	0	0	162	0	3534	1338	3688	722	3472	362	5824	198	6962	0	3200	880	0	268	0	0	0	0	146	0	484	0	0	0	0	0	0	0	0	0	0	0	0	0	0	0	0	0	0	0	0	0	0	0	0	0	0	0	0	0	4368	1112	5274	282	0	0	0	0	0	0	0	0	1936	0	0	0	136	0	0	0	0	0	0	0	0	0	0	0	0	0	0	0	0	0	0	0	0	0	0	0	0	0	0	0	0	0	
146076	Frontal_Sup_Orb_R	0	0	380	10152	152	0	0	1096	0	3220	0	262	0	330	92	5380	0	0	0	470	988	3076	1808	9262	322	12944	810	6816	0	3564	1060	3280	0	0	0	0	0	0	0	128	0	0	0	0	0	0	0	0	0	0	0	0	0	0	0	0	0	0	0	0	0	0	0	0	0	0	0	0	0	0	784	2534	216	3732	0	0	0	0	0	0	0	0	0	180	0	0	0	0	0	0	0	0	0	0	0	0	0	0	0	0	0	0	0	0	0	0	0	0	0	0	0	0	0	0	0	0	
557456	Frontal_Mid_L	16582	98	76586	2490	1568	0	0	574	3806	0	16926	118	32700	0	12532	0	12600	0	8920	1982	212	0	13890	2058	138	0	102	0	32486	0	4056	2256	2034	1218	0	0	1330	0	148	0	164	0	0	0	0	0	0	0	0	0	258	0	208	0	590	0	6460	0	106	0	156	0	414	0	606	0	0	0	0	0	3018	762	7336	0	0	0	904	92	3696	0	2304	0	718	0	1820	0	0	0	1706	0	0	0	0	0	0	0	0	0	0	0	0	0	0	0	0	0	0	0	0	0	0	0	0	0	0	0	
216620	Frontal_Mid_R	84	1440	1728	33262	0	1096	574	0	0	1750	566	5732	0	13958	0	4286	660	90	2236	3928	0	0	1826	11796	0	122	0	0	1258	4158	290	7146	0	4584	0	0	0	294	0	172	0	0	0	0	0	0	0	0	0	0	0	0	0	0	0	166	0	156	0	0	0	0	0	0	0	0	0	0	0	0	2352	674	128	1410	0	96	0	292	0	0	0	0	0	0	0	0	0	0	0	0	0	0	0	0	0	0	0	0	0	0	0	0	0	0	0	0	0	0	0	0	0	0	0	0	0	0	
109548	Frontal_Mid_Orb_L	0	0	2608	0	13102	0	3806	0	0	0	0	0	2338	0	14900	0	0	0	0	0	1950	760	160	100	422	92	2766	106	4928	0	320	270	0	0	0	0	0	0	112	0	410	0	0	0	0	0	0	0	0	0	0	0	0	0	0	0	0	0	0	0	0	0	0	0	0	0	0	0	0	0	1666	658	2052	206	0	0	0	0	0	0	0	0	1042	0	0	0	0	0	0	0	0	0	0	0	0	0	0	0	0	0	0	0	0	0	0	0	0	0	0	0	0	0	0	0	0	0	
30264	Frontal_Mid_Orb_R	0	0	0	786	0	3220	0	1750	0	0	0	0	0	188	0	7920	0	0	0	0	0	0	0	0	0	384	0	0	0	884	0	0	0	0	0	0	0	0	0	0	0	0	0	0	0	0	0	0	0	0	0	0	0	0	0	0	0	0	0	0	0	0	0	0	0	0	0	0	0	0	0	0	0	0	0	0	0	0	0	0	0	0	0	0	0	0	0	0	0	0	0	0	0	0	0	0	0	0	0	0	0	0	0	0	0	0	0	0	0	0	0	0	0	0	0	0	
305348	Frontal_Inf_Oper_L	13680	0	17198	772	0	0	16926	566	0	0	0	90	20330	0	816	0	16352	0	11310	686	0	0	854	254	0	0	0	0	25946	0	486	564	150	126	0	0	0	0	0	0	0	0	0	0	0	0	0	0	0	0	214	0	0	0	0	0	4642	0	0	0	0	0	0	0	0	0	0	0	0	0	5466	2746	5536	100	0	0	540	0	558	0	1726	0	3934	0	106	0	0	0	0	0	0	0	0	0	0	0	0	0	0	0	0	0	0	0	0	0	0	0	0	0	0	0	0	0	0	0	
188376	Frontal_Inf_Oper_R	0	5672	270	13570	0	262	118	5732	0	0	90	0	0	7298	0	722	0	3644	840	8584	0	0	600	4322	0	170	0	0	110	17510	252	7734	0	5170	0	0	0	346	0	82	0	0	0	0	0	0	0	0	0	0	0	0	0	0	0	106	0	2574	0	0	0	0	0	306	0	0	0	0	0	0	142	2518	0	3602	0	330	0	302	0	0	0	382	0	640	0	188	0	0	0	0	0	0	0	0	0	0	0	0	0	0	0	0	0	0	0	0	0	0	0	0	0	0	0	0	0	0	
317460	Frontal_Inf_Tri_L	4702	0	17166	1230	280	0	32700	0	2338	0	20330	0	0	0	16778	0	2654	0	4674	1368	106	0	1992	374	0	0	0	0	34590	0	1914	656	400	178	0	0	0	0	0	0	126	0	0	0	0	0	0	0	0	0	0	0	0	0	0	0	1464	0	0	0	0	0	0	0	0	0	0	0	0	0	3382	2408	5330	96	0	0	96	0	0	0	314	0	1084	0	0	0	0	0	0	0	0	0	0	0	0	0	0	0	0	0	0	0	0	0	0	0	0	0	0	0	0	0	0	0	0	0	
145636	Frontal_Inf_Tri_R	0	1298	0	9340	0	330	0	13958	0	188	0	7298	0	0	0	3990	0	254	436	1974	0	0	1022	6494	0	100	0	0	0	10262	226	9692	0	3166	0	0	0	0	0	0	0	0	0	0	0	0	0	0	0	0	0	0	0	0	0	0	0	140	0	0	0	0	0	0	0	0	0	0	0	0	0	1604	0	1046	0	0	0	0	0	0	0	0	0	0	0	0	0	0	0	0	0	0	0	0	0	0	0	0	0	0	0	0	0	0	0	0	0	0	0	0	0	0	0	0	0	0	
246556	Frontal_Inf_Orb_L	84	0	8860	404	12882	92	12532	0	14900	0	816	0	16778	0	0	0	0	0	996	520	3678	1346	522	96	0	96	2254	156	24352	0	926	390	0	0	0	0	0	0	178	0	584	0	0	0	0	0	0	0	0	0	0	0	0	0	0	0	0	0	0	0	0	0	0	0	0	0	0	0	0	0	5606	1794	7560	310	0	0	202	0	0	0	0	0	4106	0	0	0	258	0	0	0	0	0	0	0	0	0	0	0	0	0	0	0	0	0	0	0	0	0	0	0	0	0	0	0	0	0	
84176	Frontal_Inf_Orb_R	0	0	0	4898	0	5380	0	4286	0	7920	0	722	0	3990	0	0	0	84	0	226	232	1304	0	714	0	892	216	618	0	7652	0	506	0	0	0	0	0	108	0	340	0	0	0	0	0	0	0	0	0	0	0	0	0	0	0	114	0	0	0	0	0	0	0	0	0	0	0	0	0	0	184	508	0	478	0	0	0	0	0	0	0	0	0	628	0	0	0	0	0	88	0	0	0	0	0	0	0	0	0	0	0	0	0	0	0	0	0	0	0	0	0	0	0	0	0	0	
348728	Rolandic_Oper_L	15082	284	17252	312	0	0	12600	660	0	0	16352	0	2654	0	0	0	0	0	8992	914	0	0	0	82	0	0	0	0	30508	0	308	316	0	0	0	0	598	0	0	0	0	0	0	0	0	0	0	0	0	0	2028	0	482	0	344	0	15076	0	740	0	1726	0	3694	0	1288	0	482	0	364	290	4790	976	2504	168	0	0	950	100	7990	0	13166	0	2794	0	5782	0	0	0	1716	0	0	0	0	0	0	0	0	0	0	0	0	0	0	0	0	0	0	0	0	0	0	0	0	0	0	0	
129628	Rolandic_Oper_R	0	2598	80	10144	0	0	0	90	0	0	0	3644	0	254	0	84	0	0	384	10242	0	0	142	300	0	0	0	0	0	12798	0	532	0	1362	0	0	0	1074	0	0	0	0	0	180	0	346	0	0	0	428	0	178	0	172	0	290	0	3036	0	250	0	184	0	4108	0	462	0	552	0	196	0	168	0	1276	0	0	0	496	0	1902	0	4688	0	976	0	782	0	0	0	416	0	0	0	0	0	0	0	0	0	0	0	0	0	0	0	0	0	0	0	0	0	0	0	0	0	0	
584780	Supp_Motor_Area_L	8132	3372	65196	11122	162	0	8920	2236	0	0	11310	840	4674	436	996	0	8992	384	0	42642	132	0	7188	2674	0	0	150	0	16636	606	5670	3868	12128	21584	534	188	1176	0	0	0	118	0	0	0	0	0	0	0	0	0	248	0	0	0	646	0	1702	0	198	0	568	0	520	0	154	0	200	0	11736	4594	7772	3006	9890	382	1466	296	878	104	398	0	1606	0	2240	0	468	0	0	0	1252	0	0	0	0	0	0	0	0	0	0	0	0	0	0	0	0	0	0	0	0	0	0	0	0	0	0	0	
959868	Supp_Motor_Area_R	7812	19134	21886	78546	0	470	1982	3928	0	0	686	8584	1368	1974	520	226	914	10242	42642	0	0	82	1314	12764	0	932	0	94	2844	15192	2818	19702	5426	51336	1400	2706	272	5460	0	1224	0	224	0	1944	0	4720	0	816	0	4576	100	2244	0	1226	0	1748	314	2810	0	912	0	514	0	940	0	1020	282	7232	15528	25786	6782	29096	1542	11380	902	2418	3104	19750	206	380	112	1772	0	116	0	2006	0	0	90	1982	0	0	0	0	0	0	0	0	0	90	0	0	0	0	0	0	0	0	0	0	790	0	0	0	0	0	
112036	Olfactory_L	0	0	508	490	3534	988	212	0	1950	0	0	0	106	0	3678	232	0	0	132	0	0	6372	104	302	152	616	3168	1132	3722	376	2716	1564	0	0	0	0	676	0	326	0	1538	0	0	0	0	0	0	0	0	0	0	0	0	0	454	0	0	0	0	0	0	0	0	0	0	0	0	0	0	0	8096	5374	3734	1832	362	154	0	0	0	0	0	0	1146	0	0	0	0	0	272	0	0	0	0	0	0	0	0	0	0	0	0	0	0	0	0	0	0	0	0	0	0	0	0	0	0	0	
126780	Olfactory_R	0	0	312	2068	1338	3076	0	0	760	0	0	0	0	0	1346	1304	0	0	0	82	6372	0	170	1470	108	2208	2730	2528	156	1768	2304	2960	0	88	0	0	0	300	0	602	0	364	0	0	0	0	0	0	0	0	0	0	0	0	0	320	0	0	0	0	0	0	0	0	0	0	0	0	0	0	8508	9554	4722	3856	818	608	0	116	0	0	0	0	0	360	0	0	0	0	0	114	0	0	0	0	0	0	0	0	0	0	0	0	0	0	0	0	0	0	0	0	0	0	0	0	0	0	
368216	Frontal_Sup_Medial_L	0	0	43324	12108	3688	1808	13890	1826	160	0	854	600	1992	1022	522	0	0	142	7188	1314	104	170	0	27118	1698	2550	656	128	2274	390	18088	19570	5252	11280	0	0	0	0	0	0	0	0	0	0	0	0	0	0	0	0	0	0	0	0	0	0	0	0	0	0	0	0	0	0	0	0	0	0	0	0	1030	850	2280	232	0	0	0	0	0	0	0	0	0	0	0	0	0	0	0	0	0	0	0	0	0	0	0	0	0	0	0	0	0	0	0	0	0	0	0	0	0	0	0	0	0	0	
503488	Frontal_Sup_Medial_R	0	116	10868	49620	722	9262	2058	11796	100	0	254	4322	374	6494	96	714	82	300	2674	12764	302	1470	27118	0	798	12986	696	900	760	7432	9070	41810	642	18708	0	0	0	144	0	180	0	0	0	0	0	0	0	0	0	0	0	0	0	0	0	86	0	174	0	0	0	0	0	0	0	0	0	0	0	0	1154	7684	668	6346	0	0	0	0	0	0	0	0	0	0	0	0	0	0	0	0	0	0	0	0	0	0	0	0	0	0	0	0	0	0	0	0	0	0	0	0	0	0	0	0	0	0	
31696	Frontal_Med_Orb_L	0	0	1016	124	3472	322	138	0	422	0	0	0	0	0	0	0	0	0	0	0	152	108	1698	798	0	1576	1060	396	0	0	3018	912	0	278	0	0	0	0	0	0	0	0	0	0	0	0	0	0	0	0	0	0	0	0	0	0	0	0	0	0	0	0	0	0	0	0	0	0	0	0	130	146	82	0	0	0	0	0	0	0	0	0	0	0	0	0	0	0	0	0	0	0	0	0	0	0	0	0	0	0	0	0	0	0	0	0	0	0	0	0	0	0	0	0	0	0	
143880	Frontal_Med_Orb_R	0	0	768	7922	362	12944	0	122	92	384	0	170	0	100	96	892	0	0	0	932	616	2208	2550	12986	1576	0	922	5820	0	1818	2350	7330	0	102	0	0	0	0	0	110	0	0	0	0	0	0	0	0	0	0	0	0	0	0	0	0	0	0	0	0	0	0	0	0	0	0	0	0	0	0	644	2776	290	5058	0	0	0	0	0	0	0	0	0	0	0	0	0	0	0	0	0	0	0	0	0	0	0	0	0	0	0	0	0	0	0	0	0	0	0	0	0	0	0	0	0	0	
73000	Rectus_L	0	0	1058	470	5824	810	102	0	2766	0	0	0	0	0	2254	216	0	0	150	0	3168	2730	656	696	1060	922	0	1422	714	190	1892	1442	0	392	0	0	0	0	0	0	0	0	0	0	0	0	0	0	0	0	0	0	0	0	0	0	0	0	0	0	0	0	0	0	0	0	0	0	0	0	3680	2230	810	530	0	0	0	0	0	0	0	0	316	0	0	0	0	0	0	0	0	0	0	0	0	0	0	0	0	0	0	0	0	0	0	0	0	0	0	0	0	0	0	0	0	0	
58340	Rectus_R	0	0	0	1212	198	6816	0	0	106	0	0	0	0	0	156	618	0	0	0	94	1132	2528	128	900	396	5820	1422	0	0	360	364	1832	0	0	0	0	0	0	0	0	0	0	0	0	0	0	0	0	0	0	0	0	0	0	0	0	0	0	0	0	0	0	0	0	0	0	0	0	0	0	950	2508	184	1446	0	0	0	0	0	0	0	0	0	0	0	0	0	0	0	0	0	0	0	0	0	0	0	0	0	0	0	0	0	0	0	0	0	0	0	0	0	0	0	0	0	0	
799568	Insula_L	9204	332	34796	2910	6962	0	32486	1258	4928	0	25946	110	34590	0	24352	0	30508	0	16636	2844	3722	156	2274	760	0	0	714	0	0	92	2592	1768	470	468	0	0	11466	0	1684	0	4738	0	0	0	0	0	0	0	0	0	2654	0	1302	0	7532	0	5188	0	662	0	1442	0	1748	0	1420	0	472	0	272	350	17516	5656	26832	242	0	0	2990	194	12644	0	17842	0	9016	0	10676	0	190	0	14178	0	0	0	0	0	0	0	0	0	0	0	0	0	0	0	0	0	0	0	0	0	0	0	0	0	0	0	
357624	Insula_R	0	1722	100	25370	0	3564	0	4158	0	884	0	17510	0	10262	0	7652	0	12798	606	15192	376	1768	390	7432	0	1818	190	360	92	0	256	7700	0	3702	0	0	0	3778	0	1438	0	0	0	0	0	272	0	0	0	314	0	158	0	306	0	3068	0	742	0	134	0	0	0	712	0	126	0	316	0	228	434	3402	160	17564	0	270	0	1430	0	2752	0	7340	0	2180	0	4368	0	0	0	3418	0	0	0	0	0	0	0	0	0	0	0	0	0	0	0	0	0	0	0	0	0	0	0	0	0	0	
272184	Cingulum_Ant_L	0	0	15410	6214	3200	1060	4056	290	320	0	486	252	1914	226	926	0	308	0	5670	2818	2716	2304	18088	9070	3018	2350	1892	364	2592	256	0	19356	8402	6010	0	0	0	0	0	0	0	0	0	0	0	0	0	0	0	0	0	0	0	0	0	0	0	0	0	0	0	0	0	0	0	0	0	0	0	0	5726	4610	4082	1552	208	0	0	0	86	0	140	0	120	0	0	0	0	0	0	0	0	0	0	0	0	0	0	0	0	0	0	0	0	0	0	0	0	0	0	0	0	0	0	0	0	0	
581824	Cingulum_Ant_R	100	190	9862	41670	880	3280	2256	7146	270	0	564	7734	656	9692	390	506	316	532	3868	19702	1564	2960	19570	41810	912	7330	1442	1832	1768	7700	19356	0	5890	30748	94	0	0	182	0	112	0	0	0	0	0	0	0	0	0	0	0	0	0	0	0	88	0	598	0	0	0	0	0	0	0	0	88	0	0	0	4162	20284	1920	10638	0	0	0	96	0	0	0	0	154	0	0	0	0	0	0	0	0	0	0	0	0	0	0	0	0	0	0	0	0	0	0	0	0	0	0	0	0	0	0	0	0	0	
199328	Cingulum_Mid_L	288	602	6970	992	0	0	2034	0	0	0	150	0	400	0	0	0	0	0	12128	5426	0	0	5252	642	0	0	0	0	470	0	8402	5890	0	18884	5624	2466	0	0	0	0	0	0	1116	246	3270	244	252	0	852	0	770	0	220	0	92	0	0	0	124	0	0	0	0	0	0	0	6648	1448	4984	2106	190	0	292	0	0	0	0	0	0	0	0	0	0	0	100	0	0	0	90	0	0	0	0	0	0	0	0	0	0	0	0	0	0	0	0	0	0	0	0	0	0	0	0	0	0	0	
618740	Cingulum_Mid_R	5586	5342	11564	25034	268	0	1218	4584	0	0	126	5170	178	3166	0	0	0	1362	21584	51336	0	88	11280	18708	278	102	392	0	468	3702	6010	30748	18884	0	4932	7480	0	1064	0	98	0	0	258	1860	994	4076	86	646	162	2716	82	872	0	612	0	218	0	750	0	776	0	106	0	0	0	196	3360	9628	14186	17894	1778	2370	548	502	0	0	1690	1154	0	0	0	0	0	0	0	96	0	0	0	492	0	0	0	0	0	0	0	0	0	0	0	0	0	0	0	0	0	0	0	0	510	0	0	0	0	0	
148112	Cingulum_Post_L	478	134	82	0	0	0	0	0	0	0	0	0	0	0	0	0	0	0	534	1400	0	0	0	0	0	0	0	0	0	0	0	94	5624	4932	0	11908	2456	2450	1878	762	0	0	5164	418	3176	522	3120	746	1492	210	876	164	744	272	704	160	0	304	0	136	0	0	0	0	0	0	11426	3862	3642	1384	0	0	0	0	0	0	0	458	0	0	0	0	0	0	362	0	0	0	178	130	0	0	0	0	0	0	174	588	0	0	0	0	0	0	0	0	0	0	0	0	912	0	0	0	0	0	
162448	Cingulum_Post_R	718	358	232	0	0	0	0	0	0	0	0	0	0	0	0	0	0	0	188	2706	0	0	0	0	0	0	0	0	0	0	0	0	2466	7480	11908	0	1270	3616	1016	1160	0	0	398	2224	670	1932	862	5996	100	678	112	462	150	1124	186	504	0	752	0	414	0	0	0	0	0	86	3582	12176	2392	4032	0	0	0	0	0	0	126	500	0	0	0	0	0	0	0	182	0	0	0	760	0	0	0	0	0	0	0	846	0	0	0	0	0	0	0	0	0	0	0	0	6860	0	0	0	0	0	
314524	Hippocampus_L	4592	80	3078	0	0	0	1330	0	0	0	0	0	0	0	0	0	598	0	1176	272	676	0	0	0	0	0	0	0	11466	0	0	0	0	0	2456	1270	0	1890	19852	1474	8356	0	1174	0	0	0	9138	1264	0	0	412	0	2930	0	23450	0	756	0	94	0	438	0	358	0	110	0	1824	500	422	90	348	0	9268	0	402	0	3526	1070	2760	0	3666	0	1684	0	2444	0	0	0	17940	0	3142	0	358	0	0	0	4478	1010	3640	0	0	0	0	0	0	0	0	0	0	0	0	0	0	0	0	0	
330044	Hippocampus_R	546	2038	292	6946	0	0	0	294	0	0	0	346	0	0	0	108	0	1074	0	5460	0	300	0	144	0	0	0	0	0	3778	0	182	0	1064	2450	3616	1890	0	1666	29882	0	8188	0	572	0	1042	836	6898	0	1102	0	598	120	2544	292	27728	0	1292	0	422	0	108	0	1756	0	188	0	3172	1018	1520	80	248	0	14370	0	2190	526	8190	0	338	0	564	0	400	0	700	0	0	0	6266	0	1012	0	118	0	358	0	5280	0	1218	0	0	0	0	0	0	0	0	0	0	1692	0	0	0	0	0	
169008	ParaHippocampal_L	846	0	496	0	146	0	148	0	112	0	0	0	0	0	178	0	0	0	0	0	326	0	0	0	0	0	0	0	1684	0	0	0	0	0	1878	1016	19852	1666	0	1260	3514	0	710	0	0	0	7232	1276	0	0	124	0	942	0	14780	0	0	0	0	0	0	0	0	0	0	0	990	494	182	0	96	0	1678	0	0	0	1098	860	0	0	364	0	1594	0	186	0	814	0	2370	0	3480	0	500	0	636	0	5848	820	3828	0	90	0	94	0	90	0	0	0	0	206	0	0	0	0	0	0	
248588	ParaHippocampal_R	196	114	164	3132	0	128	0	172	0	0	0	82	0	0	0	340	0	0	0	1224	0	602	0	180	0	110	0	0	0	1438	0	112	0	98	762	1160	1474	29882	1260	0	0	7342	0	344	0	0	494	9342	0	0	0	114	0	1248	216	24808	0	0	0	0	0	0	0	0	0	0	0	1726	182	0	0	206	0	8256	0	2052	194	5244	0	0	0	186	0	1310	0	262	0	522	0	2822	0	1574	0	164	0	1474	0	7906	0	1830	0	0	0	0	0	0	0	0	0	0	1846	0	0	0	0	0	
61408	Amygdala_L	0	0	268	0	484	0	164	0	410	0	0	0	126	0	584	0	0	0	118	0	1538	0	0	0	0	0	0	0	4738	0	0	0	0	0	0	0	8356	0	3514	0	0	0	0	0	0	0	0	0	0	0	0	0	0	0	4442	0	0	0	0	0	0	0	0	0	0	0	0	0	0	0	804	0	540	0	0	0	0	0	0	0	284	0	1502	0	0	0	92	0	2740	0	0	0	0	0	0	0	0	0	0	0	0	0	0	0	0	0	0	0	0	0	0	0	0	0	0	0	
55412	Amygdala_R	0	0	0	206	0	0	0	0	0	0	0	0	0	0	0	0	0	0	0	224	0	364	0	0	0	0	0	0	0	0	0	0	0	0	0	0	0	8188	0	7342	0	0	0	0	0	0	0	0	0	0	0	0	0	0	0	7198	0	0	0	0	0	0	0	0	0	0	0	0	0	0	0	274	0	1326	0	0	0	274	0	0	0	0	0	1626	0	0	0	0	0	314	0	116	0	0	0	0	0	136	0	118	0	0	0	0	0	0	0	0	0	0	0	0	0	0	0	0	
246576	Calcarine_L	100	0	0	0	0	0	0	0	0	0	0	0	0	0	0	0	0	0	0	0	0	0	0	0	0	0	0	0	0	0	0	0	1116	258	5164	398	1174	0	710	0	0	0	0	10042	12346	7210	17664	2534	9950	2028	18350	314	6668	536	2048	688	340	0	218	0	0	0	0	0	168	0	17128	1456	914	0	0	0	0	0	0	0	0	0	0	0	0	0	0	0	2650	0	0	0	726	0	120	0	0	0	0	0	124	0	0	0	0	0	0	0	0	0	0	0	0	0	146	0	0	0	0	0	
352740	Calcarine_R	0	468	0	532	0	0	0	0	0	0	0	0	0	0	0	0	0	180	0	1944	0	0	0	0	0	0	0	0	0	0	0	0	246	1860	418	2224	0	572	0	344	0	0	10042	0	5268	31196	3558	22546	208	20420	0	14792	0	11330	0	8312	0	1658	0	784	0	104	0	82	0	440	2880	20272	238	3922	0	0	0	0	0	0	0	0	0	0	0	0	0	0	0	1030	0	0	0	3050	0	238	0	0	0	0	0	588	92	420	0	0	0	0	0	0	0	0	0	0	3802	310	0	0	0	0	
191648	Cuneus_L	0	0	0	0	0	0	0	0	0	0	0	0	0	0	0	0	0	0	0	0	0	0	0	0	0	0	0	0	0	0	0	0	3270	994	3176	670	0	0	0	0	0	0	12346	5268	0	8072	2570	282	19892	2222	8320	380	2208	88	216	214	0	0	2714	382	0	0	0	0	0	0	18904	2906	242	0	0	0	0	0	0	0	0	0	0	0	0	0	0	0	342	0	0	0	146	0	0	0	0	0	0	0	0	0	0	0	0	0	0	0	0	0	0	0	0	0	0	0	0	0	0	0	
486880	Cuneus_R	612	1410	0	584	0	0	0	0	0	0	0	0	0	0	0	0	0	346	0	4720	0	0	0	0	0	0	0	0	0	272	0	0	244	4076	522	1932	0	1042	0	0	0	0	7210	31196	8072	0	1296	5380	358	55250	118	30862	0	10074	0	2768	0	4200	0	8544	0	614	0	574	0	1688	5800	40674	1532	5202	0	0	0	0	0	0	0	82	0	0	0	172	0	0	0	2758	0	0	0	2034	0	124	0	0	0	0	0	108	0	220	0	0	0	0	0	0	0	0	0	0	622	148	0	0	0	0	
362736	Lingual_L	356	0	0	0	0	0	0	0	0	0	0	0	0	0	0	0	0	0	0	0	0	0	0	0	0	0	0	0	0	0	0	0	252	86	3120	862	9138	836	7232	494	0	0	17664	3558	2570	1296	0	4460	6118	1084	16662	578	13218	716	18436	804	110	0	684	0	0	0	0	0	0	0	10258	638	196	0	0	0	248	0	0	0	316	260	96	0	0	0	0	0	934	0	0	0	954	0	11002	300	2660	134	390	96	18316	860	16094	804	0	0	0	0	210	166	0	0	0	380	2650	1972	198	210	342	350	
430484	Lingual_R	132	298	0	780	0	0	0	0	0	0	0	0	0	0	0	0	0	0	0	816	0	0	0	0	0	0	0	0	0	0	0	0	0	646	746	5996	1264	6898	1276	9342	0	0	2534	22546	282	5380	4460	0	0	4614	0	3934	0	14372	230	28752	0	840	0	340	0	0	0	0	0	0	518	15042	224	2966	0	0	0	686	0	86	0	2282	0	0	0	0	0	0	0	514	0	0	0	1946	3898	8088	2562	2380	0	1204	1322	12354	4786	12612	0	0	0	0	0	0	0	0	0	84	12302	9572	3336	0	0	0	
214032	Occipital_Sup_L	0	0	0	0	0	0	0	0	0	0	0	0	0	0	0	0	0	0	0	0	0	0	0	0	0	0	0	0	0	0	0	0	852	162	1492	100	0	0	0	0	0	0	9950	208	19892	358	6118	0	0	0	28472	0	5956	0	630	0	980	0	11374	0	672	0	0	0	216	0	18894	188	244	0	0	0	0	0	0	0	0	0	0	0	0	0	0	0	258	0	0	0	0	0	0	0	0	0	0	0	0	0	0	0	0	0	0	0	0	0	0	0	0	0	0	0	0	0	0	0	
452988	Occipital_Sup_R	614	1584	0	626	0	0	0	0	0	0	0	0	0	0	0	0	0	428	0	4576	0	0	0	0	0	0	0	0	0	314	0	0	0	2716	210	678	0	1102	0	0	0	0	2028	20420	2222	55250	1084	4614	0	0	0	40534	0	11002	0	2472	0	4190	0	13412	0	1172	0	720	0	5824	1966	33838	1512	3748	0	0	0	88	0	0	0	100	0	88	0	192	0	0	0	3788	0	0	0	2640	0	110	0	0	0	0	0	84	0	164	0	0	0	0	0	0	0	0	0	0	260	124	0	0	0	0	
517916	Occipital_Mid_L	4056	0	334	0	0	0	258	0	0	0	214	0	0	0	0	0	2028	0	248	100	0	0	0	0	0	0	0	0	2654	0	0	0	770	82	876	112	412	0	124	0	0	0	18350	0	8320	118	16662	0	28472	0	0	0	33886	0	9292	0	12150	0	17366	0	12688	0	3222	0	16668	0	21726	130	7178	0	0	0	90	0	0	0	0	0	1528	0	1346	0	0	0	29008	0	0	0	8122	0	82	0	0	0	0	0	286	0	0	0	0	0	0	0	0	0	0	0	0	0	0	0	0	0	0	0	
364744	Occipital_Mid_R	368	448	0	152	0	0	0	0	0	0	0	0	0	0	0	0	0	178	0	2244	0	0	0	0	0	0	0	0	0	158	0	0	0	872	164	462	0	598	0	114	0	0	314	14792	380	30862	578	3934	0	40534	0	0	0	13460	0	2928	0	3080	0	8024	0	3552	0	748	0	16790	792	18084	944	2022	0	0	0	0	0	0	0	0	0	0	0	192	0	0	0	11662	0	0	0	2374	0	0	0	0	0	0	0	84	0	136	0	0	0	0	0	0	0	0	0	0	256	92	0	0	0	0	
256100	Occipital_Inf_L	2090	0	174	0	0	0	208	0	0	0	0	0	0	0	0	0	482	0	0	0	0	0	0	0	0	0	0	0	1302	0	0	0	220	0	744	150	2930	120	942	0	0	0	6668	0	2208	0	13218	0	5956	0	33886	0	0	0	18326	0	1840	0	1366	0	776	0	914	0	1230	0	4674	0	2386	0	0	0	140	0	0	0	240	88	1848	0	340	0	0	0	11846	0	0	0	9192	0	342	0	0	0	0	0	636	0	568	0	0	0	0	0	0	0	0	0	0	0	0	0	0	0	0	0	
274924	Occipital_Inf_R	0	518	0	274	0	0	0	0	0	0	0	0	0	0	0	0	0	172	0	1226	0	0	0	0	0	0	0	0	0	306	0	0	0	612	272	1124	0	2544	0	1248	0	0	536	11330	88	10074	716	14372	0	11002	0	13460	0	0	0	20732	0	2432	0	2556	0	1596	0	256	0	3538	204	8886	254	1130	0	0	0	758	0	0	0	186	0	0	0	156	0	0	0	4056	0	0	0	8532	318	1316	170	532	0	0	284	1648	494	3018	0	0	0	0	0	0	0	0	0	0	1826	2260	450	0	0	0	
462192	Fusiform_L	2112	0	1296	0	0	0	590	0	0	0	0	0	0	0	0	0	344	0	646	0	454	0	0	0	0	0	0	0	7532	0	0	0	92	0	704	186	23450	292	14780	216	4442	0	2048	0	216	0	18436	230	630	0	9292	0	18326	0	0	0	1082	0	202	0	448	0	388	0	132	0	1880	0	1442	0	212	0	5270	0	0	0	878	286	1898	0	1944	0	3838	0	5726	0	1574	0	26226	0	26848	0	2688	0	404	0	12042	208	27872	0	376	0	458	0	342	0	0	0	0	0	118	0	0	0	0	0	
522752	Fusiform_R	0	270	0	2926	0	0	0	166	0	0	0	106	0	0	0	114	0	290	0	1748	0	320	0	86	0	0	0	0	0	3068	0	88	0	218	160	504	0	27728	0	24808	0	7198	688	8312	214	2768	804	28752	0	2472	0	2928	0	20732	0	0	0	638	0	938	0	876	0	130	0	1070	304	3552	172	268	0	326	0	12646	0	1500	0	2196	0	0	0	1340	0	4082	0	2086	0	1178	0	15464	846	21352	682	1822	0	1890	354	12340	932	26144	0	0	0	750	0	0	0	0	0	100	2232	4128	1570	0	0	0	
331548	Postcentral_L	23668	100	5296	0	0	0	6460	0	0	0	4642	0	1464	0	0	0	15076	0	1702	314	0	0	0	0	0	0	0	0	5188	0	0	0	0	0	0	0	756	0	0	0	0	0	340	0	0	0	110	0	980	0	12150	0	1840	0	1082	0	0	0	15424	0	25132	0	12112	0	7768	0	7748	0	5458	102	696	196	766	0	0	0	248	0	1742	0	4260	0	0	0	2316	0	0	0	638	0	0	0	0	0	0	0	0	0	0	0	0	0	0	0	0	0	0	0	0	0	0	0	0	0	0	0	
233884	Postcentral_R	0	13984	0	1548	0	0	0	156	0	0	0	2574	0	140	0	0	0	3036	0	2810	0	0	0	174	0	0	0	0	0	742	0	598	0	750	304	752	0	1292	0	0	0	0	0	1658	0	4200	0	840	0	4190	0	3080	0	2432	0	638	0	0	0	14932	0	13156	0	16158	0	3940	0	6582	512	5958	0	236	0	430	0	0	0	0	0	96	0	948	0	0	0	4216	0	0	0	3408	0	0	0	0	0	0	0	0	0	0	0	0	0	0	0	0	0	0	0	0	472	0	0	0	0	0	
182468	Parietal_Sup_L	1088	0	200	0	0	0	106	0	0	0	0	0	0	0	0	0	740	0	198	0	0	0	0	0	0	0	0	0	662	0	0	0	124	0	0	0	94	0	0	0	0	0	218	0	2714	0	684	0	11374	0	17366	0	1366	0	202	0	15424	0	0	0	11278	0	1886	0	7358	0	15826	0	1248	0	0	0	0	0	0	0	0	0	242	0	150	0	0	0	530	0	0	0	156	0	0	0	0	0	0	0	0	0	0	0	0	0	0	0	0	0	0	0	0	0	0	0	0	0	0	0	
229016	Parietal_Sup_R	0	894	0	462	0	0	0	0	0	0	0	0	0	0	0	0	0	250	0	912	0	0	0	0	0	0	0	0	0	134	0	0	0	776	136	414	0	422	0	0	0	0	0	784	382	8544	0	340	0	13412	0	8024	0	2556	0	938	0	14932	0	0	0	17452	0	4076	0	13044	190	12816	96	2346	0	0	0	0	0	0	0	0	0	0	0	1062	0	0	0	4666	0	0	0	4316	0	0	0	0	0	0	0	0	0	0	0	0	0	0	0	0	0	0	0	0	132	0	0	0	0	0	
226660	Parietal_Inf_L	5760	0	1014	0	0	0	156	0	0	0	0	0	0	0	0	0	1726	0	568	0	0	0	0	0	0	0	0	0	1442	0	0	0	0	0	0	0	438	0	0	0	0	0	0	0	0	0	0	0	672	0	12688	0	776	0	448	0	25132	0	11278	0	0	0	17672	0	18366	0	5188	0	2474	0	0	0	0	0	0	0	0	0	926	0	1092	0	0	0	5174	0	0	0	340	0	0	0	0	0	0	0	0	0	0	0	0	0	0	0	0	0	0	0	0	0	0	0	0	0	0	0	
170948	Parietal_Inf_R	0	348	0	348	0	0	0	0	0	0	0	0	0	0	0	0	0	184	0	514	0	0	0	0	0	0	0	0	0	0	0	0	0	106	0	0	0	108	0	0	0	0	0	104	0	614	0	0	0	1172	0	3552	0	1596	0	876	0	13156	0	17452	0	0	0	13018	0	18268	0	842	0	130	0	0	0	0	0	0	0	0	0	0	0	1618	0	0	0	7204	0	0	0	4264	0	0	0	0	0	0	0	0	0	0	0	0	0	0	0	0	0	0	0	0	0	0	0	0	0	0	
158984	SupraMarginal_L	1798	0	690	0	0	0	414	0	0	0	0	0	0	0	0	0	3694	0	520	0	0	0	0	0	0	0	0	0	1748	0	0	0	0	0	0	0	358	0	0	0	0	0	0	0	0	0	0	0	0	0	3222	0	914	0	388	0	12112	0	1886	0	17672	0	0	0	10042	0	1216	0	488	0	0	0	148	0	0	0	0	0	2072	0	8780	0	0	0	11032	0	0	0	298	0	0	0	0	0	0	0	0	0	0	0	0	0	0	0	0	0	0	0	0	0	0	0	0	0	0	0	
146900	SupraMarginal_R	0	2628	0	882	0	0	0	0	0	0	0	306	0	0	0	0	0	4108	0	940	0	0	0	0	0	0	0	0	0	712	0	0	0	0	0	0	0	1756	0	0	0	0	0	82	0	574	0	0	0	720	0	748	0	256	0	130	0	16158	0	4076	0	13018	0	0	0	9882	0	794	0	0	0	0	0	118	0	0	0	84	0	80	0	6458	0	0	0	6664	0	0	0	2276	0	0	0	0	0	0	0	0	0	0	0	0	0	0	0	0	0	0	0	0	0	0	0	0	0	0	
189636	Angular_L	1886	0	202	0	0	0	606	0	0	0	0	0	0	0	0	0	1288	0	154	0	0	0	0	0	0	0	0	0	1420	0	0	0	0	0	0	0	110	0	0	0	0	0	168	0	0	0	0	0	216	0	16668	0	1230	0	132	0	7768	0	7358	0	18366	0	10042	0	0	0	3318	0	2298	0	0	0	146	0	0	0	0	0	1798	0	2418	0	0	0	16754	0	0	0	472	0	0	0	0	0	0	0	0	0	0	0	0	0	0	0	0	0	0	0	0	0	0	0	0	0	0	0	
204360	Angular_R	0	168	0	736	0	0	0	0	0	0	0	0	0	0	0	0	0	462	0	1020	0	0	0	0	0	0	0	0	0	126	0	0	0	196	0	86	0	188	0	0	0	0	0	440	0	1688	0	0	0	5824	0	16790	0	3538	0	1070	0	3940	0	13044	0	18268	0	9882	0	0	0	1166	116	230	0	0	0	0	0	0	0	0	0	0	0	5842	0	0	0	13800	0	0	0	3560	0	0	0	0	0	0	0	0	0	0	0	0	0	0	0	0	0	0	0	0	0	0	0	0	0	0	
378748	Precuneus_L	476	0	92	0	0	0	0	0	0	0	0	0	0	0	0	0	482	0	200	282	0	0	0	0	0	0	0	0	472	0	0	88	6648	3360	11426	3582	1824	0	990	0	0	0	17128	2880	18904	5800	10258	518	18894	1966	21726	792	4674	204	1880	304	7748	0	15826	190	5188	0	1216	0	3318	0	0	9752	4104	706	0	0	0	0	0	0	0	0	88	0	92	0	0	0	2626	0	0	0	778	0	0	0	0	0	0	0	862	0	128	0	0	0	0	0	0	0	0	0	0	0	902	0	0	0	0	0	
517288	Precuneus_R	780	1956	84	1326	0	0	0	0	0	0	0	0	0	0	0	0	0	552	0	7232	0	0	0	0	0	0	0	0	0	316	0	0	1448	9628	3862	12176	500	3172	494	1726	0	0	1456	20272	2906	40674	638	15042	188	33838	130	18084	0	8886	0	3552	0	6582	0	12816	0	842	0	794	0	1166	9752	0	2140	14400	0	0	0	210	0	0	0	562	0	84	0	182	0	0	0	1576	0	0	0	4612	0	158	0	0	0	0	0	1250	0	332	0	0	0	0	0	0	0	0	0	0	10078	190	0	0	0	0	
288324	Paracentral_Lobule_L	22720	3728	5616	290	0	0	0	0	0	0	0	0	0	0	0	0	364	0	11736	15528	0	0	0	0	0	0	0	0	272	0	0	0	4984	14186	3642	2392	422	1018	182	182	0	0	914	238	242	1532	196	224	244	1512	7178	944	2386	254	1442	172	5458	512	1248	96	2474	0	488	0	2298	116	4104	2140	0	10004	838	0	0	0	0	0	1960	1308	98	0	340	0	0	0	3886	0	0	0	1542	226	0	0	0	0	0	0	0	0	0	0	0	0	0	0	0	0	0	0	0	0	286	0	0	0	0	0	
283232	Paracentral_Lobule_R	4186	15180	1586	314	0	0	0	0	0	0	0	0	0	0	0	0	290	196	4594	25786	0	0	0	0	0	0	0	0	350	228	0	0	2106	17894	1384	4032	90	1520	0	0	0	0	0	3922	0	5202	0	2966	0	3748	0	2022	0	1130	0	268	102	5958	0	2346	0	130	0	0	0	230	706	14400	10004	0	944	1136	90	0	0	0	1220	1904	98	94	0	92	0	0	0	104	0	0	0	750	0	0	0	0	0	0	0	0	0	0	0	0	0	0	0	0	0	0	0	0	2314	0	0	0	0	0	
379884	Caudate_L	2332	914	12848	4616	4368	784	3018	2352	1666	0	5466	142	3382	0	5606	184	4790	0	7772	6782	8096	8508	1030	1154	130	644	3680	950	17516	434	5726	4162	190	1778	0	0	348	80	96	0	804	0	0	0	0	0	0	0	0	0	0	0	0	0	212	0	696	0	0	0	0	0	0	0	0	0	0	0	838	944	0	18118	18464	5076	3796	1300	14114	584	138	0	758	0	1680	0	166	0	106	0	604	0	0	0	0	0	0	0	0	0	0	0	0	0	0	0	0	0	0	0	0	0	0	0	0	0	0	0	
407212	Caudate_R	492	1032	1638	17892	1112	2534	762	674	658	0	2746	2518	2408	1604	1794	508	976	168	3006	29096	5374	9554	850	7684	146	2776	2230	2508	5656	3402	4610	20284	0	2370	0	0	0	248	0	206	0	274	0	0	0	0	0	0	0	0	0	0	0	0	0	326	196	236	0	0	0	0	0	0	0	0	0	0	0	1136	18118	0	5620	17246	1042	3070	508	15626	0	0	144	0	426	0	0	0	0	0	0	122	0	0	0	0	0	0	0	0	0	0	0	0	0	0	0	0	0	0	0	0	0	0	0	0	0	0	
366056	Putamen_L	1290	0	18328	740	5274	216	7336	128	2052	0	5536	0	5330	0	7560	0	2504	0	9890	1542	3734	4722	2280	668	82	290	810	184	26832	160	4082	1920	292	548	0	0	9268	0	1678	0	540	0	0	0	0	0	248	0	0	0	90	0	140	0	5270	0	766	0	0	0	0	0	148	0	146	0	0	0	0	90	18464	5620	0	2310	5352	618	1566	94	1144	0	4100	0	1342	0	1586	0	88	0	7020	0	444	0	0	0	0	0	142	0	424	0	0	0	0	0	0	0	0	0	0	0	0	0	0	0	0	0	
342928	Putamen_R	0	1048	294	18780	282	3732	0	1410	206	0	100	3602	96	1046	310	478	168	1276	382	11380	1832	3856	232	6346	0	5058	530	1446	242	17564	1552	10638	0	502	0	0	0	14370	0	8256	0	1326	0	0	0	0	0	686	0	88	0	0	0	758	0	12646	0	430	0	0	0	0	0	118	0	0	0	210	0	0	5076	17246	2310	0	216	2810	0	2574	0	0	0	1670	0	530	0	838	0	0	0	3864	0	216	0	0	0	136	0	374	0	232	0	0	0	0	0	0	0	0	0	0	96	0	0	0	0	0	
37572	Pallidum_L	0	0	2296	0	0	0	0	0	0	0	0	0	0	0	0	0	0	0	1466	902	362	818	0	0	0	0	0	0	0	0	208	0	0	0	0	0	402	0	0	0	0	0	0	0	0	0	0	0	0	0	0	0	0	0	0	0	0	0	0	0	0	0	0	0	0	0	0	0	0	0	3796	1042	5352	216	0	356	1570	0	0	0	0	0	0	0	0	0	0	0	0	0	0	0	0	0	0	0	0	0	0	0	0	0	0	0	0	0	0	0	0	0	0	0	0	0	0	0	
40304	Pallidum_R	0	102	164	1254	0	0	0	96	0	0	0	330	0	0	0	0	0	0	296	2418	154	608	0	0	0	0	0	0	0	270	0	0	0	0	0	0	0	2190	0	2052	0	0	0	0	0	0	0	86	0	0	0	0	0	0	0	1500	0	0	0	0	0	0	0	0	0	0	0	0	0	0	1300	3070	618	2810	356	0	0	202	0	0	0	0	0	0	0	0	0	0	0	276	0	0	0	0	0	0	0	0	0	0	0	0	0	0	0	0	0	0	0	0	0	0	0	0	0	0	
123252	Thalamus_L	7432	992	8740	390	0	0	904	0	0	0	540	0	96	0	202	0	950	0	878	3104	0	0	0	0	0	0	0	0	2990	0	0	0	0	1690	0	126	3526	526	1098	194	0	0	0	0	0	0	316	0	0	0	0	0	240	0	878	0	248	0	0	0	0	0	0	0	0	0	0	0	1960	1220	14114	508	1566	0	1570	0	0	3546	188	0	148	0	0	0	186	0	0	0	456	0	0	0	0	0	0	0	104	0	0	0	0	0	0	0	0	0	0	0	0	0	0	0	0	0	0	0	
182972	Thalamus_R	772	1246	676	11576	0	0	92	292	0	0	0	302	0	0	0	0	100	496	104	19750	0	116	0	0	0	0	0	0	194	1430	0	96	0	1154	458	500	1070	8190	860	5244	0	274	0	0	0	82	260	2282	0	100	0	0	88	186	286	2196	0	0	0	0	0	0	0	84	0	0	0	562	1308	1904	584	15626	94	2574	0	202	3546	0	0	84	0	282	0	0	0	336	0	0	0	1112	0	142	0	0	0	0	0	1970	0	242	0	0	0	0	0	0	0	0	0	0	362	0	0	0	0	0	
134052	Heschl_L	4758	88	1082	0	0	0	3696	0	0	0	558	0	0	0	0	0	7990	0	398	206	0	0	0	0	0	0	0	0	12644	0	86	0	0	0	0	0	2760	0	0	0	0	0	0	0	0	0	96	0	0	0	1528	0	1848	0	1898	0	1742	0	242	0	926	0	2072	0	1798	0	88	0	98	98	138	0	1144	0	0	0	188	0	0	0	6990	0	0	0	8244	0	0	0	3622	0	0	0	0	0	0	0	0	0	0	0	0	0	0	0	0	0	0	0	0	0	0	0	0	0	0	0	
25732	Heschl_R	0	108	0	310	0	0	0	0	0	0	0	0	0	0	0	0	0	1902	0	380	0	0	0	0	0	0	0	0	0	2752	0	0	0	0	0	0	0	338	0	0	0	0	0	0	0	0	0	0	0	88	0	0	0	0	0	0	0	96	0	0	0	0	0	80	0	0	0	84	0	94	0	0	0	0	0	0	0	84	0	0	0	4008	0	406	0	1580	0	0	0	556	0	0	0	0	0	0	0	0	0	0	0	0	0	0	0	0	0	0	0	0	0	0	0	0	0	0	
266492	Temporal_Sup_L	3514	0	3156	0	0	0	2304	0	0	0	1726	0	314	0	0	0	13166	0	1606	112	0	0	0	0	0	0	0	0	17842	0	140	0	0	0	0	0	3666	0	364	0	284	0	0	0	0	0	0	0	0	0	1346	0	340	0	1944	0	4260	0	150	0	1092	0	8780	0	2418	0	92	0	340	0	758	144	4100	0	0	0	148	0	6990	0	0	0	4296	0	34144	0	102	0	13608	0	0	0	0	0	0	0	0	0	0	0	0	0	0	0	0	0	0	0	0	0	0	0	0	0	0	0	
149024	Temporal_Sup_R	0	202	0	1594	0	0	0	0	0	0	0	382	0	0	0	0	0	4688	0	1772	0	0	0	0	0	0	0	0	0	7340	0	0	0	0	0	0	0	564	0	186	0	0	0	0	0	172	0	0	0	192	0	192	0	156	0	1340	0	948	0	1062	0	1618	0	6458	0	5842	0	182	0	92	0	0	0	1670	0	0	0	282	0	4008	0	0	0	5132	0	21558	0	542	0	6338	0	0	0	0	0	0	0	0	0	0	0	0	0	0	0	0	0	0	0	0	0	0	0	0	0	0	
129088	Temporal_Pole_Sup_L	120	0	2866	130	1936	0	718	0	1042	0	3934	0	1084	0	4106	0	2794	0	2240	0	1146	0	0	0	0	0	316	0	9016	0	120	154	0	0	0	0	1684	0	1594	0	1502	0	0	0	0	0	0	0	0	0	0	0	0	0	3838	0	0	0	0	0	0	0	0	0	0	0	0	0	0	0	1680	426	1342	0	0	0	0	0	0	0	4296	0	0	0	6282	0	4268	0	5910	0	0	0	0	0	0	0	0	0	0	0	0	0	0	0	0	0	0	0	0	0	0	0	0	0	0	0	
58872	Temporal_Pole_Sup_R	0	0	0	286	0	180	0	0	0	0	0	640	0	0	0	628	0	976	0	116	0	360	0	0	0	0	0	0	0	2180	0	0	0	0	0	0	0	400	0	1310	0	1626	0	0	0	0	0	0	0	0	0	0	0	0	0	4082	0	0	0	0	0	0	0	0	0	0	0	0	0	0	0	0	0	530	0	0	0	0	0	406	0	5132	0	0	0	3590	0	2642	0	4352	0	0	0	0	0	0	0	0	0	0	0	0	0	0	0	0	0	0	0	0	0	0	0	0	0	0	
414752	Temporal_Mid_L	3730	0	624	0	0	0	1820	0	0	0	106	0	0	0	0	0	5782	0	468	0	0	0	0	0	0	0	0	0	10676	0	0	0	100	0	362	0	2444	0	186	0	0	0	2650	0	342	0	934	0	258	0	29008	0	11846	0	5726	0	2316	0	530	0	5174	0	11032	0	16754	0	2626	0	3886	0	166	0	1586	0	0	0	186	0	8244	0	34144	0	6282	0	0	0	3936	0	33452	0	0	0	0	0	0	0	0	0	0	0	0	0	0	0	0	0	0	0	0	0	0	0	0	0	0	0	
272156	Temporal_Mid_R	0	220	0	1742	0	0	0	0	0	0	0	188	0	0	0	0	0	782	0	2006	0	0	0	0	0	0	0	0	0	4368	0	0	0	96	0	182	0	700	0	262	0	0	0	1030	0	2758	0	514	0	3788	0	11662	0	4056	0	2086	0	4216	0	4666	0	7204	0	6664	0	13800	0	1576	0	104	0	0	0	838	0	0	0	336	0	1580	0	21558	0	3590	0	0	0	2754	0	30204	0	0	0	0	0	0	0	96	0	156	0	0	0	0	0	0	0	0	0	0	198	98	0	0	0	0	
30608	Temporal_Pole_Mid_L	0	0	0	0	136	0	0	0	0	0	0	0	0	0	258	0	0	0	0	0	0	0	0	0	0	0	0	0	190	0	0	0	0	0	0	0	0	0	814	0	92	0	0	0	0	0	0	0	0	0	0	0	0	0	1574	0	0	0	0	0	0	0	0	0	0	0	0	0	0	0	106	0	88	0	0	0	0	0	0	0	102	0	4268	0	3936	0	0	0	3740	0	0	0	0	0	0	0	0	0	0	0	0	0	0	0	0	0	0	0	0	0	0	0	0	0	0	0	
21088	Temporal_Pole_Mid_R	0	0	0	0	0	0	0	0	0	0	0	0	0	0	0	0	0	0	0	0	0	0	0	0	0	0	0	0	0	0	0	0	0	0	0	0	0	0	0	522	0	0	0	0	0	0	0	0	0	0	0	0	0	0	0	1178	0	0	0	0	0	0	0	0	0	0	0	0	0	0	0	0	0	0	0	0	0	0	0	0	0	542	0	2642	0	2754	0	0	0	2906	0	0	0	0	0	0	0	0	0	0	0	0	0	0	0	0	0	0	0	0	0	0	0	0	0	0	
361644	Temporal_Inf_L	1238	0	1870	0	0	0	1706	0	0	0	0	0	0	0	0	0	1716	0	1252	90	272	0	0	0	0	0	0	0	14178	0	0	0	90	0	178	0	17940	0	2370	0	2740	0	726	0	146	0	954	0	0	0	8122	0	9192	0	26226	0	638	0	156	0	340	0	298	0	472	0	778	0	1542	0	604	0	7020	0	0	0	456	0	3622	0	13608	0	5910	0	33452	0	3740	0	0	0	8008	0	2540	0	0	0	584	0	3102	0	1378	0	1280	0	288	0	0	0	0	0	0	0	0	0	0	0	
264904	Temporal_Inf_R	0	536	0	1310	0	0	0	0	0	0	0	0	0	0	0	88	0	416	0	1982	0	114	0	0	0	0	0	0	0	3418	0	0	0	492	130	760	0	6266	0	2822	0	314	0	3050	0	2034	0	1946	0	2640	0	2374	0	8532	0	15464	0	3408	0	4316	0	4264	0	2276	0	3560	0	4612	226	750	0	122	0	3864	0	276	0	1112	0	556	0	6338	0	4352	0	30204	0	2906	0	0	0	1966	0	232	0	0	0	264	0	636	0	0	0	280	0	0	0	0	0	0	1110	134	0	0	0	0	
495448	Cerebelum_Crus1_L	0	0	0	0	0	0	0	0	0	0	0	0	0	0	0	0	0	0	0	0	0	0	0	0	0	0	0	0	0	0	0	0	0	0	0	0	3142	0	3480	0	0	0	120	0	0	0	11002	3898	0	0	82	0	342	318	26848	846	0	0	0	0	0	0	0	0	0	0	0	0	0	0	0	0	444	0	0	0	0	0	0	0	0	0	0	0	0	0	0	0	8008	0	0	2884	40202	2608	2676	0	27162	508	61408	3966	11750	348	12160	1418	3158	310	582	0	554	1042	3298	6208	4264	1300	1006	382	
487660	Cerebelum_Crus1_R	0	0	0	0	0	0	0	0	0	0	0	0	0	0	0	0	0	0	0	0	0	0	0	0	0	0	0	0	0	0	0	0	0	0	0	0	0	1012	0	1574	0	116	0	238	0	124	300	8088	0	110	0	0	0	1316	0	21352	0	0	0	0	0	0	0	0	0	0	0	158	0	0	0	0	0	216	0	0	0	142	0	0	0	0	0	0	0	0	0	0	0	1966	2884	0	3436	35746	334	4814	3158	22802	2408	58772	402	4938	388	20904	204	2538	0	412	1302	5346	10298	8720	10624	3352	2804	532	
448320	Cerebelum_Crus2_L	0	0	0	0	0	0	0	0	0	0	0	0	0	0	0	0	0	0	0	0	0	0	0	0	0	0	0	0	0	0	0	0	0	0	0	0	358	0	500	0	0	0	0	0	0	0	2660	2562	0	0	0	0	0	170	2688	682	0	0	0	0	0	0	0	0	0	0	0	0	0	0	0	0	0	0	0	0	0	0	0	0	0	0	0	0	0	0	0	0	2540	0	40202	3436	0	14392	1168	106	8796	482	15326	3284	42456	5626	31244	7260	5896	436	1512	0	542	1100	2880	4210	14586	5566	1092	402	
418968	Cerebelum_Crus2_R	0	0	0	0	0	0	0	0	0	0	0	0	0	0	0	0	0	0	0	0	0	0	0	0	0	0	0	0	0	0	0	0	0	0	0	0	0	118	0	164	0	0	0	0	0	0	134	2380	0	0	0	0	0	532	0	1822	0	0	0	0	0	0	0	0	0	0	0	0	0	0	0	0	0	0	0	0	0	0	0	0	0	0	0	0	0	0	0	0	0	232	2608	35746	14392	0	288	1314	1840	4130	1552	11244	7882	27564	5258	40692	486	5098	0	444	1008	3192	4422	4234	19184	8272	2854	398	
47884	Cerebelum_3_L	0	0	0	0	0	0	0	0	0	0	0	0	0	0	0	0	0	0	0	0	0	0	0	0	0	0	0	0	0	0	0	0	0	0	0	0	0	0	636	0	0	0	0	0	0	0	390	0	0	0	0	0	0	0	404	0	0	0	0	0	0	0	0	0	0	0	0	0	0	0	0	0	0	0	0	0	0	0	0	0	0	0	0	0	0	0	0	0	0	0	2676	334	1168	288	0	0	7774	0	2844	132	140	0	1072	138	1282	266	0	0	872	1532	826	300	302	278	288	0	
76804	Cerebelum_3_R	0	0	0	0	0	0	0	0	0	0	0	0	0	0	0	0	0	0	0	0	0	0	0	0	0	0	0	0	0	0	0	0	0	0	0	0	0	358	0	1474	0	0	0	0	0	0	96	1204	0	0	0	0	0	0	0	1890	0	0	0	0	0	0	0	0	0	0	0	0	0	0	0	0	0	136	0	0	0	0	0	0	0	0	0	0	0	0	0	0	0	0	0	4814	106	1314	0	0	186	7604	0	6468	0	0	0	1598	0	1020	0	0	1482	5970	404	0	598	808	872	0	
346844	Cerebelum_4_5_L	104	0	0	0	0	0	0	0	0	0	0	0	0	0	0	0	0	0	0	0	0	0	0	0	0	0	0	0	0	0	0	0	0	0	174	0	4478	0	5848	0	0	0	124	0	0	0	18316	1322	0	0	286	0	636	284	12042	354	0	0	0	0	0	0	0	0	0	0	862	0	0	0	0	0	142	0	0	0	104	0	0	0	0	0	0	0	0	0	0	0	584	0	27162	3158	8796	1840	7774	186	0	1258	33580	3456	766	0	2900	1320	3652	1394	478	0	1962	3386	10964	5400	1484	2244	2646	1956	
276996	Cerebelum_4_5_R	82	0	0	298	0	0	0	0	0	0	0	0	0	0	0	0	0	0	0	0	0	0	0	0	0	0	0	0	0	0	0	0	0	0	588	846	1010	5280	820	7906	0	136	0	588	0	108	860	12354	0	84	0	84	0	1648	208	12340	0	0	0	0	0	0	0	0	0	0	0	1250	0	0	0	0	0	374	0	0	0	1970	0	0	0	0	0	0	0	96	0	0	0	264	508	22802	482	4130	0	7604	1258	0	1068	30212	0	0	0	2870	0	880	0	0	236	3632	9436	1372	1108	942	764	0	
428144	Cerebelum_6_L	0	0	0	0	0	0	0	0	0	0	0	0	0	0	0	0	0	0	0	0	0	0	0	0	0	0	0	0	0	0	0	0	0	0	0	0	3640	0	3828	0	0	0	0	92	0	0	16094	4786	0	0	0	0	568	494	27872	932	0	0	0	0	0	0	0	0	0	0	128	0	0	0	0	0	424	0	0	0	0	0	0	0	0	0	0	0	0	0	0	0	3102	0	61408	2408	15326	1552	2844	0	33580	1068	0	4140	1996	0	2696	840	3136	430	210	0	676	1162	5898	8066	2026	964	1180	506	
429156	Cerebelum_6_R	0	0	0	0	0	0	0	0	0	0	0	0	0	0	0	0	0	0	0	90	0	0	0	0	0	0	0	0	0	0	0	0	0	0	0	0	0	1218	0	1830	0	118	0	420	0	220	804	12612	0	164	0	136	0	3018	0	26144	0	0	0	0	0	0	0	0	0	0	0	332	0	0	0	0	0	232	0	0	0	242	0	0	0	0	0	0	0	156	0	0	0	636	3966	58772	3284	11244	132	6468	3456	30212	4140	0	118	126	126	5058	146	1072	0	128	524	3994	11342	12600	7066	1136	858	238	
284108	Cerebelum_7b_L	0	0	0	0	0	0	0	0	0	0	0	0	0	0	0	0	0	0	0	0	0	0	0	0	0	0	0	0	0	0	0	0	0	0	0	0	0	0	90	0	0	0	0	0	0	0	0	0	0	0	0	0	0	0	376	0	0	0	0	0	0	0	0	0	0	0	0	0	0	0	0	0	0	0	0	0	0	0	0	0	0	0	0	0	0	0	0	0	1378	0	11750	402	42456	7882	140	0	766	0	1996	118	0	5876	39684	6172	5470	340	1588	0	0	0	0	0	7932	7220	326	92	
203180	Cerebelum_7b_R	0	0	0	0	0	0	0	0	0	0	0	0	0	0	0	0	0	0	0	0	0	0	0	0	0	0	0	0	0	0	0	0	0	0	0	0	0	0	0	0	0	0	0	0	0	0	0	0	0	0	0	0	0	0	0	0	0	0	0	0	0	0	0	0	0	0	0	0	0	0	0	0	0	0	0	0	0	0	0	0	0	0	0	0	0	0	0	0	0	0	348	4938	5626	27564	0	0	0	0	0	126	5876	0	4922	33096	286	7212	0	0	0	0	0	0	5118	6192	286	0	
300024	Cerebelum_8_L	0	0	0	0	0	0	0	0	0	0	0	0	0	0	0	0	0	0	0	0	0	0	0	0	0	0	0	0	0	0	0	0	0	0	0	0	0	0	94	0	0	0	0	0	0	0	0	0	0	0	0	0	0	0	458	0	0	0	0	0	0	0	0	0	0	0	0	0	0	0	0	0	0	0	0	0	0	0	0	0	0	0	0	0	0	0	0	0	1280	0	12160	388	31244	5258	1072	0	2900	0	2696	126	39684	4922	0	6710	19250	1102	4590	0	0	0	104	122	5386	8700	1498	268	
357508	Cerebelum_8_R	0	0	0	0	0	0	0	0	0	0	0	0	0	0	0	0	0	0	0	0	0	0	0	0	0	0	0	0	0	0	0	0	0	0	0	0	0	0	0	0	0	0	0	0	0	0	0	0	0	0	0	0	0	0	0	750	0	0	0	0	0	0	0	0	0	0	0	0	0	0	0	0	0	0	0	0	0	0	0	0	0	0	0	0	0	0	0	0	0	280	1418	20904	7260	40692	138	1598	1320	2870	840	5058	6172	33096	6710	0	560	18856	0	902	856	2980	2312	136	9826	9744	3236	240	
116384	Cerebelum_9_L	0	0	0	0	0	0	0	0	0	0	0	0	0	0	0	0	0	0	0	0	0	0	0	0	0	0	0	0	0	0	0	0	0	0	0	0	0	0	90	0	0	0	0	0	0	0	210	0	0	0	0	0	0	0	342	0	0	0	0	0	0	0	0	0	0	0	0	0	0	0	0	0	0	0	0	0	0	0	0	0	0	0	0	0	0	0	0	0	288	0	3158	204	5896	486	1282	0	3652	0	3136	146	5470	286	19250	560	0	854	7070	0	128	152	700	658	626	1754	1450	344	
126432	Cerebelum_9_R	0	0	0	0	0	0	0	0	0	0	0	0	0	0	0	0	0	0	0	0	0	0	0	0	0	0	0	0	0	0	0	0	0	0	0	0	0	0	0	0	0	0	0	0	0	0	166	0	0	0	0	0	0	0	0	0	0	0	0	0	0	0	0	0	0	0	0	0	0	0	0	0	0	0	0	0	0	0	0	0	0	0	0	0	0	0	0	0	0	0	310	2538	436	5098	266	1020	1394	880	430	1072	340	7212	1102	18856	854	0	0	612	1582	2578	2220	1160	1924	4706	5052	1408	
32060	Cerebelum_10_L	0	0	0	0	0	0	0	0	0	0	0	0	0	0	0	0	0	0	0	0	0	0	0	0	0	0	0	0	0	0	0	0	0	0	0	0	0	0	0	0	0	0	0	0	0	0	0	0	0	0	0	0	0	0	0	0	0	0	0	0	0	0	0	0	0	0	0	0	0	0	0	0	0	0	0	0	0	0	0	0	0	0	0	0	0	0	0	0	0	0	582	0	1512	0	0	0	478	0	210	0	1588	0	4590	0	7070	0	0	0	0	0	0	0	0	0	0	0	
5608	Cerebelum_10_R	0	0	0	0	0	0	0	0	0	0	0	0	0	0	0	0	0	0	0	0	0	0	0	0	0	0	0	0	0	0	0	0	0	0	0	0	0	0	0	0	0	0	0	0	0	0	0	0	0	0	0	0	0	0	0	0	0	0	0	0	0	0	0	0	0	0	0	0	0	0	0	0	0	0	0	0	0	0	0	0	0	0	0	0	0	0	0	0	0	0	0	412	0	444	0	0	0	0	0	128	0	0	0	902	0	612	0	0	0	0	0	0	306	0	0	0	
50628	Vermis_1_2	0	0	0	0	0	0	0	0	0	0	0	0	0	0	0	0	0	0	0	0	0	0	0	0	0	0	0	0	0	0	0	0	0	0	0	0	0	0	0	0	0	0	0	0	0	0	0	0	0	0	0	0	0	0	0	0	0	0	0	0	0	0	0	0	0	0	0	0	0	0	0	0	0	0	0	0	0	0	0	0	0	0	0	0	0	0	0	0	0	0	554	1302	542	1008	872	1482	1962	236	676	524	0	0	0	856	128	1582	0	0	0	5878	2902	264	1108	1548	1674	216	
