data	data	570804	364840	1.19712e+06	930556	229700	250612	508012	317632	92192	55496	319772	322904	318836	202492	152252	79020	267212	167312	1.05434e+06	1.00732e+06	142088	143824	506448	545924	61572	103852	86636	77548	607872	478724	425960	535936	234288	790972	139768	136424	223348	316844	145140	220316	65372	118500	256068	228636	147112	334472	383184	317488	224688	336240	623996	258980	213728	140696	468056	403736	312176	223712	329156	152920	255432	87140	148664	100332	216940	114580	411536	385088	273388	275076	470696	436112	410348	385580	74940	33984	139752	144556	77592	34436	202268	156140	121292	60036	332416	267052	45816	16800	332728	234360	499016	429876	365624	353176	93304	45432	316860	190876	492712	430312	237988	136192	352004	307208	176036	131980	26872	11944	34956	53252	173316	187000	282280	154188	109908	55172	
data	data	Precentral_L	Precentral_R	Frontal_Sup_L	Frontal_Sup_R	Frontal_Sup_Orb_L	Frontal_Sup_Orb_R	Frontal_Mid_L	Frontal_Mid_R	Frontal_Mid_Orb_L	Frontal_Mid_Orb_R	Frontal_Inf_Oper_L	Frontal_Inf_Oper_R	Frontal_Inf_Tri_L	Frontal_Inf_Tri_R	Frontal_Inf_Orb_L	Frontal_Inf_Orb_R	Rolandic_Oper_L	Rolandic_Oper_R	Supp_Motor_Area_L	Supp_Motor_Area_R	Olfactory_L	Olfactory_R	Frontal_Sup_Medial_L	Frontal_Sup_Medial_R	Frontal_Med_Orb_L	Frontal_Med_Orb_R	Rectus_L	Rectus_R	Insula_L	Insula_R	Cingulum_Ant_L	Cingulum_Ant_R	Cingulum_Mid_L	Cingulum_Mid_R	Cingulum_Post_L	Cingulum_Post_R	Hippocampus_L	Hippocampus_R	ParaHippocampal_L	ParaHippocampal_R	Amygdala_L	Amygdala_R	Calcarine_L	Calcarine_R	Cuneus_L	Cuneus_R	Lingual_L	Lingual_R	Occipital_Sup_L	Occipital_Sup_R	Occipital_Mid_L	Occipital_Mid_R	Occipital_Inf_L	Occipital_Inf_R	Fusiform_L	Fusiform_R	Postcentral_L	Postcentral_R	Parietal_Sup_L	Parietal_Sup_R	Parietal_Inf_L	Parietal_Inf_R	SupraMarginal_L	SupraMarginal_R	Angular_L	Angular_R	Precuneus_L	Precuneus_R	Paracentral_Lobule_L	Paracentral_Lobule_R	Caudate_L	Caudate_R	Putamen_L	Putamen_R	Pallidum_L	Pallidum_R	Thalamus_L	Thalamus_R	Heschl_L	Heschl_R	Temporal_Sup_L	Temporal_Sup_R	Temporal_Pole_Sup_L	Temporal_Pole_Sup_R	Temporal_Mid_L	Temporal_Mid_R	Temporal_Pole_Mid_L	Temporal_Pole_Mid_R	Temporal_Inf_L	Temporal_Inf_R	Cerebelum_Crus1_L	Cerebelum_Crus1_R	Cerebelum_Crus2_L	Cerebelum_Crus2_R	Cerebelum_3_L	Cerebelum_3_R	Cerebelum_4_5_L	Cerebelum_4_5_R	Cerebelum_6_L	Cerebelum_6_R	Cerebelum_7b_L	Cerebelum_7b_R	Cerebelum_8_L	Cerebelum_8_R	Cerebelum_9_L	Cerebelum_9_R	Cerebelum_10_L	Cerebelum_10_R	Vermis_1_2	Vermis_3	Vermis_4_5	Vermis_6	Vermis_7	Vermis_8	Vermis_9	Vermis_10	
570804	Precentral_L	0	6764	23382	2102	0	214	28844	312	0	0	18260	894	3872	318	0	0	11386	498	11658	12224	0	0	398	450	0	0	0	0	11554	740	856	656	1172	7886	1384	1120	5264	810	602	152	204	0	594	0	586	280	532	0	176	286	2720	220	828	226	2788	162	30850	1396	1884	0	4048	0	3328	0	198	0	1606	554	18656	11562	8538	1464	4296	556	2656	0	16424	1694	5428	0	3230	0	872	0	880	0	0	0	1346	0	306	0	0	0	0	0	0	0	256	0	0	0	0	0	0	0	0	0	0	0	0	0	0	0	0	0	
364840	Precentral_R	6764	0	1596	14984	0	134	538	13250	0	0	432	10918	0	0	0	0	1052	2530	4362	17118	0	0	118	406	0	0	0	0	692	3246	146	452	288	672	230	122	1070	5928	142	1200	0	0	0	274	0	364	0	0	0	582	0	266	0	348	0	1366	730	22120	0	3382	0	2270	0	3034	0	1752	212	522	7050	13168	1060	10088	436	1660	0	282	1730	17742	226	352	166	1248	0	0	0	806	0	0	0	794	0	0	0	0	0	0	0	0	0	0	0	0	0	0	0	0	0	0	0	0	0	0	0	0	0	0	
1.19712e+06	Frontal_Sup_L	23382	1596	0	22540	14652	1746	85396	3088	3440	0	21706	4942	31032	3016	5718	0	13856	1086	88816	25454	144	0	54500	18964	2112	1288	134	0	36280	4920	23920	14862	5818	20690	146	118	732	0	0	0	152	0	0	0	0	0	0	0	0	0	96	0	0	0	0	0	1924	336	0	98	242	0	168	0	0	0	0	0	2558	516	15422	6624	19114	2270	3476	0	3200	0	192	0	1706	0	4024	346	0	0	0	0	0	0	0	0	0	0	0	0	0	0	0	0	0	0	0	0	0	0	0	0	0	0	0	0	0	0	0	0	
930556	Frontal_Sup_R	2102	14984	22540	0	238	13400	2560	47306	0	2442	814	18674	838	13356	0	3050	578	6046	31022	70146	0	0	15080	47022	0	3944	0	0	1556	22036	6338	29192	3488	37784	0	0	152	1816	0	514	0	0	0	0	0	0	0	0	0	0	0	0	0	0	0	236	216	2798	0	1444	0	738	0	254	0	510	0	0	1154	164	6362	12898	2294	8716	0	2376	334	4348	0	140	0	338	0	940	0	0	0	0	0	0	0	0	0	0	0	0	0	0	0	0	0	0	0	0	0	0	0	0	0	0	0	0	0	0	0	0	
229700	Frontal_Sup_Orb_L	0	0	14652	238	0	174	2450	0	12402	0	436	0	4240	0	13706	0	0	0	1396	110	5252	576	4434	292	7228	0	7940	168	17904	124	5112	412	0	0	0	0	154	0	0	0	878	100	0	0	0	0	0	0	0	0	0	0	0	0	0	0	0	0	0	0	0	0	0	0	0	0	0	0	0	0	4782	640	7622	0	896	0	0	0	0	0	0	0	532	0	0	0	0	0	0	0	0	0	0	0	0	0	0	0	0	0	0	0	0	0	0	0	0	0	0	0	0	0	0	0	0	0	
250612	Frontal_Sup_Orb_R	214	134	1746	13400	174	0	144	5554	0	9852	230	1096	0	3136	0	8340	158	100	3538	2840	562	3406	774	9132	208	7964	336	8074	588	6174	1000	8042	122	532	0	0	0	0	0	0	0	1604	0	0	0	0	0	0	0	0	0	0	0	0	0	0	0	0	0	0	0	0	0	0	0	0	0	0	0	0	2248	8712	588	14352	0	232	0	0	0	0	0	0	0	0	0	0	0	0	0	0	0	0	0	0	0	0	0	0	0	0	0	0	0	0	0	0	0	0	0	0	0	0	0	0	0	0	
508012	Frontal_Mid_L	28844	538	85396	2560	2450	144	0	542	2610	0	12384	532	33774	346	4580	0	2830	94	12896	1726	0	0	19210	4580	0	0	0	0	9012	566	6818	2216	1606	3010	188	158	456	0	0	0	0	0	0	0	0	0	0	0	0	0	150	0	0	0	0	0	1742	140	136	0	460	0	176	0	0	0	108	0	1292	496	2538	342	1330	160	974	0	2268	0	128	0	216	0	1284	0	0	0	0	0	0	0	0	0	0	0	0	0	0	0	0	0	0	0	0	0	0	0	0	0	0	0	0	0	0	0	0	0	
317632	Frontal_Mid_R	312	13250	3088	47306	0	5554	542	0	0	3238	100	10556	116	13264	0	4272	154	988	4370	13826	0	0	1888	9442	0	0	0	0	260	6050	1106	2778	278	8080	0	0	0	104	0	0	0	0	0	0	0	0	0	0	0	0	0	0	0	0	0	0	116	1842	0	1270	0	450	0	282	0	316	0	0	94	0	1416	292	574	774	0	136	144	188	0	0	0	0	0	0	0	0	0	0	0	0	0	0	0	0	0	0	0	0	0	0	0	0	0	0	0	0	0	0	0	0	0	0	0	0	0	0	
92192	Frontal_Mid_Orb_L	0	0	3440	0	12402	0	2610	0	0	0	0	0	4644	0	14860	0	0	0	188	0	586	0	0	0	170	0	1604	0	4494	0	102	0	0	0	0	0	0	0	0	0	0	0	0	0	0	0	0	0	0	0	0	0	0	0	0	0	0	0	0	0	0	0	0	0	0	0	0	0	0	0	502	0	180	0	0	0	0	0	0	0	0	0	314	0	0	0	0	0	0	0	0	0	0	0	0	0	0	0	0	0	0	0	0	0	0	0	0	0	0	0	0	0	0	0	0	0	
55496	Frontal_Mid_Orb_R	0	0	0	2442	0	9852	0	3238	0	0	0	0	0	1040	0	6302	0	0	144	126	0	358	0	0	0	0	0	560	0	1818	0	0	0	0	0	0	0	0	0	0	0	176	0	0	0	0	0	0	0	0	0	0	0	0	0	0	0	0	0	0	0	0	0	0	0	0	0	0	0	0	0	0	0	1584	0	108	0	0	0	0	0	0	0	0	0	0	0	0	0	0	0	0	0	0	0	0	0	0	0	0	0	0	0	0	0	0	0	0	0	0	0	0	0	0	0	0	
319772	Frontal_Inf_Oper_L	18260	432	21706	814	436	230	12384	100	0	0	0	728	17160	172	614	0	18260	312	17518	892	0	0	1050	590	0	0	0	0	18208	656	1468	1054	0	440	0	0	230	0	0	0	0	0	0	0	100	0	0	0	0	0	484	0	0	0	0	0	5164	94	464	0	358	0	592	0	0	0	400	0	0	0	2676	1300	2988	216	378	0	192	120	650	0	2986	0	6912	0	0	0	0	0	98	0	0	0	0	0	0	0	0	0	0	0	0	0	0	0	0	0	0	0	0	0	0	0	0	0	0	0	
322904	Frontal_Inf_Oper_R	894	10918	4942	18674	0	1096	532	10556	0	0	728	0	0	10588	0	184	746	7496	11586	17990	0	0	902	2616	0	0	0	0	1032	23348	1248	2008	112	8954	0	0	0	716	0	202	0	0	0	0	0	124	0	0	0	182	0	0	0	0	0	354	232	4448	0	2776	0	884	0	420	0	834	0	262	0	138	2436	1558	342	4098	0	148	600	114	0	260	0	940	0	1960	0	94	0	0	0	180	0	0	0	0	0	0	0	0	0	0	0	0	0	0	0	0	0	0	0	0	0	0	0	0	0	0	
318836	Frontal_Inf_Tri_L	3872	0	31032	838	4240	0	33774	116	4644	0	17160	0	0	0	12988	0	1350	0	10228	624	0	0	4756	1766	0	0	0	0	21960	0	2606	608	166	674	0	0	0	0	0	0	0	0	0	0	0	0	0	0	0	0	0	0	0	0	0	0	1520	0	0	0	0	0	0	0	0	0	0	0	0	0	146	0	1464	0	0	0	0	0	128	0	212	0	2546	0	0	0	0	0	0	0	0	0	0	0	0	0	0	0	0	0	0	0	0	0	0	0	0	0	0	0	0	0	0	0	0	0	
202492	Frontal_Inf_Tri_R	318	0	3016	13356	0	3136	346	13264	0	1040	172	10588	0	0	0	4784	138	656	5362	8482	0	0	862	4606	0	0	0	0	142	14036	570	3298	488	8946	0	0	0	0	0	0	0	0	0	0	0	0	0	0	0	0	0	0	0	0	0	0	0	0	0	0	0	0	0	0	0	0	0	0	0	0	1230	1048	182	1180	0	0	0	0	0	0	0	0	0	0	0	0	0	0	0	0	0	0	0	0	0	0	0	0	0	0	0	0	0	0	0	0	0	0	0	0	0	0	0	0	0	0	
152252	Frontal_Inf_Orb_L	0	0	5718	0	13706	0	4580	0	14860	0	614	0	12988	0	0	0	0	0	1378	0	2764	0	304	0	352	0	1726	0	12578	0	636	0	0	0	0	0	0	0	0	0	0	0	0	0	0	0	0	0	0	0	0	0	0	0	0	0	0	0	0	0	0	0	0	0	0	0	0	0	0	0	1968	0	238	0	0	0	0	0	0	0	0	0	1716	0	0	0	0	0	0	0	0	0	0	0	0	0	0	0	0	0	0	0	0	0	0	0	0	0	0	0	0	0	0	0	0	0	
79020	Frontal_Inf_Orb_R	0	0	0	3050	0	8340	0	4272	0	6302	0	184	0	4784	0	0	0	0	106	106	160	1794	0	0	0	0	0	1140	0	6506	0	0	0	0	0	0	0	0	0	110	0	474	0	0	0	0	0	0	0	0	0	0	0	0	0	0	0	0	0	0	0	0	0	0	0	0	0	0	0	0	160	370	144	1364	0	0	0	0	0	0	0	0	0	144	0	0	0	0	0	0	0	0	0	0	0	0	0	0	0	0	0	0	0	0	0	0	0	0	0	0	0	0	0	0	0	0	
267212	Rolandic_Oper_L	11386	1052	13856	578	0	158	2830	154	0	0	18260	746	1350	138	0	0	0	624	10754	580	0	0	514	426	0	0	0	0	19526	576	282	618	0	268	90	0	456	120	112	0	0	0	0	0	0	0	0	0	0	0	704	0	124	0	1142	0	10068	154	666	0	582	0	3318	0	0	0	654	0	0	0	3440	1158	2356	478	396	0	402	108	4560	0	10598	0	4784	0	1146	0	0	0	858	0	316	0	0	0	0	0	0	0	140	0	0	0	0	0	0	0	0	0	0	0	0	0	0	0	0	0	
167312	Rolandic_Oper_R	498	2530	1086	6046	0	100	94	988	0	0	312	7496	0	656	0	0	624	0	3590	8666	0	0	92	460	0	0	0	0	352	19034	130	158	0	1232	0	118	0	1724	0	164	0	0	0	0	0	0	0	0	0	0	0	0	0	0	0	300	316	4660	0	92	0	0	0	2624	0	0	0	0	0	322	578	970	180	4926	0	0	274	204	0	4290	118	6058	0	1304	0	174	0	0	0	116	0	0	0	0	0	0	0	0	0	0	0	0	0	0	0	0	0	0	0	0	0	0	0	0	0	0	
1.05434e+06	Supp_Motor_Area_L	11658	4362	88816	31022	1396	3538	12896	4370	188	144	17518	11586	10228	5362	1378	106	10754	3590	0	69660	0	0	18844	14704	0	1650	0	0	22824	12330	11712	15686	15238	44150	900	270	136	146	0	0	0	0	0	0	0	0	0	0	0	0	92	0	0	0	0	0	3596	752	0	168	226	140	256	0	0	130	478	0	11988	3344	16070	10614	17432	7290	1480	0	606	0	188	0	1468	94	2562	1036	0	0	0	0	0	0	0	0	0	0	0	0	0	0	0	0	0	0	0	0	0	0	0	0	0	0	0	0	0	0	0	0	
1.00732e+06	Supp_Motor_Area_R	12224	17118	25454	70146	110	2840	1726	13826	0	126	892	17990	624	8482	0	106	580	8666	69660	0	0	0	6418	20338	0	834	0	0	1778	19988	4518	12904	9522	65630	1582	1036	0	2680	0	732	0	0	206	208	0	460	0	0	0	404	96	286	0	384	0	694	1266	4304	0	1134	122	372	0	150	0	244	940	1308	19682	25992	5766	14498	2466	13782	0	2902	540	3080	0	818	0	948	0	1548	0	126	0	0	0	212	0	90	0	0	0	0	0	0	0	104	0	0	0	0	0	0	0	0	0	0	0	0	0	0	0	0	
142088	Olfactory_L	0	0	144	0	5252	562	0	0	586	0	0	0	0	0	2764	160	0	0	0	0	0	8010	230	0	1640	170	6550	2272	6104	446	5636	3100	0	0	0	0	0	98	0	0	1880	1730	0	0	0	0	0	0	0	0	0	0	0	0	0	0	0	0	0	0	0	0	0	0	0	0	0	0	0	0	12236	4214	5460	1348	242	0	0	0	0	0	0	0	210	0	0	0	0	0	0	0	0	0	0	0	0	0	0	0	0	0	0	0	0	0	0	0	0	0	0	0	0	0	0	0	0	0	
143824	Olfactory_R	0	0	0	0	576	3406	0	0	0	358	0	0	0	0	0	1794	0	0	0	0	8010	0	0	0	586	1372	2878	6064	1726	3226	3186	2980	0	0	0	0	0	748	0	546	334	3936	0	0	0	0	0	0	0	0	0	0	0	0	0	292	0	0	0	0	0	0	0	0	0	0	0	0	0	0	9818	9028	6412	3860	604	0	0	0	0	0	0	0	0	172	0	0	0	0	0	0	0	0	0	0	0	0	0	0	0	0	0	0	0	0	0	0	0	0	0	0	0	0	0	0	0	0	
506448	Frontal_Sup_Medial_L	398	118	54500	15080	4434	774	19210	1888	0	0	1050	902	4756	862	304	0	514	92	18844	6418	230	0	0	29224	3662	948	376	0	3188	938	29064	18858	10864	17430	206	0	0	0	0	0	0	0	0	0	0	0	0	0	0	0	0	0	0	0	0	0	0	0	0	0	0	0	0	0	0	0	108	0	102	0	2056	1018	3586	260	666	0	0	0	0	0	150	0	146	0	0	0	0	0	0	0	0	0	0	0	0	0	0	0	0	0	0	0	0	0	0	0	0	0	0	0	0	0	0	0	0	0	
545924	Frontal_Sup_Medial_R	450	406	18964	47022	292	9132	4580	9442	0	0	590	2616	1766	4606	0	0	426	460	14704	20338	0	0	29224	0	744	7098	0	0	1476	2854	8956	32596	4382	29606	0	0	0	0	0	0	0	0	0	0	0	0	0	0	0	0	0	0	0	0	0	0	106	204	0	116	0	0	0	0	0	0	0	0	0	0	3834	9652	1350	4706	0	110	154	0	0	0	0	0	0	0	0	0	0	0	0	0	0	0	0	0	0	0	0	0	0	0	0	0	0	0	0	0	0	0	0	0	0	0	0	0	0	0	
61572	Frontal_Med_Orb_L	0	0	2112	0	7228	208	0	0	170	0	0	0	0	0	352	0	0	0	0	0	1640	586	3662	744	0	820	3150	318	534	0	5584	518	0	0	0	0	0	0	0	0	164	96	0	0	0	0	0	0	0	0	0	0	0	0	0	0	0	0	0	0	0	0	0	0	0	0	0	0	0	0	1336	160	1286	0	118	0	0	0	0	0	0	0	0	0	0	0	0	0	0	0	0	0	0	0	0	0	0	0	0	0	0	0	0	0	0	0	0	0	0	0	0	0	0	0	0	0	
103852	Frontal_Med_Orb_R	0	0	1288	3944	0	7964	0	0	0	0	0	0	0	0	0	0	0	0	1650	834	170	1372	948	7098	820	0	250	3948	106	138	1348	8228	0	152	0	0	0	0	0	0	0	206	0	0	0	0	0	0	0	0	0	0	0	0	0	0	0	0	0	0	0	0	0	0	0	0	0	0	0	0	542	6342	106	4472	0	0	0	0	0	0	0	0	0	0	0	0	0	0	0	0	0	0	0	0	0	0	0	0	0	0	0	0	0	0	0	0	0	0	0	0	0	0	0	0	0	0	
86636	Rectus_L	0	0	134	0	7940	336	0	0	1604	0	0	0	0	0	1726	0	0	0	0	0	6550	2878	376	0	3150	250	0	1398	1668	0	5136	1806	0	0	0	0	0	0	0	0	576	306	0	0	0	0	0	0	0	0	0	0	0	0	0	0	0	0	0	0	0	0	0	0	0	0	0	0	0	0	5000	818	1250	416	0	0	0	0	0	0	0	0	0	0	0	0	0	0	0	0	0	0	0	0	0	0	0	0	0	0	0	0	0	0	0	0	0	0	0	0	0	0	0	0	0	0	
77548	Rectus_R	0	0	0	0	168	8074	0	0	0	560	0	0	0	0	0	1140	0	0	0	0	2272	6064	0	0	318	3948	1398	0	464	1430	1484	2618	0	0	0	0	0	0	0	0	0	1930	0	0	0	0	0	0	0	0	0	0	0	0	0	0	0	0	0	0	0	0	0	0	0	0	0	0	0	0	1552	2480	704	2170	0	0	0	0	0	0	0	0	0	0	0	0	0	0	0	0	0	0	0	0	0	0	0	0	0	0	0	0	0	0	0	0	0	0	0	0	0	0	0	0	0	0	
607872	Insula_L	11554	692	36280	1556	17904	588	9012	260	4494	0	18208	1032	21960	142	12578	0	19526	352	22824	1778	6104	1726	3188	1476	534	106	1668	464	0	828	4632	1712	124	830	114	0	7648	100	1252	0	3014	288	0	0	184	0	360	0	0	0	968	0	118	0	5116	0	2982	152	812	0	244	0	672	0	0	0	892	0	114	0	10980	2728	26688	696	1744	0	3856	324	7988	0	7266	0	4262	0	3728	0	104	0	3628	0	468	0	0	0	0	0	0	0	314	0	0	0	0	0	0	0	0	0	0	0	0	0	0	0	0	0	
478724	Insula_R	740	3246	4920	22036	124	6174	566	6050	0	1818	656	23348	0	14036	0	6506	576	19034	12330	19988	446	3226	938	2854	0	138	0	1430	828	0	894	1808	112	8036	158	224	0	9534	0	2844	0	3688	0	0	0	0	0	0	0	0	0	0	0	0	0	4886	0	1184	0	196	0	94	0	274	0	94	0	90	0	172	3556	4306	1218	25264	132	146	708	1082	0	3174	0	6564	0	3078	0	1406	0	0	0	1922	0	244	0	0	0	0	0	0	0	266	0	0	0	0	0	0	0	0	0	0	0	0	0	0	0	0	
425960	Cingulum_Ant_L	856	146	23920	6338	5112	1000	6818	1106	102	0	1468	1248	2606	570	636	0	282	130	11712	4518	5636	3186	29064	8956	5584	1348	5136	1484	4632	894	0	25778	7774	9252	500	0	0	0	0	0	408	224	0	0	0	0	0	0	0	0	0	0	0	0	0	0	0	0	0	0	0	0	0	0	0	0	0	0	0	0	12214	3688	14678	1284	2182	0	232	112	0	0	0	0	166	0	0	0	0	0	0	0	0	0	0	0	0	0	0	0	0	0	0	0	0	0	0	0	0	0	0	0	0	0	0	0	0	0	
535936	Cingulum_Ant_R	656	452	14862	29192	412	8042	2216	2778	0	0	1054	2008	608	3298	0	0	618	158	15686	12904	3100	2980	18858	32596	518	8228	1806	2618	1712	1808	25778	0	6710	23568	164	492	0	0	0	0	0	156	0	0	0	0	0	0	0	0	0	0	0	0	0	0	106	112	0	0	0	0	0	0	0	0	0	0	0	0	8156	20420	3298	8310	190	148	472	720	0	0	0	0	0	0	0	0	0	0	0	0	0	0	0	0	0	0	0	0	0	0	0	0	0	0	0	0	0	0	0	0	0	0	0	0	0	0	
234288	Cingulum_Mid_L	1172	288	5818	3488	0	122	1606	278	0	0	0	112	166	488	0	0	0	0	15238	9522	0	0	10864	4382	0	0	0	0	124	112	7774	6710	0	22506	6278	542	0	0	0	0	0	0	1446	0	1970	0	0	0	390	0	830	0	612	116	278	0	260	0	276	0	0	0	0	0	0	0	5706	746	4006	1818	268	136	196	142	0	0	0	0	0	0	0	0	0	0	178	0	0	0	180	0	0	0	0	0	0	0	0	0	0	0	0	0	0	0	0	0	0	0	0	0	0	0	0	0	0	0	
790972	Cingulum_Mid_R	7886	672	20690	37784	0	532	3010	8080	0	0	440	8954	674	8946	0	0	268	1232	44150	65630	0	0	17430	29606	0	152	0	0	830	8036	9252	23568	22506	0	2564	6114	0	362	0	0	0	0	128	878	0	4576	0	120	0	3166	0	1480	0	2296	0	150	2064	756	0	318	0	102	0	188	0	154	1058	10058	15122	15604	2284	1238	374	1330	0	140	0	0	0	0	0	376	0	474	0	1022	0	0	0	662	0	0	0	0	0	0	0	0	0	0	0	0	0	0	0	0	0	0	0	0	0	0	0	0	0	0	
139768	Cingulum_Post_L	1384	230	146	0	0	0	188	0	0	0	0	0	0	0	0	0	90	0	900	1582	0	0	206	0	0	0	0	0	114	158	500	164	6278	2564	0	11544	3416	3922	1228	614	0	0	2974	126	1396	162	1894	92	92	0	132	0	266	606	2468	1420	1050	0	0	0	0	0	0	0	0	0	10012	1394	4572	1606	0	0	0	0	0	0	0	534	0	0	0	0	0	0	0	0	0	0	184	542	954	0	0	0	0	0	938	0	982	0	0	0	0	0	0	0	0	0	0	0	260	0	0	0	0	0	
136424	Cingulum_Post_R	1120	122	118	0	0	0	158	0	0	0	0	0	0	0	0	0	0	118	270	1036	0	0	0	0	0	0	0	0	0	224	0	492	542	6114	11544	0	2470	5170	782	1224	0	0	0	3256	0	1134	128	3648	0	96	0	238	0	2368	870	2784	1398	90	0	0	0	0	0	0	0	0	888	10114	2920	1348	0	0	0	0	0	0	0	596	0	0	0	0	0	0	0	436	0	0	0	904	0	366	0	0	0	0	0	1136	0	634	0	0	0	0	0	0	0	0	0	0	1356	0	0	0	0	0	
223348	Hippocampus_L	5264	1070	732	152	154	0	456	0	0	0	230	0	0	0	0	0	456	0	136	0	0	0	0	0	0	0	0	0	7648	0	0	0	0	0	3416	2470	0	2890	17444	1246	8338	0	1256	0	0	0	6336	178	0	0	0	0	0	0	13288	100	296	0	0	0	0	0	0	0	0	0	1942	292	0	0	466	0	5652	116	816	0	5218	3418	2626	0	1194	0	2344	0	502	0	790	0	7276	0	1330	0	140	0	0	0	2070	0	1576	0	0	0	0	0	0	0	0	0	0	114	236	0	0	0	0	0	
316844	Hippocampus_R	810	5928	0	1816	0	0	0	104	0	0	0	716	0	0	0	0	120	1724	146	2680	98	748	0	0	0	0	0	0	100	9534	0	0	0	362	3922	5170	2890	0	1038	28570	0	12830	0	178	0	0	368	3102	0	0	0	0	0	0	382	27722	728	1018	0	232	0	0	0	126	0	0	214	1874	462	910	170	730	216	12638	0	1626	472	6122	0	500	0	1576	0	2756	0	2084	0	306	0	6110	0	1866	0	116	0	0	0	1292	0	2382	0	0	0	288	0	0	0	0	0	0	550	0	0	0	0	0	
145140	ParaHippocampal_L	602	142	0	0	0	0	0	0	0	0	0	0	0	0	0	0	112	0	0	0	0	0	0	0	0	0	0	0	1252	0	0	0	0	0	1228	782	17444	1038	0	384	3844	0	774	0	0	0	8142	96	0	0	580	0	680	0	14106	0	194	0	0	0	0	0	130	0	0	0	1148	138	126	0	96	0	1240	0	138	0	2094	728	314	0	808	0	1114	0	356	0	950	0	5794	0	1300	0	168	0	160	0	2324	0	1830	0	0	0	104	0	0	0	0	0	0	110	0	0	0	0	0	0	
220316	ParaHippocampal_R	152	1200	0	514	0	0	0	0	0	0	0	202	0	0	0	110	0	164	0	732	0	546	0	0	0	0	0	0	0	2844	0	0	0	0	614	1224	1246	28570	384	0	0	7968	0	492	0	0	240	7128	0	0	0	0	0	322	0	22038	106	98	0	0	0	0	0	0	0	0	0	2858	0	94	96	296	170	6162	0	1422	340	3046	0	124	0	482	0	2036	0	702	0	446	0	2938	0	2872	0	146	0	278	0	3726	0	4278	0	0	0	434	0	0	0	0	0	0	318	0	0	0	0	0	
65372	Amygdala_L	204	0	152	0	878	0	0	0	0	0	0	0	0	0	0	0	0	0	0	0	1880	334	0	0	164	0	576	0	3014	0	408	0	0	0	0	0	8338	0	3844	0	0	0	0	0	0	0	90	0	0	0	0	0	0	0	4148	0	0	0	0	0	0	0	0	0	0	0	0	0	0	0	1494	106	1308	0	0	0	262	0	0	0	0	0	1872	0	212	0	844	0	2558	0	0	0	0	0	0	0	0	0	0	0	0	0	0	0	0	0	0	0	0	0	0	0	0	0	0	0	
118500	Amygdala_R	0	0	0	0	100	1604	0	0	0	176	0	0	0	0	0	474	0	0	0	0	1730	3936	0	0	96	206	306	1930	288	3688	224	156	0	0	0	0	0	12830	0	7968	0	0	0	0	0	0	0	0	0	0	0	0	0	0	0	7754	0	0	0	0	0	0	0	0	0	0	0	0	0	0	2208	3034	1852	3632	146	0	0	116	0	0	0	0	0	2644	0	0	0	424	0	1728	0	0	0	0	0	0	0	0	0	0	0	0	0	0	0	0	0	0	0	0	0	0	0	0	0	0	
256068	Calcarine_L	594	0	0	0	0	0	0	0	0	0	0	0	0	0	0	0	0	0	0	206	0	0	0	0	0	0	0	0	0	0	0	0	1446	128	2974	0	1256	0	774	0	0	0	0	6930	13286	4310	16062	1934	8662	860	21508	398	7870	150	4688	130	1230	162	1132	0	606	0	294	0	130	0	13514	182	384	262	0	0	0	0	0	0	0	0	0	0	230	0	0	0	1118	0	0	0	1622	0	2928	642	1510	356	0	0	1450	116	3188	736	0	0	0	0	0	0	0	0	0	0	478	670	928	0	0	0	
228636	Calcarine_R	0	274	0	0	0	0	0	0	0	0	0	0	0	0	0	0	0	0	0	208	0	0	0	0	0	0	0	0	0	0	0	0	0	878	126	3256	0	178	0	492	0	0	6930	0	3856	16738	942	18360	0	12266	92	11300	0	8836	0	5080	0	308	0	0	0	0	0	0	0	198	322	16128	174	716	0	0	0	0	0	0	0	0	0	0	0	0	0	0	0	3446	0	0	0	1626	106	152	110	0	0	0	0	0	152	430	0	0	0	0	0	0	0	0	0	0	268	226	144	0	0	0	
147112	Cuneus_L	586	0	0	0	0	0	0	0	0	0	100	0	0	0	0	0	0	0	0	0	0	0	0	0	0	0	0	0	184	0	0	0	1970	0	1396	0	0	0	0	0	0	0	13286	3856	0	4872	862	0	16726	1314	10586	0	774	0	234	0	950	0	2596	0	768	0	248	0	236	0	10638	278	690	0	0	0	0	0	0	0	0	0	0	0	0	0	0	0	216	0	0	0	190	0	0	0	0	0	0	0	0	0	0	0	0	0	0	0	0	0	0	0	0	0	0	0	0	0	0	0	
334472	Cuneus_R	280	364	0	0	0	0	0	0	0	0	0	124	0	0	0	0	0	0	0	460	0	0	0	0	0	0	0	0	0	0	0	0	0	4576	162	1134	0	0	0	0	0	0	4310	16738	4872	0	0	3190	178	41130	156	18702	0	3834	0	756	0	1498	0	4108	0	356	0	476	0	1034	5022	29520	316	3792	0	0	0	0	0	0	0	0	0	0	0	1472	0	0	0	11318	0	0	0	7358	0	0	0	0	0	0	0	0	0	0	0	0	0	0	0	0	0	0	0	0	0	0	0	0	0	0	
383184	Lingual_L	532	0	0	0	0	0	0	0	0	0	0	0	0	0	0	0	0	0	0	0	0	0	0	0	0	0	0	0	360	0	0	0	0	0	1894	128	6336	368	8142	240	90	0	16062	942	862	0	0	5418	1852	0	13638	222	10486	96	24998	242	0	0	0	0	0	0	0	0	0	0	7210	0	0	0	0	0	120	0	0	0	1556	382	372	0	416	0	134	0	144	0	118	0	1910	0	16726	2658	5206	1724	402	0	14948	942	25694	3932	0	0	296	0	174	0	0	0	0	98	3184	6848	3374	0	0	116	
317488	Lingual_R	0	0	0	0	0	0	0	0	0	0	0	0	0	0	0	0	0	0	0	0	0	0	0	0	0	0	0	0	0	0	0	0	0	120	92	3648	178	3102	96	7128	0	0	1934	18360	0	3190	5418	0	0	4440	730	4476	802	5498	2036	15666	0	0	0	0	0	0	0	0	0	0	0	11850	0	120	0	0	0	0	0	0	158	172	0	0	0	0	0	0	0	384	0	0	0	276	2650	7354	1054	666	372	210	3566	9994	7544	16010	0	0	104	206	108	0	0	0	0	0	7638	8746	2550	98	0	0	
224688	Occipital_Sup_L	176	0	0	0	0	0	0	0	0	0	0	0	0	0	0	0	0	0	0	0	0	0	0	0	0	0	0	0	0	0	0	0	390	0	92	0	0	0	0	0	0	0	8662	0	16726	178	1852	0	0	0	34152	0	2238	0	126	0	916	0	15100	0	2046	0	0	0	4984	0	14898	108	560	0	0	0	0	0	0	0	0	0	0	0	90	0	0	0	7430	0	0	0	1460	0	160	0	0	0	0	0	0	0	0	0	0	0	0	0	0	0	0	0	0	0	0	0	0	0	0	0	
336240	Occipital_Sup_R	286	582	0	0	0	0	0	0	0	0	0	182	0	0	0	0	0	0	0	404	0	0	0	0	0	0	0	0	0	0	0	0	0	3166	0	96	0	0	0	0	0	0	860	12266	1314	41130	0	4440	0	0	0	30678	0	3836	0	858	0	1720	0	6600	0	822	0	938	0	3868	2662	21850	294	3718	0	0	0	0	0	0	0	0	0	0	0	2190	0	0	0	13972	0	0	0	9224	0	0	0	0	0	0	0	0	0	164	0	0	0	0	0	0	0	0	0	0	0	0	0	0	0	0	
623996	Occipital_Mid_L	2720	0	96	0	0	0	150	0	0	0	484	0	0	0	0	0	704	0	92	96	0	0	0	0	0	0	0	0	968	0	0	0	830	0	132	0	0	0	580	0	0	0	21508	92	10586	156	13638	730	34152	0	0	0	24808	0	7420	0	8294	0	43148	0	21456	0	2730	0	28754	0	30024	0	1898	112	0	0	0	0	0	0	0	0	348	0	1196	0	0	0	26332	0	0	0	11978	0	3416	1076	2596	670	0	0	270	0	4020	1032	0	0	0	0	0	0	0	0	0	0	202	1232	1272	0	0	0	
258980	Occipital_Mid_R	220	266	0	0	0	0	0	0	0	0	0	0	0	0	0	0	0	0	0	286	0	0	0	0	0	0	0	0	0	0	0	0	0	1480	0	238	0	0	0	0	0	0	398	11300	0	18702	222	4476	0	30678	0	0	0	7644	0	1618	0	1274	0	2590	0	698	0	430	0	10044	648	9414	242	3162	0	0	0	0	0	0	0	0	0	0	0	1568	0	0	0	15392	0	0	0	6044	0	106	0	0	0	0	0	0	0	232	0	0	0	0	0	0	0	0	0	0	0	118	0	0	0	0	
213728	Occipital_Inf_L	828	0	0	0	0	0	0	0	0	0	0	0	0	0	0	0	124	0	0	0	0	0	0	0	0	0	0	0	118	0	0	0	612	0	266	0	0	0	680	0	0	0	7870	0	774	0	10486	802	2238	0	24808	0	0	0	9710	0	3854	0	2688	0	754	0	998	0	566	0	4502	0	1688	0	0	0	0	0	0	0	0	0	114	0	682	0	0	0	5784	0	0	0	10160	0	3112	1162	1890	778	0	0	442	114	4050	1092	0	0	106	0	0	0	0	0	0	0	276	1524	1212	0	0	0	
140696	Occipital_Inf_R	226	348	0	0	0	0	0	0	0	0	0	0	0	0	0	0	0	0	0	384	0	0	0	0	0	0	0	0	0	0	0	0	116	2296	606	2368	0	0	0	322	0	0	150	8836	0	3834	96	5498	0	3836	0	7644	0	0	124	6900	166	884	0	654	0	0	0	0	0	298	888	10034	592	2436	0	0	0	0	0	0	0	0	0	0	0	140	0	0	0	3166	0	0	0	4968	0	648	0	0	0	0	0	212	98	1004	0	0	0	0	0	0	0	0	0	0	146	430	0	0	0	0	
468056	Fusiform_L	2788	0	0	0	0	0	0	0	0	0	0	0	0	0	0	0	1142	0	0	0	0	0	0	0	0	0	0	0	5116	0	0	0	278	0	2468	870	13288	382	14106	0	4148	0	4688	0	234	0	24998	2036	126	0	7420	0	9710	124	0	368	1094	0	284	0	564	0	1390	0	142	0	4514	128	606	0	0	0	950	0	0	0	766	106	3762	0	3990	0	2388	0	3190	0	1160	0	23420	138	28684	1524	3752	1006	318	0	11478	464	31730	1916	662	0	3466	0	120	0	0	0	0	0	1164	3268	1594	0	0	0	
403736	Fusiform_R	162	1366	0	236	0	0	0	0	0	0	0	354	0	0	0	0	0	300	0	694	0	292	0	0	0	0	0	0	0	4886	0	0	0	150	1420	2784	100	27722	0	22038	0	7754	130	5080	0	756	242	15666	0	858	0	1618	0	6900	368	0	910	724	0	0	0	0	0	0	0	0	128	3992	734	962	0	358	0	5796	0	780	0	632	0	184	0	2296	0	2760	0	4018	0	726	0	14800	126	18482	0	1116	0	146	1212	8560	1236	22650	0	148	0	3176	0	0	0	0	0	0	2544	648	148	0	0	0	
312176	Postcentral_L	30850	730	1924	216	0	0	1742	116	0	0	5164	232	1520	0	0	0	10068	316	3596	1266	0	0	0	106	0	0	0	0	2982	0	0	106	260	2064	1050	1398	296	728	194	106	0	0	1230	0	950	0	0	0	916	0	8294	0	3854	166	1094	910	0	194	7300	0	20740	0	10516	0	3400	0	2060	90	9474	1746	1734	322	710	234	370	0	272	0	1796	0	5610	0	112	0	2844	0	0	0	1624	216	186	0	0	0	0	0	0	0	94	0	0	0	0	0	0	0	0	0	0	0	0	0	0	0	0	0	
223712	Postcentral_R	1396	22120	336	2798	0	0	140	1842	0	0	94	4448	0	0	0	0	154	4660	752	4304	0	0	0	204	0	0	0	0	152	1184	0	112	0	756	0	90	0	1018	0	98	0	0	162	308	0	1498	0	0	0	1720	0	1274	0	884	0	724	194	0	0	14730	0	6848	0	10956	0	1984	114	3006	1018	10590	196	494	132	200	0	0	0	126	0	686	0	3316	0	0	0	2550	0	0	0	1488	0	0	0	0	0	0	0	0	0	0	0	0	0	0	0	0	0	0	0	0	0	0	0	0	0	0	
329156	Parietal_Sup_L	1884	0	0	0	0	0	136	0	0	0	464	0	0	0	0	0	666	0	0	0	0	0	0	0	0	0	0	0	812	0	0	0	276	0	0	0	0	0	0	0	0	0	1132	0	2596	0	0	0	15100	0	43148	0	2688	0	284	0	7300	0	0	0	18822	0	2302	0	18470	0	30026	0	1218	0	0	0	0	0	0	0	0	0	280	0	900	0	0	0	10150	0	0	0	5924	0	0	0	0	0	0	0	0	0	0	0	0	0	0	0	0	0	0	0	0	0	0	0	0	0	0	0	
152920	Parietal_Sup_R	0	3382	98	1444	0	0	0	1270	0	0	0	2776	0	0	0	0	0	92	168	1134	0	0	0	116	0	0	0	0	0	196	0	0	0	318	0	0	0	232	0	0	0	0	0	0	0	4108	0	0	0	6600	0	2590	0	654	0	0	0	14730	0	0	0	7134	0	3786	0	4178	1706	11656	0	818	0	100	0	0	0	0	0	0	0	0	0	2526	0	0	0	2520	0	0	0	2128	0	0	0	0	0	0	0	0	0	0	0	0	0	0	0	0	0	0	0	0	0	0	0	0	0	0	
255432	Parietal_Inf_L	4048	0	242	0	0	0	460	0	0	0	358	0	0	0	0	0	582	0	226	122	0	0	0	0	0	0	0	0	244	0	0	0	0	0	0	0	0	0	0	0	0	0	606	0	768	0	0	0	2046	0	21456	0	754	0	564	0	20740	0	18822	0	0	0	17390	0	22310	0	5262	0	2748	0	0	0	134	0	120	0	0	0	112	0	1468	0	0	0	3606	0	0	0	2528	0	0	0	0	0	0	0	0	0	0	0	0	0	0	0	0	0	0	0	0	0	0	0	0	0	0	0	
87140	Parietal_Inf_R	0	2270	0	738	0	0	0	450	0	0	0	884	0	0	0	0	0	0	140	372	0	0	0	0	0	0	0	0	0	94	0	0	0	102	0	0	0	0	0	0	0	0	0	0	0	356	0	0	0	822	0	698	0	0	0	0	0	6848	0	7134	0	0	0	8740	0	11304	0	296	0	562	0	98	0	0	0	0	0	0	0	0	0	1104	0	0	0	434	0	0	0	124	0	0	0	0	0	0	0	0	0	0	0	0	0	0	0	0	0	0	0	0	0	0	0	0	0	0	
148664	SupraMarginal_L	3328	0	168	0	0	0	176	0	0	0	592	0	0	0	0	0	3318	0	256	0	0	0	0	0	0	0	0	0	672	0	0	0	0	0	0	0	0	0	130	0	0	0	294	0	248	0	0	0	0	0	2730	0	998	0	1390	0	10516	0	2302	0	17390	0	0	0	6972	0	1848	0	580	0	156	0	0	0	0	0	0	0	576	0	8302	0	0	0	6554	0	0	0	4570	0	166	0	0	0	0	0	0	0	100	0	0	0	0	0	0	0	0	0	0	0	0	0	0	0	0	0	
100332	SupraMarginal_R	0	3034	0	254	0	0	0	282	0	0	0	420	0	0	0	0	0	2624	0	150	0	0	0	0	0	0	0	0	0	274	0	0	0	188	0	0	0	126	0	0	0	0	0	0	0	476	0	0	0	938	0	430	0	0	0	0	0	10956	0	3786	0	8740	0	0	0	4158	0	898	0	1382	0	0	0	0	0	0	0	0	0	144	0	8444	0	0	0	2106	0	0	0	356	0	0	0	0	0	0	0	0	0	0	0	0	0	0	0	0	0	0	0	0	0	0	0	0	0	0	
216940	Angular_L	198	0	0	0	0	0	0	0	0	0	0	0	0	0	0	0	0	0	0	0	0	0	0	0	0	0	0	0	0	0	0	0	0	0	0	0	0	0	0	0	0	0	130	0	236	0	0	0	4984	0	28754	0	566	0	142	0	3400	0	18470	0	22310	0	6972	0	0	0	6306	0	136	0	0	0	0	0	0	0	0	0	0	0	2004	0	0	0	11122	0	0	0	2740	0	0	0	0	0	0	0	0	0	0	0	0	0	0	0	0	0	0	0	0	0	0	0	0	0	0	0	
114580	Angular_R	0	1752	0	510	0	0	0	316	0	0	0	834	0	0	0	0	0	0	130	244	0	0	0	0	0	0	0	0	0	94	0	0	0	154	0	0	0	0	0	0	0	0	0	198	0	1034	0	0	0	3868	0	10044	0	298	0	0	0	1984	0	4178	0	11304	0	4158	0	0	0	848	0	358	0	0	0	0	0	0	0	0	0	0	0	5592	0	0	0	8542	0	0	0	850	0	0	0	0	0	0	0	0	0	0	0	0	0	0	0	0	0	0	0	0	0	0	0	0	0	0	
411536	Precuneus_L	1606	212	0	0	0	0	108	0	0	0	400	0	0	0	0	0	654	0	478	940	0	0	108	0	0	0	0	0	892	0	0	0	5706	1058	10012	888	1942	214	1148	0	0	0	13514	322	10638	5022	7210	0	14898	2662	30024	648	4502	888	4514	128	2060	114	30026	1706	5262	0	1848	0	6306	0	0	9210	2306	1002	0	0	0	0	0	0	0	92	512	0	832	248	0	0	7528	1672	0	0	5636	1058	2048	0	0	0	0	0	2324	0	2352	0	0	0	0	0	0	0	0	0	0	0	290	0	0	0	0	0	
385088	Precuneus_R	554	522	0	0	0	0	0	0	0	0	0	262	0	0	0	0	0	0	0	1308	0	0	0	0	0	0	0	0	0	90	0	0	746	10058	1394	10114	292	1874	138	2858	0	0	182	16128	278	29520	0	11850	108	21850	0	9414	0	10034	128	3992	90	3006	0	11656	0	296	0	898	0	848	9210	0	894	5298	0	0	0	0	0	0	0	236	0	0	0	2000	0	0	0	10178	0	0	0	7452	0	718	0	0	0	0	0	2550	0	1592	0	0	0	0	0	0	0	0	0	0	1928	0	0	0	0	0	
273388	Paracentral_Lobule_L	18656	7050	2558	1154	0	0	1292	94	0	0	0	0	0	0	0	0	0	0	11988	19682	0	0	102	0	0	0	0	0	114	0	0	0	4006	15122	4572	2920	0	462	126	0	0	0	384	174	690	316	0	0	560	294	1898	242	1688	592	606	734	9474	1018	1218	0	2748	0	580	0	136	0	2306	894	0	16608	920	0	146	0	120	0	796	0	0	0	0	0	0	0	602	0	0	0	614	332	106	0	0	0	0	0	0	0	0	0	0	0	0	0	0	0	0	0	0	0	0	0	0	0	0	0	
275076	Paracentral_Lobule_R	11562	13168	516	164	0	0	496	0	0	0	0	138	0	0	0	0	0	322	3344	25992	0	0	0	0	0	0	0	0	0	172	0	0	1818	15604	1606	1348	0	910	0	94	0	0	262	716	0	3792	0	120	0	3718	112	3162	0	2436	0	962	1746	10590	0	818	0	562	0	1382	0	358	1002	5298	16608	0	234	498	0	0	0	0	348	848	0	154	0	1222	0	0	0	2072	0	0	0	1264	0	0	0	0	0	0	0	0	0	0	0	0	0	0	0	0	0	0	0	0	0	0	0	0	0	0	
470696	Caudate_L	8538	1060	15422	6362	4782	2248	2538	1416	502	0	2676	2436	146	1230	1968	160	3440	578	16070	5766	12236	9818	2056	3834	1336	542	5000	1552	10980	3556	12214	8156	268	2284	0	0	466	170	96	96	1494	2208	0	0	0	0	0	0	0	0	0	0	0	0	0	0	1734	196	0	0	0	0	156	0	0	0	0	0	920	234	0	20058	29418	6164	5632	128	12280	1168	0	0	810	0	312	198	240	0	0	0	0	0	0	0	0	0	0	0	0	0	0	0	0	0	0	0	0	0	0	0	0	0	0	0	0	0	0	0	
436112	Caudate_R	1464	10088	6624	12898	640	8712	342	292	0	0	1300	1558	0	1048	0	370	1158	970	10614	14498	4214	9028	1018	9652	160	6342	818	2480	2728	4306	3688	20420	136	1238	0	0	0	730	0	296	106	3034	0	0	0	0	0	0	0	0	0	0	0	0	0	358	322	494	0	100	0	98	0	0	0	0	0	0	0	498	20058	0	11652	22112	1084	2224	854	14674	0	104	136	128	0	0	0	0	0	0	0	0	0	92	0	0	0	0	0	0	0	98	0	0	0	0	0	0	0	0	0	0	0	0	0	0	0	0	
410348	Putamen_L	4296	436	19114	2294	7622	588	1330	574	180	0	2988	342	1464	182	238	144	2356	180	17432	2466	5460	6412	3586	1350	1286	106	1250	704	26688	1218	14678	3298	196	374	0	0	5652	216	1240	170	1308	1852	0	0	0	0	120	0	0	0	0	0	0	0	950	0	710	132	0	0	134	0	0	0	0	0	0	0	146	0	29418	11652	0	5226	10184	106	2550	198	298	0	644	0	744	0	240	0	0	0	452	0	0	0	0	0	0	0	0	0	0	0	0	0	0	0	0	0	0	0	0	0	0	0	0	0	0	0	
385580	Putamen_R	556	1660	2270	8716	0	14352	160	774	0	1584	216	4098	0	1180	0	1364	478	4926	7290	13782	1348	3860	260	4706	0	4472	416	2170	696	25264	1284	8310	142	1330	0	0	116	12638	0	6162	0	3632	0	0	0	0	0	0	0	0	0	0	0	0	0	5796	234	200	0	0	0	0	0	0	0	0	0	0	0	0	6164	22112	5226	0	290	3606	380	2924	0	574	0	992	0	644	0	182	0	0	0	1168	0	914	0	0	0	0	0	0	0	1014	0	0	0	158	0	0	0	0	0	0	0	0	0	0	0	0	
74940	Pallidum_L	2656	0	3476	0	896	0	974	0	0	0	378	0	0	0	0	0	396	0	1480	0	242	604	666	0	118	0	0	0	1744	132	2182	190	0	0	0	0	816	0	138	0	0	146	0	0	0	0	0	0	0	0	0	0	0	0	0	0	370	0	0	0	120	0	0	0	0	0	0	0	120	0	5632	1084	10184	290	0	0	2436	0	0	0	0	0	0	0	0	0	0	0	0	0	0	0	0	0	0	0	0	0	0	0	0	0	0	0	0	0	0	0	0	0	0	0	0	0	0	0	
33984	Pallidum_R	0	282	0	2376	0	232	0	136	0	108	0	148	0	0	0	0	0	0	0	2902	0	0	0	110	0	0	0	0	0	146	0	148	0	140	0	0	0	1626	0	1422	0	0	0	0	0	0	0	0	0	0	0	0	0	0	0	780	0	0	0	0	0	0	0	0	0	0	0	0	0	0	128	2224	106	3606	0	0	0	94	0	0	0	0	0	0	0	0	0	0	0	0	0	122	0	0	0	0	0	0	0	156	0	0	0	0	0	0	0	0	0	0	0	0	0	0	0	0	
139752	Thalamus_L	16424	1730	3200	334	0	0	2268	144	0	0	192	600	0	0	0	0	402	274	606	540	0	0	0	154	0	0	0	0	3856	708	232	472	0	0	0	0	5218	472	2094	340	262	0	0	0	0	0	1556	158	0	0	0	0	0	0	766	0	272	0	0	0	0	0	0	0	0	0	0	0	796	348	12280	854	2550	380	2436	0	0	5326	844	0	168	0	0	0	0	0	0	0	192	0	118	0	0	0	0	0	184	0	126	0	0	0	0	0	0	0	0	0	0	0	0	0	0	0	0	0	
144556	Thalamus_R	1694	17742	0	4348	0	0	0	188	0	0	120	114	0	0	0	0	108	204	0	3080	0	0	0	0	0	0	0	0	324	1082	112	720	0	0	534	596	3418	6122	728	3046	0	116	0	0	0	0	382	172	0	0	0	0	0	0	106	632	0	126	0	0	0	0	0	0	0	0	92	236	0	848	1168	14674	198	2924	0	94	5326	0	356	0	0	158	0	0	0	282	0	0	0	108	0	0	0	0	0	0	0	0	0	0	0	0	0	0	0	0	0	0	0	0	0	0	0	0	0	0	
77592	Heschl_L	5428	226	192	0	0	0	128	0	0	0	650	0	128	0	0	0	4560	0	188	0	0	0	0	0	0	0	0	0	7988	0	0	0	0	0	0	0	2626	0	314	0	0	0	0	0	0	0	372	0	0	0	348	0	114	0	3762	0	1796	0	280	0	112	0	576	0	0	0	512	0	0	0	0	0	298	0	0	0	844	356	0	0	3038	0	0	0	1214	0	0	0	1656	0	676	0	0	0	0	0	0	0	414	0	0	0	0	0	0	0	0	0	0	0	0	0	0	0	0	0	
34436	Heschl_R	0	352	0	140	0	0	0	0	0	0	0	260	0	0	0	0	0	4290	0	818	0	0	0	0	0	0	0	0	0	3174	0	0	0	0	0	0	0	500	0	124	0	0	0	0	0	0	0	0	0	0	0	0	0	0	0	184	0	686	0	0	0	0	0	144	0	0	0	0	0	154	0	104	0	574	0	0	0	0	0	0	0	5314	0	0	0	400	0	0	0	0	0	0	0	0	0	0	0	0	0	0	0	0	0	0	0	0	0	0	0	0	0	0	0	0	0	0	
202268	Temporal_Sup_L	3230	166	1706	0	0	0	216	0	0	0	2986	0	212	0	0	0	10598	118	1468	0	0	0	150	0	0	0	0	0	7266	0	0	0	0	0	0	0	1194	0	808	0	0	0	230	0	0	0	416	0	90	0	1196	0	682	0	3990	0	5610	0	900	0	1468	0	8302	0	2004	0	832	0	0	0	810	136	644	0	0	0	168	0	3038	0	0	0	3988	0	23306	0	1576	0	11266	0	208	0	0	0	0	0	0	0	156	0	0	0	0	0	0	0	0	0	0	0	0	0	0	0	0	0	
156140	Temporal_Sup_R	0	1248	0	338	0	0	0	0	0	0	0	940	0	0	0	0	0	6058	94	948	0	0	0	0	0	0	0	0	0	6564	0	0	0	376	0	0	0	1576	0	482	0	0	0	0	0	1472	0	0	0	2190	0	1568	0	140	0	2296	0	3316	0	2526	0	1104	0	8444	0	5592	248	2000	0	1222	0	128	0	992	0	0	0	158	0	5314	0	0	0	1806	0	15110	0	248	0	3572	0	0	0	0	0	0	0	0	0	0	0	0	0	0	0	0	0	0	0	0	0	0	0	0	0	0	
121292	Temporal_Pole_Sup_L	872	0	4024	0	532	0	1284	0	314	0	6912	0	2546	0	1716	0	4784	0	2562	0	210	0	146	0	0	0	0	0	4262	0	166	0	0	0	0	0	2344	0	1114	0	1872	0	0	0	0	0	134	0	0	0	0	0	0	0	2388	0	112	0	0	0	0	0	0	0	0	0	0	0	0	0	312	0	744	0	0	0	0	0	0	0	3988	0	0	0	6136	0	5690	0	5482	0	0	0	0	0	0	0	0	0	0	0	0	0	0	0	0	0	0	0	0	0	0	0	0	0	0	0	
60036	Temporal_Pole_Sup_R	0	0	346	940	0	0	0	0	0	0	0	1960	0	0	0	144	0	1304	1036	1548	0	172	0	0	0	0	0	0	0	3078	0	0	0	474	0	0	0	2756	0	2036	0	2644	0	0	0	0	0	0	0	0	0	0	0	0	0	2760	0	0	0	0	0	0	0	0	0	0	0	0	0	0	198	0	0	644	0	0	0	0	0	0	0	1806	0	0	0	1096	0	2808	0	2268	0	0	0	0	0	0	0	0	0	0	0	0	0	0	0	0	0	0	0	0	0	0	0	0	0	0	
332416	Temporal_Mid_L	880	0	0	0	0	0	0	0	0	0	0	0	0	0	0	0	1146	0	0	0	0	0	0	0	0	0	0	0	3728	0	0	0	178	0	0	0	502	0	356	0	212	0	1118	0	216	0	144	0	7430	0	26332	0	5784	0	3190	0	2844	0	10150	0	3606	0	6554	0	11122	0	7528	0	602	0	240	0	240	0	0	0	0	0	1214	0	23306	0	6136	0	0	0	7106	0	33996	0	200	0	0	0	0	0	0	0	148	0	0	0	0	0	0	0	0	0	0	0	0	0	0	0	0	0	
267052	Temporal_Mid_R	0	806	0	0	0	0	0	0	0	0	0	94	0	0	0	0	0	174	0	126	0	0	0	0	0	0	0	0	0	1406	0	0	0	1022	0	436	0	2084	0	702	0	0	0	3446	0	11318	0	384	0	13972	0	15392	0	3166	0	4018	0	2550	0	2520	0	434	0	2106	0	8542	1672	10178	0	2072	0	0	0	182	0	0	0	282	0	400	0	15110	0	1096	0	0	0	1478	0	26358	0	0	0	0	0	0	0	0	0	0	0	0	0	0	0	0	0	0	0	0	0	0	0	0	0	0	
45816	Temporal_Pole_Mid_L	0	0	0	0	0	0	0	0	0	0	0	0	0	0	0	0	0	0	0	0	0	0	0	0	0	0	0	0	104	0	0	0	0	0	0	0	790	0	950	0	844	0	0	0	0	0	118	0	0	0	0	0	0	0	1160	0	0	0	0	0	0	0	0	0	0	0	0	0	0	0	0	0	0	0	0	0	0	0	0	0	1576	0	5690	0	7106	0	0	0	4570	0	0	0	0	0	0	0	0	0	0	0	0	0	0	0	0	0	0	0	0	0	0	0	0	0	0	0	
16800	Temporal_Pole_Mid_R	0	0	0	0	0	0	0	0	0	0	0	0	0	0	0	0	0	0	0	0	0	0	0	0	0	0	0	0	0	0	0	0	0	0	0	0	0	306	0	446	0	424	0	0	0	0	0	0	0	0	0	0	0	0	0	726	0	0	0	0	0	0	0	0	0	0	0	0	0	0	0	0	0	0	0	0	0	0	0	0	0	248	0	2808	0	1478	0	0	0	1964	0	0	0	0	0	0	0	0	0	0	0	0	0	0	0	0	0	0	0	0	0	0	0	0	0	0	
332728	Temporal_Inf_L	1346	0	0	0	0	0	0	0	0	0	98	0	0	0	0	0	858	0	0	0	0	0	0	0	0	0	0	0	3628	0	0	0	180	0	184	0	7276	0	5794	0	2558	0	1622	0	190	0	1910	0	1460	0	11978	0	10160	0	23420	0	1624	0	5924	0	2528	0	4570	0	2740	0	5636	0	614	0	0	0	452	0	0	0	192	0	1656	0	11266	0	5482	0	33996	0	4570	0	0	0	5942	0	576	0	0	0	212	0	1780	0	1342	0	2600	0	0	0	0	0	0	0	0	0	0	0	0	0	
234360	Temporal_Inf_R	0	794	0	0	0	0	0	0	0	0	0	180	0	0	0	0	0	116	0	212	0	0	0	0	0	0	0	0	0	1922	0	0	0	662	542	904	0	6110	0	2938	0	1728	0	1626	0	7358	0	276	0	9224	0	6044	0	4968	138	14800	216	1488	0	2128	0	124	0	356	0	850	1058	7452	332	1264	0	0	0	1168	0	0	0	108	0	0	0	3572	0	2268	0	26358	0	1964	0	0	0	3802	0	158	0	0	0	0	0	548	0	0	0	1424	0	0	0	0	0	0	0	0	0	0	0	0	
499016	Cerebelum_Crus1_L	306	0	0	0	0	0	0	0	0	0	0	0	0	0	0	0	316	0	0	0	0	0	0	0	0	0	0	0	468	0	0	0	0	0	954	0	1330	0	1300	0	0	0	2928	106	0	0	16726	2650	160	0	3416	0	3112	0	28684	126	186	0	0	0	0	0	166	0	0	0	2048	0	106	0	0	0	0	0	0	0	118	0	676	0	208	0	0	0	200	0	0	0	5942	0	0	3882	30256	4244	2264	188	23410	442	53618	3378	10036	470	20314	1518	3856	448	1274	0	198	382	1354	4986	8464	1024	886	384	
429876	Cerebelum_Crus1_R	0	0	0	0	0	0	0	0	0	0	0	0	0	0	0	0	0	0	0	90	0	0	0	0	0	0	0	0	0	244	0	0	0	0	0	366	0	1866	0	2872	0	0	642	152	0	0	2658	7354	0	0	1076	106	1162	648	1524	18482	0	0	0	0	0	0	0	0	0	0	0	718	0	0	0	92	0	914	0	122	0	0	0	0	0	0	0	0	0	0	0	0	0	3802	3882	0	2820	26794	968	2586	2482	15736	5580	47870	166	4402	694	22472	598	2572	0	288	876	1774	5624	6616	8642	3286	2656	664	
365624	Cerebelum_Crus2_L	0	0	0	0	0	0	0	0	0	0	0	0	0	0	0	0	0	0	0	0	0	0	0	0	0	0	0	0	0	0	0	0	0	0	0	0	140	0	168	0	0	0	1510	110	0	0	5206	1054	0	0	2596	0	1890	0	3752	0	0	0	0	0	0	0	0	0	0	0	0	0	0	0	0	0	0	0	0	0	0	0	0	0	0	0	0	0	0	0	0	0	576	0	30256	2820	0	12866	844	0	3026	124	9490	1378	34262	5596	30990	4608	7524	584	1864	0	0	0	152	1880	13902	2662	602	380	
353176	Cerebelum_Crus2_R	0	0	0	0	0	0	0	0	0	0	0	0	0	0	0	0	0	0	0	0	0	0	0	0	0	0	0	0	0	0	0	0	0	0	0	0	0	116	0	146	0	0	356	0	0	0	1724	666	0	0	670	0	778	0	1006	1116	0	0	0	0	0	0	0	0	0	0	0	0	0	0	0	0	0	0	0	0	0	0	0	0	0	0	0	0	0	0	0	0	0	158	4244	26794	12866	0	1272	814	1452	848	2940	8178	8730	19798	7438	34280	2064	4580	118	590	678	1080	1338	3310	17344	6102	2482	512	
93304	Cerebelum_3_L	0	0	0	0	0	0	0	0	0	0	0	0	0	0	0	0	0	0	0	0	0	0	0	0	0	0	0	0	0	0	0	0	0	0	0	0	0	0	160	0	0	0	0	0	0	0	402	372	0	0	0	0	0	0	318	0	0	0	0	0	0	0	0	0	0	0	0	0	0	0	0	0	0	0	0	0	0	0	0	0	0	0	0	0	0	0	0	0	0	0	2264	968	844	1272	0	314	6488	184	3448	1742	202	0	3602	1406	4660	1420	0	0	1574	2192	1982	2020	2606	3044	2296	872	
45432	Cerebelum_3_R	0	0	0	0	0	0	0	0	0	0	0	0	0	0	0	0	0	0	0	0	0	0	0	0	0	0	0	0	0	0	0	0	0	0	0	0	0	0	0	278	0	0	0	0	0	0	0	210	0	0	0	0	0	0	0	146	0	0	0	0	0	0	0	0	0	0	0	0	0	0	0	0	0	0	0	0	0	0	0	0	0	0	0	0	0	0	0	0	0	0	188	2586	0	814	314	0	384	2876	116	3274	0	0	488	806	360	1556	0	0	938	3210	700	118	868	1126	1360	0	
316860	Cerebelum_4_5_L	0	0	0	0	0	0	0	0	0	0	0	0	0	0	0	0	0	0	0	0	0	0	0	0	0	0	0	0	0	0	0	0	0	0	938	0	2070	0	2324	0	0	0	1450	0	0	0	14948	3566	0	0	270	0	442	0	11478	1212	0	0	0	0	0	0	0	0	0	0	2324	0	0	0	0	0	0	0	0	0	184	0	0	0	0	0	0	0	0	0	0	0	212	0	23410	2482	3026	1452	6488	384	0	3782	34932	6206	424	0	3328	1000	3940	1050	0	0	870	1528	11476	5148	2134	1446	1248	1258	
190876	Cerebelum_4_5_R	0	0	0	0	0	0	0	0	0	0	0	0	0	0	0	0	0	0	0	0	0	0	0	0	0	0	0	0	0	0	0	0	0	0	0	1136	0	1292	0	3726	0	0	116	0	0	0	942	9994	0	0	0	0	114	212	464	8560	0	0	0	0	0	0	0	0	0	0	0	2550	0	0	0	0	0	0	0	0	0	0	0	0	0	0	0	0	0	0	0	0	0	0	442	15736	124	848	184	2876	3782	0	3182	25442	0	0	102	1270	108	200	0	0	0	642	9244	1118	496	294	242	0	
492712	Cerebelum_6_L	256	0	0	0	0	0	0	0	0	0	0	0	0	0	0	0	140	0	0	0	0	0	0	0	0	0	0	0	314	0	0	0	0	0	982	0	1576	0	1830	0	0	0	3188	152	0	0	25694	7544	0	0	4020	0	4050	98	31730	1236	94	0	0	0	0	0	100	0	0	0	2352	0	0	0	0	0	0	0	0	0	126	0	414	0	156	0	0	0	148	0	0	0	1780	0	53618	5580	9490	2940	3448	116	34932	3182	0	9218	1352	0	5216	358	1888	176	428	0	164	324	7512	12128	4864	352	316	774	
430312	Cerebelum_6_R	0	0	0	0	0	0	0	0	0	0	0	0	0	0	0	0	0	0	0	104	0	0	0	0	0	0	0	0	0	266	0	0	0	0	0	634	0	2382	0	4278	0	0	736	430	0	0	3932	16010	0	164	1032	232	1092	1004	1916	22650	0	0	0	0	0	0	0	0	0	0	0	1592	0	0	0	98	0	1014	0	156	0	0	0	0	0	0	0	0	0	0	0	0	0	548	3378	47870	1378	8178	1742	3274	6206	25442	9218	0	0	556	402	6296	682	1790	0	132	932	1926	11352	11368	6396	2956	2592	820	
237988	Cerebelum_7b_L	0	0	0	0	0	0	0	0	0	0	0	0	0	0	0	0	0	0	0	0	0	0	0	0	0	0	0	0	0	0	0	0	0	0	0	0	0	0	0	0	0	0	0	0	0	0	0	0	0	0	0	0	0	0	662	0	0	0	0	0	0	0	0	0	0	0	0	0	0	0	0	0	0	0	0	0	0	0	0	0	0	0	0	0	0	0	0	0	1342	0	10036	166	34262	8730	202	0	424	0	1352	0	0	5080	32096	4470	7092	504	1228	0	0	0	0	0	8092	2904	260	92	
136192	Cerebelum_7b_R	0	0	0	0	0	0	0	0	0	0	0	0	0	0	0	0	0	0	0	0	0	0	0	0	0	0	0	0	0	0	0	0	0	0	0	0	0	0	0	0	0	0	0	0	0	0	0	0	0	0	0	0	0	0	0	148	0	0	0	0	0	0	0	0	0	0	0	0	0	0	0	0	0	0	0	0	0	0	0	0	0	0	0	0	0	0	0	0	0	0	470	4402	5596	19798	0	0	0	0	0	556	5080	0	3168	18384	302	1708	0	100	0	0	0	0	6012	2230	142	0	
352004	Cerebelum_8_L	0	0	0	0	0	0	0	0	0	0	0	0	0	0	0	0	0	0	0	0	0	0	0	0	0	0	0	0	0	0	0	0	0	0	0	0	0	0	104	0	0	0	0	0	0	0	296	104	0	0	0	0	106	0	3466	0	0	0	0	0	0	0	0	0	0	0	0	0	0	0	0	0	0	0	0	0	0	0	0	0	0	0	0	0	0	0	0	0	2600	0	20314	694	30990	7438	3602	488	3328	102	5216	402	32096	3168	0	7212	25720	2552	3290	96	232	260	0	466	8662	8044	3628	1326	
307208	Cerebelum_8_R	0	0	0	0	0	0	0	0	0	0	0	0	0	0	0	0	0	0	0	0	0	0	0	0	0	0	0	0	0	0	0	0	0	0	0	0	0	288	0	434	0	0	0	0	0	0	0	206	0	0	0	0	0	0	0	3176	0	0	0	0	0	0	0	0	0	0	0	0	0	0	0	0	0	158	0	0	0	0	0	0	0	0	0	0	0	0	0	0	0	1424	1518	22472	4608	34280	1406	806	1000	1270	358	6296	4470	18384	7212	0	2896	17108	102	1526	220	454	404	812	9804	6236	3294	982	
176036	Cerebelum_9_L	0	0	0	0	0	0	0	0	0	0	0	0	0	0	0	0	0	0	0	0	0	0	0	0	0	0	0	0	0	0	0	0	0	0	0	0	0	0	0	0	0	0	0	0	0	0	174	108	0	0	0	0	0	0	120	0	0	0	0	0	0	0	0	0	0	0	0	0	0	0	0	0	0	0	0	0	0	0	0	0	0	0	0	0	0	0	0	0	0	0	3856	598	7524	2064	4660	360	3940	108	1888	682	7092	302	25720	2896	0	2458	4998	0	234	318	310	1048	4294	5508	4168	2590	
131980	Cerebelum_9_R	0	0	0	0	0	0	0	0	0	0	0	0	0	0	0	0	0	0	0	0	0	0	0	0	0	0	0	0	0	0	0	0	0	0	0	0	0	0	0	0	0	0	0	0	0	0	0	0	0	0	0	0	0	0	0	0	0	0	0	0	0	0	0	0	0	0	0	0	0	0	0	0	0	0	0	0	0	0	0	0	0	0	0	0	0	0	0	0	0	0	448	2572	584	4580	1420	1556	1050	200	176	1790	504	1708	2552	17108	2458	0	0	2464	788	1060	888	1228	4012	5964	6800	4080	
26872	Cerebelum_10_L	0	0	0	0	0	0	0	0	0	0	0	0	0	0	0	0	0	0	0	0	0	0	0	0	0	0	0	0	0	0	0	0	0	0	0	0	0	0	0	0	0	0	0	0	0	0	0	0	0	0	0	0	0	0	0	0	0	0	0	0	0	0	0	0	0	0	0	0	0	0	0	0	0	0	0	0	0	0	0	0	0	0	0	0	0	0	0	0	0	0	1274	0	1864	118	0	0	0	0	428	0	1228	0	3290	102	4998	0	0	0	0	0	0	0	134	0	0	0	
11944	Cerebelum_10_R	0	0	0	0	0	0	0	0	0	0	0	0	0	0	0	0	0	0	0	0	0	0	0	0	0	0	0	0	0	0	0	0	0	0	0	0	0	0	0	0	0	0	0	0	0	0	0	0	0	0	0	0	0	0	0	0	0	0	0	0	0	0	0	0	0	0	0	0	0	0	0	0	0	0	0	0	0	0	0	0	0	0	0	0	0	0	0	0	0	0	0	288	0	590	0	0	0	0	0	132	0	100	96	1526	0	2464	0	0	0	0	0	0	182	238	96	260	
