data	data	756828	421740	1.11188e+06	952164	168528	88748	624632	394896	62648	62200	212636	214828	229400	153108	176208	137208	264716	204088	805432	964128	58636	66540	566888	444264	69460	147032	78900	63932	587944	382360	460468	487304	263200	656676	189556	195640	388656	365248	73464	181164	37792	49644	236116	325224	209692	399124	361016	263908	354732	397676	597368	299396	171224	60844	443876	366332	455608	272372	392516	155444	319016	95668	166104	102716	183136	84148	320904	435592	369420	389944	351052	440608	463120	407984	65280	20328	219596	265492	124644	38476	205480	175464	73292	57940	397660	177692	18196	20424	309736	192020	539388	557948	435820	375720	36032	79592	326272	251008	523528	530360	256812	98372	285632	219048	115644	135980	14668	22452	56748	76544	361668	201268	348812	213776	179576	38496	
data	data	Precentral_L	Precentral_R	Frontal_Sup_L	Frontal_Sup_R	Frontal_Sup_Orb_L	Frontal_Sup_Orb_R	Frontal_Mid_L	Frontal_Mid_R	Frontal_Mid_Orb_L	Frontal_Mid_Orb_R	Frontal_Inf_Oper_L	Frontal_Inf_Oper_R	Frontal_Inf_Tri_L	Frontal_Inf_Tri_R	Frontal_Inf_Orb_L	Frontal_Inf_Orb_R	Rolandic_Oper_L	Rolandic_Oper_R	Supp_Motor_Area_L	Supp_Motor_Area_R	Olfactory_L	Olfactory_R	Frontal_Sup_Medial_L	Frontal_Sup_Medial_R	Frontal_Med_Orb_L	Frontal_Med_Orb_R	Rectus_L	Rectus_R	Insula_L	Insula_R	Cingulum_Ant_L	Cingulum_Ant_R	Cingulum_Mid_L	Cingulum_Mid_R	Cingulum_Post_L	Cingulum_Post_R	Hippocampus_L	Hippocampus_R	ParaHippocampal_L	ParaHippocampal_R	Amygdala_L	Amygdala_R	Calcarine_L	Calcarine_R	Cuneus_L	Cuneus_R	Lingual_L	Lingual_R	Occipital_Sup_L	Occipital_Sup_R	Occipital_Mid_L	Occipital_Mid_R	Occipital_Inf_L	Occipital_Inf_R	Fusiform_L	Fusiform_R	Postcentral_L	Postcentral_R	Parietal_Sup_L	Parietal_Sup_R	Parietal_Inf_L	Parietal_Inf_R	SupraMarginal_L	SupraMarginal_R	Angular_L	Angular_R	Precuneus_L	Precuneus_R	Paracentral_Lobule_L	Paracentral_Lobule_R	Caudate_L	Caudate_R	Putamen_L	Putamen_R	Pallidum_L	Pallidum_R	Thalamus_L	Thalamus_R	Heschl_L	Heschl_R	Temporal_Sup_L	Temporal_Sup_R	Temporal_Pole_Sup_L	Temporal_Pole_Sup_R	Temporal_Mid_L	Temporal_Mid_R	Temporal_Pole_Mid_L	Temporal_Pole_Mid_R	Temporal_Inf_L	Temporal_Inf_R	Cerebelum_Crus1_L	Cerebelum_Crus1_R	Cerebelum_Crus2_L	Cerebelum_Crus2_R	Cerebelum_3_L	Cerebelum_3_R	Cerebelum_4_5_L	Cerebelum_4_5_R	Cerebelum_6_L	Cerebelum_6_R	Cerebelum_7b_L	Cerebelum_7b_R	Cerebelum_8_L	Cerebelum_8_R	Cerebelum_9_L	Cerebelum_9_R	Cerebelum_10_L	Cerebelum_10_R	Vermis_1_2	Vermis_3	Vermis_4_5	Vermis_6	Vermis_7	Vermis_8	Vermis_9	Vermis_10	
756828	Precentral_L	0	5100	18838	2364	0	0	22502	286	0	0	11208	0	3576	0	0	0	16726	114	5624	13098	0	0	0	0	0	0	0	0	18168	232	0	0	558	4920	3442	3046	15234	2154	1120	824	0	0	2634	194	456	0	718	744	10614	0	16164	0	1830	0	5402	412	39574	342	11568	0	5174	0	2260	0	994	0	4372	1702	33802	4434	8394	824	17296	206	7340	0	18046	4738	6090	0	3286	0	0	0	8626	0	0	0	10418	0	0	0	0	0	0	0	0	366	0	0	0	0	0	0	0	0	0	0	0	0	260	0	0	0	0	0	
421740	Precentral_R	5100	0	3090	13476	0	0	104	14268	0	0	0	6622	0	148	0	0	0	5006	2992	21810	0	0	0	0	0	0	0	0	406	4950	0	0	662	10302	3240	4012	1148	7042	0	490	0	0	102	2892	0	1706	0	402	0	1606	0	794	0	442	0	4296	954	24884	0	970	88	994	0	1254	0	0	212	4468	8056	20590	748	8166	746	4066	106	354	790	10218	332	386	0	1638	0	0	0	586	0	0	0	3156	0	0	0	0	0	0	0	0	0	0	0	0	0	0	0	0	0	0	0	0	0	0	0	0	0	0	
1.11188e+06	Frontal_Sup_L	18838	3090	0	21710	12314	132	86848	4418	3744	0	8972	194	12904	104	11860	854	6308	208	79610	21702	0	0	65860	18500	2286	1616	3464	0	26640	374	33576	17052	13406	7186	672	0	5682	346	0	0	0	0	392	0	0	0	92	0	0	0	128	0	0	0	574	0	1392	0	0	0	968	0	0	0	0	0	522	0	1660	624	18348	1910	29490	830	5702	0	460	0	236	0	654	0	926	0	0	0	0	0	564	0	0	0	0	0	0	0	0	0	0	0	0	0	0	0	0	0	0	0	0	0	0	0	0	0	0	0	
952164	Frontal_Sup_R	2364	13476	21710	0	392	5684	3646	55348	0	3714	220	16908	364	8796	232	7868	354	10112	26336	67092	0	110	15790	39490	558	4204	0	1130	2298	22632	9898	28338	2900	23654	550	626	2208	10778	0	1464	0	0	0	0	0	0	0	0	0	96	0	0	0	0	154	966	190	600	0	0	128	398	0	544	0	0	0	292	1400	274	8404	17874	5402	19184	0	748	332	4108	228	690	122	1414	0	634	0	0	0	0	0	656	0	0	0	0	0	0	0	0	0	0	0	0	0	0	0	0	0	0	0	0	0	0	0	0	0	0	
168528	Frontal_Sup_Orb_L	0	0	12314	392	0	430	3012	0	10976	0	0	0	1052	0	10150	0	0	0	714	148	1226	328	6902	1470	4300	2872	7328	330	1636	0	7592	2518	0	0	0	0	0	0	0	0	0	0	0	0	0	0	0	0	0	0	0	0	0	0	0	0	0	0	0	0	0	0	0	0	0	0	0	0	0	0	2776	636	4622	402	0	0	0	0	0	0	0	0	138	0	0	0	0	0	0	0	0	0	0	0	0	0	0	0	0	0	0	0	0	0	0	0	0	0	0	0	0	0	0	0	0	0	
88748	Frontal_Sup_Orb_R	0	0	132	5684	430	0	0	2562	0	6490	0	0	0	580	0	2536	0	0	348	818	0	326	536	3088	376	6056	0	5346	0	582	1156	1366	0	0	0	0	0	0	0	0	0	0	0	0	0	0	0	0	0	0	0	0	0	0	0	0	0	0	0	0	0	0	0	0	0	0	0	0	0	0	0	3698	0	2264	0	0	0	0	0	0	0	0	0	0	0	0	0	0	0	0	0	0	0	0	0	0	0	0	0	0	0	0	0	0	0	0	0	0	0	0	0	0	0	0	0	0	
624632	Frontal_Mid_L	22502	104	86848	3646	3012	0	0	1792	2758	0	11622	0	30242	0	10410	446	5468	0	25772	2522	0	0	23918	3774	0	0	0	0	23198	114	4444	1672	5304	2654	0	0	5546	132	116	0	0	0	0	0	0	0	0	0	398	0	1002	0	216	0	912	0	4446	0	544	0	1900	0	216	0	88	0	142	0	164	164	5902	776	11626	178	696	0	1188	352	578	0	642	0	378	0	500	0	0	0	1292	0	0	0	0	0	0	0	0	0	0	0	0	0	0	0	0	0	0	0	0	0	0	0	0	0	0	0	
394896	Frontal_Mid_R	286	14268	4418	55348	0	2562	1792	0	0	7846	118	7930	198	16866	98	9076	0	3734	5930	10592	0	0	2006	8846	0	0	0	170	624	9126	614	1388	472	4336	0	0	0	5842	0	1388	0	0	0	0	0	0	0	0	0	0	0	0	0	0	0	708	130	762	0	0	90	520	0	656	0	0	0	0	0	0	2596	1864	440	11792	0	622	0	392	0	238	0	634	0	0	0	0	0	0	0	130	0	0	0	0	0	0	0	0	0	0	0	0	0	0	0	0	0	0	0	0	0	0	0	0	0	0	
62648	Frontal_Mid_Orb_L	0	0	3744	0	10976	0	2758	0	0	0	0	0	454	0	10882	0	0	0	214	0	0	0	0	0	0	0	1044	0	426	0	0	0	0	0	0	0	0	0	0	0	0	0	0	0	0	0	0	0	0	0	0	0	0	0	0	0	0	0	0	0	0	0	0	0	0	0	0	0	0	0	0	0	602	0	0	0	0	0	0	0	0	0	224	0	0	0	0	0	0	0	0	0	0	0	0	0	0	0	0	0	0	0	0	0	0	0	0	0	0	0	0	0	0	0	0	0	
62200	Frontal_Mid_Orb_R	0	0	0	3714	0	6490	0	7846	0	0	0	0	0	1674	0	8120	0	0	170	372	0	0	0	0	0	0	0	228	0	540	0	0	0	0	0	0	0	334	0	126	0	0	0	0	0	0	0	0	0	0	0	0	0	0	0	0	0	0	0	0	0	0	0	0	0	0	0	0	0	0	0	414	0	1072	0	0	0	0	0	0	0	0	0	0	0	0	0	0	0	0	0	0	0	0	0	0	0	0	0	0	0	0	0	0	0	0	0	0	0	0	0	0	0	0	0	0	
212636	Frontal_Inf_Oper_L	11208	0	8972	220	0	0	11622	118	0	0	0	0	10908	0	532	0	8192	0	6828	120	0	0	196	0	0	0	0	0	15012	0	0	0	258	0	88	0	1234	0	0	0	0	0	0	0	0	0	0	0	3202	0	3444	0	130	0	124	0	6814	0	3256	0	428	0	0	0	270	0	138	0	0	0	298	0	3218	0	0	0	0	0	646	0	1914	0	1642	0	2904	0	0	0	2382	0	0	0	0	0	0	0	0	0	0	0	0	0	0	0	0	0	0	0	0	0	0	0	0	0	0	0	
214828	Frontal_Inf_Oper_R	0	6622	194	16908	0	0	0	7930	0	0	0	0	0	9166	0	158	0	10134	3562	13692	0	0	0	0	0	0	0	0	0	23826	0	192	0	1786	0	0	0	1186	0	296	0	0	0	0	0	0	0	0	0	0	0	0	0	0	0	194	0	1012	0	0	0	418	0	504	0	0	0	0	0	0	212	1008	0	5690	0	0	112	308	0	326	0	1228	0	750	0	0	0	0	0	0	0	0	0	0	0	0	0	0	0	0	0	0	0	0	0	0	0	0	0	0	0	0	0	0	0	0	
229400	Frontal_Inf_Tri_L	3576	0	12904	364	1052	0	30242	198	454	0	10908	0	0	0	16472	0	1756	0	5276	398	0	0	244	0	0	0	0	0	18690	0	92	0	0	106	0	0	2138	0	0	0	0	0	0	0	0	0	0	0	0	0	0	0	0	0	0	0	1036	0	0	0	0	0	0	0	0	0	0	0	114	92	1978	210	4286	0	0	0	572	184	136	0	202	0	1020	0	0	0	0	0	0	0	0	0	0	0	0	0	0	0	0	0	0	0	0	0	0	0	0	0	0	0	0	0	0	0	0	0	
153108	Frontal_Inf_Tri_R	0	148	104	8796	0	580	0	16866	0	1674	0	9166	0	0	0	5690	0	962	1496	4638	0	0	0	168	0	0	0	0	0	17280	98	312	0	1648	0	0	0	1008	0	260	0	0	0	0	0	0	0	0	0	0	0	0	0	0	0	150	0	0	0	0	0	0	0	0	0	0	0	0	0	0	0	278	0	5026	0	0	0	0	0	0	0	206	0	0	0	0	0	0	0	0	0	0	0	0	0	0	0	0	0	0	0	0	0	0	0	0	0	0	0	0	0	0	0	0	0	0	
176208	Frontal_Inf_Orb_L	0	0	11860	232	10150	0	10410	98	10882	0	532	0	16472	0	0	0	0	0	4174	292	1532	0	134	0	0	0	242	0	11760	0	98	0	0	0	0	0	438	0	250	0	344	0	0	0	0	0	0	0	0	0	0	0	0	0	0	0	0	0	0	0	0	0	0	0	0	0	0	0	0	0	830	150	4516	0	0	0	0	0	0	0	0	0	2708	0	0	0	0	0	0	0	0	0	0	0	0	0	0	0	0	0	0	0	0	0	0	0	0	0	0	0	0	0	0	0	0	0	
137208	Frontal_Inf_Orb_R	0	0	854	7868	0	2536	446	9076	0	8120	0	158	0	5690	0	0	0	0	2310	4596	0	1266	352	0	0	0	0	1120	420	8848	0	0	0	210	0	0	0	772	0	288	0	434	0	0	0	0	0	0	0	0	0	0	0	0	0	240	0	0	0	0	0	0	0	0	0	0	0	0	0	0	1334	6260	164	4226	0	0	0	0	0	0	0	0	0	766	0	146	0	0	0	104	0	0	0	0	0	0	0	0	0	0	0	0	0	0	0	0	0	0	0	0	0	0	0	0	0	0	
264716	Rolandic_Oper_L	16726	0	6308	354	0	0	5468	0	0	0	8192	0	1756	0	0	0	0	0	4586	696	0	0	170	0	0	0	0	0	24586	0	0	0	440	174	106	0	1770	0	0	0	0	0	312	0	172	0	0	0	1722	0	4886	0	666	0	1246	0	13034	0	2318	0	708	0	7312	0	396	0	972	0	418	132	1114	180	1014	0	196	0	912	484	5628	0	9796	0	970	0	3646	0	0	0	2792	0	0	0	0	0	0	0	0	0	0	0	0	0	0	0	0	0	0	0	0	0	0	0	0	0	0	0	
204088	Rolandic_Oper_R	114	5006	208	10112	0	0	0	3734	0	0	0	10134	0	962	0	0	0	0	2064	6566	0	0	0	0	0	0	0	0	0	18766	0	0	0	354	0	0	0	1218	0	446	0	0	0	200	0	5480	0	0	0	4052	0	716	0	0	0	836	0	3816	0	460	0	200	0	3952	0	0	314	3586	0	518	288	472	0	3010	0	0	100	316	0	2600	0	9076	0	1036	0	494	0	0	0	838	0	0	0	0	0	0	0	0	0	0	0	0	0	0	0	0	0	0	0	0	0	0	0	0	0	0	
805432	Supp_Motor_Area_L	5624	2992	79610	26336	714	348	25772	5930	214	170	6828	3562	5276	1496	4174	2310	4586	2064	0	58276	114	0	17342	7188	92	484	292	0	22606	5676	9296	7326	20772	16198	1368	358	1950	1930	0	440	0	0	248	0	0	0	0	0	0	0	0	0	0	0	0	234	386	980	0	0	134	0	0	0	0	0	840	94	9552	1600	9150	8670	9306	8632	310	326	916	0	0	0	528	194	748	154	0	0	0	0	0	0	0	0	0	0	0	0	0	0	0	0	0	0	0	0	0	0	0	0	0	0	0	0	0	0	0	0	
964128	Supp_Motor_Area_R	13098	21810	21702	67092	148	818	2522	10592	0	372	120	13692	398	4638	292	4596	696	6566	58276	0	0	0	1672	9382	0	626	0	240	2212	17302	2818	12362	10828	43356	1782	2698	2192	8856	0	1440	0	0	238	90	0	120	0	142	0	132	0	0	0	0	172	1110	280	1184	0	186	128	0	0	102	0	0	306	422	18672	25758	7640	32832	2526	16122	148	1534	3940	20472	318	274	98	920	0	534	0	0	0	0	0	470	0	0	0	0	0	0	0	0	0	0	0	0	0	0	0	0	0	0	0	0	0	0	0	0	0	0	
58636	Olfactory_L	0	0	0	0	1226	0	0	0	0	0	0	0	0	0	1532	0	0	0	114	0	0	4048	0	0	644	0	2316	218	2454	0	2592	2132	0	0	0	0	672	0	528	0	706	0	0	0	0	0	0	0	0	0	0	0	0	0	0	0	0	0	0	0	0	0	0	0	0	0	0	0	0	0	4838	2280	2416	112	0	0	0	0	0	0	0	0	490	0	0	0	0	0	0	0	0	0	0	0	0	0	0	0	0	0	0	0	0	0	0	0	0	0	0	0	0	0	0	0	0	0	
66540	Olfactory_R	0	0	0	110	328	326	0	0	0	0	0	0	0	0	0	1266	0	0	0	0	4048	0	0	198	172	804	1542	1766	0	1996	2192	2714	0	0	0	0	0	106	0	0	0	510	0	0	0	0	0	0	0	0	0	0	0	0	0	0	0	0	0	0	0	0	0	0	0	0	0	0	0	0	6256	5012	3622	302	0	0	0	0	0	0	0	0	0	0	0	0	0	0	0	0	0	0	0	0	0	0	0	0	0	0	0	0	0	0	0	0	0	0	0	0	0	0	0	0	0	0	
566888	Frontal_Sup_Medial_L	0	0	65860	15790	6902	536	23918	2006	0	0	196	0	244	0	134	352	170	0	17342	1672	0	0	0	35318	4498	4698	1984	380	1476	0	39294	25356	10632	13116	0	0	0	158	0	0	0	0	0	0	0	0	0	0	0	0	0	0	0	0	0	0	0	0	0	0	0	0	0	0	0	0	0	0	0	0	3076	1504	5708	1124	0	0	0	0	0	0	0	0	0	0	0	0	0	0	0	0	0	0	0	0	0	0	0	0	0	0	0	0	0	0	0	0	0	0	0	0	0	0	0	0	0	0	
444264	Frontal_Sup_Medial_R	0	0	18500	39490	1470	3088	3774	8846	0	0	0	0	0	168	0	0	0	0	7188	9382	0	198	35318	0	1930	10712	294	1722	0	328	15464	27870	3006	15858	0	0	0	636	0	124	0	0	0	0	0	0	0	0	0	0	0	0	0	0	0	0	0	0	0	0	0	0	0	0	0	0	0	0	0	0	274	8552	456	7356	0	0	0	128	0	0	0	0	0	0	0	0	0	0	0	0	0	0	0	0	0	0	0	0	0	0	0	0	0	0	0	0	0	0	0	0	0	0	0	0	0	0	
69460	Frontal_Med_Orb_L	0	0	2286	558	4300	376	0	0	0	0	0	0	0	0	0	0	0	0	92	0	644	172	4498	1930	0	4942	2534	632	0	0	7462	2406	0	0	0	0	0	0	0	0	0	0	0	0	0	0	0	0	0	0	0	0	0	0	0	0	0	0	0	0	0	0	0	0	0	0	0	0	0	0	894	542	148	314	0	0	0	0	0	0	0	0	0	0	0	0	0	0	0	0	0	0	0	0	0	0	0	0	0	0	0	0	0	0	0	0	0	0	0	0	0	0	0	0	0	0	
147032	Frontal_Med_Orb_R	0	0	1616	4204	2872	6056	0	0	0	0	0	0	0	0	0	0	0	0	484	626	0	804	4698	10712	4942	0	650	8682	0	0	7892	9666	0	180	0	0	0	0	0	0	0	0	0	0	0	0	0	0	0	0	0	0	0	0	0	0	0	0	0	0	0	0	0	0	0	0	0	0	0	0	174	5788	126	3344	0	0	0	0	0	0	0	0	0	0	0	0	0	0	0	0	0	0	0	0	0	0	0	0	0	0	0	0	0	0	0	0	0	0	0	0	0	0	0	0	0	0	
78900	Rectus_L	0	0	3464	0	7328	0	0	0	1044	0	0	0	0	0	242	0	0	0	292	0	2316	1542	1984	294	2534	650	0	476	0	0	5776	2162	0	0	0	0	0	0	0	0	0	0	0	0	0	0	0	0	0	0	0	0	0	0	0	0	0	0	0	0	0	0	0	0	0	0	0	0	0	0	6134	926	2118	168	0	0	0	0	0	0	0	0	0	0	0	0	0	0	0	0	0	0	0	0	0	0	0	0	0	0	0	0	0	0	0	0	0	0	0	0	0	0	0	0	0	0	
63932	Rectus_R	0	0	0	1130	330	5346	0	170	0	228	0	0	0	0	0	1120	0	0	0	240	218	1766	380	1722	632	8682	476	0	0	912	1038	3150	0	0	0	0	0	0	0	0	0	0	0	0	0	0	0	0	0	0	0	0	0	0	0	0	0	0	0	0	0	0	0	0	0	0	0	0	0	0	180	3506	0	740	0	0	0	0	0	0	0	0	0	0	0	0	0	0	0	0	0	0	0	0	0	0	0	0	0	0	0	0	0	0	0	0	0	0	0	0	0	0	0	0	0	0	
587944	Insula_L	18168	406	26640	2298	1636	0	23198	624	426	0	15012	0	18690	0	11760	420	24586	0	22606	2212	2454	0	1476	0	0	0	0	0	0	140	708	288	426	528	1016	754	18556	624	922	294	2384	0	670	0	0	0	172	336	152	0	1526	0	648	0	5120	184	5480	0	286	0	1030	0	2778	0	0	0	544	412	1816	440	6528	920	30258	290	462	0	3514	1378	10002	0	7188	0	4648	0	2826	0	0	0	4758	0	0	0	0	0	0	0	0	218	0	0	0	0	0	0	0	0	0	0	0	0	136	0	0	0	0	0	
382360	Insula_R	232	4950	374	22632	0	582	114	9126	0	540	0	23826	0	17280	0	8848	0	18766	5676	17302	0	1996	0	328	0	0	0	912	140	0	118	644	0	3034	214	280	196	5618	0	2108	0	1034	0	0	0	476	0	0	0	486	0	0	0	0	0	2884	0	482	0	0	0	0	0	318	0	0	0	516	118	100	384	2926	0	22054	0	0	290	958	88	1618	0	6402	0	2290	0	890	0	0	0	1030	0	0	0	0	0	0	0	0	0	0	0	0	0	0	0	0	0	0	0	0	0	0	0	0	0	0	
460468	Cingulum_Ant_L	0	0	33576	9898	7592	1156	4444	614	0	0	0	0	92	98	98	0	0	0	9296	2818	2592	2192	39294	15464	7462	7892	5776	1038	708	118	0	32926	8314	7578	0	0	0	438	0	0	0	0	0	0	0	0	0	0	0	0	0	0	0	0	0	0	0	0	0	0	0	0	0	0	0	0	0	0	136	0	9918	3884	12480	2342	0	0	0	0	0	0	0	0	0	0	0	0	0	0	0	0	0	0	0	0	0	0	0	0	0	0	0	0	0	0	0	0	0	0	0	0	0	0	0	0	0	0	
487304	Cingulum_Ant_R	0	0	17052	28338	2518	1366	1672	1388	0	0	0	192	0	312	0	0	0	0	7326	12362	2132	2714	25356	27870	2406	9666	2162	3150	288	644	32926	0	4376	18328	0	0	0	1628	0	222	0	0	0	0	0	0	0	0	0	0	0	0	0	0	0	0	0	0	0	0	0	0	0	0	0	0	0	0	0	0	4278	15884	4242	12710	0	0	0	144	0	0	0	0	0	0	0	0	0	0	0	0	0	0	0	0	0	0	0	0	0	0	0	0	0	0	0	0	0	0	0	0	0	0	0	0	0	0	
263200	Cingulum_Mid_L	558	662	13406	2900	0	0	5304	472	0	0	258	0	0	0	0	0	440	0	20772	10828	0	0	10632	3006	0	0	0	0	426	0	8314	4376	0	22026	4416	2254	168	90	0	0	0	0	1436	130	1050	0	1060	0	0	0	106	0	0	0	0	0	180	2404	0	0	0	0	0	0	0	0	4784	538	3686	3920	154	0	686	158	0	0	0	0	0	0	0	0	0	0	0	0	0	0	0	0	0	0	0	0	0	0	0	0	0	0	0	0	0	0	0	0	0	0	0	0	0	0	0	0	0	0	
656676	Cingulum_Mid_R	4920	10302	7186	23654	0	0	2654	4336	0	0	0	1786	106	1648	0	210	174	354	16198	43356	0	0	13116	15858	0	180	0	0	528	3034	7578	18328	22026	0	4632	8478	898	2824	0	376	0	0	0	2546	0	3620	0	782	0	3374	0	336	0	0	0	1894	1130	13372	0	2278	0	192	0	112	0	324	1610	8470	18064	34384	1302	4908	238	2152	0	0	3062	7690	0	0	0	530	0	0	0	178	0	0	0	568	0	0	0	0	0	0	0	0	0	0	0	0	0	0	0	0	0	0	0	0	482	0	0	0	0	0	
189556	Cingulum_Post_L	3442	3240	672	550	0	0	0	0	0	0	88	0	0	0	0	0	106	0	1368	1782	0	0	0	0	0	0	0	0	1016	214	0	0	4416	4632	0	12922	8778	5084	1934	1472	0	0	2730	98	898	104	1608	1508	154	0	0	0	0	0	1790	778	1730	3292	0	0	180	0	0	0	0	0	6264	2960	4518	4442	0	0	0	166	0	0	1204	3130	3232	0	0	0	0	0	0	0	0	0	288	0	0	0	0	0	0	0	0	768	0	0	0	0	0	0	0	0	0	0	0	0	1220	0	0	0	0	0	
195640	Cingulum_Post_R	3046	4012	0	626	0	0	0	0	0	0	0	0	0	0	0	0	0	0	358	2698	0	0	0	0	0	0	0	0	754	280	0	0	2254	8478	12922	0	6064	6966	716	2944	0	0	0	1700	0	1174	0	2954	0	0	0	0	0	0	940	1866	1200	4002	0	0	144	0	0	0	0	0	284	8408	3474	5362	0	110	0	304	0	0	2614	4104	2422	0	0	0	0	0	0	0	0	0	226	240	0	0	0	0	0	0	0	1252	0	0	0	0	0	0	0	0	0	0	0	0	2922	0	0	0	0	0	
388656	Hippocampus_L	15234	1148	5682	2208	0	0	5546	0	0	0	1234	0	2138	0	438	0	1770	0	1950	2192	672	0	0	0	0	0	0	0	18556	196	0	0	168	898	8778	6064	0	3918	10272	1452	7396	0	2296	0	0	0	2302	1540	160	0	942	0	324	0	16596	754	2160	0	570	0	740	0	298	0	0	0	4188	1808	5568	950	1008	112	20674	186	2874	0	6222	3514	5762	0	1518	0	1534	0	760	0	88	0	9306	0	0	0	0	0	0	0	138	794	0	0	0	0	0	0	0	0	0	0	0	0	732	0	0	0	0	0	
365248	Hippocampus_R	2154	7042	346	10778	0	0	132	5842	0	334	0	1186	0	1008	0	772	0	1218	1930	8856	0	106	158	636	0	0	0	0	624	5618	438	1628	90	2824	5084	6966	3918	0	332	23114	0	9104	0	808	0	440	0	4092	0	432	0	0	0	0	522	19870	222	472	0	0	102	0	0	126	0	0	0	5548	1590	2358	820	1484	520	22022	0	732	2174	6924	1678	726	0	1642	0	1052	0	276	0	0	130	1388	0	0	0	0	0	88	88	1852	0	0	0	0	0	0	0	0	0	0	0	0	208	0	0	0	0	0	
73464	ParaHippocampal_L	1120	0	0	0	0	0	116	0	0	0	0	0	0	0	250	0	0	0	0	0	528	0	0	0	0	0	0	0	922	0	0	0	0	0	1934	716	10272	332	0	254	1786	0	656	0	0	0	2012	334	0	0	0	0	0	0	7488	98	104	0	0	0	0	0	0	0	0	0	1882	338	586	0	0	0	794	0	0	0	1698	206	0	0	0	0	374	0	0	0	0	0	684	0	0	0	0	0	0	0	748	160	150	0	0	0	0	0	0	0	0	0	0	0	190	0	0	0	0	0	
181164	ParaHippocampal_R	824	490	0	1464	0	0	0	1388	0	126	0	296	0	260	0	288	0	446	440	1440	0	0	0	124	0	0	0	0	294	2108	0	222	0	376	1472	2944	1452	23114	254	0	0	5192	0	982	0	0	0	5690	0	0	0	0	0	118	338	13394	0	0	0	0	0	0	0	0	0	0	0	4614	480	276	132	286	0	5796	0	406	1282	2436	742	312	0	798	0	2850	0	146	0	610	0	282	0	0	0	0	0	278	0	3124	0	0	0	0	0	0	0	0	0	0	0	0	196	0	0	0	0	0	
37792	Amygdala_L	0	0	0	0	0	0	0	0	0	0	0	0	0	0	344	0	0	0	0	0	706	0	0	0	0	0	0	0	2384	0	0	0	0	0	0	0	7396	0	1786	0	0	0	0	0	0	0	0	0	0	0	0	0	0	0	2430	0	0	0	0	0	0	0	0	0	0	0	0	0	0	0	152	0	772	0	0	0	0	0	0	0	0	0	1168	0	0	0	0	0	1758	0	0	0	0	0	0	0	0	0	0	0	0	0	0	0	0	0	0	0	0	0	0	0	0	0	0	0	
49644	Amygdala_R	0	0	0	0	0	0	0	0	0	0	0	0	0	0	0	434	0	0	0	0	0	510	0	0	0	0	0	0	0	1034	0	0	0	0	0	0	0	9104	0	5192	0	0	0	0	0	0	0	0	0	0	0	0	0	0	0	5076	0	0	0	0	0	0	0	0	0	0	0	0	0	0	0	0	0	1138	0	0	0	0	0	0	0	0	0	2206	0	0	0	0	0	128	0	0	0	0	0	0	0	0	0	0	0	0	0	0	0	0	0	0	0	0	0	0	0	0	0	0	
236116	Calcarine_L	2634	102	392	0	0	0	0	0	0	0	0	0	0	0	0	0	312	0	248	238	0	0	0	0	0	0	0	0	670	0	0	0	1436	0	2730	0	2296	0	656	0	0	0	0	4750	16538	2848	15682	2236	7966	570	7730	108	3908	0	7874	0	3188	0	2214	0	1530	0	270	0	0	0	23864	330	2296	88	0	0	132	0	0	0	172	0	644	0	96	0	0	0	0	0	0	0	520	0	0	0	0	0	0	0	298	0	172	0	0	0	0	0	0	0	0	0	0	0	320	0	0	0	0	0	
325224	Calcarine_R	194	2892	0	0	0	0	0	0	0	0	0	0	0	0	0	0	0	200	0	90	0	0	0	0	0	0	0	0	0	0	0	0	130	2546	98	1700	0	808	0	982	0	0	4750	0	4352	26496	330	21144	0	23166	0	20050	0	4444	0	7188	0	3220	0	1536	0	162	0	150	0	182	1354	20986	446	3066	0	204	0	0	0	0	0	192	0	0	0	170	0	0	0	3446	0	0	0	3890	0	0	0	0	0	0	0	460	0	158	0	0	0	0	0	0	0	0	0	0	1292	138	0	0	0	0	
209692	Cuneus_L	456	0	0	0	0	0	0	0	0	0	0	0	0	0	0	0	172	0	0	0	0	0	0	0	0	0	0	0	0	0	0	0	1050	0	898	0	0	0	0	0	0	0	16538	4352	0	7736	4792	368	20762	1198	11428	586	4034	100	2882	100	1438	0	4074	0	660	0	0	0	0	0	18330	1184	1542	0	0	0	0	0	0	0	0	0	0	0	0	0	0	0	0	0	0	0	0	166	0	0	0	0	0	0	0	0	0	0	0	0	0	0	0	0	0	0	0	0	0	0	0	0	0	0	
399124	Cuneus_R	0	1706	0	0	0	0	0	0	0	0	0	0	0	0	0	0	0	5480	0	120	0	0	0	0	0	0	0	0	0	476	0	0	0	3620	104	1174	0	440	0	0	0	0	2848	26496	7736	0	0	7184	0	47464	0	20108	0	1452	0	2950	0	3002	0	9832	0	690	0	1476	0	850	4580	31964	0	2542	0	0	0	0	0	0	0	0	0	480	0	4518	0	0	0	5054	0	0	0	4600	0	0	0	0	0	0	0	0	0	0	0	0	0	0	0	0	0	0	0	0	616	0	0	0	0	0	
361016	Lingual_L	718	0	92	0	0	0	0	0	0	0	0	0	0	0	0	0	0	0	0	0	0	0	0	0	0	0	0	0	172	0	0	0	1060	0	1608	0	2302	0	2012	0	0	0	15682	330	4792	0	0	1916	3950	0	6286	0	4276	0	20564	532	654	0	494	0	180	0	0	0	0	0	8482	0	454	0	0	0	0	0	0	0	172	0	116	0	0	0	0	0	0	0	0	0	0	0	18230	5378	4712	2424	0	694	16338	2588	25190	5498	1030	0	692	184	0	630	0	0	0	0	8890	2854	5056	1642	1634	0	
263908	Lingual_R	744	402	0	0	0	0	0	0	0	0	0	0	0	0	0	0	0	0	0	142	0	0	0	0	0	0	0	0	336	0	0	0	0	782	1508	2954	1540	4092	334	5690	0	0	2236	21144	368	7184	1916	0	0	8366	0	9630	0	3374	954	12870	116	378	0	372	0	0	0	0	0	0	212	9212	434	460	0	130	0	0	0	0	748	562	798	0	0	0	0	0	0	408	0	0	0	1002	966	3262	160	296	0	252	1530	6236	2588	5764	98	0	0	0	0	0	0	0	0	0	3532	4890	982	0	0	0	
354732	Occipital_Sup_L	10614	0	0	0	0	0	398	0	0	0	3202	0	0	0	0	0	1722	0	0	0	0	0	0	0	0	0	0	0	152	0	0	0	0	0	154	0	160	0	0	0	0	0	7966	0	20762	0	3950	0	0	0	41134	0	8376	0	5422	0	11360	0	24944	0	3718	0	506	0	2662	0	13798	0	0	0	0	0	0	0	0	0	0	0	0	0	270	0	0	0	9734	0	0	0	6362	0	0	0	0	0	0	0	0	0	0	0	0	0	0	0	0	0	0	0	0	0	0	0	0	0	0	0	
397676	Occipital_Sup_R	0	1606	0	96	0	0	0	0	0	0	0	0	0	0	0	0	0	4052	0	132	0	0	0	0	0	0	0	0	0	486	0	0	0	3374	0	0	0	432	0	0	0	0	570	23166	1198	47464	0	8366	0	0	0	32370	0	2426	0	3750	0	2002	0	13140	0	2350	0	1782	0	3802	2324	25434	0	1968	0	0	0	0	0	0	0	0	0	470	0	4152	0	0	0	6608	0	0	0	5104	0	0	0	0	0	0	0	0	0	124	0	0	0	0	0	0	0	0	0	0	0	90	0	0	0	0	
597368	Occipital_Mid_L	16164	0	128	0	0	0	1002	0	0	0	3444	0	0	0	0	0	4886	0	0	0	0	0	0	0	0	0	0	0	1526	0	0	0	106	0	0	0	942	0	0	0	0	0	7730	0	11428	0	6286	0	41134	0	0	0	26022	0	14190	0	22300	0	41756	0	22346	0	3602	0	16544	0	10286	0	974	0	0	0	470	0	0	0	256	0	898	0	2262	0	0	0	27634	0	0	0	14368	0	0	0	0	0	0	0	0	0	0	0	0	0	0	0	0	0	0	0	0	0	0	0	0	0	0	0	
299396	Occipital_Mid_R	0	794	0	0	0	0	0	0	0	0	0	0	0	0	0	0	0	716	0	0	0	0	0	0	0	0	0	0	0	0	0	0	0	336	0	0	0	0	0	0	0	0	108	20050	586	20108	0	9630	0	32370	0	0	0	4868	0	5084	0	906	0	6712	0	6974	0	276	0	11578	636	12150	0	672	0	0	0	0	0	0	0	0	0	0	0	448	0	0	0	12510	0	0	0	2186	0	0	0	0	0	0	0	0	0	0	0	0	0	0	0	0	0	0	0	0	0	0	0	0	0	0	
171224	Occipital_Inf_L	1830	0	0	0	0	0	216	0	0	0	130	0	0	0	0	0	666	0	0	0	0	0	0	0	0	0	0	0	648	0	0	0	0	0	0	0	324	0	0	0	0	0	3908	0	4034	0	4276	0	8376	0	26022	0	0	0	13024	0	2544	0	3856	0	1124	0	406	0	202	0	3130	0	0	0	0	0	0	0	0	0	150	0	318	0	524	0	0	0	4200	0	0	0	5468	0	106	0	0	0	0	0	0	0	130	0	0	0	0	0	0	0	0	0	0	0	0	0	0	0	0	0	
60844	Occipital_Inf_R	0	442	0	0	0	0	0	0	0	0	0	0	0	0	0	0	0	0	0	0	0	0	0	0	0	0	0	0	0	0	0	0	0	0	0	0	0	0	0	118	0	0	0	4444	100	1452	0	3374	0	2426	0	4868	0	0	0	6248	0	436	0	0	0	0	0	0	0	0	0	864	0	264	0	0	0	0	0	0	0	0	0	0	0	0	0	0	0	748	0	0	0	3854	0	0	0	0	0	0	0	308	0	264	0	0	0	0	0	0	0	0	0	0	212	0	0	0	0	0	
443876	Fusiform_L	5402	0	574	154	0	0	912	0	0	0	124	0	0	0	0	0	1246	0	0	172	0	0	0	0	0	0	0	0	5120	0	0	0	0	0	1790	940	16596	522	7488	338	2430	0	7874	0	2882	0	20564	954	5422	0	14190	0	13024	0	0	276	2968	0	2496	0	630	0	904	0	168	0	5762	486	972	0	0	0	3340	0	0	0	1948	332	2280	0	1182	0	1296	0	2684	0	896	0	16258	0	22344	860	2766	496	0	0	8032	888	25382	702	948	0	448	0	0	0	0	0	0	0	3572	960	716	118	110	0	
366332	Fusiform_R	412	4296	0	966	0	0	0	708	0	0	0	194	0	150	0	240	0	836	234	1110	0	0	0	0	0	0	0	0	184	2884	0	0	0	1894	778	1866	754	19870	98	13394	0	5076	0	7188	100	2950	532	12870	0	3750	0	5084	0	6248	276	0	0	3162	0	302	0	0	0	658	0	612	104	6044	218	3276	102	122	0	3616	0	150	542	1062	430	2206	0	5278	0	4884	0	4568	0	1426	0	19938	206	8048	0	174	0	180	420	5848	464	10058	0	0	0	0	0	0	0	0	0	0	2256	1574	296	0	0	0	
455608	Postcentral_L	39574	954	1392	190	0	0	4446	130	0	0	6814	0	1036	0	0	0	13034	0	386	280	0	0	0	0	0	0	0	0	5480	0	0	0	180	1130	1730	1200	2160	222	104	0	0	0	3188	0	1438	0	654	116	11360	0	22300	0	2544	0	2968	0	0	1034	21892	0	21630	0	10398	0	2910	0	5816	126	5628	1168	1814	0	1644	0	384	0	1268	128	3262	0	6372	0	0	0	9630	0	0	0	7690	0	0	0	0	0	0	0	0	0	0	0	0	0	0	0	0	0	0	0	0	0	0	0	0	0	0	0	
272372	Postcentral_R	342	24884	0	600	0	0	0	762	0	0	0	1012	0	0	0	0	0	3816	980	1184	0	0	0	0	0	0	0	0	0	482	0	0	2404	13372	3292	4002	0	472	0	0	0	0	0	3220	0	3002	0	378	0	2002	0	906	0	436	0	3162	1034	0	0	8062	0	4216	0	8666	0	242	188	9750	5642	22698	0	0	0	100	0	0	0	228	0	102	0	1678	0	0	0	544	0	0	0	2238	0	0	0	0	0	0	0	0	0	0	0	0	0	0	0	0	0	0	0	0	88	0	0	0	0	0	
392516	Parietal_Sup_L	11568	0	0	0	0	0	544	0	0	0	3256	0	0	0	0	0	2318	0	0	0	0	0	0	0	0	0	0	0	286	0	0	0	0	0	0	0	570	0	0	0	0	0	2214	0	4074	0	494	0	24944	0	41756	0	3856	0	2496	0	21892	0	0	0	23514	0	2780	0	10290	0	13470	0	1334	0	0	0	154	0	102	0	880	0	210	0	1162	0	0	0	14644	0	0	0	7450	0	0	0	0	0	0	0	0	0	0	0	0	0	0	0	0	0	0	0	0	0	0	0	0	0	0	0	
155444	Parietal_Sup_R	0	970	0	0	0	0	0	0	0	0	0	0	0	0	0	0	0	460	0	186	0	0	0	0	0	0	0	0	0	0	0	0	0	2278	0	0	0	0	0	0	0	0	0	1536	0	9832	0	372	0	13140	0	6712	0	0	0	302	0	8062	0	0	0	6302	0	2108	0	4722	896	15092	0	1842	0	0	0	0	0	0	0	100	0	0	0	388	0	0	0	1398	0	0	0	1024	0	0	0	0	0	0	0	0	0	0	0	0	0	0	0	0	0	0	0	0	0	0	0	0	0	0	
319016	Parietal_Inf_L	5174	88	968	128	0	0	1900	90	0	0	428	0	0	0	0	0	708	0	134	128	0	0	0	0	0	0	0	0	1030	0	0	0	0	0	180	144	740	102	0	0	0	0	1530	0	660	0	180	0	3718	0	22346	0	1124	0	630	0	21630	0	23514	0	0	0	17846	0	26940	0	3388	0	710	0	370	0	526	0	94	0	534	0	330	0	4334	0	0	0	15226	0	0	0	1936	0	0	0	0	0	0	0	0	0	0	0	0	0	0	0	0	0	0	0	0	0	0	0	0	0	0	0	
95668	Parietal_Inf_R	0	994	0	398	0	0	0	520	0	0	0	418	0	0	0	0	0	200	0	0	0	0	0	0	0	0	0	0	0	0	0	0	0	192	0	0	0	0	0	0	0	0	0	162	0	690	0	0	0	2350	0	6974	0	0	0	0	0	4216	0	6302	0	0	0	11438	0	11618	0	470	0	0	0	0	0	0	0	0	0	0	0	0	0	232	0	0	0	660	0	0	0	0	0	0	0	0	0	0	0	0	0	0	0	0	0	0	0	0	0	0	0	0	0	0	0	0	0	0	
166104	SupraMarginal_L	2260	0	0	0	0	0	216	0	0	0	0	0	0	0	0	0	7312	0	0	0	0	0	0	0	0	0	0	0	2778	0	0	0	0	0	0	0	298	0	0	0	0	0	270	0	0	0	0	0	506	0	3602	0	406	0	904	0	10398	0	2780	0	17846	0	0	0	8754	0	752	0	200	0	0	0	136	0	0	0	106	0	1696	0	11820	0	0	0	8078	0	0	0	1934	0	0	0	0	0	0	0	0	0	0	0	0	0	0	0	0	0	0	0	0	0	0	0	0	0	0	0	
102716	SupraMarginal_R	0	1254	0	544	0	0	0	656	0	0	0	504	0	0	0	0	0	3952	0	102	0	0	0	0	0	0	0	0	0	318	0	0	0	112	0	0	0	126	0	0	0	0	0	150	0	1476	0	0	0	1782	0	276	0	0	0	658	0	8666	0	2108	0	11438	0	0	0	2796	94	1174	0	136	0	0	0	0	0	0	0	0	0	0	0	8150	0	0	0	3788	0	0	0	1098	0	0	0	0	0	0	0	0	0	0	0	0	0	0	0	0	0	0	0	0	0	0	0	0	0	0	
183136	Angular_L	994	0	0	0	0	0	88	0	0	0	270	0	0	0	0	0	396	0	0	0	0	0	0	0	0	0	0	0	0	0	0	0	0	0	0	0	0	0	0	0	0	0	0	0	0	0	0	0	2662	0	16544	0	202	0	168	0	2910	0	10290	0	26940	0	8754	0	0	0	1242	0	374	0	0	0	92	0	0	0	0	0	0	0	3026	0	0	0	15868	0	0	0	748	0	0	0	0	0	0	0	0	0	0	0	0	0	0	0	0	0	0	0	0	0	0	0	0	0	0	0	
84148	Angular_R	0	0	0	0	0	0	0	0	0	0	0	0	0	0	0	0	0	0	0	0	0	0	0	0	0	0	0	0	0	0	0	0	0	324	0	0	0	0	0	0	0	0	0	182	0	850	0	0	0	3802	0	11578	0	0	0	612	0	242	0	4722	0	11618	0	2796	0	0	118	624	0	0	0	0	0	0	0	0	0	0	0	0	0	932	0	0	0	2966	0	0	0	708	0	0	0	0	0	0	0	0	0	0	0	0	0	0	0	0	0	0	0	0	0	0	0	0	0	0	
320904	Precuneus_L	4372	212	522	0	0	0	142	0	0	0	138	0	0	0	0	0	972	314	840	306	0	0	0	0	0	0	0	0	544	0	0	0	4784	1610	6264	284	4188	0	1882	0	0	0	23864	1354	18330	4580	8482	212	13798	2324	10286	636	3130	0	5762	104	5816	188	13470	896	3388	0	752	94	1242	118	0	5886	4370	604	0	0	138	0	0	0	134	0	788	0	428	310	0	0	674	92	0	0	708	0	0	0	0	0	0	0	0	0	0	0	0	0	0	0	0	0	0	0	0	0	120	0	0	0	0	0	
435592	Precuneus_R	1702	4468	0	292	0	0	0	0	0	0	0	0	0	0	0	0	0	3586	94	422	0	0	0	0	0	0	0	0	412	516	0	0	538	8470	2960	8408	1808	5548	338	4614	0	0	330	20986	1184	31964	0	9212	0	25434	0	12150	0	864	486	6044	126	9750	0	15092	0	470	0	1174	0	624	5886	0	1722	8942	98	362	0	258	0	0	1898	1674	908	334	0	3236	0	0	0	3412	0	0	110	4216	0	0	0	0	0	0	0	1826	0	0	0	0	0	0	0	0	0	0	0	0	2848	0	0	0	0	0	
369420	Paracentral_Lobule_L	33802	8056	1660	1400	0	0	164	0	0	0	0	0	114	0	0	0	418	0	9552	18672	0	0	0	0	0	0	0	0	1816	118	136	0	3686	18064	4518	3474	5568	1590	586	480	0	0	2296	446	1542	0	454	434	0	0	974	0	0	0	972	218	5628	5642	1334	0	710	0	200	0	374	0	4370	1722	0	13668	3076	818	1862	146	1038	0	16246	4348	192	0	494	0	0	0	314	0	0	0	958	0	0	0	0	0	0	0	0	160	0	0	0	0	0	0	0	0	0	0	0	0	200	0	0	0	0	0	
389944	Paracentral_Lobule_R	4434	20590	624	274	0	0	164	0	0	0	0	0	92	0	0	0	132	518	1600	25758	0	0	0	0	0	0	0	0	440	100	0	0	3920	34384	4442	5362	950	2358	0	276	0	0	88	3066	0	2542	0	460	0	1968	0	672	0	264	0	3276	1168	22698	0	1842	0	0	0	136	0	0	604	8942	13668	0	1250	7324	118	0	0	0	3418	11184	0	0	0	1000	0	0	0	530	0	0	0	2200	0	0	0	0	0	0	0	0	0	0	0	0	0	0	0	0	0	0	0	0	136	0	0	0	0	0	
351052	Caudate_L	8394	748	18348	8404	2776	0	5902	2596	0	0	298	212	1978	0	830	1334	1114	288	9150	7640	4838	6256	3076	274	894	174	6134	180	6528	384	9918	4278	154	1302	0	0	1008	820	0	132	152	0	0	0	0	0	0	0	0	0	0	0	0	0	0	102	1814	0	0	0	370	0	0	0	0	0	0	98	3076	1250	0	12564	19614	2722	3064	512	10732	2948	0	0	146	0	0	0	0	0	0	0	0	0	0	0	0	0	0	0	0	0	0	0	0	0	0	0	0	0	0	0	0	0	0	0	0	0	0	0	
440608	Caudate_R	824	8166	1910	17874	636	3698	776	1864	0	414	0	1008	210	278	150	6260	180	472	8670	32832	2280	5012	1504	8552	542	5788	926	3506	920	2926	3884	15884	0	4908	0	110	112	1484	0	286	0	0	0	204	0	0	0	130	0	0	0	0	0	0	0	122	0	0	0	0	0	0	0	0	0	0	0	362	818	7324	12564	0	5246	21964	152	2076	3294	21202	0	0	0	0	0	0	0	0	0	0	0	0	0	0	0	0	0	0	0	0	0	0	0	0	0	0	0	0	0	0	0	0	0	0	0	0	0	0	
463120	Putamen_L	17296	746	29490	5402	4622	0	11626	440	602	0	3218	0	4286	0	4516	164	1014	0	9306	2526	2416	3622	5708	456	148	126	2118	0	30258	0	12480	4242	686	238	0	0	20674	520	794	0	772	0	132	0	0	0	0	0	0	0	470	0	0	0	3340	0	1644	0	154	0	526	0	136	0	92	0	138	0	1862	118	19614	5246	0	1188	8298	0	1020	0	220	0	1798	0	1236	0	638	0	0	0	3178	0	0	0	0	0	0	0	0	0	0	0	0	0	0	0	0	0	0	0	0	0	0	0	0	0	0	0	
407984	Putamen_R	206	4066	830	19184	402	2264	178	11792	0	1072	0	5690	0	5026	0	4226	0	3010	8632	16122	112	302	1124	7356	314	3344	168	740	290	22054	2342	12710	158	2152	166	304	186	22022	0	5796	0	1138	0	0	0	0	0	0	0	0	0	0	0	0	0	3616	0	100	0	0	0	0	0	0	0	0	0	258	146	0	2722	21964	1188	0	0	2704	516	2516	88	0	0	2280	0	158	0	0	0	0	0	258	0	0	0	0	0	0	0	0	0	0	0	0	0	0	0	0	0	0	0	0	0	0	0	0	0	0	
65280	Pallidum_L	7340	106	5702	0	0	0	696	0	0	0	0	0	0	0	0	0	196	0	310	148	0	0	0	0	0	0	0	0	462	0	0	0	0	0	0	0	2874	0	0	0	0	0	0	0	0	0	0	0	0	0	0	0	0	0	0	0	384	0	102	0	94	0	0	0	0	0	0	0	1038	0	3064	152	8298	0	0	0	1674	0	0	0	0	0	0	0	0	0	0	0	0	0	0	0	0	0	0	0	0	0	0	0	0	0	0	0	0	0	0	0	0	0	0	0	0	0	0	0	
20328	Pallidum_R	0	354	0	748	0	0	0	622	0	0	0	0	0	0	0	0	0	0	326	1534	0	0	0	0	0	0	0	0	0	0	0	0	0	0	0	0	0	732	0	406	0	0	0	0	0	0	0	0	0	0	0	0	0	0	0	150	0	0	0	0	0	0	0	0	0	0	0	0	0	0	512	2076	0	2704	0	0	0	0	0	0	0	0	0	0	0	0	0	0	0	0	0	0	0	0	0	0	0	0	0	0	0	0	0	0	0	0	0	0	0	0	0	0	0	0	0	0	
219596	Thalamus_L	18046	790	460	332	0	0	1188	0	0	0	0	112	572	0	0	0	912	100	916	3940	0	0	0	0	0	0	0	0	3514	290	0	0	0	3062	1204	2614	6222	2174	1698	1282	0	0	172	0	0	0	172	748	0	0	256	0	150	0	1948	542	1268	0	880	0	534	0	106	0	0	0	134	1898	16246	3418	10732	3294	1020	516	1674	0	0	12804	494	0	146	0	0	0	110	0	0	0	750	0	0	0	0	0	0	0	0	358	0	0	0	0	0	0	0	0	0	0	0	0	0	0	0	0	0	0	
265492	Thalamus_R	4738	10218	0	4108	0	0	352	392	0	0	0	308	184	0	0	0	484	316	0	20472	0	0	0	128	0	0	0	0	1378	958	0	144	0	7690	3130	4104	3514	6924	206	2436	0	0	0	192	0	0	0	562	0	0	0	0	0	0	332	1062	128	228	0	100	0	0	0	0	0	0	0	1674	4348	11184	2948	21202	0	2516	0	0	12804	0	990	0	0	0	0	0	0	0	0	0	94	0	0	0	0	0	0	0	0	198	0	0	0	0	0	0	0	0	0	0	0	0	0	0	0	0	0	0	
124644	Heschl_L	6090	332	236	228	0	0	578	0	0	0	646	0	136	0	0	0	5628	0	0	318	0	0	0	0	0	0	0	0	10002	88	0	0	0	0	3232	2422	5762	1678	0	742	0	0	644	0	0	0	116	798	0	0	898	0	318	0	2280	430	3262	0	210	0	330	0	1696	0	0	0	788	908	192	0	0	0	220	88	0	0	494	990	0	0	3278	0	0	0	2792	0	0	0	2692	0	0	0	0	0	0	0	0	412	0	0	0	0	0	0	0	0	0	0	0	0	368	0	0	0	0	0	
38476	Heschl_R	0	386	0	690	0	0	0	238	0	0	0	326	0	0	0	0	0	2600	0	274	0	0	0	0	0	0	0	0	0	1618	0	0	0	0	0	0	0	726	0	312	0	0	0	0	0	480	0	0	0	470	0	0	0	0	0	2206	0	102	0	0	0	0	0	0	0	0	0	334	0	0	0	0	0	0	0	0	0	0	0	0	0	4914	0	240	0	1038	0	0	0	2284	0	0	0	0	0	0	0	0	0	0	0	0	0	0	0	0	0	0	0	0	0	0	0	0	0	0	
205480	Temporal_Sup_L	3286	0	654	122	0	0	642	0	0	0	1914	0	202	0	0	0	9796	0	528	98	0	0	0	0	0	0	0	0	7188	0	0	0	0	0	0	0	1518	0	0	0	0	0	96	0	0	0	0	0	270	0	2262	0	524	0	1182	0	6372	0	1162	0	4334	0	11820	0	3026	0	428	0	494	0	146	0	1798	0	0	0	146	0	3278	0	0	0	2808	0	27050	0	0	0	9596	0	0	0	0	0	0	0	0	0	0	0	0	0	0	0	0	0	0	0	0	0	0	0	0	0	0	0	
175464	Temporal_Sup_R	0	1638	0	1414	0	0	0	634	0	0	0	1228	0	206	0	0	0	9076	194	920	0	0	0	0	0	0	0	0	0	6402	0	0	0	530	0	0	0	1642	0	798	0	0	0	170	0	4518	0	0	0	4152	0	448	0	0	0	5278	0	1678	0	388	0	232	0	8150	0	932	310	3236	0	1000	0	0	0	2280	0	0	0	0	0	4914	0	0	0	3120	0	14774	0	340	0	7018	0	0	0	0	0	0	0	0	0	112	0	0	0	0	0	0	0	0	0	0	0	0	0	0	0	0	
73292	Temporal_Pole_Sup_L	0	0	926	0	138	0	378	0	224	0	1642	0	1020	0	2708	0	970	0	748	0	490	0	0	0	0	0	0	0	4648	0	0	0	0	0	0	0	1534	0	374	0	1168	0	0	0	0	0	0	0	0	0	0	0	0	0	1296	0	0	0	0	0	0	0	0	0	0	0	0	0	0	0	0	0	1236	0	0	0	0	0	0	0	2808	0	0	0	6912	0	3288	0	4138	0	0	0	0	0	0	0	0	0	0	0	0	0	0	0	0	0	0	0	0	0	0	0	0	0	0	0	
57940	Temporal_Pole_Sup_R	0	0	0	634	0	0	0	0	0	0	0	750	0	0	0	766	0	1036	154	534	0	0	0	0	0	0	0	0	0	2290	0	0	0	0	0	0	0	1052	0	2850	0	2206	0	0	0	0	0	0	0	0	0	0	0	0	0	4884	0	0	0	0	0	0	0	0	0	0	0	0	0	0	0	0	0	158	0	0	0	0	0	240	0	3120	0	0	0	2774	0	3190	0	2332	0	0	0	0	0	0	0	0	0	0	0	0	0	0	0	0	0	0	0	0	0	0	0	0	0	0	
397660	Temporal_Mid_L	8626	0	0	0	0	0	500	0	0	0	2904	0	0	0	0	0	3646	0	0	0	0	0	0	0	0	0	0	0	2826	0	0	0	0	0	0	0	760	0	0	0	0	0	0	0	0	0	0	0	9734	0	27634	0	4200	0	2684	0	9630	0	14644	0	15226	0	8078	0	15868	0	674	0	314	0	0	0	638	0	0	0	110	0	2792	0	27050	0	6912	0	0	0	2836	0	30544	0	0	0	0	0	0	0	0	0	0	0	0	0	0	0	0	0	0	0	0	0	0	0	0	0	0	0	
177692	Temporal_Mid_R	0	586	0	0	0	0	0	0	0	0	0	0	0	0	0	146	0	494	0	0	0	0	0	0	0	0	0	0	0	890	0	0	0	178	0	0	0	276	0	146	0	0	0	3446	0	5054	0	408	0	6608	0	12510	0	748	0	4568	0	544	0	1398	0	660	0	3788	0	2966	92	3412	0	530	0	0	0	0	0	0	0	0	0	1038	0	14774	0	2774	0	0	0	2740	0	18072	0	0	0	0	0	0	0	0	0	0	0	0	0	0	0	0	0	0	0	0	0	0	0	0	0	0	
18196	Temporal_Pole_Mid_L	0	0	0	0	0	0	0	0	0	0	0	0	0	0	0	0	0	0	0	0	0	0	0	0	0	0	0	0	0	0	0	0	0	0	0	0	88	0	0	0	0	0	0	0	0	0	0	0	0	0	0	0	0	0	896	0	0	0	0	0	0	0	0	0	0	0	0	0	0	0	0	0	0	0	0	0	0	0	0	0	0	0	3288	0	2836	0	0	0	1990	0	0	0	0	0	0	0	0	0	0	0	0	0	0	0	0	0	0	0	0	0	0	0	0	0	0	0	
20424	Temporal_Pole_Mid_R	0	0	0	0	0	0	0	0	0	0	0	0	0	0	0	0	0	0	0	0	0	0	0	0	0	0	0	0	0	0	0	0	0	0	0	0	0	0	0	610	0	0	0	0	0	0	0	0	0	0	0	0	0	0	0	1426	0	0	0	0	0	0	0	0	0	0	0	0	0	0	0	0	0	0	0	0	0	0	0	0	0	340	0	3190	0	2740	0	0	0	1906	0	0	0	0	0	0	0	0	0	0	0	0	0	0	0	0	0	0	0	0	0	0	0	0	0	0	
309736	Temporal_Inf_L	10418	0	564	0	0	0	1292	0	0	0	2382	0	0	0	0	0	2792	0	0	0	0	0	0	0	0	0	0	0	4758	0	0	0	0	0	288	226	9306	130	684	0	1758	0	520	0	0	0	0	0	6362	0	14368	0	5468	0	16258	0	7690	0	7450	0	1936	0	1934	0	748	0	708	110	958	0	0	0	3178	0	0	0	750	94	2692	0	9596	0	4138	0	30544	0	1990	0	0	0	1978	0	318	0	0	0	0	0	298	0	184	0	0	0	0	0	0	0	0	0	0	0	0	0	0	0	
192020	Temporal_Inf_R	0	3156	0	656	0	0	0	130	0	0	0	0	0	0	0	104	0	838	0	470	0	0	0	0	0	0	0	0	0	1030	0	0	0	568	0	240	0	1388	0	282	0	128	0	3890	166	4600	0	1002	0	5104	0	2186	0	3854	0	19938	0	2238	0	1024	0	0	0	1098	0	708	0	4216	0	2200	0	0	0	258	0	0	0	0	0	2284	0	7018	0	2332	0	18072	0	1906	0	0	0	2318	0	0	0	0	0	0	0	608	0	0	0	0	0	0	0	0	0	0	0	0	0	0	0	0	
539388	Cerebelum_Crus1_L	0	0	0	0	0	0	0	0	0	0	0	0	0	0	0	0	0	0	0	0	0	0	0	0	0	0	0	0	0	0	0	0	0	0	0	0	0	0	0	0	0	0	0	0	0	0	18230	966	0	0	0	0	106	0	22344	206	0	0	0	0	0	0	0	0	0	0	0	0	0	0	0	0	0	0	0	0	0	0	0	0	0	0	0	0	0	0	0	0	1978	0	0	9170	42122	6258	1798	812	23190	2036	61646	8912	14986	946	15716	1130	2822	824	444	114	88	188	8940	5436	12610	3190	2370	116	
557948	Cerebelum_Crus1_R	0	0	0	0	0	0	0	0	0	0	0	0	0	0	0	0	0	0	0	0	0	0	0	0	0	0	0	0	0	0	0	0	0	0	0	0	0	0	0	0	0	0	0	0	0	0	5378	3262	0	0	0	0	0	0	860	8048	0	0	0	0	0	0	0	0	0	0	0	0	0	0	0	0	0	0	0	0	0	0	0	0	0	0	0	0	0	0	0	0	0	2318	9170	0	9406	38572	582	3352	3994	21652	10246	65922	1158	4452	2034	17816	1340	4056	0	208	1746	2430	14838	12712	20474	6508	5834	606	
435820	Cerebelum_Crus2_L	0	0	0	0	0	0	0	0	0	0	0	0	0	0	0	0	0	0	0	0	0	0	0	0	0	0	0	0	0	0	0	0	0	0	0	0	0	0	0	0	0	0	0	0	0	0	4712	160	0	0	0	0	0	0	2766	0	0	0	0	0	0	0	0	0	0	0	0	0	0	0	0	0	0	0	0	0	0	0	0	0	0	0	0	0	0	0	0	0	318	0	42122	9406	0	15250	666	1368	5998	1534	14938	6366	37118	3080	32074	1570	4128	1358	390	0	352	618	3144	2908	16028	6458	2894	186	
375720	Cerebelum_Crus2_R	0	0	0	0	0	0	0	0	0	0	0	0	0	0	0	0	0	0	0	0	0	0	0	0	0	0	0	0	0	0	0	0	0	0	0	0	0	0	0	0	0	0	0	0	0	0	2424	296	0	0	0	0	0	0	496	174	0	0	0	0	0	0	0	0	0	0	0	0	0	0	0	0	0	0	0	0	0	0	0	0	0	0	0	0	0	0	0	0	0	0	6258	38572	15250	0	548	1752	2506	2204	5692	13572	3698	18204	4058	26268	1568	2978	0	982	828	1142	4176	3760	18456	7834	3902	262	
36032	Cerebelum_3_L	0	0	0	0	0	0	0	0	0	0	0	0	0	0	0	0	0	0	0	0	0	0	0	0	0	0	0	0	0	0	0	0	0	0	0	0	0	0	0	0	0	0	0	0	0	0	0	0	0	0	0	0	0	0	0	0	0	0	0	0	0	0	0	0	0	0	0	0	0	0	0	0	0	0	0	0	0	0	0	0	0	0	0	0	0	0	0	0	0	0	1798	582	666	548	0	114	4604	96	2440	620	100	0	396	110	1304	126	0	0	634	1542	552	660	652	252	220	0	
79592	Cerebelum_3_R	0	0	0	0	0	0	0	0	0	0	0	0	0	0	0	0	0	0	0	0	0	0	0	0	0	0	0	0	0	0	0	0	0	0	0	0	0	88	0	278	0	0	0	0	0	0	694	252	0	0	0	0	0	0	0	180	0	0	0	0	0	0	0	0	0	0	0	0	0	0	0	0	0	0	0	0	0	0	0	0	0	0	0	0	0	0	0	0	0	0	812	3352	1368	1752	114	0	1200	4428	972	5306	168	0	124	564	90	1456	0	0	1500	4260	2644	126	2070	2868	3130	0	
326272	Cerebelum_4_5_L	0	0	0	0	0	0	0	0	0	0	0	0	0	0	0	0	0	0	0	0	0	0	0	0	0	0	0	0	0	0	0	0	0	0	0	0	138	88	748	0	0	0	298	0	0	0	16338	1530	0	0	0	0	0	0	8032	420	0	0	0	0	0	0	0	0	0	0	0	0	0	0	0	0	0	0	0	0	0	0	0	0	0	0	0	0	0	0	0	0	0	0	23190	3994	5998	2506	4604	1200	0	4044	35350	6066	3048	0	3242	1364	3038	1848	108	148	660	1148	19336	3588	2820	3204	4000	1040	
251008	Cerebelum_4_5_R	366	0	0	0	0	0	0	0	0	0	0	0	0	0	0	0	0	0	0	0	0	0	0	0	0	0	0	0	218	0	0	0	0	0	768	1252	794	1852	160	3124	0	0	0	460	0	0	2588	6236	0	0	0	0	0	308	888	5848	0	0	0	0	0	0	0	0	0	0	0	1826	160	0	0	0	0	0	0	0	358	198	412	0	0	0	0	0	0	0	0	0	0	0	2036	21652	1534	2204	96	4428	4044	0	3170	30156	344	88	230	1092	94	868	0	262	0	1092	17432	306	1784	2332	2444	0	
523528	Cerebelum_6_L	0	0	0	0	0	0	0	0	0	0	0	0	0	0	0	0	0	0	0	0	0	0	0	0	0	0	0	0	0	0	0	0	0	0	0	0	0	0	150	0	0	0	172	0	0	0	25190	2588	0	0	0	0	130	0	25382	464	0	0	0	0	0	0	0	0	0	0	0	0	0	0	0	0	0	0	0	0	0	0	0	0	0	0	0	0	0	0	0	0	298	0	61646	10246	14938	5692	2440	972	35350	3170	0	11232	5972	0	5350	1270	2902	1518	204	156	528	586	15428	10698	10582	2988	3308	214	
530360	Cerebelum_6_R	0	0	0	0	0	0	0	0	0	0	0	0	0	0	0	0	0	0	0	0	0	0	0	0	0	0	0	0	0	0	0	0	0	0	0	0	0	0	0	0	0	0	0	158	0	0	5498	5764	0	124	0	0	0	264	702	10058	0	0	0	0	0	0	0	0	0	0	0	0	0	0	0	0	0	0	0	0	0	0	0	0	0	112	0	0	0	0	0	0	0	608	8912	65922	6366	13572	620	5306	6066	30156	11232	0	928	138	1648	6558	1142	4484	0	830	2306	3564	21522	15280	18308	8128	8146	758	
256812	Cerebelum_7b_L	0	0	0	0	0	0	0	0	0	0	0	0	0	0	0	0	0	0	0	0	0	0	0	0	0	0	0	0	0	0	0	0	0	0	0	0	0	0	0	0	0	0	0	0	0	0	1030	98	0	0	0	0	0	0	948	0	0	0	0	0	0	0	0	0	0	0	0	0	0	0	0	0	0	0	0	0	0	0	0	0	0	0	0	0	0	0	0	0	184	0	14986	1158	37118	3698	100	168	3048	344	5972	928	0	1592	35118	1668	6244	266	712	0	88	88	1936	670	5572	4110	562	0	
98372	Cerebelum_7b_R	0	0	0	0	0	0	0	0	0	0	0	0	0	0	0	0	0	0	0	0	0	0	0	0	0	0	0	0	0	0	0	0	0	0	0	0	0	0	0	0	0	0	0	0	0	0	0	0	0	0	0	0	0	0	0	0	0	0	0	0	0	0	0	0	0	0	0	0	0	0	0	0	0	0	0	0	0	0	0	0	0	0	0	0	0	0	0	0	0	0	946	4452	3080	18204	0	0	0	88	0	138	1592	0	1470	13134	212	526	0	868	0	0	0	0	2888	1588	0	0	
285632	Cerebelum_8_L	0	0	0	0	0	0	0	0	0	0	0	0	0	0	0	0	0	0	0	0	0	0	0	0	0	0	0	0	0	0	0	0	0	0	0	0	0	0	0	0	0	0	0	0	0	0	692	0	0	0	0	0	0	0	448	0	0	0	0	0	0	0	0	0	0	0	0	0	0	0	0	0	0	0	0	0	0	0	0	0	0	0	0	0	0	0	0	0	0	0	15716	2034	32074	4058	396	124	3242	230	5350	1648	35118	1470	0	3066	17764	584	1968	0	172	180	2182	1106	6024	5904	1114	152	
219048	Cerebelum_8_R	0	0	0	0	0	0	0	0	0	0	0	0	0	0	0	0	0	0	0	0	0	0	0	0	0	0	0	0	0	0	0	0	0	0	0	0	0	0	0	0	0	0	0	0	0	0	184	0	0	0	0	0	0	0	0	0	0	0	0	0	0	0	0	0	0	0	0	0	0	0	0	0	0	0	0	0	0	0	0	0	0	0	0	0	0	0	0	0	0	0	1130	17816	1570	26268	110	564	1364	1092	1270	6558	1668	13134	3066	0	450	9780	0	2720	776	834	2936	1114	5102	6456	2982	580	
115644	Cerebelum_9_L	0	0	0	0	0	0	0	0	0	0	0	0	0	0	0	0	0	0	0	0	0	0	0	0	0	0	0	0	0	0	0	0	0	0	0	0	0	0	0	0	0	0	0	0	0	0	0	0	0	0	0	0	0	0	0	0	0	0	0	0	0	0	0	0	0	0	0	0	0	0	0	0	0	0	0	0	0	0	0	0	0	0	0	0	0	0	0	0	0	0	2822	1340	4128	1568	1304	90	3038	94	2902	1142	6244	212	17764	450	0	870	3508	0	214	194	1382	2762	2396	1148	1274	976	
135980	Cerebelum_9_R	0	0	0	0	0	0	0	0	0	0	0	0	0	0	0	0	0	0	0	0	0	0	0	0	0	0	0	0	0	0	0	0	0	0	0	0	0	0	0	0	0	0	0	0	0	0	630	0	0	0	0	0	0	0	0	0	0	0	0	0	0	0	0	0	0	0	0	0	0	0	0	0	0	0	0	0	0	0	0	0	0	0	0	0	0	0	0	0	0	0	824	4056	1358	2978	126	1456	1848	868	1518	4484	266	526	584	9780	870	0	0	2634	2644	2752	3814	3150	4460	5728	7964	2672	
14668	Cerebelum_10_L	0	0	0	0	0	0	0	0	0	0	0	0	0	0	0	0	0	0	0	0	0	0	0	0	0	0	0	0	0	0	0	0	0	0	0	0	0	0	0	0	0	0	0	0	0	0	0	0	0	0	0	0	0	0	0	0	0	0	0	0	0	0	0	0	0	0	0	0	0	0	0	0	0	0	0	0	0	0	0	0	0	0	0	0	0	0	0	0	0	0	444	0	390	0	0	0	108	0	204	0	712	0	1968	0	3508	0	0	0	0	0	0	0	0	0	0	0	
22452	Cerebelum_10_R	0	0	0	0	0	0	0	0	0	0	0	0	0	0	0	0	0	0	0	0	0	0	0	0	0	0	0	0	0	0	0	0	0	0	0	0	0	0	0	0	0	0	0	0	0	0	0	0	0	0	0	0	0	0	0	0	0	0	0	0	0	0	0	0	0	0	0	0	0	0	0	0	0	0	0	0	0	0	0	0	0	0	0	0	0	0	0	0	0	0	114	208	0	982	0	0	148	262	156	830	0	868	0	2720	0	2634	0	0	126	126	276	90	526	580	580	0	
56748	Vermis_1_2	0	0	0	0	0	0	0	0	0	0	0	0	0	0	0	0	0	0	0	0	0	0	0	0	0	0	0	0	0	0	0	0	0	0	0	0	0	0	0	0	0	0	0	0	0	0	0	0	0	0	0	0	0	0	0	0	0	0	0	0	0	0	0	0	0	0	0	0	0	0	0	0	0	0	0	0	0	0	0	0	0	0	0	0	0	0	0	0	0	0	88	1746	352	828	634	1500	660	0	528	2306	88	0	172	776	214	2644	0	126	0	6204	1644	960	1886	2076	2838	104	
76544	Vermis_3	0	0	0	0	0	0	0	0	0	0	0	0	0	0	0	0	0	0	0	0	0	0	0	0	0	0	0	0	0	0	0	0	0	0	0	0	0	0	0	0	0	0	0	0	0	0	0	0	0	0	0	0	0	0	0	0	0	0	0	0	0	0	0	0	0	0	0	0	0	0	0	0	0	0	0	0	0	0	0	0	0	0	0	0	0	0	0	0	0	0	188	2430	618	1142	1542	4260	1148	1092	586	3564	88	0	180	834	194	2752	0	126	6204	0	2262	810	2148	2658	3332	114	
