data	data	433032	303580	812128	656168	127520	152560	525872	225484	104544	16676	153892	186536	241284	168236	208444	79572	155528	109492	544432	808168	84172	86816	252988	260892	30872	108756	70588	85516	532256	241824	217576	404516	137476	537312	155408	246804	297244	292584	107768	110388	29560	48372	261240	378076	219280	402300	353492	370808	214160	470096	433892	273108	213128	165264	484296	440420	227512	276304	130628	281836	276712	250768	148228	175976	167504	210468	351872	550440	315808	202812	299616	379324	243444	193940	38112	32400	199768	257548	82884	20032	166896	84936	103228	61212	322188	144376	15452	9360	298376	198528	568908	580280	457396	467176	66160	56452	352016	211672	570012	451424	280640	189224	348364	366120	242580	258636	86920	21668	35756	90016	226952	241532	305688	199628	158964	81740	
data	data	Precentral_L	Precentral_R	Frontal_Sup_L	Frontal_Sup_R	Frontal_Sup_Orb_L	Frontal_Sup_Orb_R	Frontal_Mid_L	Frontal_Mid_R	Frontal_Mid_Orb_L	Frontal_Mid_Orb_R	Frontal_Inf_Oper_L	Frontal_Inf_Oper_R	Frontal_Inf_Tri_L	Frontal_Inf_Tri_R	Frontal_Inf_Orb_L	Frontal_Inf_Orb_R	Rolandic_Oper_L	Rolandic_Oper_R	Supp_Motor_Area_L	Supp_Motor_Area_R	Olfactory_L	Olfactory_R	Frontal_Sup_Medial_L	Frontal_Sup_Medial_R	Frontal_Med_Orb_L	Frontal_Med_Orb_R	Rectus_L	Rectus_R	Insula_L	Insula_R	Cingulum_Ant_L	Cingulum_Ant_R	Cingulum_Mid_L	Cingulum_Mid_R	Cingulum_Post_L	Cingulum_Post_R	Hippocampus_L	Hippocampus_R	ParaHippocampal_L	ParaHippocampal_R	Amygdala_L	Amygdala_R	Calcarine_L	Calcarine_R	Cuneus_L	Cuneus_R	Lingual_L	Lingual_R	Occipital_Sup_L	Occipital_Sup_R	Occipital_Mid_L	Occipital_Mid_R	Occipital_Inf_L	Occipital_Inf_R	Fusiform_L	Fusiform_R	Postcentral_L	Postcentral_R	Parietal_Sup_L	Parietal_Sup_R	Parietal_Inf_L	Parietal_Inf_R	SupraMarginal_L	SupraMarginal_R	Angular_L	Angular_R	Precuneus_L	Precuneus_R	Paracentral_Lobule_L	Paracentral_Lobule_R	Caudate_L	Caudate_R	Putamen_L	Putamen_R	Pallidum_L	Pallidum_R	Thalamus_L	Thalamus_R	Heschl_L	Heschl_R	Temporal_Sup_L	Temporal_Sup_R	Temporal_Pole_Sup_L	Temporal_Pole_Sup_R	Temporal_Mid_L	Temporal_Mid_R	Temporal_Pole_Mid_L	Temporal_Pole_Mid_R	Temporal_Inf_L	Temporal_Inf_R	Cerebelum_Crus1_L	Cerebelum_Crus1_R	Cerebelum_Crus2_L	Cerebelum_Crus2_R	Cerebelum_3_L	Cerebelum_3_R	Cerebelum_4_5_L	Cerebelum_4_5_R	Cerebelum_6_L	Cerebelum_6_R	Cerebelum_7b_L	Cerebelum_7b_R	Cerebelum_8_L	Cerebelum_8_R	Cerebelum_9_L	Cerebelum_9_R	Cerebelum_10_L	Cerebelum_10_R	Vermis_1_2	Vermis_3	Vermis_4_5	Vermis_6	Vermis_7	Vermis_8	Vermis_9	Vermis_10	
433032	Precentral_L	0	0	19572	1128	0	0	15976	0	116	0	8100	0	1870	0	158	0	6582	0	18332	12966	0	0	282	0	0	0	0	0	13350	0	364	0	2312	5626	2868	954	8110	662	540	74	0	0	252	0	692	0	0	0	530	0	852	0	614	0	626	0	19166	0	1366	0	4734	0	3436	0	130	0	1530	146	22922	0	5014	582	7900	0	2418	0	10658	916	5572	0	2384	0	596	0	1934	0	0	0	1604	0	0	0	0	0	0	0	0	0	0	0	0	0	0	0	0	0	0	0	0	0	0	0	0	0	0	0	
303580	Precentral_R	0	0	512	18066	0	0	118	12274	0	0	110	5060	126	126	0	0	0	2308	746	8544	0	0	0	0	0	0	0	0	172	5134	0	466	0	9032	576	3110	1150	2514	228	270	0	0	0	2558	0	1492	0	292	0	3722	0	2214	0	608	158	732	0	18628	0	3332	0	3488	0	3122	0	1966	0	7088	0	12082	488	1982	0	7352	0	2796	228	5312	0	216	0	302	0	0	0	274	0	0	0	716	0	0	0	0	0	0	0	0	0	0	0	0	0	0	0	0	0	0	0	0	0	0	0	0	0	0	
812128	Frontal_Sup_L	19572	512	0	10256	5440	452	72670	670	3518	0	6320	190	15500	0	7384	362	7136	184	56982	25228	308	0	30748	2124	1502	290	0	0	28930	284	8902	5246	6080	3056	866	752	6562	562	234	0	82	0	0	0	0	0	0	0	0	0	82	0	142	0	1080	0	2340	0	118	0	636	0	242	0	0	0	0	114	5856	0	17446	11060	19944	80	2694	0	5390	876	1804	0	2794	0	2986	82	384	0	0	0	1010	0	0	0	0	0	0	0	0	0	0	0	0	0	0	0	0	0	0	0	0	0	0	0	0	0	0	0	
656168	Frontal_Sup_R	1128	18066	10256	0	0	9152	2922	26524	0	0	306	9584	284	8082	110	3256	0	4970	19142	57128	0	0	4776	30666	0	3674	0	268	502	9256	3818	29054	670	18670	152	146	816	2134	132	516	0	0	0	88	0	0	0	0	0	572	0	566	0	0	94	522	0	1042	0	344	0	622	0	816	0	0	0	382	994	116	2242	18646	148	7990	0	3706	184	11312	0	266	0	264	0	758	0	0	0	0	0	250	0	0	0	0	0	0	0	0	0	0	0	0	0	0	0	0	0	0	0	0	0	0	0	0	0	0	
127520	Frontal_Sup_Orb_L	0	0	5440	0	0	472	2394	0	8184	0	0	0	1676	0	6356	102	0	0	0	164	3378	1432	3646	0	3674	260	9094	724	3312	0	4502	86	0	0	0	0	0	0	0	0	0	0	0	0	0	0	0	0	0	0	0	0	0	0	0	0	0	0	0	0	0	0	0	0	0	0	0	0	0	0	4360	982	3046	0	0	0	0	0	0	0	0	0	476	0	0	0	0	0	0	0	0	0	0	0	0	0	0	0	0	0	0	0	0	0	0	0	0	0	0	0	0	0	0	0	0	0	
152560	Frontal_Sup_Orb_R	0	0	452	9152	472	0	0	432	0	2464	0	414	0	1500	522	2326	0	0	498	758	1648	3054	618	10070	130	10606	540	9652	104	1170	1476	8144	0	904	0	0	0	0	0	0	0	0	0	0	0	0	0	0	0	0	0	0	0	0	0	0	0	0	0	0	0	0	0	0	0	0	0	0	0	0	1626	5460	194	1894	0	0	0	0	0	0	0	0	0	0	0	0	0	0	0	0	0	0	0	0	0	0	0	0	0	0	0	0	0	0	0	0	0	0	0	0	0	0	0	0	0	0	
525872	Frontal_Mid_L	15976	118	72670	2922	2394	0	0	128	3570	0	7176	0	28800	0	10040	0	4386	0	11596	4282	274	0	15352	378	204	84	0	0	30298	90	5268	918	5446	240	714	744	3738	542	142	0	74	0	0	0	0	0	0	0	0	0	0	0	0	0	372	0	880	0	0	0	390	0	444	0	0	0	0	102	82	0	11068	3482	8198	0	352	0	1454	538	2168	0	1884	0	2370	0	210	0	0	0	378	0	0	0	0	0	0	0	0	0	0	0	0	0	0	0	0	0	0	0	0	0	0	0	0	0	0	0	
225484	Frontal_Mid_R	0	12274	670	26524	0	432	128	0	0	232	130	9230	146	16364	0	2722	0	2774	3254	5104	0	0	250	2706	0	462	0	0	190	4272	300	4568	0	3668	0	0	92	406	0	156	0	0	0	0	0	0	0	0	0	198	0	190	0	0	0	154	0	824	0	222	0	444	0	564	0	0	0	204	0	0	734	3422	0	5188	0	2536	0	240	0	274	0	272	0	100	0	0	0	0	0	122	0	0	0	0	0	0	0	0	0	0	0	0	0	0	0	0	0	0	0	0	0	0	0	0	0	0	
104544	Frontal_Mid_Orb_L	116	0	3518	0	8184	0	3570	0	0	0	316	0	3326	0	13438	0	0	0	0	470	488	0	0	0	270	0	2792	0	9254	0	442	0	0	0	0	0	82	0	0	0	74	0	0	0	0	0	0	0	0	0	0	0	0	0	0	0	0	0	0	0	0	0	0	0	0	0	0	0	0	0	728	0	4474	0	190	0	0	0	0	0	0	0	540	0	0	0	0	0	0	0	0	0	0	0	0	0	0	0	0	0	0	0	0	0	0	0	0	0	0	0	0	0	0	0	0	0	
16676	Frontal_Mid_Orb_R	0	0	0	0	0	2464	0	232	0	0	0	0	0	142	0	2516	0	0	0	0	0	0	0	0	0	764	0	1228	0	394	0	198	0	0	0	0	0	0	0	0	0	0	0	0	0	0	0	0	0	0	0	0	0	0	0	0	0	0	0	0	0	0	0	0	0	0	0	0	0	0	0	0	0	400	0	0	0	0	0	0	0	0	0	0	0	0	0	0	0	0	0	0	0	0	0	0	0	0	0	0	0	0	0	0	0	0	0	0	0	0	0	0	0	0	0	0	
153892	Frontal_Inf_Oper_L	8100	110	6320	306	0	0	7176	130	316	0	0	0	9974	0	588	0	8742	0	406	1992	0	0	1172	86	0	0	0	0	14732	0	1834	386	172	120	0	0	236	0	0	0	0	0	0	0	0	0	0	0	0	0	0	0	0	0	98	0	2364	0	0	0	110	0	0	0	0	0	0	0	116	0	1084	410	1128	0	320	0	0	0	330	0	1818	0	6182	0	0	0	0	0	88	0	0	0	0	0	0	0	0	0	0	0	0	0	0	0	0	0	0	0	0	0	0	0	0	0	0	0	
186536	Frontal_Inf_Oper_R	0	5060	190	9584	0	414	0	9230	0	0	0	0	0	16414	0	556	0	5028	1854	5790	0	0	78	750	0	294	0	0	0	17716	528	5310	0	1754	0	0	0	1284	0	0	0	0	0	0	0	0	0	0	0	152	0	136	0	0	0	0	0	1198	0	74	0	92	0	98	0	0	0	92	0	0	0	386	0	7112	0	284	0	146	0	0	0	0	0	1664	0	0	0	0	0	0	0	0	0	0	0	0	0	0	0	0	0	0	0	0	0	0	0	0	0	0	0	0	0	0	0	0	
241284	Frontal_Inf_Tri_L	1870	126	15500	284	1676	0	28800	146	3326	0	9974	0	0	0	16028	0	988	0	2220	896	158	0	5266	84	0	0	0	0	20996	0	3854	408	1826	88	0	0	94	0	0	0	0	0	0	0	0	0	0	0	0	0	0	0	0	0	0	0	584	0	0	0	0	0	0	0	0	0	0	0	0	0	766	542	2542	0	160	0	0	0	0	0	246	0	1194	0	0	0	0	0	0	0	0	0	0	0	0	0	0	0	0	0	0	0	0	0	0	0	0	0	0	0	0	0	0	0	0	0	
168236	Frontal_Inf_Tri_R	0	126	0	8082	0	1500	0	16364	0	142	0	16414	0	0	0	5654	0	118	2330	4708	0	0	480	3322	0	632	0	0	0	8818	520	7144	0	4904	0	0	0	260	0	0	0	0	0	0	0	0	0	0	0	0	0	0	0	0	0	0	0	0	0	0	0	0	0	0	0	0	0	0	0	0	0	206	0	2316	0	0	0	0	0	0	0	0	0	78	0	0	0	0	0	0	0	0	0	0	0	0	0	0	0	0	0	0	0	0	0	0	0	0	0	0	0	0	0	0	0	0	
208444	Frontal_Inf_Orb_L	158	0	7384	110	6356	522	10040	0	13438	0	588	0	16028	0	0	108	76	0	498	762	3552	1446	998	0	0	0	2828	778	20906	0	1436	106	736	0	0	0	100	0	0	0	0	0	0	0	0	0	0	0	0	0	0	0	0	0	0	0	0	0	0	0	0	0	0	0	0	0	0	0	0	0	3658	1262	8070	0	474	0	0	0	0	0	82	0	1722	0	0	0	0	0	0	0	0	0	0	0	0	0	0	0	0	0	0	0	0	0	0	0	0	0	0	0	0	0	0	0	0	0	
79572	Frontal_Inf_Orb_R	0	0	362	3256	102	2326	0	2722	0	2516	0	556	0	5654	108	0	0	0	368	1740	342	1170	164	1100	0	628	104	1480	0	4960	426	1728	0	944	0	0	0	0	0	0	0	0	0	0	0	0	0	0	0	0	0	0	0	0	0	0	0	0	0	0	0	0	0	0	0	0	0	0	0	0	366	3368	0	2108	0	0	0	0	0	0	0	312	0	876	0	0	0	0	0	0	0	0	0	0	0	0	0	0	0	0	0	0	0	0	0	0	0	0	0	0	0	0	0	0	0	0	
155528	Rolandic_Oper_L	6582	0	7136	0	0	0	4386	0	0	0	8742	0	988	0	76	0	0	0	536	1548	0	0	530	0	0	0	0	0	14790	0	302	0	100	0	0	0	252	0	0	0	0	0	98	0	258	0	0	0	316	0	498	0	108	0	0	0	6712	0	250	0	588	0	1420	0	0	0	372	0	628	0	3068	86	374	0	270	0	0	0	4484	0	6006	0	5202	0	696	0	0	0	362	0	0	0	0	0	0	0	0	0	0	0	0	0	0	0	0	0	0	0	0	0	0	0	0	0	0	0	
109492	Rolandic_Oper_R	0	2308	184	4970	0	0	0	2774	0	0	0	5028	0	118	0	0	0	0	392	1922	0	0	0	0	0	0	0	0	0	13934	160	930	0	138	0	0	0	242	0	0	0	0	0	0	0	0	0	0	0	478	0	456	0	0	0	0	0	4638	0	1246	0	2168	0	3694	0	194	0	472	0	0	80	302	0	1662	0	386	0	172	0	1216	0	2144	0	2212	0	126	0	0	0	0	0	0	0	0	0	0	0	0	0	0	0	0	0	0	0	0	0	0	0	0	0	0	0	0	0	0	
544432	Supp_Motor_Area_L	18332	746	56982	19142	0	498	11596	3254	0	0	406	1854	2220	2330	498	368	536	392	0	50956	0	0	4768	2524	0	352	0	0	2992	584	1612	8880	7812	25784	168	78	1460	0	0	0	0	0	102	0	122	0	0	0	0	0	0	0	0	0	392	0	1268	114	106	0	338	0	0	0	0	0	176	0	19022	0	4452	9578	3982	78	2168	0	1904	408	0	0	288	0	0	102	114	0	0	0	378	0	0	0	0	0	0	0	0	0	0	0	0	0	0	0	0	0	0	0	0	0	0	0	0	0	0	0	
808168	Supp_Motor_Area_R	12966	8544	25228	57128	164	758	4282	5104	470	0	1992	5790	896	4708	762	1740	1548	1922	50956	0	0	0	1458	6678	0	406	0	0	2718	4030	2202	14152	3244	53326	1254	4302	410	1628	0	470	0	0	114	658	274	1472	0	0	0	1926	0	522	0	412	120	778	76	2074	0	3010	0	3012	0	1138	0	1842	386	3826	18102	13278	5004	24222	3354	350	118	542	4320	29212	0	0	388	0	974	622	0	218	0	0	88	416	0	0	0	0	0	0	0	0	0	0	0	0	0	0	0	0	0	0	0	0	0	0	0	0	0	0	
84172	Olfactory_L	0	0	308	0	3378	1648	274	0	488	0	0	0	158	0	3552	342	0	0	0	0	0	5262	0	0	0	324	3238	2208	2472	0	3790	1100	0	0	0	0	0	0	108	0	86	0	0	0	0	0	0	0	0	0	0	0	0	0	0	0	0	0	0	0	0	0	0	0	0	0	0	0	0	0	8050	3680	934	342	0	0	0	0	0	0	0	0	344	0	0	0	0	0	0	0	0	0	0	0	0	0	0	0	0	0	0	0	0	0	0	0	0	0	0	0	0	0	0	0	0	0	
86816	Olfactory_R	0	0	0	0	1432	3054	0	0	0	0	0	0	0	0	1446	1170	0	0	0	0	5262	0	0	100	88	2654	1288	4068	422	512	3600	4566	0	0	0	0	0	148	0	196	0	198	0	0	0	0	0	0	0	0	0	0	0	0	0	0	0	0	0	0	0	0	0	0	0	0	0	0	0	0	6066	6142	288	708	0	0	0	0	0	0	0	0	0	0	0	0	0	0	0	0	0	0	0	0	0	0	0	0	0	0	0	0	0	0	0	0	0	0	0	0	0	0	0	0	0	0	
252988	Frontal_Sup_Medial_L	282	0	30748	4776	3646	618	15352	250	0	0	1172	78	5266	480	998	164	530	0	4768	1458	0	0	0	10296	3506	964	846	0	5840	0	14786	6132	5546	5430	0	0	0	0	0	0	0	0	0	0	0	0	0	0	0	0	0	0	0	0	0	0	0	0	0	0	0	0	0	0	0	0	0	0	0	0	634	78	1708	0	0	0	0	0	0	0	0	0	142	0	0	0	0	0	0	0	0	0	0	0	0	0	0	0	0	0	0	0	0	0	0	0	0	0	0	0	0	0	0	0	0	0	
260892	Frontal_Sup_Medial_R	0	0	2124	30666	0	10070	378	2706	0	0	86	750	84	3322	0	1100	0	0	2524	6678	0	100	10296	0	0	7186	0	1448	100	1486	3464	24364	286	13828	0	0	0	0	0	0	0	0	0	0	0	0	0	0	0	0	0	0	0	0	0	0	0	0	0	0	0	0	0	0	0	0	0	0	0	0	260	5298	0	1842	0	0	0	0	0	0	0	0	0	0	0	0	0	0	0	0	0	0	0	0	0	0	0	0	0	0	0	0	0	0	0	0	0	0	0	0	0	0	0	0	0	0	
30872	Frontal_Med_Orb_L	0	0	1502	0	3674	130	204	0	270	0	0	0	0	0	0	0	0	0	0	0	0	88	3506	0	0	544	2666	0	76	0	2418	206	0	0	0	0	0	0	0	0	0	0	0	0	0	0	0	0	0	0	0	0	0	0	0	0	0	0	0	0	0	0	0	0	0	0	0	0	0	0	0	0	152	0	0	0	0	0	0	0	0	0	0	0	0	0	0	0	0	0	0	0	0	0	0	0	0	0	0	0	0	0	0	0	0	0	0	0	0	0	0	0	0	0	0	0	
108756	Frontal_Med_Orb_R	0	0	290	3674	260	10606	84	462	0	764	0	294	0	632	0	628	0	0	352	406	324	2654	964	7186	544	0	336	7096	0	174	1302	9674	0	660	0	0	0	0	0	0	0	0	0	0	0	0	0	0	0	0	0	0	0	0	0	0	0	0	0	0	0	0	0	0	0	0	0	0	0	0	344	3642	0	1026	0	0	0	0	0	0	0	0	0	0	0	0	0	0	0	0	0	0	0	0	0	0	0	0	0	0	0	0	0	0	0	0	0	0	0	0	0	0	0	0	0	0	
70588	Rectus_L	0	0	0	0	9094	540	0	0	2792	0	0	0	0	0	2828	104	0	0	0	0	3238	1288	846	0	2666	336	0	678	756	0	4706	262	0	0	0	0	0	0	0	0	0	0	0	0	0	0	0	0	0	0	0	0	0	0	0	0	0	0	0	0	0	0	0	0	0	0	0	0	0	0	3720	848	482	0	0	0	0	0	0	0	0	0	110	0	0	0	0	0	0	0	0	0	0	0	0	0	0	0	0	0	0	0	0	0	0	0	0	0	0	0	0	0	0	0	0	0	
85516	Rectus_R	0	0	0	268	724	9652	0	0	0	1228	0	0	0	0	778	1480	0	0	0	0	2208	4068	0	1448	0	7096	678	0	198	120	1480	4596	0	0	0	0	0	0	0	0	0	0	0	0	0	0	0	0	0	0	0	0	0	0	0	0	0	0	0	0	0	0	0	0	0	0	0	0	0	0	2210	3800	242	484	0	0	0	0	0	0	0	0	0	0	0	0	0	0	0	0	0	0	0	0	0	0	0	0	0	0	0	0	0	0	0	0	0	0	0	0	0	0	0	0	0	0	
532256	Insula_L	13350	172	28930	502	3312	104	30298	190	9254	0	14732	0	20996	0	20906	0	14790	0	2992	2718	2472	422	5840	100	76	0	756	198	0	0	4896	492	1584	148	586	582	12390	532	556	0	1890	0	282	0	138	0	0	0	200	0	292	0	228	0	4018	0	3206	0	0	0	714	0	1218	0	0	0	380	0	374	0	5736	1078	17770	0	842	0	2678	452	8302	0	6820	0	9006	0	1670	0	0	0	3958	0	0	0	0	0	0	0	0	0	0	0	0	0	0	0	0	0	0	0	0	0	0	0	0	0	0	0	
241824	Insula_R	0	5134	284	9256	0	1170	90	4272	0	394	0	17716	0	8818	0	4960	0	13934	584	4030	0	512	0	1486	0	174	0	120	0	0	322	3336	0	630	262	282	262	4784	108	1454	0	760	0	0	0	0	0	0	0	496	0	438	0	0	90	1970	0	1888	0	240	0	366	0	406	0	0	0	504	0	0	110	1028	0	16656	0	370	196	1142	0	1894	0	2346	0	3152	0	932	0	0	0	1554	0	0	0	0	0	0	0	0	0	0	0	0	0	0	0	0	0	0	0	0	0	0	0	0	0	0	
217576	Cingulum_Ant_L	364	0	8902	3818	4502	1476	5268	300	442	0	1834	528	3854	520	1436	426	302	160	1612	2202	3790	3600	14786	3464	2418	1302	4706	1480	4896	322	0	11666	2974	1530	132	0	0	0	0	0	0	0	0	0	0	0	0	0	0	0	0	0	0	0	0	0	0	0	0	0	0	0	0	0	0	0	0	0	0	0	7946	2882	2186	510	0	0	0	0	0	0	84	0	168	0	0	0	0	0	0	0	0	0	0	0	0	0	0	0	0	0	0	0	0	0	0	0	0	0	0	0	0	0	0	0	0	0	
404516	Cingulum_Ant_R	0	466	5246	29054	86	8144	918	4568	0	198	386	5310	408	7144	106	1728	0	930	8880	14152	1100	4566	6132	24364	206	9674	262	4596	492	3336	11666	0	1092	19688	0	0	0	0	0	0	0	0	0	0	0	0	0	0	0	0	0	0	0	0	0	0	0	0	0	0	0	0	0	0	0	0	0	0	0	0	2826	18008	140	5944	0	0	0	112	0	0	0	0	0	330	0	0	0	0	0	0	0	0	0	0	0	0	0	0	0	0	0	0	0	0	0	0	0	0	0	0	0	0	0	0	0	0	
137476	Cingulum_Mid_L	2312	0	6080	670	0	0	5446	0	0	0	172	0	1826	0	736	0	100	0	7812	3244	0	0	5546	286	0	0	0	0	1584	0	2974	1092	0	8346	1684	1254	0	0	0	0	0	0	1494	94	2482	126	88	0	230	76	112	0	80	0	84	0	126	0	82	0	0	0	0	92	0	0	5972	1822	3806	278	100	138	0	0	0	0	176	0	0	0	0	0	0	0	0	0	0	0	116	0	0	0	0	0	0	0	0	0	0	0	0	0	0	0	0	0	0	0	0	0	0	0	0	0	0	0	
537312	Cingulum_Mid_R	5626	9032	3056	18670	0	904	240	3668	0	0	120	1754	88	4904	0	944	0	138	25784	53326	0	0	5430	13828	0	660	0	0	148	630	1530	19688	8346	0	718	8722	80	892	0	142	0	0	258	2790	360	4336	0	730	0	3928	0	1100	0	648	0	744	0	4738	0	3928	0	3642	0	1568	0	2272	2820	15142	11370	15568	820	198	0	104	0	0	650	562	0	0	0	118	0	0	0	440	0	0	0	754	0	0	0	0	0	0	0	0	0	0	0	0	0	0	0	0	0	0	0	0	0	0	0	0	0	0	
155408	Cingulum_Post_L	2868	576	866	152	0	0	714	0	0	0	0	0	0	0	0	0	0	0	168	1254	0	0	0	0	0	0	0	0	586	262	132	0	1684	718	0	10820	8622	5628	3804	574	0	0	2834	292	1750	288	4054	200	564	78	440	74	320	0	2686	504	220	144	0	0	90	0	0	0	0	0	7064	1466	3262	500	128	0	0	0	0	0	4200	4078	1268	0	114	0	0	0	658	0	0	0	658	138	0	0	0	0	0	0	0	0	0	0	0	0	0	0	0	0	0	0	0	0	204	0	0	0	0	0	
246804	Cingulum_Post_R	954	3110	752	146	0	0	744	0	0	0	0	0	0	0	0	0	0	0	78	4302	0	0	0	0	0	0	0	0	582	282	0	0	1254	8722	10820	0	6946	12340	2868	1356	0	0	342	4634	380	3096	1080	5280	0	630	0	230	136	376	1948	1926	0	2222	0	298	0	360	0	1206	0	218	3030	17854	1278	6400	104	0	0	0	0	0	5436	5396	1152	0	82	124	0	0	188	114	0	0	248	1712	0	0	0	0	0	0	0	0	0	0	0	0	0	0	0	0	0	0	0	0	666	0	0	0	0	0	
297244	Hippocampus_L	8110	1150	6562	816	0	0	3738	92	82	0	236	0	94	0	100	0	252	0	1460	410	0	0	0	0	0	0	0	0	12390	262	0	0	0	80	8622	6946	0	6060	13618	558	6368	0	1380	108	0	94	5102	490	0	0	328	0	486	0	15816	438	0	0	0	0	0	0	0	0	0	0	3044	660	1034	136	1354	0	9336	540	744	0	8702	4268	2268	0	1834	0	1430	0	1822	0	0	0	8688	100	0	0	0	0	0	0	0	0	0	0	0	0	0	0	0	0	0	0	0	88	326	0	0	0	0	0	
292584	Hippocampus_R	662	2514	562	2134	0	0	542	406	0	0	0	1284	0	260	0	0	0	242	0	1628	0	148	0	0	0	0	0	0	532	4784	0	0	0	892	5628	12340	6060	0	2426	15812	0	8564	0	2646	0	614	796	5714	0	384	0	276	134	222	1792	18764	0	1308	0	534	0	668	0	862	0	218	142	8186	722	824	0	74	0	9174	0	308	5036	8334	814	146	80	870	0	1124	136	692	0	0	230	6610	0	0	0	0	0	0	0	232	0	0	0	0	0	0	0	0	0	0	0	0	206	0	0	0	0	0	
107768	ParaHippocampal_L	540	228	234	132	0	0	142	0	0	0	0	0	0	0	0	0	0	0	0	0	108	0	0	0	0	0	0	0	556	108	0	0	0	0	3804	2868	13618	2426	0	146	2058	0	534	0	0	0	4892	300	0	0	200	0	284	0	9216	102	0	0	0	0	0	0	0	0	0	0	1578	306	112	0	0	0	982	0	0	0	3210	1816	0	0	0	0	84	0	208	0	76	0	1690	0	432	0	0	0	198	0	0	0	410	0	0	0	0	0	0	0	0	0	0	108	178	0	0	0	0	0	
110388	ParaHippocampal_R	74	270	0	516	0	0	0	156	0	0	0	0	0	0	0	0	0	0	0	470	0	196	0	0	0	0	0	0	0	1454	0	0	0	142	574	1356	558	15812	146	0	0	4570	0	474	0	100	0	2548	0	0	0	0	0	0	96	14244	0	78	0	0	0	0	0	0	0	0	0	1502	0	126	0	0	0	1668	0	118	156	1388	144	86	0	362	0	1278	0	148	0	524	0	3092	0	0	0	0	0	0	0	768	0	0	0	0	0	0	0	0	0	0	0	0	0	0	0	0	0	0	
29560	Amygdala_L	0	0	82	0	0	0	74	0	74	0	0	0	0	0	0	0	0	0	0	0	86	0	0	0	0	0	0	0	1890	0	0	0	0	0	0	0	6368	0	2058	0	0	0	0	0	0	0	0	0	0	0	0	0	0	0	2560	0	0	0	0	0	0	0	0	0	0	0	0	0	0	0	0	0	310	0	0	0	0	0	0	0	0	0	398	0	0	0	0	0	880	0	0	0	0	0	0	0	0	0	0	0	0	0	0	0	0	0	0	0	0	0	0	0	0	0	0	0	
48372	Amygdala_R	0	0	0	0	0	0	0	0	0	0	0	0	0	0	0	0	0	0	0	0	0	198	0	0	0	0	0	0	0	760	0	0	0	0	0	0	0	8564	0	4570	0	0	0	0	0	0	0	0	0	0	0	0	0	0	0	5208	0	0	0	0	0	0	0	0	0	0	0	0	0	0	0	0	0	2288	0	0	0	0	0	0	0	0	0	1806	0	0	0	270	0	522	0	0	0	0	0	0	0	0	0	0	0	0	0	0	0	0	0	0	0	0	0	0	0	0	0	0	
261240	Calcarine_L	252	0	0	0	0	0	0	0	0	0	0	0	0	0	0	0	98	0	102	114	0	0	0	0	0	0	0	0	282	0	0	0	1494	258	2834	342	1380	0	534	0	0	0	0	6356	15028	6196	13692	1348	10924	2400	15596	76	6592	0	5752	0	1708	0	406	0	308	0	0	0	510	0	20950	1466	3384	0	0	0	0	0	0	0	0	0	174	0	0	0	0	0	3638	0	0	0	6426	0	0	0	0	0	0	0	0	0	0	0	0	0	0	0	0	0	0	0	0	0	0	0	0	0	0	0	
378076	Calcarine_R	0	2558	0	88	0	0	0	0	0	0	0	0	0	0	0	0	0	0	0	658	0	0	0	0	0	0	0	0	0	0	0	0	94	2790	292	4634	108	2646	0	474	0	0	6356	0	3652	30882	2246	31368	0	24272	0	9774	0	10800	0	11780	0	2948	0	568	0	788	0	606	0	722	906	26452	0	2614	0	0	0	0	0	0	0	0	74	0	0	134	0	0	0	2694	0	0	0	4070	0	170	0	0	0	0	0	0	0	0	0	0	0	0	0	0	0	0	0	0	820	0	0	0	0	0	
219280	Cuneus_L	692	0	0	0	0	0	0	0	0	0	0	0	0	0	0	0	258	0	122	274	0	0	0	0	0	0	0	0	138	0	0	0	2482	360	1750	380	0	0	0	0	0	0	15028	3652	0	7646	3186	662	22826	2282	12310	0	1144	0	722	134	1560	0	1966	0	602	0	332	0	334	0	18290	2106	6870	0	0	0	0	0	0	0	0	0	0	0	84	0	0	0	552	0	0	0	896	0	0	0	0	0	0	0	0	0	0	0	0	0	0	0	0	0	0	0	0	0	0	0	0	0	0	0	
402300	Cuneus_R	0	1492	0	0	0	0	0	0	0	0	0	0	0	0	0	0	0	0	0	1472	0	0	0	0	0	0	0	0	0	0	0	0	126	4336	288	3096	94	614	0	100	0	0	6196	30882	7646	0	1370	9392	208	48788	0	13336	0	4702	0	5230	0	3192	0	8150	0	1116	0	392	0	2650	4968	33682	0	3608	0	0	0	0	0	0	0	76	0	0	0	184	0	0	0	1104	0	0	0	2078	0	0	0	0	0	0	0	0	0	0	0	0	0	0	0	0	0	0	0	0	582	0	0	0	0	0	
353492	Lingual_L	0	0	0	0	0	0	0	0	0	0	0	0	0	0	0	0	0	0	0	0	0	0	0	0	0	0	0	0	0	0	0	0	88	0	4054	1080	5102	796	4892	0	0	0	13692	2246	3186	1370	0	3138	3232	302	14284	0	11468	0	26590	408	0	0	0	0	0	0	0	0	340	0	7384	634	176	0	0	0	0	0	0	0	1212	558	0	0	0	0	0	0	576	0	0	0	1318	0	10266	2696	2152	544	520	0	16238	942	20960	1746	0	0	150	0	180	224	0	0	0	76	5596	4332	1592	0	0	406	
370808	Lingual_R	0	292	0	0	0	0	0	0	0	0	0	0	0	0	0	0	0	0	0	0	0	0	0	0	0	0	0	0	0	0	0	0	0	730	200	5280	490	5714	300	2548	0	0	1348	31368	662	9392	3138	0	0	9634	160	6132	0	9612	868	25274	0	366	0	100	0	102	0	0	0	308	244	11100	0	586	0	0	0	0	0	0	144	0	0	0	0	0	0	0	0	2172	0	0	0	1170	1814	7258	1344	722	340	384	1358	7356	4280	10886	0	0	0	0	344	380	0	0	0	1496	8190	8324	1050	0	0	444	
214160	Occipital_Sup_L	530	0	0	0	0	0	0	0	0	0	0	0	0	0	0	0	316	0	0	0	0	0	0	0	0	0	0	0	200	0	0	0	230	0	564	0	0	0	0	0	0	0	10924	0	22826	208	3232	0	0	0	31804	0	2708	0	1154	0	1076	0	7186	0	1432	0	422	0	1108	0	15186	0	4488	0	0	0	0	0	0	0	0	0	0	0	104	0	0	0	586	0	0	0	690	0	0	0	0	0	0	0	0	0	106	0	0	0	0	0	0	0	0	0	0	0	0	0	0	0	0	0	
470096	Occipital_Sup_R	0	3722	0	572	0	0	0	198	0	0	0	152	0	0	0	0	0	478	0	1926	0	0	0	0	0	0	0	0	0	496	0	0	76	3928	78	630	0	384	0	0	0	0	2400	24272	2282	48788	302	9634	0	0	0	38332	0	7410	0	7350	0	5268	0	17530	0	5916	0	778	0	14232	1360	27474	0	4446	0	0	0	142	0	0	0	88	0	114	0	246	0	0	0	1638	0	0	0	2406	0	0	0	0	0	0	0	0	0	0	0	0	0	0	0	0	0	0	0	0	0	0	0	0	0	0	
433892	Occipital_Mid_L	852	0	82	0	0	0	0	0	0	0	0	0	0	0	0	0	498	0	0	0	0	0	0	0	0	0	0	0	292	0	0	0	112	0	440	0	328	0	200	0	0	0	15596	0	12310	0	14284	160	31804	0	0	0	34614	0	9812	0	3258	0	14660	0	11076	0	246	0	16716	0	18290	0	4952	0	0	0	0	0	0	0	0	0	234	0	212	0	0	0	18852	0	0	0	6162	0	0	0	0	0	0	0	0	0	498	0	0	0	0	0	0	0	0	0	0	0	0	406	0	0	0	0	
273108	Occipital_Mid_R	0	2214	0	566	0	0	0	190	0	0	0	136	0	0	0	0	0	456	0	522	0	0	0	0	0	0	0	0	0	438	0	0	0	1100	74	230	0	276	0	0	0	0	76	9774	0	13336	0	6132	0	38332	0	0	0	10220	0	4028	0	2242	0	5722	0	4436	0	360	0	14974	280	10330	0	1040	0	0	0	140	0	0	0	84	0	84	0	176	0	0	0	7394	0	0	0	1192	0	0	0	0	0	0	0	0	0	0	0	0	0	0	0	0	0	0	0	0	0	0	0	0	0	0	
213128	Occipital_Inf_L	614	0	142	0	0	0	0	0	0	0	0	0	0	0	0	0	108	0	0	0	0	0	0	0	0	0	0	0	228	0	0	0	80	0	320	136	486	134	284	0	0	0	6592	0	1144	0	11468	0	2708	0	34614	0	0	0	15310	0	894	0	198	0	974	0	82	0	2810	0	3258	0	1748	0	0	0	0	0	0	0	208	114	254	0	102	0	0	0	9074	0	0	0	11328	0	146	0	74	0	0	0	168	0	576	0	0	0	0	0	0	0	0	0	0	0	0	188	0	0	0	0	
165264	Occipital_Inf_R	0	608	0	0	0	0	0	0	0	0	0	0	0	0	0	0	0	0	0	412	0	0	0	0	0	0	0	0	0	0	0	0	0	648	0	376	0	222	0	0	0	0	0	10800	0	4702	0	9612	0	7410	0	10220	0	0	0	16656	0	838	0	336	0	956	0	652	0	1302	98	7178	0	666	0	0	0	0	0	0	0	0	0	0	0	98	0	0	0	1280	0	0	0	5972	0	644	0	0	0	0	0	0	150	382	0	0	0	0	0	0	0	0	0	0	0	414	0	0	0	0	
484296	Fusiform_L	626	158	1080	94	0	0	372	0	0	0	98	0	0	0	0	0	0	0	392	120	0	0	0	0	0	0	0	0	4018	90	0	0	84	0	2686	1948	15816	1792	9216	96	2560	0	5752	0	722	0	26590	868	1154	0	9812	0	15310	0	0	258	140	0	0	0	124	0	0	0	308	0	5752	0	498	0	338	0	1870	0	0	0	2120	1464	312	0	2624	0	910	0	2994	0	478	0	24882	0	26350	1176	2468	262	210	0	17584	476	36072	654	210	0	1146	0	728	204	694	0	0	0	4188	2430	444	0	0	326	
440420	Fusiform_R	0	732	0	522	0	0	0	154	0	0	0	0	0	0	0	0	0	0	0	778	0	0	0	0	0	0	0	0	0	1970	0	0	0	744	504	1926	438	18764	102	14244	0	5208	0	11780	134	5230	408	25274	0	7350	0	4028	0	16656	258	0	0	764	0	540	0	818	0	560	0	540	492	8314	0	692	0	0	0	1468	0	0	102	1096	138	194	0	820	0	3440	0	2554	0	872	0	17548	816	15178	520	582	592	278	1174	9476	2482	17920	0	0	0	270	684	216	0	0	0	1232	4974	4834	652	82	92	0	
227512	Postcentral_L	19166	0	2340	0	0	0	880	0	0	0	2364	0	584	0	0	0	6712	0	1268	76	0	0	0	0	0	0	0	0	3206	0	0	0	126	0	220	0	0	0	0	0	0	0	1708	0	1560	0	0	0	1076	0	3258	0	894	0	140	0	0	0	8438	0	21390	0	10264	0	1510	0	4122	0	11900	0	782	0	0	0	0	0	0	0	2506	0	4082	0	216	0	1958	0	0	0	1010	0	0	0	0	0	0	0	0	0	0	0	0	0	0	0	0	0	0	0	0	0	0	0	0	0	0	0	
276304	Postcentral_R	0	18628	0	1042	0	0	0	824	0	0	0	1198	0	0	0	0	0	4638	114	2074	0	0	0	0	0	0	0	0	0	1888	0	0	0	4738	144	2222	0	1308	0	78	0	0	0	2948	0	3192	0	366	0	5268	0	2242	0	838	0	764	0	0	0	15618	0	16228	0	20210	0	3280	0	13022	100	8562	0	76	0	318	0	0	0	510	0	220	0	2018	0	0	0	1350	0	0	0	2126	0	0	0	0	0	0	0	0	0	0	0	0	0	0	0	0	0	0	0	0	0	0	0	0	0	0	
130628	Parietal_Sup_L	1366	0	118	0	0	0	0	0	0	0	0	0	0	0	0	0	250	0	106	0	0	0	0	0	0	0	0	0	0	0	0	0	82	0	0	0	0	0	0	0	0	0	406	0	1966	0	0	0	7186	0	14660	0	198	0	0	0	8438	0	0	0	10932	0	102	0	2896	0	12942	0	3502	0	0	0	0	0	0	0	0	0	0	0	90	0	0	0	74	0	0	0	0	0	0	0	0	0	0	0	0	0	0	0	0	0	0	0	0	0	0	0	0	0	0	0	0	0	0	0	
281836	Parietal_Sup_R	0	3332	0	344	0	0	0	222	0	0	0	74	0	0	0	0	0	1246	0	3010	0	0	0	0	0	0	0	0	0	240	0	0	0	3928	0	298	0	534	0	0	0	0	0	568	0	8150	0	100	0	17530	0	5722	0	336	0	540	0	15618	0	0	0	24578	0	10872	0	16946	386	15528	0	6048	0	0	0	0	0	0	0	0	0	250	0	1504	0	0	0	1350	0	0	0	1664	0	0	0	0	0	0	0	0	0	0	0	0	0	0	0	0	0	0	0	0	0	0	0	0	0	0	
276712	Parietal_Inf_L	4734	0	636	0	0	0	390	0	0	0	110	0	0	0	0	0	588	0	338	0	0	0	0	0	0	0	0	0	714	0	0	0	0	0	90	0	0	0	0	0	0	0	308	0	602	0	0	0	1432	0	11076	0	974	0	124	0	21390	0	10932	0	0	0	24514	0	29042	0	1178	0	1872	0	626	0	0	0	0	0	0	0	180	0	2414	0	0	0	16796	0	0	0	7296	0	0	0	0	0	0	0	0	0	0	0	0	0	0	0	0	0	0	0	0	0	0	0	0	0	0	0	
250768	Parietal_Inf_R	0	3488	0	622	0	0	0	444	0	0	0	92	0	0	0	0	0	2168	0	3012	0	0	0	0	0	0	0	0	0	366	0	0	0	3642	0	360	0	668	0	0	0	0	0	788	0	1116	0	102	0	5916	0	4436	0	956	0	818	0	16228	0	24578	0	0	0	20524	0	18248	76	7268	0	3110	0	0	0	0	0	0	0	0	0	274	0	2244	0	0	0	1496	0	0	0	2344	0	0	0	0	0	0	0	0	0	0	0	0	0	0	0	0	0	0	0	0	0	0	0	0	0	0	
148228	SupraMarginal_L	3436	0	242	0	0	0	444	0	0	0	0	0	0	0	0	0	1420	0	0	0	0	0	0	0	0	0	0	0	1218	0	0	0	0	0	0	0	0	0	0	0	0	0	0	0	332	0	0	0	422	0	246	0	82	0	0	0	10264	0	102	0	24514	0	0	0	6618	0	254	0	454	0	616	0	0	0	0	0	0	0	230	0	7488	0	0	0	10328	0	0	0	5404	0	0	0	0	0	0	0	0	0	0	0	0	0	0	0	0	0	0	0	0	0	0	0	0	0	0	0	
175976	SupraMarginal_R	0	3122	0	816	0	0	0	564	0	0	0	98	0	0	0	0	0	3694	0	1138	0	0	0	0	0	0	0	0	0	406	0	0	92	1568	0	1206	0	862	0	0	0	0	0	606	0	392	0	0	0	778	0	360	0	652	0	560	0	20210	0	10872	0	20524	0	0	0	5934	0	2470	0	428	0	0	0	0	0	0	0	270	0	146	0	5894	0	0	0	1986	0	0	0	2340	0	0	0	0	0	0	0	0	0	0	0	0	0	0	0	0	0	0	0	0	0	0	0	0	0	0	
167504	Angular_L	130	0	0	0	0	0	0	0	0	0	0	0	0	0	0	0	0	0	0	0	0	0	0	0	0	0	0	0	0	0	0	0	0	0	0	0	0	0	0	0	0	0	510	0	334	0	340	0	1108	0	16716	0	2810	0	308	0	1510	0	2896	0	29042	0	6618	0	0	0	764	0	652	0	0	0	0	0	0	0	0	0	0	0	1740	0	0	0	15292	0	0	0	2982	0	0	0	0	0	0	0	0	0	0	0	0	0	0	0	0	0	0	0	0	0	0	0	0	0	0	0	
210468	Angular_R	0	1966	0	0	0	0	0	0	0	0	0	0	0	0	0	0	0	194	0	1842	0	0	0	0	0	0	0	0	0	0	0	0	0	2272	0	218	0	218	0	0	0	0	0	722	0	2650	0	308	0	14232	0	14974	0	1302	0	540	0	3280	0	16946	0	18248	0	5934	0	0	82	7154	0	2486	0	0	0	0	0	0	0	0	0	168	0	2466	0	0	0	5312	0	0	0	1720	0	0	0	0	0	0	0	0	0	0	0	0	0	0	0	0	0	0	0	0	0	0	0	0	0	0	
351872	Precuneus_L	1530	0	0	0	0	0	0	0	0	0	0	0	0	0	0	0	372	0	176	386	0	0	0	0	0	0	0	0	380	0	0	0	5972	2820	7064	3030	3044	142	1578	0	0	0	20950	906	18290	4968	7384	244	15186	1360	18290	280	3258	98	5752	492	4122	0	12942	386	1178	76	254	0	764	82	0	12900	11198	760	0	0	0	0	0	0	94	0	240	0	106	0	0	0	2064	0	0	0	4638	0	0	0	0	0	0	0	0	0	0	0	0	0	0	0	0	0	0	0	0	0	180	0	0	0	0	0	
550440	Precuneus_R	146	7088	114	382	0	0	102	204	0	0	0	92	0	0	0	0	0	472	0	3826	0	0	0	0	0	0	0	0	0	504	0	0	1822	15142	1466	17854	660	8186	306	1502	0	0	1466	26452	2106	33682	634	11100	0	27474	0	10330	0	7178	0	8314	0	13022	0	15528	0	7268	0	2470	0	7154	12900	0	104	12804	0	0	0	92	0	0	382	244	170	422	0	824	0	0	0	2684	0	0	0	9036	0	318	0	0	0	0	0	106	0	0	0	0	0	0	0	0	0	0	0	0	1088	0	0	0	0	0	
315808	Paracentral_Lobule_L	22922	0	5856	994	0	0	82	0	0	0	116	0	0	0	0	0	628	0	19022	18102	0	0	0	0	0	0	0	0	374	0	0	0	3806	11370	3262	1278	1034	722	112	0	0	0	3384	0	6870	0	176	0	4488	0	4952	0	1748	0	498	0	11900	100	3502	0	1872	0	454	0	652	0	11198	104	0	700	2686	454	114	0	498	0	5454	1700	130	0	184	0	0	0	2950	0	0	0	1456	0	0	0	0	0	0	0	0	0	0	0	0	0	0	0	0	0	0	0	0	0	0	0	0	0	0	0	
202812	Paracentral_Lobule_R	0	12082	0	116	0	0	0	0	0	0	0	0	0	0	0	0	0	0	0	13278	0	0	0	0	0	0	0	0	0	0	0	0	278	15568	500	6400	136	824	0	126	0	0	0	2614	0	3608	0	586	0	4446	0	1040	0	666	0	692	0	8562	0	6048	0	3110	0	428	0	2486	760	12804	700	0	0	0	0	0	0	0	638	1930	0	0	0	74	0	0	0	268	0	0	0	638	0	0	0	0	0	0	0	0	0	0	0	0	0	0	0	0	0	0	0	0	0	0	0	0	0	0	
299616	Caudate_L	5014	488	17446	2242	4360	1626	11068	734	728	0	1084	0	766	0	3658	366	3068	80	4452	5004	8050	6066	634	260	0	344	3720	2210	5736	110	7946	2826	100	820	128	104	1354	0	0	0	0	0	0	0	0	0	0	0	0	0	0	0	0	0	338	0	782	0	0	0	626	0	616	0	0	0	0	0	2686	0	0	12094	9042	898	1960	356	13106	2716	198	0	926	0	612	0	0	0	0	0	260	0	0	0	0	0	0	0	0	0	0	0	0	0	0	0	0	0	0	0	0	0	0	0	0	0	0	0	
379324	Caudate_R	582	1982	11060	18646	982	5460	3482	3422	0	0	410	386	542	206	1262	3368	86	302	9578	24222	3680	6142	78	5298	0	3642	848	3800	1078	1028	2882	18008	138	198	0	0	0	74	0	0	0	0	0	0	0	0	0	0	0	0	0	0	0	0	0	0	0	76	0	0	0	0	0	0	0	0	0	0	454	0	12094	0	528	10536	0	2402	4062	26564	0	0	0	0	74	0	0	0	0	0	0	0	0	0	0	0	0	0	0	0	0	0	0	0	0	0	0	0	0	0	0	0	0	0	0	0	0	0	
243444	Putamen_L	7900	0	19944	148	3046	194	8198	0	4474	0	1128	0	2542	0	8070	0	374	0	3982	3354	934	288	1708	0	152	0	482	242	17770	0	2186	140	0	0	0	0	9336	0	982	0	310	0	0	0	0	0	0	0	0	0	0	0	0	0	1870	0	0	0	0	0	0	0	0	0	0	0	0	0	114	0	9042	528	0	0	4474	0	2564	0	0	0	1352	0	2508	0	142	0	0	0	1244	0	0	0	0	0	0	0	0	0	0	0	0	0	0	0	0	0	0	0	0	0	0	0	0	0	0	0	
193940	Putamen_R	0	7352	80	7990	0	1894	0	5188	0	400	0	7112	0	2316	0	2108	0	1662	78	350	342	708	0	1842	0	1026	0	484	0	16656	510	5944	0	104	0	0	540	9174	0	1668	0	2288	0	0	0	0	0	0	0	142	0	140	0	0	0	1468	0	318	0	0	0	0	0	0	0	0	0	92	0	0	898	10536	0	0	0	2242	0	1122	0	0	0	118	0	1766	0	0	0	0	0	312	0	0	0	0	0	0	0	0	0	0	0	0	0	0	0	0	0	0	0	0	0	0	0	0	0	0	
38112	Pallidum_L	2418	0	2694	0	0	0	352	0	190	0	320	0	160	0	474	0	270	0	2168	118	0	0	0	0	0	0	0	0	842	0	0	0	0	0	0	0	744	0	0	0	0	0	0	0	0	0	0	0	0	0	0	0	0	0	0	0	0	0	0	0	0	0	0	0	0	0	0	0	498	0	1960	0	4474	0	0	0	1110	0	0	0	0	0	264	0	0	0	0	0	0	0	0	0	0	0	0	0	0	0	0	0	0	0	0	0	0	0	0	0	0	0	0	0	0	0	0	0	
32400	Pallidum_R	0	2796	0	3706	0	0	0	2536	0	0	0	284	0	0	0	0	0	386	0	542	0	0	0	0	0	0	0	0	0	370	0	0	0	0	0	0	0	308	0	118	0	0	0	0	0	0	0	0	0	0	0	0	0	0	0	0	0	0	0	0	0	0	0	0	0	0	0	0	0	0	356	2402	0	2242	0	0	0	154	0	0	0	0	0	0	0	0	0	0	0	0	0	0	0	0	0	0	0	0	0	0	0	0	0	0	0	0	0	0	0	0	0	0	0	0	0	0	
199768	Thalamus_L	10658	228	5390	184	0	0	1454	0	0	0	0	0	0	0	0	0	0	0	1904	4320	0	0	0	0	0	0	0	0	2678	196	0	0	176	650	4200	5436	8702	5036	3210	156	0	0	0	0	0	0	1212	144	0	0	0	0	208	0	2120	102	0	0	0	0	0	0	0	0	0	0	94	382	5454	638	13106	4062	2564	0	1110	0	0	12404	490	0	162	0	0	0	104	0	0	0	722	0	0	0	0	0	0	0	0	0	0	0	0	0	0	0	0	0	0	0	0	0	228	0	0	0	0	0	
257548	Thalamus_R	916	5312	876	11312	0	0	538	240	0	0	0	146	0	0	0	0	0	172	408	29212	0	0	0	0	0	0	0	0	452	1142	0	112	0	562	4078	5396	4268	8334	1816	1388	0	0	0	0	0	76	558	0	0	88	0	84	114	0	1464	1096	0	510	0	0	0	0	0	270	0	0	0	244	1700	1930	2716	26564	0	1122	0	154	12404	0	472	0	0	0	0	0	0	0	0	0	154	374	0	0	0	0	0	0	0	0	0	0	0	0	0	0	0	0	0	0	0	0	0	0	0	0	0	0	
82884	Heschl_L	5572	0	1804	0	0	0	2168	0	0	0	330	0	0	0	0	0	4484	0	0	0	0	0	0	0	0	0	0	0	8302	0	0	0	0	0	1268	1152	2268	814	0	144	0	0	174	74	0	0	0	0	0	0	234	0	254	0	312	138	2506	0	0	0	180	0	230	0	0	0	240	170	130	0	198	0	0	0	0	0	490	472	0	0	3994	0	0	0	2374	0	0	0	966	0	0	0	0	0	0	0	0	0	0	0	0	0	0	0	0	0	0	0	0	0	0	0	0	0	0	0	
20032	Heschl_R	0	216	0	266	0	0	0	274	0	0	0	0	0	0	0	0	0	1216	0	0	0	0	0	0	0	0	0	0	0	1894	0	0	0	0	0	0	0	146	0	86	0	0	0	0	0	0	0	0	0	114	0	84	0	0	0	194	0	220	0	250	0	274	0	146	0	168	0	422	0	0	0	0	0	0	0	0	0	0	0	0	0	2948	0	0	0	600	0	0	0	498	0	0	0	0	0	0	0	0	0	0	0	0	0	0	0	0	0	0	0	0	0	0	0	0	0	0	
166896	Temporal_Sup_L	2384	0	2794	0	0	0	1884	0	0	0	1818	0	246	0	82	0	6006	0	288	388	0	0	0	0	0	0	0	0	6820	0	84	0	0	0	114	82	1834	80	0	0	0	0	0	0	84	0	0	0	104	0	212	0	102	0	2624	0	4082	0	90	0	2414	0	7488	0	1740	0	106	0	184	0	926	0	1352	0	0	0	162	0	3994	0	0	0	3592	0	21768	0	0	0	7520	0	0	0	0	0	0	0	0	0	0	0	0	0	0	0	0	0	0	0	0	0	0	0	0	0	0	0	
84936	Temporal_Sup_R	0	302	0	264	0	0	0	272	0	0	0	0	0	0	0	312	0	2144	0	0	0	0	0	0	0	0	0	0	0	2346	0	0	0	118	0	124	0	870	0	362	0	0	0	134	0	184	0	0	0	246	0	176	0	98	0	820	0	2018	0	1504	0	2244	0	5894	0	2466	0	824	0	74	0	0	0	118	0	0	0	0	0	2948	0	0	0	2268	0	11424	0	132	0	1782	0	0	0	0	0	0	0	0	0	0	0	0	0	0	0	0	0	0	0	0	0	0	0	0	0	0	
103228	Temporal_Pole_Sup_L	596	0	2986	0	476	0	2370	0	540	0	6182	0	1194	0	1722	0	5202	0	0	974	344	0	142	0	0	0	110	0	9006	0	168	0	0	0	0	0	1430	0	84	0	398	0	0	0	0	0	0	0	0	0	0	0	0	0	910	0	216	0	0	0	0	0	0	0	0	0	0	0	0	0	612	74	2508	0	264	0	0	0	0	0	3592	0	0	0	4848	0	3050	0	1616	0	0	0	0	0	0	0	0	0	0	0	0	0	0	0	0	0	0	0	0	0	0	0	0	0	0	0	
61212	Temporal_Pole_Sup_R	0	0	82	758	0	0	0	100	0	0	0	1664	0	78	0	876	0	2212	102	622	0	0	0	0	0	0	0	0	0	3152	0	330	0	0	0	0	0	1124	0	1278	0	1806	0	0	0	0	0	0	0	0	0	0	0	0	0	3440	0	0	0	0	0	0	0	0	0	0	0	0	0	0	0	0	0	1766	0	0	0	0	0	0	0	2268	0	0	0	4004	0	1586	0	3358	0	0	0	0	0	0	0	0	0	0	0	0	0	0	0	0	0	0	0	0	0	0	0	0	0	0	
322188	Temporal_Mid_L	1934	0	384	0	0	0	210	0	0	0	0	0	0	0	0	0	696	0	114	0	0	0	0	0	0	0	0	0	1670	0	0	0	0	0	658	188	1822	136	208	0	0	0	3638	0	552	0	576	0	586	0	18852	0	9074	0	2994	0	1958	0	74	0	16796	0	10328	0	15292	0	2064	0	2950	0	0	0	142	0	0	0	104	0	2374	0	21768	0	4848	0	0	0	2754	0	35350	0	0	0	0	0	0	0	0	0	0	0	0	0	0	0	0	0	0	0	0	0	0	0	0	0	0	0	
144376	Temporal_Mid_R	0	274	0	0	0	0	0	0	0	0	0	0	0	0	0	0	0	126	0	218	0	0	0	0	0	0	0	0	0	932	0	0	0	440	0	114	0	692	0	148	0	0	0	2694	0	1104	0	2172	0	1638	0	7394	0	1280	0	2554	0	1350	0	1350	0	1496	0	1986	0	5312	0	2684	0	268	0	0	0	0	0	0	0	0	0	600	0	11424	0	4004	0	0	0	506	0	19428	0	0	0	0	0	0	0	0	0	0	0	0	0	0	0	0	0	0	0	0	0	0	0	0	0	0	
15452	Temporal_Pole_Mid_L	0	0	0	0	0	0	0	0	0	0	0	0	0	0	0	0	0	0	0	0	0	0	0	0	0	0	0	0	0	0	0	0	0	0	0	0	0	0	76	0	0	0	0	0	0	0	0	0	0	0	0	0	0	0	478	0	0	0	0	0	0	0	0	0	0	0	0	0	0	0	0	0	0	0	0	0	0	0	0	0	0	0	3050	0	2754	0	0	0	1368	0	0	0	0	0	0	0	0	0	0	0	0	0	0	0	0	0	0	0	0	0	0	0	0	0	0	0	
9360	Temporal_Pole_Mid_R	0	0	0	0	0	0	0	0	0	0	0	0	0	0	0	0	0	0	0	0	0	0	0	0	0	0	0	0	0	0	0	0	0	0	0	0	0	0	0	524	0	270	0	0	0	0	0	0	0	0	0	0	0	0	0	872	0	0	0	0	0	0	0	0	0	0	0	0	0	0	0	0	0	0	0	0	0	0	0	0	0	132	0	1586	0	506	0	0	0	790	0	0	0	0	0	0	0	0	0	0	0	0	0	0	0	0	0	0	0	0	0	0	0	0	0	0	
298376	Temporal_Inf_L	1604	0	1010	0	0	0	378	0	0	0	88	0	0	0	0	0	362	0	378	88	0	0	0	0	0	0	0	0	3958	0	0	0	116	0	658	248	8688	230	1690	0	880	0	6426	0	896	0	1318	0	690	0	6162	0	11328	0	24882	0	1010	0	0	0	7296	0	5404	0	2982	0	4638	0	1456	0	260	0	1244	0	0	0	722	154	966	0	7520	0	1616	0	35350	0	1368	0	0	0	2604	0	368	0	0	0	356	0	1660	0	0	0	136	0	0	0	0	0	0	0	0	0	0	0	0	0	
198528	Temporal_Inf_R	0	716	0	250	0	0	0	122	0	0	0	0	0	0	0	0	0	0	0	416	0	0	0	0	0	0	0	0	0	1554	0	0	0	754	138	1712	100	6610	0	3092	0	522	0	4070	0	2078	0	1170	0	2406	0	1192	0	5972	0	17548	0	2126	0	1664	0	2344	0	2340	0	1720	0	9036	0	638	0	0	0	312	0	0	0	374	0	498	0	1782	0	3358	0	19428	0	790	0	0	0	1304	0	0	0	0	0	118	0	766	0	0	0	170	0	74	0	0	0	0	0	0	0	0	0	0	
568908	Cerebelum_Crus1_L	0	0	0	0	0	0	0	0	0	0	0	0	0	0	0	0	0	0	0	0	0	0	0	0	0	0	0	0	0	0	0	0	0	0	0	0	0	0	432	0	0	0	0	0	0	0	10266	1814	0	0	0	0	146	0	26350	816	0	0	0	0	0	0	0	0	0	0	0	0	0	0	0	0	0	0	0	0	0	0	0	0	0	0	0	0	0	0	0	0	2604	0	0	6978	43668	8918	1490	154	23322	788	64148	3854	15622	1452	22666	2606	10376	1582	7622	80	312	408	2984	6490	10938	2618	2114	836	
580280	Cerebelum_Crus1_R	0	0	0	0	0	0	0	0	0	0	0	0	0	0	0	0	0	0	0	0	0	0	0	0	0	0	0	0	0	0	0	0	0	0	0	0	0	0	0	0	0	0	0	170	0	0	2696	7258	0	0	0	0	0	644	1176	15178	0	0	0	0	0	0	0	0	0	0	0	318	0	0	0	0	0	0	0	0	0	0	0	0	0	0	0	0	0	0	0	0	0	1304	6978	0	5548	41944	1026	3016	2190	21634	6658	59806	268	10650	244	34040	1402	13782	0	1678	506	3572	7544	11076	14846	6030	5624	1334	
457396	Cerebelum_Crus2_L	0	0	0	0	0	0	0	0	0	0	0	0	0	0	0	0	0	0	0	0	0	0	0	0	0	0	0	0	0	0	0	0	0	0	0	0	0	0	0	0	0	0	0	0	0	0	2152	1344	0	0	0	0	74	0	2468	520	0	0	0	0	0	0	0	0	0	0	0	0	0	0	0	0	0	0	0	0	0	0	0	0	0	0	0	0	0	0	0	0	368	0	43668	5548	0	20042	554	112	3690	0	13062	2532	40344	6976	36126	3396	10180	1362	5338	0	0	102	0	4748	16002	5370	1904	716	
467176	Cerebelum_Crus2_R	0	0	0	0	0	0	0	0	0	0	0	0	0	0	0	0	0	0	0	0	0	0	0	0	0	0	0	0	0	0	0	0	0	0	0	0	0	0	0	0	0	0	0	0	0	0	544	722	0	0	0	0	0	0	262	582	0	0	0	0	0	0	0	0	0	0	0	0	0	0	0	0	0	0	0	0	0	0	0	0	0	0	0	0	0	0	0	0	0	0	8918	41944	20042	0	114	324	352	438	2808	7606	12530	28580	7218	43152	1468	13070	356	974	204	282	0	3810	22122	9204	5010	952	
66160	Cerebelum_3_L	0	0	0	0	0	0	0	0	0	0	0	0	0	0	0	0	0	0	0	0	0	0	0	0	0	0	0	0	0	0	0	0	0	0	0	0	0	0	198	0	0	0	0	0	0	0	520	340	0	0	0	0	0	0	210	592	0	0	0	0	0	0	0	0	0	0	0	0	0	0	0	0	0	0	0	0	0	0	0	0	0	0	0	0	0	0	0	0	0	0	1490	1026	554	114	0	162	7490	238	5022	1682	0	0	362	88	3326	532	0	0	1436	2212	1574	2552	144	162	512	542	
56452	Cerebelum_3_R	0	0	0	0	0	0	0	0	0	0	0	0	0	0	0	0	0	0	0	0	0	0	0	0	0	0	0	0	0	0	0	0	0	0	0	0	0	0	0	0	0	0	0	0	0	0	0	384	0	0	0	0	0	0	0	278	0	0	0	0	0	0	0	0	0	0	0	0	0	0	0	0	0	0	0	0	0	0	0	0	0	0	0	0	0	0	0	0	0	0	154	3016	112	324	162	0	252	4850	428	6050	0	0	0	736	104	1606	0	0	1690	4860	576	564	298	340	796	646	
352016	Cerebelum_4_5_L	0	0	0	0	0	0	0	0	0	0	0	0	0	0	0	0	0	0	0	0	0	0	0	0	0	0	0	0	0	0	0	0	0	0	0	0	0	0	0	0	0	0	0	0	0	0	16238	1358	0	0	0	0	168	0	17584	1174	0	0	0	0	0	0	0	0	0	0	0	0	0	0	0	0	0	0	0	0	0	0	0	0	0	0	0	0	0	0	0	0	356	0	23322	2190	3690	352	7490	252	0	3044	44346	4706	848	84	2910	326	10530	1470	5088	0	1464	2344	15824	5292	614	510	486	1948	
211672	Cerebelum_4_5_R	0	0	0	0	0	0	0	0	0	0	0	0	0	0	0	0	0	0	0	0	0	0	0	0	0	0	0	0	0	0	0	0	0	0	0	0	0	232	0	768	0	0	0	0	0	0	942	7356	0	0	0	0	0	0	476	9476	0	0	0	0	0	0	0	0	0	0	0	106	0	0	0	0	0	0	0	0	0	0	0	0	0	0	0	0	0	0	0	0	0	118	788	21634	0	438	238	4850	3044	0	1600	31158	0	0	0	638	80	1054	0	214	158	4366	13800	662	426	308	336	570	
570012	Cerebelum_6_L	0	0	0	0	0	0	0	0	0	0	0	0	0	0	0	0	0	0	0	0	0	0	0	0	0	0	0	0	0	0	0	0	0	0	0	0	0	0	410	0	0	0	0	0	0	0	20960	4280	106	0	498	0	576	150	36072	2482	0	0	0	0	0	0	0	0	0	0	0	0	0	0	0	0	0	0	0	0	0	0	0	0	0	0	0	0	0	0	0	0	1660	0	64148	6658	13062	2808	5022	428	44346	1600	0	7366	2838	88	5232	778	12394	3016	4964	96	994	1394	11816	16634	4410	1792	2790	3138	
451424	Cerebelum_6_R	0	0	0	0	0	0	0	0	0	0	0	0	0	0	0	0	0	0	0	0	0	0	0	0	0	0	0	0	0	0	0	0	0	0	0	0	0	0	0	0	0	0	0	0	0	0	1746	10886	0	0	0	0	0	382	654	17920	0	0	0	0	0	0	0	0	0	0	0	0	0	0	0	0	0	0	0	0	0	0	0	0	0	0	0	0	0	0	0	0	0	766	3854	59806	2532	7606	1682	6050	4706	31158	7366	0	0	386	0	6678	1784	6512	0	1338	864	5800	13464	13278	8568	3892	4314	1720	
280640	Cerebelum_7b_L	0	0	0	0	0	0	0	0	0	0	0	0	0	0	0	0	0	0	0	0	0	0	0	0	0	0	0	0	0	0	0	0	0	0	0	0	0	0	0	0	0	0	0	0	0	0	0	0	0	0	0	0	0	0	210	0	0	0	0	0	0	0	0	0	0	0	0	0	0	0	0	0	0	0	0	0	0	0	0	0	0	0	0	0	0	0	0	0	0	0	15622	268	40344	12530	0	0	848	0	2838	0	0	6288	33320	3152	6884	830	1230	0	0	0	0	0	9644	5250	976	86	
189224	Cerebelum_7b_R	0	0	0	0	0	0	0	0	0	0	0	0	0	0	0	0	0	0	0	0	0	0	0	0	0	0	0	0	0	0	0	0	0	0	0	0	0	0	0	0	0	0	0	0	0	0	0	0	0	0	0	0	0	0	0	0	0	0	0	0	0	0	0	0	0	0	0	0	0	0	0	0	0	0	0	0	0	0	0	0	0	0	0	0	0	0	0	0	0	0	1452	10650	6976	28580	0	0	84	0	88	386	6288	0	3342	23310	298	2970	92	0	0	0	0	0	5602	3988	506	0	
348364	Cerebelum_8_L	0	0	0	0	0	0	0	0	0	0	0	0	0	0	0	0	0	0	0	0	0	0	0	0	0	0	0	0	0	0	0	0	0	0	0	0	0	0	0	0	0	0	0	0	0	0	150	0	0	0	0	0	0	0	1146	0	0	0	0	0	0	0	0	0	0	0	0	0	0	0	0	0	0	0	0	0	0	0	0	0	0	0	0	0	0	0	0	0	136	0	22666	244	36126	7218	362	0	2910	0	5232	0	33320	3342	0	5022	25274	3004	6724	0	0	0	0	0	8396	8942	3544	424	
366120	Cerebelum_8_R	0	0	0	0	0	0	0	0	0	0	0	0	0	0	0	0	0	0	0	0	0	0	0	0	0	0	0	0	0	0	0	0	0	0	0	0	0	0	0	0	0	0	0	0	0	0	0	0	0	0	0	0	0	0	0	270	0	0	0	0	0	0	0	0	0	0	0	0	0	0	0	0	0	0	0	0	0	0	0	0	0	0	0	0	0	0	0	0	0	170	2606	34040	3396	43152	88	736	326	638	778	6678	3152	23310	5022	0	1944	26912	334	1728	454	602	0	878	9658	8932	6552	704	
242580	Cerebelum_9_L	0	0	0	0	0	0	0	0	0	0	0	0	0	0	0	0	0	0	0	0	0	0	0	0	0	0	0	0	0	0	0	0	0	0	0	0	0	0	0	0	0	0	0	0	0	0	180	344	0	0	0	0	0	0	728	684	0	0	0	0	0	0	0	0	0	0	0	0	0	0	0	0	0	0	0	0	0	0	0	0	0	0	0	0	0	0	0	0	0	0	10376	1402	10180	1468	3326	104	10530	80	12394	1784	6884	298	25274	1944	0	4112	9358	0	124	262	1268	4782	2160	4100	4454	2690	
258636	Cerebelum_9_R	0	0	0	0	0	0	0	0	0	0	0	0	0	0	0	0	0	0	0	0	0	0	0	0	0	0	0	0	0	0	0	0	0	0	0	0	0	0	0	0	0	0	0	0	0	0	224	380	0	0	0	0	0	0	204	216	0	0	0	0	0	0	0	0	0	0	0	0	0	0	0	0	0	0	0	0	0	0	0	0	0	0	0	0	0	0	0	0	0	74	1582	13782	1362	13070	532	1606	1470	1054	3016	6512	830	2970	3004	26912	4112	0	206	2094	954	1506	1690	5100	7032	9412	12478	5934	
86920	Cerebelum_10_L	0	0	0	0	0	0	0	0	0	0	0	0	0	0	0	0	0	0	0	0	0	0	0	0	0	0	0	0	0	0	0	0	0	0	0	0	0	0	0	0	0	0	0	0	0	0	0	0	0	0	0	0	0	0	694	0	0	0	0	0	0	0	0	0	0	0	0	0	0	0	0	0	0	0	0	0	0	0	0	0	0	0	0	0	0	0	0	0	0	0	7622	0	5338	356	0	0	5088	0	4964	0	1230	92	6724	334	9358	206	0	0	0	0	0	90	592	548	224	0	
21668	Cerebelum_10_R	0	0	0	0	0	0	0	0	0	0	0	0	0	0	0	0	0	0	0	0	0	0	0	0	0	0	0	0	0	0	0	0	0	0	0	0	0	0	0	0	0	0	0	0	0	0	0	0	0	0	0	0	0	0	0	0	0	0	0	0	0	0	0	0	0	0	0	0	0	0	0	0	0	0	0	0	0	0	0	0	0	0	0	0	0	0	0	0	0	0	80	1678	0	974	0	0	0	214	96	1338	0	0	0	1728	0	2094	0	0	0	0	0	172	1020	844	596	0	
35756	Vermis_1_2	0	0	0	0	0	0	0	0	0	0	0	0	0	0	0	0	0	0	0	0	0	0	0	0	0	0	0	0	0	0	0	0	0	0	0	0	0	0	0	0	0	0	0	0	0	0	0	0	0	0	0	0	0	0	0	0	0	0	0	0	0	0	0	0	0	0	0	0	0	0	0	0	0	0	0	0	0	0	0	0	0	0	0	0	0	0	0	0	0	0	312	506	0	204	1436	1690	1464	158	994	864	0	0	0	454	124	954	0	0	0	5432	1890	454	0	212	410	320	
90016	Vermis_3	0	0	0	0	0	0	0	0	0	0	0	0	0	0	0	0	0	0	0	0	0	0	0	0	0	0	0	0	0	0	0	0	0	0	0	0	88	0	108	0	0	0	0	0	0	0	76	1496	0	0	0	0	0	0	0	1232	0	0	0	0	0	0	0	0	0	0	0	0	0	0	0	0	0	0	0	0	0	0	0	0	0	0	0	0	0	0	0	0	0	0	408	3572	102	282	2212	4860	2344	4366	1394	5800	0	0	0	602	262	1506	0	0	5432	0	5942	886	250	290	756	742	
226952	Vermis_4_5	0	0	0	0	0	0	0	0	0	0	0	0	0	0	0	0	0	0	0	0	0	0	0	0	0	0	0	0	0	0	0	0	0	0	204	666	326	206	178	0	0	0	0	820	0	582	5596	8190	0	0	0	0	0	0	4188	4974	0	0	0	0	0	0	0	0	0	0	180	1088	0	0	0	0	0	0	0	0	228	0	0	0	0	0	0	0	0	0	0	0	0	0	2984	7544	0	0	1574	576	15824	13800	11816	13464	0	0	0	0	1268	1690	0	0	1890	5942	0	5140	0	0	158	2380	
241532	Vermis_6	0	0	0	0	0	0	0	0	0	0	0	0	0	0	0	0	0	0	0	0	0	0	0	0	0	0	0	0	0	0	0	0	0	0	0	0	0	0	0	0	0	0	0	0	0	0	4332	8324	0	0	406	0	188	414	2430	4834	0	0	0	0	0	0	0	0	0	0	0	0	0	0	0	0	0	0	0	0	0	0	0	0	0	0	0	0	0	0	0	0	0	0	6490	11076	4748	3810	2552	564	5292	662	16634	13278	0	0	0	878	4782	5100	90	172	454	886	5140	0	6206	2378	3268	5378	
