data	data	484936	265688	610508	766684	182940	134516	433276	174744	106928	41260	313388	195040	233720	149236	197804	159820	249780	197836	623564	733160	123580	120132	248848	300380	25380	89444	82120	86724	621532	470172	256216	498344	169856	444608	139300	132260	275172	377644	108328	280288	45068	67720	219848	354648	137260	259876	464820	259280	286900	257688	583736	206796	271388	113024	463688	484172	244276	258656	240660	125968	252344	130696	162344	93392	253236	113584	401160	373204	108256	162008	261084	389448	325468	445848	68816	38008	188576	148480	109216	42172	274472	139100	112980	96436	366164	240492	17252	29176	308532	343344	451760	393548	233316	245148	46972	75276	291204	247196	463468	398888	197988	167352	253608	225156	113688	129708	19992	15188	24368	67360	237208	170772	197856	144776	101728	29840	
data	data	Precentral_L	Precentral_R	Frontal_Sup_L	Frontal_Sup_R	Frontal_Sup_Orb_L	Frontal_Sup_Orb_R	Frontal_Mid_L	Frontal_Mid_R	Frontal_Mid_Orb_L	Frontal_Mid_Orb_R	Frontal_Inf_Oper_L	Frontal_Inf_Oper_R	Frontal_Inf_Tri_L	Frontal_Inf_Tri_R	Frontal_Inf_Orb_L	Frontal_Inf_Orb_R	Rolandic_Oper_L	Rolandic_Oper_R	Supp_Motor_Area_L	Supp_Motor_Area_R	Olfactory_L	Olfactory_R	Frontal_Sup_Medial_L	Frontal_Sup_Medial_R	Frontal_Med_Orb_L	Frontal_Med_Orb_R	Rectus_L	Rectus_R	Insula_L	Insula_R	Cingulum_Ant_L	Cingulum_Ant_R	Cingulum_Mid_L	Cingulum_Mid_R	Cingulum_Post_L	Cingulum_Post_R	Hippocampus_L	Hippocampus_R	ParaHippocampal_L	ParaHippocampal_R	Amygdala_L	Amygdala_R	Calcarine_L	Calcarine_R	Cuneus_L	Cuneus_R	Lingual_L	Lingual_R	Occipital_Sup_L	Occipital_Sup_R	Occipital_Mid_L	Occipital_Mid_R	Occipital_Inf_L	Occipital_Inf_R	Fusiform_L	Fusiform_R	Postcentral_L	Postcentral_R	Parietal_Sup_L	Parietal_Sup_R	Parietal_Inf_L	Parietal_Inf_R	SupraMarginal_L	SupraMarginal_R	Angular_L	Angular_R	Precuneus_L	Precuneus_R	Paracentral_Lobule_L	Paracentral_Lobule_R	Caudate_L	Caudate_R	Putamen_L	Putamen_R	Pallidum_L	Pallidum_R	Thalamus_L	Thalamus_R	Heschl_L	Heschl_R	Temporal_Sup_L	Temporal_Sup_R	Temporal_Pole_Sup_L	Temporal_Pole_Sup_R	Temporal_Mid_L	Temporal_Mid_R	Temporal_Pole_Mid_L	Temporal_Pole_Mid_R	Temporal_Inf_L	Temporal_Inf_R	Cerebelum_Crus1_L	Cerebelum_Crus1_R	Cerebelum_Crus2_L	Cerebelum_Crus2_R	Cerebelum_3_L	Cerebelum_3_R	Cerebelum_4_5_L	Cerebelum_4_5_R	Cerebelum_6_L	Cerebelum_6_R	Cerebelum_7b_L	Cerebelum_7b_R	Cerebelum_8_L	Cerebelum_8_R	Cerebelum_9_L	Cerebelum_9_R	Cerebelum_10_L	Cerebelum_10_R	Vermis_1_2	Vermis_3	Vermis_4_5	Vermis_6	Vermis_7	Vermis_8	Vermis_9	Vermis_10	
484936	Precentral_L	0	2714	16336	804	352	0	24240	0	132	0	14258	0	1270	0	206	0	12230	0	9396	6770	0	0	188	0	0	0	0	0	15080	0	894	0	1568	2780	5908	1096	10698	920	826	814	0	0	294	0	84	0	908	128	444	0	1680	0	378	0	258	0	28960	138	1208	0	4668	0	1374	0	1440	0	3444	190	12020	1186	4874	394	9970	0	3088	0	23128	830	7570	0	3008	0	414	0	324	0	0	0	310	0	0	0	0	0	0	0	0	0	0	0	0	0	0	0	0	0	0	0	0	276	0	0	0	0	0	0	
265688	Precentral_R	2714	0	92	10682	0	0	368	3264	0	0	0	4898	0	1586	0	0	0	1486	2146	11906	0	0	0	0	0	0	0	0	88	1162	126	828	162	2038	192	902	0	4890	0	1800	0	0	0	1930	0	658	0	396	0	464	0	1616	0	924	0	2396	2222	27390	0	406	0	1074	0	1962	0	782	68	4258	1182	7670	1628	5912	348	1420	140	0	1030	10424	0	192	0	548	0	346	0	1186	0	0	0	2942	0	0	0	0	0	0	0	0	0	0	0	0	0	0	0	0	0	0	0	0	0	0	0	0	0	0	
610508	Frontal_Sup_L	16336	92	0	0	9572	0	56952	0	2528	0	24322	0	14796	0	4870	0	13872	0	38328	282	0	0	29776	260	936	0	0	0	30796	0	9584	104	2388	0	112	0	3992	0	872	0	0	0	134	0	0	0	366	0	0	0	74	0	0	0	1888	0	5354	0	0	0	92	0	0	0	0	0	328	0	334	0	3144	1014	14946	120	4916	0	844	0	900	0	4694	0	2080	0	478	0	0	0	2778	0	0	0	0	0	0	0	0	0	0	0	0	0	0	0	0	0	0	0	0	0	0	0	0	0	0	0	
766684	Frontal_Sup_R	804	10682	0	0	0	8150	0	25306	0	1186	0	10776	0	8210	0	9004	0	13972	23106	67780	0	236	5714	29180	0	2930	0	1036	76	28732	3668	38262	990	16422	0	130	0	5878	0	3136	0	0	0	0	0	0	0	162	0	0	0	0	0	0	0	3844	548	3394	0	212	0	264	0	1040	0	224	0	0	0	156	912	15666	392	24436	140	4666	92	4690	0	632	0	1246	0	2964	0	210	0	0	0	1652	0	76	0	0	0	0	0	226	0	132	0	0	0	0	0	0	0	0	0	0	0	0	0	0	0	0	
182940	Frontal_Sup_Orb_L	352	0	9572	0	0	110	980	0	12538	0	974	0	1414	0	12478	72	0	0	1052	0	5618	2276	2178	0	2272	196	7978	404	7968	0	2660	124	0	0	0	0	142	0	68	0	186	0	0	0	0	0	0	0	0	0	0	0	0	0	0	0	156	0	0	0	0	0	0	0	0	0	0	0	0	0	8172	2174	8328	238	0	0	0	0	142	0	0	0	648	0	0	0	0	0	0	0	0	0	0	0	0	0	0	0	0	0	0	0	0	0	0	0	0	0	0	0	0	0	0	0	0	0	
134516	Frontal_Sup_Orb_R	0	0	0	8150	110	0	0	1870	0	7256	0	96	0	434	0	7940	0	0	610	1160	648	2860	0	4120	938	6816	458	7830	0	2374	736	3502	0	0	0	0	0	0	0	0	0	206	0	0	0	0	0	0	0	0	0	0	0	0	0	0	0	0	0	0	0	0	0	0	0	0	0	0	0	0	386	4398	0	4360	0	0	0	0	0	0	0	0	0	0	0	0	0	0	0	0	0	0	0	0	0	0	0	0	0	0	0	0	0	0	0	0	0	0	0	0	0	0	0	0	0	0	
433276	Frontal_Mid_L	24240	368	56952	0	980	0	0	0	3090	0	24002	0	25066	0	5832	0	7056	0	5616	716	0	0	14532	0	0	0	0	0	13938	0	5064	0	3996	198	142	0	2284	0	780	0	0	0	0	0	0	0	260	0	0	0	0	0	0	0	140	0	980	0	0	0	356	0	0	0	0	0	198	0	1420	110	1516	392	6508	0	2596	0	4770	0	940	0	786	0	616	0	0	0	0	0	198	0	0	0	0	0	0	0	0	0	0	0	0	0	0	0	0	0	0	0	0	0	0	0	0	0	0	0	
174744	Frontal_Mid_R	0	3264	0	25306	0	1870	0	0	0	1174	0	6888	0	13198	0	4800	0	338	664	2450	0	0	1542	5146	0	88	0	0	0	4964	100	8848	0	3078	0	0	0	392	0	268	0	0	0	0	0	0	0	0	0	0	0	0	0	0	0	158	0	214	0	0	0	0	0	0	0	0	0	0	0	0	0	88	0	1288	0	98	0	860	0	0	0	0	0	202	0	0	0	0	0	86	0	0	0	0	0	0	0	0	0	0	0	0	0	0	0	0	0	0	0	0	0	0	0	0	0	0	
106928	Frontal_Mid_Orb_L	132	0	2528	0	12538	0	3090	0	0	0	434	0	2810	0	11932	0	0	0	570	0	1664	804	124	0	266	0	3900	70	4740	0	286	0	92	0	0	0	78	0	0	0	0	0	0	0	0	0	0	0	0	0	0	0	0	0	0	0	0	0	0	0	0	0	0	0	0	0	0	0	0	0	2594	818	3778	134	0	0	0	0	0	0	0	0	82	0	0	0	0	0	0	0	0	0	0	0	0	0	0	0	0	0	0	0	0	0	0	0	0	0	0	0	0	0	0	0	0	0	
41260	Frontal_Mid_Orb_R	0	0	0	1186	0	7256	0	1174	0	0	0	0	0	480	0	6576	0	0	0	78	0	0	0	132	0	146	0	722	0	2162	0	134	0	0	0	0	0	0	0	0	0	0	0	0	0	0	0	0	0	0	0	0	0	0	0	0	0	0	0	0	0	0	0	0	0	0	0	0	0	0	0	154	0	430	0	0	0	0	0	0	0	0	0	0	0	0	0	0	0	0	0	0	0	0	0	0	0	0	0	0	0	0	0	0	0	0	0	0	0	0	0	0	0	0	0	0	
313388	Frontal_Inf_Oper_L	14258	0	24322	0	974	0	24002	0	434	0	0	0	15570	0	860	0	13884	0	9102	140	0	0	1388	0	0	0	0	0	25532	70	3222	200	2686	0	102	0	1670	0	154	0	0	0	0	0	0	0	212	0	0	0	0	0	0	0	132	0	1268	0	0	0	0	0	0	0	0	0	156	0	68	0	2706	2234	3548	136	748	0	142	0	1006	0	1686	0	3932	0	0	0	0	0	150	0	0	0	0	0	0	0	0	0	0	0	0	0	0	0	0	0	0	0	0	0	0	0	0	0	0	0	
195040	Frontal_Inf_Oper_R	0	4898	0	10776	0	96	0	6888	0	0	0	0	0	9418	0	700	0	6024	1426	7852	0	0	812	2236	0	0	0	0	0	18542	562	5472	0	3984	0	0	0	1668	0	1228	0	0	0	0	0	0	0	0	0	0	0	0	0	0	0	890	0	2870	0	0	0	0	0	0	0	0	0	0	0	0	0	2336	0	4764	0	0	0	338	0	98	0	390	0	2818	0	90	0	0	0	258	0	0	0	0	0	0	0	86	0	0	0	0	0	0	0	0	0	0	0	0	0	0	0	0	0	0	
233720	Frontal_Inf_Tri_L	1270	0	14796	0	1414	0	25066	0	2810	0	15570	0	0	0	13504	0	622	0	3892	102	0	0	4058	0	0	0	0	0	18430	72	5302	176	2914	0	0	0	80	0	0	0	0	0	0	0	0	0	0	0	0	0	0	0	0	0	0	0	0	0	0	0	0	0	0	0	0	0	0	0	0	0	2038	2116	2022	134	78	0	0	0	0	0	0	0	394	0	0	0	0	0	0	0	0	0	0	0	0	0	0	0	0	0	0	0	0	0	0	0	0	0	0	0	0	0	0	0	0	0	
149236	Frontal_Inf_Tri_R	0	1586	0	8210	0	434	0	13198	0	480	0	9418	0	0	0	8870	0	394	184	698	0	0	1720	5428	0	112	0	0	0	9826	188	7260	0	3874	0	0	0	256	0	168	0	0	0	0	0	0	0	0	0	0	0	0	0	0	0	68	0	594	0	0	0	0	0	0	0	0	0	0	0	0	0	1066	0	508	0	0	0	0	0	0	0	78	0	0	0	0	0	0	0	0	0	0	0	0	0	0	0	0	0	0	0	0	0	0	0	0	0	0	0	0	0	0	0	0	0	0	
197804	Frontal_Inf_Orb_L	206	0	4870	0	12478	0	5832	0	11932	0	860	0	13504	0	0	0	108	0	784	0	4600	846	906	0	192	0	3674	204	17564	0	1054	0	424	0	0	0	278	0	316	0	388	0	0	0	0	0	0	0	0	0	0	0	0	0	0	0	0	0	0	0	0	0	0	0	0	0	0	0	0	0	4374	802	9626	68	72	0	0	0	76	0	0	0	2864	0	0	0	0	0	0	0	0	0	0	0	0	0	0	0	0	0	0	0	0	0	0	0	0	0	0	0	0	0	0	0	0	0	
159820	Frontal_Inf_Orb_R	0	0	0	9004	72	7940	0	4800	0	6576	0	700	0	8870	0	0	0	0	406	818	754	2388	636	4524	0	570	226	2700	0	12878	436	6420	0	1074	0	0	0	0	0	136	0	252	0	0	0	0	0	0	0	0	0	0	0	0	0	204	0	0	0	0	0	0	0	0	0	0	0	0	0	0	366	3558	0	3166	0	0	0	0	0	0	0	0	0	436	0	0	0	0	0	0	0	0	0	0	0	0	0	0	0	0	0	0	0	0	0	0	0	0	0	0	0	0	0	0	0	0	
249780	Rolandic_Oper_L	12230	0	13872	0	0	0	7056	0	0	0	13884	0	622	0	108	0	0	0	8416	0	0	0	160	0	0	0	0	0	23042	0	492	0	790	0	0	0	2620	0	388	0	0	0	106	0	0	0	342	0	1020	0	1670	0	380	0	452	0	11518	0	1100	0	624	0	2094	0	572	0	1216	0	0	0	170	96	1662	0	436	0	94	0	4734	0	7314	0	2914	0	1340	0	0	0	1356	0	0	0	0	0	0	0	0	0	0	0	0	0	0	0	0	0	0	0	0	0	0	0	0	0	0	0	
197836	Rolandic_Oper_R	0	1486	0	13972	0	0	0	338	0	0	0	6024	0	394	0	0	0	0	6874	12784	0	0	114	356	0	0	0	0	0	19010	70	646	0	1504	0	0	0	2170	0	614	0	0	0	0	0	0	0	0	0	72	0	136	0	0	0	1460	0	3992	0	70	0	136	0	2772	0	168	0	0	0	0	0	0	0	3356	0	96	0	104	0	5222	0	7376	0	5172	0	1078	0	0	0	1352	0	0	0	0	0	0	0	0	0	0	0	0	0	0	0	0	0	0	0	0	0	0	0	0	0	0	
623564	Supp_Motor_Area_L	9396	2146	38328	23106	1052	610	5616	664	570	0	9102	1426	3892	184	784	406	8416	6874	0	38882	0	0	3358	1074	0	138	0	0	23428	5924	5054	9980	8094	10644	178	236	4082	2186	1374	1482	600	0	106	0	80	0	198	0	0	0	0	0	0	0	2882	1344	4644	1238	0	0	0	0	0	0	0	0	248	76	4114	132	8312	8758	21160	10026	3652	774	146	480	280	522	4664	670	2916	744	528	72	0	0	3168	336	0	0	0	0	0	0	0	134	0	92	0	0	0	0	0	0	0	0	0	0	0	0	0	0	0	0	
733160	Supp_Motor_Area_R	6770	11906	282	67780	0	1160	716	2450	0	78	140	7852	102	698	0	818	0	12784	38882	0	0	0	312	4966	0	316	0	178	230	15532	4880	21996	9438	41878	612	1846	86	5602	0	3026	0	0	0	80	0	0	0	128	0	0	0	82	0	0	0	4678	2998	7484	70	168	78	252	0	1352	0	202	168	1512	5286	12426	4404	16668	1298	20058	794	6126	5754	3818	0	636	0	1304	0	2148	0	406	0	0	0	2438	0	76	0	0	0	0	0	240	0	132	0	0	0	0	0	0	0	0	0	0	0	0	0	0	0	0	
123580	Olfactory_L	0	0	0	0	5618	648	0	0	1664	0	0	0	0	0	4600	754	0	0	0	0	0	7752	0	0	398	236	6186	2020	3660	76	2670	1180	0	0	0	0	300	0	750	0	814	148	0	0	0	0	0	0	0	0	0	0	0	0	70	0	0	0	0	0	0	0	0	0	0	0	0	0	0	0	11346	6336	1840	1322	0	0	0	0	0	0	0	0	1402	0	0	0	0	0	0	0	0	0	0	0	0	0	0	0	0	0	0	0	0	0	0	0	0	0	0	0	0	0	0	0	0	0	
120132	Olfactory_R	0	0	0	236	2276	2860	0	0	804	0	0	0	0	0	846	2388	0	0	0	0	7752	0	0	220	196	1874	3292	5538	110	962	3860	2846	0	0	0	0	0	0	0	362	0	934	0	0	0	0	0	0	0	0	0	0	0	0	0	0	0	0	0	0	0	0	0	0	0	0	0	0	0	0	8334	10398	1344	2416	0	114	0	0	0	0	0	0	0	104	0	0	0	0	0	0	0	0	0	0	0	0	0	0	0	0	0	0	0	0	0	0	0	0	0	0	0	0	0	0	0	0	
248848	Frontal_Sup_Medial_L	188	0	29776	5714	2178	0	14532	1542	124	0	1388	812	4058	1720	906	636	160	114	3358	312	0	0	0	13294	1192	1222	0	640	3308	2360	11732	8000	3184	8884	0	0	0	0	0	0	0	0	0	0	0	0	0	0	0	0	0	0	0	0	0	0	0	0	0	0	0	0	0	0	0	0	0	0	0	0	540	660	898	922	0	0	0	0	0	0	0	0	70	0	0	0	0	0	0	0	0	0	0	0	0	0	0	0	0	0	0	0	0	0	0	0	0	0	0	0	0	0	0	0	0	0	
300380	Frontal_Sup_Medial_R	0	0	260	29180	0	4120	0	5146	0	132	0	2236	0	5428	0	4524	0	356	1074	4966	0	220	13294	0	124	6752	0	2194	0	10140	1502	30388	0	16214	0	0	0	0	0	0	0	0	0	0	0	0	0	0	0	0	0	0	0	0	0	0	0	0	0	0	0	0	0	0	0	0	0	0	0	0	0	5476	0	6352	0	0	0	0	0	0	0	0	0	112	0	0	0	0	0	0	0	0	0	0	0	0	0	0	0	0	0	0	0	0	0	0	0	0	0	0	0	0	0	0	0	0	
25380	Frontal_Med_Orb_L	0	0	936	0	2272	938	0	0	266	0	0	0	0	0	192	0	0	0	0	0	398	196	1192	124	0	1990	1406	482	0	0	1294	186	0	0	0	0	0	0	0	0	0	0	0	0	0	0	0	0	0	0	0	0	0	0	0	0	0	0	0	0	0	0	0	0	0	0	0	0	0	0	456	138	224	0	0	0	0	0	0	0	0	0	0	0	0	0	0	0	0	0	0	0	0	0	0	0	0	0	0	0	0	0	0	0	0	0	0	0	0	0	0	0	0	0	0	0	
89444	Frontal_Med_Orb_R	0	0	0	2930	196	6816	0	88	0	146	0	0	0	112	0	570	0	0	138	316	236	1874	1222	6752	1990	0	360	6564	0	178	1586	5048	0	0	0	0	0	0	0	0	0	0	0	0	0	0	0	0	0	0	0	0	0	0	0	0	0	0	0	0	0	0	0	0	0	0	0	0	0	0	144	4690	0	2766	0	0	0	0	0	0	0	0	0	0	0	0	0	0	0	0	0	0	0	0	0	0	0	0	0	0	0	0	0	0	0	0	0	0	0	0	0	0	0	0	0	0	
82120	Rectus_L	0	0	0	0	7978	458	0	0	3900	0	0	0	0	0	3674	226	0	0	0	0	6186	3292	0	0	1406	360	0	1234	580	0	1168	178	0	0	0	0	0	0	0	0	0	0	0	0	0	0	0	0	0	0	0	0	0	0	0	0	0	0	0	0	0	0	0	0	0	0	0	0	0	0	6732	2966	440	282	0	0	0	0	0	0	0	0	0	0	0	0	0	0	0	0	0	0	0	0	0	0	0	0	0	0	0	0	0	0	0	0	0	0	0	0	0	0	0	0	0	0	
86724	Rectus_R	0	0	0	1036	404	7830	0	0	70	722	0	0	0	0	204	2700	0	0	0	178	2020	5538	640	2194	482	6564	1234	0	0	564	1190	2396	0	0	0	0	0	0	0	0	0	308	0	0	0	0	0	0	0	0	0	0	0	0	0	0	0	0	0	0	0	0	0	0	0	0	0	0	0	0	1558	4034	156	1340	0	0	0	0	0	0	0	0	0	0	0	0	0	0	0	0	0	0	0	0	0	0	0	0	0	0	0	0	0	0	0	0	0	0	0	0	0	0	0	0	0	0	
621532	Insula_L	15080	88	30796	76	7968	0	13938	0	4740	0	25532	0	18430	0	17564	0	23042	0	23428	230	3660	110	3308	0	0	0	580	0	0	0	9462	84	2100	0	638	0	15578	0	3540	0	3674	0	584	0	156	0	1280	0	108	0	658	0	232	0	4174	0	6426	0	112	0	462	0	846	0	272	0	1252	0	384	0	4760	2412	19720	112	456	0	610	0	11834	0	10644	0	11216	0	2252	0	0	0	5972	0	0	0	0	0	0	0	0	0	84	0	0	0	0	0	0	0	0	0	0	102	0	0	0	0	0	0	
470172	Insula_R	0	1162	0	28732	0	2374	0	4964	0	2162	70	18542	72	9826	0	12878	0	19010	5924	15532	76	962	2360	10140	0	178	0	564	0	0	616	12692	0	6052	0	0	0	6684	0	3902	0	772	0	0	0	0	0	84	0	0	0	108	0	0	0	6400	0	1548	0	0	0	104	0	338	0	132	0	0	0	0	114	3412	0	26032	0	158	0	646	0	3494	0	10126	0	6164	0	5152	0	0	0	4624	0	0	0	0	0	0	0	204	0	0	0	0	0	0	0	0	0	0	0	0	0	0	0	0	0	0	
256216	Cingulum_Ant_L	894	126	9584	3668	2660	736	5064	100	286	0	3222	562	5302	188	1054	436	492	70	5054	4880	2670	3860	11732	1502	1294	1586	1168	1190	9462	616	0	14720	5562	4022	0	0	0	82	0	0	0	0	0	0	0	0	0	0	0	0	0	0	0	0	0	0	146	0	0	0	78	0	0	0	0	0	0	0	0	0	6608	10356	3586	2732	0	160	0	0	98	0	0	0	500	0	0	0	0	0	0	0	0	0	0	0	0	0	0	0	0	0	0	0	0	0	0	0	0	0	0	0	0	0	0	0	0	0	
498344	Cingulum_Ant_R	0	828	104	38262	124	3502	0	8848	0	134	200	5472	176	7260	0	6420	0	646	9980	21996	1180	2846	8000	30388	186	5048	178	2396	84	12692	14720	0	3838	28900	0	0	0	484	0	322	0	0	0	0	0	0	0	0	0	0	0	0	0	0	0	332	0	240	0	0	0	0	0	0	0	0	0	0	0	0	1804	19066	100	11744	0	130	0	202	0	0	0	68	0	152	0	0	0	0	0	120	0	0	0	0	0	0	0	0	0	0	0	0	0	0	0	0	0	0	0	0	0	0	0	0	0	0	
169856	Cingulum_Mid_L	1568	162	2388	990	0	0	3996	0	92	0	2686	0	2914	0	424	0	790	0	8094	9438	0	0	3184	0	0	0	0	0	2100	0	5562	3838	0	13606	2966	1150	0	0	0	0	0	0	676	0	1180	78	204	0	828	0	1656	0	244	0	148	0	504	114	1346	0	1308	0	0	0	912	0	3542	722	4288	90	0	586	70	0	0	196	0	0	0	0	0	0	186	0	102	0	0	0	0	0	0	0	0	0	0	0	0	0	0	0	0	0	0	0	0	0	0	0	0	0	0	0	0	0	0	0	
444608	Cingulum_Mid_R	2780	2038	0	16422	0	0	198	3078	0	0	0	3984	0	3874	0	1074	0	1504	10644	41878	0	0	8884	16214	0	0	0	0	0	6052	4022	28900	13606	0	1246	7628	0	446	0	130	0	0	0	1038	0	1474	0	1010	0	368	82	74	0	232	0	596	180	4972	0	344	82	290	0	154	0	0	692	8882	3108	11784	2012	1288	154	1640	272	0	5218	88	0	0	0	0	0	588	0	142	0	0	0	938	0	0	0	0	0	0	0	0	0	0	0	0	0	0	0	0	0	0	0	0	0	0	0	0	0	0	
139300	Cingulum_Post_L	5908	192	112	0	0	0	142	0	0	0	102	0	0	0	0	0	0	0	178	612	0	0	0	0	0	0	0	0	638	0	0	0	2966	1246	0	5194	7264	2984	1534	2300	0	0	3424	0	1060	0	2254	338	846	0	1764	0	438	0	312	384	912	106	366	0	322	0	76	0	564	0	11848	748	2668	302	232	0	348	158	0	0	5742	2526	84	0	76	0	0	0	298	0	0	0	82	0	0	0	0	0	0	0	0	0	0	0	0	0	0	0	0	0	0	0	0	0	0	0	0	0	0	0	
132260	Cingulum_Post_R	1096	902	0	130	0	0	0	0	0	0	0	0	0	0	0	0	0	0	236	1846	0	0	0	0	0	0	0	0	0	0	0	0	1150	7628	5194	0	884	7150	0	3602	0	0	0	1678	0	1000	0	3426	0	356	0	140	0	196	0	1574	0	1448	0	0	0	0	0	100	0	0	562	9866	70	2914	118	218	0	208	0	0	5686	5454	0	0	0	0	0	0	0	68	0	0	0	952	0	0	0	0	0	0	0	0	0	0	0	0	0	0	0	0	0	0	0	0	278	0	0	0	0	0	
275172	Hippocampus_L	10698	0	3992	0	142	0	2284	0	78	0	1670	0	80	0	278	0	2620	0	4082	86	300	0	0	0	0	0	0	0	15578	0	0	0	0	0	7264	884	0	886	13962	758	6292	0	2990	0	276	0	3730	238	236	0	1646	0	338	0	8500	126	1782	0	156	0	130	0	502	0	220	0	7520	0	286	0	1118	0	6184	74	380	0	3694	670	6236	0	4526	0	1784	0	3370	0	0	0	7782	0	158	0	0	0	166	0	280	0	196	0	0	0	0	0	0	0	0	0	0	358	0	0	0	0	0	0	
377644	Hippocampus_R	920	4890	0	5878	0	0	0	392	0	0	0	1668	0	256	0	0	0	2170	2186	5602	0	0	0	0	0	0	0	0	0	6684	82	484	0	446	2984	7150	886	0	0	35986	0	11816	0	522	0	0	0	3334	0	0	0	0	0	188	0	31946	0	908	0	0	0	0	0	242	0	68	0	3450	0	526	86	1028	0	21230	0	230	4008	6860	0	494	0	1342	0	826	0	2922	0	0	0	13878	0	466	0	0	68	382	0	1970	0	880	0	0	0	0	0	0	0	0	0	324	164	0	0	0	0	0	
108328	ParaHippocampal_L	826	0	872	0	68	0	780	0	0	0	154	0	0	0	316	0	388	0	1374	0	750	0	0	0	0	0	0	0	3540	0	0	0	0	0	1534	0	13962	0	0	0	4438	0	1908	0	110	0	2552	96	0	0	0	0	68	0	7022	0	0	0	0	0	0	0	0	0	0	0	2708	0	0	0	430	0	2504	0	188	0	436	0	0	0	1340	0	1030	0	258	0	100	0	3336	0	104	0	0	0	232	0	312	0	272	0	0	0	0	0	0	0	0	0	0	156	0	0	0	0	0	0	
280288	ParaHippocampal_R	814	1800	0	3136	0	0	0	268	0	0	0	1228	0	168	0	136	0	614	1482	3026	0	362	0	0	0	0	0	0	0	3902	0	322	0	130	2300	3602	758	35986	0	0	0	9308	0	458	0	0	0	4556	0	0	0	0	0	110	0	25588	0	490	0	0	0	0	0	0	0	0	0	1534	0	90	74	432	0	12758	0	180	2788	4262	0	0	0	492	0	2396	0	668	0	1126	0	3900	0	1172	0	0	90	658	68	4652	0	1830	0	0	0	0	0	0	0	0	0	218	212	0	0	0	0	0	
45068	Amygdala_L	0	0	0	0	186	0	0	0	0	0	0	0	0	0	388	0	0	0	600	0	814	0	0	0	0	0	0	0	3674	0	0	0	0	0	0	0	6292	0	4438	0	0	0	0	0	0	0	0	0	0	0	0	0	0	0	2480	0	0	0	0	0	0	0	0	0	0	0	0	0	0	0	0	0	1162	0	0	0	0	0	0	0	0	0	1806	0	0	0	0	0	694	0	0	0	0	0	0	0	0	0	0	0	0	0	0	0	0	0	0	0	0	0	0	0	0	0	0	0	
67720	Amygdala_R	0	0	0	0	0	206	0	0	0	0	0	0	0	0	0	252	0	0	0	0	148	934	0	0	0	0	0	308	0	772	0	0	0	0	0	0	0	11816	0	9308	0	0	0	0	0	0	0	0	0	0	0	0	0	0	0	5184	0	0	0	0	0	0	0	0	0	0	0	0	0	0	142	200	0	2514	0	0	0	0	0	0	0	0	0	1374	0	0	0	0	0	0	0	100	0	0	0	168	0	268	0	166	0	0	0	0	0	0	0	0	0	0	0	0	0	0	0	0	
219848	Calcarine_L	294	0	134	0	0	0	0	0	0	0	0	0	0	0	0	0	106	0	106	0	0	0	0	0	0	0	0	0	584	0	0	0	676	0	3424	0	2990	0	1908	0	0	0	0	4084	13070	3006	19010	1768	10208	1386	18138	972	2654	424	2558	198	302	0	620	0	0	0	70	0	256	0	12944	380	154	0	0	0	0	0	0	0	0	0	216	0	224	0	0	0	418	0	0	0	316	0	384	0	0	0	0	0	1744	0	1402	0	0	0	0	0	166	78	0	0	0	0	1806	548	0	0	0	198	
354648	Calcarine_R	0	1930	0	0	0	0	0	0	0	0	0	0	0	0	0	0	0	0	0	80	0	0	0	0	0	0	0	0	0	0	0	0	0	1038	0	1678	0	522	0	458	0	0	4084	0	1740	27108	4140	18222	100	25290	0	16076	0	8948	0	8934	0	3742	0	1540	0	2022	0	190	0	570	1186	27132	0	2024	0	0	0	0	0	0	0	0	0	0	0	154	0	0	0	6330	0	0	0	11436	0	0	0	0	0	0	0	300	0	186	0	0	0	0	0	0	0	0	0	0	164	0	0	0	0	0	
137260	Cuneus_L	84	0	0	0	0	0	0	0	0	0	0	0	0	0	0	0	0	0	80	0	0	0	0	0	0	0	0	0	156	0	0	0	1180	0	1060	0	276	0	110	0	0	0	13070	1740	0	3902	2354	184	14966	614	9094	68	778	0	958	0	236	0	1506	0	206	0	0	0	462	0	11702	700	356	0	0	0	0	0	0	0	0	0	198	0	184	0	0	0	918	0	0	0	714	0	190	0	0	0	0	0	76	0	408	0	0	0	0	0	0	0	0	0	0	0	0	100	0	0	0	0	
259876	Cuneus_R	0	658	0	0	0	0	0	0	0	0	0	0	0	0	0	0	0	0	0	0	0	0	0	0	0	0	0	0	0	0	0	0	78	1474	0	1000	0	0	0	0	0	0	3006	27108	3902	0	1384	3870	98	35848	96	9108	0	1852	0	1684	0	1696	0	5210	0	204	0	0	0	124	3096	25450	0	986	0	0	0	0	0	0	0	0	0	0	0	0	0	0	0	1232	0	0	0	774	0	0	0	0	0	0	0	0	0	0	0	0	0	0	0	0	0	0	0	0	0	0	0	0	0	0	
464820	Lingual_L	908	0	366	0	0	0	260	0	0	0	212	0	0	0	0	0	342	0	198	0	0	0	0	0	0	0	0	0	1280	0	0	0	204	0	2254	0	3730	0	2552	0	0	0	19010	4140	2354	1384	0	5418	5902	1468	28032	906	21426	662	29212	1150	278	0	3440	0	524	0	422	0	1032	0	10772	320	88	0	112	0	364	0	0	0	1974	0	276	0	668	0	0	0	4336	0	0	0	3004	0	11638	1098	1736	120	126	172	13872	616	22448	2690	0	0	0	100	560	158	0	0	0	130	7758	5880	1630	112	120	466	
259280	Lingual_R	128	396	0	162	0	0	0	0	0	0	0	0	0	0	0	0	0	0	0	128	0	0	0	0	0	0	0	0	0	84	0	0	0	1010	338	3426	238	3334	96	4556	0	0	1768	18222	184	3870	5418	0	0	5284	222	3792	190	4918	736	15368	0	652	0	94	0	114	0	0	0	0	184	8310	0	770	0	0	88	372	0	0	380	804	0	0	0	0	0	0	0	354	0	0	0	1448	1452	4656	294	128	240	0	580	6790	4302	8254	0	0	106	118	478	118	0	0	0	162	5012	6912	2096	172	188	144	
286900	Occipital_Sup_L	444	0	0	0	0	0	0	0	0	0	0	0	0	0	0	0	1020	0	0	0	0	0	0	0	0	0	0	0	108	0	0	0	828	0	846	0	236	0	0	0	0	0	10208	100	14966	98	5902	0	0	0	37480	0	5004	0	3706	0	430	0	17906	0	4628	0	982	0	5878	0	23912	550	426	0	0	0	0	0	0	0	0	0	278	0	992	0	0	0	5522	0	0	0	608	0	0	0	0	0	0	0	0	0	308	0	0	0	0	0	0	0	0	0	0	0	0	84	0	0	0	0	
257688	Occipital_Sup_R	0	464	0	0	0	0	0	0	0	0	0	0	0	0	0	0	0	72	0	0	0	0	0	0	0	0	0	0	0	0	0	0	0	368	0	356	0	0	0	0	0	0	1386	25290	614	35848	1468	5284	0	0	0	19320	0	2948	0	2988	0	786	0	6516	0	584	0	92	0	3522	1128	15366	0	332	0	0	0	0	0	0	0	0	0	0	0	76	0	0	0	2734	0	0	0	1302	0	0	0	0	0	0	0	0	0	0	0	0	0	0	0	0	0	0	0	0	0	0	0	0	0	0	
583736	Occipital_Mid_L	1680	0	74	0	0	0	0	0	0	0	0	0	0	0	0	0	1670	0	0	0	0	0	0	0	0	0	0	0	658	0	0	0	1656	82	1764	0	1646	0	0	0	0	0	18138	0	9094	96	28032	222	37480	0	0	0	31912	0	17616	0	3308	0	24160	0	14794	0	2732	0	27764	0	27616	466	928	0	0	0	0	0	0	0	0	0	2622	0	3404	0	0	0	20196	0	0	0	5660	0	1374	0	0	0	0	0	592	0	3164	0	0	0	0	0	0	0	0	0	0	0	406	862	0	0	0	0	
206796	Occipital_Mid_R	0	1616	0	0	0	0	0	0	0	0	0	0	0	0	0	0	0	136	0	82	0	0	0	0	0	0	0	0	0	108	0	0	0	74	0	140	0	0	0	0	0	0	972	16076	68	9108	906	3792	0	19320	0	0	0	5460	0	2510	0	1864	0	812	0	1876	0	218	0	9906	94	7690	0	676	0	0	0	0	0	0	0	0	0	0	0	272	0	0	0	13112	0	0	0	6426	0	0	0	0	0	0	0	84	0	0	0	0	0	0	0	0	0	0	0	0	0	0	0	0	0	0	
271388	Occipital_Inf_L	378	0	0	0	0	0	0	0	0	0	0	0	0	0	0	0	380	0	0	0	0	0	0	0	0	0	0	0	232	0	0	0	244	0	438	0	338	0	68	0	0	0	2654	0	778	0	21426	190	5004	0	31912	0	0	0	22756	0	572	0	4104	0	1852	0	1522	0	2060	0	6158	134	134	0	0	0	0	0	0	0	68	0	400	0	1888	0	0	0	10640	0	0	0	11722	0	3562	0	98	0	0	0	734	0	2514	108	0	0	0	0	0	0	0	0	0	0	246	380	0	0	0	0	
113024	Occipital_Inf_R	0	924	0	0	0	0	0	0	0	0	0	0	0	0	0	0	0	0	0	0	0	0	0	0	0	0	0	0	0	0	0	0	0	232	0	196	0	188	0	110	0	0	424	8948	0	1852	662	4918	0	2948	0	5460	0	0	0	8842	0	1358	0	392	0	440	0	0	0	274	0	4348	0	726	0	0	0	0	0	0	0	0	0	0	0	0	0	0	0	2362	0	0	0	8720	170	70	0	0	0	0	0	132	300	678	0	0	0	0	0	0	0	0	0	0	0	590	248	0	0	0	
463688	Fusiform_L	258	0	1888	0	0	0	140	0	0	0	132	0	0	0	0	0	452	0	2882	0	70	0	0	0	0	0	0	0	4174	0	0	0	148	0	312	0	8500	0	7022	0	2480	0	2558	0	958	0	29212	736	3706	0	17616	0	22756	0	0	174	196	0	2696	0	802	0	700	0	1266	0	4780	134	78	0	0	0	1328	0	0	0	192	0	192	0	5418	0	1592	0	7594	0	1188	0	20560	0	20602	382	1594	0	394	82	16744	268	29546	858	270	0	260	0	202	110	74	0	0	70	2760	1804	662	136	136	0	
484172	Fusiform_R	0	2396	0	3844	0	0	0	158	0	0	0	890	0	68	0	204	0	1460	1344	4678	0	0	0	0	0	0	0	0	0	6400	0	332	0	596	384	1574	126	31946	0	25588	0	5184	198	8934	0	1684	1150	15368	0	2988	0	2510	0	8842	174	0	0	1856	0	390	0	704	0	452	0	394	0	3928	0	1698	0	82	0	13966	0	98	404	726	0	376	0	1342	0	6646	0	4798	0	2688	0	27362	616	10690	0	464	0	512	176	10600	1226	15106	0	88	0	86	0	0	0	0	0	386	2600	1930	676	0	0	0	
244276	Postcentral_L	28960	2222	5354	548	156	0	980	0	0	0	1268	0	0	0	0	0	11518	0	4644	2998	0	0	0	0	0	0	0	0	6426	0	146	0	504	180	912	0	1782	0	0	0	0	0	302	0	236	0	278	0	430	0	3308	0	572	0	196	0	0	0	5790	0	16620	0	8654	0	2208	0	2970	0	3492	0	554	0	122	0	70	0	68	0	3696	0	3220	0	226	0	356	0	0	0	172	0	0	0	0	0	0	0	0	0	0	0	0	0	0	0	0	0	0	0	0	0	0	0	0	0	0	0	
258656	Postcentral_R	138	27390	0	3394	0	0	0	214	0	0	0	2870	0	594	0	0	0	3992	1238	7484	0	0	0	0	0	0	0	0	0	1548	0	240	114	4972	106	1448	0	908	0	490	0	0	0	3742	0	1696	0	652	0	786	0	1864	0	1358	0	1856	0	0	0	5310	0	6236	0	9720	0	1054	122	10404	128	13950	734	716	0	936	0	94	2070	1406	0	286	0	822	0	376	0	1478	0	0	0	4392	0	0	0	0	0	0	0	0	0	0	0	0	0	0	0	0	0	0	0	0	0	0	0	0	0	0	
240660	Parietal_Sup_L	1208	0	0	0	0	0	0	0	0	0	0	0	0	0	0	0	1100	0	0	70	0	0	0	0	0	0	0	0	112	0	0	0	1346	0	366	0	156	0	0	0	0	0	620	0	1506	0	3440	0	17906	0	24160	0	4104	0	2696	0	5790	0	0	0	12170	0	968	0	8750	0	24912	88	1502	0	0	0	0	0	0	0	0	0	254	0	972	0	0	0	5492	0	0	0	642	0	0	0	0	0	0	0	0	0	0	0	0	0	0	0	0	0	0	0	0	0	0	0	0	0	0	0	
125968	Parietal_Sup_R	0	406	0	212	0	0	0	0	0	0	0	0	0	0	0	0	0	70	0	168	0	0	0	0	0	0	0	0	0	0	0	0	0	344	0	0	0	0	0	0	0	0	0	1540	0	5210	0	94	0	6516	0	812	0	392	0	390	0	5310	0	0	0	15088	0	3128	0	7664	820	10650	0	508	0	0	0	0	0	0	0	0	0	0	0	366	0	0	0	1056	0	0	0	2240	0	0	0	0	0	0	0	0	0	0	0	0	0	0	0	0	0	0	0	0	0	0	0	0	0	0	
252344	Parietal_Inf_L	4668	0	92	0	0	0	356	0	0	0	0	0	0	0	0	0	624	0	0	78	0	0	0	0	0	0	0	0	462	0	78	0	1308	82	322	0	130	0	0	0	0	0	0	0	206	0	524	0	4628	0	14794	0	1852	0	802	0	16620	0	12170	0	0	0	18426	0	30814	0	5008	140	946	0	0	0	0	0	0	0	0	0	258	0	2348	0	0	0	5270	0	0	0	3086	0	80	0	0	0	0	0	0	0	0	0	0	0	0	0	0	0	0	0	0	0	0	0	0	0	0	0	
130696	Parietal_Inf_R	0	1074	0	264	0	0	0	0	0	0	0	0	0	0	0	0	0	136	0	252	0	0	0	0	0	0	0	0	0	104	0	0	0	290	0	0	0	0	0	0	0	0	0	2022	0	204	0	114	0	584	0	1876	0	440	0	704	0	6236	0	15088	0	0	0	10242	0	15004	0	3156	0	246	0	0	0	0	0	0	0	0	0	0	0	1078	0	0	0	2042	0	0	0	4192	0	0	0	0	0	0	0	0	0	0	0	0	0	0	0	0	0	0	0	0	0	0	0	0	0	0	
162344	SupraMarginal_L	1374	0	0	0	0	0	0	0	0	0	0	0	0	0	0	0	2094	0	0	0	0	0	0	0	0	0	0	0	846	0	0	0	0	0	76	0	502	0	0	0	0	0	70	0	0	0	422	0	982	0	2732	0	1522	0	700	0	8654	0	968	0	18426	0	0	0	13608	0	1024	0	80	0	0	0	0	0	0	0	102	0	576	0	12084	0	0	0	10702	0	0	0	3488	0	140	0	0	0	0	0	0	0	0	0	0	0	0	0	0	0	0	0	0	0	0	0	0	0	0	0	
93392	SupraMarginal_R	0	1962	0	1040	0	0	0	0	0	0	0	0	0	0	0	0	0	2772	0	1352	0	0	0	0	0	0	0	0	0	338	0	0	0	154	0	100	0	242	0	0	0	0	0	190	0	0	0	0	0	92	0	218	0	0	0	452	0	9720	0	3128	0	10242	0	0	0	5404	0	378	0	544	0	0	0	154	0	112	0	0	0	278	0	5064	0	0	0	1174	0	0	0	1586	0	0	0	0	0	0	0	0	0	0	0	0	0	0	0	0	0	0	0	0	0	0	0	0	0	0	
253236	Angular_L	1440	0	0	0	0	0	0	0	0	0	0	0	0	0	0	0	572	0	0	0	0	0	0	0	0	0	0	0	272	0	0	0	912	0	564	0	220	0	0	0	0	0	256	0	462	0	1032	0	5878	0	27764	0	2060	0	1266	0	2208	0	8750	0	30814	0	13608	0	0	0	6418	174	252	0	0	0	0	0	0	0	0	0	350	0	5098	0	0	0	12548	0	0	0	3604	0	96	0	0	0	0	0	0	0	0	0	0	0	0	0	0	0	0	0	0	0	0	0	0	0	0	0	
113584	Angular_R	0	782	0	224	0	0	0	0	0	0	0	0	0	0	0	0	0	168	0	202	0	0	0	0	0	0	0	0	0	132	0	0	0	0	0	0	0	68	0	0	0	0	0	570	0	124	0	0	0	3522	0	9906	0	274	0	394	0	1054	0	7664	0	15004	0	5404	0	0	0	546	0	202	0	0	0	0	0	0	0	0	0	0	0	2604	0	0	0	4314	0	0	0	3634	0	0	0	0	0	0	0	0	0	0	0	0	0	0	0	0	0	0	0	0	0	0	0	0	0	0	
401160	Precuneus_L	3444	68	328	0	0	0	198	0	0	0	156	0	0	0	0	0	1216	0	248	168	0	0	0	0	0	0	0	0	1252	0	0	0	3542	692	11848	562	7520	0	2708	0	0	0	12944	1186	11702	3096	10772	184	23912	1128	27616	94	6158	0	4780	0	2970	122	24912	820	5008	0	1024	0	6418	0	0	7560	2030	154	104	0	362	0	0	0	1140	0	536	0	1336	0	0	0	6402	68	0	0	1372	224	80	0	0	0	0	0	172	0	152	0	0	0	0	0	0	0	0	0	0	0	92	0	0	0	0	0	
373204	Precuneus_R	190	4258	0	0	0	0	0	0	0	0	0	0	0	0	0	0	0	0	76	1512	0	0	0	0	0	0	0	0	0	0	0	0	722	8882	748	9866	0	3450	0	1534	0	0	380	27132	700	25450	320	8310	550	15366	466	7690	134	4348	134	3928	0	10404	88	10650	140	3156	0	378	174	546	7560	0	0	8338	0	0	0	0	0	0	688	570	0	0	0	178	0	0	0	5518	0	0	0	11272	0	0	0	0	0	0	0	346	0	0	0	0	0	0	0	0	0	0	0	0	450	0	0	0	0	0	
108256	Paracentral_Lobule_L	12020	1182	334	0	0	0	1420	0	0	0	68	0	0	0	0	0	0	0	4114	5286	0	0	0	0	0	0	0	0	384	0	0	0	4288	3108	2668	70	286	0	0	0	0	0	154	0	356	0	88	0	426	0	928	0	134	0	78	0	3492	128	1502	0	946	0	80	0	252	0	2030	0	0	1434	1384	0	1440	0	2300	0	1386	0	168	0	0	0	0	0	194	0	0	0	0	0	0	0	0	0	0	0	0	0	0	0	0	0	0	0	0	0	0	0	0	0	0	0	0	0	0	0	
162008	Paracentral_Lobule_R	1186	7670	0	156	0	0	110	0	0	0	0	0	0	0	0	0	0	0	132	12426	0	0	0	0	0	0	0	0	0	0	0	0	90	11784	302	2914	0	526	0	90	0	0	0	2024	0	986	0	770	0	332	0	676	0	726	0	1698	0	13950	0	508	0	246	0	544	0	202	154	8338	1434	0	1830	0	0	0	308	0	5268	0	0	0	0	178	0	0	0	868	0	0	0	2578	0	0	0	0	0	0	0	0	0	0	0	0	0	0	0	0	0	0	0	0	0	0	0	0	0	0	
261084	Caudate_L	4874	1628	3144	912	8172	386	1516	0	2594	0	2706	0	2038	0	4374	366	170	0	8312	4404	11346	8334	540	0	456	144	6732	1558	4760	114	6608	1804	0	2012	232	118	1118	86	430	74	0	142	0	0	0	0	112	0	0	0	0	0	0	0	0	0	554	734	0	0	0	0	0	0	0	0	104	0	1384	1830	0	9754	14878	1680	2236	148	3288	656	598	0	0	0	382	0	0	0	0	0	0	0	0	0	0	0	0	0	0	0	0	0	0	0	0	0	0	0	0	0	0	0	0	0	0	0	0	0	
389448	Caudate_R	394	5912	1014	15666	2174	4398	392	88	818	154	2234	2336	2116	1066	802	3558	96	0	8758	16668	6336	10398	660	5476	138	4690	2966	4034	2412	3412	10356	19066	586	1288	0	218	0	1028	0	432	0	200	0	0	0	0	0	0	0	0	0	0	0	0	0	82	0	716	0	0	0	0	0	0	0	0	0	0	0	0	9754	0	3018	18308	0	2672	506	17328	0	0	0	0	0	0	0	0	0	0	0	0	0	0	0	0	0	0	0	0	0	0	0	0	0	0	0	0	0	0	0	0	0	0	0	0	0	0	
325468	Putamen_L	9970	348	14946	392	8328	0	6508	0	3778	0	3548	0	2022	0	9626	0	1662	0	21160	1298	1840	1344	898	0	224	0	440	156	19720	0	3586	100	70	154	348	0	6184	0	2504	0	1162	0	0	0	0	0	364	88	0	0	0	0	0	0	1328	0	122	0	0	0	0	0	0	0	0	0	362	0	1440	0	14878	3018	0	298	10422	0	2778	198	210	0	392	0	3650	0	96	0	0	0	680	0	0	0	0	0	0	0	0	0	0	0	0	0	0	0	0	0	0	0	0	94	0	0	0	0	0	0	
445848	Putamen_R	0	1420	120	24436	238	4360	0	1288	134	430	136	4764	134	508	68	3166	0	3356	10026	20058	1322	2416	922	6352	0	2766	282	1340	112	26032	2732	11744	0	1640	158	208	74	21230	0	12758	0	2514	0	0	0	0	0	372	0	0	0	0	0	0	0	13966	0	936	0	0	0	0	0	154	0	0	0	0	0	0	1680	18308	298	0	0	2716	166	2366	0	474	0	2464	0	426	0	2034	0	0	0	5686	0	194	0	0	0	0	0	1066	0	374	0	0	0	0	0	0	0	0	0	0	0	0	0	0	0	0	
68816	Pallidum_L	3088	140	4916	140	0	0	2596	0	0	0	748	0	78	0	72	0	436	0	3652	794	0	0	0	0	0	0	0	0	456	0	0	0	0	272	0	0	380	0	188	0	0	0	0	0	0	0	0	0	0	0	0	0	0	0	0	0	70	0	0	0	0	0	0	0	0	0	0	0	2300	308	2236	0	10422	0	0	0	1116	0	0	0	0	0	0	0	0	0	0	0	0	0	0	0	0	0	0	0	0	0	0	0	0	0	0	0	0	0	0	0	0	0	0	0	0	0	0	0	
38008	Pallidum_R	0	0	0	4666	0	0	0	98	0	0	0	0	0	0	0	0	0	96	774	6126	0	114	0	0	0	0	0	0	0	158	160	130	196	0	0	0	0	230	0	180	0	0	0	0	0	0	0	0	0	0	0	0	0	0	0	98	0	94	0	0	0	0	0	112	0	0	0	0	0	0	148	2672	0	2716	0	0	0	236	0	0	0	0	0	0	0	0	0	0	0	0	0	0	0	0	0	0	0	0	0	0	0	0	0	0	0	0	0	0	0	0	0	0	0	0	0	0	
188576	Thalamus_L	23128	1030	844	92	0	0	4770	0	0	0	142	0	0	0	0	0	94	0	146	5754	0	0	0	0	0	0	0	0	610	0	0	0	0	5218	5742	5686	3694	4008	436	2788	0	0	0	0	0	0	1974	380	0	0	0	0	68	0	192	404	68	2070	0	0	0	0	102	0	0	0	1140	688	1386	5268	3288	506	2778	166	1116	0	0	7230	0	0	138	0	0	0	368	0	0	0	394	0	0	0	0	0	0	0	0	0	0	0	0	0	0	0	0	0	0	0	0	382	0	0	0	0	0	0	
148480	Thalamus_R	830	10424	0	4690	0	0	0	860	0	0	0	338	0	0	0	0	0	104	480	3818	0	0	0	0	0	0	0	0	0	646	0	202	0	88	2526	5454	670	6860	0	4262	0	0	0	0	0	0	0	804	0	0	0	0	0	0	0	726	0	1406	0	0	0	0	0	0	0	0	0	570	0	0	656	17328	198	2366	0	236	7230	0	0	0	0	108	0	0	0	92	0	0	0	174	0	0	0	0	0	0	0	94	0	0	0	0	0	0	0	0	0	0	0	0	0	0	0	0	0	0	
109216	Heschl_L	7570	0	900	0	142	0	940	0	0	0	1006	0	0	0	76	0	4734	0	280	0	0	0	0	0	0	0	0	0	11834	0	98	0	0	0	84	0	6236	0	0	0	0	0	216	0	198	0	276	0	278	0	2622	0	400	0	192	0	3696	0	254	0	258	0	576	0	350	0	536	0	168	0	598	0	210	0	0	0	0	0	0	0	4968	0	0	0	3342	0	0	0	1500	0	70	0	0	0	0	0	0	0	0	0	0	0	0	0	0	0	0	0	0	0	0	0	0	0	0	0	
42172	Heschl_R	0	192	0	632	0	0	0	0	0	0	0	98	0	0	0	0	0	5222	522	636	0	0	0	0	0	0	0	0	0	3494	0	0	0	0	0	0	0	494	0	0	0	0	0	0	0	0	0	0	0	0	0	0	0	0	0	376	0	286	0	0	0	0	0	278	0	0	0	0	0	0	0	0	0	474	0	0	0	0	0	0	0	5846	0	210	0	1702	0	0	0	624	0	0	0	0	0	0	0	0	0	0	0	0	0	0	0	0	0	0	0	0	0	0	0	0	0	0	
274472	Temporal_Sup_L	3008	0	4694	0	0	0	786	0	0	0	1686	0	0	0	0	0	7314	0	4664	0	0	0	0	0	0	0	0	0	10644	0	0	0	0	0	76	0	4526	0	1340	0	0	0	224	0	184	0	668	0	992	0	3404	0	1888	0	5418	0	3220	0	972	0	2348	0	12084	0	5098	0	1336	0	0	0	0	0	392	0	0	0	138	0	4968	0	0	0	3238	0	31370	0	0	0	20046	0	178	0	0	0	0	0	76	0	256	0	0	0	0	0	0	0	0	0	0	0	0	0	0	0	0	0	
139100	Temporal_Sup_R	0	548	0	1246	0	0	0	0	0	0	0	390	0	78	0	0	0	7376	670	1304	0	0	0	0	0	0	0	0	0	10126	0	68	0	0	0	0	0	1342	0	492	0	0	0	154	0	0	0	0	0	76	0	272	0	0	0	1342	0	822	0	366	0	1078	0	5064	0	2604	0	178	0	178	0	0	0	2464	0	0	0	108	0	5846	0	0	0	3978	0	17456	0	346	0	3578	0	0	0	0	0	0	0	0	0	0	0	0	0	0	0	0	0	0	0	0	0	0	0	0	0	0	
112980	Temporal_Pole_Sup_L	414	0	2080	0	648	0	616	0	82	0	3932	0	394	0	2864	0	2914	0	2916	0	1402	0	70	0	0	0	0	0	11216	0	500	0	186	0	0	0	1784	0	1030	0	1806	0	0	0	0	0	0	0	0	0	0	0	0	0	1592	0	226	0	0	0	0	0	0	0	0	0	0	0	0	0	382	0	3650	0	0	0	0	0	0	0	3238	0	0	0	5510	0	2486	0	4552	0	0	0	0	0	0	0	0	0	0	0	0	0	0	0	0	0	0	0	0	0	0	0	0	0	0	0	
96436	Temporal_Pole_Sup_R	0	346	0	2964	0	0	0	202	0	0	0	2818	0	0	0	436	0	5172	744	2148	0	104	0	112	0	0	0	0	0	6164	0	152	0	588	0	0	0	826	0	2396	0	1374	0	0	0	0	0	0	0	0	0	0	0	0	0	6646	0	376	0	0	0	0	0	0	0	0	0	0	0	0	0	0	0	426	0	0	0	0	0	210	0	3978	0	0	0	2734	0	4310	0	2992	0	0	0	0	0	0	0	0	0	0	0	0	0	0	0	0	0	0	0	0	0	0	0	0	0	0	
366164	Temporal_Mid_L	324	0	478	0	0	0	0	0	0	0	0	0	0	0	0	0	1340	0	528	0	0	0	0	0	0	0	0	0	2252	0	0	0	102	0	298	0	3370	0	258	0	0	0	418	0	918	0	4336	0	5522	0	20196	0	10640	0	7594	0	356	0	5492	0	5270	0	10702	0	12548	0	6402	0	194	0	0	0	96	0	0	0	368	0	3342	0	31370	0	5510	0	0	0	2304	0	39814	0	412	0	0	0	0	0	0	0	328	0	0	0	0	0	0	0	0	0	0	0	0	0	0	0	0	0	
240492	Temporal_Mid_R	0	1186	0	210	0	0	0	0	0	0	0	90	0	0	0	0	0	1078	72	406	0	0	0	0	0	0	0	0	0	5152	0	0	0	142	0	68	0	2922	0	668	0	0	0	6330	0	1232	0	354	0	2734	0	13112	0	2362	0	4798	0	1478	0	1056	0	2042	0	1174	0	4314	68	5518	0	868	0	0	0	2034	0	0	0	92	0	1702	0	17456	0	2734	0	0	0	3294	0	33500	0	0	0	0	0	0	0	0	0	0	0	0	0	0	0	0	0	0	0	0	0	0	0	0	0	0	
17252	Temporal_Pole_Mid_L	0	0	0	0	0	0	0	0	0	0	0	0	0	0	0	0	0	0	0	0	0	0	0	0	0	0	0	0	0	0	0	0	0	0	0	0	0	0	100	0	0	0	0	0	0	0	0	0	0	0	0	0	0	0	1188	0	0	0	0	0	0	0	0	0	0	0	0	0	0	0	0	0	0	0	0	0	0	0	0	0	0	0	2486	0	2304	0	0	0	2548	0	0	0	0	0	0	0	0	0	0	0	0	0	0	0	0	0	0	0	0	0	0	0	0	0	0	0	
29176	Temporal_Pole_Mid_R	0	0	0	0	0	0	0	0	0	0	0	0	0	0	0	0	0	0	0	0	0	0	0	0	0	0	0	0	0	0	0	0	0	0	0	0	0	0	0	1126	0	0	0	0	0	0	0	0	0	0	0	0	0	0	0	2688	0	0	0	0	0	0	0	0	0	0	0	0	0	0	0	0	0	0	0	0	0	0	0	0	0	346	0	4310	0	3294	0	0	0	2824	0	0	0	0	0	0	0	0	0	0	0	0	0	0	0	0	0	0	0	0	0	0	0	0	0	0	
308532	Temporal_Inf_L	310	0	2778	0	0	0	198	0	0	0	150	0	0	0	0	0	1356	0	3168	0	0	0	0	0	0	0	0	0	5972	0	0	0	0	0	82	0	7782	0	3336	0	694	0	316	0	714	0	3004	0	608	0	5660	0	11722	0	20560	0	172	0	642	0	3086	0	3488	0	3604	0	1372	0	0	0	0	0	680	0	0	0	394	0	1500	0	20046	0	4552	0	39814	0	2548	0	0	0	2484	0	104	0	0	0	218	0	1062	0	0	0	90	0	0	0	0	0	0	0	0	0	0	0	0	0	
343344	Temporal_Inf_R	0	2942	0	1652	0	0	0	86	0	0	0	258	0	0	0	0	0	1352	336	2438	0	0	0	0	0	0	0	0	0	4624	0	120	0	938	0	952	0	13878	0	3900	0	0	0	11436	0	774	0	1448	0	1302	0	6426	0	8720	0	27362	0	4392	0	2240	0	4192	0	1586	0	3634	224	11272	0	2578	0	0	0	5686	0	0	0	174	0	624	0	3578	0	2992	0	33500	0	2824	0	0	0	1022	0	84	0	0	0	0	0	126	0	0	0	0	0	0	0	0	0	0	0	0	0	0	0	0	
451760	Cerebelum_Crus1_L	0	0	0	0	0	0	0	0	0	0	0	0	0	0	0	0	0	0	0	0	0	0	0	0	0	0	0	0	0	0	0	0	0	0	0	0	158	0	104	0	0	0	384	0	190	0	11638	1452	0	0	1374	0	3562	170	20602	616	0	0	0	0	80	0	140	0	96	0	80	0	0	0	0	0	0	0	0	0	0	0	70	0	178	0	0	0	412	0	0	0	2484	0	0	2502	29016	2640	1940	432	23234	672	55088	2514	12206	496	18024	2150	4342	1698	1644	274	364	674	3224	5320	7854	3064	2450	268	
393548	Cerebelum_Crus1_R	0	0	0	76	0	0	0	0	0	0	0	0	0	0	0	0	0	0	0	76	0	0	0	0	0	0	0	0	0	0	0	0	0	0	0	0	0	466	0	1172	0	100	0	0	0	0	1098	4656	0	0	0	0	0	70	382	10690	0	0	0	0	0	0	0	0	0	0	0	0	0	0	0	0	0	194	0	0	0	0	0	0	0	0	0	0	0	0	0	0	0	1022	2502	0	1458	27816	154	5718	1366	22468	2668	53152	624	8792	696	11282	296	3418	0	268	728	2118	10568	6546	7944	3354	2758	78	
233316	Cerebelum_Crus2_L	0	0	0	0	0	0	0	0	0	0	0	0	0	0	0	0	0	0	0	0	0	0	0	0	0	0	0	0	0	0	0	0	0	0	0	0	0	0	0	0	0	0	0	0	0	0	1736	294	0	0	0	0	98	0	1594	0	0	0	0	0	0	0	0	0	0	0	0	0	0	0	0	0	0	0	0	0	0	0	0	0	0	0	0	0	0	0	0	0	104	0	29016	1458	0	5638	0	0	186	0	4166	352	26624	3876	22996	2822	1216	850	0	228	0	0	0	1196	7736	3296	1176	0	
245148	Cerebelum_Crus2_R	0	0	0	0	0	0	0	0	0	0	0	0	0	0	0	0	0	0	0	0	0	0	0	0	0	0	0	0	0	0	0	0	0	0	0	0	0	0	0	0	0	0	0	0	0	0	120	128	0	0	0	0	0	0	0	464	0	0	0	0	0	0	0	0	0	0	0	0	0	0	0	0	0	0	0	0	0	0	0	0	0	0	0	0	0	0	0	0	0	84	2640	27816	5638	0	0	184	0	250	262	6210	4988	22634	4566	26090	966	3278	0	214	0	130	112	464	9308	4822	1206	0	
46972	Cerebelum_3_L	0	0	0	0	0	0	0	0	0	0	0	0	0	0	0	0	0	0	0	0	0	0	0	0	0	0	0	0	0	0	0	0	0	0	0	0	166	68	232	90	0	0	0	0	0	0	126	240	0	0	0	0	0	0	394	0	0	0	0	0	0	0	0	0	0	0	0	0	0	0	0	0	0	0	0	0	0	0	0	0	0	0	0	0	0	0	0	0	0	0	1940	154	0	0	0	170	7576	244	4050	610	104	0	196	0	1274	102	0	0	668	2768	1502	682	0	0	130	0	
75276	Cerebelum_3_R	0	0	0	0	0	0	0	0	0	0	0	0	0	0	0	0	0	0	0	0	0	0	0	0	0	0	0	0	0	0	0	0	0	0	0	0	0	382	0	658	0	168	0	0	0	0	172	0	0	0	0	0	0	0	82	512	0	0	0	0	0	0	0	0	0	0	0	0	0	0	0	0	0	0	0	0	0	0	0	0	0	0	0	0	0	0	0	0	0	0	432	5718	0	184	170	0	694	7934	504	9168	0	0	0	306	0	640	0	0	1006	4864	1832	590	458	574	590	0	
291204	Cerebelum_4_5_L	0	0	0	0	0	0	0	0	0	0	0	0	0	0	0	0	0	0	0	0	0	0	0	0	0	0	0	0	0	0	0	0	0	0	0	0	280	0	312	68	0	0	1744	0	76	0	13872	580	0	0	592	0	734	0	16744	176	0	0	0	0	0	0	0	0	0	0	172	0	0	0	0	0	0	0	0	0	0	0	0	0	76	0	0	0	0	0	0	0	218	0	23234	1366	186	0	7576	694	0	2590	41852	4136	848	0	1026	0	3044	638	168	0	614	2238	15286	2398	234	200	610	1020	
247196	Cerebelum_4_5_R	0	0	0	226	0	0	0	0	0	0	0	86	0	0	0	0	0	0	134	240	0	0	0	0	0	0	0	0	0	204	0	0	0	0	0	0	0	1970	0	4652	0	268	0	300	0	0	616	6790	0	0	0	84	0	132	268	10600	0	0	0	0	0	0	0	0	0	0	0	346	0	0	0	0	0	1066	0	0	0	94	0	0	0	0	0	0	0	0	0	0	0	0	672	22468	0	250	244	7934	2590	0	1698	36004	0	82	0	220	90	278	0	0	292	3346	17782	562	284	302	310	114	
463468	Cerebelum_6_L	0	0	0	0	0	0	0	0	0	0	0	0	0	0	0	0	0	0	0	0	0	0	0	0	0	0	0	0	84	0	0	0	0	0	0	0	196	0	272	0	0	0	1402	0	408	0	22448	4302	308	0	3164	0	2514	300	29546	1226	0	0	0	0	0	0	0	0	0	0	152	0	0	0	0	0	0	0	0	0	0	0	0	0	256	0	0	0	328	0	0	0	1062	0	55088	2668	4166	262	4050	504	41852	1698	0	5598	3192	0	5910	232	5330	894	2170	0	546	972	10188	12282	3302	848	1694	320	
398888	Cerebelum_6_R	0	0	0	132	0	0	0	0	0	0	0	0	0	0	0	0	0	0	92	132	0	0	0	0	0	0	0	0	0	0	0	0	0	0	0	0	0	880	0	1830	0	166	0	186	0	0	2690	8254	0	0	0	0	108	678	858	15106	0	0	0	0	0	0	0	0	0	0	0	0	0	0	0	0	0	374	0	0	0	0	0	0	0	0	0	0	0	0	0	0	0	126	2514	53152	352	6210	610	9168	4136	36004	5598	0	0	2274	0	2036	246	1734	0	88	922	4126	19756	9220	5768	2216	1702	0	
197988	Cerebelum_7b_L	0	0	0	0	0	0	0	0	0	0	0	0	0	0	0	0	0	0	0	0	0	0	0	0	0	0	0	0	0	0	0	0	0	0	0	0	0	0	0	0	0	0	0	0	0	0	0	0	0	0	0	0	0	0	270	0	0	0	0	0	0	0	0	0	0	0	0	0	0	0	0	0	0	0	0	0	0	0	0	0	0	0	0	0	0	0	0	0	0	0	12206	624	26624	4988	104	0	848	0	3192	0	0	4994	29174	4426	2548	78	236	0	0	0	0	0	4020	4662	0	0	
167352	Cerebelum_7b_R	0	0	0	0	0	0	0	0	0	0	0	0	0	0	0	0	0	0	0	0	0	0	0	0	0	0	0	0	0	0	0	0	0	0	0	0	0	0	0	0	0	0	0	0	0	0	0	0	0	0	0	0	0	0	0	88	0	0	0	0	0	0	0	0	0	0	0	0	0	0	0	0	0	0	0	0	0	0	0	0	0	0	0	0	0	0	0	0	0	0	496	8792	3876	22634	0	0	0	82	0	2274	4994	0	4038	23092	482	4400	0	0	0	0	0	92	3700	4214	422	0	
253608	Cerebelum_8_L	0	0	0	0	0	0	0	0	0	0	0	0	0	0	0	0	0	0	0	0	0	0	0	0	0	0	0	0	0	0	0	0	0	0	0	0	0	0	0	0	0	0	0	0	0	0	0	106	0	0	0	0	0	0	260	0	0	0	0	0	0	0	0	0	0	0	0	0	0	0	0	0	0	0	0	0	0	0	0	0	0	0	0	0	0	0	0	0	90	0	18024	696	22996	4566	196	0	1026	0	5910	0	29174	4038	0	5902	16596	988	1532	82	0	0	102	372	5322	7114	1712	0	
225156	Cerebelum_8_R	0	0	0	0	0	0	0	0	0	0	0	0	0	0	0	0	0	0	0	0	0	0	0	0	0	0	0	0	0	0	0	0	0	0	0	0	0	0	0	0	0	0	0	0	0	0	100	118	0	0	0	0	0	0	0	86	0	0	0	0	0	0	0	0	0	0	0	0	0	0	0	0	0	0	0	0	0	0	0	0	0	0	0	0	0	0	0	0	0	0	2150	11282	2822	26090	0	306	0	220	232	2036	4426	23092	5902	0	1342	14272	0	580	0	176	128	422	6620	7472	2390	314	
113688	Cerebelum_9_L	0	0	0	0	0	0	0	0	0	0	0	0	0	0	0	0	0	0	0	0	0	0	0	0	0	0	0	0	0	0	0	0	0	0	0	0	0	0	0	0	0	0	166	0	0	0	560	478	0	0	0	0	0	0	202	0	0	0	0	0	0	0	0	0	0	0	0	0	0	0	0	0	0	0	0	0	0	0	0	0	0	0	0	0	0	0	0	0	0	0	4342	296	1216	966	1274	0	3044	90	5330	246	2548	482	16596	1342	0	1690	3372	92	88	86	1782	2738	1852	2122	3156	688	
129708	Cerebelum_9_R	0	0	0	0	0	0	0	0	0	0	0	0	0	0	0	0	0	0	0	0	0	0	0	0	0	0	0	0	0	0	0	0	0	0	0	0	0	0	0	0	0	0	78	0	0	0	158	118	0	0	0	0	0	0	110	0	0	0	0	0	0	0	0	0	0	0	0	0	0	0	0	0	0	0	0	0	0	0	0	0	0	0	0	0	0	0	0	0	0	0	1698	3418	850	3278	102	640	638	278	894	1734	78	4400	988	14272	1690	0	0	2748	420	470	1274	2776	5308	5896	8044	2496	
19992	Cerebelum_10_L	0	0	0	0	0	0	0	0	0	0	0	0	0	0	0	0	0	0	0	0	0	0	0	0	0	0	0	0	0	0	0	0	0	0	0	0	0	0	0	0	0	0	0	0	0	0	0	0	0	0	0	0	0	0	74	0	0	0	0	0	0	0	0	0	0	0	0	0	0	0	0	0	0	0	0	0	0	0	0	0	0	0	0	0	0	0	0	0	0	0	1644	0	0	0	0	0	168	0	2170	0	236	0	1532	0	3372	0	0	0	0	0	0	532	0	0	268	0	
15188	Cerebelum_10_R	0	0	0	0	0	0	0	0	0	0	0	0	0	0	0	0	0	0	0	0	0	0	0	0	0	0	0	0	0	0	0	0	0	0	0	0	0	0	0	0	0	0	0	0	0	0	0	0	0	0	0	0	0	0	0	0	0	0	0	0	0	0	0	0	0	0	0	0	0	0	0	0	0	0	0	0	0	0	0	0	0	0	0	0	0	0	0	0	0	0	274	268	228	214	0	0	0	0	0	88	0	0	82	580	92	2748	0	0	0	0	0	78	872	848	960	262	
24368	Vermis_1_2	0	0	0	0	0	0	0	0	0	0	0	0	0	0	0	0	0	0	0	0	0	0	0	0	0	0	0	0	0	0	0	0	0	0	0	0	0	0	0	0	0	0	0	0	0	0	0	0	0	0	0	0	0	0	0	0	0	0	0	0	0	0	0	0	0	0	0	0	0	0	0	0	0	0	0	0	0	0	0	0	0	0	0	0	0	0	0	0	0	0	364	728	0	0	668	1006	614	292	546	922	0	0	0	0	88	420	0	0	0	3942	934	516	182	298	392	272	
67360	Vermis_3	276	0	0	0	0	0	0	0	0	0	0	0	0	0	0	0	0	0	0	0	0	0	0	0	0	0	0	0	102	0	0	0	0	0	0	0	358	324	156	218	0	0	0	0	0	0	130	162	0	0	0	0	0	0	70	386	0	0	0	0	0	0	0	0	0	0	0	0	0	0	0	0	94	0	0	0	382	0	0	0	0	0	0	0	0	0	0	0	0	0	674	2118	0	130	2768	4864	2238	3346	972	4126	0	0	0	176	86	470	0	0	3942	0	3240	492	330	416	474	160	
237208	Vermis_4_5	0	0	0	0	0	0	0	0	0	0	0	0	0	0	0	0	0	0	0	0	0	0	0	0	0	0	0	0	0	0	0	0	0	0	0	278	0	164	0	212	0	0	1806	164	0	0	7758	5012	0	0	406	0	246	0	2760	2600	0	0	0	0	0	0	0	0	0	0	92	450	0	0	0	0	0	0	0	0	0	0	0	0	0	0	0	0	0	0	0	0	0	0	3224	10568	0	112	1502	1832	15286	17782	10188	19756	0	0	102	128	1782	1274	0	0	934	3240	0	5310	306	338	916	2076	
