data	data	578128	250768	781768	764128	169152	107172	414096	241800	96448	18280	177392	151212	191812	135804	184484	115356	164604	213964	645720	621204	132388	135912	339148	261000	36872	101344	85628	85648	497940	374388	375532	472892	209896	499836	302756	263784	320728	443820	138036	285668	39728	46576	273088	420136	256028	385612	361484	434820	203832	375984	584316	293028	188560	132224	450060	473896	276504	224132	184784	113164	211996	117468	132572	112200	144132	146752	399380	529852	535604	209684	203664	414652	311624	437432	41896	27084	351500	285044	87964	47656	256672	151292	71888	50116	342644	245296	9744	15328	258084	296984	490180	525452	277412	271456	75300	77472	406784	398332	534528	533336	189568	121764	251940	241512	110584	146016	27888	10892	53776	127632	409352	270500	215064	134244	101172	32240	
data	data	Precentral_L	Precentral_R	Frontal_Sup_L	Frontal_Sup_R	Frontal_Sup_Orb_L	Frontal_Sup_Orb_R	Frontal_Mid_L	Frontal_Mid_R	Frontal_Mid_Orb_L	Frontal_Mid_Orb_R	Frontal_Inf_Oper_L	Frontal_Inf_Oper_R	Frontal_Inf_Tri_L	Frontal_Inf_Tri_R	Frontal_Inf_Orb_L	Frontal_Inf_Orb_R	Rolandic_Oper_L	Rolandic_Oper_R	Supp_Motor_Area_L	Supp_Motor_Area_R	Olfactory_L	Olfactory_R	Frontal_Sup_Medial_L	Frontal_Sup_Medial_R	Frontal_Med_Orb_L	Frontal_Med_Orb_R	Rectus_L	Rectus_R	Insula_L	Insula_R	Cingulum_Ant_L	Cingulum_Ant_R	Cingulum_Mid_L	Cingulum_Mid_R	Cingulum_Post_L	Cingulum_Post_R	Hippocampus_L	Hippocampus_R	ParaHippocampal_L	ParaHippocampal_R	Amygdala_L	Amygdala_R	Calcarine_L	Calcarine_R	Cuneus_L	Cuneus_R	Lingual_L	Lingual_R	Occipital_Sup_L	Occipital_Sup_R	Occipital_Mid_L	Occipital_Mid_R	Occipital_Inf_L	Occipital_Inf_R	Fusiform_L	Fusiform_R	Postcentral_L	Postcentral_R	Parietal_Sup_L	Parietal_Sup_R	Parietal_Inf_L	Parietal_Inf_R	SupraMarginal_L	SupraMarginal_R	Angular_L	Angular_R	Precuneus_L	Precuneus_R	Paracentral_Lobule_L	Paracentral_Lobule_R	Caudate_L	Caudate_R	Putamen_L	Putamen_R	Pallidum_L	Pallidum_R	Thalamus_L	Thalamus_R	Heschl_L	Heschl_R	Temporal_Sup_L	Temporal_Sup_R	Temporal_Pole_Sup_L	Temporal_Pole_Sup_R	Temporal_Mid_L	Temporal_Mid_R	Temporal_Pole_Mid_L	Temporal_Pole_Mid_R	Temporal_Inf_L	Temporal_Inf_R	Cerebelum_Crus1_L	Cerebelum_Crus1_R	Cerebelum_Crus2_L	Cerebelum_Crus2_R	Cerebelum_3_L	Cerebelum_3_R	Cerebelum_4_5_L	Cerebelum_4_5_R	Cerebelum_6_L	Cerebelum_6_R	Cerebelum_7b_L	Cerebelum_7b_R	Cerebelum_8_L	Cerebelum_8_R	Cerebelum_9_L	Cerebelum_9_R	Cerebelum_10_L	Cerebelum_10_R	Vermis_1_2	Vermis_3	Vermis_4_5	Vermis_6	Vermis_7	Vermis_8	Vermis_9	Vermis_10	
578128	Precentral_L	0	1626	36694	5798	0	0	19564	212	0	0	6406	0	716	0	0	0	7556	0	26242	7160	0	0	824	0	0	0	0	0	11124	90	1396	562	1752	1980	5352	2186	11578	1550	1202	816	0	0	386	0	530	0	2004	932	0	0	3932	0	858	0	1010	0	26304	0	812	0	4012	0	2032	0	1024	0	1984	634	38650	334	2992	608	8352	146	4032	0	21288	798	4064	0	2888	0	0	0	3472	0	0	0	2466	0	0	0	0	0	0	0	0	0	0	0	0	0	0	0	0	0	0	0	0	66	68	0	0	0	0	0	
250768	Precentral_R	1626	0	654	15558	0	0	112	7302	0	0	0	3486	0	80	0	0	0	4698	1392	4782	0	0	0	0	0	0	0	0	0	4524	0	0	88	1376	1288	2734	0	4904	0	634	0	0	0	2066	98	1062	0	534	0	996	0	1580	0	390	0	888	0	18982	0	122	0	350	0	3202	0	178	162	3576	5520	7500	984	3554	92	3932	0	578	1338	9048	0	1120	0	398	0	0	0	372	0	0	0	1388	0	0	0	0	0	0	0	0	0	0	0	0	0	0	0	0	0	0	0	0	136	0	0	0	0	0	
781768	Frontal_Sup_L	36694	654	0	8988	6526	0	53296	408	3100	0	7698	136	6904	134	6424	0	3846	84	64524	11520	1458	136	39364	3166	180	162	632	0	18762	0	24266	8118	6746	5600	1718	776	3302	552	1342	270	430	0	0	0	0	0	328	340	0	0	94	0	0	0	0	0	3310	0	72	0	632	0	606	0	184	0	372	326	22062	202	1530	886	11582	274	3636	0	12936	280	774	0	1846	0	540	0	90	0	0	0	66	0	0	0	0	0	0	0	0	0	0	0	0	0	0	0	0	0	0	0	0	0	0	0	0	0	0	0	
764128	Frontal_Sup_R	5798	15558	8988	0	78	4190	4948	27546	0	0	1756	6944	374	7722	0	1304	142	8920	16576	61952	0	122	9584	30472	122	3964	0	386	582	10140	3142	27536	308	19304	1050	1300	544	3244	90	796	0	0	0	0	0	0	82	326	0	0	0	0	0	0	0	140	1120	316	0	0	108	0	0	0	0	0	68	0	5630	0	1926	31008	1188	18504	78	1500	2384	31060	166	222	0	296	0	114	0	92	0	0	0	254	0	0	0	0	0	0	0	0	0	0	0	0	0	0	0	0	0	0	0	0	0	0	0	0	0	0	
169152	Frontal_Sup_Orb_L	0	0	6526	78	0	286	338	0	11588	0	0	0	488	0	15468	148	0	0	102	0	6056	1404	3808	398	2530	336	9240	360	7578	68	3878	592	0	0	0	0	0	0	908	0	494	0	0	0	0	0	0	0	0	0	0	0	0	0	0	0	0	0	0	0	0	0	0	0	0	0	0	0	0	0	3170	1220	5108	714	0	0	0	0	0	0	0	0	1692	0	0	0	0	0	0	0	0	0	0	0	0	0	0	0	0	0	0	0	0	0	0	0	0	0	0	0	0	0	0	0	0	0	
107172	Frontal_Sup_Orb_R	0	0	0	4190	286	0	0	1846	74	2472	0	128	0	776	164	5220	0	0	0	380	1280	2934	114	3160	630	6036	842	7574	0	1236	516	2852	0	0	0	0	0	0	0	70	0	136	0	0	0	0	0	0	0	0	0	0	0	0	0	0	0	0	0	0	0	0	0	0	0	0	0	0	0	0	1230	4590	764	3992	0	0	0	0	0	0	0	0	0	94	0	0	0	0	0	0	0	0	0	0	0	0	0	0	0	0	0	0	0	0	0	0	0	0	0	0	0	0	0	0	0	0	
414096	Frontal_Mid_L	19564	112	53296	4948	338	0	0	990	2460	0	8824	156	23652	0	5718	0	846	308	7460	4916	0	0	13824	894	0	0	0	0	10418	0	9456	4180	3316	2860	2780	1190	4444	1104	684	404	0	0	0	0	0	0	748	466	0	0	0	0	0	0	0	0	504	0	0	0	228	0	148	0	0	0	756	436	1144	0	1520	1854	2678	426	146	108	4384	1100	966	0	154	0	140	0	0	0	0	0	0	0	0	0	0	0	0	0	0	0	0	0	0	0	0	0	0	0	0	0	0	0	0	0	0	0	0	0	
241800	Frontal_Mid_R	212	7302	408	27546	0	1846	990	0	0	1124	594	9408	0	14864	0	3422	0	6062	2584	4726	0	0	252	1556	0	0	0	0	0	10234	918	3080	0	2592	470	676	0	1478	0	110	0	0	0	0	0	0	0	0	0	0	0	0	0	0	0	0	0	564	0	0	0	0	0	268	0	0	0	0	502	0	922	4546	128	6196	0	886	700	3306	0	338	0	90	0	0	0	0	0	0	0	0	0	0	0	0	0	0	0	0	0	0	0	0	0	0	0	0	0	0	0	0	0	0	0	0	0	0	
96448	Frontal_Mid_Orb_L	0	0	3100	0	11588	74	2460	0	0	0	0	0	2376	0	15778	110	0	0	0	0	884	416	1070	68	678	0	2426	150	2354	0	1190	188	68	0	0	0	0	0	98	0	72	0	0	0	0	0	0	0	0	0	0	0	0	0	0	0	0	0	0	0	0	0	0	0	0	0	0	0	0	0	668	400	1352	228	0	0	0	0	0	0	0	0	428	0	0	0	0	0	0	0	0	0	0	0	0	0	0	0	0	0	0	0	0	0	0	0	0	0	0	0	0	0	0	0	0	0	
18280	Frontal_Mid_Orb_R	0	0	0	0	0	2472	0	1124	0	0	0	0	0	610	0	4360	0	0	0	0	0	0	0	0	0	0	0	376	0	100	0	0	0	0	0	0	0	0	0	0	0	0	0	0	0	0	0	0	0	0	0	0	0	0	0	0	0	0	0	0	0	0	0	0	0	0	0	0	0	0	0	0	0	98	0	0	0	0	0	0	0	0	0	0	0	0	0	0	0	0	0	0	0	0	0	0	0	0	0	0	0	0	0	0	0	0	0	0	0	0	0	0	0	0	0	0	
177392	Frontal_Inf_Oper_L	6406	0	7698	1756	0	0	8824	594	0	0	0	306	12554	0	300	0	7400	680	6002	1638	0	0	1100	298	0	0	0	0	11642	258	2572	1146	778	686	530	0	1362	86	120	0	0	0	0	0	0	0	82	0	0	0	0	0	0	0	0	0	1494	82	0	0	0	0	0	80	0	0	72	0	0	0	2066	1304	1656	210	0	0	552	178	632	0	4454	0	1098	0	0	0	0	0	0	0	0	0	0	0	0	0	0	0	0	0	0	0	0	0	0	0	0	0	0	0	0	0	0	0	0	0	
151212	Frontal_Inf_Oper_R	0	3486	136	6944	0	128	156	9408	0	0	306	0	0	8664	0	934	0	8496	778	5324	0	0	0	1406	0	0	0	0	0	10888	720	1018	0	854	234	388	0	1072	0	172	0	0	0	0	0	0	0	0	0	0	0	0	0	0	0	78	0	910	0	0	0	0	0	108	0	0	0	0	242	0	1696	3240	358	4646	0	200	394	1140	0	256	0	370	0	456	0	0	0	0	0	0	0	0	0	0	0	0	0	0	0	0	0	0	0	0	0	0	0	0	0	0	0	0	0	0	0	0	
191812	Frontal_Inf_Tri_L	716	0	6904	374	488	0	23652	0	2376	0	12554	0	0	0	7848	0	226	0	1370	560	0	0	4034	0	0	0	0	0	20356	0	6876	2094	1446	810	246	0	664	0	0	0	0	0	0	0	0	0	0	0	0	0	0	0	0	0	0	0	0	0	0	0	0	0	0	0	0	0	0	0	0	0	416	122	744	0	0	0	260	0	0	0	248	0	522	0	0	0	0	0	0	0	0	0	0	0	0	0	0	0	0	0	0	0	0	0	0	0	0	0	0	0	0	0	0	0	0	0	
135804	Frontal_Inf_Tri_R	0	80	134	7722	0	776	0	14864	0	610	0	8664	0	0	0	6882	0	274	990	4920	0	0	68	1302	0	0	0	0	0	11170	1246	2380	0	2008	0	0	0	0	0	0	0	0	0	0	0	0	0	0	0	0	0	0	0	0	0	0	0	0	0	0	0	0	0	0	0	0	0	0	0	0	1018	1252	386	1156	0	0	0	0	0	0	0	0	0	0	0	0	0	0	0	0	0	0	0	0	0	0	0	0	0	0	0	0	0	0	0	0	0	0	0	0	0	0	0	0	0	0	
184484	Frontal_Inf_Orb_L	0	0	6424	0	15468	164	5718	0	15778	0	300	0	7848	0	0	144	0	0	0	0	5330	1250	418	0	232	68	5332	244	12916	68	1838	524	0	0	0	0	0	0	794	0	182	0	0	0	0	0	0	0	0	0	0	0	0	0	0	0	0	0	0	0	0	0	0	0	0	0	0	0	0	0	2908	1100	3406	632	0	0	0	0	0	0	80	0	3076	0	0	0	0	0	0	0	0	0	0	0	0	0	0	0	0	0	0	0	0	0	0	0	0	0	0	0	0	0	0	0	0	0	
115356	Frontal_Inf_Orb_R	0	0	0	1304	148	5220	0	3422	110	4360	0	934	0	6882	144	0	0	192	142	748	874	4076	0	192	0	118	132	3408	0	11640	314	410	0	170	0	0	0	292	0	394	0	1016	0	0	0	0	0	0	0	0	0	0	0	0	0	0	0	0	0	0	0	0	0	0	0	0	0	0	0	0	888	3184	568	5098	0	0	0	0	0	0	0	156	0	1142	0	0	0	0	0	0	0	0	0	0	0	0	0	0	0	0	0	0	0	0	0	0	0	0	0	0	0	0	0	0	0	0	
164604	Rolandic_Oper_L	7556	0	3846	142	0	0	846	0	0	0	7400	0	226	0	0	0	0	0	4442	142	0	0	0	0	0	0	0	0	14772	0	0	0	140	0	666	0	1804	0	410	0	0	0	0	0	0	0	114	0	0	0	1902	0	120	0	0	0	6552	0	742	0	1174	0	1696	0	1432	0	460	0	2172	0	0	0	1598	0	0	0	646	0	5008	0	11994	0	1014	0	2600	0	0	0	686	0	0	0	0	0	0	0	0	0	0	0	0	0	0	0	0	0	0	0	0	0	0	0	0	0	0	0	
213964	Rolandic_Oper_R	0	4698	84	8920	0	0	308	6062	0	0	680	8496	0	274	0	192	0	0	250	4808	0	0	0	328	0	0	0	0	0	19942	0	182	0	0	1544	1698	0	4966	0	324	0	0	0	0	0	0	0	0	0	0	0	0	0	0	0	166	0	5262	0	0	0	256	0	2738	0	0	0	0	1558	0	404	2726	0	13338	0	448	1704	5150	0	3822	0	3622	0	814	0	950	0	0	0	268	0	0	0	0	0	0	0	0	0	0	0	0	0	0	0	0	0	0	0	0	0	0	0	0	0	0	
645720	Supp_Motor_Area_L	26242	1392	64524	16576	102	0	7460	2584	0	0	6002	778	1370	990	0	142	4442	250	0	36954	0	0	4632	2682	0	0	0	0	14640	348	12450	8510	13096	20656	1344	340	4438	124	1004	0	124	0	0	0	0	0	320	0	0	0	0	0	0	0	314	0	1442	0	0	0	386	0	422	0	90	0	286	158	19822	82	4972	940	21484	400	4646	0	6350	210	716	0	3726	0	0	0	848	0	0	0	1050	0	0	0	0	0	0	0	0	0	0	0	0	0	0	0	0	0	0	0	0	0	0	0	0	0	0	0	
621204	Supp_Motor_Area_R	7160	4782	11520	61952	0	380	4916	4726	0	0	1638	5324	560	4920	0	748	142	4808	36954	0	0	0	2600	8632	0	242	0	0	624	5226	2930	22694	6868	46278	1926	4016	528	1240	88	258	0	0	0	0	0	68	72	0	0	70	0	0	0	0	0	78	508	736	0	0	110	0	66	0	0	0	350	468	14828	5960	1722	15782	1644	9528	0	682	730	2132	166	154	0	68	0	0	0	0	0	0	0	0	0	0	0	0	0	0	0	0	0	0	0	0	0	0	0	0	0	0	0	0	0	0	0	0	0	0	
132388	Olfactory_L	0	0	1458	0	6056	1280	0	0	884	0	0	0	0	0	5330	874	0	0	0	0	0	7178	138	0	712	310	4972	1548	5060	170	3478	1376	0	0	0	0	0	0	1872	0	874	0	0	0	0	0	0	0	0	0	0	0	0	0	0	0	0	0	0	0	0	0	0	0	0	0	0	0	0	0	8302	5820	4150	2284	0	0	0	0	0	0	0	0	2068	0	0	0	0	0	0	0	0	0	0	0	0	0	0	0	0	0	0	0	0	0	0	0	0	0	0	0	0	0	0	0	0	0	
135912	Olfactory_R	0	0	136	122	1404	2934	0	0	416	0	0	0	0	0	1250	4076	0	0	0	0	7178	0	164	0	368	2050	1982	5142	134	2580	3448	3674	0	0	0	0	0	0	76	774	0	970	0	0	0	0	0	0	0	0	0	0	0	0	0	0	0	0	0	0	0	0	0	0	0	0	0	0	0	0	7998	11546	4386	4320	0	0	0	74	0	0	0	0	0	754	0	0	0	0	0	0	0	0	0	0	0	0	0	0	0	0	0	0	0	0	0	0	0	0	0	0	0	0	0	0	0	0	
339148	Frontal_Sup_Medial_L	824	0	39364	9584	3808	114	13824	252	1070	0	1100	0	4034	68	418	0	0	0	4632	2600	138	164	0	15904	1492	746	522	0	5376	0	27350	18900	3832	9446	0	0	130	0	0	0	0	0	0	0	0	0	0	0	0	0	0	0	0	0	0	0	74	0	0	0	0	0	0	0	0	0	0	0	0	0	306	596	2474	324	0	0	0	0	0	0	0	0	108	0	0	0	0	0	0	0	0	0	0	0	0	0	0	0	0	0	0	0	0	0	0	0	0	0	0	0	0	0	0	0	0	0	
261000	Frontal_Sup_Medial_R	0	0	3166	30472	398	3160	894	1556	68	0	298	1406	0	1302	0	192	0	328	2682	8632	0	0	15904	0	604	6318	0	558	0	1756	4478	20168	224	11438	0	0	0	76	0	0	0	0	0	0	0	0	0	0	0	0	0	0	0	0	0	0	0	0	0	0	0	0	0	0	0	0	0	0	0	0	314	8382	138	5470	0	0	0	118	0	0	0	0	0	0	0	0	0	0	0	0	0	0	0	0	0	0	0	0	0	0	0	0	0	0	0	0	0	0	0	0	0	0	0	0	0	0	
36872	Frontal_Med_Orb_L	0	0	180	122	2530	630	0	0	678	0	0	0	0	0	232	0	0	0	0	0	712	368	1492	604	0	2312	1540	434	0	0	3834	1098	0	0	0	0	0	0	0	0	0	0	0	0	0	0	0	0	0	0	0	0	0	0	0	0	0	0	0	0	0	0	0	0	0	0	0	0	0	0	340	718	156	456	0	0	0	0	0	0	0	0	0	0	0	0	0	0	0	0	0	0	0	0	0	0	0	0	0	0	0	0	0	0	0	0	0	0	0	0	0	0	0	0	0	0	
101344	Frontal_Med_Orb_R	0	0	162	3964	336	6036	0	0	0	0	0	0	0	0	68	118	0	0	0	242	310	2050	746	6318	2312	0	740	7308	0	0	2816	8794	0	214	0	0	0	0	0	0	0	0	0	0	0	0	0	0	0	0	0	0	0	0	0	0	0	0	0	0	0	0	0	0	0	0	0	0	0	0	174	4258	106	3600	0	0	0	0	0	0	0	0	0	0	0	0	0	0	0	0	0	0	0	0	0	0	0	0	0	0	0	0	0	0	0	0	0	0	0	0	0	0	0	0	0	0	
85628	Rectus_L	0	0	632	0	9240	842	0	0	2426	0	0	0	0	0	5332	132	0	0	0	0	4972	1982	522	0	1540	740	0	1040	1636	0	3296	466	0	0	0	0	0	0	220	0	76	0	0	0	0	0	0	0	0	0	0	0	0	0	0	0	0	0	0	0	0	0	0	0	0	0	0	0	0	0	3762	1600	1274	686	0	0	0	0	0	0	0	0	398	0	0	0	0	0	0	0	0	0	0	0	0	0	0	0	0	0	0	0	0	0	0	0	0	0	0	0	0	0	0	0	0	0	
85648	Rectus_R	0	0	0	386	360	7574	0	0	150	376	0	0	0	0	244	3408	0	0	0	0	1548	5142	0	558	434	7308	1040	0	0	1184	664	3396	0	0	0	0	0	0	0	0	0	354	0	0	0	0	0	0	0	0	0	0	0	0	0	0	0	0	0	0	0	0	0	0	0	0	0	0	0	0	1512	4308	888	1878	0	0	0	0	0	0	0	0	0	112	0	0	0	0	0	0	0	0	0	0	0	0	0	0	0	0	0	0	0	0	0	0	0	0	0	0	0	0	0	0	0	0	
497940	Insula_L	11124	0	18762	582	7578	0	10418	0	2354	0	11642	0	20356	0	12916	0	14772	0	14640	624	5060	134	5376	0	0	0	1636	0	0	0	8244	1996	1200	388	3432	178	16004	146	4204	84	3962	0	0	0	0	0	788	90	0	0	328	0	72	0	1794	0	7030	0	0	0	644	0	1240	0	0	0	826	134	1036	0	974	220	18174	72	0	0	3258	0	7798	0	12654	0	5188	0	4456	0	0	0	4088	0	90	0	0	0	104	0	100	0	0	0	0	0	0	0	0	0	0	0	0	0	0	0	0	0	0	0	
374388	Insula_R	90	4524	0	10140	68	1236	0	10234	0	100	258	10888	0	11170	68	11640	0	19942	348	5226	170	2580	0	1756	0	0	0	1184	0	0	232	950	0	410	3792	4266	0	14976	0	3304	0	1378	0	0	0	0	0	114	0	0	0	0	0	0	0	2076	0	1120	0	0	0	0	0	106	0	0	0	0	3858	0	630	4552	192	26294	0	578	4274	8158	0	3238	0	5286	0	2398	0	1422	0	0	0	1342	0	0	0	0	0	0	0	362	0	264	0	0	0	0	0	0	0	0	0	0	0	0	0	0	0	0	
375532	Cingulum_Ant_L	1396	0	24266	3142	3878	516	9456	918	1190	0	2572	720	6876	1246	1838	314	0	0	12450	2930	3478	3448	27350	4478	3834	2816	3296	664	8244	232	0	23426	5068	5518	100	0	202	0	0	0	0	0	0	0	0	0	0	0	0	0	0	0	0	0	0	0	156	0	0	0	0	0	0	0	0	0	0	0	0	0	5546	5204	7410	3318	0	0	92	0	78	0	0	0	100	0	0	0	0	0	0	0	0	0	0	0	0	0	0	0	0	0	0	0	0	0	0	0	0	0	0	0	0	0	0	0	0	0	
472892	Cingulum_Ant_R	562	0	8118	27536	592	2852	4180	3080	188	0	1146	1018	2094	2380	524	410	0	182	8510	22694	1376	3674	18900	20168	1098	8794	466	3396	1996	950	23426	0	3126	27868	0	0	82	0	0	0	0	0	0	0	0	0	0	0	0	0	0	0	0	0	0	0	0	0	0	0	0	0	0	0	0	0	0	0	0	0	2422	18706	1120	12642	0	80	0	90	0	0	0	0	0	0	0	0	0	0	0	0	0	0	0	0	0	0	0	0	0	0	0	0	0	0	0	0	0	0	0	0	0	0	0	0	0	0	
209896	Cingulum_Mid_L	1752	88	6746	308	0	0	3316	0	68	0	778	0	1446	0	0	0	140	0	13096	6868	0	0	3832	224	0	0	0	0	1200	0	5068	3126	0	19278	4406	2012	98	0	0	0	0	0	544	228	1620	406	0	0	1008	332	3640	318	96	0	74	0	428	124	1202	0	546	0	82	0	472	0	9094	1704	7866	602	0	0	138	0	0	0	0	0	0	0	92	0	0	0	482	0	0	0	0	0	0	0	0	0	0	0	0	0	0	0	0	0	0	0	0	0	0	0	0	0	0	0	0	0	0	0	
499836	Cingulum_Mid_R	1980	1376	5600	19304	0	0	2860	2592	0	0	686	854	810	2008	0	170	0	0	20656	46278	0	0	9446	11438	0	214	0	0	388	410	5518	27868	19278	0	3742	9678	66	194	0	102	0	0	180	3140	446	5500	0	1118	0	4332	0	1872	0	256	0	384	0	2040	86	70	0	96	0	0	0	286	3374	12372	5588	8890	272	2820	0	1524	0	0	0	0	0	0	0	0	0	0	0	254	0	0	0	574	0	0	0	0	0	0	0	0	0	0	0	0	0	0	0	0	0	0	0	0	928	0	0	0	0	0	
302756	Cingulum_Post_L	5352	1288	1718	1050	0	0	2780	470	0	0	530	234	246	0	0	0	666	1544	1344	1926	0	0	0	0	0	0	0	0	3432	3792	100	0	4406	3742	0	15762	9624	8516	1106	1958	0	0	4712	518	2902	360	1416	1990	1026	164	1762	68	252	0	678	488	430	264	100	0	0	0	0	0	0	0	14500	5918	14232	1434	92	0	154	2644	0	0	14384	4850	1274	156	348	416	0	0	974	88	0	0	522	502	0	0	0	0	0	0	0	0	0	0	0	0	0	0	0	0	0	0	0	0	174	0	0	0	0	0	
263784	Cingulum_Post_R	2186	2734	776	1300	0	0	1190	676	0	0	0	388	0	0	0	0	0	1698	340	4016	0	0	0	0	0	0	0	0	178	4266	0	0	2012	9678	15762	0	778	12554	0	3934	0	0	0	1606	200	1160	0	4260	0	796	0	346	0	308	0	974	0	2242	0	0	0	0	0	0	0	0	3498	11494	8078	5144	322	66	0	3280	0	0	13154	8026	0	164	0	520	0	0	0	138	0	0	0	996	0	0	0	0	0	0	0	0	0	0	0	0	0	0	0	0	0	0	0	0	654	0	0	0	0	0	
320728	Hippocampus_L	11578	0	3302	544	0	0	4444	0	0	0	1362	0	664	0	0	0	1804	0	4438	528	0	0	130	0	0	0	0	0	16004	0	202	82	98	66	9624	778	0	542	15204	308	5990	0	2604	0	636	0	8552	422	0	0	2990	0	1318	0	15800	0	874	0	0	0	0	0	82	0	0	0	6042	424	1590	0	278	100	9982	0	658	0	7542	0	3256	0	4598	0	164	0	4050	0	0	0	8028	0	518	0	0	0	450	0	838	0	876	0	0	0	0	0	0	0	0	0	0	0	0	0	0	0	0	0	
443820	Hippocampus_R	1550	4904	552	3244	0	0	1104	1478	0	0	86	1072	0	0	0	292	0	4966	124	1240	0	0	0	76	0	0	0	0	146	14976	0	0	0	194	8516	12554	542	0	0	35864	0	6600	0	368	0	0	0	8812	0	0	0	0	0	916	0	28310	0	918	0	0	0	0	0	446	0	0	80	4128	6776	200	244	566	0	15690	0	1246	10406	14098	0	1650	0	2988	0	302	0	3414	0	0	0	10186	0	638	0	68	0	238	70	5138	0	3104	0	0	0	0	0	348	0	0	0	0	482	0	0	0	0	0	
138036	ParaHippocampal_L	1202	0	1342	90	908	0	684	0	98	0	120	0	0	0	794	0	410	0	1004	88	1872	76	0	0	0	0	220	0	4204	0	0	0	0	0	1106	0	15204	0	0	0	2180	0	1184	0	92	0	6930	0	86	0	1346	0	1062	0	9810	0	0	0	0	0	0	0	0	0	0	0	1752	0	304	0	186	0	4184	0	234	0	548	0	222	0	1476	0	1264	0	822	0	194	0	2298	0	258	0	0	0	754	0	1306	0	1104	0	0	0	0	0	0	0	0	0	0	0	0	0	0	0	0	0	
285668	ParaHippocampal_R	816	634	270	796	0	70	404	110	0	0	0	172	0	0	0	394	0	324	0	258	0	774	0	0	0	0	0	0	84	3304	0	0	0	102	1958	3934	308	35864	0	0	0	5496	0	682	0	68	0	10988	0	0	0	0	0	1736	0	27708	0	84	0	0	0	0	0	0	0	0	0	3022	1106	96	100	74	0	5810	0	916	2850	4282	0	604	0	662	0	1492	0	1016	0	1694	0	5942	0	814	104	196	0	316	92	8094	0	4112	0	0	0	92	0	734	0	284	0	0	430	0	196	200	166	0	
39728	Amygdala_L	0	0	430	0	494	0	0	0	72	0	0	0	0	0	182	0	0	0	124	0	874	0	0	0	0	0	76	0	3962	0	0	0	0	0	0	0	5990	0	2180	0	0	0	0	0	0	0	0	0	0	0	0	0	0	0	2394	0	0	0	0	0	0	0	0	0	0	0	0	0	0	0	174	0	1384	0	0	0	0	0	0	0	178	0	350	0	66	0	0	0	934	0	0	0	0	0	0	0	0	0	0	0	0	0	0	0	0	0	0	0	0	0	0	0	0	0	0	0	
46576	Amygdala_R	0	0	0	0	0	136	0	0	0	0	0	0	0	0	0	1016	0	0	0	0	0	970	0	0	0	0	0	354	0	1378	0	0	0	0	0	0	0	6600	0	5496	0	0	0	0	0	0	0	0	0	0	0	0	0	0	0	3344	0	0	0	0	0	0	0	0	0	0	0	0	0	0	0	174	0	2012	0	0	0	0	0	0	0	0	0	1328	0	0	0	190	0	0	0	0	0	0	0	0	0	152	0	138	0	0	0	0	0	0	0	0	0	0	0	0	0	0	0	0	
273088	Calcarine_L	386	0	0	0	0	0	0	0	0	0	0	0	0	0	0	0	0	0	0	0	0	0	0	0	0	0	0	0	0	0	0	0	544	180	4712	0	2604	0	1184	0	0	0	0	9298	21562	5076	12670	3690	11148	1880	21576	294	5482	0	4002	238	490	0	210	0	100	0	0	0	0	0	19942	2308	1290	184	0	0	0	0	0	0	104	0	120	0	0	0	0	0	2696	0	0	0	1828	0	0	0	0	0	0	0	0	90	164	188	0	0	0	0	0	0	0	0	0	0	236	68	0	0	0	0	
420136	Calcarine_R	0	2066	0	0	0	0	0	0	0	0	0	0	0	0	0	0	0	0	0	0	0	0	0	0	0	0	0	0	0	0	0	0	228	3140	518	1606	0	368	0	682	0	0	9298	0	6238	35876	1278	20662	514	30332	312	21950	0	8610	0	7514	0	5742	0	490	0	764	0	770	0	1110	1734	30996	0	8744	0	0	0	0	0	0	0	0	0	84	0	240	0	0	0	1084	0	0	0	5670	0	0	0	0	0	0	0	134	138	294	0	0	0	0	0	0	0	0	0	0	612	270	0	0	0	0	
256028	Cuneus_L	530	98	0	0	0	0	0	0	0	0	0	0	0	0	0	0	0	0	0	0	0	0	0	0	0	0	0	0	0	0	0	0	1620	446	2902	200	636	0	92	0	0	0	21562	6238	0	7910	3382	530	22144	2074	18946	860	2394	72	1650	0	714	124	1588	0	146	0	0	0	0	0	19594	5298	1934	386	0	0	0	0	0	0	0	0	0	0	0	0	0	0	2750	0	0	0	782	78	0	0	0	0	0	0	0	0	82	0	0	0	0	0	0	0	0	0	0	0	252	0	0	0	0	0	
385612	Cuneus_R	0	1062	0	0	0	0	0	0	0	0	0	0	0	0	0	0	0	0	0	68	0	0	0	0	0	0	0	0	0	0	0	0	406	5500	360	1160	0	0	0	68	0	0	5076	35876	7910	0	144	5674	132	42098	68	15358	0	1700	0	1732	0	4818	136	3310	0	1176	0	396	0	2284	5104	34820	0	11886	0	0	0	0	0	0	0	0	0	0	0	224	0	0	0	1626	0	0	0	2146	0	0	0	0	0	0	0	0	0	0	0	0	0	0	0	0	0	0	0	0	488	0	0	0	0	0	
361484	Lingual_L	2004	0	328	82	0	0	748	0	0	0	82	0	0	0	0	0	114	0	320	72	0	0	0	0	0	0	0	0	788	0	0	0	0	0	1416	0	8552	0	6930	0	0	0	12670	1278	3382	144	0	4868	3740	114	21202	0	14278	280	21704	1364	252	0	0	0	0	0	0	0	0	0	5480	180	1062	0	0	0	628	0	0	0	3044	0	138	0	250	0	0	0	2464	0	0	0	1828	0	6564	3684	372	164	386	0	11158	3036	13776	4162	0	0	0	68	370	244	0	0	90	120	7374	5226	1312	248	294	308	
434820	Lingual_R	932	534	340	326	0	0	466	0	0	0	0	0	0	0	0	0	0	0	0	0	0	0	0	0	0	0	0	0	90	114	0	0	0	1118	1990	4260	422	8812	0	10988	0	0	3690	20662	530	5674	4868	0	148	6018	136	6530	0	9432	1278	22038	0	700	0	0	0	0	0	0	0	136	290	9856	1126	986	90	0	0	366	0	0	2820	2160	0	0	0	68	0	0	0	248	0	0	0	2310	4278	11888	1028	748	146	0	5580	11172	7410	14042	128	0	82	474	0	0	0	0	0	94	11476	12614	3698	0	0	0	
203832	Occipital_Sup_L	0	0	0	0	0	0	0	0	0	0	0	0	0	0	0	0	0	0	0	0	0	0	0	0	0	0	0	0	0	0	0	0	1008	0	1026	0	0	0	86	0	0	0	11148	514	22144	132	3740	148	0	0	30282	0	2608	0	1350	0	0	0	8388	0	1142	0	0	0	216	0	16010	1440	98	0	0	0	0	0	0	0	0	0	0	0	0	0	0	0	332	0	0	0	0	0	0	0	0	0	0	0	0	0	104	0	0	0	0	0	0	0	0	0	0	0	0	0	0	0	0	0	
375984	Occipital_Sup_R	0	996	0	0	0	0	0	0	0	0	0	0	0	0	0	0	0	0	0	70	0	0	0	0	0	0	0	0	0	0	0	0	332	4332	164	796	0	0	0	0	0	0	1880	30332	2074	42098	114	6018	0	0	0	25366	0	2768	0	2906	0	3796	0	6552	0	2962	0	640	0	6694	3388	26708	0	7830	0	0	0	0	0	0	0	0	0	0	0	306	0	0	0	3830	0	0	0	4930	0	0	0	0	0	0	0	0	0	0	0	0	0	0	0	0	0	0	0	0	110	0	0	0	0	0	
584316	Occipital_Mid_L	3932	0	94	0	0	0	0	0	0	0	0	0	0	0	0	0	1902	0	0	0	0	0	0	0	0	0	0	0	328	0	0	0	3640	0	1762	0	2990	0	1346	0	0	0	21576	312	18946	68	21202	136	30282	0	0	0	25584	0	16554	0	10176	0	20636	0	17728	0	4394	0	19382	0	23772	1002	10782	0	0	0	0	0	0	0	0	0	636	0	2048	0	0	0	24074	0	0	0	5772	0	144	0	0	0	0	0	86	0	604	0	0	0	0	0	0	0	0	0	0	0	0	268	0	0	0	0	
293028	Occipital_Mid_R	0	1580	0	0	0	0	0	0	0	0	0	0	0	0	0	0	0	0	0	0	0	0	0	0	0	0	0	0	0	0	0	0	318	1872	68	346	0	0	0	0	0	0	294	21950	860	15358	0	6530	0	25366	0	0	0	5564	0	4376	0	5008	0	1482	0	3430	0	508	0	13466	916	15940	0	7008	0	0	0	0	0	0	0	0	0	0	0	514	0	0	0	7938	0	0	0	5732	0	0	0	0	0	0	0	0	0	0	0	0	0	0	0	0	0	0	0	0	90	0	0	0	0	0	
188560	Occipital_Inf_L	858	0	0	0	0	0	0	0	0	0	0	0	0	0	0	0	120	0	0	0	0	0	0	0	0	0	0	0	72	0	0	0	96	0	252	0	1318	0	1062	0	0	0	5482	0	2394	0	14278	0	2608	0	25584	0	0	0	21586	0	426	0	0	0	0	0	0	0	0	0	2778	82	942	0	0	0	0	0	0	0	0	0	218	0	194	0	0	0	5440	0	0	0	6560	0	484	0	0	0	0	0	94	0	976	0	0	0	0	0	0	0	0	0	0	0	0	376	0	0	0	0	
132224	Occipital_Inf_R	0	390	0	0	0	0	0	0	0	0	0	0	0	0	0	0	0	0	0	0	0	0	0	0	0	0	0	0	0	0	0	0	0	256	0	308	0	916	0	1736	0	0	0	8610	72	1700	280	9432	0	2768	0	5564	0	0	166	14178	0	804	0	120	0	134	0	126	0	140	0	2970	0	596	0	0	0	0	0	0	0	86	0	0	0	108	0	0	0	840	0	0	0	8896	156	864	0	0	0	0	562	822	418	1044	0	0	0	0	0	0	0	0	0	0	790	260	0	0	0	0	
450060	Fusiform_L	1010	0	0	0	0	0	0	0	0	0	0	0	0	0	0	0	0	0	314	0	0	0	0	0	0	0	0	0	1794	0	0	0	74	0	678	0	15800	0	9810	0	2394	0	4002	0	1650	0	21704	1278	1350	0	16554	0	21586	166	0	512	334	0	0	0	0	0	0	0	0	0	2424	72	778	0	0	0	892	0	0	0	106	0	532	0	4006	0	2350	0	6720	0	978	0	18178	0	24326	1498	1134	78	900	0	15452	1902	32322	1688	240	0	586	0	114	0	0	0	0	66	4512	2012	154	0	0	0	
473896	Fusiform_R	0	888	0	140	0	0	0	0	0	0	0	78	0	0	0	0	0	166	0	78	0	0	0	0	0	0	0	0	0	2076	0	0	0	384	488	974	0	28310	0	27708	0	3344	238	7514	0	1732	1364	22038	0	2906	0	4376	0	14178	512	0	0	956	0	108	0	164	0	554	0	106	70	3362	100	672	0	0	0	4122	0	558	128	1082	0	724	0	2444	0	4310	0	6692	0	1680	0	22706	1122	13716	240	588	128	518	2890	13782	2616	19192	0	0	0	392	0	798	0	268	0	246	4698	3882	1358	282	202	0	
276504	Postcentral_L	26304	0	3310	1120	0	0	504	0	0	0	1494	0	0	0	0	0	6552	0	1442	508	0	0	74	0	0	0	0	0	7030	0	156	0	428	0	430	0	874	0	0	0	0	0	490	0	714	0	252	0	0	0	10176	0	426	0	334	0	0	0	10534	0	23350	0	11094	0	4196	0	3610	0	10996	0	384	0	214	0	0	0	644	0	3240	0	3728	0	0	0	2930	0	0	0	714	0	0	0	0	0	0	0	0	0	0	0	0	0	0	0	0	0	0	0	0	0	0	0	0	0	0	0	
224132	Postcentral_R	0	18982	0	316	0	0	0	564	0	0	82	910	0	0	0	0	0	5262	0	736	0	0	0	0	0	0	0	0	0	1120	0	0	124	2040	264	2242	0	918	0	84	0	0	0	5742	124	4818	0	700	0	3796	0	5008	0	804	0	956	0	0	0	5606	0	4276	0	13626	0	930	222	12134	194	9732	84	882	0	320	0	0	100	260	0	1092	0	1140	0	0	0	2094	0	0	0	3626	0	0	0	0	0	0	0	0	0	0	0	0	0	0	0	0	0	0	0	0	156	0	0	0	0	0	
184784	Parietal_Sup_L	812	0	72	0	0	0	0	0	0	0	0	0	0	0	0	0	742	0	0	0	0	0	0	0	0	0	0	0	0	0	0	0	1202	86	100	0	0	0	0	0	0	0	210	0	1588	136	0	0	8388	0	20636	0	0	0	0	0	10534	0	0	0	16864	0	2670	0	5428	0	14780	846	4480	0	0	0	0	0	0	0	0	0	0	0	890	0	0	0	1566	0	0	0	362	0	0	0	0	0	0	0	0	0	0	0	0	0	0	0	0	0	0	0	0	0	0	0	0	0	0	0	
113164	Parietal_Sup_R	0	122	0	0	0	0	0	0	0	0	0	0	0	0	0	0	0	0	0	0	0	0	0	0	0	0	0	0	0	0	0	0	0	70	0	0	0	0	0	0	0	0	0	490	0	3310	0	0	0	6552	0	1482	0	120	0	108	0	5606	0	0	0	8620	0	2396	0	7056	1136	10498	0	396	0	0	0	0	0	0	0	0	0	0	0	374	0	0	0	3684	0	0	0	4562	0	0	0	0	0	0	0	0	0	0	0	0	0	0	0	0	0	0	0	0	0	0	0	0	0	0	
211996	Parietal_Inf_L	4012	0	632	108	0	0	228	0	0	0	0	0	0	0	0	0	1174	0	386	110	0	0	0	0	0	0	0	0	644	0	0	0	546	0	0	0	0	0	0	0	0	0	100	0	146	0	0	0	1142	0	17728	0	0	0	0	0	23350	0	16864	0	0	0	10664	0	16546	0	2880	0	3798	0	100	0	0	0	0	0	0	0	210	0	2030	0	0	0	2190	0	0	0	410	0	0	0	0	0	0	0	0	0	0	0	0	0	0	0	0	0	0	0	0	0	0	0	0	0	0	0	
117468	Parietal_Inf_R	0	350	0	0	0	0	0	0	0	0	0	0	0	0	0	0	0	256	0	0	0	0	0	0	0	0	0	0	0	0	0	0	0	96	0	0	0	0	0	0	0	0	0	764	0	1176	0	0	0	2962	0	3430	0	134	0	164	0	4276	0	8620	0	0	0	9450	0	16368	80	3200	0	310	0	76	0	0	0	0	0	0	0	0	0	676	0	0	0	3328	0	0	0	3018	0	0	0	0	0	0	0	0	0	0	0	0	0	0	0	0	0	0	0	0	0	0	0	0	0	0	
132572	SupraMarginal_L	2032	0	606	0	0	0	148	0	0	0	0	0	0	0	0	0	1696	0	422	66	0	0	0	0	0	0	0	0	1240	0	0	0	82	0	0	0	82	0	0	0	0	0	0	0	0	0	0	0	0	0	4394	0	0	0	0	0	11094	0	2670	0	10664	0	0	0	7576	0	266	0	2488	0	74	0	0	0	0	0	0	0	1046	0	9886	0	0	0	8590	0	0	0	1164	0	0	0	0	0	0	0	0	0	0	0	0	0	0	0	0	0	0	0	0	0	0	0	0	0	0	0	
112200	SupraMarginal_R	0	3202	0	0	0	0	0	268	0	0	80	108	0	0	0	0	0	2738	0	0	0	0	0	0	0	0	0	0	0	106	0	0	0	0	0	0	0	446	0	0	0	0	0	770	0	396	0	0	0	640	0	508	0	126	0	554	0	13626	0	2396	0	9450	0	0	0	4366	0	1752	0	154	84	772	0	0	0	0	0	0	0	1130	0	6252	0	0	0	3690	0	0	0	2486	0	0	0	0	0	0	0	0	0	0	0	0	0	0	0	0	0	0	0	0	0	0	0	0	0	0	
144132	Angular_L	1024	0	184	0	0	0	0	0	0	0	0	0	0	0	0	0	1432	0	90	0	0	0	0	0	0	0	0	0	0	0	0	0	472	0	0	0	0	0	0	0	0	0	0	0	0	0	0	0	216	0	19382	0	0	0	0	0	4196	0	5428	0	16546	0	7576	0	0	0	1088	0	2354	0	0	0	0	0	0	0	0	0	168	0	3692	0	0	0	7680	0	0	0	538	0	0	0	0	0	0	0	0	0	0	0	0	0	0	0	0	0	0	0	0	0	0	0	0	0	0	0	
146752	Angular_R	0	178	0	0	0	0	0	0	0	0	0	0	0	0	0	0	0	0	0	0	0	0	0	0	0	0	0	0	0	0	0	0	0	286	0	0	0	0	0	0	0	0	0	1110	0	2284	0	136	0	6694	0	13466	0	140	0	106	0	930	0	7056	0	16368	0	4366	0	0	180	4834	0	1042	0	0	0	0	0	0	0	0	0	0	0	3264	0	0	0	8114	0	0	0	2822	0	0	0	0	0	0	0	0	0	0	0	0	0	0	0	0	0	0	0	0	0	0	0	0	0	0	
399380	Precuneus_L	1984	162	372	68	0	0	756	0	0	0	72	0	0	0	0	0	460	0	286	350	0	0	0	0	0	0	0	0	826	0	0	0	9094	3374	14500	3498	6042	80	1752	0	0	0	19942	1734	19594	5104	5480	290	16010	3388	23772	916	2778	0	2424	70	3610	222	14780	1136	2880	80	266	0	1088	180	0	14266	7302	1296	0	0	0	0	0	0	662	0	1082	0	356	0	0	0	3100	68	0	0	1906	134	0	0	0	0	0	0	0	0	0	0	0	0	0	0	0	0	0	0	0	0	98	0	0	0	0	0	
529852	Precuneus_R	634	3576	326	0	0	0	436	0	0	0	0	0	0	0	0	0	0	0	158	468	0	0	0	0	0	0	0	0	134	0	0	0	1704	12372	5918	11494	424	4128	0	3022	0	0	2308	30996	5298	34820	180	9856	1440	26708	1002	15940	82	2970	72	3362	0	12134	846	10498	0	3200	0	1752	0	4834	14266	0	470	17504	0	0	0	0	0	0	1082	200	0	86	0	748	0	0	0	5676	0	0	0	8428	0	0	0	0	0	0	0	228	0	0	0	0	0	0	0	0	0	0	0	0	3146	0	0	0	0	0	
535604	Paracentral_Lobule_L	38650	5520	22062	5630	0	0	1144	502	0	0	0	242	0	0	0	0	2172	1558	19822	14828	0	0	0	0	0	0	0	0	1036	3858	0	0	7866	5588	14232	8078	1590	6776	304	1106	0	0	1290	0	1934	0	1062	1126	98	0	10782	0	942	0	778	100	10996	194	4480	0	3798	0	2488	0	2354	0	7302	470	0	1986	2830	558	3392	2696	1338	0	29080	5346	518	156	1302	420	0	0	4138	76	0	0	1052	156	0	0	0	0	0	0	0	0	0	0	0	0	0	0	0	0	0	0	0	0	0	0	0	0	0	0	
209684	Paracentral_Lobule_R	334	7500	202	0	0	0	0	0	0	0	0	0	0	0	0	0	0	0	82	5960	0	0	0	0	0	0	0	0	0	0	0	0	602	8890	1434	5144	0	200	0	96	0	0	184	8744	386	11886	0	986	0	7830	0	7008	0	596	0	672	0	9732	0	396	0	310	0	154	0	1042	1296	17504	1986	0	378	0	0	0	0	0	0	0	0	0	0	116	0	0	0	1214	0	0	0	1416	0	0	0	0	0	0	0	0	0	0	0	0	0	0	0	0	0	0	0	0	562	0	0	0	0	0	
203664	Caudate_L	2992	984	1530	1926	3170	1230	1520	922	668	0	2066	1696	416	1018	2908	888	0	404	4972	1722	8302	7998	306	314	340	174	3762	1512	974	630	5546	2422	0	272	92	322	278	244	186	100	174	0	0	0	0	0	0	90	0	0	0	0	0	0	0	0	384	84	0	0	100	0	74	84	0	0	0	0	2830	378	0	11450	10432	4846	276	288	4862	536	0	0	0	0	138	0	0	0	0	0	0	0	0	0	0	0	0	0	0	0	0	0	0	0	0	0	0	0	0	0	0	0	0	0	0	0	0	0	
414652	Caudate_R	608	3554	886	31008	1220	4590	1854	4546	400	0	1304	3240	122	1252	1100	3184	0	2726	940	15782	5820	11546	596	8382	718	4258	1600	4308	220	4552	5204	18706	0	2820	0	66	100	566	0	74	0	174	0	0	0	0	0	0	0	0	0	0	0	0	0	0	0	882	0	0	0	76	0	772	0	0	0	0	558	0	11450	0	4724	22722	0	2060	808	14558	0	434	0	188	0	0	0	0	0	0	0	68	0	0	0	0	0	0	0	0	0	0	0	0	0	0	0	0	0	0	0	0	0	0	0	0	0	0	
311624	Putamen_L	8352	92	11582	1188	5108	764	2678	128	1352	0	1656	358	744	386	3406	568	1598	0	21484	1644	4150	4386	2474	138	156	106	1274	888	18174	192	7410	1120	138	0	154	0	9982	0	4184	0	1384	0	0	0	0	0	628	0	0	0	0	0	0	0	892	0	214	0	0	0	0	0	0	0	0	0	0	0	3392	0	10432	4724	0	2268	4530	0	3456	0	0	0	2616	0	1060	0	868	0	0	0	1124	0	0	0	0	0	112	0	98	0	0	0	0	0	0	0	0	0	0	0	0	0	0	0	0	0	0	0	
437432	Putamen_R	146	3932	274	18504	714	3992	426	6196	228	98	210	4646	0	1156	632	5098	0	13338	400	9528	2284	4320	324	5470	456	3600	686	1878	72	26294	3318	12642	0	1524	2644	3280	0	15690	0	5810	0	2012	0	0	0	0	0	366	0	0	0	0	0	0	0	4122	0	320	0	0	0	0	0	0	0	0	0	0	2696	0	4846	22722	2268	0	0	3236	3322	10084	0	96	0	804	0	318	0	158	0	0	0	366	0	76	0	0	0	0	0	726	0	368	0	0	0	0	0	0	0	0	0	0	0	0	0	0	0	0	
41896	Pallidum_L	4032	0	3636	78	0	0	146	0	0	0	0	0	0	0	0	0	0	0	4646	0	0	0	0	0	0	0	0	0	0	0	0	0	0	0	0	0	658	0	234	0	0	0	0	0	0	0	0	0	0	0	0	0	0	0	0	0	0	0	0	0	0	0	0	0	0	0	0	0	1338	0	276	0	4530	0	0	0	1374	0	0	0	0	0	0	0	0	0	0	0	0	0	0	0	0	0	0	0	0	0	0	0	0	0	0	0	0	0	0	0	0	0	0	0	0	0	0	0	
27084	Pallidum_R	0	578	0	1500	0	0	108	886	0	0	0	200	0	0	0	0	0	448	0	682	0	0	0	0	0	0	0	0	0	578	0	80	0	0	0	0	0	1246	0	916	0	0	0	0	0	0	0	0	0	0	0	0	0	0	0	558	0	0	0	0	0	0	0	0	0	0	0	0	0	0	288	2060	0	3236	0	0	0	104	0	0	0	0	0	0	0	0	0	0	0	0	0	0	0	0	0	0	0	74	0	0	0	0	0	0	0	0	0	0	0	0	0	0	0	0	0	0	
351500	Thalamus_L	21288	1338	12936	2384	0	0	4384	700	0	0	552	394	260	0	0	0	646	1704	6350	730	0	0	0	0	0	0	0	0	3258	4274	92	0	0	0	14384	13154	7542	10406	548	2850	0	0	104	0	0	0	3044	2820	0	0	0	0	0	0	106	128	644	100	0	0	0	0	0	0	0	0	662	1082	29080	0	4862	808	3456	3322	1374	0	0	11116	584	158	354	508	0	0	468	94	0	0	376	200	0	0	0	0	0	0	0	0	0	0	0	0	0	0	0	0	0	0	0	0	126	0	0	0	0	0	
285044	Thalamus_R	798	9048	280	31060	0	0	1100	3306	0	0	178	1140	0	0	0	0	0	5150	210	2132	0	74	0	118	0	0	0	0	0	8158	0	90	0	0	4850	8026	0	14098	0	4282	0	0	0	0	0	0	0	2160	0	0	0	0	0	86	0	1082	0	260	0	0	0	0	0	0	0	0	0	200	5346	0	536	14558	0	10084	0	104	11116	0	0	236	0	862	0	76	0	350	0	0	0	1202	0	0	0	0	0	0	0	166	0	0	0	0	0	0	0	0	0	0	0	0	0	0	0	0	0	0	
87964	Heschl_L	4064	0	774	166	0	0	966	0	0	0	632	0	0	0	0	0	5008	0	716	166	0	0	0	0	0	0	0	0	7798	0	78	0	0	0	1274	0	3256	0	222	0	0	0	120	0	0	0	138	0	0	0	636	0	218	0	532	0	3240	0	0	0	210	0	1046	0	168	0	1082	0	518	0	0	0	0	0	0	0	584	0	0	0	4618	0	170	0	4038	0	0	0	1544	0	0	0	0	0	0	0	0	0	0	0	0	0	0	0	0	0	0	0	0	0	0	0	0	0	0	0	
47656	Heschl_R	0	1120	0	222	0	0	0	338	0	0	0	256	0	0	0	0	0	3822	0	154	0	0	0	0	0	0	0	0	0	3238	0	0	0	0	156	164	0	1650	0	604	0	0	0	84	0	0	0	0	0	0	0	0	0	0	0	724	0	1092	0	0	0	0	0	1130	0	0	0	86	156	0	0	434	0	96	0	0	158	236	0	0	0	5598	0	168	0	976	0	0	0	1166	0	0	0	0	0	0	0	0	0	0	0	0	0	0	0	0	0	0	0	0	0	0	0	0	0	0	
256672	Temporal_Sup_L	2888	0	1846	0	0	0	154	0	0	0	4454	0	248	0	80	0	11994	0	3726	0	0	0	0	0	0	0	0	0	12654	0	0	0	92	0	348	0	4598	0	1476	0	178	0	0	0	0	0	250	0	0	0	2048	0	194	0	4006	0	3728	0	890	0	2030	0	9886	0	3692	0	356	0	1302	0	0	0	2616	0	0	0	354	0	4618	0	0	0	4146	0	29762	0	0	0	12936	0	444	0	0	0	0	0	82	0	260	0	0	0	0	0	0	0	0	0	0	0	0	0	0	0	0	0	
151292	Temporal_Sup_R	0	398	0	296	0	0	0	90	0	0	0	370	0	0	0	156	0	3622	0	68	0	0	0	0	0	0	0	0	0	5286	0	0	0	0	416	520	0	2988	0	662	0	0	0	240	0	224	0	68	0	306	0	514	0	108	0	2444	0	1140	0	374	0	676	0	6252	0	3264	0	748	420	116	0	188	0	804	0	0	508	862	0	5598	0	0	0	4320	0	24140	0	114	0	7062	0	0	0	0	0	0	0	152	0	132	0	0	0	0	0	0	0	0	0	0	0	0	0	0	0	0	
71888	Temporal_Pole_Sup_L	0	0	540	0	1692	0	140	0	428	0	1098	0	522	0	3076	0	1014	0	0	0	2068	0	108	0	0	0	398	0	5188	0	100	0	0	0	0	0	164	0	1264	0	350	0	0	0	0	0	0	0	0	0	0	0	0	0	2350	0	0	0	0	0	0	0	0	0	0	0	0	0	0	0	138	0	1060	0	0	0	0	0	170	0	4146	0	0	0	4576	0	1314	0	4040	0	0	0	0	0	0	0	0	0	0	0	0	0	0	0	0	0	0	0	0	0	0	0	0	0	0	0	
50116	Temporal_Pole_Sup_R	0	0	0	114	0	94	0	0	0	0	0	456	0	0	0	1142	0	814	0	0	0	754	0	0	0	0	0	112	0	2398	0	0	0	0	0	0	0	302	0	1492	0	1328	0	0	0	0	0	0	0	0	0	0	0	0	0	4310	0	0	0	0	0	0	0	0	0	0	0	0	0	0	0	0	0	318	0	0	0	76	0	168	0	4320	0	0	0	3296	0	2032	0	1532	0	0	0	0	0	0	0	0	0	0	0	0	0	0	0	0	0	0	0	0	0	0	0	0	0	0	
342644	Temporal_Mid_L	3472	0	90	0	0	0	0	0	0	0	0	0	0	0	0	0	2600	0	848	0	0	0	0	0	0	0	0	0	4456	0	0	0	482	0	974	0	4050	0	822	0	66	0	2696	0	2750	0	2464	0	332	0	24074	0	5440	0	6720	0	2930	0	1566	0	2190	0	8590	0	7680	0	3100	0	4138	0	0	0	868	0	0	0	468	0	4038	0	29762	0	4576	0	0	0	942	0	37806	0	254	0	0	0	0	0	0	0	78	0	0	0	0	0	0	0	0	0	0	0	0	0	0	0	0	0	
245296	Temporal_Mid_R	0	372	0	92	0	0	0	0	0	0	0	0	0	0	0	0	0	950	0	0	0	0	0	0	0	0	0	0	0	1422	0	0	0	254	88	138	0	3414	0	1016	0	0	0	1084	0	1626	0	248	0	3830	0	7938	0	840	0	6692	0	2094	0	3684	0	3328	0	3690	0	8114	68	5676	76	1214	0	0	0	158	0	0	94	350	0	976	0	24140	0	3296	0	0	0	1004	0	34236	0	0	0	0	0	0	0	218	0	228	0	0	0	0	0	0	0	0	0	0	0	0	0	0	0	0	
9744	Temporal_Pole_Mid_L	0	0	0	0	0	0	0	0	0	0	0	0	0	0	0	0	0	0	0	0	0	0	0	0	0	0	0	0	0	0	0	0	0	0	0	0	0	0	194	0	0	0	0	0	0	0	0	0	0	0	0	0	0	0	978	0	0	0	0	0	0	0	0	0	0	0	0	0	0	0	0	0	0	0	0	0	0	0	0	0	0	0	1314	0	942	0	0	0	1444	0	0	0	0	0	0	0	0	0	0	0	0	0	0	0	0	0	0	0	0	0	0	0	0	0	0	0	
15328	Temporal_Pole_Mid_R	0	0	0	0	0	0	0	0	0	0	0	0	0	0	0	0	0	0	0	0	0	0	0	0	0	0	0	0	0	0	0	0	0	0	0	0	0	0	0	1694	0	190	0	0	0	0	0	0	0	0	0	0	0	0	0	1680	0	0	0	0	0	0	0	0	0	0	0	0	0	0	0	0	0	0	0	0	0	0	0	0	0	114	0	2032	0	1004	0	0	0	950	0	0	0	0	0	0	0	0	0	0	0	0	0	0	0	0	0	0	0	0	0	0	0	0	0	0	
258084	Temporal_Inf_L	2466	0	66	0	0	0	0	0	0	0	0	0	0	0	0	0	686	0	1050	0	0	0	0	0	0	0	0	0	4088	0	0	0	0	0	522	0	8028	0	2298	0	934	0	1828	0	782	0	1828	0	0	0	5772	0	6560	0	18178	0	714	0	362	0	410	0	1164	0	538	0	1906	0	1052	0	0	0	1124	0	0	0	376	0	1544	0	12936	0	4040	0	37806	0	1444	0	0	0	4958	0	252	0	86	0	320	0	2312	0	124	0	488	0	0	0	0	0	0	0	0	0	0	0	0	0	
296984	Temporal_Inf_R	0	1388	0	254	0	0	0	0	0	0	0	0	0	0	0	0	0	268	0	0	0	0	0	0	0	0	0	0	0	1342	0	0	0	574	502	996	0	10186	0	5942	0	0	0	5670	78	2146	0	2310	0	4930	0	5732	0	8896	0	22706	0	3626	0	4562	0	3018	0	2486	0	2822	134	8428	156	1416	0	68	0	366	0	0	200	1202	0	1166	0	7062	0	1532	0	34236	0	950	0	0	0	606	0	0	0	0	0	130	0	290	0	0	0	0	0	0	0	0	0	0	116	0	0	0	0	0	
490180	Cerebelum_Crus1_L	0	0	0	0	0	0	0	0	0	0	0	0	0	0	0	0	0	0	0	0	0	0	0	0	0	0	0	0	90	0	0	0	0	0	0	0	518	0	258	0	0	0	0	0	0	0	6564	4278	0	0	144	0	484	156	24326	1122	0	0	0	0	0	0	0	0	0	0	0	0	0	0	0	0	0	0	0	0	0	0	0	0	444	0	0	0	254	0	0	0	4958	0	0	4800	30366	3558	4522	166	23732	4164	58776	5140	10202	768	13874	1620	1622	850	352	0	850	2158	11006	12392	7450	1730	1096	300	
525452	Cerebelum_Crus1_R	0	0	0	0	0	0	0	0	0	0	0	0	0	0	0	0	0	0	0	0	0	0	0	0	0	0	0	0	0	0	0	0	0	0	0	0	0	638	0	814	0	0	0	0	0	0	3684	11888	0	0	0	0	0	864	1498	13716	0	0	0	0	0	0	0	0	0	0	0	0	0	0	0	0	0	76	0	0	0	0	0	0	0	0	0	0	0	0	0	0	0	606	4800	0	1560	30832	514	3822	10900	34916	8312	63276	78	4698	136	13524	186	930	0	204	354	4258	23268	12504	9182	468	220	0	
277412	Cerebelum_Crus2_L	0	0	0	0	0	0	0	0	0	0	0	0	0	0	0	0	0	0	0	0	0	0	0	0	0	0	0	0	0	0	0	0	0	0	0	0	0	0	0	104	0	0	0	0	0	0	372	1028	0	0	0	0	0	0	1134	240	0	0	0	0	0	0	0	0	0	0	0	0	0	0	0	0	0	0	0	0	0	0	0	0	0	0	0	0	0	0	0	0	252	0	30366	1560	0	9262	778	374	2322	554	6164	1030	29120	1738	24146	2000	2722	1196	594	0	498	850	1222	3224	11080	3256	1322	198	
271456	Cerebelum_Crus2_R	0	0	0	0	0	0	0	0	0	0	0	0	0	0	0	0	0	0	0	0	0	0	0	0	0	0	0	0	0	0	0	0	0	0	0	0	0	68	0	196	0	0	0	0	0	0	164	748	0	0	0	0	0	0	78	588	0	0	0	0	0	0	0	0	0	0	0	0	0	0	0	0	0	0	0	0	0	0	0	0	0	0	0	0	0	0	0	0	0	0	3558	30832	9262	0	140	1056	1776	2530	1568	8560	2796	17742	1872	24684	160	2814	0	232	414	1178	3066	2782	11726	3470	1536	132	
75300	Cerebelum_3_L	0	0	0	0	0	0	0	0	0	0	0	0	0	0	0	0	0	0	0	0	0	0	0	0	0	0	0	0	104	0	0	0	0	0	0	0	450	0	754	0	0	0	0	0	0	0	386	146	0	0	0	0	0	0	900	128	0	0	0	0	0	0	0	0	0	0	0	0	0	0	0	0	112	0	0	0	0	0	0	0	0	0	0	0	0	0	0	0	86	0	4522	514	778	140	0	0	9174	396	7520	550	346	0	460	72	1508	270	90	0	1262	3574	1970	498	202	284	342	112	
77472	Cerebelum_3_R	0	0	0	0	0	0	0	0	0	0	0	0	0	0	0	0	0	0	0	0	0	0	0	0	0	0	0	0	0	0	0	0	0	0	0	0	0	238	0	316	0	0	0	0	0	0	0	0	0	0	0	0	0	0	0	518	0	0	0	0	0	0	0	0	0	0	0	0	0	0	0	0	0	0	0	0	0	0	0	0	0	0	0	0	0	0	0	0	0	0	166	3822	374	1056	0	0	122	8996	128	8922	132	78	128	662	0	1384	0	0	1742	5966	218	230	1064	1260	1214	0	
406784	Cerebelum_4_5_L	0	0	0	0	0	0	0	0	0	0	0	0	0	0	0	0	0	0	0	0	0	0	0	0	0	0	0	0	100	0	0	0	0	0	0	0	838	70	1306	92	0	0	0	0	0	0	11158	5580	0	0	86	0	94	562	15452	2890	0	0	0	0	0	0	0	0	0	0	0	0	0	0	0	0	98	0	0	0	0	0	0	0	82	0	0	0	0	0	0	0	320	0	23732	10900	2322	1776	9174	122	0	10352	43652	12218	614	0	950	1188	2114	1474	132	0	1136	3858	27956	4674	1678	1710	1832	1100	
398332	Cerebelum_4_5_R	0	0	0	0	0	0	0	0	0	0	0	0	0	0	0	0	0	0	0	0	0	0	0	0	0	0	0	0	0	362	0	0	0	0	0	0	0	5138	0	8094	0	152	90	134	0	0	3036	11172	0	0	0	0	0	822	1902	13782	0	0	0	0	0	0	0	0	0	0	0	228	0	0	0	0	0	726	0	74	0	166	0	0	0	152	0	0	0	218	0	0	0	130	4164	34916	554	2530	396	8996	10352	0	7044	47442	0	110	74	1072	0	1722	0	308	224	5368	22660	2280	920	912	744	0	
534528	Cerebelum_6_L	0	0	0	0	0	0	0	0	0	0	0	0	0	0	0	0	0	0	0	0	0	0	0	0	0	0	0	0	0	0	0	0	0	0	0	0	876	0	1104	0	0	0	164	138	82	0	13776	7410	104	0	604	0	976	418	32322	2616	0	0	0	0	0	0	0	0	0	0	0	0	0	0	0	0	0	0	0	0	0	0	0	0	260	0	0	0	78	0	0	0	2312	0	58776	8312	6164	1568	7520	128	43652	7044	0	9452	2030	104	3340	1066	2426	1254	252	0	1072	3142	20514	17692	4518	1676	1710	612	
533336	Cerebelum_6_R	0	0	0	0	0	0	0	0	0	0	0	0	0	0	0	0	0	0	0	0	0	0	0	0	0	0	0	0	0	264	0	0	0	0	0	0	0	3104	0	4112	0	138	188	294	0	0	4162	14042	0	0	0	0	0	1044	1688	19192	0	0	0	0	0	0	0	0	0	0	0	0	0	0	0	0	0	368	0	0	0	0	0	0	0	132	0	0	0	228	0	0	0	290	5140	63276	1030	8560	550	8922	12218	47442	9452	0	212	88	366	3456	254	1284	0	208	416	6008	25958	14022	6784	1210	480	86	
189568	Cerebelum_7b_L	0	0	0	0	0	0	0	0	0	0	0	0	0	0	0	0	0	0	0	0	0	0	0	0	0	0	0	0	0	0	0	0	0	0	0	0	0	0	0	0	0	0	0	0	0	0	0	128	0	0	0	0	0	0	240	0	0	0	0	0	0	0	0	0	0	0	0	0	0	0	0	0	0	0	0	0	0	0	0	0	0	0	0	0	0	0	0	0	124	0	10202	78	29120	2796	346	132	614	0	2030	212	0	902	29780	1504	4980	380	758	0	204	314	168	724	4976	3482	494	96	
121764	Cerebelum_7b_R	0	0	0	0	0	0	0	0	0	0	0	0	0	0	0	0	0	0	0	0	0	0	0	0	0	0	0	0	0	0	0	0	0	0	0	0	0	0	0	0	0	0	0	0	0	0	0	0	0	0	0	0	0	0	0	0	0	0	0	0	0	0	0	0	0	0	0	0	0	0	0	0	0	0	0	0	0	0	0	0	0	0	0	0	0	0	0	0	0	0	768	4698	1738	17742	0	78	0	110	104	88	902	0	1014	23574	104	6224	0	152	0	86	82	188	1630	1352	248	0	
251940	Cerebelum_8_L	0	0	0	0	0	0	0	0	0	0	0	0	0	0	0	0	0	0	0	0	0	0	0	0	0	0	0	0	0	0	0	0	0	0	0	0	0	0	0	0	0	0	0	0	0	0	0	82	0	0	0	0	0	0	586	0	0	0	0	0	0	0	0	0	0	0	0	0	0	0	0	0	0	0	0	0	0	0	0	0	0	0	0	0	0	0	0	0	488	0	13874	136	24146	1872	460	128	950	74	3340	366	29780	1014	0	3840	21556	1204	5198	0	262	408	324	1324	4240	6638	2906	774	
241512	Cerebelum_8_R	0	0	0	0	0	0	0	0	0	0	0	0	0	0	0	0	0	0	0	0	0	0	0	0	0	0	0	0	0	0	0	0	0	0	0	0	0	0	0	92	0	0	0	0	0	0	68	474	0	0	0	0	0	0	0	392	0	0	0	0	0	0	0	0	0	0	0	0	0	0	0	0	0	0	0	0	0	0	0	0	0	0	0	0	0	0	0	0	0	0	1620	13524	2000	24684	72	662	1188	1072	1066	3456	1504	23574	3840	0	920	19852	0	1388	344	872	1760	2650	4670	6320	2480	212	
110584	Cerebelum_9_L	0	0	0	0	0	0	0	0	0	0	0	0	0	0	0	0	0	0	0	0	0	0	0	0	0	0	0	0	0	0	0	0	0	0	0	0	0	0	0	0	0	0	0	0	0	0	370	0	0	0	0	0	0	0	114	0	0	0	0	0	0	0	0	0	0	0	0	0	0	0	0	0	0	0	0	0	0	0	0	0	0	0	0	0	0	0	0	0	0	0	1622	186	2722	160	1508	0	2114	0	2426	254	4980	104	21556	920	0	1468	6274	0	244	340	1192	966	670	1666	2692	744	
146016	Cerebelum_9_R	0	0	0	0	0	0	0	0	0	0	0	0	0	0	0	0	0	0	0	0	0	0	0	0	0	0	0	0	0	0	0	0	0	0	0	0	0	348	0	734	0	0	0	0	0	0	244	0	0	0	0	0	0	0	0	798	0	0	0	0	0	0	0	0	0	0	0	0	0	0	0	0	0	0	0	0	0	0	0	0	0	0	0	0	0	0	0	0	0	0	850	930	1196	2814	270	1384	1474	1722	1254	1284	380	6224	1204	19852	1468	0	0	1978	2274	3016	1834	2718	3020	5246	6504	1988	
27888	Cerebelum_10_L	0	0	0	0	0	0	0	0	0	0	0	0	0	0	0	0	0	0	0	0	0	0	0	0	0	0	0	0	0	0	0	0	0	0	0	0	0	0	0	0	0	0	0	0	0	0	0	0	0	0	0	0	0	0	0	0	0	0	0	0	0	0	0	0	0	0	0	0	0	0	0	0	0	0	0	0	0	0	0	0	0	0	0	0	0	0	0	0	0	0	352	0	594	0	90	0	132	0	252	0	758	0	5198	0	6274	0	0	0	0	0	0	0	0	140	154	0	
10892	Cerebelum_10_R	0	0	0	0	0	0	0	0	0	0	0	0	0	0	0	0	0	0	0	0	0	0	0	0	0	0	0	0	0	0	0	0	0	0	0	0	0	0	0	284	0	0	0	0	0	0	0	0	0	0	0	0	0	0	0	268	0	0	0	0	0	0	0	0	0	0	0	0	0	0	0	0	0	0	0	0	0	0	0	0	0	0	0	0	0	0	0	0	0	0	0	204	0	232	0	0	0	308	0	208	0	152	0	1388	0	1978	0	0	98	100	0	0	0	114	112	0	
53776	Vermis_1_2	0	0	0	0	0	0	0	0	0	0	0	0	0	0	0	0	0	0	0	0	0	0	0	0	0	0	0	0	0	0	0	0	0	0	0	0	0	0	0	0	0	0	0	0	0	0	90	0	0	0	0	0	0	0	0	0	0	0	0	0	0	0	0	0	0	0	0	0	0	0	0	0	0	0	0	0	0	0	0	0	0	0	0	0	0	0	0	0	0	0	850	354	498	414	1262	1742	1136	224	1072	416	204	0	262	344	244	2274	0	98	0	8260	1204	918	1134	1802	1848	238	
127632	Vermis_3	66	0	0	0	0	0	0	0	0	0	0	0	0	0	0	0	0	0	0	0	0	0	0	0	0	0	0	0	0	0	0	0	0	0	0	0	0	0	0	0	0	0	0	0	0	0	120	94	0	0	0	0	0	0	66	246	0	0	0	0	0	0	0	0	0	0	0	0	0	0	0	0	0	0	0	0	0	0	0	0	0	0	0	0	0	0	0	0	0	0	2158	4258	850	1178	3574	5966	3858	5368	3142	6008	314	86	408	872	340	3016	0	100	8260	0	4446	1400	1982	2616	2776	248	
