data	data	541880	317744	920256	855008	153900	152992	516260	269920	121136	33104	275588	188244	231180	125628	206388	126476	291772	130852	730768	790684	104684	135564	350248	335188	59668	111952	78784	112124	654732	394764	373908	438280	170852	569264	128612	196396	290812	439760	195680	292488	33132	61996	226400	361904	147824	204440	333096	308488	219720	265692	379472	262184	119724	78160	438596	492120	346020	233084	189316	64292	242228	120204	159448	93300	163304	95544	320552	338312	209408	210068	361256	443396	446664	545604	116256	72456	145472	184320	93812	47140	229284	158608	136080	93848	298864	207200	28060	39988	307492	188636	667396	449152	454080	360716	33376	67148	332664	230864	508500	467972	365448	155588	417304	300492	116576	132144	29068	41824	25612	57236	228476	228456	305852	123392	97276	31864	
data	data	Precentral_L	Precentral_R	Frontal_Sup_L	Frontal_Sup_R	Frontal_Sup_Orb_L	Frontal_Sup_Orb_R	Frontal_Mid_L	Frontal_Mid_R	Frontal_Mid_Orb_L	Frontal_Mid_Orb_R	Frontal_Inf_Oper_L	Frontal_Inf_Oper_R	Frontal_Inf_Tri_L	Frontal_Inf_Tri_R	Frontal_Inf_Orb_L	Frontal_Inf_Orb_R	Rolandic_Oper_L	Rolandic_Oper_R	Supp_Motor_Area_L	Supp_Motor_Area_R	Olfactory_L	Olfactory_R	Frontal_Sup_Medial_L	Frontal_Sup_Medial_R	Frontal_Med_Orb_L	Frontal_Med_Orb_R	Rectus_L	Rectus_R	Insula_L	Insula_R	Cingulum_Ant_L	Cingulum_Ant_R	Cingulum_Mid_L	Cingulum_Mid_R	Cingulum_Post_L	Cingulum_Post_R	Hippocampus_L	Hippocampus_R	ParaHippocampal_L	ParaHippocampal_R	Amygdala_L	Amygdala_R	Calcarine_L	Calcarine_R	Cuneus_L	Cuneus_R	Lingual_L	Lingual_R	Occipital_Sup_L	Occipital_Sup_R	Occipital_Mid_L	Occipital_Mid_R	Occipital_Inf_L	Occipital_Inf_R	Fusiform_L	Fusiform_R	Postcentral_L	Postcentral_R	Parietal_Sup_L	Parietal_Sup_R	Parietal_Inf_L	Parietal_Inf_R	SupraMarginal_L	SupraMarginal_R	Angular_L	Angular_R	Precuneus_L	Precuneus_R	Paracentral_Lobule_L	Paracentral_Lobule_R	Caudate_L	Caudate_R	Putamen_L	Putamen_R	Pallidum_L	Pallidum_R	Thalamus_L	Thalamus_R	Heschl_L	Heschl_R	Temporal_Sup_L	Temporal_Sup_R	Temporal_Pole_Sup_L	Temporal_Pole_Sup_R	Temporal_Mid_L	Temporal_Mid_R	Temporal_Pole_Mid_L	Temporal_Pole_Mid_R	Temporal_Inf_L	Temporal_Inf_R	Cerebelum_Crus1_L	Cerebelum_Crus1_R	Cerebelum_Crus2_L	Cerebelum_Crus2_R	Cerebelum_3_L	Cerebelum_3_R	Cerebelum_4_5_L	Cerebelum_4_5_R	Cerebelum_6_L	Cerebelum_6_R	Cerebelum_7b_L	Cerebelum_7b_R	Cerebelum_8_L	Cerebelum_8_R	Cerebelum_9_L	Cerebelum_9_R	Cerebelum_10_L	Cerebelum_10_R	Vermis_1_2	Vermis_3	Vermis_4_5	Vermis_6	Vermis_7	Vermis_8	Vermis_9	Vermis_10	
541880	Precentral_L	0	6222	22368	3474	0	0	30304	996	0	0	16212	152	2336	0	0	0	11260	0	20156	11602	0	0	0	0	0	0	0	0	14288	0	236	0	90	3364	1854	2496	8980	1846	2104	182	0	0	304	0	0	0	350	0	164	0	1228	0	496	0	2026	110	31986	244	944	0	6164	0	2522	0	282	0	478	90	17398	1870	3132	1740	9774	448	6444	0	9064	3416	4186	0	3066	0	0	0	816	0	0	0	1676	0	0	0	0	0	0	0	0	0	0	0	0	0	0	0	0	0	0	0	0	0	0	0	0	0	0	0	
317744	Precentral_R	6222	0	3370	6308	0	0	1614	10624	0	0	0	9162	0	1228	0	0	0	1270	2850	9072	0	176	0	0	0	0	0	0	244	2034	0	218	132	1720	1710	3286	2796	8078	834	1646	0	0	0	1464	0	0	0	588	0	180	0	454	0	100	356	2150	488	19958	0	0	0	2842	0	3746	0	0	0	1844	3174	7574	658	7220	1036	2154	1068	608	4968	18864	270	396	0	510	0	0	0	598	0	0	0	904	0	0	0	0	0	0	0	0	0	0	0	0	0	0	0	0	0	0	0	0	106	0	0	0	0	0	
920256	Frontal_Sup_L	22368	3370	0	11758	3656	0	60262	1300	3308	0	11256	602	17374	0	6172	0	10852	162	86338	21584	0	0	37440	6886	684	0	0	0	33814	356	24560	10296	6620	9570	256	102	1636	526	568	220	0	0	0	0	0	0	0	0	0	0	0	0	0	0	348	144	742	252	0	0	292	0	156	0	0	0	0	0	7526	498	14652	1146	27694	1098	6946	0	1212	398	438	0	584	0	1766	0	182	0	0	0	158	0	0	0	0	0	0	0	0	0	0	0	0	0	0	0	0	0	0	0	0	0	0	0	0	0	0	0	
855008	Frontal_Sup_R	3474	6308	11758	0	148	5554	1638	30376	0	892	200	8700	162	5150	0	3970	296	8344	15146	67294	296	652	12152	37170	114	4230	234	2002	782	18348	7518	30722	950	26246	342	918	518	11374	384	5352	0	0	0	0	0	0	0	164	0	0	0	0	0	0	114	3628	416	1080	0	0	0	110	0	108	0	0	0	614	1618	114	5806	29772	2532	35418	748	5566	120	7714	0	736	0	602	0	272	0	0	0	0	0	0	0	0	0	0	0	0	138	248	0	152	0	0	0	0	0	0	0	0	0	0	0	0	0	0	0	0	
153900	Frontal_Sup_Orb_L	0	0	3656	148	0	0	1006	0	12940	0	424	0	1360	0	11896	0	0	0	120	0	3082	896	3506	362	5638	126	6970	0	6892	0	4056	378	0	0	0	0	0	0	122	0	148	0	0	0	0	0	0	0	0	0	0	0	0	0	0	0	0	0	0	0	0	0	0	0	0	0	0	0	0	0	3224	898	5994	712	0	0	0	0	0	0	0	0	2396	0	0	0	0	0	0	0	0	0	0	0	0	0	0	0	0	0	0	0	0	0	0	0	0	0	0	0	0	0	0	0	0	0	
152992	Frontal_Sup_Orb_R	0	0	0	5554	0	0	0	1248	0	5166	0	0	0	0	0	4288	0	0	0	104	956	4682	0	5240	384	12274	2254	12850	0	1710	346	4828	0	0	0	0	0	0	0	0	0	166	0	0	0	0	0	0	0	0	0	0	0	0	0	0	0	0	0	0	0	0	0	0	0	0	0	0	0	0	656	6030	110	6696	0	288	0	0	0	0	0	148	0	370	0	148	0	0	0	0	0	0	0	0	0	0	0	0	0	0	0	0	0	0	0	0	0	0	0	0	0	0	0	0	0	0	
516260	Frontal_Mid_L	30304	1614	60262	1638	1006	0	0	260	3880	0	12868	0	25950	0	6754	0	11676	0	11910	772	0	0	11332	1414	146	0	0	0	23090	0	4794	2004	954	1114	392	548	3624	432	1060	0	0	0	0	0	0	0	150	0	0	0	194	0	0	0	726	0	7156	0	172	0	984	0	1732	0	102	0	150	0	0	0	1510	434	8400	0	2468	0	7838	1260	1578	0	1892	0	888	0	254	0	0	0	444	0	0	0	0	0	0	0	0	0	0	0	0	0	0	0	0	0	0	0	0	0	0	0	0	0	0	0	
269920	Frontal_Mid_R	996	10624	1300	30376	0	1248	260	0	0	942	0	13290	0	11070	0	1496	0	1906	2288	5122	0	0	180	2908	0	536	0	378	0	4848	308	2854	0	5188	0	360	170	5994	164	3166	0	0	0	0	0	0	0	0	0	0	0	0	0	0	0	2614	0	1824	0	0	0	966	0	1192	0	0	0	278	0	0	424	4586	400	10542	242	1726	0	1156	0	288	0	144	0	0	0	0	0	0	0	0	0	0	0	0	0	0	92	260	0	254	0	0	0	0	0	0	0	0	0	0	0	0	0	0	0	0	
121136	Frontal_Mid_Orb_L	0	0	3308	0	12940	0	3880	0	0	0	168	0	4066	0	18062	0	0	0	0	0	270	192	102	0	632	0	2688	0	5746	0	368	0	0	0	0	0	0	0	0	0	0	0	0	0	0	0	0	0	0	0	0	0	0	0	0	0	0	0	0	0	0	0	0	0	0	0	0	0	0	0	484	214	2200	192	0	0	0	0	0	0	0	0	5056	0	0	0	0	0	0	0	0	0	0	0	0	0	0	0	0	0	0	0	0	0	0	0	0	0	0	0	0	0	0	0	0	0	
33104	Frontal_Mid_Orb_R	0	0	0	892	0	5166	0	942	0	0	0	0	0	222	0	5208	0	0	0	0	0	226	0	498	0	642	0	842	0	724	0	0	0	0	0	0	0	0	0	0	0	0	0	0	0	0	0	0	0	0	0	0	0	0	0	0	0	0	0	0	0	0	0	0	0	0	0	0	0	0	0	320	0	870	0	0	0	0	0	0	0	0	0	0	0	0	0	0	0	0	0	0	0	0	0	0	0	0	0	0	0	0	0	0	0	0	0	0	0	0	0	0	0	0	0	0	
275588	Frontal_Inf_Oper_L	16212	0	11256	200	424	0	12868	0	168	0	0	0	14676	0	1156	0	12978	0	4512	596	0	0	2560	116	732	0	0	0	28722	0	5430	1028	144	762	0	0	444	0	112	0	0	0	0	0	0	0	0	0	0	0	308	0	0	0	266	0	8906	0	346	0	2910	0	478	0	160	0	170	0	0	0	2354	0	1272	0	0	0	0	0	1596	0	1850	0	1652	0	270	0	0	0	160	0	0	0	0	0	0	0	0	0	0	0	0	0	0	0	0	0	0	0	0	0	0	0	0	0	0	0	
188244	Frontal_Inf_Oper_R	152	9162	602	8700	0	0	0	13290	0	0	0	0	0	11454	0	1494	0	4774	2272	7486	0	0	0	454	0	0	0	0	0	11414	0	804	0	4722	0	0	0	1696	0	782	0	0	0	0	0	0	0	0	0	0	0	0	0	0	0	678	0	2770	0	0	0	704	0	850	0	0	0	0	0	0	1468	2996	502	3584	0	586	0	142	0	214	0	192	0	178	0	0	0	0	0	0	0	0	0	0	0	0	0	0	0	0	0	0	0	0	0	0	0	0	0	0	0	0	0	0	0	0	
231180	Frontal_Inf_Tri_L	2336	0	17374	162	1360	0	25950	0	4066	0	14676	0	0	0	13968	0	2120	0	1552	0	0	0	3914	410	470	0	0	0	19616	0	2178	434	360	480	0	0	0	0	0	0	0	0	0	0	0	0	0	0	0	0	0	0	0	0	0	0	752	0	0	0	0	0	0	0	0	0	0	0	0	0	146	0	318	0	0	0	0	0	0	0	272	0	2676	0	0	0	0	0	0	0	0	0	0	0	0	0	0	0	0	0	0	0	0	0	0	0	0	0	0	0	0	0	0	0	0	0	
125628	Frontal_Inf_Tri_R	0	1228	0	5150	0	0	0	11070	0	222	0	11454	0	0	0	4202	0	0	1352	3316	0	0	90	852	0	0	0	0	0	10320	0	2264	0	5460	0	0	0	0	0	0	0	0	0	0	0	0	0	0	0	0	0	0	0	0	0	0	0	0	0	0	0	0	0	0	0	0	0	0	0	0	920	3608	436	870	0	0	0	0	0	0	0	0	0	0	0	0	0	0	0	0	0	0	0	0	0	0	0	0	0	0	0	0	0	0	0	0	0	0	0	0	0	0	0	0	0	0	
206388	Frontal_Inf_Orb_L	0	0	6172	0	11896	0	6754	0	18062	0	1156	0	13968	0	0	0	332	0	388	0	1980	528	854	0	210	0	2088	0	18436	0	638	102	0	0	0	0	126	0	218	0	168	0	0	0	0	0	0	0	0	0	0	0	0	0	0	0	0	0	0	0	0	0	0	0	0	0	0	0	0	0	1890	522	6188	402	0	0	0	0	0	0	1072	0	8768	0	276	0	0	0	0	0	0	0	0	0	0	0	0	0	0	0	0	0	0	0	0	0	0	0	0	0	0	0	0	0	0	0	
126476	Frontal_Inf_Orb_R	0	0	0	3970	0	4288	0	1496	0	5208	0	1494	0	4202	0	0	0	506	130	2130	130	1616	254	848	0	592	0	2320	0	11866	186	952	90	1000	0	0	0	0	0	108	0	174	0	0	0	0	0	0	0	0	0	0	0	0	0	170	0	0	0	0	0	0	0	0	0	0	0	0	0	0	272	5022	0	5190	0	196	0	0	0	0	0	2530	0	4854	0	584	0	514	0	346	0	0	0	0	0	0	0	0	0	0	0	0	0	0	0	0	0	0	0	0	0	0	0	0	0	0	
291772	Rolandic_Oper_L	11260	0	10852	296	0	0	11676	0	0	0	12978	0	2120	0	332	0	0	0	5400	774	0	0	344	0	0	0	0	0	32246	0	826	346	0	512	0	0	872	0	210	0	0	0	0	0	0	0	0	0	476	0	1634	0	1804	0	2122	0	10882	0	3358	0	3270	0	2634	0	326	0	796	0	96	0	1050	0	1314	0	0	0	96	0	5210	0	12110	0	1388	0	2808	0	0	0	3468	0	0	0	0	0	0	0	0	0	0	0	0	0	0	0	0	0	0	0	0	0	0	0	0	0	0	0	
130852	Rolandic_Oper_R	0	1270	162	8344	0	0	0	1906	0	0	0	4774	0	0	0	506	0	0	610	5220	0	0	0	0	0	0	0	0	0	16146	0	0	0	438	0	0	0	2286	0	818	0	0	0	146	0	0	0	0	0	0	0	0	0	0	0	1000	0	3440	0	0	0	370	0	1492	0	158	0	0	0	382	450	432	166	2934	0	318	0	0	0	5004	0	5154	0	618	0	302	0	0	0	580	0	0	0	0	0	0	0	0	0	0	0	0	0	0	0	0	0	0	0	0	0	0	0	0	0	0	
730768	Supp_Motor_Area_L	20156	2850	86338	15146	120	0	11910	2288	0	0	4512	2272	1552	1352	388	130	5400	610	0	48408	0	0	8734	2114	288	0	0	0	13692	2328	15698	8732	11246	27186	530	1548	1394	2438	474	1410	0	0	0	0	0	0	0	212	0	0	0	0	0	0	294	1116	252	300	0	0	132	0	0	0	0	0	0	548	11682	1070	15154	2064	19684	4160	6004	130	448	98	212	0	210	0	150	0	0	0	0	0	124	0	0	0	0	0	0	0	0	96	0	0	0	0	0	0	0	0	0	0	0	0	0	0	0	0	0	0	
790684	Supp_Motor_Area_R	11602	9072	21584	67294	0	104	772	5122	0	0	596	7486	0	3316	0	2130	774	5220	48408	0	0	240	1528	5008	0	104	0	0	2100	13832	1970	8682	5162	46874	1498	6672	302	5300	126	2958	0	0	0	962	0	0	0	634	0	0	0	204	0	98	0	2976	492	2456	0	110	0	142	0	204	0	0	122	2218	12618	17972	9432	22866	4216	21246	572	1794	0	4140	0	406	0	1216	0	254	0	724	0	0	0	1016	0	0	0	0	0	0	0	180	0	92	0	0	0	0	0	0	0	0	0	0	144	0	0	0	0	0	
104684	Olfactory_L	0	0	0	296	3082	956	0	0	270	0	0	0	0	0	1980	130	0	0	0	0	0	6192	0	284	1254	614	3462	1042	3280	152	3714	1756	0	0	0	0	134	0	526	0	458	88	0	0	0	0	0	0	0	0	0	0	0	0	0	0	0	0	0	0	0	0	0	0	0	0	0	0	0	0	8962	5410	3898	3138	670	0	0	0	0	0	0	0	594	0	0	0	0	0	0	0	0	0	0	0	0	0	0	0	0	0	0	0	0	0	0	0	0	0	0	0	0	0	0	0	0	0	
135564	Olfactory_R	0	176	0	652	896	4682	0	0	192	226	0	0	0	0	528	1616	0	0	0	240	6192	0	0	622	118	3240	2240	5320	0	2494	1928	3372	0	0	0	0	0	0	0	210	0	764	0	0	0	0	0	0	0	0	0	0	0	0	0	0	0	0	0	0	0	0	0	0	0	0	0	0	0	0	7944	11288	4104	5388	1258	678	0	466	0	0	0	176	0	596	0	176	0	0	0	0	0	0	0	0	0	0	0	0	0	0	0	0	0	0	0	0	0	0	0	0	0	0	0	0	0	0	
350248	Frontal_Sup_Medial_L	0	0	37440	12152	3506	0	11332	180	102	0	2560	0	3914	90	854	254	344	0	8734	1528	0	0	0	23630	3710	502	0	0	4196	0	23938	17362	4366	10798	0	0	0	0	0	0	0	0	0	0	0	0	0	0	0	0	0	0	0	0	0	0	0	0	0	0	0	0	0	0	0	0	0	0	0	0	1010	0	2466	0	0	0	0	0	0	0	0	0	156	0	0	0	0	0	0	0	0	0	0	0	0	0	0	0	0	0	0	0	0	0	0	0	0	0	0	0	0	0	0	0	0	0	
335188	Frontal_Sup_Medial_R	0	0	6886	37170	362	5240	1414	2908	0	498	116	454	410	852	0	848	0	0	2114	5008	284	622	23630	0	616	6978	244	2152	94	642	8444	28146	1594	18206	0	0	0	262	0	240	0	0	0	0	0	0	0	0	0	0	0	0	0	0	0	224	0	0	0	0	0	0	0	0	0	0	0	0	0	0	442	4704	106	4948	0	736	0	0	0	0	0	0	0	0	0	0	0	0	0	0	0	0	0	0	0	0	0	0	0	0	0	0	0	0	0	0	0	0	0	0	0	0	0	0	0	0	
59668	Frontal_Med_Orb_L	0	0	684	114	5638	384	146	0	632	0	732	0	470	0	210	0	0	0	288	0	1254	118	3710	616	0	698	3088	366	1446	0	4856	810	0	0	0	0	0	0	0	0	0	0	0	0	0	0	0	0	0	0	0	0	0	0	0	0	0	0	0	0	0	0	0	0	0	0	0	0	0	0	1732	118	1724	0	0	0	0	0	0	0	0	0	0	0	0	0	0	0	0	0	0	0	0	0	0	0	0	0	0	0	0	0	0	0	0	0	0	0	0	0	0	0	0	0	0	0	
111952	Frontal_Med_Orb_R	0	0	0	4230	126	12274	0	536	0	642	0	0	0	0	0	592	0	0	0	104	614	3240	502	6978	698	0	2278	9466	92	272	878	5806	0	0	0	0	0	0	0	0	0	0	0	0	0	0	0	0	0	0	0	0	0	0	0	0	0	0	0	0	0	0	0	0	0	0	0	0	0	0	388	3146	0	2882	0	232	0	0	0	0	0	0	0	0	0	0	0	0	0	0	0	0	0	0	0	0	0	0	0	0	0	0	0	0	0	0	0	0	0	0	0	0	0	0	0	0	
78784	Rectus_L	0	0	0	234	6970	2254	0	0	2688	0	0	0	0	0	2088	0	0	0	0	0	3462	2240	0	244	3088	2278	0	2304	640	0	2068	848	0	0	0	0	0	0	0	0	0	0	0	0	0	0	0	0	0	0	0	0	0	0	0	0	0	0	0	0	0	0	0	0	0	0	0	0	0	0	3300	1882	1146	1496	0	0	0	0	0	0	0	0	162	0	0	0	0	0	0	0	0	0	0	0	0	0	0	0	0	0	0	0	0	0	0	0	0	0	0	0	0	0	0	0	0	0	
112124	Rectus_R	0	0	0	2002	0	12850	0	378	0	842	0	0	0	0	0	2320	0	0	0	0	1042	5320	0	2152	366	9466	2304	0	0	1330	404	3398	0	0	0	0	0	0	0	0	0	172	0	0	0	0	0	0	0	0	0	0	0	0	0	0	0	0	0	0	0	0	0	0	0	0	0	0	0	0	680	5414	110	4522	0	238	0	0	0	0	0	162	0	428	0	162	0	0	0	0	0	0	0	0	0	0	0	0	0	0	0	0	0	0	0	0	0	0	0	0	0	0	0	0	0	0	
654732	Insula_L	14288	244	33814	782	6892	0	23090	0	5746	0	28722	0	19616	0	18436	0	32246	0	13692	2100	3280	0	4196	94	1446	92	640	0	0	0	5126	1420	306	1788	550	390	10744	296	3488	0	1382	0	384	0	102	0	156	0	578	0	2356	0	1438	0	6446	0	10038	0	4468	0	4440	0	312	0	494	0	1386	0	616	0	5522	100	20158	0	0	0	1294	212	8322	0	7804	0	6158	0	3610	0	0	0	5662	0	124	0	0	0	0	0	124	0	156	0	0	0	0	0	0	0	0	0	0	0	0	0	0	0	0	0	
394764	Insula_R	0	2034	356	18348	0	1710	0	4848	0	724	0	11414	0	10320	0	11866	0	16146	2328	13832	152	2494	0	642	0	272	0	1330	0	0	122	1448	0	3150	0	0	0	8198	0	3508	0	1700	0	292	0	0	0	130	0	0	0	0	0	0	0	5476	0	1414	0	194	0	390	0	162	0	0	0	116	0	628	3828	9314	1546	25806	336	1240	0	168	0	4732	0	10518	0	5982	0	5058	0	326	0	2692	0	0	0	0	0	0	0	92	0	0	0	0	0	0	0	0	0	0	0	0	0	0	0	0	0	0	
373908	Cingulum_Ant_L	236	0	24560	7518	4056	346	4794	308	368	0	5430	0	2178	0	638	186	826	0	15698	1970	3714	1928	23938	8444	4856	878	2068	404	5126	122	0	20990	8210	7690	0	0	0	104	0	0	0	0	0	0	0	0	0	0	0	0	0	0	0	0	0	0	0	0	0	0	0	0	0	0	0	0	0	0	0	0	13142	2882	11072	1878	0	0	0	0	0	0	148	0	248	0	0	0	0	0	0	0	0	0	0	0	0	0	0	0	0	0	0	0	0	0	0	0	0	0	0	0	0	0	0	0	0	0	
438280	Cingulum_Ant_R	0	218	10296	30722	378	4828	2004	2854	0	0	1028	804	434	2264	102	952	346	0	8732	8682	1756	3372	17362	28146	810	5806	848	3398	1420	1448	20990	0	2944	29860	0	0	142	0	0	0	0	0	0	0	0	0	0	0	0	0	0	0	0	0	0	0	0	0	0	0	0	0	0	0	0	0	0	0	0	0	5220	9770	2670	7636	0	898	0	0	0	0	0	0	0	0	0	0	0	0	0	0	0	0	0	0	0	0	0	0	0	0	0	0	0	0	0	0	0	0	0	0	0	0	0	0	0	0	
170852	Cingulum_Mid_L	90	132	6620	950	0	0	954	0	0	0	144	0	360	0	0	90	0	0	11246	5162	0	0	4366	1594	0	0	0	0	306	0	8210	2944	0	14574	4068	976	0	0	92	0	0	0	448	270	2342	0	276	108	3130	0	1480	0	0	0	140	0	630	0	836	0	138	0	0	0	0	0	6224	2110	2918	1334	0	0	0	0	0	0	0	0	0	0	0	0	0	0	164	0	0	0	0	0	0	0	0	0	0	0	0	0	0	0	0	0	0	0	0	0	0	0	0	0	0	0	0	0	0	0	
569264	Cingulum_Mid_R	3364	1720	9570	26246	0	0	1114	5188	0	0	762	4722	480	5460	0	1000	512	438	27186	46874	0	0	10798	18206	0	0	0	0	1788	3150	7690	29860	14574	0	1268	10470	260	2616	0	1680	0	0	0	802	0	0	0	1022	0	0	0	0	0	0	0	1706	0	1404	0	0	0	0	0	0	0	0	698	6848	7252	13482	5850	778	2624	4412	0	0	0	0	0	0	0	158	0	0	0	0	0	0	0	108	0	0	0	0	0	0	0	108	0	0	0	0	0	0	0	0	0	0	0	0	384	0	0	0	0	0	
128612	Cingulum_Post_L	1854	1710	256	342	0	0	392	0	0	0	0	0	0	0	0	0	0	0	530	1498	0	0	0	0	0	0	0	0	550	0	0	0	4068	1268	0	9022	6710	3200	3110	326	0	0	3746	0	1460	0	3398	0	0	0	128	0	186	0	1434	0	528	0	0	0	0	0	0	0	0	0	6750	924	3972	1026	0	0	0	186	0	0	1872	2726	618	0	180	0	0	0	0	0	0	0	236	0	0	0	0	0	0	0	0	0	0	0	0	0	0	0	0	0	0	0	0	0	100	0	0	0	0	0	
196396	Cingulum_Post_R	2496	3286	102	918	0	0	548	360	0	0	0	0	0	0	0	0	0	0	1548	6672	0	0	0	0	0	0	0	0	390	0	0	0	976	10470	9022	0	4622	7986	912	2006	0	0	0	2102	0	88	0	4454	0	0	0	0	0	126	210	2952	402	1572	0	0	0	0	0	0	0	0	824	11522	2804	7706	0	106	0	542	0	0	3124	4554	580	0	158	0	0	0	0	0	0	0	106	760	0	0	0	0	0	0	0	0	0	0	0	0	0	0	0	0	0	0	0	0	1192	0	0	0	0	0	
290812	Hippocampus_L	8980	2796	1636	518	0	0	3624	170	0	0	444	0	0	0	126	0	872	0	1394	302	134	0	0	0	0	0	0	0	10744	0	0	142	0	260	6710	4622	0	4246	24006	506	5440	0	1774	0	106	0	4954	114	0	0	88	0	112	0	14596	0	3304	0	0	0	100	0	0	0	0	0	3074	512	626	0	538	108	10040	340	1134	0	6336	4548	3250	0	1676	0	1274	0	706	0	390	0	4498	0	554	0	188	0	260	0	1172	0	782	0	0	0	174	0	282	0	0	0	0	124	0	0	0	0	0	0	
439760	Hippocampus_R	1846	8078	526	11374	0	0	432	5994	0	0	0	1696	0	0	0	0	0	2286	2438	5300	0	0	0	262	0	0	0	0	296	8198	104	0	0	2616	3200	7986	4246	0	1552	39102	0	8320	0	604	0	0	280	5042	0	0	0	0	0	0	502	35834	308	688	0	0	0	0	0	0	0	0	200	5892	0	918	1068	1160	724	24308	180	1826	2926	7540	404	856	144	1584	0	1212	0	2060	0	694	94	3312	0	0	0	0	0	142	0	1652	0	1030	0	0	0	0	0	0	0	0	0	88	756	0	0	0	0	0	
195680	ParaHippocampal_L	2104	834	568	384	122	0	1060	164	0	0	112	0	0	0	218	0	210	0	474	126	526	0	0	0	0	0	0	0	3488	0	0	0	92	0	3110	912	24006	1552	0	364	3110	0	1788	0	118	0	6190	186	0	0	0	0	0	0	15920	0	678	0	0	0	0	0	0	0	0	0	2948	494	532	0	144	0	3708	304	0	0	2354	1780	418	0	734	0	1904	0	238	0	1022	0	1620	0	1814	0	534	0	996	0	2782	0	2430	0	232	0	680	0	980	0	0	0	230	296	156	0	94	0	0	0	
292488	ParaHippocampal_R	182	1646	220	5352	0	0	0	3166	0	0	0	782	0	0	0	108	0	818	1410	2958	0	210	0	240	0	0	0	0	0	3508	0	0	0	1680	326	2006	506	39102	364	0	0	6802	0	408	0	0	132	5784	0	0	0	0	0	0	160	30500	0	320	0	0	0	0	0	0	0	0	0	3724	0	464	500	492	348	13828	108	1412	122	1804	0	344	0	574	0	2652	0	1298	0	1960	0	1948	0	186	0	0	0	628	0	3084	0	1584	0	0	0	0	0	0	0	0	0	0	358	0	136	0	0	0	
33132	Amygdala_L	0	0	0	0	148	0	0	0	0	0	0	0	0	0	168	0	0	0	0	0	458	0	0	0	0	0	0	0	1382	0	0	0	0	0	0	0	5440	0	3110	0	0	0	0	0	0	0	0	0	0	0	0	0	0	0	2402	0	0	0	0	0	0	0	0	0	0	0	0	0	0	0	0	0	1206	0	118	0	132	0	0	0	144	0	796	0	0	0	374	0	488	0	0	0	0	0	0	0	102	0	98	0	0	0	0	0	0	0	0	0	0	0	0	0	0	0	0	0	
61996	Amygdala_R	0	0	0	0	0	166	0	0	0	0	0	0	0	0	0	174	0	0	0	0	88	764	0	0	0	0	0	172	0	1700	0	0	0	0	0	0	0	8320	0	6802	0	0	0	0	0	0	0	0	0	0	0	0	0	0	0	5548	0	0	0	0	0	0	0	0	0	0	0	0	0	0	0	210	0	1558	0	0	0	0	0	0	0	998	0	2830	0	1032	0	532	0	104	0	0	0	0	0	0	0	0	0	0	0	0	0	0	0	0	0	0	0	0	0	0	0	0	0	0	
226400	Calcarine_L	304	0	0	0	0	0	0	0	0	0	0	0	0	0	0	0	0	0	0	0	0	0	0	0	0	0	0	0	384	0	0	0	448	0	3746	0	1774	0	1788	0	0	0	0	4718	11248	2282	16948	1680	9592	1686	19964	290	6222	122	5434	314	3154	0	1180	0	1008	0	0	0	92	0	14972	0	1022	0	0	0	0	0	0	0	0	0	0	0	0	0	0	0	840	0	0	0	1898	0	0	0	0	0	0	0	90	0	0	0	0	0	0	0	0	0	0	0	0	0	0	0	0	0	0	0	
361904	Calcarine_R	0	1464	0	0	0	0	0	0	0	0	0	0	0	0	0	0	0	146	0	962	0	0	0	0	0	0	0	0	0	292	0	0	270	802	0	2102	0	604	0	408	0	0	4718	0	4160	23128	2228	22760	0	28958	0	21902	0	6230	0	12102	0	8106	0	568	0	110	0	0	0	330	3166	23864	124	5400	0	0	0	0	0	0	0	0	0	216	0	244	0	0	0	1618	0	0	0	3872	0	0	0	0	0	0	0	0	0	0	0	0	0	0	0	0	0	0	0	0	98	0	0	0	0	0	
147824	Cuneus_L	0	0	0	0	0	0	0	0	0	0	0	0	0	0	0	0	0	0	0	0	0	0	0	0	0	0	0	0	102	0	0	0	2342	0	1460	0	106	0	118	0	0	0	11248	4160	0	5618	1560	382	15410	2740	8830	520	420	0	218	196	878	0	2684	0	216	0	0	0	0	0	13360	214	520	0	0	0	0	0	0	0	0	0	0	0	0	0	0	0	294	0	0	0	316	0	0	0	0	0	0	0	0	0	0	0	0	0	0	0	0	0	0	0	0	0	0	0	0	0	0	0	
204440	Cuneus_R	0	0	0	0	0	0	0	0	0	0	0	0	0	0	0	0	0	0	0	0	0	0	0	0	0	0	0	0	0	0	0	0	0	0	0	88	0	0	0	0	0	0	2282	23128	5618	0	146	3862	0	27876	0	14236	0	1118	0	2668	0	900	0	994	0	0	0	0	0	0	4202	14312	0	176	0	0	0	0	0	0	0	0	0	0	0	0	0	0	0	524	0	0	0	90	0	0	0	0	0	0	0	0	0	0	0	0	0	0	0	0	0	0	0	0	0	0	0	0	0	0	
333096	Lingual_L	350	0	0	0	0	0	150	0	0	0	0	0	0	0	0	0	0	0	0	0	0	0	0	0	0	0	0	0	156	0	0	0	276	0	3398	0	4954	280	6190	132	0	0	16948	2228	1560	146	0	5398	2736	362	13544	132	5728	0	22496	846	1292	0	704	0	460	0	0	0	0	0	7190	90	476	0	0	0	0	0	0	0	868	206	0	0	0	0	0	0	290	0	0	0	328	0	11690	2654	408	452	200	0	14156	1384	19810	4722	194	0	392	0	0	0	0	0	0	164	3636	5322	1314	0	0	136	
308488	Lingual_R	0	588	0	164	0	0	0	0	0	0	0	0	0	0	0	0	0	0	212	634	0	0	0	0	0	0	0	0	0	130	0	0	108	1022	0	4454	114	5042	186	5784	0	0	1680	22760	382	3862	5398	0	0	7662	0	6192	0	4328	1272	19916	0	1658	0	0	0	0	0	0	0	0	548	12778	164	1198	0	0	0	112	0	0	0	610	0	0	0	0	0	0	0	560	0	0	0	1570	3880	3808	522	306	0	0	1826	3986	7134	9546	110	0	148	0	0	0	0	0	0	110	3758	7508	514	0	0	0	
219720	Occipital_Sup_L	164	0	0	0	0	0	0	0	0	0	0	0	0	0	0	0	476	0	0	0	0	0	0	0	0	0	0	0	578	0	0	0	3130	0	0	0	0	0	0	0	0	0	9592	0	15410	0	2736	0	0	0	29826	0	1044	0	1000	0	2932	0	12818	0	4028	0	796	0	3578	0	17554	0	764	0	0	0	0	0	0	0	0	0	0	0	914	0	0	0	2246	0	0	0	274	0	0	0	0	0	0	0	0	0	0	0	0	0	0	0	0	0	0	0	0	0	0	0	0	0	0	0	
265692	Occipital_Sup_R	0	180	0	0	0	0	0	0	0	0	0	0	0	0	0	0	0	0	0	0	0	0	0	0	0	0	0	0	0	0	0	0	0	0	0	0	0	0	0	0	0	0	1686	28958	2740	27876	362	7662	0	0	0	27790	0	3136	0	5352	0	1042	0	2938	0	348	0	0	0	2590	3418	14890	0	336	0	0	0	0	0	0	0	0	0	0	0	0	0	0	0	1360	0	0	0	182	0	0	0	0	0	0	0	0	0	0	0	0	0	0	0	0	0	0	0	0	0	0	0	0	0	0	
379472	Occipital_Mid_L	1228	0	0	0	0	0	194	0	0	0	308	0	0	0	0	0	1634	0	0	0	0	0	0	0	0	0	0	0	2356	0	0	0	1480	0	128	0	88	0	0	0	0	0	19964	0	8830	0	13544	0	29826	0	0	0	11844	0	5854	0	9384	0	19360	0	12316	0	1138	0	16030	0	18276	0	2624	0	0	0	0	0	0	0	0	0	0	0	1354	0	0	0	9204	0	0	0	2678	0	0	0	0	0	0	0	94	0	0	0	0	0	0	0	0	0	0	0	0	0	0	0	0	0	0	0	
262184	Occipital_Mid_R	0	454	0	0	0	0	0	0	0	0	0	0	0	0	0	0	0	0	0	204	0	0	0	0	0	0	0	0	0	0	0	0	0	0	0	0	0	0	0	0	0	0	290	21902	520	14236	132	6192	0	27790	0	0	0	8458	0	4914	0	2392	0	1844	0	2714	0	318	0	10538	2140	11070	0	1164	0	0	0	0	0	0	0	0	0	0	0	1166	0	0	0	9322	0	0	0	3332	0	0	0	0	0	0	0	0	0	0	0	0	0	0	0	0	0	0	0	0	0	0	0	0	0	0	
119724	Occipital_Inf_L	496	0	0	0	0	0	0	0	0	0	0	0	0	0	0	0	1804	0	0	0	0	0	0	0	0	0	0	0	1438	0	0	0	0	0	186	0	112	0	0	0	0	0	6222	0	420	0	5728	0	1044	0	11844	0	0	0	10818	0	862	0	102	0	326	0	502	0	438	0	2252	0	812	0	0	0	0	0	0	0	0	0	502	0	942	0	0	0	3030	0	0	0	9550	0	0	0	0	0	0	0	262	0	170	0	0	0	0	0	0	0	0	0	0	0	0	0	0	0	0	0	
78160	Occipital_Inf_R	0	100	0	0	0	0	0	0	0	0	0	0	0	0	0	0	0	0	0	98	0	0	0	0	0	0	0	0	0	0	0	0	0	0	0	126	0	0	0	0	0	0	122	6230	0	1118	0	4328	0	3136	0	8458	0	0	0	7490	0	274	0	0	0	384	0	0	0	690	0	678	0	328	0	0	0	0	0	0	0	0	0	0	0	0	0	0	0	1216	0	0	0	4094	0	114	0	0	0	0	0	0	0	96	0	0	0	0	0	0	0	0	0	0	0	0	0	0	0	0	
438596	Fusiform_L	2026	356	348	114	0	0	726	0	0	0	266	0	0	0	0	0	2122	0	294	0	0	0	0	0	0	0	0	0	6446	0	0	0	140	0	1434	210	14596	502	15920	160	2402	0	5434	0	218	0	22496	1272	1000	0	5854	0	10818	0	0	154	1332	0	0	0	132	0	0	0	0	0	3466	200	898	0	0	0	2092	0	0	0	1026	814	3540	0	4170	0	5012	0	3236	0	1812	0	18214	0	23214	504	2362	280	0	0	13958	618	29046	1374	1120	0	1462	204	0	0	0	0	0	0	1556	1844	504	0	0	0	
492120	Fusiform_R	110	2150	144	3628	0	0	0	2614	0	0	0	678	0	0	0	170	0	1000	1116	2976	0	0	0	224	0	0	0	0	0	5476	0	0	0	1706	0	2952	0	35834	0	30500	0	5548	314	12102	196	2668	846	19916	0	5352	0	4914	0	7490	154	0	0	1090	0	0	0	98	0	154	0	0	350	5618	0	1644	324	308	474	11402	348	984	0	538	0	662	0	1902	0	5116	0	3112	0	2488	0	16256	1094	10670	128	324	0	610	976	8474	1450	14330	0	88	0	310	0	0	0	0	0	0	2360	1466	134	0	0	0	
346020	Postcentral_L	31986	488	742	416	0	0	7156	0	0	0	8906	0	752	0	0	0	10882	0	252	492	0	0	0	0	0	0	0	0	10038	0	0	0	630	0	528	402	3304	308	678	0	0	0	3154	0	878	0	1292	0	2932	0	9384	0	862	0	1332	0	0	0	8550	0	23944	0	11714	0	1194	0	4176	0	5310	0	380	0	1416	0	104	0	1136	240	3980	0	4678	0	0	0	4742	0	0	0	3652	0	0	0	0	0	0	0	0	0	0	0	0	0	0	0	0	0	0	0	0	0	0	0	0	0	0	0	
233084	Postcentral_R	244	19958	252	1080	0	0	0	1824	0	0	0	2770	0	0	0	0	0	3440	300	2456	0	0	0	0	0	0	0	0	0	1414	0	0	0	1404	0	1572	0	688	0	320	0	0	0	8106	0	900	0	1658	0	1042	0	2392	0	274	0	1090	0	0	0	6252	0	12028	0	11982	0	572	760	13640	0	13418	0	94	274	226	260	200	0	0	0	622	0	758	0	0	0	1060	0	0	0	1020	0	0	0	0	0	0	0	0	0	0	0	0	0	0	0	0	0	0	0	0	192	0	0	0	0	0	
189316	Parietal_Sup_L	944	0	0	0	0	0	172	0	0	0	346	0	0	0	0	0	3358	0	0	0	0	0	0	0	0	0	0	0	4468	0	0	0	836	0	0	0	0	0	0	0	0	0	1180	0	2684	0	704	0	12818	0	19360	0	102	0	0	0	8550	0	0	0	13054	0	556	0	7730	0	15600	0	610	0	0	0	0	0	0	0	0	0	0	0	692	0	0	0	640	0	0	0	254	0	0	0	0	0	0	0	0	0	0	0	0	0	0	0	0	0	0	0	0	0	0	0	0	0	0	0	
64292	Parietal_Sup_R	0	0	0	0	0	0	0	0	0	0	0	0	0	0	0	0	0	0	0	110	0	0	0	0	0	0	0	0	0	194	0	0	0	0	0	0	0	0	0	0	0	0	0	568	0	994	0	0	0	2938	0	1844	0	0	0	0	0	6252	0	0	0	4632	0	1250	0	3474	354	7214	0	1588	0	0	0	0	0	0	0	0	0	110	0	90	0	0	0	394	0	0	0	140	0	0	0	0	0	0	0	0	0	0	0	0	0	0	0	0	0	0	0	0	0	0	0	0	0	0	
242228	Parietal_Inf_L	6164	0	292	0	0	0	984	0	0	0	2910	0	0	0	0	0	3270	0	132	0	0	0	0	0	0	0	0	0	4440	0	0	0	138	0	0	0	100	0	0	0	0	0	1008	0	216	0	460	0	4028	0	12316	0	326	0	132	0	23944	0	13054	0	0	0	17096	0	16538	0	3638	0	244	0	148	0	92	0	0	0	0	0	94	0	1464	0	0	0	4766	0	0	0	3120	0	0	0	0	0	0	0	0	0	0	0	0	0	0	0	0	0	0	0	0	0	0	0	0	0	0	0	
120204	Parietal_Inf_R	0	2842	0	110	0	0	0	966	0	0	0	704	0	0	0	0	0	370	0	142	0	0	0	0	0	0	0	0	0	390	0	0	0	0	0	0	0	0	0	0	0	0	0	110	0	0	0	0	0	348	0	2714	0	384	0	98	0	12028	0	4632	0	0	0	11774	0	9702	0	274	0	196	0	0	0	120	0	0	0	0	0	236	0	1004	0	0	0	7804	0	0	0	3154	0	0	0	0	0	0	0	0	0	0	0	0	0	0	0	0	0	0	0	0	0	0	0	0	0	0	
159448	SupraMarginal_L	2522	0	156	0	0	0	1732	0	0	0	478	0	0	0	0	0	2634	0	0	0	0	0	0	0	0	0	0	0	312	0	0	0	0	0	0	0	0	0	0	0	0	0	0	0	0	0	0	0	796	0	1138	0	502	0	0	0	11714	0	556	0	17096	0	0	0	8638	0	696	0	98	0	110	0	0	0	0	0	98	0	196	0	9252	0	0	0	13130	0	0	0	7870	0	0	0	0	0	0	0	0	0	0	0	0	0	0	0	0	0	0	0	0	0	0	0	0	0	0	0	
93300	SupraMarginal_R	0	3746	0	108	0	0	0	1192	0	0	0	850	0	0	0	0	0	1492	0	204	0	0	0	0	0	0	0	0	0	162	0	0	0	0	0	0	0	0	0	0	0	0	0	0	0	0	0	0	0	0	0	318	0	0	0	154	0	11982	0	1250	0	11774	0	0	0	4662	0	0	0	308	0	0	0	150	0	90	0	0	0	94	0	5082	0	0	0	1752	0	0	0	1280	0	0	0	0	0	0	0	0	0	0	0	0	0	0	0	0	0	0	0	0	0	0	0	0	0	0	
163304	Angular_L	282	0	0	0	0	0	102	0	0	0	160	0	0	0	0	0	326	0	0	0	0	0	0	0	0	0	0	0	494	0	0	0	0	0	0	0	0	0	0	0	0	0	92	0	0	0	0	0	3578	0	16030	0	438	0	0	0	1194	0	7730	0	16538	0	8638	0	0	0	5604	0	130	0	0	0	0	0	0	0	0	0	0	0	2700	0	0	0	12352	0	0	0	5264	0	0	0	0	0	0	0	0	0	0	0	0	0	0	0	0	0	0	0	0	0	0	0	0	0	0	0	
95544	Angular_R	0	0	0	0	0	0	0	0	0	0	0	0	0	0	0	0	0	158	0	0	0	0	0	0	0	0	0	0	0	0	0	0	0	0	0	0	0	0	0	0	0	0	0	330	0	0	0	0	0	2590	0	10538	0	690	0	0	0	572	0	3474	0	9702	0	4662	0	0	0	758	0	248	0	0	0	0	0	0	0	0	0	0	0	2878	0	0	0	8162	0	0	0	3010	0	0	0	0	0	0	0	0	0	0	0	0	0	0	0	0	0	0	0	0	0	0	0	0	0	0	
320552	Precuneus_L	478	0	0	0	0	0	150	0	0	0	170	0	0	0	0	0	796	0	0	122	0	0	0	0	0	0	0	0	1386	0	0	0	6224	698	6750	824	3074	200	2948	0	0	0	14972	3166	13360	4202	7190	548	17554	3418	18276	2140	2252	0	3466	350	4176	760	15600	354	3638	0	696	0	5604	0	0	6580	3422	1198	0	0	0	0	0	0	244	0	90	0	678	0	0	0	1226	0	0	0	1296	0	0	0	0	0	0	0	0	0	0	0	0	0	0	0	0	0	0	0	0	0	0	0	0	0	0	0	
338312	Precuneus_R	90	1844	0	614	0	0	0	278	0	0	0	0	0	0	0	0	0	0	548	2218	0	0	0	0	0	0	0	0	0	116	0	0	2110	6848	924	11522	512	5892	494	3724	0	0	0	23864	214	14312	90	12778	0	14890	0	11070	0	678	200	5618	0	13640	0	7214	0	274	0	0	0	758	6580	0	496	11236	0	0	0	352	0	0	184	1326	0	148	0	0	0	0	0	610	0	0	0	2148	0	0	0	0	0	0	0	690	0	0	0	0	0	0	0	0	0	0	0	0	2052	0	0	0	0	0	
209408	Paracentral_Lobule_L	17398	3174	7526	1618	0	0	0	0	0	0	0	0	0	0	0	0	96	0	11682	12618	0	0	0	0	0	0	0	0	616	0	0	0	2918	7252	3972	2804	626	0	532	0	0	0	1022	124	520	0	476	164	764	0	2624	0	812	0	898	0	5310	0	610	0	244	0	98	0	130	0	3422	496	0	6284	618	92	2430	0	2342	0	134	0	0	0	0	0	0	0	1238	0	0	0	1020	0	0	0	0	0	0	0	0	0	0	0	0	0	0	0	0	0	0	0	0	0	0	0	0	0	0	0	
210068	Paracentral_Lobule_R	1870	7574	498	114	0	0	0	0	0	0	0	0	0	0	0	0	0	382	1070	17972	0	0	0	0	0	0	0	0	0	628	0	0	1334	13482	1026	7706	0	918	0	464	0	0	0	5400	0	176	0	1198	0	336	0	1164	0	328	0	1644	0	13418	0	1588	0	196	0	308	0	248	1198	11236	6284	0	0	0	0	0	0	0	0	0	0	494	0	1404	0	0	0	1344	0	0	0	1750	0	0	0	0	0	0	0	0	0	0	0	0	0	0	0	0	0	0	0	0	282	0	0	0	0	0	
361256	Caudate_L	3132	658	14652	5806	3224	656	1510	424	484	0	2354	1468	146	920	1890	272	1050	450	15154	9432	8962	7944	1010	442	1732	388	3300	680	5522	3828	13142	5220	0	5850	0	0	538	1068	144	500	0	0	0	0	0	0	0	0	0	0	0	0	0	0	0	324	380	0	0	0	148	0	110	0	0	0	0	0	618	0	0	11396	25440	6506	3964	444	6590	280	0	0	0	0	362	114	0	0	0	0	0	0	0	0	0	0	0	0	0	0	0	0	0	0	0	0	0	0	0	0	0	0	0	0	0	0	0	0	
443396	Caudate_R	1740	7220	1146	29772	898	6030	434	4586	214	320	0	2996	0	3608	522	5022	0	432	2064	22866	5410	11288	0	4704	118	3146	1882	5414	100	9314	2882	9770	0	778	0	106	108	1160	0	492	0	210	0	0	0	0	0	0	0	0	0	0	0	0	0	308	0	94	0	0	0	0	0	0	0	0	0	0	92	0	11396	0	5154	33786	1660	6902	578	14346	0	0	0	182	0	316	0	132	0	0	0	0	0	0	0	0	0	0	0	0	0	0	0	0	0	0	0	0	0	0	0	0	0	0	0	0	0	0	
446664	Putamen_L	9774	1036	27694	2532	5994	110	8400	400	2200	0	1272	502	318	436	6188	0	1314	166	19684	4216	3898	4104	2466	106	1724	0	1146	110	20158	1546	11072	2670	0	2624	0	0	10040	724	3708	348	1206	0	0	0	0	0	0	0	0	0	0	0	0	0	2092	474	1416	274	0	0	92	0	0	0	0	0	0	0	2430	0	25440	5154	0	3460	14896	200	4740	110	104	0	458	0	1118	0	0	0	0	0	582	174	0	0	0	0	0	0	122	0	110	0	0	0	0	0	0	0	0	0	0	0	0	0	0	0	0	0	
545604	Putamen_R	448	2154	1098	35418	712	6696	0	10542	192	870	0	3584	0	870	402	5190	0	2934	4160	21246	3138	5388	0	4948	0	2882	1496	4522	0	25806	1878	7636	0	4412	186	542	340	24308	304	13828	0	1558	0	0	0	0	0	112	0	0	0	0	0	0	0	11402	0	226	0	0	0	120	0	150	0	0	0	352	0	0	6506	33786	3460	0	360	7702	94	1268	0	282	0	2150	0	2044	0	1604	0	0	0	112	0	0	0	0	0	0	0	776	0	608	0	0	0	0	0	0	0	0	0	0	0	0	0	0	0	0	
116256	Pallidum_L	6444	1068	6946	748	0	0	2468	242	0	0	0	0	0	0	0	0	0	0	6004	572	670	1258	0	0	0	0	0	0	0	336	0	0	0	0	0	0	1134	180	0	108	118	0	0	0	0	0	0	0	0	0	0	0	0	0	0	348	104	260	0	0	0	0	0	0	0	0	0	0	2342	0	3964	1660	14896	360	0	92	5494	138	0	0	0	0	0	0	0	0	0	0	0	174	0	0	0	0	0	0	0	0	0	0	0	0	0	0	0	0	0	0	0	0	0	0	0	0	0	0	
72456	Pallidum_R	0	608	0	5566	0	288	0	1726	0	0	0	586	0	0	0	196	0	318	130	1794	0	678	0	736	0	232	0	238	0	1240	0	898	0	0	0	0	0	1826	0	1412	0	0	0	0	0	0	0	0	0	0	0	0	0	0	0	984	0	200	0	0	0	0	0	90	0	0	0	0	0	0	444	6902	200	7702	92	0	0	1142	0	0	0	0	0	0	0	0	0	0	0	0	0	0	0	0	0	0	0	0	0	0	0	0	0	0	0	0	0	0	0	0	0	0	0	0	0	0	
145472	Thalamus_L	9064	4968	1212	120	0	0	7838	0	0	0	0	0	0	0	0	0	96	0	448	0	0	0	0	0	0	0	0	0	1294	0	0	0	0	0	1872	3124	6336	2926	2354	122	132	0	0	0	0	0	868	0	0	0	0	0	0	0	1026	0	1136	0	0	0	0	0	98	0	0	0	244	184	134	0	6590	578	4740	94	5494	0	0	9392	252	0	0	0	0	0	0	0	0	0	0	0	0	0	0	0	0	0	0	0	0	0	0	0	0	0	0	0	0	0	0	0	0	0	0	0	0	0	
184320	Thalamus_R	3416	18864	398	7714	0	0	1260	1156	0	0	0	142	0	0	0	0	0	0	98	4140	0	466	0	0	0	0	0	0	212	168	0	0	0	0	2726	4554	4548	7540	1780	1804	0	0	0	0	0	0	206	610	0	0	0	0	0	0	814	538	240	0	0	0	0	0	0	0	0	0	0	1326	0	0	280	14346	110	1268	138	1142	9392	0	290	0	0	0	0	0	0	0	0	0	0	0	0	0	0	0	0	0	130	122	0	0	0	0	0	0	0	0	0	0	0	0	222	0	0	0	0	0	
93812	Heschl_L	4186	270	438	0	0	0	1578	0	0	0	1596	0	0	0	0	0	5210	0	212	0	0	0	0	0	0	0	0	0	8322	0	0	0	0	0	618	580	3250	404	418	0	0	0	0	0	0	0	0	0	0	0	0	0	502	0	3540	0	3980	0	0	0	94	0	196	0	0	0	90	0	0	0	0	0	104	0	0	0	252	290	0	0	5348	0	0	0	1876	0	0	0	3552	0	0	0	0	0	0	0	0	0	0	0	0	0	0	0	0	0	0	0	0	0	0	0	0	0	0	0	
47140	Heschl_R	0	396	0	736	0	0	0	288	0	0	0	214	0	0	0	0	0	5004	0	406	0	0	0	0	0	0	0	0	0	4732	0	0	0	0	0	0	0	856	0	344	0	0	0	216	0	0	0	0	0	0	0	0	0	0	0	662	0	622	0	110	0	236	0	94	0	0	0	148	0	494	0	0	0	282	0	0	0	0	0	0	0	6054	0	0	0	924	0	0	0	752	0	0	0	0	0	0	0	0	0	0	0	0	0	0	0	0	0	0	0	0	0	0	0	0	0	0	
229284	Temporal_Sup_L	3066	0	584	0	0	0	1892	0	0	0	1850	0	272	0	1072	0	12110	0	210	0	0	0	0	0	0	0	0	0	7804	0	148	0	0	0	180	158	1676	144	734	0	144	0	0	0	0	0	0	0	914	0	1354	0	942	0	4170	0	4678	0	692	0	1464	0	9252	0	2700	0	678	0	0	0	0	0	458	0	0	0	0	0	5348	0	0	0	4658	0	27538	0	0	0	17392	0	92	0	0	0	0	0	102	0	166	0	0	0	0	0	0	0	0	0	0	0	0	0	0	0	0	0	
158608	Temporal_Sup_R	0	510	0	602	0	148	0	144	0	0	0	192	0	0	0	2530	0	5154	0	1216	0	176	0	0	0	0	0	162	0	10518	0	0	0	158	0	0	0	1584	0	574	0	998	0	244	0	0	0	0	0	0	0	1166	0	0	0	1902	0	758	0	90	0	1004	0	5082	0	2878	0	0	0	1404	0	182	0	2150	0	0	0	0	0	6054	0	0	0	5794	0	18984	0	868	0	6078	0	0	0	0	0	0	0	0	0	0	0	0	0	0	0	0	0	0	0	0	0	0	0	0	0	0	
136080	Temporal_Pole_Sup_L	0	0	1766	0	2396	0	888	0	5056	0	1652	0	2676	0	8768	0	1388	0	150	0	594	0	156	0	0	0	162	0	6158	0	248	0	0	0	0	0	1274	0	1904	0	796	0	0	0	0	0	0	0	0	0	0	0	0	0	5012	0	0	0	0	0	0	0	0	0	0	0	0	0	0	0	362	0	1118	0	0	0	0	0	0	0	4658	0	0	0	8936	0	4852	0	7070	0	0	0	0	0	0	0	0	0	0	0	0	0	0	0	0	0	0	0	0	0	0	0	0	0	0	0	
93848	Temporal_Pole_Sup_R	0	0	0	272	0	370	0	0	0	0	0	178	0	0	0	4854	0	618	0	254	0	596	0	0	0	0	0	428	0	5982	0	0	0	0	0	0	0	1212	0	2652	0	2830	0	0	0	0	0	0	0	0	0	0	0	0	0	5116	0	0	0	0	0	0	0	0	0	0	0	0	0	0	114	316	0	2044	0	0	0	0	0	0	0	5794	0	0	0	4518	0	4836	0	3940	0	0	0	0	0	0	0	0	0	0	0	0	0	0	0	0	0	0	0	0	0	0	0	0	0	0	
298864	Temporal_Mid_L	816	0	182	0	0	0	254	0	0	0	270	0	0	0	276	0	2808	0	0	0	0	0	0	0	0	0	0	0	3610	0	0	0	164	0	0	0	706	0	238	0	0	0	840	0	294	0	290	0	2246	0	9204	0	3030	0	3236	0	4742	0	640	0	4766	0	13130	0	12352	0	1226	0	1238	0	0	0	0	0	0	0	0	0	1876	0	27538	0	8936	0	0	0	3138	0	41386	0	0	0	0	0	0	0	0	0	0	0	0	0	0	0	0	0	0	0	0	0	0	0	0	0	0	0	
207200	Temporal_Mid_R	0	598	0	0	0	148	0	0	0	0	0	0	0	0	0	584	0	302	0	724	0	176	0	0	0	0	0	162	0	5058	0	0	0	0	0	0	0	2060	0	1298	0	1032	0	1618	0	524	0	560	0	1360	0	9322	0	1216	0	3112	0	1060	0	394	0	7804	0	1752	0	8162	0	610	0	1344	0	132	0	1604	0	0	0	0	0	924	0	18984	0	4518	0	0	0	4270	0	22188	0	0	0	0	0	0	0	0	0	0	0	0	0	0	0	0	0	0	0	0	0	0	0	0	0	0	
28060	Temporal_Pole_Mid_L	0	0	0	0	0	0	0	0	0	0	0	0	0	0	0	0	0	0	0	0	0	0	0	0	0	0	0	0	0	0	0	0	0	0	0	0	390	0	1022	0	374	0	0	0	0	0	0	0	0	0	0	0	0	0	1812	0	0	0	0	0	0	0	0	0	0	0	0	0	0	0	0	0	0	0	0	0	0	0	0	0	0	0	4852	0	3138	0	0	0	2442	0	0	0	0	0	0	0	0	0	0	0	0	0	0	0	0	0	0	0	0	0	0	0	0	0	0	0	
39988	Temporal_Pole_Mid_R	0	0	0	0	0	0	0	0	0	0	0	0	0	0	0	514	0	0	0	0	0	0	0	0	0	0	0	0	0	326	0	0	0	0	0	0	0	694	0	1960	0	532	0	0	0	0	0	0	0	0	0	0	0	0	0	2488	0	0	0	0	0	0	0	0	0	0	0	0	0	0	0	0	0	0	0	0	0	0	0	0	0	868	0	4836	0	4270	0	0	0	3506	0	0	0	0	0	0	0	0	0	0	0	0	0	0	0	0	0	0	0	0	0	0	0	0	0	0	
307492	Temporal_Inf_L	1676	0	158	0	0	0	444	0	0	0	160	0	0	0	0	0	3468	0	124	0	0	0	0	0	0	0	0	0	5662	0	0	0	0	0	236	106	4498	94	1620	0	488	0	1898	0	316	0	328	0	274	0	2678	0	9550	0	18214	0	3652	0	254	0	3120	0	7870	0	5264	0	1296	0	1020	0	0	0	582	0	0	0	0	0	3552	0	17392	0	7070	0	41386	0	2442	0	0	0	4222	0	552	0	0	0	336	0	1744	0	0	0	0	0	0	0	0	0	0	0	0	0	0	0	0	0	
188636	Temporal_Inf_R	0	904	0	0	0	0	0	0	0	0	0	0	0	0	0	346	0	580	0	1016	0	0	0	0	0	0	0	0	0	2692	0	0	0	108	0	760	0	3312	0	1948	0	104	0	3872	0	90	0	1570	0	182	0	3332	0	4094	0	16256	0	1020	0	140	0	3154	0	1280	0	3010	0	2148	0	1750	0	0	174	112	174	0	0	0	0	752	0	6078	0	3940	0	22188	0	3506	0	0	0	2670	0	198	0	0	0	0	0	494	0	134	0	230	0	0	0	0	0	0	0	0	0	0	0	0	
667396	Cerebelum_Crus1_L	0	0	0	0	0	0	0	0	0	0	0	0	0	0	0	0	0	0	0	0	0	0	0	0	0	0	0	0	124	0	0	0	0	0	0	0	554	0	1814	0	0	0	0	0	0	0	11690	3880	0	0	0	0	0	0	23214	1094	0	0	0	0	0	0	0	0	0	0	0	0	0	0	0	0	0	0	0	0	0	0	0	0	92	0	0	0	0	0	0	0	4222	0	0	9118	53848	8368	1222	424	26190	2198	58870	11426	29286	772	30958	4980	5656	1442	1000	302	522	976	7510	13002	14598	1730	1436	1180	
449152	Cerebelum_Crus1_R	0	0	0	0	0	0	0	0	0	0	0	0	0	0	0	0	0	0	0	0	0	0	0	0	0	0	0	0	0	0	0	0	0	0	0	0	0	0	0	186	0	0	0	0	0	0	2654	3808	0	0	0	0	0	114	504	10670	0	0	0	0	0	0	0	0	0	0	0	0	0	0	0	0	0	0	0	0	0	0	0	0	0	0	0	0	0	0	0	0	0	2670	9118	0	3756	30462	0	4194	4260	19274	8634	52748	1086	7146	1574	17334	124	2528	0	1120	184	1416	10136	11144	12820	2168	2624	120	
454080	Cerebelum_Crus2_L	0	0	0	0	0	0	0	0	0	0	0	0	0	0	0	0	0	0	0	0	0	0	0	0	0	0	0	0	0	0	0	0	0	0	0	0	188	0	534	0	0	0	0	0	0	0	408	522	0	0	0	0	0	0	2362	128	0	0	0	0	0	0	0	0	0	0	0	0	0	0	0	0	0	0	0	0	0	0	0	0	0	0	0	0	0	0	0	0	552	0	53848	3756	0	15494	238	160	4034	234	7868	2914	47186	5878	39890	5684	5614	1414	1232	238	254	418	1926	3590	15142	3602	1032	700	
360716	Cerebelum_Crus2_R	0	0	0	0	0	0	0	0	0	0	0	0	0	0	0	0	0	0	0	0	0	0	0	0	0	0	0	0	0	0	0	0	0	0	0	0	0	0	0	0	0	0	0	0	0	0	452	306	0	0	0	0	0	0	280	324	0	0	0	0	0	0	0	0	0	0	0	0	0	0	0	0	0	0	0	0	0	0	0	0	0	0	0	0	0	0	0	0	0	198	8368	30462	15494	0	0	1038	750	1598	3110	8024	7372	23204	6246	35532	300	4206	0	1672	112	688	536	3768	20090	4110	2118	0	
33376	Cerebelum_3_L	0	0	0	0	0	0	0	0	0	0	0	0	0	0	0	0	0	0	0	0	0	0	0	0	0	0	0	0	0	0	0	0	0	0	0	0	260	0	996	0	0	0	0	0	0	0	200	0	0	0	0	0	0	0	0	0	0	0	0	0	0	0	0	0	0	0	0	0	0	0	0	0	0	0	0	0	0	0	0	0	0	0	0	0	0	0	0	0	0	0	1222	0	238	0	0	0	5602	0	1364	92	92	0	866	0	1522	92	0	0	874	1980	768	0	200	162	158	0	
67148	Cerebelum_3_R	0	0	0	0	0	0	0	0	0	0	0	0	0	0	0	0	0	0	0	0	0	0	0	0	0	0	0	0	0	0	0	0	0	0	0	0	0	142	0	628	0	0	0	0	0	0	0	0	0	0	0	0	0	0	0	610	0	0	0	0	0	0	0	0	0	0	0	0	0	0	0	0	0	0	0	0	0	0	0	0	0	0	0	0	0	0	0	0	0	0	424	4194	160	1038	0	0	398	6164	350	8628	156	382	266	716	0	1056	0	126	394	2068	1472	678	1690	714	1120	0	
332664	Cerebelum_4_5_L	0	0	0	138	0	0	0	92	0	0	0	0	0	0	0	0	0	0	0	0	0	0	0	0	0	0	0	0	124	0	0	0	0	0	0	0	1172	0	2782	0	102	0	90	0	0	0	14156	1826	0	0	94	0	262	0	13958	976	0	0	0	0	0	0	0	0	0	0	0	0	0	0	0	0	122	0	0	0	0	130	0	0	102	0	0	0	0	0	0	0	336	0	26190	4260	4034	750	5602	398	0	4910	37280	6740	3532	0	7546	686	4190	378	484	104	748	1610	13914	3238	1688	230	480	878	
230864	Cerebelum_4_5_R	0	0	0	248	0	0	0	260	0	0	0	0	0	0	0	0	0	0	96	180	0	0	0	0	0	0	0	0	0	92	0	0	0	108	0	0	0	1652	0	3084	0	0	0	0	0	0	1384	3986	0	0	0	0	0	0	618	8474	0	0	0	0	0	0	0	0	0	0	0	690	0	0	0	0	0	776	0	0	0	122	0	0	0	0	0	0	0	0	0	0	0	0	2198	19274	234	1598	0	6164	4910	0	2800	32804	314	334	440	1800	0	1048	0	430	0	854	13504	1072	2120	686	1078	0	
508500	Cerebelum_6_L	0	0	0	0	0	0	0	0	0	0	0	0	0	0	0	0	0	0	0	0	0	0	0	0	0	0	0	0	156	0	0	0	0	0	0	0	782	0	2430	0	98	0	0	0	0	0	19810	7134	0	0	0	0	170	0	29046	1450	0	0	0	0	0	0	0	0	0	0	0	0	0	0	0	0	110	0	0	0	0	0	0	0	166	0	0	0	0	0	0	0	1744	0	58870	8634	7868	3110	1364	350	37280	2800	0	14692	5858	0	7490	1188	1978	624	990	236	520	916	10670	17618	5926	288	684	1200	
467972	Cerebelum_6_R	0	0	0	152	0	0	0	254	0	0	0	0	0	0	0	0	0	0	0	92	0	0	0	0	0	0	0	0	0	0	0	0	0	0	0	0	0	1030	0	1584	0	0	0	0	0	0	4722	9546	0	0	0	0	0	96	1374	14330	0	0	0	0	0	0	0	0	0	0	0	0	0	0	0	0	0	608	0	0	0	0	0	0	0	0	0	0	0	0	0	0	0	494	11426	52748	2914	8024	92	8628	6740	32804	14692	0	1234	1180	1654	5096	0	2248	0	1498	230	1532	15926	17180	10054	1540	2150	114	
365448	Cerebelum_7b_L	0	0	0	0	0	0	0	0	0	0	0	0	0	0	0	0	0	0	0	0	0	0	0	0	0	0	0	0	0	0	0	0	0	0	0	0	0	0	232	0	0	0	0	0	0	0	194	110	0	0	0	0	0	0	1120	0	0	0	0	0	0	0	0	0	0	0	0	0	0	0	0	0	0	0	0	0	0	0	0	0	0	0	0	0	0	0	0	0	0	0	29286	1086	47186	7372	92	156	3532	314	5858	1234	0	3910	47532	5940	6412	1316	1792	308	180	270	2336	926	8076	4994	560	400	
155588	Cerebelum_7b_R	0	0	0	0	0	0	0	0	0	0	0	0	0	0	0	0	0	0	0	0	0	0	0	0	0	0	0	0	0	0	0	0	0	0	0	0	0	0	0	0	0	0	0	0	0	0	0	0	0	0	0	0	0	0	0	88	0	0	0	0	0	0	0	0	0	0	0	0	0	0	0	0	0	0	0	0	0	0	0	0	0	0	0	0	0	0	0	0	0	134	772	7146	5878	23204	0	382	0	334	0	1180	3910	0	2438	24780	0	1008	0	180	0	0	192	0	3922	2126	120	0	
417304	Cerebelum_8_L	0	0	0	0	0	0	0	0	0	0	0	0	0	0	0	0	0	0	0	0	0	0	0	0	0	0	0	0	0	0	0	0	0	0	0	0	174	0	680	0	0	0	0	0	0	0	392	148	0	0	0	0	0	0	1462	0	0	0	0	0	0	0	0	0	0	0	0	0	0	0	0	0	0	0	0	0	0	0	0	0	0	0	0	0	0	0	0	0	0	0	30958	1574	39890	6246	866	266	7546	440	7490	1654	47532	2438	0	8220	19496	2612	4174	618	224	370	3066	1060	9314	6760	2438	544	
300492	Cerebelum_8_R	0	0	0	0	0	0	0	0	0	0	0	0	0	0	0	0	0	0	0	0	0	0	0	0	0	0	0	0	0	0	0	0	0	0	0	0	0	0	0	0	0	0	0	0	0	0	0	0	0	0	0	0	0	0	204	310	0	0	0	0	0	0	0	0	0	0	0	0	0	0	0	0	0	0	0	0	0	0	0	0	0	0	0	0	0	0	0	0	0	230	4980	17334	5684	35532	0	716	686	1800	1188	5096	5940	24780	8220	0	728	14444	0	2786	0	98	296	748	10568	5820	2058	0	
116576	Cerebelum_9_L	0	0	0	0	0	0	0	0	0	0	0	0	0	0	0	0	0	0	0	0	0	0	0	0	0	0	0	0	0	0	0	0	0	0	0	0	282	0	980	0	0	0	0	0	0	0	0	0	0	0	0	0	0	0	0	0	0	0	0	0	0	0	0	0	0	0	0	0	0	0	0	0	0	0	0	0	0	0	0	0	0	0	0	0	0	0	0	0	0	0	5656	124	5614	300	1522	0	4190	0	1978	0	6412	0	19496	728	0	1434	4746	336	0	0	252	154	1116	912	1752	304	
132144	Cerebelum_9_R	0	0	0	0	0	0	0	0	0	0	0	0	0	0	0	0	0	0	0	0	0	0	0	0	0	0	0	0	0	0	0	0	0	0	0	0	0	0	0	0	0	0	0	0	0	0	0	0	0	0	0	0	0	0	0	0	0	0	0	0	0	0	0	0	0	0	0	0	0	0	0	0	0	0	0	0	0	0	0	0	0	0	0	0	0	0	0	0	0	0	1442	2528	1414	4206	92	1056	378	1048	624	2248	1316	1008	2612	14444	1434	0	0	4632	426	1462	872	1940	5310	6530	7608	1442	
29068	Cerebelum_10_L	0	0	0	0	0	0	0	0	0	0	0	0	0	0	0	0	0	0	0	0	0	0	0	0	0	0	0	0	0	0	0	0	0	0	0	0	0	0	0	0	0	0	0	0	0	0	0	0	0	0	0	0	0	0	0	0	0	0	0	0	0	0	0	0	0	0	0	0	0	0	0	0	0	0	0	0	0	0	0	0	0	0	0	0	0	0	0	0	0	0	1000	0	1232	0	0	0	484	0	990	0	1792	0	4174	0	4746	0	0	0	0	0	0	0	116	0	0	0	
41824	Cerebelum_10_R	0	0	0	0	0	0	0	0	0	0	0	0	0	0	0	0	0	0	0	0	0	0	0	0	0	0	0	0	0	0	0	0	0	0	0	0	0	0	0	0	0	0	0	0	0	0	0	0	0	0	0	0	0	0	0	0	0	0	0	0	0	0	0	0	0	0	0	0	0	0	0	0	0	0	0	0	0	0	0	0	0	0	0	0	0	0	0	0	0	0	302	1120	238	1672	0	126	104	430	236	1498	308	180	618	2786	336	4632	0	0	0	0	0	268	1986	1998	2074	0	
25612	Vermis_1_2	0	0	0	0	0	0	0	0	0	0	0	0	0	0	0	0	0	0	0	0	0	0	0	0	0	0	0	0	0	0	0	0	0	0	0	0	0	0	230	0	0	0	0	0	0	0	0	0	0	0	0	0	0	0	0	0	0	0	0	0	0	0	0	0	0	0	0	0	0	0	0	0	0	0	0	0	0	0	0	0	0	0	0	0	0	0	0	0	0	0	522	184	254	112	874	394	748	0	520	230	180	0	224	0	0	426	0	0	0	5366	1226	380	334	236	366	0	
57236	Vermis_3	0	0	0	0	0	0	0	0	0	0	0	0	0	0	0	0	0	0	0	0	0	0	0	0	0	0	0	0	0	0	0	0	0	0	0	0	124	88	296	0	0	0	0	0	0	0	164	110	0	0	0	0	0	0	0	0	0	0	0	0	0	0	0	0	0	0	0	0	0	0	0	0	0	0	0	0	0	0	0	0	0	0	0	0	0	0	0	0	0	0	976	1416	418	688	1980	2068	1610	854	916	1532	270	0	370	98	0	1462	0	0	5366	0	2468	1246	1664	842	1452	140	
228476	Vermis_4_5	0	106	0	0	0	0	0	0	0	0	0	0	0	0	0	0	0	0	0	144	0	0	0	0	0	0	0	0	0	0	0	0	0	384	100	1192	0	756	156	358	0	0	0	98	0	0	3636	3758	0	0	0	0	0	0	1556	2360	0	192	0	0	0	0	0	0	0	0	0	2052	0	282	0	0	0	0	0	0	0	222	0	0	0	0	0	0	0	0	0	0	0	0	7510	10136	1926	536	768	1472	13914	13504	10670	15926	2336	192	3066	296	252	872	0	0	1226	2468	0	4920	1860	296	1018	1722	
