data	data	438860	183048	694548	656208	123636	91636	370192	186956	49680	50368	221376	103236	234884	165704	119724	95992	168868	73492	528188	569128	51356	76276	253392	315992	22576	70416	22300	64304	487432	314704	226440	458588	163280	499936	95840	114356	236832	239696	43300	145260	20252	45012	139448	305536	148812	272372	208724	303016	150184	377312	498728	246420	108392	74888	270156	353576	251216	142724	135040	152052	221124	130608	130608	82640	164444	126152	212176	272868	243244	114244	224704	460992	324808	354848	32336	31176	94144	140712	112904	22684	206892	83028	62020	41420	292308	158020	28728	20076	223100	139924	371860	356980	342084	290592	13204	28088	170316	170696	350280	400600	259208	162312	280916	337616	88800	131664	17116	6612	12516	18932	134636	197276	221860	91088	64208	17724	
data	data	Precentral_L	Precentral_R	Frontal_Sup_L	Frontal_Sup_R	Frontal_Sup_Orb_L	Frontal_Sup_Orb_R	Frontal_Mid_L	Frontal_Mid_R	Frontal_Mid_Orb_L	Frontal_Mid_Orb_R	Frontal_Inf_Oper_L	Frontal_Inf_Oper_R	Frontal_Inf_Tri_L	Frontal_Inf_Tri_R	Frontal_Inf_Orb_L	Frontal_Inf_Orb_R	Rolandic_Oper_L	Rolandic_Oper_R	Supp_Motor_Area_L	Supp_Motor_Area_R	Olfactory_L	Olfactory_R	Frontal_Sup_Medial_L	Frontal_Sup_Medial_R	Frontal_Med_Orb_L	Frontal_Med_Orb_R	Rectus_L	Rectus_R	Insula_L	Insula_R	Cingulum_Ant_L	Cingulum_Ant_R	Cingulum_Mid_L	Cingulum_Mid_R	Cingulum_Post_L	Cingulum_Post_R	Hippocampus_L	Hippocampus_R	ParaHippocampal_L	ParaHippocampal_R	Amygdala_L	Amygdala_R	Calcarine_L	Calcarine_R	Cuneus_L	Cuneus_R	Lingual_L	Lingual_R	Occipital_Sup_L	Occipital_Sup_R	Occipital_Mid_L	Occipital_Mid_R	Occipital_Inf_L	Occipital_Inf_R	Fusiform_L	Fusiform_R	Postcentral_L	Postcentral_R	Parietal_Sup_L	Parietal_Sup_R	Parietal_Inf_L	Parietal_Inf_R	SupraMarginal_L	SupraMarginal_R	Angular_L	Angular_R	Precuneus_L	Precuneus_R	Paracentral_Lobule_L	Paracentral_Lobule_R	Caudate_L	Caudate_R	Putamen_L	Putamen_R	Pallidum_L	Pallidum_R	Thalamus_L	Thalamus_R	Heschl_L	Heschl_R	Temporal_Sup_L	Temporal_Sup_R	Temporal_Pole_Sup_L	Temporal_Pole_Sup_R	Temporal_Mid_L	Temporal_Mid_R	Temporal_Pole_Mid_L	Temporal_Pole_Mid_R	Temporal_Inf_L	Temporal_Inf_R	Cerebelum_Crus1_L	Cerebelum_Crus1_R	Cerebelum_Crus2_L	Cerebelum_Crus2_R	Cerebelum_3_L	Cerebelum_3_R	Cerebelum_4_5_L	Cerebelum_4_5_R	Cerebelum_6_L	Cerebelum_6_R	Cerebelum_7b_L	Cerebelum_7b_R	Cerebelum_8_L	Cerebelum_8_R	Cerebelum_9_L	Cerebelum_9_R	Cerebelum_10_L	Cerebelum_10_R	Vermis_1_2	Vermis_3	Vermis_4_5	Vermis_6	Vermis_7	Vermis_8	Vermis_9	Vermis_10	
438860	Precentral_L	0	646	12064	324	0	0	16720	0	0	0	9980	0	728	0	0	0	9622	0	8748	8972	0	0	0	0	0	0	0	0	12354	62	0	316	2210	8496	2120	1008	9028	214	738	0	0	0	180	102	244	200	0	0	0	396	2112	148	0	0	1014	76	27450	294	444	198	5250	220	2820	0	456	0	348	502	36950	1274	6424	2650	3468	940	0	186	9512	412	5410	0	3992	0	0	0	988	0	0	0	350	70	0	0	0	0	0	0	0	0	0	0	0	0	0	0	0	0	0	0	0	0	0	0	0	0	0	0	
183048	Precentral_R	646	0	1492	6222	0	0	602	3016	0	0	0	5464	0	326	0	0	0	986	924	5402	0	0	0	0	0	0	0	0	0	4908	0	0	342	6456	0	268	0	6792	0	1528	0	0	0	588	0	184	0	198	0	272	0	206	0	106	0	2348	0	15626	0	1240	0	2418	0	3896	0	318	0	1208	804	8172	816	0	86	2304	0	0	94	1286	0	246	0	910	0	0	0	786	0	0	0	2038	0	0	0	0	0	0	0	0	0	0	0	0	0	0	0	0	0	0	0	0	0	0	0	0	0	0	
694548	Frontal_Sup_L	12064	1492	0	6850	9344	0	47572	2104	1066	0	8484	1182	11854	62	3716	0	1930	0	58848	12446	690	0	34096	2654	1070	92	190	0	29894	392	12972	4822	5880	4588	234	0	9034	192	84	0	0	0	0	0	0	0	0	0	0	0	60	0	0	0	434	0	252	0	0	0	0	0	638	0	0	0	0	0	5452	0	5908	7898	24790	3246	1916	1212	7430	734	208	0	490	0	196	0	68	0	0	0	444	0	0	0	0	0	0	0	0	0	0	0	0	0	0	0	0	0	0	0	0	0	0	0	0	0	0	0	
656208	Frontal_Sup_R	324	6222	6850	0	94	4198	1188	27398	0	772	522	4674	422	7842	66	2688	310	4828	7600	36888	0	196	4364	34478	0	3572	0	1436	1398	14274	2814	42386	978	18412	0	0	160	9694	0	2248	0	0	0	0	0	0	0	0	0	0	0	0	0	0	0	1440	0	506	0	0	0	0	0	668	0	0	0	0	0	0	1856	30154	180	27008	0	2500	378	13168	0	252	64	634	0	0	0	0	0	0	0	0	0	0	0	0	0	0	0	0	0	0	0	0	0	0	0	0	0	0	0	0	0	0	0	0	0	0	
123636	Frontal_Sup_Orb_L	0	0	9344	94	0	0	1570	0	8766	0	156	0	1040	0	8596	0	0	0	1348	0	2082	0	4138	0	2790	0	3662	0	8646	0	1242	120	0	0	0	0	98	0	0	0	78	0	0	0	0	0	0	0	0	0	0	0	0	0	0	0	0	0	0	0	0	0	0	0	0	0	0	0	0	0	594	176	7156	0	0	0	0	0	0	0	0	0	122	0	0	0	0	0	0	0	0	0	0	0	0	0	0	0	0	0	0	0	0	0	0	0	0	0	0	0	0	0	0	0	0	0	
91636	Frontal_Sup_Orb_R	0	0	0	4198	0	0	0	2214	0	5950	0	0	0	0	0	4388	0	0	0	0	0	1376	0	4468	0	6944	0	7708	0	792	118	1856	0	0	0	0	0	0	0	0	0	0	0	0	0	0	0	0	0	0	0	0	0	0	0	0	0	0	0	0	0	0	0	0	0	0	0	0	0	0	0	2930	0	2876	0	0	0	0	0	0	0	0	0	0	0	0	0	0	0	0	0	0	0	0	0	0	0	0	0	0	0	0	0	0	0	0	0	0	0	0	0	0	0	0	0	0	
370192	Frontal_Mid_L	16720	602	47572	1188	1570	0	0	312	1384	0	13662	588	26410	146	5928	68	248	0	10248	104	508	0	11556	702	116	0	108	0	13512	398	5760	1586	1168	72	0	0	2736	0	142	0	0	0	0	0	0	0	0	0	0	0	156	0	0	0	134	0	324	0	96	0	76	0	134	0	0	0	0	0	198	0	5686	4750	5340	1632	0	178	382	0	682	0	120	0	0	0	0	0	0	0	94	0	0	0	0	0	0	0	0	0	0	0	0	0	0	0	0	0	0	0	0	0	0	0	0	0	0	0	
186956	Frontal_Mid_R	0	3016	2104	27398	0	2214	312	0	0	3506	0	5688	0	15596	0	5336	0	238	1668	1142	0	0	362	4134	0	0	0	0	0	5752	118	3356	0	2716	0	0	0	1356	0	320	0	0	0	0	0	0	0	0	0	0	0	0	0	0	0	196	0	0	0	0	0	0	0	0	0	0	0	0	0	0	652	1356	0	4358	0	0	0	386	0	84	0	114	0	0	0	0	0	0	0	0	0	0	0	0	0	0	0	0	0	0	0	0	0	0	0	0	0	0	0	0	0	0	0	0	0	0	
49680	Frontal_Mid_Orb_L	0	0	1066	0	8766	0	1384	0	0	0	0	0	740	0	9504	0	0	0	0	0	0	0	0	0	60	0	1628	0	954	0	0	0	0	0	0	0	0	0	0	0	0	0	0	0	0	0	0	0	0	0	0	0	0	0	0	0	0	0	0	0	0	0	0	0	0	0	0	0	0	0	0	0	738	0	0	0	0	0	0	0	0	0	0	0	0	0	0	0	0	0	0	0	0	0	0	0	0	0	0	0	0	0	0	0	0	0	0	0	0	0	0	0	0	0	0	0	
50368	Frontal_Mid_Orb_R	0	0	0	772	0	5950	0	3506	0	0	0	0	0	628	0	9818	0	0	0	0	0	102	0	0	0	0	0	392	0	576	0	176	0	0	0	0	0	0	0	0	0	0	0	0	0	0	0	0	0	0	0	0	0	0	0	0	0	0	0	0	0	0	0	0	0	0	0	0	0	0	0	550	0	2714	0	0	0	0	0	0	0	0	0	0	0	0	0	0	0	0	0	0	0	0	0	0	0	0	0	0	0	0	0	0	0	0	0	0	0	0	0	0	0	0	0	0	
221376	Frontal_Inf_Oper_L	9980	0	8484	522	156	0	13662	0	0	0	0	0	23810	0	222	0	7406	0	4986	116	0	0	996	116	0	0	0	0	15106	0	1382	444	426	0	0	0	338	0	0	0	0	0	0	0	0	0	0	0	0	0	0	0	0	0	0	0	3654	0	0	0	0	0	0	0	0	0	0	0	0	0	5176	6400	1582	0	0	0	60	0	916	0	2516	0	2232	0	0	0	0	0	0	0	0	0	0	0	0	0	0	0	0	0	0	0	0	0	0	0	0	0	0	0	0	0	0	0	0	0	
103236	Frontal_Inf_Oper_R	0	5464	1182	4674	0	0	588	5688	0	0	0	0	0	6624	0	590	0	2614	570	1358	0	0	0	944	0	0	0	0	0	10074	0	2402	0	406	0	0	0	1880	0	374	0	0	0	0	0	0	0	0	0	0	0	0	0	0	0	212	0	1022	0	0	0	0	0	144	0	0	0	0	0	0	770	246	0	2954	0	0	158	516	0	0	0	164	0	0	0	0	0	0	0	0	0	0	0	0	0	0	0	0	0	0	0	0	0	0	0	0	0	0	0	0	0	0	0	0	0	0	
234884	Frontal_Inf_Tri_L	728	0	11854	422	1040	0	26410	0	740	0	23810	0	0	0	10950	0	224	0	4960	60	234	0	2688	234	0	0	0	0	16922	0	3626	616	452	0	0	0	64	0	0	0	0	0	0	0	0	0	0	0	0	0	0	0	0	0	0	0	84	0	0	0	0	0	0	0	0	0	0	0	0	0	3354	4452	2810	0	0	0	104	0	0	0	104	0	500	0	0	0	0	0	0	0	0	0	0	0	0	0	0	0	0	0	0	0	0	0	0	0	0	0	0	0	0	0	0	0	0	0	
165704	Frontal_Inf_Tri_R	0	326	62	7842	0	0	146	15596	0	628	0	6624	0	0	0	4688	0	0	1348	3482	0	0	376	5594	0	0	0	0	0	23216	1174	5852	0	3768	0	0	0	100	0	0	0	0	0	0	0	0	0	0	0	0	0	0	0	0	0	0	0	0	0	0	0	0	0	0	0	0	0	0	0	0	0	1504	0	420	0	0	0	106	0	0	0	0	0	0	0	0	0	0	0	0	0	0	0	0	0	0	0	0	0	0	0	0	0	0	0	0	0	0	0	0	0	0	0	0	0	0	
119724	Frontal_Inf_Orb_L	0	0	3716	66	8596	0	5928	0	9504	0	222	0	10950	0	0	0	0	0	822	0	1204	0	528	0	0	0	826	0	10534	0	382	80	0	0	0	0	66	0	0	0	0	0	0	0	0	0	0	0	0	0	0	0	0	0	0	0	0	0	0	0	0	0	0	0	0	0	0	0	0	0	1122	90	4474	0	0	0	0	0	0	0	0	0	752	0	0	0	0	0	0	0	0	0	0	0	0	0	0	0	0	0	0	0	0	0	0	0	0	0	0	0	0	0	0	0	0	0	
95992	Frontal_Inf_Orb_R	0	0	0	2688	0	4388	68	5336	0	9818	0	590	0	4688	0	0	0	0	0	0	0	2816	0	60	0	0	0	1912	0	8728	0	366	0	84	0	0	0	0	0	0	0	210	0	0	0	0	0	0	0	0	0	0	0	0	0	0	0	0	0	0	0	0	0	0	0	0	0	0	0	0	0	1400	0	4782	0	0	0	0	0	0	0	0	0	62	0	0	0	0	0	0	0	0	0	0	0	0	0	0	0	0	0	0	0	0	0	0	0	0	0	0	0	0	0	0	0	0	
168868	Rolandic_Oper_L	9622	0	1930	310	0	0	248	0	0	0	7406	0	224	0	0	0	0	0	1956	0	0	0	0	174	0	0	0	0	12188	0	80	268	426	0	70	0	776	0	0	0	0	0	182	0	364	0	0	0	0	0	2352	0	0	0	170	0	11982	0	530	0	1450	0	3692	0	1760	0	162	0	438	0	1026	1614	354	298	0	128	0	0	6054	0	11238	0	764	0	2686	0	0	0	1512	0	0	0	0	0	0	0	0	0	0	0	0	0	0	0	0	0	0	0	0	0	0	0	0	0	0	0	
73492	Rolandic_Oper_R	0	986	0	4828	0	0	0	238	0	0	0	2614	0	0	0	0	0	0	0	1138	0	0	0	0	0	0	0	0	0	10648	0	82	0	196	0	0	0	1104	0	666	0	0	0	0	0	0	0	0	0	0	0	0	0	0	0	400	0	2016	0	0	0	96	0	2240	0	0	0	0	0	0	0	0	0	3244	0	0	0	0	0	2436	0	3314	0	108	0	132	0	0	0	260	0	0	0	0	0	0	0	0	0	0	0	0	0	0	0	0	0	0	0	0	0	0	0	0	0	0	
528188	Supp_Motor_Area_L	8748	924	58848	7600	1348	0	10248	1668	0	0	4986	570	4960	1348	822	0	1956	0	0	31978	70	0	5748	4530	86	0	104	0	13854	1558	3400	5888	16914	20268	702	68	4894	182	0	0	0	0	0	0	0	0	0	0	0	0	0	0	0	0	314	0	264	0	0	0	0	0	252	0	0	0	152	0	10342	112	4728	5878	16500	2630	2938	1540	1774	1358	176	0	380	0	204	0	0	0	0	0	282	0	0	0	0	0	0	0	0	0	0	0	0	0	0	0	0	0	0	0	0	0	0	0	0	0	0	0	
569128	Supp_Motor_Area_R	8972	5402	12446	36888	0	0	104	1142	0	0	116	1358	60	3482	0	0	0	1138	31978	0	0	0	808	6348	0	0	0	0	1792	5488	1478	12142	9148	57936	0	992	510	1722	0	512	0	0	0	392	0	134	0	342	0	472	0	166	0	0	0	794	0	1580	0	1070	0	1986	0	1018	0	312	0	1044	11210	9294	650	19784	156	2956	130	1376	246	23512	0	276	0	1206	0	0	0	980	0	0	0	1516	0	0	0	0	0	0	0	0	0	0	0	0	0	0	0	0	0	0	0	0	0	0	0	0	0	0	
51356	Olfactory_L	0	0	690	0	2082	0	508	0	0	0	0	0	234	0	1204	0	0	0	70	0	0	3874	0	0	90	78	400	494	2836	0	1794	1064	0	0	0	0	178	0	0	0	166	0	0	0	0	0	0	0	0	0	0	0	0	0	0	0	0	0	0	0	0	0	0	0	0	0	0	0	0	0	4424	3218	1686	446	0	0	0	62	0	0	0	0	80	0	0	0	0	0	0	0	0	0	0	0	0	0	0	0	0	0	0	0	0	0	0	0	0	0	0	0	0	0	0	0	0	0	
76276	Olfactory_R	0	0	0	196	0	1376	0	0	0	102	0	0	0	0	0	2816	0	0	0	0	3874	0	0	188	0	452	0	2726	0	3300	2390	2000	0	0	0	0	0	184	0	112	0	418	0	0	0	0	0	0	0	0	0	0	0	0	0	0	0	0	0	0	0	0	0	0	0	0	0	0	0	0	6034	6264	3462	2174	0	0	0	70	0	0	0	0	0	0	0	0	0	0	0	0	0	0	0	0	0	0	0	0	0	0	0	0	0	0	0	0	0	0	0	0	0	0	0	0	0	0	
253392	Frontal_Sup_Medial_L	0	0	34096	4364	4138	0	11556	362	0	0	996	0	2688	376	528	0	0	0	5748	808	0	0	0	14748	1878	378	194	0	3904	372	16410	8938	1544	5816	144	0	0	0	0	0	0	0	0	0	0	0	0	0	0	0	0	0	0	0	0	0	0	0	0	0	0	0	0	0	0	0	0	0	0	0	462	1014	5162	72	0	0	0	0	0	0	0	0	0	0	0	0	0	0	0	0	0	0	0	0	0	0	0	0	0	0	0	0	0	0	0	0	0	0	0	0	0	0	0	0	0	0	
315992	Frontal_Sup_Medial_R	0	0	2654	34478	0	4468	702	4134	0	0	116	944	234	5594	0	60	174	0	4530	6348	0	188	14748	0	108	5960	0	1718	620	6186	3288	28614	278	14242	0	0	0	0	0	0	0	0	0	0	0	0	0	0	0	0	0	0	0	0	0	0	0	0	0	0	0	0	0	0	0	0	0	0	0	0	420	11368	112	5710	0	0	0	0	0	0	0	0	0	0	0	0	0	0	0	0	0	0	0	0	0	0	0	0	0	0	0	0	0	0	0	0	0	0	0	0	0	0	0	0	0	0	
22576	Frontal_Med_Orb_L	0	0	1070	0	2790	0	116	0	60	0	0	0	0	0	0	0	0	0	86	0	90	0	1878	108	0	822	846	108	0	0	1786	200	0	0	0	0	0	0	0	0	0	0	0	0	0	0	0	0	0	0	0	0	0	0	0	0	0	0	0	0	0	0	0	0	0	0	0	0	0	0	598	78	652	0	0	0	0	0	0	0	0	0	0	0	0	0	0	0	0	0	0	0	0	0	0	0	0	0	0	0	0	0	0	0	0	0	0	0	0	0	0	0	0	0	0	0	
70416	Frontal_Med_Orb_R	0	0	92	3572	0	6944	0	0	0	0	0	0	0	0	0	0	0	0	0	0	78	452	378	5960	822	0	0	6826	0	0	766	3430	0	0	0	0	0	0	0	0	0	0	0	0	0	0	0	0	0	0	0	0	0	0	0	0	0	0	0	0	0	0	0	0	0	0	0	0	0	0	76	3160	0	2652	0	0	0	0	0	0	0	0	0	0	0	0	0	0	0	0	0	0	0	0	0	0	0	0	0	0	0	0	0	0	0	0	0	0	0	0	0	0	0	0	0	0	
22300	Rectus_L	0	0	190	0	3662	0	108	0	1628	0	0	0	0	0	826	0	0	0	104	0	400	0	194	0	846	0	0	0	280	0	1238	0	0	0	0	0	0	0	0	0	0	0	0	0	0	0	0	0	0	0	0	0	0	0	0	0	0	0	0	0	0	0	0	0	0	0	0	0	0	0	756	0	918	0	0	0	0	0	0	0	0	0	0	0	0	0	0	0	0	0	0	0	0	0	0	0	0	0	0	0	0	0	0	0	0	0	0	0	0	0	0	0	0	0	0	0	
64304	Rectus_R	0	0	0	1436	0	7708	0	0	0	392	0	0	0	0	0	1912	0	0	0	0	494	2726	0	1718	108	6826	0	0	0	1240	606	2208	0	0	0	0	0	0	0	0	0	0	0	0	0	0	0	0	0	0	0	0	0	0	0	0	0	0	0	0	0	0	0	0	0	0	0	0	0	0	494	2222	242	1820	0	0	0	0	0	0	0	0	0	0	0	0	0	0	0	0	0	0	0	0	0	0	0	0	0	0	0	0	0	0	0	0	0	0	0	0	0	0	0	0	0	0	
487432	Insula_L	12354	0	29894	1398	8646	0	13512	0	954	0	15106	0	16922	0	10534	0	12188	0	13854	1792	2836	0	3904	620	0	0	280	0	0	0	5430	1356	928	1098	76	0	20318	0	468	0	1994	0	86	0	252	0	0	0	0	0	2408	0	0	0	3548	0	3612	0	752	0	308	0	280	0	178	0	100	0	698	0	5416	4522	23238	390	144	76	422	196	8130	0	4330	0	3212	0	1702	0	0	0	3254	0	0	0	0	0	0	0	0	0	0	0	0	0	0	0	0	0	0	0	0	0	0	0	0	0	0	0	
314704	Insula_R	62	4908	392	14274	0	792	398	5752	0	576	0	10074	0	23216	0	8728	0	10648	1558	5488	0	3300	372	6186	0	0	0	1240	0	0	1224	9160	0	4638	0	0	0	6294	0	3262	0	390	0	0	0	0	0	0	0	64	0	0	0	0	0	4456	0	184	0	0	0	152	0	444	0	0	0	0	0	0	368	2398	0	16836	0	0	0	120	0	1958	0	3066	0	396	0	840	0	0	0	3138	0	0	0	0	0	0	0	0	0	0	0	0	0	0	0	0	0	0	0	0	0	0	0	0	0	0	
226440	Cingulum_Ant_L	0	0	12972	2814	1242	118	5760	118	0	0	1382	0	3626	1174	382	0	80	0	3400	1478	1794	2390	16410	3288	1786	766	1238	606	5430	1224	0	13220	4246	2296	552	0	348	0	0	0	0	0	0	0	0	0	0	0	0	0	0	0	0	0	166	0	0	0	0	0	0	0	0	0	0	0	0	0	0	0	6054	4648	9846	2252	0	0	0	0	0	0	0	0	114	0	0	0	0	0	0	0	0	0	0	0	0	0	0	0	0	0	0	0	0	0	0	0	0	0	0	0	0	0	0	0	0	0	
458588	Cingulum_Ant_R	316	0	4822	42386	120	1856	1586	3356	0	176	444	2402	616	5852	80	366	268	82	5888	12142	1064	2000	8938	28614	200	3430	0	2208	1356	9160	13220	0	1616	23276	0	0	72	210	0	148	0	0	0	0	0	0	0	0	0	0	0	0	0	0	0	0	0	0	0	0	0	0	0	0	0	0	0	0	0	0	4302	29734	1418	15016	0	0	0	554	0	0	0	0	0	0	0	0	0	0	0	0	0	0	0	0	0	0	0	0	0	0	0	0	0	0	0	0	0	0	0	0	0	0	0	0	0	0	
163280	Cingulum_Mid_L	2210	342	5880	978	0	0	1168	0	0	0	426	0	452	0	0	0	426	0	16914	9148	0	0	1544	278	0	0	0	0	928	0	4246	1616	0	9428	4828	102	922	0	66	0	0	0	0	92	112	214	0	0	196	236	1022	0	0	0	98	0	302	0	98	0	212	0	196	0	134	0	2540	362	5352	290	298	1824	2434	0	1996	0	168	1172	70	0	118	0	0	0	202	0	0	0	0	0	0	0	0	0	0	0	0	0	0	0	0	0	0	0	0	0	0	0	0	0	0	0	0	0	0	0	
499936	Cingulum_Mid_R	8496	6456	4588	18412	0	0	72	2716	0	0	0	406	0	3768	0	84	0	196	20268	57936	0	0	5816	14242	0	0	0	0	1098	4638	2296	23276	9428	0	94	3334	316	1036	0	238	0	0	0	1558	0	3556	0	1404	0	3868	0	1664	0	174	0	826	0	2720	0	1848	0	2904	0	426	0	532	868	7962	10686	10600	666	2204	146	1074	118	0	0	842	0	260	0	974	0	0	0	1082	0	0	0	1720	0	0	0	0	0	0	0	0	0	0	0	0	0	0	0	0	0	0	0	0	76	0	0	0	0	0	
95840	Cingulum_Post_L	2120	0	234	0	0	0	0	0	0	0	0	0	0	0	0	0	70	0	702	0	0	0	144	0	0	0	0	0	76	0	552	0	4828	94	0	3448	5250	1084	2376	0	0	0	4066	0	1780	0	1012	162	1434	0	2126	0	70	0	1066	0	196	0	0	0	254	0	70	0	1398	0	6648	270	3336	0	0	0	252	0	0	0	1712	164	174	0	150	0	0	0	602	0	0	0	0	0	0	0	0	0	0	0	0	0	0	0	0	0	0	0	0	0	0	0	0	0	0	0	0	0	0	0	
114356	Cingulum_Post_R	1008	268	0	0	0	0	0	0	0	0	0	0	0	0	0	0	0	0	68	992	0	0	0	0	0	0	0	0	0	0	0	0	102	3334	3448	0	1976	3604	186	878	0	0	0	1896	0	1284	0	6402	0	4466	0	1112	0	0	0	2684	0	786	0	888	0	898	0	0	0	102	208	11810	990	1518	0	0	230	0	0	0	2184	700	0	0	0	80	0	0	0	1298	0	0	0	1152	0	0	0	0	0	0	0	0	0	0	0	0	0	0	0	0	0	0	0	0	626	0	0	0	0	0	
236832	Hippocampus_L	9028	0	9034	160	98	0	2736	0	0	0	338	0	64	0	66	0	776	0	4894	510	178	0	0	0	0	0	0	0	20318	0	348	72	922	316	5250	1976	0	762	6976	0	4778	0	2510	0	92	0	1174	96	0	0	148	0	0	0	8180	0	768	0	0	0	0	0	0	0	0	0	3348	0	3576	0	934	1106	11436	572	1108	78	2848	156	2276	0	1384	0	952	0	250	0	0	0	5730	0	0	0	0	0	0	0	0	0	94	0	0	0	0	0	0	0	0	0	0	0	0	0	0	0	0	0	
239696	Hippocampus_R	214	6792	192	9694	0	0	0	1356	0	0	0	1880	0	100	0	0	0	1104	182	1722	0	184	0	0	0	0	0	0	0	6294	0	210	0	1036	1084	3604	762	0	102	23380	0	8300	0	386	0	0	0	1930	0	0	0	0	0	0	0	18040	0	86	0	0	0	0	0	0	0	0	0	2562	208	0	82	0	132	17552	0	518	962	3202	0	104	0	160	0	1670	0	460	0	216	0	3132	0	0	0	0	0	0	0	0	0	0	0	0	0	0	0	0	0	0	0	0	254	0	0	0	0	0	
43300	ParaHippocampal_L	738	0	84	0	0	0	142	0	0	0	0	0	0	0	0	0	0	0	0	0	0	0	0	0	0	0	0	0	468	0	0	0	66	0	2376	186	6976	102	0	0	498	0	1886	0	0	0	1552	118	0	0	0	0	60	0	1970	0	0	0	0	0	0	0	0	0	0	0	2386	0	338	0	66	102	922	0	0	0	160	0	0	0	0	0	126	0	0	0	82	0	106	0	0	0	0	0	0	0	0	0	0	0	0	0	0	0	0	0	0	0	0	140	0	0	0	0	0	0	
145260	ParaHippocampal_R	0	1528	0	2248	0	0	0	320	0	0	0	374	0	0	0	0	0	666	0	512	0	112	0	0	0	0	0	0	0	3262	0	148	0	238	0	878	0	23380	0	0	0	5904	0	626	0	0	0	1614	0	0	0	0	0	0	0	16074	0	0	0	0	0	0	0	0	0	0	0	1048	0	0	0	0	0	7812	0	164	0	640	0	68	0	74	0	2974	0	88	0	826	0	864	0	0	0	0	0	0	0	188	0	0	0	0	0	0	0	0	0	0	0	0	0	0	0	0	0	0	
20252	Amygdala_L	0	0	0	0	78	0	0	0	0	0	0	0	0	0	0	0	0	0	0	0	166	0	0	0	0	0	0	0	1994	0	0	0	0	0	0	0	4778	0	498	0	0	0	0	0	0	0	0	0	0	0	0	0	0	0	1318	0	0	0	0	0	0	0	0	0	0	0	0	0	0	0	0	0	152	0	0	0	0	0	0	0	0	0	540	0	0	0	76	0	526	0	0	0	0	0	0	0	0	0	0	0	0	0	0	0	0	0	0	0	0	0	0	0	0	0	0	0	
45012	Amygdala_R	0	0	0	0	0	0	0	0	0	0	0	0	0	0	0	210	0	0	0	0	0	418	0	0	0	0	0	0	0	390	0	0	0	0	0	0	0	8300	0	5904	0	0	0	0	0	0	0	0	0	0	0	0	0	0	0	4506	0	0	0	0	0	0	0	0	0	0	0	0	0	0	0	0	0	392	0	0	0	0	0	0	0	0	0	2236	0	0	0	150	0	0	0	0	0	0	0	0	0	0	0	0	0	0	0	0	0	0	0	0	0	0	0	0	0	0	0	0	
139448	Calcarine_L	180	0	0	0	0	0	0	0	0	0	0	0	0	0	0	0	182	0	0	0	0	0	0	0	0	0	0	0	86	0	0	0	0	0	4066	0	2510	0	1886	0	0	0	0	3354	11472	1916	7652	1474	9048	556	10588	0	2212	0	90	158	288	0	576	122	222	0	0	0	596	0	8194	0	130	0	0	0	0	0	0	0	0	0	136	0	136	0	0	0	850	0	0	0	0	0	1044	0	0	0	0	0	0	0	0	0	0	0	0	0	0	0	0	0	0	0	0	0	0	0	0	0	
305536	Calcarine_R	102	588	0	0	0	0	0	0	0	0	0	0	0	0	0	0	0	0	0	392	0	0	0	0	0	0	0	0	0	0	0	0	92	1558	0	1896	0	386	0	626	0	0	3354	0	642	27852	1106	20176	0	28582	0	20566	0	7844	0	7206	0	1048	0	3130	0	702	0	0	0	1390	846	15778	102	1558	0	0	0	0	0	0	0	0	0	0	0	68	0	0	0	4278	0	0	0	740	0	0	0	0	0	0	0	0	0	0	0	0	0	0	0	0	0	0	0	0	160	0	0	0	0	0	
148812	Cuneus_L	244	0	0	0	0	0	0	0	0	0	0	0	0	0	0	0	364	0	0	0	0	0	0	0	0	0	0	0	252	0	0	0	112	0	1780	0	92	0	0	0	0	0	11472	642	0	2058	622	0	20170	228	14904	0	418	0	86	0	714	0	1278	68	1032	0	68	0	856	0	12982	64	158	0	0	0	0	0	0	0	0	0	566	0	330	0	0	0	2436	0	0	0	72	0	338	0	0	0	0	0	0	0	0	0	0	0	0	0	0	0	0	0	0	0	0	0	0	0	0	0	
272372	Cuneus_R	200	184	0	0	0	0	0	0	0	0	0	0	0	0	0	0	0	0	0	134	0	0	0	0	0	0	0	0	0	0	0	0	214	3556	0	1284	0	0	0	0	0	0	1916	27852	2058	0	138	6788	0	39242	0	13584	0	1378	0	1218	0	1276	0	6624	0	514	0	0	0	1146	2236	20712	200	1704	0	0	0	0	0	0	0	0	0	0	0	74	0	0	0	1522	0	0	0	432	0	0	0	0	0	0	0	0	0	0	0	0	0	0	0	0	0	0	0	0	0	0	0	0	0	0	
208724	Lingual_L	0	0	0	0	0	0	0	0	0	0	0	0	0	0	0	0	0	0	0	0	0	0	0	0	0	0	0	0	0	0	0	0	0	0	1012	0	1174	0	1552	0	0	0	7652	1106	622	138	0	4556	1236	152	21184	0	12980	0	9854	2094	0	0	0	0	0	0	0	0	0	0	2114	0	0	0	0	0	0	0	0	0	0	0	0	0	0	0	0	0	70	0	0	0	94	0	7450	456	396	0	158	0	3364	1308	9090	3250	0	0	0	534	112	140	0	0	0	222	2190	5858	1972	102	170	0	
303016	Lingual_R	0	198	0	0	0	0	0	0	0	0	0	0	0	0	0	0	0	0	0	342	0	0	0	0	0	0	0	0	0	0	0	0	0	1404	162	6402	96	1930	118	1614	0	0	1474	20176	0	6788	4556	0	0	8574	0	4930	0	4004	2166	19560	0	432	0	380	0	296	0	0	0	0	236	11892	0	1024	0	0	0	0	0	0	0	0	0	0	0	0	0	0	0	242	0	0	0	256	3864	2666	1366	120	0	0	800	6598	6904	9712	0	0	0	78	84	216	0	0	0	0	5678	10098	3482	148	240	202	
150184	Occipital_Sup_L	0	0	0	0	0	0	0	0	0	0	0	0	0	0	0	0	0	0	0	0	0	0	0	0	0	0	0	0	0	0	0	0	196	0	1434	0	0	0	0	0	0	0	9048	0	20170	0	1236	0	0	0	23024	0	396	0	0	0	0	0	4624	0	74	0	0	0	182	0	11866	0	0	0	0	0	0	0	0	0	0	0	0	0	0	0	0	0	2084	0	0	0	0	0	758	0	0	0	0	0	0	0	0	0	0	0	0	0	0	0	0	0	0	0	0	0	0	0	0	0	
377312	Occipital_Sup_R	396	272	0	0	0	0	0	0	0	0	0	0	0	0	0	0	0	0	0	472	0	0	0	0	0	0	0	0	0	64	0	0	236	3868	0	4466	0	0	0	0	0	0	556	28582	228	39242	152	8574	0	0	0	28990	0	2896	0	3730	0	2252	0	12906	0	3526	0	116	0	7016	1134	21748	396	1940	0	0	0	0	0	0	0	0	0	0	0	436	0	0	0	9212	0	0	0	5250	0	0	0	0	0	0	0	0	0	0	0	0	0	0	0	0	0	0	0	0	0	0	0	0	0	0	
498728	Occipital_Mid_L	2112	0	60	0	0	0	156	0	0	0	0	0	0	0	0	0	2352	0	0	0	0	0	0	0	0	0	0	0	2408	0	0	0	1022	0	2126	0	148	0	0	0	0	0	10588	0	14904	0	21184	0	23024	0	0	0	22486	0	7492	0	7450	0	20240	0	19422	0	274	0	20162	0	19514	0	3038	0	0	0	0	0	0	0	0	0	6030	0	3768	0	0	0	27126	0	0	0	9334	0	2944	0	0	0	0	0	0	0	0	0	0	0	0	0	0	0	0	0	0	0	0	0	0	0	0	0	
246420	Occipital_Mid_R	148	206	0	0	0	0	0	0	0	0	0	0	0	0	0	0	0	0	0	166	0	0	0	0	0	0	0	0	0	0	0	0	0	1664	0	1112	0	0	0	0	0	0	0	20566	0	13584	0	4930	0	28990	0	0	0	7258	0	2250	0	622	0	3374	0	4622	0	0	0	10646	234	9568	148	778	0	0	0	0	0	0	0	0	0	0	0	86	0	0	0	11042	0	0	0	1216	0	0	0	0	0	0	0	0	0	0	0	0	0	0	0	0	0	0	0	0	0	0	0	0	0	0	
108392	Occipital_Inf_L	0	0	0	0	0	0	0	0	0	0	0	0	0	0	0	0	0	0	0	0	0	0	0	0	0	0	0	0	0	0	0	0	0	0	70	0	0	0	60	0	0	0	2212	0	418	0	12980	0	396	0	22486	0	0	0	8146	0	0	0	0	0	0	0	0	0	0	0	380	0	0	0	0	0	0	0	0	0	0	0	178	0	180	0	0	0	1976	0	0	0	3430	0	952	0	0	0	0	0	140	0	192	0	0	0	0	0	0	0	0	0	0	0	0	0	0	0	0	0	
74888	Occipital_Inf_R	0	106	0	0	0	0	0	0	0	0	0	0	0	0	0	0	0	0	0	0	0	0	0	0	0	0	0	0	0	0	0	0	0	174	0	0	0	0	0	0	0	0	0	7844	0	1378	0	4004	0	2896	0	7258	0	0	0	5508	0	206	0	0	0	0	0	0	0	172	0	1150	0	250	0	0	0	0	0	0	0	0	0	0	0	0	0	0	0	2666	0	0	0	3832	0	0	0	0	0	0	0	0	0	0	0	0	0	0	0	0	0	0	0	0	0	0	0	0	0	0	
270156	Fusiform_L	1014	0	434	0	0	0	134	0	0	0	0	0	0	0	0	0	170	0	314	0	0	0	0	0	0	0	0	0	3548	0	166	0	98	0	1066	0	8180	0	1970	0	1318	0	90	0	86	0	9854	2166	0	0	7492	0	8146	0	0	1060	64	0	64	0	0	0	0	0	0	0	398	0	450	0	122	150	1680	112	0	0	0	0	820	0	1020	0	1896	0	2560	0	966	0	10794	0	14772	76	928	0	0	0	12520	210	28218	1642	80	0	0	238	490	0	66	0	0	0	704	4282	1936	322	130	62	
353576	Fusiform_R	76	2348	0	1440	0	0	0	196	0	0	0	212	0	0	0	0	0	400	0	794	0	0	0	0	0	0	0	0	0	4456	0	0	0	826	0	2684	0	18040	0	16074	0	4506	158	7206	0	1218	2094	19560	0	3730	0	2250	0	5508	1060	0	0	108	0	66	0	78	0	106	0	136	0	2660	76	0	0	0	0	3968	0	0	0	234	0	114	0	574	0	4174	0	2062	0	2052	0	13050	1874	9828	740	150	0	0	184	7262	3584	15982	0	0	0	352	0	132	0	0	0	0	3190	6298	2584	150	184	0	
251216	Postcentral_L	27450	0	252	0	0	0	324	0	0	0	3654	0	84	0	0	0	11982	0	264	0	0	0	0	0	0	0	0	0	3612	0	0	0	302	0	196	0	768	0	0	0	0	0	288	0	714	0	0	0	0	0	7450	0	0	0	64	0	0	0	5224	0	23382	0	14360	0	3718	0	2686	0	4362	0	302	102	242	74	0	0	230	0	4708	0	6480	0	0	0	1234	0	0	0	1100	0	0	0	0	0	0	0	0	0	0	0	0	0	0	0	0	0	0	0	0	0	0	0	0	0	0	0	
142724	Postcentral_R	294	15626	0	506	0	0	0	0	0	0	0	1022	0	0	0	0	0	2016	0	1580	0	0	0	0	0	0	0	0	0	184	0	0	0	2720	0	786	0	86	0	0	0	0	0	1048	0	1276	0	432	0	2252	0	622	0	206	0	108	0	0	0	8726	0	7010	0	10428	0	826	0	4392	294	6484	0	0	0	0	0	0	0	0	0	174	0	936	0	0	0	884	0	0	0	444	0	0	0	0	0	0	0	0	0	0	0	0	0	0	0	0	0	0	0	0	0	0	0	0	0	0	
135040	Parietal_Sup_L	444	0	0	0	0	0	96	0	0	0	0	0	0	0	0	0	530	0	0	0	0	0	0	0	0	0	0	0	752	0	0	0	98	0	0	0	0	0	0	0	0	0	576	0	1278	0	0	0	4624	0	20240	0	0	0	64	0	5224	0	0	0	15034	0	82	0	6210	0	11124	0	134	0	0	0	0	0	0	0	0	0	264	0	258	0	0	0	358	0	0	0	130	0	0	0	0	0	0	0	0	0	0	0	0	0	0	0	0	0	0	0	0	0	0	0	0	0	0	0	
152052	Parietal_Sup_R	198	1240	0	0	0	0	0	0	0	0	0	0	0	0	0	0	0	0	0	1070	0	0	0	0	0	0	0	0	0	0	0	0	0	1848	0	888	0	0	0	0	0	0	122	3130	68	6624	0	380	0	12906	0	3374	0	0	0	66	0	8726	0	0	0	15062	0	0	0	10566	0	6710	198	1984	0	0	0	0	0	0	0	0	0	0	0	0	0	0	0	662	0	0	0	204	0	0	0	0	0	0	0	0	0	0	0	0	0	0	0	0	0	0	0	0	0	0	0	0	0	0	
221124	Parietal_Inf_L	5250	0	0	0	0	0	76	0	0	0	0	0	0	0	0	0	1450	0	0	0	0	0	0	0	0	0	0	0	308	0	0	0	212	0	254	0	0	0	0	0	0	0	222	0	1032	0	0	0	74	0	19422	0	0	0	0	0	23382	0	15034	0	0	0	13692	0	20536	0	3236	0	1940	0	0	0	0	0	0	0	0	0	1036	0	1492	0	0	0	1102	0	0	0	812	0	0	0	0	0	0	0	0	0	0	0	0	0	0	0	0	0	0	0	0	0	0	0	0	0	0	0	
130608	Parietal_Inf_R	220	2418	0	0	0	0	0	0	0	0	0	0	0	0	0	0	0	96	0	1986	0	0	0	0	0	0	0	0	0	152	0	0	0	2904	0	898	0	0	0	0	0	0	0	702	0	514	0	296	0	3526	0	4622	0	0	0	78	0	7010	0	15062	0	0	0	4244	0	14864	0	1272	220	2724	0	0	0	0	0	0	0	0	0	92	0	262	0	0	0	942	0	0	0	200	0	0	0	0	0	0	0	0	0	0	0	0	0	0	0	0	0	0	0	0	0	0	0	0	0	0	
130608	SupraMarginal_L	2820	0	638	0	0	0	134	0	0	0	0	0	0	0	0	0	3692	0	252	0	0	0	0	0	0	0	0	0	280	0	0	0	196	0	70	0	0	0	0	0	0	0	0	0	68	0	0	0	0	0	274	0	0	0	0	0	14360	0	82	0	13692	0	0	0	8906	0	72	0	774	0	0	102	0	102	0	0	0	0	650	0	7280	0	0	0	6186	0	0	0	4674	0	0	0	0	0	0	0	0	0	0	0	0	0	0	0	0	0	0	0	0	0	0	0	0	0	0	0	
82640	SupraMarginal_R	0	3896	0	668	0	0	0	0	0	0	0	144	0	0	0	0	0	2240	0	1018	0	0	0	0	0	0	0	0	0	444	0	0	0	426	0	0	0	0	0	0	0	0	0	0	0	0	0	0	0	116	0	0	0	0	0	106	0	10428	0	0	0	4244	0	0	0	4986	0	0	0	262	0	0	0	0	0	0	0	0	0	194	0	6816	0	0	0	1606	0	0	0	3726	0	0	0	0	0	0	0	0	0	0	0	0	0	0	0	0	0	0	0	0	0	0	0	0	0	0	
164444	Angular_L	456	0	0	0	0	0	0	0	0	0	0	0	0	0	0	0	1760	0	0	0	0	0	0	0	0	0	0	0	178	0	0	0	134	0	1398	0	0	0	0	0	0	0	596	0	856	0	0	0	182	0	20162	0	0	0	0	0	3718	0	6210	0	20536	0	8906	0	0	0	1200	0	1594	0	0	0	0	0	0	0	0	0	1118	0	4760	0	0	0	6766	0	0	0	1692	0	0	0	0	0	0	0	0	0	0	0	0	0	0	0	0	0	0	0	0	0	0	0	0	0	0	0	
126152	Angular_R	0	318	0	0	0	0	0	0	0	0	0	0	0	0	0	0	0	0	0	312	0	0	0	0	0	0	0	0	0	0	0	0	0	532	0	102	0	0	0	0	0	0	0	1390	0	1146	0	0	0	7016	0	10646	0	172	0	136	0	826	0	10566	0	14864	0	4986	0	0	68	1198	0	340	0	0	0	0	0	0	0	0	0	0	0	2014	0	0	0	5936	0	0	0	508	0	0	0	0	0	0	0	0	0	0	0	0	0	0	0	0	0	0	0	0	0	0	0	0	0	0	
212176	Precuneus_L	348	0	0	0	0	0	0	0	0	0	0	0	0	0	0	0	162	0	152	0	0	0	0	0	0	0	0	0	100	0	0	0	2540	868	6648	208	3348	0	2386	0	0	0	8194	846	12982	2236	2114	236	11866	1134	19514	234	380	0	398	0	2686	0	11124	0	3236	0	72	0	1200	68	0	3414	2216	112	0	0	0	0	0	0	0	0	1032	0	650	0	0	0	3314	0	0	0	70	0	0	0	0	0	0	0	0	0	0	0	0	0	0	0	0	0	0	0	0	0	0	0	0	0	0	0	
272868	Precuneus_R	502	1208	0	0	0	0	0	0	0	0	0	0	0	0	0	0	0	0	0	1044	0	0	0	0	0	0	0	0	0	0	0	0	362	7962	270	11810	0	2562	0	1048	0	0	0	15778	64	20712	0	11892	0	21748	0	9568	0	1150	0	2660	0	4392	0	6710	0	1272	0	0	0	1198	3414	0	502	4778	0	0	0	0	0	0	0	162	0	0	0	0	0	0	0	1368	0	0	0	1108	0	0	0	0	0	0	0	0	0	0	0	0	0	0	0	0	0	0	0	0	1190	0	0	0	0	0	
243244	Paracentral_Lobule_L	36950	804	5452	0	0	0	198	0	0	0	0	0	0	0	0	0	438	0	10342	11210	0	0	0	0	0	0	0	0	698	0	0	0	5352	10686	3336	990	3576	208	338	0	0	0	130	102	158	200	0	0	0	396	3038	148	0	0	450	76	4362	294	134	198	1940	220	774	0	1594	0	2216	502	0	1608	1392	546	638	112	0	0	7604	530	430	0	660	0	0	0	522	0	0	0	0	70	0	0	0	0	0	0	0	0	0	0	0	0	0	0	0	0	0	0	0	0	0	0	0	0	0	0	
114244	Paracentral_Lobule_R	1274	8172	0	0	0	0	0	0	0	0	0	0	0	0	0	0	0	0	112	9294	0	0	0	0	0	0	0	0	0	0	0	0	290	10600	0	1518	0	0	0	0	0	0	0	1558	0	1704	0	1024	0	1940	0	778	0	250	0	0	0	6484	0	1984	0	2724	0	262	0	340	112	4778	1608	0	0	0	0	0	0	0	0	0	0	0	0	0	0	0	0	224	0	0	0	92	0	0	0	0	0	0	0	0	0	0	0	0	0	0	0	0	0	0	0	0	0	0	0	0	0	0	
224704	Caudate_L	6424	816	5908	1856	594	0	5686	652	0	0	5176	770	3354	0	1122	0	1026	0	4728	650	4424	6034	462	420	598	76	756	494	5416	368	6054	4302	298	666	0	0	934	82	66	0	0	0	0	0	0	0	0	0	0	0	0	0	0	0	122	0	302	0	0	0	0	0	0	0	0	0	0	0	1392	0	0	14770	13206	4842	1212	508	4544	78	76	0	250	0	752	0	0	0	0	0	86	0	0	0	0	0	0	0	0	0	0	0	0	0	0	0	0	0	0	0	0	0	0	0	0	0	0	0	
460992	Caudate_R	2650	0	7898	30154	176	2930	4750	1356	0	550	6400	246	4452	1504	90	1400	1614	0	5878	19784	3218	6264	1014	11368	78	3160	0	2222	4522	2398	4648	29734	1824	2204	0	0	1106	0	102	0	0	0	0	0	0	0	0	0	0	0	0	0	0	0	150	0	102	0	0	0	0	0	102	0	0	0	0	0	546	0	14770	0	5942	22414	240	2786	266	16766	86	0	154	0	366	0	0	0	0	0	112	0	0	0	0	0	0	0	0	0	0	0	0	0	0	0	0	0	0	0	0	0	0	0	0	0	0	0	
324808	Putamen_L	3468	86	24790	180	7156	0	5340	0	738	0	1582	0	2810	0	4474	0	354	0	16500	156	1686	3462	5162	112	652	0	918	242	23238	0	9846	1418	2434	146	252	230	11436	132	922	0	152	0	0	0	0	0	0	0	0	0	0	0	0	0	1680	0	242	0	0	0	0	0	0	0	0	0	0	0	638	0	13206	5942	0	1810	4440	114	2168	0	0	0	650	0	444	0	0	0	0	0	996	0	0	0	0	0	0	0	0	0	0	0	0	0	0	0	0	0	0	0	0	0	0	0	0	0	0	0	
354848	Putamen_R	940	2304	3246	27008	0	2876	1632	4358	0	2714	0	2954	0	420	0	4782	298	3244	2630	2956	446	2174	72	5710	0	2652	0	1820	390	16836	2252	15016	0	1074	0	0	572	17552	0	7812	0	392	0	0	0	0	0	0	0	0	0	0	0	0	112	3968	74	0	0	0	0	0	102	0	0	0	0	0	112	0	4842	22414	1810	0	224	4224	302	1630	0	102	0	138	0	0	0	0	0	0	94	144	0	0	0	0	0	0	0	0	0	0	0	0	0	0	0	0	0	0	0	0	0	0	0	0	0	0	
32336	Pallidum_L	0	0	1916	0	0	0	0	0	0	0	0	0	0	0	0	0	0	0	2938	130	0	0	0	0	0	0	0	0	144	0	0	0	1996	118	0	0	1108	0	0	0	0	0	0	0	0	0	0	0	0	0	0	0	0	0	0	0	0	0	0	0	0	0	0	0	0	0	0	0	0	0	1212	240	4440	224	0	0	1702	0	0	0	0	0	0	0	0	0	0	0	0	0	0	0	0	0	0	0	0	0	0	0	0	0	0	0	0	0	0	0	0	0	0	0	0	0	0	0	
31176	Pallidum_R	186	0	1212	2500	0	0	178	0	0	0	0	0	0	0	0	0	128	0	1540	1376	0	0	0	0	0	0	0	0	76	0	0	0	0	0	0	0	78	518	0	164	0	0	0	0	0	0	0	0	0	0	0	0	0	0	0	0	0	0	0	0	0	0	0	0	0	0	0	0	0	0	508	2786	114	4224	0	0	0	0	0	0	0	0	0	0	0	0	0	0	0	0	0	0	0	0	0	0	0	0	0	0	0	0	0	0	0	0	0	0	0	0	0	0	0	0	0	0	
94144	Thalamus_L	9512	94	7430	378	0	0	382	0	0	0	60	158	104	0	0	0	0	0	1774	246	0	0	0	0	0	0	0	0	422	0	0	0	168	0	1712	2184	2848	962	160	0	0	0	0	0	0	0	0	0	0	0	0	0	0	0	0	0	230	0	0	0	0	0	0	0	0	0	0	0	7604	0	4544	266	2168	302	1702	0	0	1600	0	0	0	0	0	0	0	0	0	0	0	0	0	0	0	0	0	0	0	0	0	0	0	0	0	0	0	0	0	0	0	62	0	0	0	0	0	0	
140712	Thalamus_R	412	1286	734	13168	0	0	0	386	0	0	0	516	0	106	0	0	0	0	1358	23512	62	70	0	0	0	0	0	0	196	120	0	554	1172	842	164	700	156	3202	0	640	0	0	0	0	0	0	0	0	0	0	0	0	0	0	0	234	0	0	0	0	0	0	0	0	0	0	0	162	530	0	78	16766	0	1630	0	0	1600	0	0	0	0	0	0	0	0	0	0	0	0	0	0	0	0	0	0	0	0	0	0	0	0	0	0	0	0	0	0	0	0	0	0	0	0	0	0	0	
112904	Heschl_L	5410	0	208	0	0	0	682	0	0	0	916	0	0	0	0	0	6054	0	176	0	0	0	0	0	0	0	0	0	8130	0	0	0	70	0	174	0	2276	0	0	0	0	0	136	0	566	0	0	0	0	0	6030	0	178	0	820	0	4708	0	264	0	1036	0	650	0	1118	0	1032	0	430	0	76	86	0	0	0	0	0	0	0	0	7622	0	0	0	5932	0	0	0	1672	0	0	0	0	0	0	0	0	0	0	0	0	0	0	0	0	0	0	0	0	0	0	0	0	0	0	0	
22684	Heschl_R	0	246	0	252	0	0	0	84	0	0	0	0	0	0	0	0	0	2436	0	276	0	0	0	0	0	0	0	0	0	1958	0	0	0	260	0	0	0	104	0	68	0	0	0	0	0	0	0	0	0	0	0	0	0	0	0	114	0	174	0	0	0	92	0	194	0	0	0	0	0	0	0	0	0	102	0	0	0	0	0	0	0	3664	0	0	0	1198	0	0	0	120	0	0	0	0	0	0	0	0	0	0	0	0	0	0	0	0	0	0	0	0	0	0	0	0	0	0	
206892	Temporal_Sup_L	3992	0	490	64	0	0	120	0	0	0	2516	0	104	0	0	0	11238	0	380	0	0	0	0	0	0	0	0	0	4330	0	0	0	118	0	150	0	1384	0	0	0	0	0	136	0	330	0	0	0	0	0	3768	0	180	0	1020	0	6480	0	258	0	1492	0	7280	0	4760	0	650	0	660	0	250	154	650	0	0	0	0	0	7622	0	0	0	2564	0	26694	0	0	0	13612	0	0	0	0	0	0	0	0	0	0	0	0	0	0	0	0	0	0	0	0	0	0	0	0	0	0	0	
83028	Temporal_Sup_R	0	910	0	634	0	0	0	114	0	0	0	164	0	0	0	0	0	3314	0	1206	0	0	0	0	0	0	0	0	0	3066	0	0	0	974	0	80	0	160	0	74	0	0	0	68	0	74	0	0	0	436	0	86	0	0	0	574	0	936	0	0	0	262	0	6816	0	2014	0	0	0	0	0	0	0	138	0	0	0	0	0	3664	0	0	0	1054	0	11206	0	0	0	3490	0	0	0	0	0	0	0	0	0	0	0	0	0	0	0	0	0	0	0	0	0	0	0	0	0	0	
62020	Temporal_Pole_Sup_L	0	0	196	0	122	0	0	0	0	0	2232	0	500	0	752	0	764	0	204	0	80	0	0	0	0	0	0	0	3212	0	114	0	0	0	0	0	952	0	126	0	540	0	0	0	0	0	0	0	0	0	0	0	0	0	1896	0	0	0	0	0	0	0	0	0	0	0	0	0	0	0	752	366	444	0	0	0	0	0	0	0	2564	0	0	0	5602	0	4940	0	4652	0	0	0	0	0	0	0	0	0	0	0	0	0	0	0	0	0	0	0	0	0	0	0	0	0	0	0	
41420	Temporal_Pole_Sup_R	0	0	0	0	0	0	0	0	0	0	0	0	0	0	0	62	0	108	0	0	0	0	0	0	0	0	0	0	0	396	0	0	0	0	0	0	0	1670	0	2974	0	2236	0	0	0	0	0	0	0	0	0	0	0	0	0	4174	0	0	0	0	0	0	0	0	0	0	0	0	0	0	0	0	0	0	0	0	0	0	0	0	0	1054	0	0	0	1464	0	4256	0	2316	0	0	0	0	0	0	0	0	0	0	0	0	0	0	0	0	0	0	0	0	0	0	0	0	0	0	
292308	Temporal_Mid_L	988	0	68	0	0	0	0	0	0	0	0	0	0	0	0	0	2686	0	0	0	0	0	0	0	0	0	0	0	1702	0	0	0	202	0	602	0	250	0	0	0	0	0	850	0	2436	0	70	0	2084	0	27126	0	1976	0	2560	0	1234	0	358	0	1102	0	6186	0	6766	0	3314	0	522	0	0	0	0	0	0	0	0	0	5932	0	26694	0	5602	0	0	0	4562	0	40282	0	0	0	0	0	0	0	0	0	0	0	0	0	0	0	0	0	0	0	0	0	0	0	0	0	0	0	
158020	Temporal_Mid_R	0	786	0	0	0	0	0	0	0	0	0	0	0	0	0	0	0	132	0	980	0	0	0	0	0	0	0	0	0	840	0	0	0	1082	0	1298	0	460	0	88	0	0	0	4278	0	1522	0	242	0	9212	0	11042	0	2666	0	2062	0	884	0	662	0	942	0	1606	0	5936	0	1368	0	224	0	0	0	0	0	0	0	0	0	1198	0	11206	0	1464	0	0	0	926	0	15904	0	0	0	0	0	0	0	0	0	0	0	0	0	0	0	0	0	0	0	0	0	0	0	0	0	0	
28728	Temporal_Pole_Mid_L	0	0	0	0	0	0	0	0	0	0	0	0	0	0	0	0	0	0	0	0	0	0	0	0	0	0	0	0	0	0	0	0	0	0	0	0	0	0	82	0	76	0	0	0	0	0	0	0	0	0	0	0	0	0	966	0	0	0	0	0	0	0	0	0	0	0	0	0	0	0	0	0	0	0	0	0	0	0	0	0	0	0	4940	0	4562	0	0	0	3738	0	0	0	0	0	0	0	0	0	0	0	0	0	0	0	0	0	0	0	0	0	0	0	0	0	0	0	
20076	Temporal_Pole_Mid_R	0	0	0	0	0	0	0	0	0	0	0	0	0	0	0	0	0	0	0	0	0	0	0	0	0	0	0	0	0	0	0	0	0	0	0	0	0	216	0	826	0	150	0	0	0	0	0	0	0	0	0	0	0	0	0	2052	0	0	0	0	0	0	0	0	0	0	0	0	0	0	0	0	0	0	0	0	0	0	0	0	0	0	0	4256	0	926	0	0	0	1612	0	0	0	0	0	0	0	0	0	0	0	0	0	0	0	0	0	0	0	0	0	0	0	0	0	0	
223100	Temporal_Inf_L	350	0	444	0	0	0	94	0	0	0	0	0	0	0	0	0	1512	0	282	0	0	0	0	0	0	0	0	0	3254	0	0	0	0	0	0	0	5730	0	106	0	526	0	0	0	72	0	94	0	0	0	9334	0	3430	0	10794	0	1100	0	130	0	812	0	4674	0	1692	0	70	0	0	0	86	112	996	94	0	0	0	0	1672	0	13612	0	4652	0	40282	0	3738	0	0	0	1118	0	170	0	0	0	0	0	164	0	126	0	228	0	0	0	0	0	0	0	0	0	0	0	0	0	
139924	Temporal_Inf_R	70	2038	0	0	0	0	0	0	0	0	0	0	0	0	0	0	0	260	0	1516	0	0	0	0	0	0	0	0	0	3138	0	0	0	1720	0	1152	0	3132	0	864	0	0	0	740	0	432	0	256	0	5250	0	1216	0	3832	0	13050	0	444	0	204	0	200	0	3726	0	508	0	1108	70	92	0	0	0	144	0	0	0	0	0	120	0	3490	0	2316	0	15904	0	1612	0	0	0	1074	0	0	0	0	0	0	0	146	0	0	0	138	0	0	0	0	0	0	0	0	0	0	0	0	
371860	Cerebelum_Crus1_L	0	0	0	0	0	0	0	0	0	0	0	0	0	0	0	0	0	0	0	0	0	0	0	0	0	0	0	0	0	0	0	0	0	0	0	0	0	0	0	0	0	0	1044	0	338	0	7450	3864	758	0	2944	0	952	0	14772	1874	0	0	0	0	0	0	0	0	0	0	0	0	0	0	0	0	0	0	0	0	0	0	0	0	0	0	0	0	0	0	0	0	1118	0	0	2924	32346	1440	104	0	12322	84	44556	5176	13182	386	18512	974	2696	74	188	0	84	118	600	5964	8026	620	440	0	
356980	Cerebelum_Crus1_R	0	0	0	0	0	0	0	0	0	0	0	0	0	0	0	0	0	0	0	0	0	0	0	0	0	0	0	0	0	0	0	0	0	0	0	0	0	0	0	0	0	0	0	0	0	0	456	2666	0	0	0	0	0	0	76	9828	0	0	0	0	0	0	0	0	0	0	0	0	0	0	0	0	0	0	0	0	0	0	0	0	0	0	0	0	0	0	0	0	0	1074	2924	0	3934	29844	0	1238	0	15988	818	52460	868	6570	948	26002	132	6060	0	0	0	94	1336	3664	8812	1148	1428	122	
342084	Cerebelum_Crus2_L	0	0	0	0	0	0	0	0	0	0	0	0	0	0	0	0	0	0	0	0	0	0	0	0	0	0	0	0	0	0	0	0	0	0	0	0	0	0	0	0	0	0	0	0	0	0	396	1366	0	0	0	0	0	0	928	740	0	0	0	0	0	0	0	0	0	0	0	0	0	0	0	0	0	0	0	0	0	0	0	0	0	0	0	0	0	0	0	0	170	0	32346	3934	0	10310	0	0	0	0	4018	4750	38832	6742	35644	7884	3980	548	0	0	0	0	0	2316	13396	2272	470	0	
290592	Cerebelum_Crus2_R	0	0	0	0	0	0	0	0	0	0	0	0	0	0	0	0	0	0	0	0	0	0	0	0	0	0	0	0	0	0	0	0	0	0	0	0	0	0	0	0	0	0	0	0	0	0	0	120	0	0	0	0	0	0	0	150	0	0	0	0	0	0	0	0	0	0	0	0	0	0	0	0	0	0	0	0	0	0	0	0	0	0	0	0	0	0	0	0	0	0	1440	29844	10310	0	0	0	0	658	100	6716	6156	26024	3558	40370	138	7696	0	0	0	0	0	206	9608	1098	1104	0	
13204	Cerebelum_3_L	0	0	0	0	0	0	0	0	0	0	0	0	0	0	0	0	0	0	0	0	0	0	0	0	0	0	0	0	0	0	0	0	0	0	0	0	0	0	0	0	0	0	0	0	0	0	158	0	0	0	0	0	0	0	0	0	0	0	0	0	0	0	0	0	0	0	0	0	0	0	0	0	0	0	0	0	0	0	0	0	0	0	0	0	0	0	0	0	0	0	104	0	0	0	0	0	4082	0	388	0	0	0	0	0	0	0	0	0	744	744	382	0	0	0	0	0	
28088	Cerebelum_3_R	0	0	0	0	0	0	0	0	0	0	0	0	0	0	0	0	0	0	0	0	0	0	0	0	0	0	0	0	0	0	0	0	0	0	0	0	0	0	0	0	0	0	0	0	0	0	0	0	0	0	0	0	0	0	0	0	0	0	0	0	0	0	0	0	0	0	0	0	0	0	0	0	0	0	0	0	0	0	0	0	0	0	0	0	0	0	0	0	0	0	0	1238	0	0	0	0	140	4704	0	4112	0	0	0	0	0	0	0	0	530	1504	1598	218	0	0	0	0	
170316	Cerebelum_4_5_L	0	0	0	0	0	0	0	0	0	0	0	0	0	0	0	0	0	0	0	0	0	0	0	0	0	0	0	0	0	0	0	0	0	0	0	0	0	0	0	0	0	0	0	0	0	0	3364	800	0	0	0	0	140	0	12520	184	0	0	0	0	0	0	0	0	0	0	0	0	0	0	0	0	0	0	0	0	0	0	0	0	0	0	0	0	0	0	0	0	0	0	12322	0	0	0	4082	140	0	1556	29958	802	278	0	248	0	4338	280	1096	0	656	854	8324	1988	100	162	350	616	
170696	Cerebelum_4_5_R	0	0	0	0	0	0	0	0	0	0	0	0	0	0	0	0	0	0	0	0	0	0	0	0	0	0	0	0	0	0	0	0	0	0	0	0	0	0	0	188	0	0	0	0	0	0	1308	6598	0	0	0	0	0	0	210	7262	0	0	0	0	0	0	0	0	0	0	0	0	0	0	0	0	0	0	0	0	0	0	0	0	0	0	0	0	0	0	0	0	0	0	84	15988	0	658	0	4704	1556	0	1792	28008	0	0	0	860	122	904	0	0	186	796	10236	2434	140	212	478	624	
350280	Cerebelum_6_L	0	0	0	0	0	0	0	0	0	0	0	0	0	0	0	0	0	0	0	0	0	0	0	0	0	0	0	0	0	0	0	0	0	0	0	0	94	0	0	0	0	0	0	0	0	0	9090	6904	0	0	0	0	192	0	28218	3584	0	0	0	0	0	0	0	0	0	0	0	0	0	0	0	0	0	0	0	0	0	0	0	0	0	0	0	0	0	0	0	0	164	0	44556	818	4018	100	388	0	29958	1792	0	5902	4582	0	3248	946	3492	276	888	0	240	356	5986	13090	4722	762	618	156	
400600	Cerebelum_6_R	0	0	0	0	0	0	0	0	0	0	0	0	0	0	0	0	0	0	0	0	0	0	0	0	0	0	0	0	0	0	0	0	0	0	0	0	0	0	0	0	0	0	0	0	0	0	3250	9712	0	0	0	0	0	0	1642	15982	0	0	0	0	0	0	0	0	0	0	0	0	0	0	0	0	0	0	0	0	0	0	0	0	0	0	0	0	0	0	0	0	0	146	5176	52460	4750	6716	0	4112	802	28008	5902	0	860	600	912	9624	254	5816	0	496	194	440	6724	13446	13792	3558	4570	356	
259208	Cerebelum_7b_L	0	0	0	0	0	0	0	0	0	0	0	0	0	0	0	0	0	0	0	0	0	0	0	0	0	0	0	0	0	0	0	0	0	0	0	0	0	0	0	0	0	0	0	0	0	0	0	0	0	0	0	0	0	0	80	0	0	0	0	0	0	0	0	0	0	0	0	0	0	0	0	0	0	0	0	0	0	0	0	0	0	0	0	0	0	0	0	0	126	0	13182	868	38832	6156	0	0	278	0	4582	860	0	5434	37604	7108	2954	966	138	0	0	0	154	110	6406	3766	0	0	
162312	Cerebelum_7b_R	0	0	0	0	0	0	0	0	0	0	0	0	0	0	0	0	0	0	0	0	0	0	0	0	0	0	0	0	0	0	0	0	0	0	0	0	0	0	0	0	0	0	0	0	0	0	0	0	0	0	0	0	0	0	0	0	0	0	0	0	0	0	0	0	0	0	0	0	0	0	0	0	0	0	0	0	0	0	0	0	0	0	0	0	0	0	0	0	0	0	386	6570	6742	26024	0	0	0	0	0	600	5434	0	2772	23898	0	2408	0	0	0	0	0	0	4434	1640	248	0	
280916	Cerebelum_8_L	0	0	0	0	0	0	0	0	0	0	0	0	0	0	0	0	0	0	0	0	0	0	0	0	0	0	0	0	0	0	0	0	0	0	0	0	0	0	0	0	0	0	0	0	0	0	0	0	0	0	0	0	0	0	0	0	0	0	0	0	0	0	0	0	0	0	0	0	0	0	0	0	0	0	0	0	0	0	0	0	0	0	0	0	0	0	0	0	228	0	18512	948	35644	3558	0	0	248	0	3248	912	37604	2772	0	6728	15124	1592	1098	0	0	0	122	132	4578	6840	570	0	
337616	Cerebelum_8_R	0	0	0	0	0	0	0	0	0	0	0	0	0	0	0	0	0	0	0	0	0	0	0	0	0	0	0	0	0	0	0	0	0	0	0	0	0	0	0	0	0	0	0	0	0	0	534	78	0	0	0	0	0	0	238	352	0	0	0	0	0	0	0	0	0	0	0	0	0	0	0	0	0	0	0	0	0	0	0	0	0	0	0	0	0	0	0	0	0	138	974	26002	7884	40370	0	0	0	860	946	9624	7108	23898	6728	0	284	22422	0	540	0	0	138	1510	8754	6416	2918	92	
88800	Cerebelum_9_L	0	0	0	0	0	0	0	0	0	0	0	0	0	0	0	0	0	0	0	0	0	0	0	0	0	0	0	0	0	0	0	0	0	0	0	0	0	0	0	0	0	0	0	0	0	0	112	84	0	0	0	0	0	0	490	0	0	0	0	0	0	0	0	0	0	0	0	0	0	0	0	0	0	0	0	0	0	0	0	0	0	0	0	0	0	0	0	0	0	0	2696	132	3980	138	0	0	4338	122	3492	254	2954	0	15124	284	0	192	3856	0	0	0	2902	1334	370	846	544	156	
131664	Cerebelum_9_R	0	0	0	0	0	0	0	0	0	0	0	0	0	0	0	0	0	0	0	0	0	0	0	0	0	0	0	0	0	0	0	0	0	0	0	0	0	0	0	0	0	0	0	0	0	0	140	216	0	0	0	0	0	0	0	132	0	0	0	0	0	0	0	0	0	0	0	0	0	0	0	0	0	0	0	0	0	0	0	0	0	0	0	0	0	0	0	0	0	0	74	6060	548	7696	0	0	280	904	276	5816	966	2408	1592	22422	192	0	0	974	0	0	1340	3136	1868	3614	3874	1304	
17116	Cerebelum_10_L	0	0	0	0	0	0	0	0	0	0	0	0	0	0	0	0	0	0	0	0	0	0	0	0	0	0	0	0	0	0	0	0	0	0	0	0	0	0	0	0	0	0	0	0	0	0	0	0	0	0	0	0	0	0	66	0	0	0	0	0	0	0	0	0	0	0	0	0	0	0	0	0	0	0	0	0	0	0	0	0	0	0	0	0	0	0	0	0	0	0	188	0	0	0	0	0	1096	0	888	0	138	0	1098	0	3856	0	0	0	0	0	718	510	0	0	0	0	
6612	Cerebelum_10_R	0	0	0	0	0	0	0	0	0	0	0	0	0	0	0	0	0	0	0	0	0	0	0	0	0	0	0	0	0	0	0	0	0	0	0	0	0	0	0	0	0	0	0	0	0	0	0	0	0	0	0	0	0	0	0	0	0	0	0	0	0	0	0	0	0	0	0	0	0	0	0	0	0	0	0	0	0	0	0	0	0	0	0	0	0	0	0	0	0	0	0	0	0	0	0	0	0	0	0	496	0	0	0	540	0	974	0	0	0	0	0	184	412	378	322	0	
12516	Vermis_1_2	0	0	0	0	0	0	0	0	0	0	0	0	0	0	0	0	0	0	0	0	0	0	0	0	0	0	0	0	0	0	0	0	0	0	0	0	0	0	0	0	0	0	0	0	0	0	0	0	0	0	0	0	0	0	0	0	0	0	0	0	0	0	0	0	0	0	0	0	0	0	0	0	0	0	0	0	0	0	0	0	0	0	0	0	0	0	0	0	0	0	84	0	0	0	744	530	656	186	240	194	0	0	0	0	0	0	0	0	0	2498	1126	0	0	0	0	0	
18932	Vermis_3	0	0	0	0	0	0	0	0	0	0	0	0	0	0	0	0	0	0	0	0	0	0	0	0	0	0	0	0	0	0	0	0	0	0	0	0	0	0	140	0	0	0	0	0	0	0	222	0	0	0	0	0	0	0	0	0	0	0	0	0	0	0	0	0	0	0	0	0	0	0	0	0	0	0	0	0	62	0	0	0	0	0	0	0	0	0	0	0	0	0	118	94	0	0	744	1504	854	796	356	440	0	0	0	0	0	0	0	0	2498	0	1542	96	0	0	0	0	
134636	Vermis_4_5	0	0	0	0	0	0	0	0	0	0	0	0	0	0	0	0	0	0	0	0	0	0	0	0	0	0	0	0	0	0	0	0	0	76	0	626	0	254	0	0	0	0	0	160	0	0	2190	5678	0	0	0	0	0	0	704	3190	0	0	0	0	0	0	0	0	0	0	0	1190	0	0	0	0	0	0	0	0	0	0	0	0	0	0	0	0	0	0	0	0	0	0	600	1336	0	0	382	1598	8324	10236	5986	6724	154	0	122	138	2902	1340	718	0	1126	1542	0	5802	234	496	1288	2202	
197276	Vermis_6	0	0	0	0	0	0	0	0	0	0	0	0	0	0	0	0	0	0	0	0	0	0	0	0	0	0	0	0	0	0	0	0	0	0	0	0	0	0	0	0	0	0	0	0	0	0	5858	10098	0	0	0	0	0	0	4282	6298	0	0	0	0	0	0	0	0	0	0	0	0	0	0	0	0	0	0	0	0	0	0	0	0	0	0	0	0	0	0	0	0	0	0	5964	3664	2316	206	0	218	1988	2434	13090	13446	110	0	132	1510	1334	3136	510	184	0	96	5802	0	8004	2244	3918	1796	
221860	Vermis_7	0	0	0	0	0	0	0	0	0	0	0	0	0	0	0	0	0	0	0	0	0	0	0	0	0	0	0	0	0	0	0	0	0	0	0	0	0	0	0	0	0	0	0	0	0	0	1972	3482	0	0	0	0	0	0	1936	2584	0	0	0	0	0	0	0	0	0	0	0	0	0	0	0	0	0	0	0	0	0	0	0	0	0	0	0	0	0	0	0	0	0	0	8026	8812	13396	9608	0	0	100	140	4722	13792	6406	4434	4578	8754	370	1868	0	412	0	0	234	8004	0	4164	3136	0	
91088	Vermis_8	0	0	0	0	0	0	0	0	0	0	0	0	0	0	0	0	0	0	0	0	0	0	0	0	0	0	0	0	0	0	0	0	0	0	0	0	0	0	0	0	0	0	0	0	0	0	102	148	0	0	0	0	0	0	322	150	0	0	0	0	0	0	0	0	0	0	0	0	0	0	0	0	0	0	0	0	0	0	0	0	0	0	0	0	0	0	0	0	0	0	620	1148	2272	1098	0	0	162	212	762	3558	3766	1640	6840	6416	846	3614	0	378	0	0	496	2244	4164	0	4258	328	
64208	Vermis_9	0	0	0	0	0	0	0	0	0	0	0	0	0	0	0	0	0	0	0	0	0	0	0	0	0	0	0	0	0	0	0	0	0	0	0	0	0	0	0	0	0	0	0	0	0	0	170	240	0	0	0	0	0	0	130	184	0	0	0	0	0	0	0	0	0	0	0	0	0	0	0	0	0	0	0	0	0	0	0	0	0	0	0	0	0	0	0	0	0	0	440	1428	470	1104	0	0	350	478	618	4570	0	248	570	2918	544	3874	0	322	0	0	1288	3918	3136	4258	0	846	
17724	Vermis_10	0	0	0	0	0	0	0	0	0	0	0	0	0	0	0	0	0	0	0	0	0	0	0	0	0	0	0	0	0	0	0	0	0	0	0	0	0	0	0	0	0	0	0	0	0	0	0	202	0	0	0	0	0	0	62	0	0	0	0	0	0	0	0	0	0	0	0	0	0	0	0	0	0	0	0	0	0	0	0	0	0	0	0	0	0	0	0	0	0	0	0	122	0	0	0	0	616	624	156	356	0	0	0	92	156	1304	0	0	0	0	2202	1796	0	328	846	0	
