data	data	250980	270756	1.12188e+06	885728	208400	91644	677620	291704	124848	43288	265204	157436	439872	150056	239260	149312	186664	160148	614996	602768	160116	180340	398144	394180	104724	145908	162984	141872	928228	614188	402284	463364	177932	587152	131628	142856	266204	394096	87576	117692	87604	89368	152572	265436	185012	345320	180732	212468	237600	443732	488488	271720	152900	77008	345356	349968	247376	195492	110664	83568	220528	133628	119736	124496	155028	96592	453720	440836	73888	183676	546168	981708	451812	727092	60212	65036	204448	192668	98684	14088	202764	121288	126292	68188	373932	237116	35948	22684	231476	233212	301696	282744	156616	184156	27416	42808	196640	153936	308536	338668	134452	128564	203092	190080	68980	71144	12044	7824	16152	49284	138108	168528	150272	86520	75248	18716	
data	data	Precentral_L	Precentral_R	Frontal_Sup_L	Frontal_Sup_R	Frontal_Sup_Orb_L	Frontal_Sup_Orb_R	Frontal_Mid_L	Frontal_Mid_R	Frontal_Mid_Orb_L	Frontal_Mid_Orb_R	Frontal_Inf_Oper_L	Frontal_Inf_Oper_R	Frontal_Inf_Tri_L	Frontal_Inf_Tri_R	Frontal_Inf_Orb_L	Frontal_Inf_Orb_R	Rolandic_Oper_L	Rolandic_Oper_R	Supp_Motor_Area_L	Supp_Motor_Area_R	Olfactory_L	Olfactory_R	Frontal_Sup_Medial_L	Frontal_Sup_Medial_R	Frontal_Med_Orb_L	Frontal_Med_Orb_R	Rectus_L	Rectus_R	Insula_L	Insula_R	Cingulum_Ant_L	Cingulum_Ant_R	Cingulum_Mid_L	Cingulum_Mid_R	Cingulum_Post_L	Cingulum_Post_R	Hippocampus_L	Hippocampus_R	ParaHippocampal_L	ParaHippocampal_R	Amygdala_L	Amygdala_R	Calcarine_L	Calcarine_R	Cuneus_L	Cuneus_R	Lingual_L	Lingual_R	Occipital_Sup_L	Occipital_Sup_R	Occipital_Mid_L	Occipital_Mid_R	Occipital_Inf_L	Occipital_Inf_R	Fusiform_L	Fusiform_R	Postcentral_L	Postcentral_R	Parietal_Sup_L	Parietal_Sup_R	Parietal_Inf_L	Parietal_Inf_R	SupraMarginal_L	SupraMarginal_R	Angular_L	Angular_R	Precuneus_L	Precuneus_R	Paracentral_Lobule_L	Paracentral_Lobule_R	Caudate_L	Caudate_R	Putamen_L	Putamen_R	Pallidum_L	Pallidum_R	Thalamus_L	Thalamus_R	Heschl_L	Heschl_R	Temporal_Sup_L	Temporal_Sup_R	Temporal_Pole_Sup_L	Temporal_Pole_Sup_R	Temporal_Mid_L	Temporal_Mid_R	Temporal_Pole_Mid_L	Temporal_Pole_Mid_R	Temporal_Inf_L	Temporal_Inf_R	Cerebelum_Crus1_L	Cerebelum_Crus1_R	Cerebelum_Crus2_L	Cerebelum_Crus2_R	Cerebelum_3_L	Cerebelum_3_R	Cerebelum_4_5_L	Cerebelum_4_5_R	Cerebelum_6_L	Cerebelum_6_R	Cerebelum_7b_L	Cerebelum_7b_R	Cerebelum_8_L	Cerebelum_8_R	Cerebelum_9_L	Cerebelum_9_R	Cerebelum_10_L	Cerebelum_10_R	Vermis_1_2	Vermis_3	Vermis_4_5	Vermis_6	Vermis_7	Vermis_8	Vermis_9	Vermis_10	
250980	Precentral_L	0	920	7326	1458	0	0	15374	0	0	0	11032	0	2606	0	0	0	7454	0	2520	1016	0	0	0	0	0	0	0	0	9850	136	0	0	1000	106	890	120	1156	374	0	0	0	0	0	0	418	0	0	0	952	0	4912	0	898	0	434	0	23164	0	496	0	1756	0	1474	0	352	0	1494	0	6644	0	6774	4104	110	534	0	194	266	2014	1360	0	1142	0	0	0	1956	0	0	0	704	0	0	0	0	0	0	0	0	0	0	0	0	0	0	0	0	0	0	0	0	0	0	0	0	0	0	0	
270756	Precentral_R	920	0	2872	21266	0	0	566	6668	0	0	0	5826	0	348	0	0	252	2870	3692	7146	0	0	0	0	0	0	0	0	798	5780	110	0	202	3416	488	1744	280	1704	0	0	0	0	0	190	0	2168	108	0	0	2588	0	878	0	218	0	200	802	16174	0	1764	0	6400	0	7236	0	642	1540	3316	0	4848	2184	1856	394	1590	0	0	1020	254	0	138	0	1800	0	0	0	5252	0	0	0	4870	0	0	0	0	0	0	0	0	0	0	0	0	0	0	0	0	0	0	0	0	0	0	0	0	0	0	
1.12188e+06	Frontal_Sup_L	7326	2872	0	23084	11020	0	85576	4320	6398	0	13370	774	30602	142	12010	196	3200	424	85562	29318	2742	724	43822	1020	2426	292	2934	324	45952	2762	15360	2620	7940	15082	3514	168	7014	1710	686	0	1298	0	324	0	152	0	1586	296	0	0	120	0	0	0	128	0	918	0	0	0	0	0	0	0	0	0	2706	120	1330	92	12520	9782	26168	4710	6064	634	14046	1050	1008	0	546	0	1088	0	128	0	0	0	394	0	0	0	0	0	0	0	0	0	0	0	0	0	0	0	0	0	0	0	0	446	0	0	0	0	0	0	
885728	Frontal_Sup_R	1458	21266	23084	0	0	2762	4600	35170	0	374	954	7232	766	6208	130	3734	412	4856	17638	59104	188	1146	8596	42184	210	3688	292	1698	2272	22280	6850	30220	1800	25416	540	2290	126	7928	0	440	0	462	0	0	0	0	128	182	0	180	0	296	0	0	0	356	730	2664	0	492	0	1270	0	1448	0	106	0	540	0	0	4094	34912	570	28184	0	2082	662	11184	0	116	0	342	0	0	0	1986	0	0	0	1966	0	0	0	0	0	0	0	0	0	0	0	0	0	0	0	0	0	0	0	0	0	0	0	0	0	0	
208400	Frontal_Sup_Orb_L	0	0	11020	0	0	0	4150	0	18338	0	0	0	1540	0	12216	0	0	0	0	0	5812	742	3316	612	6964	1380	10500	566	5670	192	6606	444	0	0	0	0	0	0	728	0	954	86	0	0	0	0	0	0	0	0	0	0	0	0	0	0	0	0	0	0	0	0	0	0	0	0	0	0	0	0	4572	856	3816	300	0	0	0	0	0	0	0	0	2820	0	0	0	0	0	0	0	0	0	0	0	0	0	0	0	0	0	0	0	0	0	0	0	0	0	0	0	0	0	0	0	0	0	
91644	Frontal_Sup_Orb_R	0	0	0	2762	0	0	0	1156	0	8248	0	0	0	252	0	6648	0	0	0	0	134	2456	284	2442	302	4770	534	5896	0	964	1064	1936	0	96	0	0	0	0	0	166	0	372	0	0	0	0	0	0	0	0	0	0	0	0	0	0	0	0	0	0	0	0	0	0	0	0	0	0	0	0	122	2812	0	1676	0	0	0	0	0	0	0	0	0	730	0	0	0	0	0	0	0	0	0	0	0	0	0	0	0	0	0	0	0	0	0	0	0	0	0	0	0	0	0	0	0	0	
677620	Frontal_Mid_L	15374	566	85576	4600	4150	0	0	1450	5362	0	15714	398	53388	94	15142	92	1720	438	8942	3984	920	584	20754	624	0	92	106	90	40336	2328	3638	458	1690	1204	472	0	616	2214	98	0	782	0	0	0	0	0	0	0	0	0	106	0	0	0	92	0	362	0	0	0	0	0	0	0	0	0	0	0	0	0	19488	10632	5526	4886	110	1016	418	1142	150	0	390	0	296	0	0	0	0	0	200	0	0	0	0	0	0	0	0	0	0	0	0	0	0	0	0	0	0	0	0	0	0	0	0	0	0	0	
291704	Frontal_Mid_R	0	6668	4320	35170	0	1156	1450	0	0	1680	404	5000	112	13920	0	3128	200	4270	4044	562	0	0	524	4542	0	0	0	0	678	11976	392	3176	172	2420	0	0	0	3066	0	576	0	0	0	0	0	0	0	0	0	0	0	0	0	0	0	590	0	0	0	0	0	0	0	0	0	0	0	0	0	0	2750	16222	0	15136	0	194	0	472	0	132	0	118	0	0	0	0	0	0	0	632	0	0	0	0	0	0	0	0	0	0	0	0	0	0	0	0	0	0	0	0	0	0	0	0	0	0	
124848	Frontal_Mid_Orb_L	0	0	6398	0	18338	0	5362	0	0	0	0	0	2672	0	12246	0	0	0	0	0	830	112	1338	0	3000	280	4886	194	992	0	3094	144	0	0	0	0	0	0	0	0	136	0	0	0	0	0	0	0	0	0	0	0	0	0	0	0	0	0	0	0	0	0	0	0	0	0	0	0	0	0	728	110	1208	0	0	0	0	0	0	0	0	0	356	0	0	0	0	0	0	0	0	0	0	0	0	0	0	0	0	0	0	0	0	0	0	0	0	0	0	0	0	0	0	0	0	0	
43288	Frontal_Mid_Orb_R	0	0	0	374	0	8248	0	1680	0	0	0	0	0	314	0	5836	0	0	0	0	0	366	0	274	0	1518	156	2202	0	0	144	288	0	0	0	0	0	0	0	0	0	0	0	0	0	0	0	0	0	0	0	0	0	0	0	0	0	0	0	0	0	0	0	0	0	0	0	0	0	0	0	154	0	90	0	0	0	0	0	0	0	0	0	0	0	0	0	0	0	0	0	0	0	0	0	0	0	0	0	0	0	0	0	0	0	0	0	0	0	0	0	0	0	0	0	0	
265204	Frontal_Inf_Oper_L	11032	0	13370	954	0	0	15714	404	0	0	0	0	24642	0	208	236	6816	0	7582	864	0	0	2318	136	0	0	0	0	28894	524	2808	108	596	434	118	206	168	396	0	0	0	0	0	0	0	0	0	0	0	0	0	0	0	0	0	0	4238	0	106	0	242	0	0	0	0	0	0	0	104	0	2566	3024	724	622	0	132	586	208	0	0	436	0	1086	0	0	0	0	0	0	0	0	0	0	0	0	0	0	0	0	0	0	0	0	0	0	0	0	0	0	0	0	0	0	0	0	0	
157436	Frontal_Inf_Oper_R	0	5826	774	7232	0	0	398	5000	0	0	0	0	86	3994	0	314	0	6208	94	1732	0	0	0	2316	0	0	0	0	570	16560	376	900	0	1536	0	0	0	408	0	0	0	0	0	0	0	0	0	0	0	0	0	0	0	0	0	0	0	656	0	0	0	106	0	128	0	0	0	0	0	0	476	11656	244	9990	0	172	0	560	0	94	0	312	0	0	0	0	0	0	0	0	0	0	0	0	0	0	0	0	0	0	0	0	0	0	0	0	0	0	0	0	0	0	0	0	0	0	
439872	Frontal_Inf_Tri_L	2606	0	30602	766	1540	0	53388	112	2672	0	24642	86	0	106	14704	378	1268	0	6230	522	212	0	7982	182	0	0	114	0	48806	774	5732	352	724	364	114	194	112	242	0	0	142	0	0	0	0	0	0	0	0	0	0	0	0	0	0	0	532	0	0	0	0	0	0	0	0	0	0	0	0	0	3670	4344	2896	624	0	0	604	190	0	0	194	0	1078	0	0	0	0	0	136	0	0	0	0	0	0	0	0	0	0	0	0	0	0	0	0	0	0	0	0	0	0	0	0	0	0	0	
150056	Frontal_Inf_Tri_R	0	348	142	6208	0	252	94	13920	0	314	0	3994	106	0	0	2636	0	564	0	560	0	86	678	3144	0	188	0	0	184	15858	722	5324	168	2064	0	0	0	0	0	0	0	0	0	0	0	0	0	0	0	0	0	0	0	0	0	0	0	0	0	0	0	0	0	0	0	0	0	0	0	0	176	11658	254	4814	0	416	0	156	0	0	0	0	0	0	0	0	0	0	0	0	0	0	0	0	0	0	0	0	0	0	0	0	0	0	0	0	0	0	0	0	0	0	0	0	0	0	
239260	Frontal_Inf_Orb_L	0	0	12010	130	12216	0	15142	0	12246	0	208	0	14704	0	0	0	0	0	180	0	5010	1492	590	0	416	0	3402	142	16638	356	1318	196	0	0	0	0	132	0	822	0	902	146	0	0	0	0	0	0	0	0	0	0	0	0	0	0	0	0	0	0	0	0	0	0	0	0	0	0	0	0	4748	2524	6784	440	0	0	196	0	0	0	0	0	6540	0	0	0	0	0	0	0	0	0	0	0	0	0	0	0	0	0	0	0	0	0	0	0	0	0	0	0	0	0	0	0	0	0	
149312	Frontal_Inf_Orb_R	0	0	196	3734	0	6648	92	3128	0	5836	236	314	378	2636	0	0	0	0	0	382	0	2664	346	1348	0	570	0	2858	552	14754	690	2032	0	662	0	0	0	452	0	192	0	838	0	0	0	0	0	0	0	0	0	0	0	0	0	0	0	0	0	0	0	0	0	0	0	0	0	0	0	0	606	11108	284	7522	0	756	0	236	0	0	0	590	0	1756	0	260	0	0	0	0	0	0	0	0	0	0	0	0	0	0	0	0	0	0	0	0	0	0	0	0	0	0	0	0	0	0	
186664	Rolandic_Oper_L	7454	252	3200	412	0	0	1720	200	0	0	6816	0	1268	0	0	0	0	0	2174	352	0	0	186	0	0	0	0	0	22476	118	184	0	0	0	0	0	714	368	0	0	0	0	0	0	218	0	0	0	468	0	1638	0	278	0	256	0	9662	156	184	0	2146	106	3084	140	320	0	656	0	792	0	1624	784	340	292	0	0	86	152	5476	0	10222	0	388	0	5344	0	0	0	626	0	0	0	0	0	0	0	0	0	0	0	0	0	0	0	0	0	0	0	0	0	0	0	0	0	0	0	
160148	Rolandic_Oper_R	0	2870	424	4856	0	0	438	4270	0	0	0	6208	0	564	0	0	0	0	0	1222	0	0	0	1130	0	0	0	0	436	20152	0	272	0	690	0	0	0	1380	0	0	0	0	0	0	0	0	0	0	0	0	0	0	0	0	0	140	0	2884	0	0	0	252	0	3664	0	1212	0	130	0	0	466	8406	0	11610	0	0	0	130	0	1622	0	3450	0	92	0	512	0	0	0	592	0	0	0	0	0	0	0	0	0	0	0	0	0	0	0	0	0	0	0	0	0	0	0	0	0	0	
614996	Supp_Motor_Area_L	2520	3692	85562	17638	0	0	8942	4044	0	0	7582	94	6230	0	180	0	2174	0	0	34616	0	0	7620	254	0	0	0	0	13804	390	3218	1590	14298	20508	6514	1112	5704	950	420	0	0	0	208	0	302	0	1748	288	0	0	152	0	0	0	0	0	702	0	0	0	0	0	0	0	0	0	3438	458	4012	420	3998	3306	14286	1374	4750	412	15674	636	674	0	254	0	0	0	0	0	0	0	248	0	0	0	0	0	0	0	0	0	0	0	0	0	0	0	0	0	0	0	0	502	0	0	0	0	0	0	
602768	Supp_Motor_Area_R	1016	7146	29318	59104	0	0	3984	562	0	0	864	1732	522	560	0	382	352	1222	34616	0	0	444	378	6452	0	254	0	360	1574	5412	1394	2798	5360	43006	1138	7572	0	5314	0	278	0	140	0	948	0	2104	0	248	0	2990	0	2146	0	144	0	194	240	2710	0	200	0	632	0	638	0	226	1058	9280	450	10852	2306	16778	276	10922	0	1316	234	9488	0	0	0	154	0	0	0	822	0	0	0	774	0	0	0	0	0	0	0	0	0	0	0	0	0	0	0	0	0	0	0	0	0	0	0	0	0	0	
160116	Olfactory_L	0	0	2742	188	5812	134	920	0	830	0	0	0	212	0	5010	0	0	0	0	0	0	6352	496	296	2496	484	6162	818	6378	724	5470	1510	0	0	0	0	0	0	1384	0	3596	776	0	0	0	0	0	0	0	0	0	0	0	0	0	0	0	0	0	0	0	0	0	0	0	0	0	0	0	0	11868	5958	6260	1204	0	0	0	0	0	0	0	0	1978	0	0	0	0	0	0	0	0	0	0	0	0	0	0	0	0	0	0	0	0	0	0	0	0	0	0	0	0	0	0	0	0	0	
180340	Olfactory_R	0	0	724	1146	742	2456	584	0	112	366	0	0	0	86	1492	2664	0	0	0	444	6352	0	0	1160	718	3390	2794	7630	2134	3074	5494	6518	0	526	0	0	0	0	206	342	1078	3526	0	0	0	0	0	0	0	0	0	0	0	0	0	0	0	0	0	0	0	0	0	0	0	0	0	0	0	0	7348	15242	3668	6900	0	98	0	0	0	0	0	0	424	732	0	0	0	0	0	0	0	0	0	0	0	0	0	0	0	0	0	0	0	0	0	0	0	0	0	0	0	0	0	0	0	0	
398144	Frontal_Sup_Medial_L	0	0	43822	8596	3316	284	20754	524	1338	0	2318	0	7982	678	590	346	186	0	7620	378	496	0	0	18594	3676	1880	1798	264	11000	1180	23804	14968	6692	9944	0	0	0	104	0	0	184	0	0	0	0	0	0	0	0	0	0	0	0	0	0	0	0	0	0	0	0	0	0	0	0	0	0	0	0	0	1420	1632	2326	378	0	0	0	0	0	0	0	0	0	0	0	0	0	0	0	0	0	0	0	0	0	0	0	0	0	0	0	0	0	0	0	0	0	0	0	0	0	0	0	0	0	0	
394180	Frontal_Sup_Medial_R	0	0	1020	42184	612	2442	624	4542	0	274	136	2316	182	3144	0	1348	0	1130	254	6452	296	1160	18594	0	1282	8590	714	2648	408	7620	9140	35474	424	22066	0	0	0	188	0	0	0	292	0	0	0	0	0	0	0	0	0	0	0	0	0	0	0	0	0	0	0	0	0	0	0	0	0	0	0	0	1036	13154	178	7016	0	150	0	0	0	0	0	0	0	0	0	0	0	0	0	0	0	0	0	0	0	0	0	0	0	0	0	0	0	0	0	0	0	0	0	0	0	0	0	0	0	0	
104724	Frontal_Med_Orb_L	0	0	2426	210	6964	302	0	0	3000	0	0	0	0	0	416	0	0	0	0	0	2496	718	3676	1282	0	4016	8812	1866	302	114	10480	1208	0	0	0	0	0	0	0	0	120	164	0	0	0	0	0	0	0	0	0	0	0	0	0	0	0	0	0	0	0	0	0	0	0	0	0	0	0	0	2106	626	720	338	0	0	0	0	0	0	0	0	0	0	0	0	0	0	0	0	0	0	0	0	0	0	0	0	0	0	0	0	0	0	0	0	0	0	0	0	0	0	0	0	0	0	
145908	Frontal_Med_Orb_R	0	0	292	3688	1380	4770	92	0	280	1518	0	0	0	188	0	570	0	0	0	254	484	3390	1880	8590	4016	0	4950	11968	0	352	5880	10502	0	396	0	0	0	0	0	0	0	302	0	0	0	0	0	0	0	0	0	0	0	0	0	0	0	0	0	0	0	0	0	0	0	0	0	0	0	0	438	4274	106	2264	0	0	0	0	0	0	0	0	0	130	0	0	0	0	0	0	0	0	0	0	0	0	0	0	0	0	0	0	0	0	0	0	0	0	0	0	0	0	0	0	0	0	
162984	Rectus_L	0	0	2934	292	10500	534	106	0	4886	156	0	0	114	0	3402	0	0	0	0	0	6162	2794	1798	714	8812	4950	0	5034	2080	426	9578	3132	0	88	0	0	0	0	138	0	210	528	0	0	0	0	0	0	0	0	0	0	0	0	0	0	0	0	0	0	0	0	0	0	0	0	0	0	0	0	5640	2768	1646	1002	0	0	0	0	0	0	0	0	1068	0	0	0	0	0	0	0	0	0	0	0	0	0	0	0	0	0	0	0	0	0	0	0	0	0	0	0	0	0	0	0	0	0	
141872	Rectus_R	0	0	324	1698	566	5896	90	0	194	2202	0	0	0	0	142	2858	0	0	0	360	818	7630	264	2648	1866	11968	5034	0	172	1014	3486	7356	0	486	0	0	0	0	0	266	0	910	0	0	0	0	0	0	0	0	0	0	0	0	0	0	0	0	0	0	0	0	0	0	0	0	0	0	0	0	764	6740	154	4318	0	0	0	0	0	0	0	0	0	712	0	0	0	0	0	0	0	0	0	0	0	0	0	0	0	0	0	0	0	0	0	0	0	0	0	0	0	0	0	0	0	0	
928228	Insula_L	9850	798	45952	2272	5670	0	40336	678	992	0	28894	570	48806	184	16638	552	22476	436	13804	1574	6378	2134	11000	408	302	0	2080	172	0	3522	8596	736	1192	776	1084	464	17452	2028	2764	0	6342	162	334	0	252	0	164	0	646	0	2326	0	516	0	6782	0	8062	0	0	0	1832	0	3404	0	312	0	1634	0	1036	0	26582	15144	31592	6098	176	754	3104	842	9600	0	12456	0	7680	0	7236	0	0	0	7476	0	0	0	0	0	0	0	0	0	0	0	0	0	0	0	0	0	0	0	0	0	0	0	0	0	0	0	
614188	Insula_R	136	5780	2762	22280	192	964	2328	11976	0	0	524	16560	774	15858	356	14754	118	20152	390	5412	724	3074	1180	7620	114	352	426	1014	3522	0	2272	7968	262	4936	0	160	110	12218	0	472	0	2704	0	146	0	0	0	0	0	106	0	220	0	0	0	1754	0	982	0	0	0	154	0	472	0	158	0	342	0	0	4792	48000	1578	53812	0	1444	216	2836	0	1582	92	6260	158	2724	0	3564	0	270	0	4988	0	0	0	0	0	0	0	0	0	0	0	0	0	0	0	0	0	0	0	0	0	0	0	0	0	0	
402284	Cingulum_Ant_L	0	110	15360	6850	6606	1064	3638	392	3094	144	2808	376	5732	722	1318	690	184	0	3218	1394	5470	5494	23804	9140	10480	5880	9578	3486	8596	2272	0	25488	6448	5602	0	0	0	112	0	0	510	1118	0	0	0	0	0	0	0	0	0	0	0	0	0	0	0	0	0	0	0	0	0	0	0	0	0	0	0	0	7274	8950	4634	2664	0	156	0	0	0	0	0	0	286	0	0	0	0	0	0	0	0	0	0	0	0	0	0	0	0	0	0	0	0	0	0	0	0	0	0	0	0	0	0	0	0	0	
463364	Cingulum_Ant_R	0	0	2620	30220	444	1936	458	3176	144	288	108	900	352	5324	196	2032	0	272	1590	2798	1510	6518	14968	35474	1208	10502	3132	7356	736	7968	25488	0	3510	29460	0	0	0	0	0	0	94	1220	0	0	0	0	0	0	0	0	0	0	0	0	0	0	0	0	0	0	0	0	0	0	0	0	0	0	0	0	2332	19306	714	7006	0	202	0	0	0	0	0	0	0	120	0	0	0	0	0	0	0	0	0	0	0	0	0	0	0	0	0	0	0	0	0	0	0	0	0	0	0	0	0	0	0	0	
177932	Cingulum_Mid_L	1000	202	7940	1800	0	0	1690	172	0	0	596	0	724	168	0	0	0	0	14298	5360	0	0	6692	424	0	0	0	0	1192	262	6448	3510	0	12826	6100	662	0	0	0	0	0	0	0	88	1306	248	0	0	174	240	942	178	218	0	0	0	404	0	226	0	338	0	0	0	148	0	2794	1410	5926	976	210	672	0	192	0	0	210	0	0	0	0	0	0	0	0	0	0	0	0	0	0	0	0	0	0	0	0	0	0	0	0	0	0	0	0	0	0	0	0	0	0	0	0	0	0	0	
587152	Cingulum_Mid_R	106	3416	15082	25416	0	96	1204	2420	0	0	434	1536	364	2064	0	662	0	690	20508	43006	0	526	9944	22066	0	396	88	486	776	4936	5602	29460	12826	0	1444	8396	0	178	0	0	0	154	0	1412	0	8456	0	0	0	9258	0	3680	0	0	0	0	0	2464	0	304	0	532	0	0	0	268	7348	19712	416	10276	974	9330	0	3716	0	0	0	0	0	0	0	0	0	0	0	648	0	0	0	500	0	0	0	0	0	0	0	0	0	0	0	0	0	0	0	0	0	0	0	0	0	0	0	0	0	0	
131628	Cingulum_Post_L	890	488	3514	540	0	0	472	0	0	0	118	0	114	0	0	0	0	0	6514	1138	0	0	0	0	0	0	0	0	1084	0	0	0	6100	1444	0	5432	6820	1600	160	0	0	0	2576	88	694	134	342	0	0	96	1060	0	434	0	524	0	0	0	0	0	0	0	0	0	0	0	10016	1616	2056	0	1752	0	1146	0	0	0	4184	1784	106	0	0	0	0	0	190	0	0	0	588	0	0	0	0	0	0	0	0	0	0	0	0	0	0	0	0	0	0	0	0	0	0	0	0	0	0	0	
142856	Cingulum_Post_R	120	1744	168	2290	0	0	0	0	0	0	206	0	194	0	0	0	0	0	1112	7572	0	0	0	0	0	0	0	0	464	160	0	0	662	8396	5432	0	198	5356	0	284	0	0	0	1586	0	614	0	1000	0	2030	0	1918	0	0	0	0	90	196	0	0	0	0	0	0	0	0	732	10852	90	2126	2218	502	152	516	0	0	4082	4320	0	0	0	88	0	0	0	2058	0	0	0	1688	0	0	0	0	0	0	0	0	0	0	0	0	0	0	0	0	0	0	0	0	212	0	0	0	0	0	
266204	Hippocampus_L	1156	280	7014	126	0	0	616	0	0	0	168	0	112	0	132	0	714	0	5704	0	0	0	0	0	0	0	0	0	17452	110	0	0	0	0	6820	198	0	312	9548	0	8970	0	2152	0	106	0	1448	188	0	0	508	0	156	0	12864	0	1952	0	0	0	0	0	204	0	0	0	7278	0	94	0	4960	1230	14410	398	1062	0	3586	422	2846	0	3544	0	780	0	2466	0	0	0	9702	0	0	0	0	0	744	0	180	0	0	0	0	0	0	0	0	0	0	0	0	390	0	0	0	0	0	0	
394096	Hippocampus_R	374	1704	1710	7928	0	0	2214	3066	0	0	396	408	242	0	0	452	368	1380	950	5314	0	0	104	188	0	0	0	0	2028	12218	112	0	0	178	1600	5356	312	0	0	15422	0	8162	0	618	0	0	0	1902	0	296	0	326	0	0	0	18148	0	292	0	0	0	0	0	276	0	768	0	3754	0	0	5186	16136	986	28784	112	3732	2068	8472	0	484	0	5562	0	322	0	9032	0	0	100	17080	0	0	0	0	0	0	0	0	0	238	0	0	0	0	0	0	0	0	0	0	188	0	0	0	0	0	
87576	ParaHippocampal_L	0	0	686	0	728	0	98	0	0	0	0	0	0	0	822	0	0	0	420	0	1384	206	0	0	0	0	138	0	2764	0	0	0	0	0	160	0	9548	0	0	0	3964	0	244	0	0	0	2120	0	0	0	560	0	590	0	4372	0	0	0	0	0	0	0	0	0	0	0	602	0	0	0	1020	310	5092	0	2684	0	494	0	148	0	112	0	1538	0	120	0	246	0	616	0	96	0	0	0	862	0	392	0	182	0	0	0	0	0	0	94	0	0	0	376	0	0	0	0	0	0	
117692	ParaHippocampal_R	0	0	0	440	0	166	0	576	0	0	0	0	0	0	0	192	0	0	0	278	0	342	0	0	0	0	0	266	0	472	0	0	0	0	0	284	0	15422	0	0	0	5408	0	468	0	0	0	2872	0	0	0	192	0	0	0	13726	0	0	0	0	0	0	0	0	0	0	0	1066	0	0	88	2114	94	3924	0	260	104	1488	0	0	0	168	0	1380	0	706	0	538	0	4762	0	0	0	0	0	0	0	582	0	368	0	0	0	0	0	0	0	0	0	0	100	0	0	0	0	0	
87604	Amygdala_L	0	0	1298	0	954	0	782	0	136	0	0	0	142	0	902	0	0	0	0	0	3596	1078	184	0	120	0	210	0	6342	0	510	94	0	0	0	0	8970	0	3964	0	0	0	0	0	0	0	0	0	0	0	0	0	0	0	3378	0	0	0	0	0	0	0	0	0	0	0	0	0	0	0	2870	1400	4724	90	0	0	92	0	0	0	0	0	1360	0	230	0	0	0	286	0	0	0	0	0	90	0	0	0	0	0	0	0	0	0	0	0	0	0	0	0	0	0	0	0	0	0	
89368	Amygdala_R	0	0	0	462	86	372	0	0	0	0	0	0	0	0	146	838	0	0	0	140	776	3526	0	292	164	302	528	910	162	2704	1118	1220	0	154	0	0	0	8162	0	5408	0	0	0	0	0	0	0	0	0	0	0	0	0	0	0	5324	0	0	0	0	0	0	0	0	0	0	0	0	0	0	692	3258	134	5098	0	0	0	0	0	0	0	0	0	1678	0	266	0	268	0	496	0	0	0	0	0	0	0	0	0	0	0	0	0	0	0	0	0	0	0	0	0	0	0	0	0	0	
152572	Calcarine_L	0	0	324	0	0	0	0	0	0	0	0	0	0	0	0	0	0	0	208	0	0	0	0	0	0	0	0	0	334	0	0	0	0	0	2576	0	2152	0	244	0	0	0	0	4786	8592	3592	8618	2760	5204	2212	16344	312	3756	134	1202	0	766	0	324	0	358	0	0	0	242	0	9424	0	166	0	0	0	340	0	0	0	0	0	0	0	0	0	0	0	358	0	0	0	492	0	0	0	0	0	0	0	466	0	0	0	0	0	0	0	0	0	0	0	0	0	0	0	0	0	0	0	
265436	Calcarine_R	0	190	0	0	0	0	0	0	0	0	0	0	0	0	0	0	0	0	0	948	0	0	0	0	0	0	0	0	0	146	0	0	88	1412	88	1586	0	618	0	468	0	0	4786	0	1724	21050	1178	20446	0	25666	0	18792	0	6762	0	2580	0	614	0	186	0	130	0	0	0	168	566	15862	0	1322	0	0	0	0	0	0	0	0	0	0	0	128	0	0	0	3622	0	0	0	1474	0	118	0	0	0	0	0	0	0	0	0	0	0	0	0	0	0	0	0	0	0	0	0	0	0	0	
185012	Cuneus_L	418	0	152	0	0	0	0	0	0	0	0	0	0	0	0	0	218	0	302	0	0	0	0	0	0	0	0	0	252	0	0	0	1306	0	694	0	106	0	0	0	0	0	8592	1724	0	3876	1742	0	18470	1594	20484	0	5842	0	1468	0	1862	0	712	0	986	0	0	0	516	0	16334	766	1340	0	0	0	0	0	0	0	0	0	0	0	0	0	0	0	1388	0	0	0	1150	0	0	0	0	0	0	0	212	0	0	0	0	0	0	0	0	0	0	0	0	0	0	0	0	0	0	0	
345320	Cuneus_R	0	2168	0	0	0	0	0	0	0	0	0	0	0	0	0	0	0	0	0	2104	0	0	0	0	0	0	0	0	0	0	0	0	248	8456	134	614	0	0	0	0	0	0	3592	21050	3876	0	698	5808	96	49916	0	11138	0	510	0	124	0	3846	0	5408	0	590	0	0	0	618	13048	28698	0	7988	0	0	0	0	0	0	0	0	0	0	0	180	0	0	0	1298	0	0	0	454	0	0	0	0	0	0	0	0	0	0	0	0	0	0	0	0	0	0	0	0	0	0	0	0	0	0	
180732	Lingual_L	0	108	1586	128	0	0	0	0	0	0	0	0	0	0	0	0	0	0	1748	0	0	0	0	0	0	0	0	0	164	0	0	0	0	0	342	0	1448	0	2120	0	0	0	8618	1178	1742	698	0	2752	684	1036	11690	306	7530	156	10630	332	0	0	0	0	0	0	0	0	0	0	3474	0	0	0	680	142	964	0	0	0	2412	94	0	0	0	0	0	0	0	0	0	0	268	0	2214	336	160	0	132	0	6678	358	8706	1822	0	0	0	110	218	376	0	0	0	374	2362	3022	160	0	208	100	
212468	Lingual_R	0	0	296	182	0	0	0	0	0	0	0	0	0	0	0	0	0	0	288	248	0	0	0	0	0	0	0	0	0	0	0	0	0	0	0	1000	188	1902	0	2872	0	0	2760	20446	0	5808	2752	0	0	9998	0	7886	0	8506	700	9460	0	0	0	0	0	0	0	0	0	0	0	4136	0	96	0	388	430	106	138	0	392	532	0	0	0	0	0	0	0	1084	0	0	0	264	460	2040	0	0	0	462	1350	3414	1596	5982	0	0	0	0	422	110	96	0	0	0	3604	3100	436	0	304	0	
237600	Occipital_Sup_L	952	0	0	0	0	0	0	0	0	0	0	0	0	0	0	0	468	0	0	0	0	0	0	0	0	0	0	0	646	0	0	0	174	0	0	0	0	0	0	0	0	0	5204	0	18470	96	684	0	0	0	38552	0	2552	0	198	0	2266	0	8698	0	2448	0	130	0	4016	0	24626	188	526	0	0	0	0	0	0	0	0	0	220	0	224	0	0	0	7462	0	0	0	0	0	0	0	0	0	0	0	0	0	0	0	0	0	0	0	0	0	0	0	0	0	0	0	0	0	0	0	
443732	Occipital_Sup_R	0	2588	0	180	0	0	0	0	0	0	0	0	0	0	0	0	0	0	0	2990	0	0	0	0	0	0	0	0	0	106	0	0	240	9258	96	2030	0	296	0	0	0	0	2212	25666	1594	49916	1036	9998	0	0	0	32044	0	1844	0	466	0	6526	0	6956	0	2666	0	134	0	4482	10084	31130	0	11412	0	0	0	0	0	0	0	0	0	0	0	518	0	0	0	3426	0	0	0	1972	0	0	0	0	0	0	0	0	0	0	0	0	0	0	0	0	0	0	0	0	0	0	0	0	0	0	
488488	Occipital_Mid_L	4912	0	120	0	0	0	106	0	0	0	0	0	0	0	0	0	1638	0	152	0	0	0	0	0	0	0	0	0	2326	0	0	0	942	0	1060	0	508	0	560	0	0	0	16344	0	20484	0	11690	0	38552	0	0	0	28568	0	7084	0	5476	0	9428	0	11062	0	668	0	19098	0	29574	0	1392	0	0	0	0	0	0	0	0	0	2586	0	906	0	0	0	24752	0	0	0	2926	0	612	0	0	0	0	0	340	0	378	0	0	0	0	0	0	0	0	0	0	0	0	0	0	0	0	0	
271720	Occipital_Mid_R	0	878	0	296	0	0	0	0	0	0	0	0	0	0	0	0	0	0	0	2146	0	0	0	0	0	0	0	0	0	220	0	0	178	3680	0	1918	0	326	0	192	0	0	312	18792	0	11138	306	7886	0	32044	0	0	0	4502	0	2104	0	1870	0	1480	0	2646	0	152	0	8126	2314	16300	0	3942	0	0	0	0	0	0	0	0	0	0	0	582	0	0	0	9488	0	0	0	1926	0	116	0	0	0	0	0	0	0	0	0	0	0	0	0	0	0	0	0	0	0	0	0	0	0	0	
152900	Occipital_Inf_L	898	0	0	0	0	0	0	0	0	0	0	0	0	0	0	0	278	0	0	0	0	0	0	0	0	0	0	0	516	0	0	0	218	0	434	0	156	0	590	0	0	0	3756	0	5842	0	7530	0	2552	0	28568	0	0	0	8456	0	722	0	178	0	136	0	0	0	122	0	5918	0	348	0	0	0	0	0	0	0	0	0	0	0	0	0	0	0	3772	0	0	0	2752	0	1230	0	88	0	0	0	252	0	898	0	0	0	0	0	0	0	0	0	0	0	0	0	240	0	0	0	
77008	Occipital_Inf_R	0	218	0	0	0	0	0	0	0	0	0	0	0	0	0	0	0	0	0	144	0	0	0	0	0	0	0	0	0	0	0	0	0	0	0	0	0	0	0	0	0	0	134	6762	0	510	156	8506	0	1844	0	4502	0	0	0	8838	0	0	0	0	0	0	0	0	0	0	0	692	0	142	0	0	0	0	0	0	0	0	0	0	0	146	0	0	0	1432	0	0	0	1690	0	216	0	0	0	0	120	726	0	1006	0	0	0	0	0	0	0	0	0	180	540	0	0	0	0	0	
345356	Fusiform_L	434	0	128	0	0	0	92	0	0	0	0	0	0	0	0	0	256	0	0	0	0	0	0	0	0	0	0	0	6782	0	0	0	0	0	524	0	12864	0	4372	0	3378	0	1202	0	1468	0	10630	700	198	0	7084	0	8456	0	0	608	0	0	0	0	110	0	0	0	114	0	2400	0	0	0	1576	332	1890	202	0	0	308	0	234	0	3436	0	4530	0	4520	0	2836	0	18996	0	9492	1318	214	0	1280	0	19436	300	29004	2830	222	0	258	0	612	160	0	0	0	0	2062	4014	472	0	198	146	
349968	Fusiform_R	0	200	0	356	0	0	0	590	0	0	0	0	0	0	0	0	0	140	0	194	0	0	0	0	0	0	0	0	0	1754	0	0	0	0	0	0	0	18148	0	13726	0	5324	0	2580	0	124	332	9460	0	466	0	2104	0	8838	608	0	0	0	0	0	0	0	0	0	0	152	0	750	0	0	108	2094	0	5538	0	0	0	1368	0	0	0	1086	0	3244	0	4704	0	996	0	15652	432	6484	0	0	468	5362	1282	18928	1054	26950	0	290	0	390	0	198	0	0	778	3498	6310	1314	468	0	0	142	
247376	Postcentral_L	23164	802	918	730	0	0	362	0	0	0	4238	0	532	0	0	0	9662	0	702	240	0	0	0	0	0	0	0	0	8062	0	0	0	404	0	0	90	1952	0	0	0	0	0	766	0	1862	0	0	0	2266	0	5476	0	722	0	0	0	0	118	8400	0	18820	94	7898	122	4086	0	5224	0	3070	0	512	3168	92	0	0	0	0	1650	1114	0	2830	0	0	0	2922	0	0	0	618	0	0	0	0	0	0	0	0	0	0	0	0	0	0	0	0	0	0	0	0	0	0	0	0	0	0	0	
195492	Postcentral_R	0	16174	0	2664	0	0	0	0	0	0	0	656	0	0	0	0	156	2884	0	2710	0	0	0	0	0	0	0	0	0	982	0	0	0	2464	0	196	0	292	0	0	0	0	0	614	0	3846	0	0	0	6526	0	1870	0	0	0	0	118	0	0	5554	0	13518	0	15010	0	1518	2118	7978	0	8308	150	0	0	348	0	0	0	0	0	0	0	574	0	0	0	312	0	0	0	206	0	0	0	0	0	0	0	0	0	0	0	0	0	0	0	0	0	0	0	0	0	0	0	0	0	0	
110664	Parietal_Sup_L	496	0	0	0	0	0	0	0	0	0	106	0	0	0	0	0	184	0	0	0	0	0	0	0	0	0	0	0	0	0	0	0	226	0	0	0	0	0	0	0	0	0	324	0	712	0	0	0	8698	0	9428	0	178	0	0	0	8400	0	0	0	10260	0	0	0	3136	0	12088	248	484	0	0	0	0	0	0	0	0	0	0	0	0	0	0	0	364	0	0	0	0	0	0	0	0	0	0	0	0	0	0	0	0	0	0	0	0	0	0	0	0	0	0	0	0	0	0	0	
83568	Parietal_Sup_R	0	1764	0	492	0	0	0	0	0	0	0	0	0	0	0	0	0	0	0	200	0	0	0	0	0	0	0	0	0	0	0	0	0	304	0	0	0	0	0	0	0	0	0	186	0	5408	0	0	0	6956	0	1480	0	0	0	0	0	5554	0	0	0	5312	0	2790	0	970	538	8534	0	1296	0	0	0	0	0	0	0	0	0	0	0	0	0	0	0	0	0	0	0	0	0	0	0	0	0	0	0	0	0	0	0	0	0	0	0	0	0	0	0	0	0	0	0	0	0	0	
220528	Parietal_Inf_L	1756	0	0	0	0	0	0	0	0	0	242	0	0	0	0	0	2146	0	0	0	0	0	0	0	0	0	0	0	1832	0	0	0	338	0	0	0	0	0	0	0	0	0	358	0	986	0	0	0	2448	0	11062	0	136	0	110	0	18820	0	10260	0	0	0	16404	0	20980	0	4462	0	802	0	0	0	0	0	0	0	0	0	2544	0	2590	0	0	0	10738	0	0	0	1250	0	0	0	0	0	0	0	0	0	0	0	0	0	0	0	0	0	0	0	0	0	0	0	0	0	0	0	
133628	Parietal_Inf_R	0	6400	0	1270	0	0	0	0	0	0	0	106	0	0	0	0	106	252	0	632	0	0	0	0	0	0	0	0	0	154	0	0	0	532	0	0	0	0	0	0	0	0	0	130	0	590	0	0	0	2666	0	2646	0	0	0	0	94	13518	0	5312	0	0	0	17020	0	9814	312	2284	0	1804	116	0	0	0	0	0	0	0	0	0	0	368	0	0	0	352	0	0	0	336	0	0	0	0	0	0	0	0	0	0	0	0	0	0	0	0	0	0	0	0	0	0	0	0	0	0	
119736	SupraMarginal_L	1474	0	0	0	0	0	0	0	0	0	0	0	0	0	0	0	3084	0	0	0	0	0	0	0	0	0	0	0	3404	0	0	0	0	0	0	0	204	0	0	0	0	0	0	0	0	0	0	0	130	0	668	0	0	0	0	0	7898	0	0	0	16404	0	0	0	6692	0	206	0	630	0	0	0	0	0	0	0	0	0	2084	0	4848	0	0	0	11054	0	0	0	1088	0	0	0	0	0	0	0	0	0	0	0	0	0	0	0	0	0	0	0	0	0	0	0	0	0	0	0	
124496	SupraMarginal_R	0	7236	0	1448	0	0	0	0	0	0	0	128	0	0	0	0	140	3664	0	638	0	0	0	0	0	0	0	0	0	472	0	0	0	0	0	0	0	276	0	0	0	0	0	0	0	0	0	0	0	134	0	152	0	0	0	0	122	15010	0	2790	0	17020	0	0	0	5776	0	250	0	118	90	0	0	164	0	0	0	0	0	0	0	4758	0	0	0	1258	0	0	0	604	0	0	0	0	0	0	0	0	0	0	0	0	0	0	0	0	0	0	0	0	0	0	0	0	0	0	
155028	Angular_L	352	0	0	0	0	0	0	0	0	0	0	0	0	0	0	0	320	0	0	0	0	0	0	0	0	0	0	0	312	0	0	0	148	0	0	0	0	0	0	0	0	0	242	0	516	0	0	0	4016	0	19098	0	122	0	114	0	4086	0	3136	0	20980	0	6692	0	0	0	4544	0	372	0	0	0	0	0	0	0	0	0	1146	0	630	0	0	0	10226	0	0	0	462	0	0	0	0	0	0	0	0	0	0	0	0	0	0	0	0	0	0	0	0	0	0	0	0	0	0	0	
96592	Angular_R	0	642	0	106	0	0	0	0	0	0	0	0	0	0	0	0	0	1212	0	226	0	0	0	0	0	0	0	0	0	158	0	0	0	268	0	0	0	768	0	0	0	0	0	168	0	618	0	0	0	4482	0	8126	0	0	0	152	0	1518	0	970	0	9814	0	5776	0	0	242	2090	0	1462	0	0	0	0	0	0	0	0	0	86	0	4338	0	0	0	3682	0	0	0	1392	0	0	0	0	0	0	0	0	0	0	0	0	0	0	0	0	0	0	0	0	0	0	0	0	0	0	
453720	Precuneus_L	1494	1540	2706	0	0	0	0	0	0	0	0	0	0	0	0	0	656	0	3438	1058	0	0	0	0	0	0	0	0	1634	0	0	0	2794	7348	10016	732	7278	0	602	0	0	0	9424	566	16334	13048	3474	0	24626	10084	29574	2314	5918	0	2400	0	5224	2118	12088	538	4462	312	206	0	4544	242	0	15876	3494	3968	0	0	1146	0	0	0	1030	0	402	0	374	0	0	0	8700	382	0	0	2000	254	0	0	0	0	0	0	442	0	0	0	0	0	0	0	0	0	0	0	0	0	0	0	0	0	0	0	
440836	Precuneus_R	0	3316	120	540	0	0	0	0	0	0	0	0	0	0	0	0	0	130	458	9280	0	0	0	0	0	0	0	0	0	342	0	0	1410	19712	1616	10852	0	3754	0	1066	0	0	0	15862	766	28698	0	4136	188	31130	0	16300	0	692	0	750	0	7978	248	8534	0	2284	0	250	0	2090	15876	0	216	18880	548	138	0	254	0	0	682	842	0	0	0	738	0	0	0	6600	0	0	0	2714	0	0	0	0	0	0	0	116	0	0	0	0	0	0	0	0	0	0	0	0	312	0	0	0	0	0	
73888	Paracentral_Lobule_L	6644	0	1330	0	0	0	0	0	0	0	104	0	0	0	0	0	792	0	4012	450	0	0	0	0	0	0	0	0	1036	0	0	0	5926	416	2056	90	94	0	0	0	0	0	166	0	1340	0	0	0	526	0	1392	0	348	0	0	0	3070	0	484	0	802	0	630	0	372	0	3494	216	0	262	0	0	0	0	0	0	0	0	98	0	354	0	0	0	440	0	0	0	0	0	0	0	0	0	0	0	0	0	0	0	0	0	0	0	0	0	0	0	0	0	0	0	0	0	0	0	
183676	Paracentral_Lobule_R	0	4848	92	0	0	0	0	0	0	0	0	0	0	0	0	0	0	0	420	10852	0	0	0	0	0	0	0	0	0	0	0	0	976	10276	0	2126	0	0	0	0	0	0	0	1322	0	7988	0	96	0	11412	0	3942	0	142	0	0	0	8308	0	1296	0	1804	0	118	0	1462	3968	18880	262	0	0	0	0	0	0	0	0	0	0	0	0	340	0	0	0	530	0	0	0	378	0	0	0	0	0	0	0	0	0	0	0	0	0	0	0	0	0	0	0	0	0	0	0	0	0	0	
546168	Caudate_L	6774	2184	12520	4094	4572	122	19488	2750	728	0	2566	476	3670	176	4748	606	1624	466	3998	2306	11868	7348	1420	1036	2106	438	5640	764	26582	4792	7274	2332	210	974	1752	2218	4960	5186	1020	88	2870	692	0	0	0	0	680	0	0	0	0	0	0	0	1576	108	512	150	0	0	0	116	0	90	0	0	0	548	0	0	0	29894	32028	10466	2246	2150	18148	3600	98	0	1270	0	1594	0	238	0	0	0	1776	134	0	0	0	0	0	0	0	0	0	0	0	0	0	0	0	0	0	0	0	224	0	0	0	0	0	0	
981708	Caudate_R	4104	1856	9782	34912	856	2812	10632	16222	110	154	3024	11656	4344	11658	2524	11108	784	8406	3306	16778	5958	15242	1632	13154	626	4274	2768	6740	15144	48000	8950	19306	672	9330	0	502	1230	16136	310	2114	1400	3258	0	0	0	0	142	388	0	0	0	0	0	0	332	2094	3168	0	0	0	0	0	0	0	0	0	0	138	0	0	29894	0	11032	76478	158	7402	2250	20226	154	0	508	0	1102	944	86	0	0	0	458	1840	0	0	0	0	0	166	0	0	0	0	0	0	0	0	0	0	0	0	0	120	0	0	0	0	0	0	
451812	Putamen_L	110	394	26168	570	3816	0	5526	0	1208	0	724	244	2896	254	6784	284	340	0	14286	276	6260	3668	2326	178	720	106	1646	154	31592	1578	4634	714	0	0	1146	152	14410	986	5092	94	4724	134	340	0	0	0	964	430	0	0	0	0	0	0	1890	0	92	0	0	0	0	0	0	0	0	0	1146	0	0	0	32028	11032	0	2844	8420	492	13260	568	1016	0	1502	0	2470	0	342	0	0	0	2256	0	0	0	0	0	206	0	0	0	0	0	0	0	0	0	0	0	0	0	0	414	0	0	0	0	0	0	
727092	Putamen_R	534	1590	4710	28184	300	1676	4886	15136	0	90	622	9990	624	4814	440	7522	292	11610	1374	10922	1204	6900	378	7016	338	2264	1002	4318	6098	53812	2664	7006	192	3716	0	516	398	28784	0	3924	90	5098	0	0	0	0	0	106	0	0	0	0	0	0	202	5538	0	348	0	0	0	0	0	164	0	0	0	254	0	0	10466	76478	2844	0	0	7916	696	10982	0	526	428	674	98	568	0	0	0	0	366	3858	0	0	0	0	0	0	0	0	0	0	0	0	0	0	0	0	0	0	0	0	0	0	0	0	0	0	
60212	Pallidum_L	0	0	6064	0	0	0	110	0	0	0	0	0	0	0	0	0	0	0	4750	0	0	0	0	0	0	0	0	0	176	0	0	0	0	0	0	0	1062	112	2684	0	0	0	0	0	0	0	0	138	0	0	0	0	0	0	0	0	0	0	0	0	0	0	0	0	0	0	0	0	0	0	2246	158	8420	0	0	0	3602	104	0	0	0	0	0	0	0	0	0	0	0	0	0	0	0	0	220	0	0	0	0	0	0	0	0	0	0	0	0	0	0	260	0	0	0	0	0	0	
65036	Pallidum_R	194	0	634	2082	0	0	1016	194	0	0	132	172	0	416	0	756	0	0	412	1316	0	98	0	150	0	0	0	0	754	1444	156	202	0	0	0	0	0	3732	0	260	0	0	0	0	0	0	0	0	0	0	0	0	0	0	0	0	0	0	0	0	0	0	0	0	0	0	0	0	0	0	2150	7402	492	7916	0	0	0	438	0	0	0	0	0	0	0	0	0	0	0	0	0	0	0	0	0	0	0	0	0	0	0	0	0	0	0	0	0	0	0	0	0	0	0	0	0	0	
204448	Thalamus_L	266	1020	14046	662	0	0	418	0	0	0	586	0	604	0	196	0	86	0	15674	234	0	0	0	0	0	0	0	0	3104	216	0	0	210	0	4184	4082	3586	2068	494	104	92	0	0	0	0	0	2412	392	0	0	0	0	0	0	308	0	0	0	0	0	0	0	0	0	0	0	1030	682	0	0	18148	2250	13260	696	3602	0	0	6404	0	0	0	0	0	0	0	0	0	0	220	0	0	0	0	0	94	0	0	0	0	0	0	0	0	0	0	0	0	0	0	794	0	0	0	0	0	0	
192668	Thalamus_R	2014	254	1050	11184	0	0	1142	472	0	0	208	560	190	156	0	236	152	130	636	9488	0	0	0	0	0	0	0	0	842	2836	0	0	0	0	1784	4320	422	8472	0	1488	0	0	0	0	0	0	94	532	0	0	0	0	0	0	0	1368	1650	0	0	0	0	0	0	0	0	0	0	842	0	0	3600	20226	568	10982	104	438	6404	0	106	0	0	0	0	0	0	104	0	0	0	982	0	0	0	0	0	172	0	0	0	0	0	0	0	0	0	0	0	0	0	126	0	0	0	0	0	0	
98684	Heschl_L	1360	0	1008	0	0	0	150	0	0	0	0	0	0	0	0	0	5476	0	674	0	0	0	0	0	0	0	0	0	9600	0	0	0	0	0	106	0	2846	0	148	0	0	0	0	0	0	0	0	0	220	0	2586	0	0	0	234	0	1114	0	0	0	2544	0	2084	0	1146	0	402	0	98	0	98	154	1016	0	0	0	0	106	0	0	6316	0	0	0	8738	0	0	0	1118	0	0	0	0	0	0	0	0	0	0	0	0	0	0	0	0	0	0	0	0	0	0	0	0	0	0	0	
14088	Heschl_R	0	138	0	116	0	0	0	132	0	0	0	94	0	0	0	0	0	1622	0	0	0	0	0	0	0	0	0	0	0	1582	0	0	0	0	0	0	0	484	0	0	0	0	0	0	0	0	0	0	0	0	0	0	0	0	0	0	0	0	0	0	0	0	0	0	0	86	0	0	0	0	0	0	0	526	0	0	0	0	0	0	0	1584	0	152	0	386	0	0	0	142	0	0	0	0	0	0	0	0	0	0	0	0	0	0	0	0	0	0	0	0	0	0	0	0	0	0	
202764	Temporal_Sup_L	1142	0	546	0	0	0	390	0	0	0	436	0	194	0	0	0	10222	0	254	0	0	0	0	0	0	0	0	0	12456	92	0	0	0	0	0	0	3544	0	112	0	0	0	0	0	0	0	0	0	224	0	906	0	0	0	3436	0	2830	0	0	0	2590	0	4848	0	630	0	374	0	354	0	1270	508	1502	428	0	0	0	0	6316	0	0	0	2718	0	29040	0	0	0	14020	0	0	0	0	0	0	0	0	0	0	0	0	0	0	0	0	0	0	0	0	0	0	0	0	0	0	0	
121288	Temporal_Sup_R	0	1800	0	342	0	0	0	118	0	0	0	312	0	0	0	590	0	3450	0	154	0	0	0	0	0	0	0	0	0	6260	0	0	0	0	0	88	0	5562	0	168	0	0	0	128	0	180	0	0	0	518	0	582	0	146	0	1086	0	574	0	0	0	368	0	4758	0	4338	0	738	0	340	0	0	0	674	0	0	0	0	0	1584	0	0	0	5242	0	14806	0	726	0	5012	0	0	0	0	0	0	0	0	0	0	0	0	0	0	0	0	0	0	0	0	0	0	0	0	0	0	
126292	Temporal_Pole_Sup_L	0	0	1088	0	2820	0	296	0	356	0	1086	0	1078	0	6540	0	388	0	0	0	1978	424	0	0	0	0	1068	0	7680	158	286	0	0	0	0	0	780	0	1538	0	1360	0	0	0	0	0	0	0	0	0	0	0	0	0	4530	0	0	0	0	0	0	0	0	0	0	0	0	0	0	0	1594	1102	2470	98	0	0	0	0	0	0	2718	0	0	0	8866	0	5938	0	6906	0	0	0	0	0	0	0	0	0	0	0	0	0	0	0	0	0	0	0	0	0	0	0	0	0	0	0	
68188	Temporal_Pole_Sup_R	0	0	0	0	0	730	0	0	0	0	0	0	0	0	0	1756	0	92	0	0	0	732	0	0	0	130	0	712	0	2724	0	120	0	0	0	0	0	322	0	1380	0	1678	0	0	0	0	0	0	0	0	0	0	0	0	0	3244	0	0	0	0	0	0	0	0	0	0	0	0	0	0	0	944	0	568	0	0	0	0	0	152	0	5242	0	0	0	6168	0	4272	0	3128	0	0	0	0	0	0	0	0	0	0	0	0	0	0	0	0	0	0	0	0	0	0	0	0	0	0	
373932	Temporal_Mid_L	1956	0	128	0	0	0	0	0	0	0	0	0	0	0	0	0	5344	0	0	0	0	0	0	0	0	0	0	0	7236	0	0	0	0	0	190	0	2466	0	120	0	230	0	358	0	1388	0	0	0	7462	0	24752	0	3772	0	4520	0	2922	0	364	0	10738	0	11054	0	10226	0	8700	0	440	0	238	86	342	0	0	0	0	0	8738	0	29040	0	8866	0	0	0	4752	0	30538	0	0	0	0	0	0	0	0	0	0	0	0	0	0	0	0	0	0	0	0	0	0	0	0	0	0	0	
237116	Temporal_Mid_R	0	5252	0	1986	0	0	0	0	0	0	0	0	0	0	0	260	0	512	0	822	0	0	0	0	0	0	0	0	0	3564	0	0	0	648	0	2058	0	9032	0	706	0	266	0	3622	0	1298	0	1084	0	3426	0	9488	0	1432	0	4704	0	312	0	0	0	352	0	1258	0	3682	382	6600	0	530	0	0	0	0	0	0	0	104	0	386	0	14806	0	6168	0	0	0	2622	0	31196	0	0	0	0	0	0	0	0	0	0	0	0	0	0	0	0	0	0	0	0	0	0	0	0	0	0	
35948	Temporal_Pole_Mid_L	0	0	0	0	0	0	0	0	0	0	0	0	0	0	0	0	0	0	0	0	0	0	0	0	0	0	0	0	0	0	0	0	0	0	0	0	0	0	246	0	0	0	0	0	0	0	0	0	0	0	0	0	0	0	2836	0	0	0	0	0	0	0	0	0	0	0	0	0	0	0	0	0	0	0	0	0	0	0	0	0	0	0	5938	0	4752	0	0	0	4202	0	0	0	0	0	0	0	0	0	0	0	0	0	0	0	0	0	0	0	0	0	0	0	0	0	0	0	
22684	Temporal_Pole_Mid_R	0	0	0	0	0	0	0	0	0	0	0	0	0	0	0	0	0	0	0	0	0	0	0	0	0	0	0	0	0	270	0	0	0	0	0	0	0	0	0	538	0	268	0	0	0	0	0	0	0	0	0	0	0	0	0	996	0	0	0	0	0	0	0	0	0	0	0	0	0	0	0	0	0	0	0	0	0	0	0	0	0	726	0	4272	0	2622	0	0	0	1650	0	0	0	0	0	0	0	0	0	0	0	0	0	0	0	0	0	0	0	0	0	0	0	0	0	0	
231476	Temporal_Inf_L	704	0	394	0	0	0	200	0	0	0	0	0	136	0	0	0	626	0	248	0	0	0	0	0	0	0	0	0	7476	0	0	0	0	0	588	0	9702	100	616	0	286	0	492	0	1150	0	268	0	0	0	2926	0	2752	0	18996	0	618	0	0	0	1250	0	1088	0	462	0	2000	0	0	0	1776	458	2256	366	0	0	220	0	1118	0	14020	0	6906	0	30538	0	4202	0	0	0	576	0	0	0	0	0	0	0	224	0	0	0	0	0	0	0	0	0	0	0	0	0	0	0	0	0	
233212	Temporal_Inf_R	0	4870	0	1966	0	0	0	632	0	0	0	0	0	0	0	0	0	592	0	774	0	0	0	0	0	0	0	0	0	4988	0	0	0	500	0	1688	0	17080	0	4762	0	496	0	1474	0	454	0	264	0	1972	0	1926	0	1690	0	15652	0	206	0	0	0	336	0	604	0	1392	254	2714	0	378	134	1840	0	3858	0	0	0	982	0	142	0	5012	0	3128	0	31196	0	1650	0	0	0	526	0	0	0	0	0	0	0	474	0	0	0	0	0	0	0	0	0	0	0	0	0	0	0	0	
301696	Cerebelum_Crus1_L	0	0	0	0	0	0	0	0	0	0	0	0	0	0	0	0	0	0	0	0	0	0	0	0	0	0	0	0	0	0	0	0	0	0	0	0	0	0	96	0	0	0	0	0	0	0	2214	460	0	0	612	0	1230	0	9492	432	0	0	0	0	0	0	0	0	0	0	0	0	0	0	0	0	0	0	0	0	0	0	0	0	0	0	0	0	0	0	0	0	576	0	0	5760	25378	2962	300	0	4362	0	32992	3780	16190	1168	21158	728	2422	0	288	0	0	0	198	6476	9034	1816	612	112	
282744	Cerebelum_Crus1_R	0	0	0	0	0	0	0	0	0	0	0	0	0	0	0	0	0	0	0	0	0	0	0	0	0	0	0	0	0	0	0	0	0	0	0	0	0	0	0	0	0	0	0	118	0	0	336	2040	0	0	0	116	0	216	1318	6484	0	0	0	0	0	0	0	0	0	0	0	0	0	0	0	0	0	0	0	0	0	0	0	0	0	0	0	0	0	0	0	0	0	526	5760	0	1940	17598	138	586	976	2968	4240	32742	736	6018	2704	21010	666	4278	0	98	0	164	1554	9154	10106	3374	3128	280	
156616	Cerebelum_Crus2_L	0	0	0	0	0	0	0	0	0	0	0	0	0	0	0	0	0	0	0	0	0	0	0	0	0	0	0	0	0	0	0	0	0	0	0	0	0	0	0	0	0	0	0	0	0	0	160	0	0	0	0	0	88	0	214	0	0	0	0	0	0	0	0	0	0	0	0	0	0	0	0	0	0	0	0	0	0	0	0	0	0	0	0	0	0	0	0	0	0	0	25378	1940	0	3884	0	0	0	0	1726	120	18080	2068	15530	684	908	0	0	0	0	0	0	178	5470	1880	0	0	
184156	Cerebelum_Crus2_R	0	0	0	0	0	0	0	0	0	0	0	0	0	0	0	0	0	0	0	0	0	0	0	0	0	0	0	0	0	0	0	0	0	0	0	0	0	0	0	0	0	0	0	0	0	0	0	0	0	0	0	0	0	0	0	0	0	0	0	0	0	0	0	0	0	0	0	0	0	0	0	0	0	0	0	0	0	0	0	0	0	0	0	0	0	0	0	0	0	0	2962	17598	3884	0	0	0	0	0	126	2460	1854	19686	5470	21782	386	1816	0	0	0	0	0	912	8112	3980	1050	0	
27416	Cerebelum_3_L	0	0	0	0	0	0	0	0	0	0	0	0	0	0	0	0	0	0	0	0	0	0	0	0	0	0	0	0	0	0	0	0	0	0	0	0	744	0	862	0	90	0	0	0	0	0	132	0	0	0	0	0	0	0	1280	468	0	0	0	0	0	0	0	0	0	0	0	0	0	0	0	0	206	0	220	0	94	0	0	0	0	0	0	0	0	0	0	0	0	0	300	138	0	0	0	0	3188	832	1666	706	0	0	0	0	0	102	0	0	496	1050	1134	0	0	0	0	0	
42808	Cerebelum_3_R	0	0	0	0	0	0	0	0	0	0	0	0	0	0	0	0	0	0	0	0	0	0	0	0	0	0	0	0	0	0	0	0	0	0	0	0	0	0	0	0	0	0	0	0	0	0	0	462	0	0	0	0	0	0	0	5362	0	0	0	0	0	0	0	0	0	0	0	0	0	0	0	166	0	0	0	0	0	172	0	0	0	0	0	0	0	0	0	0	0	0	0	586	0	0	0	0	0	5514	0	5614	0	0	0	0	0	178	0	0	888	2164	298	0	0	0	0	0	
196640	Cerebelum_4_5_L	0	0	0	0	0	0	0	0	0	0	0	0	0	0	0	0	0	0	0	0	0	0	0	0	0	0	0	0	0	0	0	0	0	0	0	0	180	0	392	0	0	0	466	0	212	0	6678	1350	0	0	340	0	252	120	19436	1282	0	0	0	0	0	0	0	0	0	0	442	0	0	0	0	0	0	0	0	0	0	0	0	0	0	0	0	0	0	0	0	0	0	0	4362	976	0	0	3188	0	0	3276	25748	3478	0	190	0	442	4266	2156	854	176	0	324	9948	4432	0	0	2214	1140	
153936	Cerebelum_4_5_R	0	0	0	0	0	0	0	0	0	0	0	0	0	0	0	0	0	0	0	0	0	0	0	0	0	0	0	0	0	0	0	0	0	0	0	0	0	0	0	582	0	0	0	0	0	0	358	3414	0	0	0	0	0	726	300	18928	0	0	0	0	0	0	0	0	0	0	0	116	0	0	0	0	0	0	0	0	0	0	0	0	0	0	0	0	0	0	0	0	0	0	0	2968	0	0	832	5514	3276	0	502	21840	0	210	0	448	88	1168	0	0	266	3348	10506	448	0	0	794	336	
308536	Cerebelum_6_L	0	0	0	0	0	0	0	0	0	0	0	0	0	0	0	0	0	0	0	0	0	0	0	0	0	0	0	0	0	0	0	0	0	0	0	0	0	0	182	0	0	0	0	0	0	0	8706	1596	0	0	378	0	898	0	29004	1054	0	0	0	0	0	0	0	0	0	0	0	0	0	0	0	0	0	0	0	0	0	0	0	0	0	0	0	0	0	0	0	0	224	0	32992	4240	1726	126	1666	0	25748	502	0	7714	4738	0	8178	104	2636	290	450	0	0	0	3176	11840	3490	932	1286	392	
338668	Cerebelum_6_R	0	0	0	0	0	0	0	0	0	0	0	0	0	0	0	0	0	0	0	0	0	0	0	0	0	0	0	0	0	0	0	0	0	0	0	0	0	238	0	368	0	0	0	0	0	0	1822	5982	0	0	0	0	0	1006	2830	26950	0	0	0	0	0	0	0	0	0	0	0	0	0	0	0	0	0	0	0	0	0	0	0	0	0	0	0	0	0	0	0	0	0	474	3780	32742	120	2460	706	5614	3478	21840	7714	0	152	2014	898	6478	976	1960	150	0	802	3744	9608	12804	4666	3064	3452	442	
134452	Cerebelum_7b_L	0	0	0	0	0	0	0	0	0	0	0	0	0	0	0	0	0	0	0	0	0	0	0	0	0	0	0	0	0	0	0	0	0	0	0	0	0	0	0	0	0	0	0	0	0	0	0	0	0	0	0	0	0	0	222	0	0	0	0	0	0	0	0	0	0	0	0	0	0	0	0	0	0	0	0	0	0	0	0	0	0	0	0	0	0	0	0	0	0	0	16190	736	18080	1854	0	0	0	0	4738	152	0	1328	17792	518	1096	0	678	0	0	0	0	200	2140	1502	0	0	
128564	Cerebelum_7b_R	0	0	0	0	0	0	0	0	0	0	0	0	0	0	0	0	0	0	0	0	0	0	0	0	0	0	0	0	0	0	0	0	0	0	0	0	0	0	0	0	0	0	0	0	0	0	0	0	0	0	0	0	0	0	0	290	0	0	0	0	0	0	0	0	0	0	0	0	0	0	0	0	0	0	0	0	0	0	0	0	0	0	0	0	0	0	0	0	0	0	1168	6018	2068	19686	0	0	190	210	0	2014	1328	0	3838	17906	258	834	0	126	0	0	286	300	3682	3372	708	0	
203092	Cerebelum_8_L	0	0	0	0	0	0	0	0	0	0	0	0	0	0	0	0	0	0	0	0	0	0	0	0	0	0	0	0	0	0	0	0	0	0	0	0	0	0	0	0	0	0	0	0	0	0	0	0	0	0	0	0	0	0	258	0	0	0	0	0	0	0	0	0	0	0	0	0	0	0	0	0	0	0	0	0	0	0	0	0	0	0	0	0	0	0	0	0	0	0	21158	2704	15530	5470	0	0	0	0	8178	898	17792	3838	0	2498	8604	0	816	0	0	0	0	1976	6672	4476	678	0	
190080	Cerebelum_8_R	0	0	0	0	0	0	0	0	0	0	0	0	0	0	0	0	0	0	0	0	0	0	0	0	0	0	0	0	0	0	0	0	0	0	0	0	0	0	0	0	0	0	0	0	0	0	110	0	0	0	0	0	0	0	0	390	0	0	0	0	0	0	0	0	0	0	0	0	0	0	0	0	0	0	0	0	0	0	0	0	0	0	0	0	0	0	0	0	0	0	728	21010	684	21782	0	0	442	448	104	6478	518	17906	2498	0	468	9258	0	786	0	0	616	990	3670	3724	2214	216	
68980	Cerebelum_9_L	0	0	0	0	0	0	0	0	0	0	0	0	0	0	0	0	0	0	0	0	0	0	0	0	0	0	0	0	0	0	0	0	0	0	0	0	0	0	0	0	0	0	0	0	0	0	218	422	0	0	0	0	0	0	612	0	0	0	0	0	0	0	0	0	0	0	0	0	0	0	0	0	0	0	0	0	0	0	0	0	0	0	0	0	0	0	0	0	0	0	2422	666	908	386	0	0	4266	88	2636	976	1096	258	8604	468	0	98	1836	0	0	0	1924	2656	814	1118	1492	526	
71144	Cerebelum_9_R	0	0	0	0	0	0	0	0	0	0	0	0	0	0	0	0	0	0	0	0	0	0	0	0	0	0	0	0	0	0	0	0	0	0	0	0	0	0	94	0	0	0	0	0	0	0	376	110	0	0	0	0	0	0	160	198	0	0	0	0	0	0	0	0	0	0	0	0	0	0	0	0	0	0	0	0	0	0	0	0	0	0	0	0	0	0	0	0	0	0	0	4278	0	1816	102	178	2156	1168	290	1960	0	834	0	9258	98	0	0	2004	644	580	3076	1276	114	554	2950	1298	
12044	Cerebelum_10_L	0	0	0	0	0	0	0	0	0	0	0	0	0	0	0	0	0	0	0	0	0	0	0	0	0	0	0	0	0	0	0	0	0	0	0	0	0	0	0	0	0	0	0	0	0	0	0	96	0	0	0	0	0	0	0	0	0	0	0	0	0	0	0	0	0	0	0	0	0	0	0	0	0	0	0	0	0	0	0	0	0	0	0	0	0	0	0	0	0	0	288	0	0	0	0	0	854	0	450	150	678	0	816	0	1836	0	0	0	0	0	342	512	0	0	0	0	
7824	Cerebelum_10_R	0	0	0	0	0	0	0	0	0	0	0	0	0	0	0	0	0	0	0	0	0	0	0	0	0	0	0	0	0	0	0	0	0	0	0	0	0	0	0	0	0	0	0	0	0	0	0	0	0	0	0	0	0	0	0	0	0	0	0	0	0	0	0	0	0	0	0	0	0	0	0	0	0	0	0	0	0	0	0	0	0	0	0	0	0	0	0	0	0	0	0	98	0	0	0	0	176	0	0	0	0	126	0	786	0	2004	0	0	0	0	272	104	0	0	158	188	
16152	Vermis_1_2	0	0	0	0	0	0	0	0	0	0	0	0	0	0	0	0	0	0	0	0	0	0	0	0	0	0	0	0	0	0	0	0	0	0	0	0	0	0	0	0	0	0	0	0	0	0	0	0	0	0	0	0	0	0	0	778	0	0	0	0	0	0	0	0	0	0	0	0	0	0	0	0	0	0	0	0	0	0	0	0	0	0	0	0	0	0	0	0	0	0	0	0	0	0	496	888	0	266	0	802	0	0	0	0	0	644	0	0	0	3910	292	0	0	0	0	0	
49284	Vermis_3	0	0	446	0	0	0	0	0	0	0	0	0	0	0	0	0	0	0	502	0	0	0	0	0	0	0	0	0	0	0	0	0	0	0	0	0	390	0	376	0	0	0	0	0	0	0	374	0	0	0	0	0	0	180	0	3498	0	0	0	0	0	0	0	0	0	0	0	0	0	0	224	120	414	0	260	0	794	126	0	0	0	0	0	0	0	0	0	0	0	0	0	164	0	0	1050	2164	324	3348	0	3744	0	0	0	0	0	580	0	0	3910	0	1654	0	0	0	0	0	
138108	Vermis_4_5	0	0	0	0	0	0	0	0	0	0	0	0	0	0	0	0	0	0	0	0	0	0	0	0	0	0	0	0	0	0	0	0	0	0	0	212	0	188	0	100	0	0	0	0	0	0	2362	3604	0	0	0	0	0	540	2062	6310	0	0	0	0	0	0	0	0	0	0	0	312	0	0	0	0	0	0	0	0	0	0	0	0	0	0	0	0	0	0	0	0	0	0	198	1554	0	0	1134	298	9948	10506	3176	9608	0	286	0	616	1924	3076	342	272	292	1654	0	4000	0	0	2734	1746	
168528	Vermis_6	0	0	0	0	0	0	0	0	0	0	0	0	0	0	0	0	0	0	0	0	0	0	0	0	0	0	0	0	0	0	0	0	0	0	0	0	0	0	0	0	0	0	0	0	0	0	3022	3100	0	0	0	0	0	0	4014	1314	0	0	0	0	0	0	0	0	0	0	0	0	0	0	0	0	0	0	0	0	0	0	0	0	0	0	0	0	0	0	0	0	0	0	6476	9154	178	912	0	0	4432	448	11840	12804	200	300	1976	990	2656	1276	512	104	0	0	4000	0	6398	2818	4312	1028	
