data	data	563192	310592	972188	969708	131116	82828	515280	474320	44856	31044	301780	228544	253288	161624	174696	105236	288004	177256	835304	803364	94268	104520	396532	311840	38044	83188	33112	68888	627076	379228	385988	515656	261864	571108	144600	194964	283716	446512	101652	185452	44672	81276	266432	440600	136632	348768	278668	278148	153468	378892	493084	338436	319172	170188	475764	612532	388568	190524	154604	125568	187896	216200	135800	122748	171460	187352	336992	431216	166380	159556	386636	421944	400048	484252	103960	56252	173120	294008	116840	20864	254672	140548	114420	92532	323400	349060	34292	30884	309824	359884	371816	354596	338588	267676	26348	48608	273600	180292	347244	330584	213324	95380	275888	256736	114044	97296	18328	3976	13592	23704	240768	154064	227656	154608	56008	18340	
data	data	Precentral_L	Precentral_R	Frontal_Sup_L	Frontal_Sup_R	Frontal_Sup_Orb_L	Frontal_Sup_Orb_R	Frontal_Mid_L	Frontal_Mid_R	Frontal_Mid_Orb_L	Frontal_Mid_Orb_R	Frontal_Inf_Oper_L	Frontal_Inf_Oper_R	Frontal_Inf_Tri_L	Frontal_Inf_Tri_R	Frontal_Inf_Orb_L	Frontal_Inf_Orb_R	Rolandic_Oper_L	Rolandic_Oper_R	Supp_Motor_Area_L	Supp_Motor_Area_R	Olfactory_L	Olfactory_R	Frontal_Sup_Medial_L	Frontal_Sup_Medial_R	Frontal_Med_Orb_L	Frontal_Med_Orb_R	Rectus_L	Rectus_R	Insula_L	Insula_R	Cingulum_Ant_L	Cingulum_Ant_R	Cingulum_Mid_L	Cingulum_Mid_R	Cingulum_Post_L	Cingulum_Post_R	Hippocampus_L	Hippocampus_R	ParaHippocampal_L	ParaHippocampal_R	Amygdala_L	Amygdala_R	Calcarine_L	Calcarine_R	Cuneus_L	Cuneus_R	Lingual_L	Lingual_R	Occipital_Sup_L	Occipital_Sup_R	Occipital_Mid_L	Occipital_Mid_R	Occipital_Inf_L	Occipital_Inf_R	Fusiform_L	Fusiform_R	Postcentral_L	Postcentral_R	Parietal_Sup_L	Parietal_Sup_R	Parietal_Inf_L	Parietal_Inf_R	SupraMarginal_L	SupraMarginal_R	Angular_L	Angular_R	Precuneus_L	Precuneus_R	Paracentral_Lobule_L	Paracentral_Lobule_R	Caudate_L	Caudate_R	Putamen_L	Putamen_R	Pallidum_L	Pallidum_R	Thalamus_L	Thalamus_R	Heschl_L	Heschl_R	Temporal_Sup_L	Temporal_Sup_R	Temporal_Pole_Sup_L	Temporal_Pole_Sup_R	Temporal_Mid_L	Temporal_Mid_R	Temporal_Pole_Mid_L	Temporal_Pole_Mid_R	Temporal_Inf_L	Temporal_Inf_R	Cerebelum_Crus1_L	Cerebelum_Crus1_R	Cerebelum_Crus2_L	Cerebelum_Crus2_R	Cerebelum_3_L	Cerebelum_3_R	Cerebelum_4_5_L	Cerebelum_4_5_R	Cerebelum_6_L	Cerebelum_6_R	Cerebelum_7b_L	Cerebelum_7b_R	Cerebelum_8_L	Cerebelum_8_R	Cerebelum_9_L	Cerebelum_9_R	Cerebelum_10_L	Cerebelum_10_R	Vermis_1_2	Vermis_3	Vermis_4_5	Vermis_6	Vermis_7	Vermis_8	Vermis_9	Vermis_10	
563192	Precentral_L	0	2692	28008	3980	0	0	22734	1384	0	0	19724	288	4460	0	0	0	10950	136	22726	8834	0	0	274	112	0	0	0	0	14024	244	414	304	174	1848	3818	1604	7188	804	812	130	0	0	798	0	0	0	1444	0	0	0	3078	0	4934	172	4318	426	36370	178	0	0	3442	418	2768	0	200	194	1416	242	11182	102	7750	1138	7734	522	5032	208	13800	3532	3634	0	3476	0	0	0	2036	442	0	0	2752	192	0	0	0	0	0	0	0	0	0	0	0	0	0	0	0	0	0	0	0	0	0	0	0	0	0	0	
310592	Precentral_R	2692	0	136	6016	0	0	158	11578	0	0	0	8890	0	566	0	0	102	6416	222	8274	0	0	0	0	0	0	0	0	124	1940	0	96	216	2224	1956	4526	1838	8770	192	744	0	0	0	2768	0	1048	0	322	0	2096	0	2256	0	1582	184	7352	152	16416	0	442	0	3486	0	6612	0	1310	698	4046	2596	5040	226	1854	162	1922	112	214	1166	4820	110	722	0	3222	0	0	0	6232	0	0	0	8452	0	0	0	0	0	0	0	0	0	0	0	0	0	0	0	0	0	0	0	0	0	0	0	0	0	0	
972188	Frontal_Sup_L	28008	136	0	13648	11854	0	68970	6682	1824	0	23352	514	14314	0	9540	0	13408	126	86490	12126	602	0	40918	5016	1378	116	270	0	36048	282	16820	5304	4958	4172	0	134	3850	0	974	0	242	0	0	0	0	0	0	0	0	0	0	0	136	0	496	0	7870	0	0	0	0	96	88	0	0	0	0	0	2772	0	15706	740	28610	226	7194	188	2334	0	2654	0	3480	0	716	0	106	96	0	0	510	0	0	0	0	0	0	0	0	0	0	0	0	0	0	0	0	0	0	0	0	0	0	0	0	0	0	0	
969708	Frontal_Sup_R	3980	6016	13648	0	0	1960	3894	67714	0	98	350	15046	216	12462	0	4386	742	11032	29126	73698	0	526	14182	33632	136	2418	0	1068	1176	17460	8882	34938	7966	24076	236	294	344	4370	0	316	0	94	0	0	0	0	0	0	0	0	0	0	0	0	92	3322	774	1450	0	0	0	0	140	0	0	0	0	0	2314	0	9700	23220	2192	19968	1322	2674	1960	15750	184	132	300	896	0	216	0	264	0	0	0	1502	0	0	0	0	0	0	0	0	0	0	0	0	0	0	0	0	0	0	0	0	0	0	0	0	0	0	
131116	Frontal_Sup_Orb_L	0	0	11854	0	0	0	1672	0	7552	0	0	0	884	0	14788	0	0	0	102	0	1952	0	2342	0	2452	0	4468	0	5296	0	3764	0	0	0	0	0	90	0	0	0	350	0	0	0	0	0	0	0	0	0	0	0	0	0	0	0	0	0	0	0	0	0	0	0	0	0	0	0	0	0	866	0	6870	0	0	0	0	0	0	0	0	0	256	0	0	0	0	0	0	0	0	0	0	0	0	0	0	0	0	0	0	0	0	0	0	0	0	0	0	0	0	0	0	0	0	0	
82828	Frontal_Sup_Orb_R	0	0	0	1960	0	0	0	978	0	5950	0	0	0	0	0	3120	0	0	0	0	0	1490	176	2928	918	7962	138	8308	0	602	730	2146	0	0	0	0	0	0	0	0	0	0	0	0	0	0	0	0	0	0	0	0	0	0	0	0	0	0	0	0	0	0	0	0	0	0	0	0	0	0	0	2118	0	1890	0	0	0	0	0	0	0	0	0	0	0	0	0	0	0	0	0	0	0	0	0	0	0	0	0	0	0	0	0	0	0	0	0	0	0	0	0	0	0	0	0	0	
515280	Frontal_Mid_L	22734	158	68970	3894	1672	0	0	2394	1568	0	21338	152	29294	0	10242	0	4844	0	11498	2256	0	0	18086	2458	0	0	0	0	19852	126	6700	2692	2366	2660	0	116	252	0	0	0	0	0	0	0	0	0	0	0	0	0	0	0	304	0	316	0	4302	0	0	0	0	112	0	0	0	0	0	0	712	0	3538	232	4006	104	1166	0	2332	582	1466	0	1658	0	272	0	0	112	0	0	104	0	0	0	0	0	0	0	0	0	0	0	0	0	0	0	0	0	0	0	0	0	0	0	0	0	0	0	
474320	Frontal_Mid_R	1384	11578	6682	67714	0	978	2394	0	0	1314	258	22586	212	16926	0	6352	360	11002	8012	8946	0	0	1932	4658	0	238	0	92	586	11952	2706	10492	940	3888	0	126	0	2786	0	264	0	0	0	0	0	0	0	0	0	0	0	0	0	0	0	1560	206	2594	0	0	0	0	0	96	0	0	0	0	0	94	6022	5660	840	7166	390	474	1038	872	0	94	0	876	0	0	0	456	0	0	0	1364	0	0	0	0	0	0	0	0	0	0	0	0	0	0	0	0	0	0	0	0	0	0	0	0	0	0	
44856	Frontal_Mid_Orb_L	0	0	1824	0	7552	0	1568	0	0	0	0	0	408	0	9674	0	0	0	0	0	0	0	0	0	0	0	358	0	650	0	0	0	0	0	0	0	0	0	0	0	0	0	0	0	0	0	0	0	0	0	0	0	0	0	0	0	0	0	0	0	0	0	0	0	0	0	0	0	0	0	0	0	394	0	0	0	0	0	0	0	0	0	0	0	0	0	0	0	0	0	0	0	0	0	0	0	0	0	0	0	0	0	0	0	0	0	0	0	0	0	0	0	0	0	0	0	
31044	Frontal_Mid_Orb_R	0	0	0	98	0	5950	0	1314	0	0	0	0	0	146	0	3504	0	0	0	0	0	0	0	354	0	1630	0	1368	0	462	202	176	0	0	0	0	0	0	0	0	0	0	0	0	0	0	0	0	0	0	0	0	0	0	0	0	0	0	0	0	0	0	0	0	0	0	0	0	0	0	0	0	0	318	0	0	0	0	0	0	0	0	0	0	0	0	0	0	0	0	0	0	0	0	0	0	0	0	0	0	0	0	0	0	0	0	0	0	0	0	0	0	0	0	0	0	
301780	Frontal_Inf_Oper_L	19724	0	23352	350	0	0	21338	258	0	0	0	158	18956	0	410	0	12960	0	14194	0	0	0	1688	0	0	0	0	0	21608	96	1292	208	402	0	0	0	232	0	0	0	0	0	0	0	0	0	0	0	0	0	0	0	184	0	190	0	5774	0	0	0	0	0	0	0	0	0	0	0	0	0	918	0	1122	0	0	0	0	0	1010	0	2696	0	1678	0	92	0	0	0	0	0	0	0	0	0	0	0	0	0	0	0	0	0	0	0	0	0	0	0	0	0	0	0	0	0	0	0	
228544	Frontal_Inf_Oper_R	288	8890	514	15046	0	0	152	22586	0	0	158	0	0	12442	0	1332	254	9670	954	1998	0	0	262	1362	0	0	0	0	324	13826	432	3276	160	562	0	134	0	1974	0	298	0	0	0	0	0	0	0	0	0	0	0	0	0	0	0	938	0	3066	0	0	0	0	0	0	0	0	0	0	0	0	2102	1734	218	5558	0	92	0	1298	0	98	0	1216	0	304	0	130	0	0	0	624	0	0	0	0	0	0	0	0	0	0	0	0	0	0	0	0	0	0	0	0	0	0	0	0	0	0	
253288	Frontal_Inf_Tri_L	4460	0	14314	216	884	0	29294	212	408	0	18956	0	0	0	16878	0	2210	0	6590	0	0	0	1284	0	0	0	0	0	25388	0	498	0	182	0	0	0	0	0	0	0	0	0	0	0	0	0	0	0	0	0	0	0	0	0	0	0	1720	0	0	0	0	0	0	0	0	0	0	0	0	0	196	0	586	0	0	0	0	0	418	0	1370	0	580	0	0	0	0	0	0	0	0	0	0	0	0	0	0	0	0	0	0	0	0	0	0	0	0	0	0	0	0	0	0	0	0	0	
161624	Frontal_Inf_Tri_R	0	566	0	12462	0	0	0	16926	0	146	0	12442	0	0	0	4748	0	606	2326	2488	0	0	1330	2630	0	204	0	0	0	12984	904	5246	752	2758	0	0	0	0	0	0	0	0	0	0	0	0	0	0	0	0	0	0	0	0	0	0	0	0	0	0	0	0	0	0	0	0	0	0	0	0	0	304	0	990	0	0	0	0	0	0	0	0	0	0	0	0	0	0	0	0	0	0	0	0	0	0	0	0	0	0	0	0	0	0	0	0	0	0	0	0	0	0	0	0	0	0	
174696	Frontal_Inf_Orb_L	0	0	9540	0	14788	0	10242	0	9674	0	410	0	16878	0	0	0	282	0	1614	0	1038	0	598	0	0	0	1150	0	16382	0	92	0	0	0	0	0	344	0	280	0	298	0	0	0	0	0	0	0	0	0	0	0	0	0	0	0	178	0	0	0	0	0	0	0	0	0	0	0	0	0	328	0	2156	0	0	0	0	0	0	0	322	0	754	0	0	0	0	0	0	0	0	0	0	0	0	0	0	0	0	0	0	0	0	0	0	0	0	0	0	0	0	0	0	0	0	0	
105236	Frontal_Inf_Orb_R	0	0	0	4386	0	3120	0	6352	0	3504	0	1332	0	4748	0	0	0	0	662	352	0	2088	480	450	0	0	0	1854	0	12074	118	918	254	762	0	0	0	554	0	650	0	532	0	0	0	0	0	0	0	0	0	0	0	0	0	302	0	0	0	0	0	0	0	0	0	0	0	0	0	0	0	690	0	3798	0	0	0	0	0	0	0	380	0	2148	0	0	0	110	0	0	0	0	0	0	0	0	0	0	0	0	0	0	0	0	0	0	0	0	0	0	0	0	0	0	0	0	
288004	Rolandic_Oper_L	10950	102	13408	742	0	0	4844	360	0	0	12960	254	2210	0	282	0	0	0	10064	1108	0	0	196	106	0	0	0	0	27346	262	598	358	0	104	0	88	278	132	0	0	0	0	0	0	0	0	102	0	0	0	398	0	2354	0	1840	0	13644	0	0	0	680	0	2240	0	288	0	0	0	274	0	1996	114	1546	218	214	0	706	116	7654	0	14786	0	2100	0	2796	0	0	0	3184	0	0	0	0	0	0	0	0	0	0	0	0	0	0	0	0	0	0	0	0	0	0	0	0	0	0	0	
177256	Rolandic_Oper_R	136	6416	126	11032	0	0	0	11002	0	0	0	9670	0	606	0	0	0	0	146	3208	0	0	0	104	0	0	0	0	0	12008	0	328	0	0	0	0	0	3002	0	546	0	0	0	0	0	0	0	0	0	88	0	0	0	126	0	1678	0	4442	0	0	0	272	0	2790	0	0	0	202	0	170	532	912	116	4276	0	266	0	1486	0	1672	0	6916	0	814	0	1442	0	0	0	2098	0	0	0	0	0	0	0	0	0	0	0	0	0	0	0	0	0	0	0	0	0	0	0	0	0	0	
835304	Supp_Motor_Area_L	22726	222	86490	29126	102	0	11498	8012	0	0	14194	954	6590	2326	1614	662	10064	146	0	49976	166	0	11630	4184	0	0	0	0	21746	992	7858	8260	14800	26714	1402	0	3662	0	936	0	0	0	0	0	0	0	0	0	0	0	0	0	124	136	464	198	5772	0	0	0	0	128	0	0	0	0	432	0	14666	0	14112	712	19824	270	6020	184	2330	0	1906	0	2442	0	180	0	0	132	0	0	478	90	0	0	0	0	0	0	0	0	0	0	0	0	0	0	0	0	0	0	0	0	0	0	0	0	0	0	
803364	Supp_Motor_Area_R	8834	8274	12126	73698	0	0	2256	8946	0	0	0	1998	0	2488	0	352	1108	3208	49976	0	0	0	3216	6568	0	0	0	0	1174	3414	6022	11478	14564	50760	750	10812	448	3232	0	212	0	0	0	2388	0	926	0	584	0	1242	0	992	0	930	94	3466	2018	1966	0	314	0	1730	336	108	0	920	818	9630	10760	10406	3878	19142	2466	9608	1658	2536	1478	19394	384	116	738	338	0	0	0	2278	0	0	94	2032	0	0	0	0	0	0	0	0	0	0	0	0	0	0	0	0	0	0	0	0	0	0	0	0	0	0	
94268	Olfactory_L	0	0	602	0	1952	0	0	0	0	0	0	0	0	0	1038	0	0	0	166	0	0	4740	106	0	978	94	2280	0	2508	0	4482	2138	0	0	0	0	1250	0	836	0	1622	0	0	0	0	0	0	0	0	0	0	0	0	0	696	0	0	0	0	0	0	0	0	0	0	0	0	0	0	0	7326	5138	5576	2758	170	92	0	0	0	0	0	0	420	0	0	0	0	0	166	0	0	0	0	0	0	0	0	0	0	0	0	0	0	0	0	0	0	0	0	0	0	0	0	0	0	0	
104520	Olfactory_R	0	0	0	526	0	1490	0	0	0	0	0	0	0	0	0	2088	0	0	0	0	4740	0	0	148	134	840	190	2896	0	2654	2464	3168	0	0	0	0	0	1326	0	1478	0	1842	0	0	0	0	0	0	0	0	0	0	0	0	0	1214	0	0	0	0	0	0	0	0	0	0	0	0	0	0	5830	8570	4052	4598	580	336	0	0	0	0	0	0	0	954	0	0	0	0	0	142	0	0	0	0	0	0	0	0	0	0	0	0	0	0	0	0	0	0	0	0	0	0	0	0	0	0	
396532	Frontal_Sup_Medial_L	274	0	40918	14182	2342	176	18086	1932	0	0	1688	262	1284	1330	598	480	196	0	11630	3216	106	0	0	21352	1990	840	424	0	1338	406	19772	15980	12860	23084	0	0	0	0	0	0	0	0	0	0	0	0	0	0	0	0	0	0	0	0	0	0	172	0	0	0	0	0	0	0	0	0	0	0	0	0	372	0	878	0	0	0	0	0	0	0	98	0	0	0	0	0	0	0	0	0	0	0	0	0	0	0	0	0	0	0	0	0	0	0	0	0	0	0	0	0	0	0	0	0	0	0	
311840	Frontal_Sup_Medial_R	112	0	5016	33632	0	2928	2458	4658	0	354	0	1362	0	2630	0	450	106	104	4184	6568	0	148	21352	0	896	5570	0	1014	166	2480	7294	23862	2870	17006	0	0	0	0	0	0	0	0	0	0	0	0	0	0	0	0	0	0	0	0	0	0	0	0	0	0	0	0	0	0	0	0	0	0	0	0	862	4318	0	3520	0	0	0	0	0	0	0	0	0	0	0	0	0	0	0	0	0	0	0	0	0	0	0	0	0	0	0	0	0	0	0	0	0	0	0	0	0	0	0	0	0	0	
38044	Frontal_Med_Orb_L	0	0	1378	136	2452	918	0	0	0	0	0	0	0	0	0	0	0	0	0	0	978	134	1990	896	0	2662	1504	182	0	0	4250	184	0	0	0	0	0	0	0	0	0	0	0	0	0	0	0	0	0	0	0	0	0	0	0	0	0	0	0	0	0	0	0	0	0	0	0	0	0	0	572	144	642	0	0	0	0	0	0	0	0	0	0	0	0	0	0	0	0	0	0	0	0	0	0	0	0	0	0	0	0	0	0	0	0	0	0	0	0	0	0	0	0	0	0	0	
83188	Frontal_Med_Orb_R	0	0	116	2418	0	7962	0	238	0	1630	0	0	0	204	0	0	0	0	0	0	94	840	840	5570	2662	0	146	5982	0	282	1932	5402	0	0	0	0	0	0	0	0	0	0	0	0	0	0	0	0	0	0	0	0	0	0	0	0	0	0	0	0	0	0	0	0	0	0	0	0	0	0	204	2932	0	2140	0	0	0	0	0	0	0	0	0	0	0	0	0	0	0	0	0	0	0	0	0	0	0	0	0	0	0	0	0	0	0	0	0	0	0	0	0	0	0	0	0	0	
33112	Rectus_L	0	0	270	0	4468	138	0	0	358	0	0	0	0	0	1150	0	0	0	0	0	2280	190	424	0	1504	146	0	184	276	0	2294	260	0	0	0	0	0	0	0	0	132	0	0	0	0	0	0	0	0	0	0	0	0	0	0	0	0	0	0	0	0	0	0	0	0	0	0	0	0	0	882	200	1256	144	0	0	0	0	0	0	0	0	0	0	0	0	0	0	0	0	0	0	0	0	0	0	0	0	0	0	0	0	0	0	0	0	0	0	0	0	0	0	0	0	0	0	
68888	Rectus_R	0	0	0	1068	0	8308	0	92	0	1368	0	0	0	0	0	1854	0	0	0	0	0	2896	0	1014	182	5982	184	0	0	1224	518	3810	0	0	0	0	0	0	0	284	0	292	0	0	0	0	0	0	0	0	0	0	0	0	0	138	0	0	0	0	0	0	0	0	0	0	0	0	0	0	0	2780	0	2450	0	0	0	0	0	0	0	0	0	0	0	0	0	0	0	0	0	0	0	0	0	0	0	0	0	0	0	0	0	0	0	0	0	0	0	0	0	0	0	0	0	0	
627076	Insula_L	14024	124	36048	1176	5296	0	19852	586	650	0	21608	324	25388	0	16382	0	27346	0	21746	1174	2508	0	1338	166	0	0	276	0	0	302	1686	590	260	104	530	444	10102	392	2562	0	2352	0	480	0	0	0	834	0	0	0	902	0	5894	0	10846	0	10050	0	0	0	286	0	400	0	0	0	388	0	246	0	3228	266	15778	292	136	0	3018	620	12474	0	13796	0	5172	0	5094	0	0	0	8002	0	0	0	0	0	0	0	0	0	0	0	0	0	0	0	0	0	0	0	0	0	0	0	0	0	0	0	
379228	Insula_R	244	1940	282	17460	0	602	126	11952	0	462	96	13826	0	12984	0	12074	262	12008	992	3414	0	2654	406	2480	0	282	0	1224	302	0	1022	5876	270	996	416	630	422	9446	0	2476	0	2614	0	0	0	0	0	136	0	0	0	0	0	136	118	5694	302	644	0	0	0	286	0	450	0	92	114	0	0	154	1096	2894	238	28592	0	216	246	2872	0	1374	96	9896	0	5232	0	3954	0	302	0	4240	0	0	0	0	0	0	0	0	0	0	0	0	0	0	0	0	0	0	0	0	0	0	0	0	0	0	
385988	Cingulum_Ant_L	414	0	16820	8882	3764	730	6700	2706	0	202	1292	432	498	904	92	118	598	0	7858	6022	4482	2464	19772	7294	4250	1932	2294	518	1686	1022	0	29210	11878	11756	406	0	0	0	0	0	0	0	0	0	0	0	0	0	0	0	0	0	0	0	0	0	332	0	0	0	0	0	0	0	0	0	0	0	0	0	12338	7256	10950	4652	0	0	0	0	128	0	342	0	0	0	0	0	0	0	0	0	0	0	0	0	0	0	0	0	0	0	0	0	0	0	0	0	0	0	0	0	0	0	0	0	0	0	
515656	Cingulum_Ant_R	304	96	5304	34938	0	2146	2692	10492	0	176	208	3276	0	5246	0	918	358	328	8260	11478	2138	3168	15980	23862	184	5402	260	3810	590	5876	29210	0	10160	24194	0	0	0	0	0	0	0	0	0	0	0	0	0	0	0	0	0	0	0	0	0	0	0	0	0	0	0	0	0	0	0	0	0	0	0	0	6066	22604	3434	14370	164	136	0	0	0	0	0	0	0	0	0	0	0	0	0	0	0	0	0	0	0	0	0	0	0	0	0	0	0	0	0	0	0	0	0	0	0	0	0	0	0	0	
261864	Cingulum_Mid_L	174	216	4958	7966	0	0	2366	940	0	0	402	160	182	752	0	254	0	0	14800	14564	0	0	12860	2870	0	0	0	0	260	270	11878	10160	0	25646	3542	682	0	0	0	0	0	0	812	0	1492	0	0	0	0	110	988	0	716	0	290	0	216	0	164	0	0	0	0	0	530	0	3754	1242	3346	796	370	0	104	0	0	0	0	0	0	0	0	0	0	0	0	100	0	0	0	0	0	0	0	0	0	0	0	0	0	0	0	0	0	0	0	0	0	0	0	0	0	0	0	0	0	0	
571108	Cingulum_Mid_R	1848	2224	4172	24076	0	0	2660	3888	0	0	0	562	0	2758	0	762	104	0	26714	50760	0	0	23084	17006	0	0	0	0	104	996	11756	24194	25646	0	784	12116	0	182	0	0	0	0	0	2690	0	2618	0	748	0	2764	0	1228	0	352	0	680	120	1466	0	124	0	380	0	0	0	370	1446	16430	4730	9982	286	0	344	0	262	0	98	0	0	0	94	110	0	0	0	658	0	0	0	1086	0	0	0	0	0	0	0	0	0	0	0	0	0	0	0	0	0	0	0	0	92	0	0	0	0	0	
144600	Cingulum_Post_L	3818	1956	0	236	0	0	0	0	0	0	0	0	0	0	0	0	0	0	1402	750	0	0	0	0	0	0	0	0	530	416	406	0	3542	784	0	6818	7488	2698	580	316	0	0	3576	0	788	0	2340	0	0	0	422	0	292	0	2160	362	782	0	0	0	0	0	0	0	0	0	7252	684	7384	146	0	1552	0	860	0	0	2644	6802	568	0	0	120	0	0	0	276	0	0	1142	282	0	0	0	0	0	0	0	0	126	0	0	0	0	0	0	0	0	0	0	0	0	0	0	0	0	0	
194964	Cingulum_Post_R	1604	4526	134	294	0	0	116	126	0	0	0	134	0	0	0	0	88	0	0	10812	0	0	0	0	0	0	0	0	444	630	0	0	682	12116	6818	0	4072	6978	190	1130	0	0	0	2644	170	856	0	2148	0	222	0	130	0	88	394	918	308	702	0	0	0	94	0	0	0	0	2336	14088	790	6338	160	1226	172	986	114	118	1290	7650	442	0	0	0	0	0	0	532	0	0	0	1080	0	0	0	0	0	0	0	0	100	0	0	0	0	0	0	0	0	0	0	0	492	0	0	0	0	0	
283716	Hippocampus_L	7188	1838	3850	344	90	0	252	0	0	0	232	0	0	0	344	0	278	0	3662	448	1250	0	0	0	0	0	0	0	10102	422	0	0	0	0	7488	4072	0	2324	16674	246	7962	0	1520	0	0	0	5364	0	0	0	0	0	348	0	18918	212	1226	0	0	0	0	0	0	0	0	0	3858	0	212	0	584	1086	8142	802	720	126	7172	6666	2580	0	552	96	1654	0	228	270	0	0	9234	196	390	0	136	0	0	0	88	0	284	0	0	0	128	0	0	0	0	0	0	0	0	0	0	0	0	0	
446512	Hippocampus_R	804	8770	0	4370	0	0	0	2786	0	0	0	1974	0	0	0	554	132	3002	0	3232	0	1326	0	0	0	0	0	0	392	9446	0	0	0	182	2698	6978	2324	0	250	25302	0	11282	0	1364	0	0	168	3562	0	120	0	0	0	318	334	44952	368	1392	0	0	0	242	0	622	0	188	506	4418	102	206	224	2756	208	22758	100	1978	866	13388	272	224	96	2402	0	2040	0	6258	0	0	0	23666	0	0	0	0	132	0	282	504	0	0	0	0	0	0	0	0	0	0	0	90	346	0	0	0	0	0	
101652	ParaHippocampal_L	812	192	974	0	0	0	0	0	0	0	0	0	0	0	280	0	0	0	936	0	836	0	0	0	0	0	0	0	2562	0	0	0	0	0	580	190	16674	250	0	0	3472	0	0	0	0	0	3288	98	0	0	0	0	176	0	9626	0	112	0	0	0	0	0	0	0	0	0	434	0	0	0	0	104	2318	138	110	0	1570	900	0	0	132	0	1168	0	0	0	364	0	1736	0	94	0	0	0	210	0	276	0	214	0	0	0	0	0	0	0	0	0	0	0	0	0	0	0	0	0	
185452	ParaHippocampal_R	130	744	0	316	0	0	0	264	0	0	0	298	0	0	0	650	0	546	0	212	0	1478	0	0	0	0	0	284	0	2476	0	0	0	0	316	1130	246	25302	0	0	0	9412	0	156	0	0	116	4090	0	0	0	0	0	226	0	21956	0	0	0	0	0	146	0	0	0	112	88	1328	0	0	0	294	0	4050	0	768	0	2492	0	0	0	450	0	2814	0	1960	0	904	0	5822	0	0	0	0	0	0	234	916	0	0	0	0	0	0	0	0	0	0	0	0	0	0	0	0	0	0	
44672	Amygdala_L	0	0	242	0	350	0	0	0	0	0	0	0	0	0	298	0	0	0	0	0	1622	0	0	0	0	0	132	0	2352	0	0	0	0	0	0	0	7962	0	3472	0	0	0	0	0	0	0	0	0	0	0	0	0	0	0	3852	0	0	0	0	0	0	0	0	0	0	0	0	0	0	0	310	0	384	0	0	0	0	0	0	0	0	0	1058	0	0	0	0	0	302	0	0	0	0	0	0	0	0	0	0	0	0	0	0	0	0	0	0	0	0	0	0	0	0	0	0	0	
81276	Amygdala_R	0	0	0	94	0	0	0	0	0	0	0	0	0	0	0	532	0	0	0	0	0	1842	0	0	0	0	0	292	0	2614	0	0	0	0	0	0	0	11282	0	9412	0	0	0	0	0	0	0	0	0	0	0	0	0	0	0	7832	0	0	0	0	0	0	0	0	0	0	0	0	0	0	0	288	0	1954	0	0	0	0	0	0	0	98	0	2910	0	540	0	158	0	620	0	0	0	0	0	0	0	170	0	0	0	0	0	0	0	0	0	0	0	0	0	0	0	0	0	0	
266432	Calcarine_L	798	0	0	0	0	0	0	0	0	0	0	0	0	0	0	0	0	0	0	0	0	0	0	0	0	0	0	0	480	0	0	0	812	0	3576	0	1520	0	0	0	0	0	0	6458	8944	3286	15688	2754	7090	2008	29536	380	16932	468	9582	580	1468	0	392	0	212	0	142	0	282	0	14622	602	816	0	0	0	0	0	0	0	0	0	0	0	0	0	0	0	1498	0	0	0	1334	0	90	0	0	0	0	0	0	0	522	0	0	0	0	0	0	0	0	0	0	0	130	214	0	0	0	0	
440600	Calcarine_R	0	2768	0	0	0	0	0	0	0	0	0	0	0	0	0	0	0	0	0	2388	0	0	0	0	0	0	0	0	0	0	0	0	0	2690	0	2644	0	1364	0	156	0	0	6458	0	5556	39884	610	21394	0	29974	0	27762	0	14974	0	16326	0	666	0	2520	0	1434	0	0	0	1680	466	27172	102	2480	0	0	0	0	0	0	0	0	0	0	0	0	0	0	0	5602	0	0	0	2478	0	0	0	0	0	0	0	0	0	292	0	0	0	0	0	0	0	0	0	0	348	112	0	0	0	0	
136632	Cuneus_L	0	0	0	0	0	0	0	0	0	0	0	0	0	0	0	0	0	0	0	0	0	0	0	0	0	0	0	0	0	0	0	0	1492	0	788	170	0	0	0	0	0	0	8944	5556	0	7724	1218	394	14510	1788	8176	1236	866	414	416	98	0	0	2256	0	0	0	0	0	0	0	8838	3338	94	0	0	0	0	0	0	0	0	0	0	0	0	0	0	0	0	0	0	0	0	0	0	0	0	0	0	0	0	0	0	0	0	0	0	0	0	0	0	0	0	0	0	0	0	0	0	0	
348768	Cuneus_R	0	1048	0	0	0	0	0	0	0	0	0	0	0	0	0	0	0	0	0	926	0	0	0	0	0	0	0	0	0	0	0	0	0	2618	0	856	0	0	0	0	0	0	3286	39884	7724	0	0	3734	0	37984	0	26210	0	6876	0	1452	0	228	0	6276	0	510	0	0	0	704	4688	26630	0	768	0	0	0	0	0	0	0	0	0	0	0	0	0	0	0	1446	0	0	0	536	0	0	0	0	0	0	0	0	0	0	0	0	0	0	0	0	0	0	0	0	0	0	0	0	0	0	
278668	Lingual_L	1444	0	0	0	0	0	0	0	0	0	0	0	0	0	0	0	102	0	0	0	0	0	0	0	0	0	0	0	834	0	0	0	0	0	2340	0	5364	168	3288	116	0	0	15688	610	1218	0	0	1930	4212	0	13988	0	13016	0	19988	660	808	0	944	0	316	0	0	0	0	0	7198	0	446	0	0	206	0	114	0	0	944	478	0	0	94	0	0	0	174	0	0	0	1424	0	7922	768	2892	194	232	0	6944	1232	13010	1138	0	0	0	0	0	0	0	0	0	0	2778	3062	1050	0	0	0	
278148	Lingual_R	0	322	0	0	0	0	0	0	0	0	0	0	0	0	0	0	0	0	0	584	0	0	0	0	0	0	0	0	0	136	0	0	0	748	0	2148	0	3562	98	4090	0	0	2754	21394	394	3734	1930	0	0	6498	0	2806	0	8576	96	23856	0	146	0	0	0	0	0	0	0	0	0	6762	0	616	0	0	0	262	0	106	0	644	0	0	0	0	0	0	0	360	0	0	0	590	1552	5718	1652	840	194	184	2824	7390	790	9346	0	0	0	0	96	0	0	0	0	288	7546	4024	2938	114	154	212	
153468	Occipital_Sup_L	0	0	0	0	0	0	0	0	0	0	0	0	0	0	0	0	0	0	0	0	0	0	0	0	0	0	0	0	0	0	0	0	0	0	0	0	0	0	0	0	0	0	7090	0	14510	0	4212	0	0	0	23030	0	3960	0	500	0	184	0	11118	0	1936	0	0	0	322	0	9672	96	0	0	0	0	0	0	0	0	0	0	0	0	0	0	0	0	0	0	0	0	0	0	0	0	0	0	0	0	0	0	104	0	0	0	0	0	0	0	0	0	0	0	0	0	0	0	0	0	
378892	Occipital_Sup_R	0	2096	0	0	0	0	0	0	0	0	0	0	0	0	0	0	0	88	0	1242	0	0	0	0	0	0	0	0	0	0	0	0	110	2764	0	222	0	120	0	0	0	0	2008	29974	1788	37984	0	6498	0	0	0	36160	0	6374	0	2506	0	2704	0	13958	0	5326	0	344	0	9480	2386	16618	0	2992	0	0	0	0	0	0	0	0	0	0	0	274	0	0	0	3426	0	0	0	2004	0	0	0	0	0	0	0	0	0	0	0	0	0	0	0	0	0	0	0	0	0	0	0	0	0	0	
493084	Occipital_Mid_L	3078	0	0	0	0	0	0	0	0	0	0	0	0	0	0	0	398	0	0	0	0	0	0	0	0	0	0	0	902	0	0	0	988	0	422	0	0	0	0	0	0	0	29536	0	8176	0	13988	0	23030	0	0	0	39800	0	12564	0	13134	0	18148	0	9528	0	2224	0	19292	0	24072	156	3766	94	0	0	0	0	0	0	0	0	294	0	354	0	0	0	16176	0	0	0	5290	0	176	0	0	0	0	0	122	0	590	0	0	0	0	0	0	0	0	0	0	0	0	244	0	0	0	0	
338436	Occipital_Mid_R	0	2256	0	0	0	0	0	0	0	0	0	0	0	0	0	0	0	0	0	992	0	0	0	0	0	0	0	0	0	0	0	0	0	1228	0	130	0	0	0	0	0	0	380	27762	1236	26210	0	2806	0	36160	0	0	0	9244	0	2160	0	752	0	5198	0	8572	0	694	0	14908	1288	12286	0	1694	0	0	0	0	0	0	0	0	0	0	0	106	0	0	0	11476	0	0	0	1680	0	0	0	0	0	0	0	0	0	0	0	0	0	0	0	0	0	0	0	0	0	0	0	0	0	0	
319172	Occipital_Inf_L	4934	0	136	0	0	0	304	0	0	0	184	0	0	0	0	0	2354	0	124	0	0	0	0	0	0	0	0	0	5894	0	0	0	716	0	292	0	348	0	176	0	0	0	16932	0	866	0	13016	0	3960	0	39800	0	0	0	24434	0	5726	0	2742	0	2766	0	1174	0	4208	0	6200	90	2776	0	140	0	0	0	0	0	112	0	2664	0	736	0	0	0	9108	0	0	0	5544	0	268	0	0	0	0	0	132	0	524	0	0	0	0	0	0	0	0	0	0	0	0	206	0	0	0	0	
170188	Occipital_Inf_R	172	1582	0	0	0	0	0	0	0	0	0	0	0	0	0	0	0	126	136	930	0	0	0	0	0	0	0	0	0	136	0	0	0	352	0	88	0	318	0	226	0	0	468	14974	414	6876	0	8576	0	6374	0	9244	0	0	0	18522	0	636	0	700	0	286	0	0	0	236	388	6822	208	514	0	0	0	0	0	0	0	0	0	0	0	0	0	0	0	2286	0	0	0	3060	0	260	0	0	0	0	0	0	0	184	0	0	0	0	0	0	0	0	0	0	0	0	0	0	0	0	
475764	Fusiform_L	4318	184	496	92	0	0	316	0	0	0	190	0	0	0	0	0	1840	0	464	94	696	0	0	0	0	0	0	0	10846	118	0	0	290	0	2160	394	18918	334	9626	0	3852	0	9582	0	416	0	19988	96	500	0	12564	0	24434	0	0	96	3384	0	726	0	814	0	374	0	1254	0	5454	0	1384	0	150	0	2372	174	0	0	1276	674	3820	0	1470	0	5054	0	3142	0	1582	0	20032	0	19652	0	3980	0	236	0	7382	216	23490	136	938	0	1542	0	432	0	118	0	0	0	1204	1846	566	104	0	0	
612532	Fusiform_R	426	7352	0	3322	0	0	0	1560	0	0	0	938	0	0	0	302	0	1678	198	3466	0	1214	0	0	0	0	0	138	0	5694	0	0	0	680	362	918	212	44952	0	21956	0	7832	580	16326	98	1452	660	23856	0	2506	0	2160	0	18522	96	0	0	1826	0	154	0	440	0	696	0	346	136	7092	332	564	0	2010	0	14944	0	1166	398	4402	0	418	0	1848	0	5530	0	7262	0	1468	0	31686	756	14782	956	1354	0	772	1346	6978	374	17558	0	0	0	1676	0	104	0	0	0	138	3182	1966	1898	252	0	0	
388568	Postcentral_L	36370	152	7870	774	0	0	4302	206	0	0	5774	0	1720	0	178	0	13644	0	5772	2018	0	0	172	0	0	0	0	0	10050	302	332	0	216	120	782	308	1226	368	112	0	0	0	1468	0	0	0	808	0	184	0	13134	0	5726	0	3384	0	0	0	6872	0	19346	0	9270	0	5040	0	6920	0	2856	0	1230	0	754	408	100	0	3092	422	3824	0	11110	0	0	0	3572	0	0	0	1996	0	0	0	0	0	0	0	0	0	0	0	0	0	0	0	0	0	0	0	0	0	0	0	0	0	0	0	
190524	Postcentral_R	178	16416	0	1450	0	0	0	2594	0	0	0	3066	0	0	0	0	0	4442	0	1966	0	0	0	0	0	0	0	0	0	644	0	0	0	1466	0	702	0	1392	0	0	0	0	0	666	0	228	0	146	0	2704	0	752	0	636	0	1826	0	0	0	3440	0	7338	0	18468	0	1548	244	3978	0	10178	0	684	0	138	0	0	0	528	0	148	0	962	0	0	0	3958	0	0	0	2376	0	0	0	0	0	0	0	0	0	0	0	0	0	0	0	0	0	0	0	0	0	0	0	0	0	0	
154604	Parietal_Sup_L	0	0	0	0	0	0	0	0	0	0	0	0	0	0	0	0	0	0	0	0	0	0	0	0	0	0	0	0	0	0	0	0	164	0	0	0	0	0	0	0	0	0	392	0	2256	0	944	0	11118	0	18148	0	2742	0	726	0	6872	0	0	0	8648	0	100	0	7306	0	16572	208	0	0	0	0	0	0	0	0	0	0	0	0	0	0	0	0	658	0	0	0	448	0	0	0	0	0	0	0	0	0	0	0	0	0	0	0	0	0	0	0	0	0	0	0	0	0	0	0	
125568	Parietal_Sup_R	0	442	0	0	0	0	0	0	0	0	0	0	0	0	0	0	0	0	0	314	0	0	0	0	0	0	0	0	0	0	0	0	0	124	0	0	0	0	0	0	0	0	0	2520	0	6276	0	0	0	13958	0	5198	0	700	0	154	0	3440	0	0	0	7536	0	1516	0	5854	226	5466	0	1110	0	0	0	0	0	0	0	0	0	0	0	370	0	0	0	4272	0	0	0	3308	0	0	0	0	0	0	0	0	0	0	0	0	0	0	0	0	0	0	0	0	0	0	0	0	0	0	
187896	Parietal_Inf_L	3442	0	0	0	0	0	0	0	0	0	0	0	0	0	0	0	680	0	0	0	0	0	0	0	0	0	0	0	286	0	0	0	0	0	0	0	0	0	0	0	0	0	212	0	0	0	316	0	1936	0	9528	0	2766	0	814	0	19346	0	8648	0	0	0	14782	0	13954	0	2188	0	124	0	0	0	0	0	0	0	0	0	0	0	2070	0	0	0	8608	0	0	0	4248	0	0	0	0	0	0	0	0	0	0	0	0	0	0	0	0	0	0	0	0	0	0	0	0	0	0	0	
216200	Parietal_Inf_R	418	3486	96	0	0	0	112	0	0	0	0	0	0	0	0	0	0	272	128	1730	0	0	0	0	0	0	0	0	0	286	0	0	0	380	0	94	0	242	0	146	0	0	0	1434	0	510	0	0	0	5326	0	8572	0	286	0	440	0	7338	0	7536	0	0	0	9510	0	25594	858	3496	192	1748	0	0	108	0	102	0	0	0	0	120	0	1592	0	0	0	19308	0	0	0	6640	0	0	0	0	0	0	0	0	0	0	0	0	0	0	0	0	0	0	0	0	0	0	0	0	0	0	
135800	SupraMarginal_L	2768	0	88	140	0	0	0	0	0	0	0	0	0	0	0	0	2240	0	0	336	0	0	0	0	0	0	0	0	400	0	0	0	0	0	0	0	0	0	0	0	0	0	142	0	0	0	0	0	0	0	2224	0	1174	0	374	0	9270	0	100	0	14782	0	0	0	9256	0	506	0	0	0	0	0	0	0	0	0	0	0	0	0	7710	0	0	0	12272	0	0	0	4118	0	0	0	0	0	0	0	0	0	0	0	0	0	0	0	0	0	0	0	0	0	0	0	0	0	0	0	
122748	SupraMarginal_R	0	6612	0	0	0	0	0	96	0	0	0	0	0	0	0	0	0	2790	0	108	0	0	0	0	0	0	0	0	0	450	0	0	0	0	0	0	0	622	0	0	0	0	0	0	0	0	0	0	0	344	0	694	0	0	0	696	0	18468	0	1516	0	9510	0	0	0	5992	92	438	0	342	0	292	0	0	0	0	0	264	0	726	0	4134	0	0	0	4484	0	0	0	2704	0	0	0	0	0	0	0	0	0	0	0	0	0	0	0	0	0	0	0	0	0	0	0	0	0	0	
171460	Angular_L	200	0	0	0	0	0	0	0	0	0	0	0	0	0	0	0	288	0	0	0	0	0	0	0	0	0	0	0	0	0	0	0	530	0	0	0	0	0	0	0	0	0	282	0	0	0	0	0	322	0	19292	0	4208	0	1254	0	5040	0	7306	0	13954	0	9256	0	0	0	6844	0	364	0	0	0	0	0	0	0	0	0	0	0	2356	0	0	0	11296	0	0	0	2938	0	0	0	0	0	0	0	0	0	0	0	0	0	0	0	0	0	0	0	0	0	0	0	0	0	0	0	
187352	Angular_R	194	1310	0	0	0	0	0	0	0	0	0	0	0	0	0	0	0	0	0	920	0	0	0	0	0	0	0	0	0	92	0	0	0	370	0	0	0	188	0	112	0	0	0	1680	0	704	0	0	0	9480	0	14908	0	236	0	346	0	1548	0	5854	0	25594	0	5992	0	0	722	2904	106	1420	0	0	0	0	0	0	0	0	0	0	0	2816	0	0	0	12934	0	0	0	3246	0	0	0	0	0	0	0	0	0	0	0	0	0	0	0	0	0	0	0	0	0	0	0	0	0	0	
336992	Precuneus_L	1416	698	0	0	0	0	0	0	0	0	0	0	0	0	0	0	0	0	432	818	0	0	0	0	0	0	0	0	388	114	0	0	3754	1446	7252	2336	3858	506	434	88	0	0	14622	466	8838	4688	7198	0	9672	2386	24072	1288	6200	388	5454	136	6920	244	16572	226	2188	858	506	92	6844	722	0	11754	3044	1502	0	140	0	184	0	104	494	1186	164	0	0	0	0	0	1826	1188	0	0	2022	768	0	0	0	0	0	0	0	0	0	0	0	0	0	0	0	0	0	0	0	0	0	0	0	0	0	0	
431216	Precuneus_R	242	4046	0	0	0	0	0	0	0	0	0	0	0	0	0	0	0	202	0	9630	0	0	0	0	0	0	0	0	0	0	0	0	1242	16430	684	14088	0	4418	0	1328	0	0	602	27172	3338	26630	0	6762	96	16618	156	12286	90	6822	0	7092	0	3978	208	5466	0	3496	0	438	0	2904	11754	0	750	14378	0	0	0	0	0	0	0	600	0	0	0	388	0	0	0	5826	0	0	0	4652	0	0	0	0	0	0	0	0	0	0	0	0	0	0	0	0	0	0	0	0	796	0	0	0	0	0	
166380	Paracentral_Lobule_L	11182	2596	2772	2314	0	0	712	0	0	0	0	0	0	0	0	0	274	0	14666	10760	0	0	0	0	0	0	0	0	246	0	0	0	3346	4730	7384	790	212	102	0	0	0	0	816	102	94	0	446	0	0	0	3766	0	2776	208	1384	332	2856	0	0	0	124	192	0	0	364	106	3044	750	0	640	430	0	400	0	596	0	656	0	108	0	156	0	0	0	228	212	0	0	130	188	0	0	0	0	0	0	0	0	0	0	0	0	0	0	0	0	0	0	0	0	0	0	0	0	0	0	
159556	Paracentral_Lobule_R	102	5040	0	0	0	0	0	94	0	0	0	0	0	0	0	0	0	170	0	10406	0	0	0	0	0	0	0	0	0	154	0	0	796	9982	146	6338	0	206	0	0	0	0	0	2480	0	768	0	616	0	2992	94	1694	0	514	0	564	0	10178	0	1110	0	1748	0	342	0	1420	1502	14378	640	0	0	0	0	0	0	0	0	0	0	0	0	388	0	0	0	2890	0	0	0	2026	0	0	0	0	0	0	0	0	0	0	0	0	0	0	0	0	0	0	0	0	0	0	0	0	0	0	
386636	Caudate_L	7750	226	15706	9700	866	0	3538	6022	0	0	918	2102	196	0	328	0	1996	532	14112	3878	7326	5830	372	862	572	204	882	0	3228	1096	12338	6066	370	286	0	160	584	224	0	0	310	0	0	0	0	0	0	0	0	0	0	0	140	0	150	0	1230	0	0	0	0	0	0	0	0	0	0	0	430	0	0	18316	30142	8142	8178	2874	12044	1760	378	0	470	0	0	0	104	126	0	0	140	114	0	0	0	0	0	0	0	0	0	0	0	0	0	0	0	0	0	0	0	0	0	0	0	0	0	0	
421944	Caudate_R	1138	1854	740	23220	0	2118	232	5660	0	0	0	1734	0	304	0	690	114	912	712	19142	5138	8570	0	4318	144	2932	200	2780	266	2894	7256	22604	0	0	1552	1226	1086	2756	104	294	0	288	0	0	0	0	206	0	0	0	0	0	0	0	0	2010	0	684	0	0	0	0	0	292	0	0	140	0	0	0	18316	0	8708	28176	2310	4796	1766	19390	98	0	0	234	0	0	0	104	0	0	0	764	0	0	0	0	0	0	0	0	0	0	0	0	0	0	0	0	0	0	0	0	0	0	0	0	0	0	
400048	Putamen_L	7734	162	28610	2192	6870	0	4006	840	394	0	1122	218	586	0	2156	0	1546	116	19824	2466	5576	4052	878	0	642	0	1256	0	15778	238	10950	3434	104	344	0	172	8142	208	2318	0	384	0	0	0	0	0	0	0	0	0	0	0	0	0	2372	0	754	0	0	0	0	108	0	0	0	0	0	0	400	0	30142	8708	0	5940	10422	1584	3512	194	232	0	452	0	282	0	0	108	0	0	1496	0	0	0	0	0	0	0	0	0	0	0	0	0	0	0	0	0	0	0	0	0	0	0	0	0	0	0	
484252	Putamen_R	522	1922	226	19968	0	1890	104	7166	0	318	0	5558	0	990	0	3798	218	4276	270	9608	2758	4598	0	3520	0	2140	144	2450	292	28592	4652	14370	0	0	860	986	802	22758	138	4050	0	1954	0	0	0	0	114	262	0	0	0	0	0	0	174	14944	408	138	0	0	0	0	0	0	0	0	184	0	0	0	8142	28176	5940	0	1356	4802	832	8794	96	0	114	2862	0	2322	0	2420	0	108	0	8040	0	0	0	0	0	0	0	0	0	0	0	0	0	0	0	0	0	0	0	0	0	0	0	0	0	0	
103960	Pallidum_L	5032	112	7194	1322	0	0	1166	390	0	0	0	0	0	0	0	0	214	0	6020	1658	170	580	0	0	0	0	0	0	136	0	0	164	0	262	0	114	720	100	110	0	0	0	0	0	0	0	0	0	0	0	0	0	0	0	0	0	100	0	0	0	0	102	0	0	0	0	0	0	596	0	8178	2310	10422	1356	0	1342	2008	0	0	0	0	0	0	0	0	102	0	0	0	0	0	0	0	0	0	0	0	0	0	0	0	0	0	0	0	0	0	0	0	0	0	0	0	0	0	0	
56252	Pallidum_R	208	214	188	2674	0	0	0	474	0	0	0	92	0	0	0	0	0	266	184	2536	92	336	0	0	0	0	0	0	0	216	0	136	0	0	0	118	126	1978	0	768	0	0	0	0	0	0	0	106	0	0	0	0	0	0	0	1166	0	0	0	0	0	0	0	0	0	0	104	0	0	0	2874	4796	1584	4802	1342	0	0	592	0	0	0	0	0	0	0	0	0	0	0	154	0	0	0	0	0	0	0	0	0	0	0	0	0	0	0	0	0	0	0	0	0	0	0	0	0	0	
173120	Thalamus_L	13800	1166	2334	1960	0	0	2332	1038	0	0	0	0	0	0	0	0	706	0	2330	1478	0	0	0	0	0	0	0	0	3018	246	0	0	0	98	2644	1290	7172	866	1570	0	0	0	0	0	0	0	944	0	0	0	0	0	112	0	1276	398	3092	0	0	0	0	0	0	0	0	0	494	0	656	0	12044	1766	3512	832	2008	0	0	12034	686	0	558	94	0	0	354	88	0	0	1402	162	0	0	0	0	0	0	0	0	0	0	0	0	0	0	0	0	0	0	0	0	0	0	0	0	0	0	
294008	Thalamus_R	3532	4820	0	15750	0	0	582	872	0	0	0	1298	0	0	0	0	116	1486	0	19394	0	0	0	0	0	0	0	0	620	2872	0	0	0	0	6802	7650	6666	13388	900	2492	0	0	0	0	0	0	478	644	0	0	0	0	0	0	674	4402	422	528	0	0	0	0	0	264	0	0	1186	600	0	0	1760	19390	194	8794	0	592	12034	0	556	0	0	914	0	0	0	1150	0	0	104	2978	0	0	0	0	0	0	0	0	100	0	0	0	0	0	0	0	0	0	0	0	0	0	0	0	0	0	
116840	Heschl_L	3634	110	2654	184	0	0	1466	0	0	0	1010	0	418	0	0	0	7654	0	1906	384	0	0	0	0	0	0	0	0	12474	0	128	0	0	0	568	442	2580	272	0	0	0	0	0	0	0	0	0	0	0	0	294	0	2664	0	3820	0	3824	0	0	0	0	0	0	0	0	0	164	0	108	0	378	98	232	96	0	0	686	556	0	0	3992	0	146	0	1236	0	0	0	4242	0	0	0	0	0	0	0	0	0	0	0	0	0	0	0	0	0	0	0	0	0	0	0	0	0	0	0	
20864	Heschl_R	0	722	0	132	0	0	0	94	0	0	0	98	0	0	0	0	0	1672	0	116	0	0	0	0	0	0	0	0	0	1374	0	0	0	0	0	0	0	224	0	0	0	0	0	0	0	0	0	0	0	0	0	0	0	0	0	418	0	148	0	0	0	120	0	726	0	0	0	0	0	0	0	0	0	0	0	0	0	0	0	0	0	3450	0	0	0	536	0	0	0	602	0	0	0	0	0	0	0	0	0	0	0	0	0	0	0	0	0	0	0	0	0	0	0	0	0	0	
254672	Temporal_Sup_L	3476	0	3480	300	0	0	1658	0	0	0	2696	0	1370	0	322	0	14786	0	2442	738	0	0	98	0	0	0	0	0	13796	96	342	0	0	94	0	0	552	96	132	0	0	0	0	0	0	0	94	0	0	0	354	0	736	0	1470	0	11110	0	0	0	2070	0	7710	0	2356	0	0	0	156	0	470	0	452	114	0	0	558	0	3992	0	0	0	10364	0	26152	0	172	0	12532	0	0	0	0	0	0	0	0	0	0	0	0	0	0	0	0	0	0	0	0	0	0	0	0	0	0	0	
140548	Temporal_Sup_R	0	3222	0	896	0	0	0	876	0	0	0	1216	0	0	0	380	0	6916	0	338	0	0	0	0	0	0	0	0	0	9896	0	0	0	110	120	0	96	2402	0	450	0	98	0	0	0	0	0	0	0	274	0	106	0	0	0	1848	0	962	0	370	0	1592	0	4134	0	2816	0	388	0	388	0	234	0	2862	0	0	94	914	0	3450	0	0	0	4702	0	12658	0	696	0	4770	0	0	0	0	0	0	0	0	0	0	0	0	0	0	0	0	0	0	0	0	0	0	0	0	0	0	
114420	Temporal_Pole_Sup_L	0	0	716	0	256	0	272	0	0	0	1678	0	580	0	754	0	2100	0	180	0	420	0	0	0	0	0	0	0	5172	0	0	0	0	0	0	0	1654	0	1168	0	1058	0	0	0	0	0	0	0	0	0	0	0	0	0	5054	0	0	0	0	0	0	0	0	0	0	0	0	0	0	0	0	0	282	0	0	0	0	0	146	0	10364	0	0	0	10304	0	4980	0	10072	0	0	0	0	0	0	0	0	0	0	0	0	0	0	0	0	0	0	0	0	0	0	0	0	0	0	0	
92532	Temporal_Pole_Sup_R	0	0	0	216	0	0	0	0	0	0	0	304	0	0	0	2148	0	814	0	0	0	954	0	0	0	0	0	0	0	5232	0	0	0	0	0	0	0	2040	0	2814	0	2910	0	0	0	0	0	0	0	0	0	0	0	0	0	5530	0	0	0	0	0	0	0	0	0	0	0	0	0	0	0	0	0	2322	0	0	0	0	0	0	0	4702	0	0	0	6452	0	7014	0	2814	0	0	0	0	0	0	0	0	0	0	0	0	0	0	0	0	0	0	0	0	0	0	0	0	0	0	
323400	Temporal_Mid_L	2036	0	106	0	0	0	0	0	0	0	92	0	0	0	0	0	2796	0	0	0	0	0	0	0	0	0	0	0	5094	0	0	0	0	0	0	0	228	0	0	0	0	0	1498	0	0	0	174	0	0	0	16176	0	9108	0	3142	0	3572	0	658	0	8608	0	12272	0	11296	0	1826	0	228	0	104	0	0	0	0	0	354	0	1236	0	26152	0	10304	0	0	0	5316	0	39324	0	0	0	0	0	0	0	0	0	0	0	0	0	0	0	0	0	0	0	0	0	0	0	0	0	0	0	
349060	Temporal_Mid_R	442	6232	96	264	0	0	112	456	0	0	0	130	0	0	0	0	0	1442	132	2278	0	0	0	0	0	0	0	0	0	3954	0	0	100	658	276	532	270	6258	0	1960	0	540	0	5602	0	1446	0	360	0	3426	0	11476	0	2286	0	7262	0	3958	0	4272	0	19308	0	4484	0	12934	1188	5826	212	2890	126	104	108	2420	102	0	88	1150	0	536	0	12658	0	6452	0	0	0	3078	0	34646	0	0	0	0	0	0	0	0	0	0	0	0	0	0	0	0	0	0	0	0	0	0	0	0	0	0	
34292	Temporal_Pole_Mid_L	0	0	0	0	0	0	0	0	0	0	0	0	0	0	0	0	0	0	0	0	0	0	0	0	0	0	0	0	0	0	0	0	0	0	0	0	0	0	364	0	0	0	0	0	0	0	0	0	0	0	0	0	0	0	1582	0	0	0	0	0	0	0	0	0	0	0	0	0	0	0	0	0	0	0	0	0	0	0	0	0	172	0	4980	0	5316	0	0	0	4732	0	0	0	0	0	0	0	0	0	0	0	0	0	0	0	0	0	0	0	0	0	0	0	0	0	0	0	
30884	Temporal_Pole_Mid_R	0	0	0	0	0	0	0	0	0	0	0	0	0	0	0	110	0	0	0	0	0	0	0	0	0	0	0	0	0	302	0	0	0	0	0	0	0	0	0	904	0	158	0	0	0	0	0	0	0	0	0	0	0	0	0	1468	0	0	0	0	0	0	0	0	0	0	0	0	0	0	0	0	0	108	0	0	0	0	0	0	0	696	0	7014	0	3078	0	0	0	1604	0	0	0	0	0	0	0	0	0	0	0	0	0	0	0	0	0	0	0	0	0	0	0	0	0	0	
309824	Temporal_Inf_L	2752	0	510	0	0	0	104	0	0	0	0	0	0	0	0	0	3184	0	478	94	166	0	0	0	0	0	0	0	8002	0	0	0	0	0	1142	0	9234	0	1736	0	302	0	1334	0	0	0	1424	0	0	0	5290	0	5544	0	20032	0	1996	0	448	0	4248	0	4118	0	2938	0	2022	0	130	0	140	0	1496	0	0	0	1402	104	4242	0	12532	0	10072	0	39324	0	4732	0	0	0	2114	0	326	0	0	0	192	0	598	0	196	0	214	0	0	0	0	0	0	0	0	0	0	0	0	0	
359884	Temporal_Inf_R	192	8452	0	1502	0	0	0	1364	0	0	0	624	0	0	0	0	0	2098	90	2032	0	142	0	0	0	0	0	0	0	4240	0	0	0	1086	282	1080	196	23666	0	5822	0	620	0	2478	0	536	0	590	0	2004	0	1680	0	3060	0	31686	0	2376	0	3308	0	6640	0	2704	0	3246	768	4652	188	2026	114	764	0	8040	0	154	162	2978	0	602	0	4770	0	2814	0	34646	0	1604	0	0	0	1368	0	120	0	0	0	0	0	166	0	0	0	210	0	0	0	0	0	0	0	0	0	0	0	0	
371816	Cerebelum_Crus1_L	0	0	0	0	0	0	0	0	0	0	0	0	0	0	0	0	0	0	0	0	0	0	0	0	0	0	0	0	0	0	0	0	0	0	0	0	390	0	94	0	0	0	90	0	0	0	7922	1552	0	0	176	0	268	0	19652	756	0	0	0	0	0	0	0	0	0	0	0	0	0	0	0	0	0	0	0	0	0	0	0	0	0	0	0	0	0	0	0	0	2114	0	0	1534	33642	1772	836	0	17224	748	47210	1806	10478	224	12308	1592	3078	0	524	0	168	322	5820	5480	6138	1900	90	0	
354596	Cerebelum_Crus1_R	0	0	0	0	0	0	0	0	0	0	0	0	0	0	0	0	0	0	0	0	0	0	0	0	0	0	0	0	0	0	0	0	0	0	0	0	0	0	0	0	0	0	0	0	0	0	768	5718	0	0	0	0	0	260	0	14782	0	0	0	0	0	0	0	0	0	0	0	0	0	0	0	0	0	0	0	0	0	0	0	0	0	0	0	0	0	0	0	0	0	1368	1534	0	2214	27596	0	3088	4372	12792	1940	42614	126	4160	466	18790	0	3706	0	152	138	232	9624	4604	11308	4210	572	164	
338588	Cerebelum_Crus2_L	0	0	0	0	0	0	0	0	0	0	0	0	0	0	0	0	0	0	0	0	0	0	0	0	0	0	0	0	0	0	0	0	0	0	0	0	136	0	0	0	0	0	0	0	0	0	2892	1652	0	0	0	0	0	0	3980	956	0	0	0	0	0	0	0	0	0	0	0	0	0	0	0	0	0	0	0	0	0	0	0	0	0	0	0	0	0	0	0	0	326	0	33642	2214	0	4980	242	0	4278	102	13464	2878	36458	1652	31360	828	7912	0	946	0	0	92	2122	4520	9668	1994	0	0	
267676	Cerebelum_Crus2_R	0	0	0	0	0	0	0	0	0	0	0	0	0	0	0	0	0	0	0	0	0	0	0	0	0	0	0	0	0	0	0	0	0	0	0	0	0	0	0	0	0	0	0	0	0	0	194	840	0	0	0	0	0	0	0	1354	0	0	0	0	0	0	0	0	0	0	0	0	0	0	0	0	0	0	0	0	0	0	0	0	0	0	0	0	0	0	0	0	0	120	1772	27596	4980	0	94	782	2872	1096	1644	8360	1692	18298	2114	26600	164	5254	0	0	108	0	4310	3056	13100	6680	626	132	
26348	Cerebelum_3_L	0	0	0	0	0	0	0	0	0	0	0	0	0	0	0	0	0	0	0	0	0	0	0	0	0	0	0	0	0	0	0	0	0	0	0	0	0	132	210	0	0	0	0	0	0	0	232	194	0	0	0	0	0	0	236	0	0	0	0	0	0	0	0	0	0	0	0	0	0	0	0	0	0	0	0	0	0	0	0	0	0	0	0	0	0	0	0	0	0	0	836	0	242	94	0	0	5496	0	1766	0	0	0	504	188	232	0	0	0	466	1100	768	0	286	192	0	0	
48608	Cerebelum_3_R	0	0	0	0	0	0	0	0	0	0	0	0	0	0	0	0	0	0	0	0	0	0	0	0	0	0	0	0	0	0	0	0	0	0	0	0	0	0	0	0	0	0	0	0	0	0	0	184	0	0	0	0	0	0	0	772	0	0	0	0	0	0	0	0	0	0	0	0	0	0	0	0	0	0	0	0	0	0	0	0	0	0	0	0	0	0	0	0	0	0	0	3088	0	782	0	0	98	7666	0	5924	0	0	0	946	0	110	0	0	386	1402	1594	194	590	470	98	0	
273600	Cerebelum_4_5_L	0	0	0	0	0	0	0	0	0	0	0	0	0	0	0	0	0	0	0	0	0	0	0	0	0	0	0	0	0	0	0	0	0	0	0	0	88	282	276	234	0	0	0	0	0	0	6944	2824	0	0	122	0	132	0	7382	1346	0	0	0	0	0	0	0	0	0	0	0	0	0	0	0	0	0	0	0	0	0	0	0	0	0	0	0	0	0	0	0	0	192	0	17224	4372	4278	2872	5496	98	0	4338	26710	4672	2012	0	5900	3904	4802	266	118	0	664	1178	14568	3348	4578	4366	422	792	
180292	Cerebelum_4_5_R	0	0	0	0	0	0	0	0	0	0	0	0	0	0	0	0	0	0	0	0	0	0	0	0	0	0	0	0	0	0	0	0	0	0	0	0	0	504	0	916	0	170	0	0	0	0	1232	7390	0	0	0	0	0	0	216	6978	0	0	0	0	0	0	0	0	0	0	0	0	0	0	0	0	0	0	0	0	0	0	0	0	0	0	0	0	0	0	0	0	0	0	748	12792	102	1096	0	7666	4338	0	1094	23502	0	0	140	1568	108	1774	0	164	180	1184	12256	1342	920	994	520	252	
347244	Cerebelum_6_L	0	0	0	0	0	0	0	0	0	0	0	0	0	0	0	0	0	0	0	0	0	0	0	0	0	0	0	0	0	0	0	0	0	0	126	100	284	0	214	0	0	0	522	0	0	0	13010	790	104	0	590	0	524	0	23490	374	0	0	0	0	0	0	0	0	0	0	0	0	0	0	0	0	0	0	0	0	0	100	0	0	0	0	0	0	0	0	0	0	598	0	47210	1940	13464	1644	1766	0	26710	1094	0	1836	3362	0	6496	1614	3158	268	440	0	158	310	6714	7144	4718	2064	366	320	
330584	Cerebelum_6_R	0	0	0	0	0	0	0	0	0	0	0	0	0	0	0	0	0	0	0	0	0	0	0	0	0	0	0	0	0	0	0	0	0	0	0	0	0	0	0	0	0	0	0	292	0	0	1138	9346	0	0	0	0	0	184	136	17558	0	0	0	0	0	0	0	0	0	0	0	0	0	0	0	0	0	0	0	0	0	0	0	0	0	0	0	0	0	0	0	0	0	166	1806	42614	2878	8360	0	5924	4672	23502	1836	0	0	96	288	7006	0	1706	0	188	174	596	12996	7400	10476	2914	900	140	
213324	Cerebelum_7b_L	0	0	0	0	0	0	0	0	0	0	0	0	0	0	0	0	0	0	0	0	0	0	0	0	0	0	0	0	0	0	0	0	0	0	0	0	0	0	0	0	0	0	0	0	0	0	0	0	0	0	0	0	0	0	938	0	0	0	0	0	0	0	0	0	0	0	0	0	0	0	0	0	0	0	0	0	0	0	0	0	0	0	0	0	0	0	0	0	196	0	10478	126	36458	1692	0	0	2012	0	3362	0	0	726	34262	1076	8324	0	1554	0	0	0	510	120	2328	2500	0	0	
95380	Cerebelum_7b_R	0	0	0	0	0	0	0	0	0	0	0	0	0	0	0	0	0	0	0	0	0	0	0	0	0	0	0	0	0	0	0	0	0	0	0	0	0	0	0	0	0	0	0	0	0	0	0	0	0	0	0	0	0	0	0	0	0	0	0	0	0	0	0	0	0	0	0	0	0	0	0	0	0	0	0	0	0	0	0	0	0	0	0	0	0	0	0	0	0	0	224	4160	1652	18298	0	0	0	0	0	96	726	0	474	15802	0	3080	0	0	0	0	0	0	1574	1604	0	0	
275888	Cerebelum_8_L	0	0	0	0	0	0	0	0	0	0	0	0	0	0	0	0	0	0	0	0	0	0	0	0	0	0	0	0	0	0	0	0	0	0	0	0	128	0	0	0	0	0	0	0	0	0	0	0	0	0	0	0	0	0	1542	0	0	0	0	0	0	0	0	0	0	0	0	0	0	0	0	0	0	0	0	0	0	0	0	0	0	0	0	0	0	0	0	0	214	0	12308	466	31360	2114	504	0	5900	140	6496	288	34262	474	0	3618	18732	984	2426	0	132	160	1734	628	4364	7190	1780	0	
256736	Cerebelum_8_R	0	0	0	0	0	0	0	0	0	0	0	0	0	0	0	0	0	0	0	0	0	0	0	0	0	0	0	0	0	0	0	0	0	0	0	0	0	0	0	0	0	0	0	0	0	0	0	0	0	0	0	0	0	0	0	1676	0	0	0	0	0	0	0	0	0	0	0	0	0	0	0	0	0	0	0	0	0	0	0	0	0	0	0	0	0	0	0	0	0	210	1592	18790	828	26600	188	946	3904	1568	1614	7006	1076	15802	3618	0	506	14780	0	418	160	110	4478	1308	6916	11778	2496	0	
114044	Cerebelum_9_L	0	0	0	0	0	0	0	0	0	0	0	0	0	0	0	0	0	0	0	0	0	0	0	0	0	0	0	0	0	0	0	0	0	0	0	0	0	0	0	0	0	0	0	0	0	0	0	96	0	0	0	0	0	0	432	0	0	0	0	0	0	0	0	0	0	0	0	0	0	0	0	0	0	0	0	0	0	0	0	0	0	0	0	0	0	0	0	0	0	0	3078	0	7912	164	232	0	4802	108	3158	0	8324	0	18732	506	0	1192	2766	0	0	0	446	190	588	1536	2614	146	
97296	Cerebelum_9_R	0	0	0	0	0	0	0	0	0	0	0	0	0	0	0	0	0	0	0	0	0	0	0	0	0	0	0	0	0	0	0	0	0	0	0	0	0	0	0	0	0	0	0	0	0	0	0	0	0	0	0	0	0	0	0	104	0	0	0	0	0	0	0	0	0	0	0	0	0	0	0	0	0	0	0	0	0	0	0	0	0	0	0	0	0	0	0	0	0	0	0	3706	0	5254	0	110	266	1774	268	1706	0	3080	984	14780	1192	0	272	1066	176	0	398	1512	1370	3990	5536	1104	
18328	Cerebelum_10_L	0	0	0	0	0	0	0	0	0	0	0	0	0	0	0	0	0	0	0	0	0	0	0	0	0	0	0	0	0	0	0	0	0	0	0	0	0	0	0	0	0	0	0	0	0	0	0	0	0	0	0	0	0	0	118	0	0	0	0	0	0	0	0	0	0	0	0	0	0	0	0	0	0	0	0	0	0	0	0	0	0	0	0	0	0	0	0	0	0	0	524	0	946	0	0	0	118	0	440	0	1554	0	2426	0	2766	272	0	0	0	0	0	0	0	0	0	0	
3976	Cerebelum_10_R	0	0	0	0	0	0	0	0	0	0	0	0	0	0	0	0	0	0	0	0	0	0	0	0	0	0	0	0	0	0	0	0	0	0	0	0	0	0	0	0	0	0	0	0	0	0	0	0	0	0	0	0	0	0	0	0	0	0	0	0	0	0	0	0	0	0	0	0	0	0	0	0	0	0	0	0	0	0	0	0	0	0	0	0	0	0	0	0	0	0	0	152	0	0	0	0	0	164	0	188	0	0	0	418	0	1066	0	0	0	0	0	0	0	0	0	0	
13592	Vermis_1_2	0	0	0	0	0	0	0	0	0	0	0	0	0	0	0	0	0	0	0	0	0	0	0	0	0	0	0	0	0	0	0	0	0	0	0	0	0	0	0	0	0	0	0	0	0	0	0	0	0	0	0	0	0	0	0	0	0	0	0	0	0	0	0	0	0	0	0	0	0	0	0	0	0	0	0	0	0	0	0	0	0	0	0	0	0	0	0	0	0	0	168	138	0	108	466	386	664	180	158	174	0	0	132	160	0	176	0	0	0	2350	966	0	200	220	150	0	
23704	Vermis_3	0	0	0	0	0	0	0	0	0	0	0	0	0	0	0	0	0	0	0	0	0	0	0	0	0	0	0	0	0	0	0	0	0	0	0	0	0	90	0	0	0	0	0	0	0	0	0	288	0	0	0	0	0	0	0	138	0	0	0	0	0	0	0	0	0	0	0	0	0	0	0	0	0	0	0	0	0	0	0	0	0	0	0	0	0	0	0	0	0	0	322	232	92	0	1100	1402	1178	1184	310	596	0	0	160	110	0	0	0	0	2350	0	2074	0	108	118	0	0	
240768	Vermis_4_5	0	0	0	0	0	0	0	0	0	0	0	0	0	0	0	0	0	0	0	0	0	0	0	0	0	0	0	0	0	0	0	0	0	92	0	492	0	346	0	0	0	0	130	348	0	0	2778	7546	0	0	0	0	0	0	1204	3182	0	0	0	0	0	0	0	0	0	0	0	796	0	0	0	0	0	0	0	0	0	0	0	0	0	0	0	0	0	0	0	0	0	0	5820	9624	2122	4310	768	1594	14568	12256	6714	12996	510	0	1734	4478	446	398	0	0	966	2074	0	7616	7282	4774	860	1560	
154064	Vermis_6	0	0	0	0	0	0	0	0	0	0	0	0	0	0	0	0	0	0	0	0	0	0	0	0	0	0	0	0	0	0	0	0	0	0	0	0	0	0	0	0	0	0	214	112	0	0	3062	4024	0	0	244	0	206	0	1846	1966	0	0	0	0	0	0	0	0	0	0	0	0	0	0	0	0	0	0	0	0	0	0	0	0	0	0	0	0	0	0	0	0	0	0	5480	4604	4520	3056	0	194	3348	1342	7144	7400	120	0	628	1308	190	1512	0	0	0	0	7616	0	9816	2620	2256	2204	
