data	data	435008	159260	895180	788824	137704	85780	513040	264472	59992	28976	183804	55964	206744	70804	150596	70496	210372	79988	489204	474016	81176	76392	301604	330052	27432	74680	39912	40988	531524	204492	275748	414220	124808	448340	189236	215996	216012	338108	126052	224588	26156	60556	261648	277196	196552	303636	303040	274608	154276	267496	464436	235328	124912	88492	329980	372636	279760	206332	75444	99208	180752	100752	128668	85572	92856	94100	240600	413112	163108	91444	348040	299056	340820	279648	29044	16124	109444	103484	113244	19076	153448	99312	61504	69064	306592	204400	32216	32796	235980	239768	382980	453176	341452	282936	31340	56168	331448	202316	436560	442716	255176	122252	292456	266408	134032	140496	31416	14240	12992	60720	229028	194784	218448	147536	92600	13328	
data	data	Precentral_L	Precentral_R	Frontal_Sup_L	Frontal_Sup_R	Frontal_Sup_Orb_L	Frontal_Sup_Orb_R	Frontal_Mid_L	Frontal_Mid_R	Frontal_Mid_Orb_L	Frontal_Mid_Orb_R	Frontal_Inf_Oper_L	Frontal_Inf_Oper_R	Frontal_Inf_Tri_L	Frontal_Inf_Tri_R	Frontal_Inf_Orb_L	Frontal_Inf_Orb_R	Rolandic_Oper_L	Rolandic_Oper_R	Supp_Motor_Area_L	Supp_Motor_Area_R	Olfactory_L	Olfactory_R	Frontal_Sup_Medial_L	Frontal_Sup_Medial_R	Frontal_Med_Orb_L	Frontal_Med_Orb_R	Rectus_L	Rectus_R	Insula_L	Insula_R	Cingulum_Ant_L	Cingulum_Ant_R	Cingulum_Mid_L	Cingulum_Mid_R	Cingulum_Post_L	Cingulum_Post_R	Hippocampus_L	Hippocampus_R	ParaHippocampal_L	ParaHippocampal_R	Amygdala_L	Amygdala_R	Calcarine_L	Calcarine_R	Cuneus_L	Cuneus_R	Lingual_L	Lingual_R	Occipital_Sup_L	Occipital_Sup_R	Occipital_Mid_L	Occipital_Mid_R	Occipital_Inf_L	Occipital_Inf_R	Fusiform_L	Fusiform_R	Postcentral_L	Postcentral_R	Parietal_Sup_L	Parietal_Sup_R	Parietal_Inf_L	Parietal_Inf_R	SupraMarginal_L	SupraMarginal_R	Angular_L	Angular_R	Precuneus_L	Precuneus_R	Paracentral_Lobule_L	Paracentral_Lobule_R	Caudate_L	Caudate_R	Putamen_L	Putamen_R	Pallidum_L	Pallidum_R	Thalamus_L	Thalamus_R	Heschl_L	Heschl_R	Temporal_Sup_L	Temporal_Sup_R	Temporal_Pole_Sup_L	Temporal_Pole_Sup_R	Temporal_Mid_L	Temporal_Mid_R	Temporal_Pole_Mid_L	Temporal_Pole_Mid_R	Temporal_Inf_L	Temporal_Inf_R	Cerebelum_Crus1_L	Cerebelum_Crus1_R	Cerebelum_Crus2_L	Cerebelum_Crus2_R	Cerebelum_3_L	Cerebelum_3_R	Cerebelum_4_5_L	Cerebelum_4_5_R	Cerebelum_6_L	Cerebelum_6_R	Cerebelum_7b_L	Cerebelum_7b_R	Cerebelum_8_L	Cerebelum_8_R	Cerebelum_9_L	Cerebelum_9_R	Cerebelum_10_L	Cerebelum_10_R	Vermis_1_2	Vermis_3	Vermis_4_5	Vermis_6	Vermis_7	Vermis_8	Vermis_9	Vermis_10	
435008	Precentral_L	0	2544	14412	5250	146	0	24244	578	0	0	13030	0	896	0	0	0	13240	0	6752	4758	0	0	160	0	0	0	0	0	11206	0	566	138	1086	2402	2878	2520	4982	3100	1298	438	0	0	640	98	762	84	0	170	154	0	4920	0	1728	288	140	2242	30542	0	696	0	8388	0	2684	0	262	0	1146	536	12528	0	2256	178	8912	0	1288	0	4842	106	3890	0	1652	0	0	0	4924	294	0	0	2480	2050	0	0	0	0	0	0	0	0	0	0	0	0	0	0	0	0	0	0	0	0	0	0	0	0	0	0	
159260	Precentral_R	2544	0	1448	20806	0	0	486	3178	0	0	0	2470	0	602	0	0	0	916	1060	1264	0	0	0	124	0	0	0	0	74	430	0	414	0	876	0	128	138	3700	0	678	0	0	0	954	0	1956	0	180	0	688	0	576	0	270	0	2038	0	10116	0	638	0	1388	0	1874	0	0	0	4228	1638	1424	1386	1054	322	372	0	110	478	690	0	184	0	730	0	0	0	1698	0	0	0	3302	0	0	0	0	0	0	0	0	0	0	0	0	0	0	0	0	0	0	0	0	0	0	0	0	0	0	
895180	Frontal_Sup_L	14412	1448	0	25896	10600	0	73614	1994	3334	0	6136	0	19616	0	8790	0	3268	0	68628	21232	0	0	38218	2740	524	0	206	0	32456	190	15690	5040	3966	5690	1004	206	1162	2198	210	704	0	0	0	0	168	0	0	0	0	0	112	0	0	0	0	84	1230	346	0	0	328	0	0	0	0	0	194	0	3060	0	22444	11348	17014	846	1572	74	6170	11862	948	0	188	0	430	0	0	0	0	0	0	0	0	0	0	0	0	0	0	0	0	0	0	0	0	0	0	0	0	0	0	0	0	0	0	0	0	0	
788824	Frontal_Sup_R	5250	20806	25896	0	228	6276	6618	38618	0	1172	280	1762	86	4186	0	3420	206	4926	22448	41126	0	104	11232	41530	0	3340	0	906	1542	6940	4136	32872	328	22798	108	152	184	5826	0	790	0	0	0	296	0	470	0	168	0	0	0	78	0	262	0	2326	194	2356	0	0	0	92	0	856	0	0	0	1806	4278	0	18352	18168	3446	15186	218	1800	702	1240	154	276	0	1354	0	0	0	1322	0	0	0	2920	0	0	0	0	0	0	0	0	0	0	0	0	0	0	0	0	0	0	0	0	0	0	0	0	0	0	
137704	Frontal_Sup_Orb_L	146	0	10600	228	0	0	2870	0	8536	0	1708	0	1694	0	10210	0	776	0	1868	176	2252	0	1698	0	2158	0	4712	0	10234	0	1540	0	0	120	0	0	0	0	0	0	214	0	0	0	0	0	0	0	0	0	0	0	0	0	0	0	0	0	0	0	0	0	0	0	0	0	0	0	0	0	1454	0	5156	0	0	0	80	0	0	0	0	0	422	0	0	0	0	0	0	0	0	0	0	0	0	0	0	0	0	0	0	0	0	0	0	0	0	0	0	0	0	0	0	0	0	0	
85780	Frontal_Sup_Orb_R	0	0	0	6276	0	0	0	1844	0	4574	0	0	0	452	0	3562	0	0	0	0	0	1120	232	4814	84	5310	0	4332	0	1414	1050	2170	0	0	0	0	0	0	0	74	0	0	0	0	0	0	0	0	0	0	0	0	0	0	0	0	0	0	0	0	0	0	0	0	0	0	0	0	0	0	0	3008	0	2574	0	0	0	0	0	0	0	0	0	0	0	0	0	0	0	0	0	0	0	0	0	0	0	0	0	0	0	0	0	0	0	0	0	0	0	0	0	0	0	0	0	0	
513040	Frontal_Mid_L	24244	486	73614	6618	2870	0	0	2276	3238	0	9876	0	31230	0	8150	0	2486	0	7368	2044	0	0	15160	588	92	0	0	0	25856	0	3186	504	914	816	152	144	1148	240	116	0	0	0	0	0	114	0	0	0	0	0	126	0	0	0	0	0	834	0	0	0	386	0	0	0	0	0	192	0	1268	0	12714	1952	10194	0	1256	0	2140	74	1262	0	104	0	290	0	118	0	0	0	80	0	0	0	0	0	0	0	0	0	0	0	0	0	0	0	0	0	0	0	0	0	0	0	0	0	0	0	
264472	Frontal_Mid_R	578	3178	1994	38618	0	1844	2276	0	0	2334	0	2942	0	11986	0	5910	0	4664	554	1556	0	0	558	6808	0	120	0	0	82	8146	312	5644	0	1474	0	0	128	2264	0	318	0	116	0	0	0	0	0	0	0	0	0	0	0	0	0	1152	0	1016	0	0	0	0	0	348	0	0	0	0	0	0	4074	4562	362	11816	0	730	356	300	0	630	0	1136	0	102	0	312	0	0	0	936	0	0	0	0	0	0	0	0	0	0	0	0	0	0	0	0	0	0	0	0	0	0	0	0	0	0	
59992	Frontal_Mid_Orb_L	0	0	3334	0	8536	0	3238	0	0	0	0	0	654	0	10060	0	0	0	0	0	214	0	0	0	0	0	650	0	1676	0	0	0	0	0	0	0	0	0	0	0	0	0	0	0	0	0	0	0	0	0	0	0	0	0	0	0	0	0	0	0	0	0	0	0	0	0	0	0	0	0	330	0	1156	0	0	0	0	0	0	0	0	0	148	0	0	0	0	0	0	0	0	0	0	0	0	0	0	0	0	0	0	0	0	0	0	0	0	0	0	0	0	0	0	0	0	0	
28976	Frontal_Mid_Orb_R	0	0	0	1172	0	4574	0	2334	0	0	0	0	0	574	0	4558	0	0	0	0	0	0	0	0	0	0	0	0	0	614	0	0	0	0	0	0	0	0	0	0	0	0	0	0	0	0	0	0	0	0	0	0	0	0	0	0	0	0	0	0	0	0	0	0	0	0	0	0	0	0	0	0	0	662	0	0	0	0	0	0	0	0	0	0	0	0	0	0	0	0	0	0	0	0	0	0	0	0	0	0	0	0	0	0	0	0	0	0	0	0	0	0	0	0	0	0	
183804	Frontal_Inf_Oper_L	13030	0	6136	280	1708	0	9876	0	0	0	0	0	8608	0	342	0	10890	0	998	110	0	0	1214	0	0	0	0	0	15734	0	4684	846	230	104	480	480	756	256	128	0	0	0	0	0	0	0	0	0	0	0	90	0	90	0	0	0	5558	0	0	0	1808	0	170	0	0	0	0	0	0	0	1554	0	3458	0	74	0	116	0	588	0	136	0	1038	0	186	0	0	0	146	0	0	0	0	0	0	0	0	0	0	0	0	0	0	0	0	0	0	0	0	0	0	0	0	0	0	0	
55964	Frontal_Inf_Oper_R	0	2470	0	1762	0	0	0	2942	0	0	0	0	0	2246	0	0	0	1778	0	0	0	0	0	340	0	0	0	0	0	7316	0	622	0	0	0	0	0	882	0	236	0	0	0	0	0	0	0	0	0	0	0	0	0	0	0	210	0	1104	0	90	0	162	0	238	0	0	0	0	0	0	0	578	0	4046	0	102	0	398	0	168	0	172	0	0	0	0	0	0	0	120	0	0	0	0	0	0	0	0	0	0	0	0	0	0	0	0	0	0	0	0	0	0	0	0	0	0	
206744	Frontal_Inf_Tri_L	896	0	19616	86	1694	0	31230	0	654	0	8608	0	0	0	11524	0	836	0	1872	0	0	0	3882	0	76	0	0	0	18214	0	1662	0	296	0	0	0	0	0	0	0	0	0	0	0	0	0	0	0	0	0	0	0	0	0	0	0	282	0	0	0	0	0	0	0	0	0	0	0	0	0	540	0	764	0	0	0	0	0	84	0	0	0	556	0	0	0	0	0	0	0	0	0	0	0	0	0	0	0	0	0	0	0	0	0	0	0	0	0	0	0	0	0	0	0	0	0	
70804	Frontal_Inf_Tri_R	0	602	0	4186	0	452	0	11986	0	574	0	2246	0	0	0	5310	0	130	0	90	0	0	0	442	0	0	0	0	0	7676	0	256	0	186	0	0	0	110	0	0	0	0	0	0	0	0	0	0	0	0	0	0	0	0	0	0	0	0	0	0	0	0	0	0	0	0	0	0	0	0	0	136	0	1020	0	0	0	0	0	0	0	0	0	0	0	0	0	0	0	0	0	0	0	0	0	0	0	0	0	0	0	0	0	0	0	0	0	0	0	0	0	0	0	0	0	0	
150596	Frontal_Inf_Orb_L	0	0	8790	0	10210	0	8150	0	10060	0	342	0	11524	0	0	0	0	0	376	0	2306	0	926	0	104	0	1794	0	13022	0	246	0	76	0	0	0	80	0	78	0	344	0	0	0	0	0	0	0	0	0	0	0	0	0	0	0	0	0	0	0	0	0	0	0	0	0	0	0	0	0	1114	0	4942	0	0	0	0	0	0	0	0	0	814	0	0	0	0	0	0	0	0	0	0	0	0	0	0	0	0	0	0	0	0	0	0	0	0	0	0	0	0	0	0	0	0	0	
70496	Frontal_Inf_Orb_R	0	0	0	3420	0	3562	0	5910	0	4558	0	0	0	5310	0	0	0	0	0	0	0	770	0	130	0	0	0	762	0	7154	0	0	0	0	0	0	0	0	0	0	0	0	0	0	0	0	0	0	0	0	0	0	0	0	0	0	0	0	0	0	0	0	0	0	0	0	0	0	0	0	0	1014	0	2340	0	0	0	0	0	0	0	0	0	192	0	0	0	126	0	0	0	0	0	0	0	0	0	0	0	0	0	0	0	0	0	0	0	0	0	0	0	0	0	0	0	0	
210372	Rolandic_Oper_L	13240	0	3268	206	776	0	2486	0	0	0	10890	0	836	0	0	0	0	0	1016	104	0	0	810	0	0	0	0	0	18544	0	2322	954	134	96	998	982	1480	492	102	114	0	0	0	0	0	0	0	0	110	0	2196	0	122	0	0	0	12514	0	938	0	5398	0	2590	0	182	0	88	0	0	0	382	0	2658	0	0	0	186	0	6270	0	5118	0	664	0	4186	0	0	0	1734	0	0	0	0	0	0	0	0	0	0	0	0	0	0	0	0	0	0	0	0	0	0	0	0	0	0	0	
79988	Rolandic_Oper_R	0	916	0	4926	0	0	0	4664	0	0	0	1778	0	130	0	0	0	0	0	0	0	0	0	0	0	0	0	0	0	7760	0	324	0	0	0	0	0	284	0	0	0	0	0	0	0	0	0	0	0	0	0	0	0	0	0	0	0	4772	0	520	0	672	0	2712	0	0	0	0	0	0	0	174	0	2426	0	0	0	0	0	2720	0	4810	0	282	0	124	0	0	0	0	0	0	0	0	0	0	0	0	0	0	0	0	0	0	0	0	0	0	0	0	0	0	0	0	0	0	
489204	Supp_Motor_Area_L	6752	1060	68628	22448	1868	0	7368	554	0	0	998	0	1872	0	376	0	1016	0	0	34342	0	0	5532	2748	74	0	112	0	7114	252	9352	6840	9122	16912	1584	490	360	474	76	74	0	0	0	0	496	76	0	0	102	0	144	0	0	0	0	0	238	210	0	0	74	0	0	0	0	0	330	356	9620	0	10600	1202	6080	442	1018	0	4734	168	238	0	0	0	0	0	0	0	0	0	0	76	0	0	0	0	0	0	0	0	0	0	0	0	0	0	0	0	0	0	0	0	0	0	0	0	0	0	
474016	Supp_Motor_Area_R	4758	1264	21232	41126	176	0	2044	1556	0	0	110	0	0	90	0	0	104	0	34342	0	0	0	1028	11280	0	0	0	0	874	736	2662	13872	3340	46736	1218	4742	0	376	172	0	0	0	0	1658	80	1806	0	296	0	454	292	454	242	82	0	158	178	1180	0	0	0	0	0	0	0	0	152	8274	7884	6920	8066	1506	1784	416	0	0	80	0	0	0	0	0	0	0	154	484	0	0	0	496	0	0	0	0	0	0	0	0	0	0	0	0	0	0	0	0	0	0	0	0	74	0	0	0	0	0	
81176	Olfactory_L	0	0	0	0	2252	0	0	0	214	0	0	0	0	0	2306	0	0	0	0	0	0	5514	0	0	316	152	1810	434	2074	294	3214	1308	0	0	0	0	226	0	132	0	692	0	0	0	0	0	0	0	0	0	0	0	0	0	122	0	0	0	0	0	0	0	0	0	0	0	0	0	0	0	8130	4756	5462	1180	0	0	0	0	0	0	0	0	0	0	0	0	0	0	0	0	0	0	0	0	0	0	0	0	0	0	0	0	0	0	0	0	0	0	0	0	0	0	0	0	0	0	
76392	Olfactory_R	0	0	0	104	0	1120	0	0	0	0	0	0	0	0	0	770	0	0	0	0	5514	0	0	0	0	610	148	2040	0	2644	2536	1570	0	0	0	0	0	356	0	334	0	170	0	0	0	0	0	0	0	0	0	0	0	0	0	0	0	0	0	0	0	0	0	0	0	0	0	0	0	0	6408	6708	4318	2846	0	0	0	0	0	0	0	0	0	0	0	0	0	0	0	0	0	0	0	0	0	0	0	0	0	0	0	0	0	0	0	0	0	0	0	0	0	0	0	0	0	0	
301604	Frontal_Sup_Medial_L	160	0	38218	11232	1698	232	15160	558	0	0	1214	0	3882	0	926	0	810	0	5532	1028	0	0	0	18394	1640	802	218	0	5476	442	13718	14154	3200	8784	0	0	0	0	0	0	0	0	0	0	0	0	0	0	0	0	0	0	0	0	0	0	0	0	0	0	0	0	0	0	0	0	0	0	0	0	606	268	1924	526	0	0	0	0	0	0	0	0	0	0	0	0	0	0	0	0	0	0	0	0	0	0	0	0	0	0	0	0	0	0	0	0	0	0	0	0	0	0	0	0	0	0	
330052	Frontal_Sup_Medial_R	0	124	2740	41530	0	4814	588	6808	0	0	0	340	0	442	0	130	0	0	2748	11280	0	0	18394	0	216	5816	0	514	304	2032	4816	29636	136	18744	0	0	0	84	0	0	0	0	0	0	0	0	0	0	0	0	0	0	0	0	0	0	0	0	0	0	0	0	0	0	0	0	0	0	0	0	302	6266	172	6050	0	0	0	0	0	0	0	0	0	0	0	0	0	0	0	0	0	0	0	0	0	0	0	0	0	0	0	0	0	0	0	0	0	0	0	0	0	0	0	0	0	0	
27432	Frontal_Med_Orb_L	0	0	524	0	2158	84	92	0	0	0	0	0	76	0	104	0	0	0	74	0	316	0	1640	216	0	808	2238	0	108	0	3348	166	0	0	0	0	0	0	0	0	0	0	0	0	0	0	0	0	0	0	0	0	0	0	0	0	0	0	0	0	0	0	0	0	0	0	0	0	0	0	1066	76	622	0	0	0	0	0	0	0	0	0	0	0	0	0	0	0	0	0	0	0	0	0	0	0	0	0	0	0	0	0	0	0	0	0	0	0	0	0	0	0	0	0	0	0	
74680	Frontal_Med_Orb_R	0	0	0	3340	0	5310	0	120	0	0	0	0	0	0	0	0	0	0	0	0	152	610	802	5816	808	0	82	4264	0	0	1828	5872	0	0	0	0	0	0	0	0	0	0	0	0	0	0	0	0	0	0	0	0	0	0	0	0	0	0	0	0	0	0	0	0	0	0	0	0	0	0	126	4974	0	3236	0	0	0	0	0	0	0	0	0	0	0	0	0	0	0	0	0	0	0	0	0	0	0	0	0	0	0	0	0	0	0	0	0	0	0	0	0	0	0	0	0	0	
39912	Rectus_L	0	0	206	0	4712	0	0	0	650	0	0	0	0	0	1794	0	0	0	112	0	1810	148	218	0	2238	82	0	0	508	0	3066	196	0	0	0	0	0	0	0	0	78	0	0	0	0	0	0	0	0	0	0	0	0	0	0	0	0	0	0	0	0	0	0	0	0	0	0	0	0	0	2766	126	1246	0	0	0	0	0	0	0	0	0	0	0	0	0	0	0	0	0	0	0	0	0	0	0	0	0	0	0	0	0	0	0	0	0	0	0	0	0	0	0	0	0	0	0	
40988	Rectus_R	0	0	0	906	0	4332	0	0	0	0	0	0	0	0	0	762	0	0	0	0	434	2040	0	514	0	4264	0	0	0	1534	110	1218	0	0	0	0	0	110	0	96	0	0	0	0	0	0	0	0	0	0	0	0	0	0	0	0	0	0	0	0	0	0	0	0	0	0	0	0	0	0	392	1944	200	1638	0	0	0	0	0	0	0	0	0	0	0	0	0	0	0	0	0	0	0	0	0	0	0	0	0	0	0	0	0	0	0	0	0	0	0	0	0	0	0	0	0	0	
531524	Insula_L	11206	74	32456	1542	10234	0	25856	82	1676	0	15734	0	18214	0	13022	0	18544	0	7114	874	2074	0	5476	304	108	0	508	0	0	0	6374	1622	1130	530	1560	1786	6370	642	1622	228	1058	0	100	0	0	0	0	86	116	0	1034	0	254	156	2812	176	6512	0	202	0	1630	0	900	0	0	0	0	0	176	0	2678	132	25320	0	142	0	1584	132	10610	0	6878	0	2870	0	5746	0	0	0	6998	498	0	0	0	0	0	0	0	0	0	0	0	0	0	0	0	0	0	0	0	0	0	0	0	0	0	0	
204492	Insula_R	0	430	190	6940	0	1414	0	8146	0	614	0	7316	0	7676	0	7154	0	7760	252	736	294	2644	442	2032	0	0	0	1534	0	0	652	3480	0	1110	0	0	0	3052	0	1594	0	406	0	0	0	0	0	0	0	0	0	0	0	0	0	2022	0	1026	0	96	0	184	0	386	0	0	0	104	0	0	306	2562	0	17880	0	0	0	238	0	1090	0	4718	0	2544	0	1546	0	560	0	1116	0	0	0	0	0	0	0	0	0	0	0	0	0	0	0	0	0	0	0	0	0	0	0	0	0	0	
275748	Cingulum_Ant_L	566	0	15690	4136	1540	1050	3186	312	0	0	4684	0	1662	0	246	0	2322	0	9352	2662	3214	2536	13718	4816	3348	1828	3066	110	6374	652	0	15994	4294	3188	114	0	0	0	0	0	0	0	0	0	0	0	0	0	0	0	0	0	0	0	0	0	138	0	0	0	0	0	0	0	0	0	0	0	0	0	11672	3432	10246	1456	0	0	108	0	162	0	0	0	0	0	0	0	0	0	0	0	0	0	0	0	0	0	0	0	0	0	0	0	0	0	0	0	0	0	0	0	0	0	0	0	0	0	
414220	Cingulum_Ant_R	138	414	5040	32872	0	2170	504	5644	0	0	846	622	0	256	0	0	954	324	6840	13872	1308	1570	14154	29636	166	5872	196	1218	1622	3480	15994	0	1394	26090	328	286	0	180	0	0	0	0	0	0	0	0	0	0	0	0	0	0	0	0	0	160	0	0	0	0	0	0	0	0	0	0	0	0	0	0	3064	18100	2066	9408	0	0	0	0	0	0	0	0	0	0	0	118	0	0	0	204	0	0	0	0	0	0	0	0	0	0	0	0	0	0	0	0	0	0	0	0	0	0	0	0	0	0	
124808	Cingulum_Mid_L	1086	0	3966	328	0	0	914	0	0	0	230	0	296	0	76	0	134	0	9122	3340	0	0	3200	136	0	0	0	0	1130	0	4294	1394	0	9736	4226	1172	0	0	0	0	0	0	0	0	2046	854	0	0	1196	574	1414	0	0	0	0	0	198	0	180	0	0	0	0	0	0	0	4520	2028	4406	100	0	0	0	0	0	0	0	0	0	0	0	0	0	0	108	0	0	0	0	0	0	0	0	0	0	0	0	0	0	0	0	0	0	0	0	0	0	0	0	0	0	0	0	0	0	0	
448340	Cingulum_Mid_R	2402	876	5690	22798	120	0	816	1474	0	0	104	0	0	186	0	0	96	0	16912	46736	0	0	8784	18744	0	0	0	0	530	1110	3188	26090	9736	0	3240	7594	0	292	190	0	0	0	0	1882	252	3988	0	240	0	2266	400	1118	292	0	0	112	0	1488	0	100	0	0	0	0	0	0	1218	13084	6956	6364	2928	1100	526	848	0	0	0	0	0	0	0	0	0	0	190	548	0	0	0	356	0	0	0	0	0	0	0	0	0	0	0	0	0	0	0	0	0	0	0	0	206	0	0	0	0	0	
189236	Cingulum_Post_L	2878	0	1004	108	0	0	152	0	0	0	480	0	0	0	0	0	998	0	1584	1218	0	0	0	0	0	0	0	0	1560	0	114	328	4226	3240	0	17084	9002	3364	4074	998	0	0	5250	252	2868	204	2258	496	558	0	2588	0	924	1572	80	1192	1516	0	202	0	0	0	0	0	0	0	8784	2050	1874	0	0	0	1702	0	0	0	410	130	522	0	236	0	0	0	836	226	0	0	444	3358	0	0	0	0	0	98	0	118	0	0	0	0	0	0	0	0	0	0	0	84	1374	0	0	0	0	0	
215996	Cingulum_Post_R	2520	128	206	152	0	0	144	0	0	0	480	0	0	0	0	0	982	0	490	4742	0	0	0	0	0	0	0	0	1786	0	0	286	1172	7594	17084	0	7284	6422	3424	2008	0	0	302	3150	634	1648	1062	2322	0	252	1358	182	718	2178	0	1646	1030	264	0	0	0	0	0	0	0	0	1344	14084	1704	1064	0	0	1738	0	0	0	2058	1642	692	0	288	0	0	0	712	636	0	0	474	4354	0	118	0	0	0	124	0	156	0	0	0	0	0	0	0	0	0	0	0	104	3056	0	0	0	0	0	
216012	Hippocampus_L	4982	138	1162	184	0	0	1148	128	0	0	756	0	0	0	80	0	1480	0	360	0	226	0	0	0	0	0	0	0	6370	0	0	0	0	0	9002	7284	0	4616	13904	1778	4336	0	4270	0	0	0	3932	212	0	0	598	0	262	0	9370	0	1642	0	0	0	0	0	0	0	0	0	3842	582	0	0	220	0	6710	0	474	0	4448	1284	2032	0	1598	0	774	0	770	0	0	0	5284	0	78	0	0	0	0	110	200	130	90	0	0	0	0	0	0	0	0	0	0	96	1064	0	0	0	0	0	
338108	Hippocampus_R	3100	3700	2198	5826	0	0	240	2264	0	0	256	882	0	110	0	0	492	284	474	376	0	356	0	84	0	0	0	110	642	3052	0	180	0	292	3364	6422	4616	0	1928	32428	0	7450	0	86	0	78	892	2404	0	0	0	0	0	0	0	31530	380	292	0	0	0	0	0	86	0	0	0	2962	1734	0	386	256	830	12044	0	88	2304	6496	318	76	166	1714	0	2128	146	5312	0	266	134	12006	0	84	0	0	0	252	0	1020	0	568	0	0	0	0	0	0	0	0	0	266	624	0	0	0	0	0	
126052	ParaHippocampal_L	1298	0	210	0	0	0	116	0	0	0	128	0	0	0	78	0	102	0	76	172	132	0	0	0	0	0	0	0	1622	0	0	0	0	190	4074	3424	13904	1928	0	784	1110	0	1958	0	0	0	3986	134	0	0	3214	0	1756	150	7044	0	126	0	0	0	0	0	0	0	0	0	792	302	0	0	0	0	1022	0	226	0	1376	540	82	0	352	0	790	0	1058	82	0	0	1602	346	1642	0	232	0	0	0	1902	0	2016	0	262	0	0	0	0	0	0	0	0	0	686	0	0	0	0	0	
224588	ParaHippocampal_R	438	678	704	790	0	74	0	318	0	0	0	236	0	0	0	0	114	0	74	0	0	334	0	0	0	0	0	96	228	1594	0	0	0	0	998	2008	1778	32428	784	0	0	6102	0	392	0	0	360	4418	0	0	0	0	0	0	0	24856	78	132	0	0	0	0	0	0	0	0	0	788	108	0	0	232	192	5134	0	82	1648	3544	168	0	0	856	0	3534	0	3934	0	1034	0	6098	0	0	0	0	0	736	0	2682	0	544	0	0	0	0	0	0	0	0	0	844	124	0	0	0	0	0	
26156	Amygdala_L	0	0	0	0	214	0	0	0	0	0	0	0	0	0	344	0	0	0	0	0	692	0	0	0	0	0	78	0	1058	0	0	0	0	0	0	0	4336	0	1110	0	0	0	0	0	0	0	0	0	0	0	0	0	0	0	3580	0	0	0	0	0	0	0	0	0	0	0	0	0	0	0	0	0	226	0	0	0	0	0	0	0	166	0	478	0	0	0	0	0	796	0	0	0	0	0	0	0	0	0	0	0	0	0	0	0	0	0	0	0	0	0	0	0	0	0	0	0	
60556	Amygdala_R	0	0	0	0	0	0	0	116	0	0	0	0	0	0	0	0	0	0	0	0	0	170	0	0	0	0	0	0	0	406	0	0	0	0	0	0	0	7450	0	6102	0	0	0	0	0	0	0	0	0	0	0	0	0	0	0	8364	0	0	0	0	0	0	0	0	0	0	0	0	0	0	0	140	0	1284	0	0	406	784	0	0	0	0	0	3920	0	0	0	284	0	852	0	0	0	0	0	0	0	0	0	0	0	0	0	0	0	0	0	0	0	0	0	0	0	0	0	0	
261648	Calcarine_L	640	0	0	0	0	0	0	0	0	0	0	0	0	0	0	0	0	0	0	0	0	0	0	0	0	0	0	0	100	0	0	0	0	0	5250	302	4270	0	1958	0	0	0	0	6892	13866	3894	14696	1916	12844	962	32394	0	2646	0	4868	0	328	0	0	0	0	0	0	0	276	0	17230	384	370	0	0	0	0	0	0	0	0	0	152	0	274	0	0	0	910	0	0	0	1450	96	0	0	0	0	0	0	376	0	384	0	0	0	0	0	0	0	0	0	0	0	1018	78	0	0	0	0	
277196	Calcarine_R	98	954	0	296	0	0	0	0	0	0	0	0	0	0	0	0	0	0	0	1658	0	0	0	0	0	0	0	0	0	0	0	0	0	1882	252	3150	0	86	0	392	0	0	6892	0	4424	25868	1416	18756	0	17244	98	12110	0	5490	0	4090	0	528	0	0	0	0	0	0	0	0	864	20492	274	1746	0	0	0	0	0	0	0	0	0	0	0	0	0	0	0	3640	0	0	0	5408	0	116	0	0	0	0	0	74	0	96	0	0	0	0	0	0	0	0	0	0	204	0	0	0	0	0	
196552	Cuneus_L	762	0	168	0	0	0	114	0	0	0	0	0	0	0	0	0	0	0	496	80	0	0	0	0	0	0	0	0	0	0	0	0	2046	252	2868	634	0	0	0	0	0	0	13866	4424	0	8458	498	88	20722	2022	14400	396	92	0	0	0	2328	0	282	0	0	0	0	0	100	0	16990	3212	2610	0	0	0	0	0	0	0	0	0	0	0	0	0	0	0	368	0	0	0	0	0	0	0	0	0	0	0	0	0	0	0	0	0	0	0	0	0	0	0	0	0	0	0	0	0	0	0	
303636	Cuneus_R	84	1956	0	470	0	0	0	0	0	0	0	0	0	0	0	0	0	0	76	1806	0	0	0	0	0	0	0	0	0	0	0	0	854	3988	204	1648	0	78	0	0	0	0	3894	25868	8458	0	526	4850	180	33802	200	16454	0	284	0	1008	0	3924	0	1212	0	82	0	0	0	256	3972	29482	396	3674	0	0	0	0	0	0	0	0	0	0	0	0	0	0	0	1732	0	0	0	400	0	0	0	0	0	0	0	0	0	0	0	0	0	0	0	0	0	0	0	0	0	0	0	0	0	0	
303040	Lingual_L	0	0	0	0	0	0	0	0	0	0	0	0	0	0	0	0	0	0	0	0	0	0	0	0	0	0	0	0	0	0	0	0	0	0	2258	1062	3932	892	3986	360	0	0	14696	1416	498	526	0	5660	3518	366	22592	0	8688	0	15120	384	0	0	0	0	0	0	0	0	0	0	3784	98	0	0	0	0	0	0	0	0	184	96	0	0	96	0	0	0	136	0	0	0	342	0	4662	2036	1424	0	652	164	12806	1674	15746	4188	0	0	160	78	1078	336	806	0	0	318	4908	6596	2476	180	430	112	
274608	Lingual_R	170	180	0	168	0	0	0	0	0	0	0	0	0	0	0	0	0	0	0	296	0	0	0	0	0	0	0	0	86	0	0	0	0	240	496	2322	212	2404	134	4418	0	0	1916	18756	88	4850	5660	0	0	5100	556	6096	408	5872	1954	13182	0	232	0	0	0	0	0	0	0	0	0	8280	210	140	0	0	0	104	0	0	0	84	0	0	0	0	0	0	0	1304	0	0	0	3904	1562	2400	862	0	0	806	2842	5442	5452	8578	0	0	0	0	94	0	0	0	0	880	6632	9150	2782	0	0	0	
154276	Occipital_Sup_L	154	0	0	0	0	0	0	0	0	0	0	0	0	0	0	0	110	0	102	0	0	0	0	0	0	0	0	0	116	0	0	0	1196	0	558	0	0	0	0	0	0	0	12844	0	20722	180	3518	0	0	0	25042	0	586	0	0	0	178	0	1700	100	312	0	366	0	134	0	6764	662	418	0	0	0	0	0	0	0	0	0	230	0	168	0	0	0	758	0	0	0	220	0	0	0	0	0	0	0	0	0	0	0	0	0	0	0	0	0	0	0	0	0	0	0	0	0	0	0	
267496	Occipital_Sup_R	0	688	0	0	0	0	0	0	0	0	0	0	0	0	0	0	0	0	0	454	0	0	0	0	0	0	0	0	0	0	0	0	574	2266	0	252	0	0	0	0	0	0	962	17244	2022	33802	366	5100	0	0	0	24352	0	234	0	1436	0	7136	0	5336	0	2732	0	74	0	4148	2238	18692	140	2454	0	0	0	0	0	0	0	0	0	0	0	0	0	0	0	1046	0	0	0	0	0	0	0	0	0	0	0	0	0	0	0	0	0	0	0	0	0	0	0	0	0	0	0	0	0	0	
464436	Occipital_Mid_L	4920	0	112	0	0	0	126	0	0	0	90	0	0	0	0	0	2196	0	144	292	0	0	0	0	0	0	0	0	1034	0	0	0	1414	400	2588	1358	598	0	3214	0	0	0	32394	98	14400	200	22592	556	25042	0	0	0	19472	140	11648	0	2754	0	5946	0	9618	0	8032	0	14768	0	12838	450	838	0	0	0	0	0	0	0	0	0	2540	0	1358	0	0	0	19762	102	0	0	4084	336	252	0	0	0	0	0	1036	148	1236	226	0	0	0	0	0	0	0	0	0	0	548	318	0	0	0	0	
235328	Occipital_Mid_R	0	576	0	78	0	0	0	0	0	0	0	0	0	0	0	0	0	0	0	454	0	0	0	0	0	0	0	0	0	0	0	0	0	1118	0	182	0	0	0	0	0	0	0	12110	396	16454	0	6096	0	24352	0	0	0	4436	0	3830	0	3644	0	826	0	2864	0	258	0	12206	400	11594	136	2184	0	0	0	0	0	0	0	0	0	0	0	360	0	0	0	11378	0	0	0	1520	0	0	0	0	0	0	0	0	0	120	0	0	0	0	0	0	0	0	0	0	0	92	0	0	0	0	
124912	Occipital_Inf_L	1728	0	0	0	0	0	0	0	0	0	90	0	0	0	0	0	122	0	0	242	0	0	0	0	0	0	0	0	254	0	0	0	0	292	924	718	262	0	1756	0	0	0	2646	0	92	0	8688	408	586	0	19472	0	0	0	9670	94	94	0	0	0	0	0	0	0	0	0	150	128	100	0	0	0	0	0	0	0	0	0	278	0	0	0	0	0	4718	0	0	0	2606	96	844	98	256	0	0	0	1160	84	2420	364	0	0	0	0	80	0	0	0	0	0	424	434	78	0	0	0	
88492	Occipital_Inf_R	288	270	0	262	0	0	0	0	0	0	0	0	0	0	0	0	0	0	0	82	0	0	0	0	0	0	0	0	156	0	0	0	0	0	1572	2178	0	0	150	0	0	0	0	5490	0	284	0	5872	0	234	140	4436	0	0	0	5402	0	0	0	0	0	0	0	0	0	0	0	2402	266	0	0	0	0	0	0	0	0	0	0	0	0	0	0	0	0	2082	0	0	0	10146	0	330	0	0	0	0	0	162	112	932	0	0	0	0	0	0	0	0	0	0	230	676	92	0	0	0	
329980	Fusiform_L	140	0	0	0	0	0	0	0	0	0	0	0	0	0	0	0	0	0	0	0	122	0	0	0	0	0	0	0	2812	0	0	0	0	0	80	0	9370	0	7044	0	3580	0	4868	0	0	0	15120	1954	0	0	11648	0	9670	0	0	352	0	0	0	0	0	0	0	0	0	0	1506	0	0	0	0	0	380	0	0	0	0	0	334	0	2672	0	3646	0	2296	0	2358	0	14988	0	15036	330	948	0	0	0	17134	208	27232	1640	326	0	170	0	1240	118	454	0	0	0	1992	2544	394	102	182	0	
372636	Fusiform_R	2242	2038	84	2326	0	0	0	1152	0	0	0	210	0	0	0	0	0	0	0	158	0	0	0	0	0	0	0	0	176	2022	0	160	0	112	1192	1646	0	31530	0	24856	0	8364	0	4090	0	1008	384	13182	0	1436	0	3830	94	5402	352	0	114	912	0	0	0	0	0	0	0	0	0	1404	1830	0	0	0	0	5494	0	0	94	338	0	0	0	1728	0	7666	0	5802	0	3392	0	23586	278	4596	174	0	0	176	604	5060	836	8708	0	0	0	0	104	0	0	0	0	324	1848	2514	690	0	0	0	
279760	Postcentral_L	30542	0	1230	194	0	0	834	0	0	0	5558	0	282	0	0	0	12514	0	238	178	0	0	0	0	0	0	0	0	6512	0	138	0	198	0	1516	1030	1642	380	126	78	0	0	328	0	2328	0	0	0	178	0	2754	0	94	0	0	114	0	0	6592	0	25464	0	9906	0	168	0	3564	0	5020	0	596	0	1670	0	0	0	1072	0	5260	0	2640	0	0	0	5706	0	0	0	2980	256	0	0	0	0	0	0	0	0	0	0	0	0	0	0	0	0	0	0	0	0	0	0	0	0	0	0	
206332	Postcentral_R	0	10116	346	2356	0	0	0	1016	0	0	0	1104	0	0	0	0	0	4772	210	1180	0	0	0	0	0	0	0	0	0	1026	0	0	0	1488	0	264	0	292	0	132	0	0	0	528	0	3924	0	232	0	7136	0	3644	0	0	0	912	0	0	0	12146	0	9462	0	8626	0	1360	0	11356	372	5574	278	328	0	232	0	0	0	0	0	590	0	2280	0	0	0	7562	0	0	0	2322	0	0	0	0	0	0	0	0	0	0	0	0	0	0	0	0	0	0	0	0	0	0	0	0	0	0	
75444	Parietal_Sup_L	696	0	0	0	0	0	0	0	0	0	0	0	0	0	0	0	938	0	0	0	0	0	0	0	0	0	0	0	202	0	0	0	180	0	202	0	0	0	0	0	0	0	0	0	282	0	0	0	1700	0	5946	0	0	0	0	0	6592	0	0	0	7044	0	116	0	268	0	9502	156	598	0	0	0	0	0	0	0	0	0	1124	0	0	0	0	0	1950	0	0	0	226	0	0	0	0	0	0	0	0	0	0	0	0	0	0	0	0	0	0	0	0	0	0	0	0	0	0	0	
99208	Parietal_Sup_R	0	638	0	0	0	0	0	0	0	0	0	90	0	0	0	0	0	520	0	0	0	0	0	0	0	0	0	0	0	96	0	0	0	100	0	0	0	0	0	0	0	0	0	0	0	1212	0	0	100	5336	0	826	0	0	0	0	0	12146	0	0	0	11520	0	4074	0	3240	1162	7910	0	538	0	0	0	0	0	0	0	0	0	0	0	96	0	0	0	0	0	0	0	0	0	0	0	0	0	0	0	0	0	0	0	0	0	0	0	0	0	0	0	0	0	0	0	0	0	0	
180752	Parietal_Inf_L	8388	0	328	0	0	0	386	0	0	0	1808	0	0	0	0	0	5398	0	74	0	0	0	0	0	0	0	0	0	1630	0	0	0	0	0	0	0	0	0	0	0	0	0	0	0	0	0	0	0	312	0	9618	0	0	0	0	0	25464	0	7044	0	0	0	11398	0	9534	0	366	0	154	0	0	0	88	0	0	0	0	0	2372	0	616	0	0	0	4446	0	0	0	952	0	0	0	0	0	0	0	0	0	0	0	0	0	0	0	0	0	0	0	0	0	0	0	0	0	0	0	
100752	Parietal_Inf_R	0	1388	0	92	0	0	0	0	0	0	0	162	0	0	0	0	0	672	0	0	0	0	0	0	0	0	0	0	0	184	0	0	0	0	0	0	0	0	0	0	0	0	0	0	0	82	0	0	0	2732	0	2864	0	0	0	0	0	9462	0	11520	0	0	0	9594	0	10152	0	1222	0	0	0	128	0	0	0	0	0	0	0	0	0	122	0	0	0	0	0	0	0	0	0	0	0	0	0	0	0	0	0	0	0	0	0	0	0	0	0	0	0	0	0	0	0	0	0	0	
128668	SupraMarginal_L	2684	0	0	0	0	0	0	0	0	0	170	0	0	0	0	0	2590	0	0	0	0	0	0	0	0	0	0	0	900	0	0	0	0	0	0	0	0	0	0	0	0	0	0	0	0	0	0	0	366	0	8032	0	0	0	0	0	9906	0	116	0	11398	0	0	0	10982	0	76	0	0	0	0	0	0	0	0	0	0	0	294	0	5286	0	0	0	9566	0	0	0	1968	0	0	0	0	0	0	0	0	0	0	0	0	0	0	0	0	0	0	0	0	0	0	0	0	0	0	0	
85572	SupraMarginal_R	0	1874	0	856	0	0	0	348	0	0	0	238	0	0	0	0	0	2712	0	0	0	0	0	0	0	0	0	0	0	386	0	0	0	0	0	0	0	86	0	0	0	0	0	0	0	0	0	0	0	74	0	258	0	0	0	0	0	8626	0	4074	0	9594	0	0	0	5076	0	88	0	0	0	142	0	0	0	0	0	0	0	0	0	6276	0	0	0	2004	0	0	0	74	0	0	0	0	0	0	0	0	0	0	0	0	0	0	0	0	0	0	0	0	0	0	0	0	0	0	
92856	Angular_L	262	0	0	0	0	0	0	0	0	0	0	0	0	0	0	0	182	0	0	0	0	0	0	0	0	0	0	0	0	0	0	0	0	0	0	0	0	0	0	0	0	0	276	0	100	0	0	0	134	0	14768	0	0	0	0	0	168	0	268	0	9534	0	10982	0	0	0	166	0	0	0	0	0	0	0	0	0	0	0	0	0	928	0	0	0	7790	0	0	0	870	0	0	0	0	0	0	0	0	0	0	0	0	0	0	0	0	0	0	0	0	0	0	0	0	0	0	0	
94100	Angular_R	0	0	0	0	0	0	0	0	0	0	0	0	0	0	0	0	0	0	0	0	0	0	0	0	0	0	0	0	0	0	0	0	0	0	0	0	0	0	0	0	0	0	0	0	0	256	0	0	0	4148	0	12206	0	0	0	0	0	1360	0	3240	0	10152	0	5076	0	0	0	590	0	0	0	0	0	0	0	0	0	0	0	0	0	3224	0	0	0	6798	0	0	0	0	0	0	0	0	0	0	0	0	0	0	0	0	0	0	0	0	0	0	0	0	0	0	0	0	0	0	
240600	Precuneus_L	1146	0	194	0	0	0	192	0	0	0	0	0	0	0	0	0	88	0	330	152	0	0	0	0	0	0	0	0	0	0	0	0	4520	1218	8784	1344	3842	0	792	0	0	0	17230	864	16990	3972	3784	0	6764	2238	12838	400	150	0	1506	0	3564	0	9502	1162	366	0	76	0	166	0	0	8670	4352	486	0	0	0	0	0	0	0	0	158	0	180	0	0	0	836	0	0	0	706	0	0	0	0	0	0	0	116	0	0	0	0	0	0	0	0	0	0	0	0	0	622	0	0	0	0	0	
413112	Precuneus_R	536	4228	0	1806	0	0	0	0	0	0	0	0	0	0	0	0	0	0	356	8274	0	0	0	0	0	0	0	0	0	104	0	0	2028	13084	2050	14084	582	2962	302	788	0	0	384	20492	3212	29482	98	8280	662	18692	450	11594	128	2402	0	1404	0	11356	156	7910	0	1222	0	88	0	590	8670	0	2182	12010	0	0	0	0	0	0	0	176	0	0	0	464	0	0	94	5068	0	0	0	3730	0	98	0	0	0	140	0	330	0	0	0	0	0	0	0	0	0	0	0	78	3730	0	0	0	0	0	
163108	Paracentral_Lobule_L	12528	1638	3060	4278	0	0	1268	0	0	0	0	0	0	0	0	0	0	0	9620	7884	0	0	0	0	0	0	0	0	176	0	0	0	4406	6956	1874	1704	0	1734	0	108	0	0	370	274	2610	396	0	210	418	140	838	136	100	266	0	1830	5020	372	598	0	154	0	0	0	0	0	4352	2182	0	1044	112	0	170	0	0	0	0	0	100	0	0	0	0	0	236	420	0	0	102	1870	0	0	0	0	0	0	0	0	0	0	0	0	0	0	0	0	0	0	0	0	0	0	0	0	0	0	
91444	Paracentral_Lobule_R	0	1424	0	0	0	0	0	0	0	0	0	0	0	0	0	0	0	0	0	6920	0	0	0	0	0	0	0	0	0	0	0	0	100	6364	0	1064	0	0	0	0	0	0	0	1746	0	3674	0	140	0	2454	0	2184	0	0	0	0	0	5574	0	538	0	0	0	0	0	0	486	12010	1044	0	0	0	0	0	0	0	0	0	0	0	0	0	0	0	0	0	0	0	0	0	0	0	0	0	0	0	0	0	0	0	0	0	0	0	0	0	0	0	0	0	0	0	0	0	0	0	
348040	Caudate_L	2256	1386	22444	18352	1454	0	12714	4074	330	0	1554	0	540	0	1114	0	382	0	10600	8066	8130	6408	606	302	1066	126	2766	392	2678	306	11672	3064	0	2928	0	0	220	386	0	0	0	0	0	0	0	0	0	0	0	0	0	0	0	0	0	0	596	278	0	0	0	0	0	0	0	0	0	0	112	0	0	12888	19898	1704	2082	86	9694	248	118	0	0	0	0	0	0	0	0	0	0	0	0	0	0	0	0	0	0	0	0	0	0	0	0	0	0	0	0	0	0	0	0	0	0	0	0	0	
299056	Caudate_R	178	1054	11348	18168	0	3008	1952	4562	0	0	0	578	0	136	0	1014	0	174	1202	1506	4756	6708	268	6266	76	4974	126	1944	132	2562	3432	18100	0	1100	0	0	0	256	0	232	0	140	0	0	0	0	0	0	0	0	0	0	0	0	0	0	0	328	0	0	0	128	0	142	0	0	0	0	0	0	12888	0	5414	16554	0	2396	516	15210	0	0	0	0	0	0	0	0	0	0	0	0	0	0	0	0	0	0	0	0	0	0	0	0	0	0	0	0	0	0	0	0	0	0	0	0	0	0	
340820	Putamen_L	8912	322	17014	3446	5156	0	10194	362	1156	0	3458	0	764	0	4942	0	2658	0	6080	1784	5462	4318	1924	172	622	0	1246	200	25320	0	10246	2066	0	526	1702	1738	6710	830	1022	192	226	0	0	0	0	0	0	0	0	0	0	0	0	0	380	0	1670	0	0	0	88	0	0	0	0	0	0	0	170	0	19898	5414	0	1072	5122	0	2818	0	492	0	1378	0	716	0	0	0	0	0	422	0	0	0	0	0	0	0	0	0	0	0	0	0	0	0	0	0	0	0	0	0	0	0	0	0	0	0	
279648	Putamen_R	0	372	846	15186	0	2574	0	11816	0	662	0	4046	0	1020	0	2340	0	2426	442	416	1180	2846	526	6050	0	3236	0	1638	0	17880	1456	9408	0	848	0	0	0	12044	0	5134	0	1284	0	0	0	0	0	104	0	0	0	0	0	0	0	5494	0	232	0	0	0	0	0	0	0	0	0	0	0	0	1704	16554	1072	0	0	2594	0	1296	0	266	0	422	0	1336	0	742	0	96	0	2156	0	0	0	0	0	0	0	80	0	0	0	0	0	0	0	0	0	0	0	0	0	0	0	0	0	0	
29044	Pallidum_L	1288	0	1572	218	0	0	1256	0	0	0	74	0	0	0	0	0	0	0	1018	0	0	0	0	0	0	0	0	0	142	0	0	0	0	0	0	0	474	0	226	0	0	0	0	0	0	0	0	0	0	0	0	0	0	0	0	0	0	0	0	0	0	0	0	0	0	0	0	0	0	0	2082	0	5122	0	0	0	974	0	76	0	0	0	0	0	0	0	0	0	0	0	0	0	0	0	0	0	0	0	0	0	0	0	0	0	0	0	0	0	0	0	0	0	0	0	0	0	
16124	Pallidum_R	0	110	74	1800	0	0	0	730	0	0	0	102	0	0	0	0	0	0	0	0	0	0	0	0	0	0	0	0	0	0	0	0	0	0	0	0	0	88	0	82	0	0	0	0	0	0	0	0	0	0	0	0	0	0	0	0	0	0	0	0	0	0	0	0	0	0	0	0	0	0	86	2396	0	2594	0	0	0	0	0	0	0	0	0	0	0	0	0	0	0	0	0	0	0	0	0	0	0	0	0	0	0	0	0	0	0	0	0	0	0	0	0	0	0	0	0	0	
109444	Thalamus_L	4842	478	6170	702	80	0	2140	356	0	0	116	0	0	0	0	0	186	0	4734	80	0	0	0	0	0	0	0	0	1584	0	108	0	0	0	410	2058	4448	2304	1376	1648	0	406	0	0	0	0	184	0	0	0	0	0	0	0	0	94	1072	0	0	0	0	0	0	0	0	0	0	0	0	0	9694	516	2818	0	974	0	0	4384	324	0	176	0	0	0	132	0	0	0	128	0	0	0	0	0	0	0	0	0	0	0	0	0	0	0	0	0	0	0	0	0	0	0	0	0	0	0	
103484	Thalamus_R	106	690	11862	1240	0	0	74	300	0	0	0	398	0	0	0	0	0	0	168	0	0	0	0	0	0	0	0	0	132	238	0	0	0	0	130	1642	1284	6496	540	3544	0	784	0	0	0	0	96	84	0	0	0	0	0	0	0	338	0	0	0	0	0	0	0	0	0	0	0	176	0	0	248	15210	0	1296	0	0	4384	0	104	0	0	0	0	178	0	0	0	0	0	0	0	0	0	0	0	0	0	0	0	0	0	0	0	0	0	0	0	0	0	0	0	0	0	0	0	0	
113244	Heschl_L	3890	0	948	154	0	0	1262	0	0	0	588	0	84	0	0	0	6270	0	238	0	0	0	0	0	0	0	0	0	10610	0	162	0	0	0	522	692	2032	318	82	168	0	0	152	0	0	0	0	0	230	0	2540	0	278	0	334	0	5260	0	1124	0	2372	0	294	0	0	0	158	0	100	0	118	0	492	0	76	0	324	104	0	0	2904	0	0	0	7802	0	0	0	3836	104	0	0	0	0	0	0	0	0	0	0	0	0	0	0	0	0	0	0	0	0	0	0	0	0	0	0	
19076	Heschl_R	0	184	0	276	0	0	0	630	0	0	0	168	0	0	0	0	0	2720	0	0	0	0	0	0	0	0	0	0	0	1090	0	0	0	0	0	0	0	76	0	0	0	0	0	0	0	0	0	0	0	0	0	0	0	0	0	0	0	590	0	0	0	0	0	0	0	0	0	0	0	0	0	0	0	266	0	0	0	0	0	0	0	3538	0	0	0	0	0	0	0	0	0	0	0	0	0	0	0	0	0	0	0	0	0	0	0	0	0	0	0	0	0	0	0	0	0	0	
153448	Temporal_Sup_L	1652	0	188	0	0	0	104	0	0	0	136	0	0	0	0	0	5118	0	0	0	0	0	0	0	0	0	0	0	6878	0	0	0	0	0	236	288	1598	166	352	0	166	0	274	0	0	0	96	0	168	0	1358	0	0	0	2672	0	2640	0	0	0	616	0	5286	0	928	0	180	0	0	0	0	0	1378	0	0	0	176	0	2904	0	0	0	2392	0	21924	0	0	0	16850	0	0	0	0	0	0	0	0	0	0	0	0	0	0	0	0	0	0	0	0	0	0	0	0	0	0	0	
99312	Temporal_Sup_R	0	730	0	1354	0	0	0	1136	0	0	0	172	0	0	0	0	0	4810	0	0	0	0	0	0	0	0	0	0	0	4718	0	0	0	0	0	0	0	1714	0	856	0	0	0	0	0	0	0	0	0	0	0	360	0	0	0	1728	0	2280	0	96	0	122	0	6276	0	3224	0	464	0	0	0	0	0	422	0	0	0	0	0	3538	0	0	0	2346	0	11614	0	228	0	1468	0	0	0	0	0	0	0	0	0	0	0	0	0	0	0	0	0	0	0	0	0	0	0	0	0	0	
61504	Temporal_Pole_Sup_L	0	0	430	0	422	0	290	0	148	0	1038	0	556	0	814	0	664	0	0	0	0	0	0	0	0	0	0	0	2870	0	0	0	0	0	0	0	774	0	790	0	478	0	0	0	0	0	0	0	0	0	0	0	0	0	3646	0	0	0	0	0	0	0	0	0	0	0	0	0	0	0	0	0	716	0	0	0	0	0	0	0	2392	0	0	0	5084	0	5506	0	4134	0	0	0	0	0	0	0	0	0	0	0	0	0	0	0	0	0	0	0	0	0	0	0	0	0	0	0	
69064	Temporal_Pole_Sup_R	0	0	0	0	0	0	0	102	0	0	0	0	0	0	0	192	0	282	0	0	0	0	0	0	0	0	0	0	0	2544	0	0	0	0	0	0	0	2128	0	3534	0	3920	0	0	0	0	0	0	0	0	0	0	0	0	0	7666	0	0	0	0	0	0	0	0	0	0	0	0	0	0	0	0	0	1336	0	0	0	178	0	0	0	2346	0	0	0	3480	0	5240	0	1584	0	0	0	0	0	0	0	0	0	0	0	0	0	0	0	0	0	0	0	0	0	0	0	0	0	0	
306592	Temporal_Mid_L	4924	0	0	0	0	0	118	0	0	0	186	0	0	0	0	0	4186	0	0	154	0	0	0	0	0	0	0	0	5746	0	0	0	108	190	836	712	770	146	1058	0	0	0	910	0	368	0	136	0	758	0	19762	0	4718	0	2296	0	5706	0	1950	0	4446	0	9566	0	7790	0	836	94	236	0	0	0	0	0	0	0	132	0	7802	0	21924	0	5084	0	0	0	4558	0	35090	0	0	0	0	0	0	0	0	0	0	0	0	0	0	0	0	0	0	0	0	0	0	0	0	0	0	0	
204400	Temporal_Mid_R	294	1698	0	1322	0	0	0	312	0	0	0	0	0	0	0	0	0	124	0	484	0	0	0	0	0	0	0	0	0	1546	0	118	0	548	226	636	0	5312	82	3934	0	0	0	3640	0	1732	0	1304	0	1046	102	11378	0	2082	0	5802	0	7562	0	0	0	0	0	2004	0	6798	0	5068	420	0	0	0	0	742	0	0	0	0	0	0	0	11614	0	3480	0	0	0	2584	0	18206	0	0	0	0	0	0	0	0	0	0	0	0	0	0	0	0	0	0	0	0	0	0	0	0	0	0	
32216	Temporal_Pole_Mid_L	0	0	0	0	0	0	0	0	0	0	0	0	0	0	0	0	0	0	0	0	0	0	0	0	0	0	0	0	0	0	0	0	0	0	0	0	0	0	0	0	0	0	0	0	0	0	0	0	0	0	0	0	0	0	2358	0	0	0	0	0	0	0	0	0	0	0	0	0	0	0	0	0	0	0	0	0	0	0	0	0	0	0	5506	0	4558	0	0	0	3686	0	0	0	0	0	0	0	0	0	0	0	0	0	0	0	0	0	0	0	0	0	0	0	0	0	0	0	
32796	Temporal_Pole_Mid_R	0	0	0	0	0	0	0	0	0	0	0	0	0	0	0	126	0	0	0	0	0	0	0	0	0	0	0	0	0	560	0	0	0	0	0	0	0	266	0	1034	0	284	0	0	0	0	0	0	0	0	0	0	0	0	0	3392	0	0	0	0	0	0	0	0	0	0	0	0	0	0	0	0	0	96	0	0	0	0	0	0	0	228	0	5240	0	2584	0	0	0	2588	0	0	0	0	0	0	0	0	0	0	0	0	0	0	0	0	0	0	0	0	0	0	0	0	0	0	
235980	Temporal_Inf_L	2480	0	0	0	0	0	80	0	0	0	146	0	0	0	0	0	1734	0	0	0	0	0	0	0	0	0	0	0	6998	0	0	0	0	0	444	474	5284	134	1602	0	796	0	1450	0	0	0	342	0	220	0	4084	0	2606	0	14988	0	2980	0	226	0	952	0	1968	0	870	0	706	0	102	0	0	0	422	0	0	0	128	0	3836	0	16850	0	4134	0	35090	0	3686	0	0	0	1782	0	82	0	0	0	0	0	314	0	0	0	0	0	0	0	0	0	0	0	0	0	0	0	0	0	
239768	Temporal_Inf_R	2050	3302	0	2920	0	0	0	936	0	0	0	120	0	0	0	0	0	0	76	496	0	0	0	0	0	0	0	0	498	1116	0	204	0	356	3358	4354	0	12006	346	6098	0	852	96	5408	0	400	0	3904	0	0	336	1520	96	10146	0	23586	256	2322	0	0	0	0	0	74	0	0	0	3730	1870	0	0	0	0	2156	0	0	0	0	104	0	0	1468	0	1584	0	18206	0	2588	0	0	0	474	0	0	0	0	0	0	0	360	0	0	0	0	0	0	0	0	0	0	112	0	0	0	0	0	
382980	Cerebelum_Crus1_L	0	0	0	0	0	0	0	0	0	0	0	0	0	0	0	0	0	0	0	0	0	0	0	0	0	0	0	0	0	0	0	0	0	0	0	0	78	0	1642	0	0	0	0	0	0	0	4662	1562	0	0	252	0	844	0	15036	278	0	0	0	0	0	0	0	0	0	0	0	0	0	0	0	0	0	0	0	0	0	0	0	0	0	0	0	0	0	0	0	0	1782	0	0	2884	29020	418	1200	196	22698	102	50524	3670	11400	0	20274	540	6940	404	1804	0	0	258	1170	4520	5392	1146	794	0	
453176	Cerebelum_Crus1_R	0	0	0	0	0	0	0	0	0	0	0	0	0	0	0	0	0	0	0	0	0	0	0	0	0	0	0	0	0	0	0	0	0	0	0	118	0	84	0	0	0	0	0	116	0	0	2036	2400	0	0	0	0	98	330	330	4596	0	0	0	0	0	0	0	0	0	0	0	98	0	0	0	0	0	0	0	0	0	0	0	0	0	0	0	0	0	0	0	0	0	474	2884	0	3484	31482	162	3864	3478	26040	4198	62516	424	5058	1142	23204	1066	8086	0	994	182	1916	9842	7864	12112	2878	3032	0	
341452	Cerebelum_Crus2_L	0	0	0	0	0	0	0	0	0	0	0	0	0	0	0	0	0	0	0	0	0	0	0	0	0	0	0	0	0	0	0	0	0	0	0	0	0	0	232	0	0	0	0	0	0	0	1424	862	0	0	0	0	256	0	948	174	0	0	0	0	0	0	0	0	0	0	0	0	0	0	0	0	0	0	0	0	0	0	0	0	0	0	0	0	0	0	0	0	82	0	29020	3484	0	11172	0	0	1102	0	5104	2652	36840	5156	35612	4222	7170	344	214	0	0	0	0	1814	14178	8106	558	0	
282936	Cerebelum_Crus2_R	0	0	0	0	0	0	0	0	0	0	0	0	0	0	0	0	0	0	0	0	0	0	0	0	0	0	0	0	0	0	0	0	0	0	0	0	0	0	0	0	0	0	0	0	0	0	0	0	0	0	0	0	0	0	0	0	0	0	0	0	0	0	0	0	0	0	0	0	0	0	0	0	0	0	0	0	0	0	0	0	0	0	0	0	0	0	0	0	0	0	418	31482	11172	0	0	354	318	328	206	6516	6308	19334	2710	33172	816	6968	0	94	0	250	400	280	13522	4242	2578	0	
31340	Cerebelum_3_L	0	0	0	0	0	0	0	0	0	0	0	0	0	0	0	0	0	0	0	0	0	0	0	0	0	0	0	0	0	0	0	0	0	0	0	0	0	0	0	0	0	0	0	0	0	0	652	0	0	0	0	0	0	0	0	0	0	0	0	0	0	0	0	0	0	0	0	0	0	0	0	0	0	0	0	0	0	0	0	0	0	0	0	0	0	0	0	0	0	0	1200	162	0	0	0	450	5802	0	1934	242	0	0	0	0	296	0	0	0	738	2872	1322	0	0	0	0	0	
56168	Cerebelum_3_R	0	0	0	0	0	0	0	0	0	0	0	0	0	0	0	0	0	0	0	0	0	0	0	0	0	0	0	0	0	0	0	0	0	0	98	124	110	252	0	736	0	0	0	0	0	0	164	806	0	0	0	0	0	0	0	176	0	0	0	0	0	0	0	0	0	0	0	140	0	0	0	0	0	0	0	0	0	0	0	0	0	0	0	0	0	0	0	0	0	0	196	3864	0	354	450	0	1598	5100	556	5220	0	0	0	0	90	384	0	0	286	5006	2046	328	0	0	0	0	
331448	Cerebelum_4_5_L	0	0	0	0	0	0	0	0	0	0	0	0	0	0	0	0	0	0	0	0	0	0	0	0	0	0	0	0	0	0	0	0	0	0	0	0	200	0	1902	0	0	0	376	0	0	0	12806	2842	0	0	1036	0	1160	0	17134	604	0	0	0	0	0	0	0	0	0	0	116	0	0	0	0	0	0	0	0	0	0	0	0	0	0	0	0	0	0	0	0	0	0	0	22698	3478	1102	318	5802	1598	0	3220	43792	6818	1102	0	848	112	4522	2142	2100	156	512	3066	14224	5972	278	940	1930	818	
202316	Cerebelum_4_5_R	0	0	0	0	0	0	0	0	0	0	0	0	0	0	0	0	0	0	0	0	0	0	0	0	0	0	0	0	0	0	0	0	0	0	118	156	130	1020	0	2682	0	0	0	74	0	0	1674	5442	0	0	148	0	84	162	208	5060	0	0	0	0	0	0	0	0	0	0	0	330	0	0	0	0	0	80	0	0	0	0	0	0	0	0	0	0	0	0	0	0	0	0	102	26040	0	328	0	5100	3220	0	794	31088	0	0	0	0	184	832	0	0	0	2574	12710	176	0	0	0	642	
436560	Cerebelum_6_L	0	0	0	0	0	0	0	0	0	0	0	0	0	0	0	0	0	0	0	0	0	0	0	0	0	0	0	0	0	0	0	0	0	0	0	0	90	0	2016	0	0	0	384	0	0	0	15746	5452	0	0	1236	0	2420	112	27232	836	0	0	0	0	0	0	0	0	0	0	0	0	0	0	0	0	0	0	0	0	0	0	0	0	0	0	0	0	0	0	0	0	314	0	50524	4198	5104	206	1934	556	43792	794	0	7980	2982	0	5198	174	5442	1356	4358	118	80	1034	6542	12244	4994	1354	1478	0	
442716	Cerebelum_6_R	0	0	0	0	0	0	0	0	0	0	0	0	0	0	0	0	0	0	0	0	0	0	0	0	0	0	0	0	0	0	0	0	0	0	0	0	0	568	0	544	0	0	0	96	0	0	4188	8578	0	0	226	120	364	932	1640	8708	0	0	0	0	0	0	0	0	0	0	0	0	0	0	0	0	0	0	0	0	0	0	0	0	0	0	0	0	0	0	0	0	0	360	3670	62516	2652	6516	242	5220	6818	31088	7980	0	422	368	1066	7026	1340	5124	124	1628	198	2468	15942	14628	12048	3034	2842	74	
255176	Cerebelum_7b_L	0	0	0	0	0	0	0	0	0	0	0	0	0	0	0	0	0	0	0	0	0	0	0	0	0	0	0	0	0	0	0	0	0	0	0	0	0	0	262	0	0	0	0	0	0	0	0	0	0	0	0	0	0	0	326	0	0	0	0	0	0	0	0	0	0	0	0	0	0	0	0	0	0	0	0	0	0	0	0	0	0	0	0	0	0	0	0	0	0	0	11400	424	36840	6308	0	0	1102	0	2982	422	0	4016	35806	4654	4344	352	278	0	0	0	0	0	7290	10206	576	0	
122252	Cerebelum_7b_R	0	0	0	0	0	0	0	0	0	0	0	0	0	0	0	0	0	0	0	0	0	0	0	0	0	0	0	0	0	0	0	0	0	0	0	0	0	0	0	0	0	0	0	0	0	0	0	0	0	0	0	0	0	0	0	0	0	0	0	0	0	0	0	0	0	0	0	0	0	0	0	0	0	0	0	0	0	0	0	0	0	0	0	0	0	0	0	0	0	0	0	5058	5156	19334	0	0	0	0	0	368	4016	0	2232	16794	0	1128	0	0	0	0	0	0	3590	2992	458	0	
292456	Cerebelum_8_L	0	0	0	0	0	0	0	0	0	0	0	0	0	0	0	0	0	0	0	0	0	0	0	0	0	0	0	0	0	0	0	0	0	0	0	0	0	0	0	0	0	0	0	0	0	0	160	0	0	0	0	0	0	0	170	0	0	0	0	0	0	0	0	0	0	0	0	0	0	0	0	0	0	0	0	0	0	0	0	0	0	0	0	0	0	0	0	0	0	0	20274	1142	35612	2710	0	0	848	0	5198	1066	35806	2232	0	5726	16010	886	1126	0	0	0	276	306	3568	11164	1948	0	
266408	Cerebelum_8_R	0	0	0	0	0	0	0	0	0	0	0	0	0	0	0	0	0	0	0	0	0	0	0	0	0	0	0	0	0	0	0	0	0	0	0	0	0	0	0	0	0	0	0	0	0	0	78	0	0	0	0	0	0	0	0	0	0	0	0	0	0	0	0	0	0	0	0	0	0	0	0	0	0	0	0	0	0	0	0	0	0	0	0	0	0	0	0	0	0	0	540	23204	4222	33172	0	0	112	0	174	7026	4654	16794	5726	0	1100	17890	0	1116	0	0	128	266	4562	6988	5452	0	
134032	Cerebelum_9_L	0	0	0	0	0	0	0	0	0	0	0	0	0	0	0	0	0	0	0	0	0	0	0	0	0	0	0	0	0	0	0	0	0	0	0	0	0	0	0	0	0	0	0	0	0	0	1078	94	0	0	0	0	80	0	1240	104	0	0	0	0	0	0	0	0	0	0	0	0	0	0	0	0	0	0	0	0	0	0	0	0	0	0	0	0	0	0	0	0	0	0	6940	1066	7170	816	296	90	4522	184	5442	1340	4344	0	16010	1100	0	1920	3254	0	0	164	1824	2214	898	1682	2662	482	
140496	Cerebelum_9_R	0	0	0	0	0	0	0	0	0	0	0	0	0	0	0	0	0	0	0	0	0	0	0	0	0	0	0	0	0	0	0	0	0	0	0	0	0	0	0	0	0	0	0	0	0	0	336	0	0	0	0	0	0	0	118	0	0	0	0	0	0	0	0	0	0	0	0	0	0	0	0	0	0	0	0	0	0	0	0	0	0	0	0	0	0	0	0	0	0	0	404	8086	344	6968	0	384	2142	832	1356	5124	352	1128	886	17890	1920	0	138	1662	0	384	3008	3138	2192	3594	6516	1346	
31416	Cerebelum_10_L	0	0	0	0	0	0	0	0	0	0	0	0	0	0	0	0	0	0	0	0	0	0	0	0	0	0	0	0	0	0	0	0	0	0	0	0	0	0	0	0	0	0	0	0	0	0	806	0	0	0	0	0	0	0	454	0	0	0	0	0	0	0	0	0	0	0	0	0	0	0	0	0	0	0	0	0	0	0	0	0	0	0	0	0	0	0	0	0	0	0	1804	0	214	0	0	0	2100	0	4358	124	278	0	1126	0	3254	138	0	0	0	0	392	306	0	158	196	0	
14240	Cerebelum_10_R	0	0	0	0	0	0	0	0	0	0	0	0	0	0	0	0	0	0	0	0	0	0	0	0	0	0	0	0	0	0	0	0	0	0	0	0	0	0	0	0	0	0	0	0	0	0	0	0	0	0	0	0	0	0	0	0	0	0	0	0	0	0	0	0	0	0	0	0	0	0	0	0	0	0	0	0	0	0	0	0	0	0	0	0	0	0	0	0	0	0	0	994	0	94	0	0	156	0	118	1628	0	0	0	1116	0	1662	0	0	0	0	146	244	534	180	248	0	
12992	Vermis_1_2	0	0	0	0	0	0	0	0	0	0	0	0	0	0	0	0	0	0	0	0	0	0	0	0	0	0	0	0	0	0	0	0	0	0	0	0	0	0	0	0	0	0	0	0	0	0	0	0	0	0	0	0	0	0	0	0	0	0	0	0	0	0	0	0	0	0	0	0	0	0	0	0	0	0	0	0	0	0	0	0	0	0	0	0	0	0	0	0	0	0	0	182	0	0	738	286	512	0	80	198	0	0	0	0	0	0	0	0	0	3774	726	0	0	0	0	0	
60720	Vermis_3	0	0	0	0	0	0	0	0	0	0	0	0	0	0	0	0	0	0	0	0	0	0	0	0	0	0	0	0	0	0	0	0	0	0	84	104	96	266	0	844	0	0	0	0	0	0	318	880	0	0	0	0	0	0	0	324	0	0	0	0	0	0	0	0	0	0	0	78	0	0	0	0	0	0	0	0	0	0	0	0	0	0	0	0	0	0	0	0	0	0	258	1916	0	250	2872	5006	3066	2574	1034	2468	0	0	0	0	164	384	0	0	3774	0	3278	322	0	0	0	0	
229028	Vermis_4_5	0	0	0	0	0	0	0	0	0	0	0	0	0	0	0	0	0	0	0	74	0	0	0	0	0	0	0	0	0	0	0	0	0	206	1374	3056	1064	624	686	124	0	0	1018	204	0	0	4908	6632	0	0	548	0	424	230	1992	1848	0	0	0	0	0	0	0	0	0	0	622	3730	0	0	0	0	0	0	0	0	0	0	0	0	0	0	0	0	0	0	0	0	0	112	1170	9842	0	400	1322	2046	14224	12710	6542	15942	0	0	276	128	1824	3008	392	146	726	3278	0	6442	126	598	1902	1994	
194784	Vermis_6	0	0	0	0	0	0	0	0	0	0	0	0	0	0	0	0	0	0	0	0	0	0	0	0	0	0	0	0	0	0	0	0	0	0	0	0	0	0	0	0	0	0	78	0	0	0	6596	9150	0	0	318	92	434	676	2544	2514	0	0	0	0	0	0	0	0	0	0	0	0	0	0	0	0	0	0	0	0	0	0	0	0	0	0	0	0	0	0	0	0	0	0	4520	7864	1814	280	0	328	5972	176	12244	14628	0	0	306	266	2214	3138	306	244	0	322	6442	0	7600	2236	3406	684	
218448	Vermis_7	0	0	0	0	0	0	0	0	0	0	0	0	0	0	0	0	0	0	0	0	0	0	0	0	0	0	0	0	0	0	0	0	0	0	0	0	0	0	0	0	0	0	0	0	0	0	2476	2782	0	0	0	0	78	92	394	690	0	0	0	0	0	0	0	0	0	0	0	0	0	0	0	0	0	0	0	0	0	0	0	0	0	0	0	0	0	0	0	0	0	0	5392	12112	14178	13522	0	0	278	0	4994	12048	7290	3590	3568	4562	898	2192	0	534	0	0	126	7600	0	6608	3220	0	
147536	Vermis_8	0	0	0	0	0	0	0	0	0	0	0	0	0	0	0	0	0	0	0	0	0	0	0	0	0	0	0	0	0	0	0	0	0	0	0	0	0	0	0	0	0	0	0	0	0	0	180	0	0	0	0	0	0	0	102	0	0	0	0	0	0	0	0	0	0	0	0	0	0	0	0	0	0	0	0	0	0	0	0	0	0	0	0	0	0	0	0	0	0	0	1146	2878	8106	4242	0	0	940	0	1354	3034	10206	2992	11164	6988	1682	3594	158	180	0	0	598	2236	6608	0	5380	0	
