data	data	521884	336828	1.19652e+06	744300	116840	103820	621900	286800	68300	59064	216248	218340	264788	120244	171808	117000	237592	182952	931984	839296	61092	79708	387724	358492	22692	78104	36524	52428	666064	425136	289340	397208	236088	452860	111836	154340	329736	382908	145428	231984	48668	53460	123948	276132	154056	214264	190304	287288	144936	230200	417592	199624	139156	87996	408560	470976	310580	202612	102064	49552	200828	106708	111660	114692	178024	107292	258508	259908	222936	83476	233244	404360	342672	379288	46292	23820	160572	199384	80208	19268	196532	90652	97376	49812	349300	153520	30364	27976	346344	199760	455692	445124	425076	324644	39392	71916	268164	187644	415340	432256	319532	195652	343620	313868	131236	116500	19224	6944	24028	81264	204888	179432	272528	177476	78588	17204	
data	data	Precentral_L	Precentral_R	Frontal_Sup_L	Frontal_Sup_R	Frontal_Sup_Orb_L	Frontal_Sup_Orb_R	Frontal_Mid_L	Frontal_Mid_R	Frontal_Mid_Orb_L	Frontal_Mid_Orb_R	Frontal_Inf_Oper_L	Frontal_Inf_Oper_R	Frontal_Inf_Tri_L	Frontal_Inf_Tri_R	Frontal_Inf_Orb_L	Frontal_Inf_Orb_R	Rolandic_Oper_L	Rolandic_Oper_R	Supp_Motor_Area_L	Supp_Motor_Area_R	Olfactory_L	Olfactory_R	Frontal_Sup_Medial_L	Frontal_Sup_Medial_R	Frontal_Med_Orb_L	Frontal_Med_Orb_R	Rectus_L	Rectus_R	Insula_L	Insula_R	Cingulum_Ant_L	Cingulum_Ant_R	Cingulum_Mid_L	Cingulum_Mid_R	Cingulum_Post_L	Cingulum_Post_R	Hippocampus_L	Hippocampus_R	ParaHippocampal_L	ParaHippocampal_R	Amygdala_L	Amygdala_R	Calcarine_L	Calcarine_R	Cuneus_L	Cuneus_R	Lingual_L	Lingual_R	Occipital_Sup_L	Occipital_Sup_R	Occipital_Mid_L	Occipital_Mid_R	Occipital_Inf_L	Occipital_Inf_R	Fusiform_L	Fusiform_R	Postcentral_L	Postcentral_R	Parietal_Sup_L	Parietal_Sup_R	Parietal_Inf_L	Parietal_Inf_R	SupraMarginal_L	SupraMarginal_R	Angular_L	Angular_R	Precuneus_L	Precuneus_R	Paracentral_Lobule_L	Paracentral_Lobule_R	Caudate_L	Caudate_R	Putamen_L	Putamen_R	Pallidum_L	Pallidum_R	Thalamus_L	Thalamus_R	Heschl_L	Heschl_R	Temporal_Sup_L	Temporal_Sup_R	Temporal_Pole_Sup_L	Temporal_Pole_Sup_R	Temporal_Mid_L	Temporal_Mid_R	Temporal_Pole_Mid_L	Temporal_Pole_Mid_R	Temporal_Inf_L	Temporal_Inf_R	Cerebelum_Crus1_L	Cerebelum_Crus1_R	Cerebelum_Crus2_L	Cerebelum_Crus2_R	Cerebelum_3_L	Cerebelum_3_R	Cerebelum_4_5_L	Cerebelum_4_5_R	Cerebelum_6_L	Cerebelum_6_R	Cerebelum_7b_L	Cerebelum_7b_R	Cerebelum_8_L	Cerebelum_8_R	Cerebelum_9_L	Cerebelum_9_R	Cerebelum_10_L	Cerebelum_10_R	Vermis_1_2	Vermis_3	Vermis_4_5	Vermis_6	Vermis_7	Vermis_8	Vermis_9	Vermis_10	
521884	Precentral_L	0	340	29972	1382	0	0	27192	184	0	0	13974	0	2570	0	0	0	12284	0	15070	6790	0	0	536	0	0	0	0	0	16756	0	738	0	1576	1210	1760	196	6118	376	5396	0	0	0	366	0	1030	0	114	0	0	0	9942	0	4032	0	2204	0	34908	114	924	0	3694	0	1846	0	1798	0	2002	0	17408	186	846	0	3616	0	1038	0	7894	646	6238	0	5014	0	116	0	6982	0	0	0	3564	0	0	0	0	0	0	0	0	0	0	0	0	0	0	0	0	0	0	0	0	0	0	0	0	0	0	0	
336828	Precentral_R	340	0	760	9170	0	0	126	20770	0	0	0	7214	0	120	0	0	0	2456	764	8172	0	0	0	0	0	0	0	0	0	9258	0	0	0	1324	352	2988	0	12068	0	4486	0	0	0	980	0	614	0	664	0	1066	0	492	0	174	0	7210	268	26010	0	178	0	1988	0	1940	0	556	214	2914	582	3266	1280	8068	366	5658	132	0	800	9362	0	616	0	1956	0	0	0	3296	0	0	0	5962	0	720	0	0	0	0	0	0	0	714	0	0	0	0	0	0	0	0	0	0	0	0	0	0	0	0	
1.19652e+06	Frontal_Sup_L	29972	760	0	13972	8646	0	79614	2000	1284	0	12292	874	13880	658	7906	590	14742	1094	113540	26226	0	0	46790	9572	986	0	120	0	48378	992	21344	7182	11074	14354	224	0	12008	440	530	148	0	0	0	0	0	0	0	0	0	0	404	0	0	0	3272	0	6796	164	0	0	402	0	152	0	156	0	130	0	6532	0	13418	3718	30124	2562	4372	812	11770	808	1798	0	3646	0	1016	0	528	0	0	0	3110	0	186	0	0	0	0	0	0	0	192	0	0	0	0	0	0	0	0	0	0	0	0	0	0	0	0	0	
744300	Frontal_Sup_R	1382	9170	13972	0	0	2952	770	27386	0	1520	0	16116	116	6788	0	3484	0	16474	23420	71522	0	0	6272	33820	0	1116	0	0	308	24866	2102	25522	2730	21870	0	270	0	2850	0	1246	0	0	0	0	0	0	0	0	0	0	0	0	0	0	0	646	172	914	0	0	0	0	0	0	0	0	0	0	322	0	1908	18132	692	18284	138	2594	0	8728	0	474	0	946	0	0	0	0	0	0	0	156	0	0	0	0	0	0	0	0	0	0	0	0	0	0	0	0	0	0	0	0	0	0	0	0	0	0	
116840	Frontal_Sup_Orb_L	0	0	8646	0	0	0	1406	0	8598	0	118	0	1480	0	7584	0	0	0	2248	0	824	390	2270	0	1980	0	3456	0	6228	0	1218	308	0	0	0	0	0	0	0	0	0	0	0	0	0	0	0	0	0	0	0	0	0	0	0	0	0	0	0	0	0	0	0	0	0	0	0	0	0	0	1732	214	9720	0	0	0	0	0	0	0	0	0	0	0	0	0	0	0	0	0	0	0	0	0	0	0	0	0	0	0	0	0	0	0	0	0	0	0	0	0	0	0	0	0	0	0	
103820	Frontal_Sup_Orb_R	0	0	0	2952	0	0	0	0	0	2388	0	0	0	114	0	3830	0	0	176	1646	524	1776	0	3294	0	7156	202	7320	0	1620	166	3382	0	0	0	0	0	0	0	0	0	0	0	0	0	0	0	0	0	0	0	0	0	0	0	0	0	0	0	0	0	0	0	0	0	0	0	0	0	0	522	6470	156	8216	0	0	0	0	0	0	0	0	0	0	0	0	0	0	0	0	0	0	0	0	0	0	0	0	0	0	0	0	0	0	0	0	0	0	0	0	0	0	0	0	0	0	
621900	Frontal_Mid_L	27192	126	79614	770	1406	0	0	158	3782	0	18998	0	40264	0	12592	0	6924	0	16552	704	0	0	20754	1744	0	0	0	0	27044	0	10044	1082	8256	1826	154	372	4064	328	370	0	0	0	0	0	0	0	0	0	0	0	162	0	0	0	1140	0	5404	0	0	0	0	0	0	0	0	0	0	0	514	0	2392	182	5926	0	128	0	3912	762	1580	0	1682	0	232	0	328	0	0	0	1172	0	158	0	0	0	0	0	0	0	156	0	0	0	0	0	0	0	0	0	0	0	0	0	0	0	0	0	
286800	Frontal_Mid_R	184	20770	2000	27386	0	0	158	0	0	2314	0	10254	0	13116	0	4176	0	5080	3162	6850	0	0	372	4718	0	0	0	0	0	10716	172	1284	422	3076	0	0	0	3192	0	812	0	0	0	0	0	0	0	0	0	0	0	0	0	0	0	622	266	342	0	0	0	0	0	0	0	0	0	0	0	0	714	8976	284	3654	0	0	252	7326	0	124	0	252	0	0	0	114	0	0	0	260	0	0	0	0	0	0	0	0	0	0	0	0	0	0	0	0	0	0	0	0	0	0	0	0	0	0	
68300	Frontal_Mid_Orb_L	0	0	1284	0	8598	0	3782	0	0	0	0	0	1670	0	9948	0	0	0	422	0	156	152	130	0	238	0	2074	0	1164	0	272	114	0	0	0	0	0	0	0	0	0	0	0	0	0	0	0	0	0	0	0	0	0	0	0	0	0	0	0	0	0	0	0	0	0	0	0	0	0	0	716	0	3240	0	0	0	0	0	0	0	0	0	190	0	0	0	0	0	0	0	0	0	0	0	0	0	0	0	0	0	0	0	0	0	0	0	0	0	0	0	0	0	0	0	0	0	
59064	Frontal_Mid_Orb_R	0	0	0	1520	0	2388	0	2314	0	0	0	216	0	910	0	13412	0	0	726	1450	0	0	0	218	0	0	0	0	0	2422	0	0	0	446	0	0	0	0	0	0	0	0	0	0	0	0	0	0	0	0	0	0	0	0	0	0	0	0	0	0	0	0	0	0	0	0	0	0	0	0	0	1370	0	1992	0	0	0	0	0	0	0	0	0	148	0	0	0	0	0	0	0	0	0	0	0	0	0	0	0	0	0	0	0	0	0	0	0	0	0	0	0	0	0	0	0	0	
216248	Frontal_Inf_Oper_L	13974	0	12292	0	118	0	18998	0	0	0	0	0	14098	0	362	0	10650	0	5832	0	0	0	646	128	0	0	0	0	16286	0	1474	0	0	0	0	0	1280	0	0	0	0	0	0	0	0	0	0	0	0	0	0	0	0	0	526	0	4574	0	0	0	0	0	0	0	0	0	0	0	0	0	130	0	1494	0	0	0	428	0	720	0	1940	0	1728	0	0	0	0	0	446	0	0	0	0	0	0	0	0	0	0	0	0	0	0	0	0	0	0	0	0	0	0	0	0	0	0	0	
218340	Frontal_Inf_Oper_R	0	7214	874	16116	0	0	0	10254	0	216	0	0	0	9030	0	516	0	9258	3516	12420	0	0	136	2624	0	0	0	0	0	16186	118	1960	174	2728	0	0	0	3194	0	760	0	0	0	0	0	0	0	0	0	0	0	0	0	0	0	800	0	1534	0	0	0	0	0	0	0	0	0	0	0	0	198	1152	0	6068	0	124	0	1078	0	0	0	400	0	0	0	132	0	0	0	390	0	0	0	0	0	0	0	0	0	0	0	0	0	0	0	0	0	0	0	0	0	0	0	0	0	0	
264788	Frontal_Inf_Tri_L	2570	0	13880	116	1480	0	40264	0	1670	0	14098	0	0	0	18126	0	1158	0	5276	286	0	0	820	0	0	0	0	0	24026	0	1098	0	308	114	0	0	246	0	0	0	0	0	0	0	0	0	0	0	0	0	0	0	0	0	0	0	342	0	0	0	0	0	0	0	0	0	0	0	0	0	2730	174	2332	0	0	0	434	0	0	0	258	0	588	0	0	0	0	0	0	0	0	0	0	0	0	0	0	0	0	0	0	0	0	0	0	0	0	0	0	0	0	0	0	0	0	0	
120244	Frontal_Inf_Tri_R	0	120	658	6788	0	114	0	13116	0	910	0	9030	0	0	0	3008	0	800	1992	4306	0	0	156	1160	0	0	0	0	0	10344	0	1082	148	1890	0	0	0	228	0	0	0	0	0	0	0	0	0	0	0	0	0	0	0	0	0	0	0	0	0	0	0	0	0	0	0	0	0	0	0	0	310	2034	0	1810	0	0	0	118	0	0	0	0	0	0	0	0	0	0	0	0	0	0	0	0	0	0	0	0	0	0	0	0	0	0	0	0	0	0	0	0	0	0	0	0	0	0	
171808	Frontal_Inf_Orb_L	0	0	7906	0	7584	0	12592	0	9948	0	362	0	18126	0	0	0	0	0	2890	0	628	0	348	0	0	0	576	0	13892	0	544	0	210	0	0	0	0	0	0	0	0	0	0	0	0	0	0	0	0	0	0	0	0	0	0	0	0	0	0	0	0	0	0	0	0	0	0	0	0	0	1964	0	6914	0	0	0	344	0	0	0	0	0	1076	0	0	0	0	0	0	0	0	0	0	0	0	0	0	0	0	0	0	0	0	0	0	0	0	0	0	0	0	0	0	0	0	0	
117000	Frontal_Inf_Orb_R	0	0	590	3484	0	3830	0	4176	0	13412	0	516	0	3008	0	0	0	152	1552	2816	0	302	0	908	0	0	0	294	0	9714	0	352	114	1718	0	0	0	0	0	0	0	0	0	0	0	0	0	0	0	0	0	0	0	0	0	0	0	0	0	0	0	0	0	0	0	0	0	0	0	0	308	5718	0	4354	0	0	0	0	0	0	0	256	0	926	0	0	0	0	0	0	0	0	0	0	0	0	0	0	0	0	0	0	0	0	0	0	0	0	0	0	0	0	0	0	0	0	
237592	Rolandic_Oper_L	12284	0	14742	0	0	0	6924	0	0	0	10650	0	1158	0	0	0	0	0	6398	0	0	0	0	0	0	0	0	0	22512	0	0	0	0	0	0	0	1892	0	1578	0	0	0	0	0	0	0	0	0	0	0	1108	0	760	0	1296	0	9862	0	0	0	568	0	3180	0	0	0	200	0	138	0	0	0	1550	0	0	0	262	0	3828	0	11796	0	2264	0	2240	0	0	0	1606	0	0	0	0	0	0	0	0	0	0	0	0	0	0	0	0	0	0	0	0	0	0	0	0	0	0	0	
182952	Rolandic_Oper_R	0	2456	1094	16474	0	0	0	5080	0	0	0	9258	0	800	0	152	0	0	2042	11310	0	0	0	916	0	0	0	0	0	19536	0	766	132	1168	0	0	0	972	0	506	0	0	0	0	0	0	0	0	0	0	0	0	0	0	0	614	0	6414	0	0	0	392	0	3660	0	0	0	0	0	0	0	594	0	2502	0	0	0	380	0	1974	0	2072	0	0	0	0	0	0	0	212	0	0	0	0	0	0	0	0	0	0	0	0	0	0	0	0	0	0	0	0	0	0	0	0	0	0	
931984	Supp_Motor_Area_L	15070	764	113540	23420	2248	176	16552	3162	422	726	5832	3516	5276	1992	2890	1552	6398	2042	0	56026	0	0	14834	5922	0	0	0	0	27738	3896	8948	8484	13382	27612	812	120	8406	512	0	196	0	0	0	0	0	0	0	0	0	0	166	0	0	0	2298	0	2716	388	0	0	424	0	0	0	190	0	508	136	8978	458	10890	6404	25830	4382	5820	820	7570	870	0	0	1588	0	762	0	200	0	0	0	2128	0	0	0	0	0	0	0	0	0	0	0	0	0	0	0	0	0	0	0	0	0	0	0	0	0	0	0	
839296	Supp_Motor_Area_R	6790	8172	26226	71522	0	1646	704	6850	0	1450	0	12420	286	4306	0	2816	0	11310	56026	0	0	0	1652	12586	0	1038	0	0	448	17910	1190	13206	4698	41384	590	6848	234	3928	134	1724	0	0	0	262	0	632	0	168	0	804	128	200	0	0	0	1036	488	3890	0	0	0	382	0	130	0	0	252	2782	11962	9732	4526	26032	1338	20658	416	2352	1162	11142	0	216	0	522	0	0	0	0	0	0	0	342	0	0	0	0	0	0	0	0	0	0	0	0	0	0	0	0	0	0	0	0	0	0	0	0	0	0	
61092	Olfactory_L	0	0	0	0	824	524	0	0	156	0	0	0	0	0	628	0	0	0	0	0	0	5836	0	0	406	456	2214	1356	1300	0	2868	2170	0	0	0	0	416	0	358	0	670	0	0	0	0	0	0	0	0	0	0	0	0	0	282	0	0	0	0	0	0	0	0	0	0	0	0	0	0	0	6078	2476	1408	120	0	0	0	0	0	0	0	0	0	0	0	0	0	0	0	0	0	0	0	0	0	0	0	0	0	0	0	0	0	0	0	0	0	0	0	0	0	0	0	0	0	0	
79708	Olfactory_R	0	0	0	0	390	1776	0	0	152	0	0	0	0	0	0	302	0	0	0	0	5836	0	0	0	194	2104	1982	3292	0	2094	3152	3874	0	0	0	0	0	238	0	242	0	1208	0	0	0	0	0	0	0	0	0	0	0	0	0	0	0	0	0	0	0	0	0	0	0	0	0	0	0	0	6730	4850	1098	160	0	0	0	0	0	0	0	0	0	180	0	0	0	0	0	0	0	0	0	0	0	0	0	0	0	0	0	0	0	0	0	0	0	0	0	0	0	0	0	0	0	0	
387724	Frontal_Sup_Medial_L	536	0	46790	6272	2270	0	20754	372	130	0	646	136	820	156	348	0	0	0	14834	1652	0	0	0	23340	1612	312	154	0	2918	286	28266	12562	9230	11132	0	0	198	0	0	0	0	0	0	0	0	0	0	0	0	0	0	0	0	0	0	0	0	0	0	0	0	0	0	0	0	0	0	0	0	0	2516	652	4584	384	0	0	0	0	0	0	0	0	0	0	0	0	0	0	0	0	0	0	0	0	0	0	0	0	0	0	0	0	0	0	0	0	0	0	0	0	0	0	0	0	0	0	
358492	Frontal_Sup_Medial_R	0	0	9572	33820	0	3294	1744	4718	0	218	128	2624	0	1160	0	908	0	916	5922	12586	0	0	23340	0	284	3370	0	480	192	4490	6622	26724	1908	21154	0	0	0	0	0	0	0	0	0	0	0	0	0	0	0	0	0	0	0	0	0	0	0	0	0	0	0	0	0	0	0	0	0	0	0	0	330	7070	184	5488	0	0	0	0	0	0	0	0	0	0	0	0	0	0	0	0	0	0	0	0	0	0	0	0	0	0	0	0	0	0	0	0	0	0	0	0	0	0	0	0	0	0	
22692	Frontal_Med_Orb_L	0	0	986	0	1980	0	0	0	238	0	0	0	0	0	0	0	0	0	0	0	406	194	1612	284	0	532	912	0	0	0	2624	400	0	0	0	0	0	0	0	0	0	0	0	0	0	0	0	0	0	0	0	0	0	0	0	0	0	0	0	0	0	0	0	0	0	0	0	0	0	0	746	0	432	0	0	0	0	0	0	0	0	0	0	0	0	0	0	0	0	0	0	0	0	0	0	0	0	0	0	0	0	0	0	0	0	0	0	0	0	0	0	0	0	0	0	0	
78104	Frontal_Med_Orb_R	0	0	0	1116	0	7156	0	0	0	0	0	0	0	0	0	0	0	0	0	1038	456	2104	312	3370	532	0	146	4902	0	0	1266	6690	0	0	0	0	0	0	0	0	0	0	0	0	0	0	0	0	0	0	0	0	0	0	0	0	0	0	0	0	0	0	0	0	0	0	0	0	0	0	430	5528	0	4006	0	0	0	0	0	0	0	0	0	0	0	0	0	0	0	0	0	0	0	0	0	0	0	0	0	0	0	0	0	0	0	0	0	0	0	0	0	0	0	0	0	0	
36524	Rectus_L	0	0	120	0	3456	202	0	0	2074	0	0	0	0	0	576	0	0	0	0	0	2214	1982	154	0	912	146	0	504	0	0	1254	810	0	0	0	0	0	0	0	0	0	0	0	0	0	0	0	0	0	0	0	0	0	0	0	0	0	0	0	0	0	0	0	0	0	0	0	0	0	0	2352	726	780	0	0	0	0	0	0	0	0	0	0	0	0	0	0	0	0	0	0	0	0	0	0	0	0	0	0	0	0	0	0	0	0	0	0	0	0	0	0	0	0	0	0	0	
52428	Rectus_R	0	0	0	0	0	7320	0	0	0	0	0	0	0	0	0	294	0	0	0	0	1356	3292	0	480	0	4902	504	0	0	786	194	1426	0	0	0	0	0	0	0	0	0	0	0	0	0	0	0	0	0	0	0	0	0	0	0	0	0	0	0	0	0	0	0	0	0	0	0	0	0	0	1332	2236	434	1658	0	0	0	0	0	0	0	0	0	0	0	0	0	0	0	0	0	0	0	0	0	0	0	0	0	0	0	0	0	0	0	0	0	0	0	0	0	0	0	0	0	0	
666064	Insula_L	16756	0	48378	308	6228	0	27044	0	1164	0	16286	0	24026	0	13892	0	22512	0	27738	448	1300	0	2918	192	0	0	0	0	0	0	2630	258	508	222	0	0	20692	0	2696	0	3134	0	0	0	390	0	0	0	0	0	1716	0	722	0	11108	0	8322	0	0	0	362	0	558	0	168	0	528	0	1042	0	2540	468	23306	166	0	0	2628	0	9020	0	8726	0	4694	0	3970	0	236	0	12224	0	378	0	0	0	0	0	150	0	280	0	0	0	0	0	0	0	0	0	0	0	0	0	0	0	0	0	
425136	Insula_R	0	9258	992	24866	0	1620	0	10716	0	2422	0	16186	0	10344	0	9714	0	19536	3896	17910	0	2094	286	4490	0	0	0	786	0	0	0	2710	258	3322	0	280	0	9548	0	5056	0	2900	0	700	0	0	0	410	0	286	0	126	0	0	0	5188	0	7200	0	0	0	246	0	1404	0	402	0	1362	0	202	288	3896	0	18738	0	122	0	472	0	430	0	2656	0	1568	0	2124	0	0	0	5056	0	248	0	0	0	0	0	0	0	254	0	0	0	0	0	0	0	0	0	0	0	0	0	0	0	0	
289340	Cingulum_Ant_L	738	0	21344	2102	1218	166	10044	172	272	0	1474	118	1098	0	544	0	0	0	8948	1190	2868	3152	28266	6622	2624	1266	1254	194	2630	0	0	17978	8230	4812	0	0	148	0	0	0	0	0	0	0	0	0	0	0	0	0	0	0	0	0	0	0	0	0	0	0	0	0	0	0	0	0	0	0	0	0	6872	2714	4998	614	0	0	0	0	0	0	0	0	0	0	0	0	0	0	0	0	0	0	0	0	0	0	0	0	0	0	0	0	0	0	0	0	0	0	0	0	0	0	0	0	0	0	
397208	Cingulum_Ant_R	0	0	7182	25522	308	3382	1082	1284	114	0	0	1960	0	1082	0	352	0	766	8484	13206	2170	3874	12562	26724	400	6690	810	1426	258	2710	17978	0	3786	19524	0	0	0	142	0	0	0	0	0	0	0	0	0	0	0	0	0	0	0	0	0	0	0	0	0	0	0	0	0	0	0	0	0	0	0	0	2982	19818	662	10906	0	160	0	298	0	0	0	0	0	0	0	0	0	0	0	0	0	0	0	0	0	0	0	0	0	0	0	0	0	0	0	0	0	0	0	0	0	0	0	0	0	0	
236088	Cingulum_Mid_L	1576	0	11074	2730	0	0	8256	422	0	0	0	174	308	148	210	114	0	132	13382	4698	0	0	9230	1908	0	0	0	0	508	258	8230	3786	0	14332	2644	0	0	0	0	0	0	0	406	156	1266	530	0	0	1884	472	3166	144	154	0	0	0	588	0	0	0	564	0	140	0	1148	0	11442	1022	6236	858	0	0	0	0	0	0	0	0	0	0	260	0	0	0	2046	0	0	0	1442	0	0	0	0	0	0	0	0	0	0	0	0	0	0	0	0	0	0	0	0	0	0	0	0	0	0	0	
452860	Cingulum_Mid_R	1210	1324	14354	21870	0	0	1826	3076	0	446	0	2728	114	1890	0	1718	0	1168	27612	41384	0	0	11132	21154	0	0	0	0	222	3322	4812	19524	14332	0	554	4688	0	258	0	0	0	0	0	492	0	930	0	142	0	1210	0	370	0	0	0	162	0	1642	0	0	0	130	0	0	0	0	1202	4854	4418	6880	300	1796	0	392	0	0	0	200	0	0	0	138	0	0	0	190	0	0	0	264	0	0	0	0	0	0	0	0	0	0	0	0	0	0	0	0	0	0	0	0	0	0	0	0	0	0	
111836	Cingulum_Post_L	1760	352	224	0	0	0	154	0	0	0	0	0	0	0	0	0	0	0	812	590	0	0	0	0	0	0	0	0	0	0	0	0	2644	554	0	7974	5854	4588	3618	1338	0	0	1502	0	924	0	870	1196	0	0	1236	0	466	0	618	1340	0	0	0	0	192	0	0	0	184	0	4676	1152	5480	0	0	0	0	122	0	0	1198	3420	0	0	0	0	0	0	880	0	0	0	0	0	0	0	0	0	0	0	0	0	0	0	0	0	0	0	0	0	0	0	0	0	0	0	0	0	0	0	
154340	Cingulum_Post_R	196	2988	0	270	0	0	372	0	0	0	0	0	0	0	0	0	0	0	120	6848	0	0	0	0	0	0	0	0	0	280	0	0	0	4688	7974	0	4488	8482	872	2800	0	0	0	1030	0	2850	152	2344	0	3086	0	410	0	0	192	4070	0	454	0	0	0	0	0	0	0	0	474	10226	882	1826	0	0	0	124	0	0	1926	4082	0	0	0	0	0	0	0	220	0	0	0	1598	0	330	0	0	0	0	0	0	0	326	0	0	0	0	0	0	0	0	0	0	190	0	0	0	0	0	
329736	Hippocampus_L	6118	0	12008	0	0	0	4064	0	0	0	1280	0	246	0	0	0	1892	0	8406	234	416	0	198	0	0	0	0	0	20692	0	148	0	0	0	5854	4488	0	4070	9322	1196	9384	0	1162	0	0	0	2946	1210	0	0	264	0	0	0	19592	1120	1110	0	0	0	0	0	130	0	0	0	2448	944	398	0	388	0	10228	0	1156	0	4824	3586	1906	0	2648	0	2428	0	438	0	0	0	14366	0	370	0	0	0	0	0	434	0	470	0	0	0	0	0	0	0	0	0	134	152	0	0	0	0	0	0	
382908	Hippocampus_R	376	12068	440	2850	0	0	328	3192	0	0	0	3194	0	228	0	0	0	972	512	3928	0	238	0	0	0	0	0	0	0	9548	0	142	0	258	4588	8482	4070	0	930	32000	0	8598	0	1446	0	168	132	5020	0	182	0	0	0	128	234	35046	0	2270	0	0	0	0	0	0	0	0	154	6708	296	0	308	1482	158	17482	0	560	1284	6172	0	144	0	420	0	1790	0	324	0	332	0	8384	0	1572	0	0	0	0	0	538	0	1658	0	0	0	0	0	0	0	0	0	0	120	0	0	0	0	0	
145428	ParaHippocampal_L	5396	0	530	0	0	0	370	0	0	0	0	0	0	0	0	0	1578	0	0	134	358	0	0	0	0	0	0	0	2696	0	0	0	0	0	3618	872	9322	930	0	190	2348	0	1770	0	2332	0	2460	292	134	0	5296	0	3060	0	8700	148	854	0	0	0	184	0	288	0	116	0	3528	446	1868	0	0	0	806	0	0	0	1294	720	238	0	862	0	1036	0	3360	0	818	0	388	0	456	0	0	0	164	0	1178	0	1064	0	0	0	0	0	0	0	0	0	234	278	0	0	0	0	0	0	
231984	ParaHippocampal_R	0	4486	148	1246	0	0	0	812	0	0	0	760	0	0	0	0	0	506	196	1724	0	242	0	0	0	0	0	0	0	5056	0	0	0	0	1338	2800	1196	32000	190	0	0	5586	0	1080	0	0	0	5982	0	0	0	0	0	0	0	23324	0	1498	0	0	0	0	0	0	0	0	0	2962	0	0	0	746	0	8262	0	0	482	1698	0	126	0	154	0	2848	0	266	0	1182	0	4514	0	644	0	0	0	0	0	1104	0	834	0	0	0	0	0	0	0	0	0	0	0	0	0	0	0	0	
48668	Amygdala_L	0	0	0	0	0	0	0	0	0	0	0	0	0	0	0	0	0	0	0	0	670	0	0	0	0	0	0	0	3134	0	0	0	0	0	0	0	9384	0	2348	0	0	0	0	0	0	0	0	0	0	0	0	0	0	0	4410	0	0	0	0	0	0	0	0	0	0	0	0	0	0	0	0	0	710	0	0	0	132	0	0	0	0	0	1336	0	0	0	0	0	2210	0	0	0	0	0	0	0	0	0	0	0	0	0	0	0	0	0	0	0	0	0	0	0	0	0	0	0	
53460	Amygdala_R	0	0	0	0	0	0	0	0	0	0	0	0	0	0	0	0	0	0	0	0	0	1208	0	0	0	0	0	0	0	2900	0	0	0	0	0	0	0	8598	0	5586	0	0	0	0	0	0	0	0	0	0	0	0	0	0	0	4238	0	0	0	0	0	0	0	0	0	0	0	0	0	0	0	0	0	1306	0	0	0	0	0	0	0	0	0	2540	0	0	0	354	0	0	0	0	0	0	0	0	0	0	0	0	0	0	0	0	0	0	0	0	0	0	0	0	0	0	0	0	
123948	Calcarine_L	366	0	0	0	0	0	0	0	0	0	0	0	0	0	0	0	0	0	0	0	0	0	0	0	0	0	0	0	0	0	0	0	406	0	1502	0	1162	0	1770	0	0	0	0	3758	11574	2420	7478	1804	6860	120	8268	0	1578	0	664	196	266	0	0	0	188	0	140	0	384	0	9292	0	162	0	0	0	0	0	0	0	0	0	0	0	0	0	0	0	1440	0	0	0	176	0	0	0	0	0	0	0	0	0	0	0	0	0	0	0	0	0	0	0	0	0	0	0	0	0	0	0	
276132	Calcarine_R	0	980	0	0	0	0	0	0	0	0	0	0	0	0	0	0	0	0	0	262	0	0	0	0	0	0	0	0	0	700	0	0	156	492	0	1030	0	1446	0	1080	0	0	3758	0	2922	25108	842	21304	0	19372	0	14598	0	6756	0	10482	0	620	0	0	0	0	0	224	0	832	646	14350	0	188	0	0	0	0	0	0	0	0	0	0	0	134	0	0	0	4128	0	0	0	2506	0	440	0	0	0	0	0	560	0	1218	0	0	0	0	0	0	0	0	0	0	402	530	0	0	0	0	
154056	Cuneus_L	1030	0	0	0	0	0	0	0	0	0	0	0	0	0	0	0	0	0	0	0	0	0	0	0	0	0	0	0	390	0	0	0	1266	0	924	0	0	0	2332	0	0	0	11574	2922	0	3562	2050	278	17428	172	10796	0	1600	0	370	0	268	0	3316	0	148	0	0	0	422	0	12242	382	814	0	0	0	0	0	0	0	0	0	250	0	0	0	0	0	2214	0	0	0	278	0	0	0	0	0	0	0	0	0	0	0	0	0	0	0	0	0	0	0	0	0	0	0	0	0	0	0	
214264	Cuneus_R	0	614	0	0	0	0	0	0	0	0	0	0	0	0	0	0	0	0	0	632	0	0	0	0	0	0	0	0	0	0	0	0	530	930	0	2850	0	168	0	0	0	0	2420	25108	3562	0	0	6088	0	25806	0	9022	0	1518	0	2960	0	188	0	792	0	156	0	132	0	272	3490	16228	0	328	0	0	0	0	0	0	0	0	0	0	0	0	0	0	0	1256	0	0	0	1296	0	0	0	0	0	0	0	240	0	354	0	0	0	0	0	0	0	0	0	0	192	0	0	0	0	0	
190304	Lingual_L	114	0	0	0	0	0	0	0	0	0	0	0	0	0	0	0	0	0	0	0	0	0	0	0	0	0	0	0	0	0	0	0	0	0	870	152	2946	132	2460	0	0	0	7478	842	2050	0	0	1786	6068	0	10894	0	2552	154	12430	390	0	0	0	0	0	0	0	0	0	0	2490	130	116	0	0	0	0	0	0	0	396	0	0	0	0	0	0	0	0	0	0	0	0	0	8096	330	1146	0	156	0	11104	234	13428	798	296	0	356	0	0	0	0	0	128	142	1570	2300	618	0	0	0	
287288	Lingual_R	0	664	0	0	0	0	0	0	0	0	0	0	0	0	0	0	0	0	0	168	0	0	0	0	0	0	0	0	0	410	0	0	0	142	1196	2344	1210	5020	292	5982	0	0	1804	21304	278	6088	1786	0	0	4622	0	3230	0	5100	576	18974	0	422	0	0	0	0	0	0	0	0	164	6764	0	160	0	0	0	0	0	0	416	930	0	0	0	0	0	0	0	160	0	0	0	646	2556	5550	702	0	0	170	1130	6112	4370	14852	0	0	0	0	312	0	0	0	0	0	6094	9536	1408	0	0	0	
144936	Occipital_Sup_L	0	0	0	0	0	0	0	0	0	0	0	0	0	0	0	0	0	0	0	0	0	0	0	0	0	0	0	0	0	0	0	0	1884	0	0	0	0	0	134	0	0	0	6860	0	17428	0	6068	0	0	0	21444	0	2534	0	932	0	0	0	5394	0	0	0	0	0	918	0	8750	0	0	0	0	0	0	0	0	0	0	0	0	0	0	0	0	0	122	0	0	0	0	0	0	0	0	0	0	0	0	0	0	0	0	0	0	0	0	0	0	0	0	0	0	0	0	0	0	0	
230200	Occipital_Sup_R	0	1066	0	0	0	0	0	0	0	0	0	0	0	0	0	0	0	0	0	804	0	0	0	0	0	0	0	0	0	286	0	0	472	1210	0	3086	0	182	0	0	0	0	120	19372	172	25806	0	4622	0	0	0	18948	0	2450	0	3110	0	1608	0	2052	0	1252	0	994	0	3710	1744	14080	0	592	0	0	0	0	0	0	0	0	0	0	0	398	0	0	0	3234	0	0	0	2842	0	0	0	0	0	0	0	278	0	408	0	0	0	0	0	0	0	0	0	0	202	0	0	0	0	0	
417592	Occipital_Mid_L	9942	0	404	0	0	0	162	0	0	0	0	0	0	0	0	0	1108	0	166	128	0	0	0	0	0	0	0	0	1716	0	0	0	3166	0	1236	0	264	0	5296	0	0	0	8268	0	10796	0	10894	0	21444	0	0	0	26054	0	9556	0	9494	0	8566	0	8974	0	1592	0	19836	0	11956	0	6888	0	0	0	206	0	0	0	332	0	832	0	888	0	0	0	19248	0	0	0	8662	0	118	0	0	0	0	0	172	0	432	0	0	0	0	0	0	0	0	0	0	0	0	0	0	0	0	0	
199624	Occipital_Mid_R	0	492	0	0	0	0	0	0	0	0	0	0	0	0	0	0	0	0	0	200	0	0	0	0	0	0	0	0	0	126	0	0	144	370	0	410	0	0	0	0	0	0	0	14598	0	9022	0	3230	0	18948	0	0	0	5820	0	3246	0	352	0	3028	0	7596	0	1990	0	13148	626	5278	0	232	0	0	0	0	0	0	0	0	0	0	0	384	0	0	0	6686	0	0	0	2328	0	0	0	0	0	0	0	466	0	664	0	0	0	0	0	0	0	0	0	0	258	170	0	0	0	0	
139156	Occipital_Inf_L	4032	0	0	0	0	0	0	0	0	0	0	0	0	0	0	0	760	0	0	0	0	0	0	0	0	0	0	0	722	0	0	0	154	0	466	0	0	0	3060	0	0	0	1578	0	1600	0	2552	0	2534	0	26054	0	0	0	8504	0	1408	0	0	0	572	0	252	0	1162	0	758	0	1196	0	0	0	0	0	0	0	236	0	422	0	600	0	0	0	3936	0	0	0	5492	0	240	0	0	0	0	0	254	0	706	0	0	0	0	0	0	0	0	0	0	0	158	170	0	0	0	0	
87996	Occipital_Inf_R	0	174	0	0	0	0	0	0	0	0	0	0	0	0	0	0	0	0	0	0	0	0	0	0	0	0	0	0	0	0	0	0	0	0	0	0	0	128	0	0	0	0	0	6756	0	1518	154	5100	0	2450	0	5820	0	0	0	8876	0	0	0	0	0	0	0	0	0	0	0	338	0	0	0	0	0	0	0	0	0	0	0	0	0	0	0	0	0	1076	0	0	0	4086	138	180	0	0	0	0	0	1466	204	3032	0	0	0	0	0	0	0	0	0	0	1130	1076	296	0	0	0	
408560	Fusiform_L	2204	0	3272	0	0	0	1140	0	0	0	526	0	0	0	0	0	1296	0	2298	0	282	0	0	0	0	0	0	0	11108	0	0	0	0	0	618	192	19592	234	8700	0	4410	0	664	0	370	0	12430	576	932	0	9556	0	8504	0	0	0	754	0	0	0	0	0	0	0	0	0	754	208	440	0	0	0	2468	0	0	0	286	0	1096	0	3316	0	3094	0	1804	0	1618	0	20400	0	24176	126	1670	0	374	0	16010	130	31724	338	414	0	440	0	138	0	0	0	0	0	2496	1102	0	0	0	0	
470976	Fusiform_R	0	7210	0	646	0	0	0	622	0	0	0	800	0	0	0	0	0	614	0	1036	0	0	0	0	0	0	0	0	0	5188	0	0	0	162	1340	4070	1120	35046	148	23324	0	4238	196	10482	0	2960	390	18974	0	3110	0	3246	0	8876	0	0	0	1620	0	0	0	0	0	0	0	0	0	4256	0	0	0	382	0	7036	0	0	478	1590	0	120	0	292	0	5756	0	824	0	2522	0	16350	486	14992	204	226	0	884	204	10814	922	24014	0	0	0	126	0	0	0	0	0	0	3730	3036	826	0	0	0	
310580	Postcentral_L	34908	268	6796	172	0	0	5404	266	0	0	4574	0	342	0	0	0	9862	0	2716	488	0	0	0	0	0	0	0	0	8322	0	0	0	588	0	0	0	1110	0	854	0	0	0	266	0	268	0	0	0	0	0	9494	0	1408	0	754	0	0	0	8416	0	20936	0	6804	0	3864	0	5242	0	5540	0	134	0	120	0	0	0	372	132	4366	0	5206	0	338	0	2942	0	0	0	2018	0	0	0	0	0	0	0	0	0	0	0	0	0	0	0	0	0	0	0	0	0	0	0	0	0	0	0	
202612	Postcentral_R	114	26010	164	914	0	0	0	342	0	0	0	1534	0	0	0	0	0	6414	388	3890	0	0	0	0	0	0	0	0	0	7200	0	0	0	1642	0	454	0	2270	0	1498	0	0	0	620	0	188	0	422	0	1608	0	352	0	0	0	1620	0	0	0	4630	0	5748	0	10056	0	1834	170	4188	320	7422	152	0	0	1206	0	0	0	488	0	768	0	1974	0	0	0	1828	0	0	0	2472	0	202	0	0	0	0	0	0	0	204	0	0	0	0	0	0	0	0	0	0	0	0	0	0	0	0	
102064	Parietal_Sup_L	924	0	0	0	0	0	0	0	0	0	0	0	0	0	0	0	0	0	0	0	0	0	0	0	0	0	0	0	0	0	0	0	0	0	0	0	0	0	0	0	0	0	0	0	3316	0	0	0	5394	0	8566	0	0	0	0	0	8416	0	0	0	7524	0	0	0	2570	0	11048	0	3052	0	0	0	0	0	0	0	0	0	0	0	0	0	0	0	222	0	0	0	0	0	0	0	0	0	0	0	0	0	0	0	0	0	0	0	0	0	0	0	0	0	0	0	0	0	0	0	
49552	Parietal_Sup_R	0	178	0	0	0	0	0	0	0	0	0	0	0	0	0	0	0	0	0	0	0	0	0	0	0	0	0	0	0	0	0	0	0	0	0	0	0	0	0	0	0	0	0	0	0	792	0	0	0	2052	0	3028	0	0	0	0	0	4630	0	0	0	4062	0	140	0	4890	284	3266	0	1454	0	0	0	0	0	0	0	0	0	0	0	0	0	0	0	0	0	0	0	0	0	0	0	0	0	0	0	0	0	0	0	0	0	0	0	0	0	0	0	0	0	0	0	0	0	0	
200828	Parietal_Inf_L	3694	0	402	0	0	0	0	0	0	0	0	0	0	0	0	0	568	0	424	0	0	0	0	0	0	0	0	0	362	0	0	0	564	0	192	0	0	0	184	0	0	0	188	0	148	0	0	0	0	0	8974	0	572	0	0	0	20936	0	7524	0	0	0	12996	0	20346	0	2198	0	1682	0	0	0	0	0	0	0	0	0	0	0	1256	0	0	0	10932	0	0	0	6272	0	0	0	0	0	0	0	0	0	0	0	0	0	0	0	0	0	0	0	0	0	0	0	0	0	0	0	
106708	Parietal_Inf_R	0	1988	0	0	0	0	0	0	0	0	0	0	0	0	0	0	0	392	0	382	0	0	0	0	0	0	0	0	0	246	0	0	0	130	0	0	0	0	0	0	0	0	0	0	0	156	0	0	0	1252	0	7596	0	0	0	0	0	5748	0	4062	0	0	0	12738	0	13228	176	662	0	672	0	0	0	0	0	0	0	0	0	0	0	906	0	0	0	1974	0	0	0	1046	0	0	0	0	0	0	0	0	0	0	0	0	0	0	0	0	0	0	0	0	0	0	0	0	0	0	
111660	SupraMarginal_L	1846	0	152	0	0	0	0	0	0	0	0	0	0	0	0	0	3180	0	0	0	0	0	0	0	0	0	0	0	558	0	0	0	140	0	0	0	130	0	288	0	0	0	140	0	0	0	0	0	0	0	1592	0	252	0	0	0	6804	0	0	0	12996	0	0	0	6754	0	418	0	416	0	0	0	0	0	0	0	0	0	0	0	6828	0	0	0	8114	0	0	0	5222	0	0	0	0	0	0	0	0	0	0	0	0	0	0	0	0	0	0	0	0	0	0	0	0	0	0	0	
114692	SupraMarginal_R	0	1940	0	0	0	0	0	0	0	0	0	0	0	0	0	0	0	3660	0	130	0	0	0	0	0	0	0	0	0	1404	0	0	0	0	0	0	0	0	0	0	0	0	0	224	0	132	0	0	0	994	0	1990	0	0	0	0	0	10056	0	140	0	12738	0	0	0	6476	0	494	0	0	0	0	0	0	0	0	0	0	0	376	0	7048	0	0	0	6108	0	0	0	3436	0	0	0	0	0	0	0	0	0	0	0	0	0	0	0	0	0	0	0	0	0	0	0	0	0	0	
178024	Angular_L	1798	0	156	0	0	0	0	0	0	0	0	0	0	0	0	0	0	0	190	0	0	0	0	0	0	0	0	0	168	0	0	0	1148	0	184	0	0	0	116	0	0	0	384	0	422	0	0	0	918	0	19836	0	1162	0	0	0	3864	0	2570	0	20346	0	6754	0	0	0	3380	0	2402	0	0	0	0	0	0	0	0	0	0	0	1886	0	0	0	16146	0	0	0	5182	0	0	0	0	0	0	0	0	0	0	0	0	0	0	0	0	0	0	0	0	0	0	0	0	0	0	0	
107292	Angular_R	0	556	0	0	0	0	0	0	0	0	0	0	0	0	0	0	0	0	0	0	0	0	0	0	0	0	0	0	0	402	0	0	0	0	0	0	0	0	0	0	0	0	0	832	0	272	0	0	0	3710	0	13148	0	0	0	0	0	1834	0	4890	0	13228	0	6476	0	0	0	552	0	0	0	0	0	0	0	0	0	0	0	0	0	2274	0	0	0	3972	0	0	0	1500	0	0	0	0	0	0	0	0	0	0	0	0	0	0	0	0	0	0	0	0	0	0	0	0	0	0	
258508	Precuneus_L	2002	214	130	0	0	0	0	0	0	0	0	0	0	0	0	0	200	0	508	252	0	0	0	0	0	0	0	0	528	0	0	0	11442	1202	4676	474	2448	154	3528	0	0	0	9292	646	12242	3490	2490	164	8750	1744	11956	626	758	0	754	0	5242	170	11048	284	2198	176	418	0	3380	0	0	7724	7466	228	0	0	0	0	0	0	0	0	260	0	458	0	0	0	6748	150	0	0	2634	0	0	0	0	0	0	0	0	0	0	0	0	0	0	0	0	0	0	0	0	0	0	0	0	0	0	0	
259908	Precuneus_R	0	2914	0	0	0	0	0	0	0	0	0	0	0	0	0	0	0	0	136	2782	0	0	0	0	0	0	0	0	0	1362	0	0	1022	4854	1152	10226	944	6708	446	2962	0	0	0	14350	382	16228	130	6764	0	14080	0	5278	0	338	208	4256	0	4188	0	3266	0	662	0	494	0	552	7724	0	292	5230	0	0	0	0	0	0	0	190	0	0	0	306	0	0	0	3544	0	0	0	4874	0	402	0	0	0	0	0	0	0	398	0	0	0	0	0	0	0	0	0	0	310	0	0	0	0	0	
222936	Paracentral_Lobule_L	17408	582	6532	322	0	0	514	0	0	0	0	0	0	0	0	0	138	0	8978	11962	0	0	0	0	0	0	0	0	1042	0	0	0	6236	4418	5480	882	398	296	1868	0	0	0	162	0	814	0	116	0	0	0	6888	0	1196	0	440	0	5540	320	3052	0	1682	0	416	0	2402	0	7466	292	0	1470	812	116	404	0	434	0	5050	604	252	0	548	0	0	0	3256	0	0	0	680	0	0	0	0	0	0	0	0	0	0	0	0	0	0	0	0	0	0	0	0	0	0	0	0	0	0	0	
83476	Paracentral_Lobule_R	186	3266	0	0	0	0	0	0	0	0	0	0	0	0	0	0	0	0	458	9732	0	0	0	0	0	0	0	0	0	202	0	0	858	6880	0	1826	0	0	0	0	0	0	0	188	0	328	0	160	0	592	0	232	0	0	0	0	0	7422	0	1454	0	672	0	0	0	0	228	5230	1470	0	0	0	0	0	0	0	0	202	0	0	0	0	0	0	0	0	0	0	0	152	0	0	0	0	0	0	0	0	0	0	0	0	0	0	0	0	0	0	0	0	0	0	0	0	0	0	
233244	Caudate_L	846	1280	13418	1908	1732	522	2392	714	716	0	130	198	2730	310	1964	308	0	0	10890	4526	6078	6730	2516	330	746	430	2352	1332	2540	288	6872	2982	0	300	0	0	388	308	0	0	0	0	0	0	0	0	0	0	0	0	0	0	0	0	0	0	134	152	0	0	0	0	0	0	0	0	0	0	812	0	0	8756	11114	588	2084	0	12010	2196	0	0	0	0	0	0	0	0	0	0	0	0	0	0	0	0	0	0	0	0	0	0	0	0	0	0	0	0	0	0	0	0	0	0	0	0	0	0	
404360	Caudate_R	0	8068	3718	18132	214	6470	182	8976	0	1370	0	1152	174	2034	0	5718	0	594	6404	26032	2476	4850	652	7070	0	5528	726	2236	468	3896	2714	19818	0	1796	0	0	0	1482	0	746	0	0	0	0	0	0	0	0	0	0	0	0	0	0	0	382	0	0	0	0	0	0	0	0	0	0	0	0	116	0	8756	0	2074	22104	152	1816	1450	21634	0	0	0	0	0	0	0	0	0	0	0	0	0	0	0	0	0	0	0	0	0	0	0	0	0	0	0	0	0	0	0	0	0	0	0	0	0	0	
342672	Putamen_L	3616	366	30124	692	9720	156	5926	284	3240	0	1494	0	2332	0	6914	0	1550	0	25830	1338	1408	1098	4584	184	432	0	780	434	23306	0	4998	662	0	0	0	0	10228	158	806	0	710	0	0	0	0	0	0	0	0	0	206	0	0	0	2468	0	120	0	0	0	0	0	0	0	0	0	0	0	404	0	11114	2074	0	390	5094	0	2288	450	174	0	838	0	608	0	212	0	0	0	1526	0	0	0	0	0	0	0	0	0	0	0	0	0	0	0	0	0	0	0	0	0	0	0	0	0	0	0	
379288	Putamen_R	0	5658	2562	18284	0	8216	0	3654	0	1992	0	6068	0	1810	0	4354	0	2502	4382	20658	120	160	384	5488	0	4006	0	1658	166	18738	614	10906	0	392	122	124	0	17482	0	8262	0	1306	0	0	0	0	0	0	0	0	0	0	0	0	0	7036	0	1206	0	0	0	0	0	0	0	0	0	0	0	0	588	22104	390	0	0	2550	0	3130	0	0	0	390	0	354	0	0	0	0	0	1346	0	232	0	0	0	0	0	0	0	250	0	0	0	0	0	0	0	0	0	0	0	0	0	0	0	0	
46292	Pallidum_L	1038	132	4372	138	0	0	128	0	0	0	0	0	0	0	0	0	0	0	5820	416	0	0	0	0	0	0	0	0	0	0	0	0	0	0	0	0	1156	0	0	0	0	0	0	0	0	0	0	0	0	0	0	0	0	0	0	0	0	0	0	0	0	0	0	0	0	0	0	0	434	0	2084	152	5094	0	0	0	2012	170	0	0	0	0	0	0	0	0	0	0	0	0	0	0	0	0	0	0	0	0	0	0	0	0	0	0	0	0	0	0	0	0	0	0	0	0	0	0	
23820	Pallidum_R	0	0	812	2594	0	0	0	0	0	0	0	124	0	0	0	0	0	0	820	2352	0	0	0	0	0	0	0	0	0	122	0	160	0	0	0	0	0	560	0	0	0	0	0	0	0	0	0	0	0	0	0	0	0	0	0	0	0	0	0	0	0	0	0	0	0	0	0	0	0	0	0	1816	0	2550	0	0	0	0	0	0	0	0	0	0	0	0	0	0	0	0	0	0	0	0	0	0	0	0	0	0	0	0	0	0	0	0	0	0	0	0	0	0	0	0	0	0	
160572	Thalamus_L	7894	800	11770	0	0	0	3912	252	0	0	428	0	434	0	344	0	262	0	7570	1162	0	0	0	0	0	0	0	0	2628	0	0	0	0	0	1198	1926	4824	1284	1294	482	132	0	0	0	0	0	396	416	0	0	332	0	236	0	286	478	372	0	0	0	0	0	0	0	0	0	0	0	5050	0	12010	1450	2288	0	2012	0	0	6108	134	0	122	0	0	0	0	0	0	0	0	0	0	0	0	0	0	0	0	0	0	0	0	0	0	0	0	0	0	0	0	0	0	0	0	0	0	0	
199384	Thalamus_R	646	9362	808	8728	0	0	762	7326	0	0	0	1078	0	118	0	0	0	380	870	11142	0	0	0	0	0	0	0	0	0	472	0	298	0	200	3420	4082	3586	6172	720	1698	0	0	0	0	0	0	0	930	0	0	0	0	0	0	0	1590	132	488	0	0	0	0	0	0	0	0	0	190	604	202	2196	21634	450	3130	170	0	6108	0	0	0	0	0	0	0	0	0	0	0	0	0	0	0	0	0	0	0	0	0	0	0	0	0	0	0	0	0	0	0	0	0	0	0	0	0	0	0	
80208	Heschl_L	6238	0	1798	0	0	0	1580	0	0	0	720	0	0	0	0	0	3828	0	0	0	0	0	0	0	0	0	0	0	9020	0	0	0	0	0	0	0	1906	0	238	0	0	0	0	0	250	0	0	0	0	0	832	0	422	0	1096	0	4366	0	0	0	0	0	0	0	0	0	260	0	252	0	0	0	174	0	0	0	134	0	0	0	2716	0	0	0	2118	0	0	0	2156	0	0	0	0	0	0	0	0	0	0	0	0	0	0	0	0	0	0	0	0	0	0	0	0	0	0	0	
19268	Heschl_R	0	616	0	474	0	0	0	124	0	0	0	0	0	0	0	0	0	1974	0	216	0	0	0	0	0	0	0	0	0	430	0	0	0	0	0	0	0	144	0	126	0	0	0	0	0	0	0	0	0	0	0	0	0	0	0	120	0	768	0	0	0	0	0	376	0	0	0	0	0	0	0	0	0	0	0	0	0	0	0	0	0	3360	0	0	0	906	0	0	0	0	0	0	0	0	0	0	0	0	0	0	0	0	0	0	0	0	0	0	0	0	0	0	0	0	0	0	
196532	Temporal_Sup_L	5014	0	3646	0	0	0	1682	0	0	0	1940	0	258	0	0	0	11796	0	1588	0	0	0	0	0	0	0	0	0	8726	0	0	0	260	0	0	0	2648	0	862	0	0	0	0	0	0	0	0	0	0	0	888	0	600	0	3316	0	5206	0	0	0	1256	0	6828	0	1886	0	458	0	548	0	0	0	838	0	0	0	122	0	2716	0	0	0	4872	0	18738	0	0	0	11574	0	0	0	0	0	0	0	0	0	0	0	0	0	0	0	0	0	0	0	0	0	0	0	0	0	0	0	
90652	Temporal_Sup_R	0	1956	0	946	0	0	0	252	0	0	0	400	0	0	0	256	0	2072	0	522	0	0	0	0	0	0	0	0	0	2656	0	0	0	138	0	0	0	420	0	154	0	0	0	134	0	0	0	0	0	398	0	384	0	0	0	292	0	1974	0	0	0	906	0	7048	0	2274	0	306	0	0	0	0	0	390	0	0	0	0	0	3360	0	0	0	1738	0	12938	0	1448	0	1964	0	0	0	0	0	0	0	0	0	0	0	0	0	0	0	0	0	0	0	0	0	0	0	0	0	0	
97376	Temporal_Pole_Sup_L	116	0	1016	0	0	0	232	0	190	0	1728	0	588	0	1076	0	2264	0	762	0	0	0	0	0	0	0	0	0	4694	0	0	0	0	0	0	0	2428	0	1036	0	1336	0	0	0	0	0	0	0	0	0	0	0	0	0	3094	0	338	0	0	0	0	0	0	0	0	0	0	0	0	0	0	0	608	0	0	0	0	0	0	0	4872	0	0	0	10432	0	4246	0	7632	0	0	0	0	0	0	0	0	0	0	0	0	0	0	0	0	0	0	0	0	0	0	0	0	0	0	0	
49812	Temporal_Pole_Sup_R	0	0	0	0	0	0	0	0	0	148	0	0	0	0	0	926	0	0	0	0	0	180	0	0	0	0	0	0	0	1568	0	0	0	0	0	0	0	1790	0	2848	0	2540	0	0	0	0	0	0	0	0	0	0	0	0	0	5756	0	0	0	0	0	0	0	0	0	0	0	0	0	0	0	0	0	354	0	0	0	0	0	0	0	1738	0	0	0	868	0	3374	0	2816	0	0	0	0	0	0	0	0	0	0	0	0	0	0	0	0	0	0	0	0	0	0	0	0	0	0	
349300	Temporal_Mid_L	6982	0	528	0	0	0	328	0	0	0	0	0	0	0	0	0	2240	0	200	0	0	0	0	0	0	0	0	0	3970	0	0	0	2046	0	880	0	438	0	3360	0	0	0	1440	0	2214	0	0	0	122	0	19248	0	3936	0	1804	0	2942	0	222	0	10932	0	8114	0	16146	0	6748	0	3256	0	0	0	212	0	0	0	0	0	2118	0	18738	0	10432	0	0	0	4002	0	41052	0	0	0	0	0	0	0	0	0	0	0	0	0	0	0	0	0	0	0	0	0	0	0	0	0	0	0	
153520	Temporal_Mid_R	0	3296	0	0	0	0	0	114	0	0	0	132	0	0	0	0	0	0	0	0	0	0	0	0	0	0	0	0	0	2124	0	0	0	190	0	220	0	324	0	266	0	0	0	4128	0	1256	0	160	0	3234	0	6686	0	1076	0	824	0	1828	0	0	0	1974	0	6108	0	3972	150	3544	0	0	0	0	0	0	0	0	0	0	0	906	0	12938	0	868	0	0	0	2788	0	17654	0	0	0	0	0	0	0	0	0	0	0	0	0	0	0	0	0	0	0	0	0	0	0	0	0	0	
30364	Temporal_Pole_Mid_L	0	0	0	0	0	0	0	0	0	0	0	0	0	0	0	0	0	0	0	0	0	0	0	0	0	0	0	0	236	0	0	0	0	0	0	0	0	0	818	0	0	0	0	0	0	0	0	0	0	0	0	0	0	0	1618	0	0	0	0	0	0	0	0	0	0	0	0	0	0	0	0	0	0	0	0	0	0	0	0	0	0	0	4246	0	4002	0	0	0	4262	0	0	0	0	0	0	0	0	0	0	0	0	0	0	0	0	0	0	0	0	0	0	0	0	0	0	0	
27976	Temporal_Pole_Mid_R	0	0	0	0	0	0	0	0	0	0	0	0	0	0	0	0	0	0	0	0	0	0	0	0	0	0	0	0	0	0	0	0	0	0	0	0	0	332	0	1182	0	354	0	0	0	0	0	0	0	0	0	0	0	0	0	2522	0	0	0	0	0	0	0	0	0	0	0	0	0	0	0	0	0	0	0	0	0	0	0	0	0	1448	0	3374	0	2788	0	0	0	1988	0	0	0	0	0	0	0	0	0	0	0	0	0	0	0	0	0	0	0	0	0	0	0	0	0	0	
346344	Temporal_Inf_L	3564	0	3110	0	0	0	1172	0	0	0	446	0	0	0	0	0	1606	0	2128	0	0	0	0	0	0	0	0	0	12224	0	0	0	1442	0	0	0	14366	0	388	0	2210	0	176	0	278	0	0	0	0	0	8662	0	5492	0	20400	0	2018	0	0	0	6272	0	5222	0	5182	0	2634	0	680	0	0	0	1526	0	0	0	0	0	2156	0	11574	0	7632	0	41052	0	4262	0	0	0	3354	0	460	0	0	0	394	0	974	0	116	0	0	0	0	0	0	0	0	0	0	0	0	0	0	0	
199760	Temporal_Inf_R	0	5962	0	156	0	0	0	260	0	0	0	390	0	0	0	0	0	212	0	342	0	0	0	0	0	0	0	0	0	5056	0	0	0	264	0	1598	0	8384	0	4514	0	0	0	2506	0	1296	0	646	0	2842	0	2328	0	4086	0	16350	0	2472	0	0	0	1046	0	3436	0	1500	0	4874	0	152	0	0	0	1346	0	0	0	0	0	0	0	1964	0	2816	0	17654	0	1988	0	0	0	2682	0	256	0	0	0	0	0	502	0	0	0	0	0	0	0	0	0	0	0	0	0	0	0	0	
455692	Cerebelum_Crus1_L	0	0	186	0	0	0	158	0	0	0	0	0	0	0	0	0	0	0	0	0	0	0	0	0	0	0	0	0	378	0	0	0	0	0	0	0	370	0	456	0	0	0	0	0	0	0	8096	2556	0	0	118	0	240	138	24176	486	0	0	0	0	0	0	0	0	0	0	0	0	0	0	0	0	0	0	0	0	0	0	0	0	0	0	0	0	0	0	0	0	3354	0	0	6462	33930	3830	946	0	24374	132	61414	6336	8332	780	8976	974	2518	210	462	0	0	116	5634	10606	10000	480	472	150	
445124	Cerebelum_Crus1_R	0	720	0	0	0	0	0	0	0	0	0	0	0	0	0	0	0	0	0	0	0	0	0	0	0	0	0	0	0	248	0	0	0	0	0	330	0	1572	0	644	0	0	0	440	0	0	330	5550	0	0	0	0	0	180	126	14992	0	202	0	0	0	0	0	0	0	0	0	402	0	0	0	0	0	232	0	0	0	0	0	0	0	0	0	0	0	0	0	0	0	2682	6462	0	4332	35132	210	2558	832	15038	3330	55342	194	10418	426	23626	250	2650	0	392	292	2418	7286	8170	10840	1920	1794	0	
425076	Cerebelum_Crus2_L	0	0	0	0	0	0	0	0	0	0	0	0	0	0	0	0	0	0	0	0	0	0	0	0	0	0	0	0	0	0	0	0	0	0	0	0	0	0	0	0	0	0	0	0	0	0	1146	702	0	0	0	0	0	0	1670	204	0	0	0	0	0	0	0	0	0	0	0	0	0	0	0	0	0	0	0	0	0	0	0	0	0	0	0	0	0	0	0	0	460	0	33930	4332	0	18344	0	424	1790	0	5964	1848	45092	9076	39348	7564	7488	482	378	0	0	398	474	2286	19664	8728	746	0	
324644	Cerebelum_Crus2_R	0	0	0	0	0	0	0	0	0	0	0	0	0	0	0	0	0	0	0	0	0	0	0	0	0	0	0	0	0	0	0	0	0	0	0	0	0	0	0	0	0	0	0	0	0	0	0	0	0	0	0	0	0	0	0	226	0	0	0	0	0	0	0	0	0	0	0	0	0	0	0	0	0	0	0	0	0	0	0	0	0	0	0	0	0	0	0	0	0	256	3830	35132	18344	0	0	0	0	0	192	3006	9188	25924	5430	34974	0	1790	0	374	0	0	0	250	16824	6456	126	0	
39392	Cerebelum_3_L	0	0	0	0	0	0	0	0	0	0	0	0	0	0	0	0	0	0	0	0	0	0	0	0	0	0	0	0	0	0	0	0	0	0	0	0	0	0	164	0	0	0	0	0	0	0	156	0	0	0	0	0	0	0	374	0	0	0	0	0	0	0	0	0	0	0	0	0	0	0	0	0	0	0	0	0	0	0	0	0	0	0	0	0	0	0	0	0	0	0	946	210	0	0	0	0	8900	0	1430	542	0	0	118	0	524	0	0	0	1020	2712	2600	0	0	0	0	0	
71916	Cerebelum_3_R	0	0	0	0	0	0	0	0	0	0	0	0	0	0	0	0	0	0	0	0	0	0	0	0	0	0	0	0	0	0	0	0	0	0	0	0	0	0	0	0	0	0	0	0	0	0	0	170	0	0	0	0	0	0	0	884	0	0	0	0	0	0	0	0	0	0	0	0	0	0	0	0	0	0	0	0	0	0	0	0	0	0	0	0	0	0	0	0	0	0	0	2558	424	0	0	0	276	5370	160	5662	594	0	722	930	0	2584	0	0	634	6980	898	266	2132	2392	2322	0	
268164	Cerebelum_4_5_L	0	0	0	0	0	0	0	0	0	0	0	0	0	0	0	0	0	0	0	0	0	0	0	0	0	0	0	0	150	0	0	0	0	0	0	0	434	0	1178	0	0	0	0	0	0	0	11104	1130	0	0	172	0	254	0	16010	204	0	0	0	0	0	0	0	0	0	0	0	0	0	0	0	0	0	0	0	0	0	0	0	0	0	0	0	0	0	0	0	0	394	0	24374	832	1790	0	8900	276	0	684	37406	3636	940	0	1406	0	2512	192	0	0	794	1896	13838	2260	210	0	398	708	
187644	Cerebelum_4_5_R	0	0	0	0	0	0	0	0	0	0	0	0	0	0	0	0	0	0	0	0	0	0	0	0	0	0	0	0	0	0	0	0	0	0	0	0	0	538	0	1104	0	0	0	560	0	240	234	6112	0	278	0	466	0	1466	130	10814	0	0	0	0	0	0	0	0	0	0	0	0	0	0	0	0	0	0	0	0	0	0	0	0	0	0	0	0	0	0	0	0	0	0	132	15038	0	0	0	5370	684	0	254	29672	0	0	0	388	0	1812	0	0	0	2456	13604	192	534	884	860	0	
415340	Cerebelum_6_L	0	0	192	0	0	0	156	0	0	0	0	0	0	0	0	0	0	0	0	0	0	0	0	0	0	0	0	0	280	0	0	0	0	0	0	0	470	0	1064	0	0	0	0	0	0	0	13428	4370	0	0	432	0	706	204	31724	922	0	0	0	0	0	0	0	0	0	0	0	0	0	0	0	0	0	0	0	0	0	0	0	0	0	0	0	0	0	0	0	0	974	0	61414	3330	5964	192	1430	160	37406	254	0	7074	1640	0	2428	0	3262	252	442	0	0	116	8816	13352	4030	354	614	218	
432256	Cerebelum_6_R	0	714	0	0	0	0	0	0	0	0	0	0	0	0	0	0	0	0	0	0	0	0	0	0	0	0	0	0	0	254	0	0	0	0	0	326	0	1658	0	834	0	0	0	1218	0	354	798	14852	0	408	0	664	0	3032	338	24014	0	204	0	0	0	0	0	0	0	0	0	398	0	0	0	0	0	250	0	0	0	0	0	0	0	0	0	0	0	0	0	0	0	502	6336	55342	1848	3006	542	5662	3636	29672	7074	0	202	252	388	2350	784	1532	0	0	392	3812	17338	14176	7356	1830	1780	0	
319532	Cerebelum_7b_L	0	0	0	0	0	0	0	0	0	0	0	0	0	0	0	0	0	0	0	0	0	0	0	0	0	0	0	0	0	0	0	0	0	0	0	0	0	0	0	0	0	0	0	0	0	0	296	0	0	0	0	0	0	0	414	0	0	0	0	0	0	0	0	0	0	0	0	0	0	0	0	0	0	0	0	0	0	0	0	0	0	0	0	0	0	0	0	0	116	0	8332	194	45092	9188	0	594	940	0	1640	202	0	7446	43072	8720	9700	708	510	0	0	528	200	0	9880	10932	1062	0	
195652	Cerebelum_7b_R	0	0	0	0	0	0	0	0	0	0	0	0	0	0	0	0	0	0	0	0	0	0	0	0	0	0	0	0	0	0	0	0	0	0	0	0	0	0	0	0	0	0	0	0	0	0	0	0	0	0	0	0	0	0	0	0	0	0	0	0	0	0	0	0	0	0	0	0	0	0	0	0	0	0	0	0	0	0	0	0	0	0	0	0	0	0	0	0	0	0	780	10418	9076	25924	0	0	0	0	0	252	7446	0	4524	23082	0	3416	0	144	0	0	0	0	6752	5708	304	0	
343620	Cerebelum_8_L	0	0	0	0	0	0	0	0	0	0	0	0	0	0	0	0	0	0	0	0	0	0	0	0	0	0	0	0	0	0	0	0	0	0	0	0	0	0	0	0	0	0	0	0	0	0	356	0	0	0	0	0	0	0	440	0	0	0	0	0	0	0	0	0	0	0	0	0	0	0	0	0	0	0	0	0	0	0	0	0	0	0	0	0	0	0	0	0	0	0	8976	426	39348	5430	118	722	1406	0	2428	388	43072	4524	0	11006	22900	1956	2872	0	0	650	284	184	9096	12654	2574	0	
313868	Cerebelum_8_R	0	0	0	0	0	0	0	0	0	0	0	0	0	0	0	0	0	0	0	0	0	0	0	0	0	0	0	0	0	0	0	0	0	0	0	0	0	0	0	0	0	0	0	0	0	0	0	0	0	0	0	0	0	0	0	126	0	0	0	0	0	0	0	0	0	0	0	0	0	0	0	0	0	0	0	0	0	0	0	0	0	0	0	0	0	0	0	0	0	0	974	23626	7564	34974	0	930	0	388	0	2350	8720	23082	11006	0	934	19660	0	1072	0	790	0	0	8346	10168	2224	0	
131236	Cerebelum_9_L	0	0	0	0	0	0	0	0	0	0	0	0	0	0	0	0	0	0	0	0	0	0	0	0	0	0	0	0	0	0	0	0	0	0	0	0	0	0	0	0	0	0	0	0	0	0	0	312	0	0	0	0	0	0	138	0	0	0	0	0	0	0	0	0	0	0	0	0	0	0	0	0	0	0	0	0	0	0	0	0	0	0	0	0	0	0	0	0	0	0	2518	250	7488	0	524	0	2512	0	3262	784	9700	0	22900	934	0	922	4788	0	0	148	894	1534	1776	1762	1818	654	
116500	Cerebelum_9_R	0	0	0	0	0	0	0	0	0	0	0	0	0	0	0	0	0	0	0	0	0	0	0	0	0	0	0	0	0	0	0	0	0	0	0	0	0	0	0	0	0	0	0	0	0	0	0	0	0	0	0	0	0	0	0	0	0	0	0	0	0	0	0	0	0	0	0	0	0	0	0	0	0	0	0	0	0	0	0	0	0	0	0	0	0	0	0	0	0	0	210	2650	482	1790	0	2584	192	1812	252	1532	708	3416	1956	19660	922	0	0	1490	332	1920	762	1528	3070	4786	5188	1008	
19224	Cerebelum_10_L	0	0	0	0	0	0	0	0	0	0	0	0	0	0	0	0	0	0	0	0	0	0	0	0	0	0	0	0	0	0	0	0	0	0	0	0	0	0	0	0	0	0	0	0	0	0	0	0	0	0	0	0	0	0	0	0	0	0	0	0	0	0	0	0	0	0	0	0	0	0	0	0	0	0	0	0	0	0	0	0	0	0	0	0	0	0	0	0	0	0	462	0	378	0	0	0	0	0	442	0	510	0	2872	0	4788	0	0	0	0	0	0	0	160	0	0	0	
6944	Cerebelum_10_R	0	0	0	0	0	0	0	0	0	0	0	0	0	0	0	0	0	0	0	0	0	0	0	0	0	0	0	0	0	0	0	0	0	0	0	0	0	0	0	0	0	0	0	0	0	0	0	0	0	0	0	0	0	0	0	0	0	0	0	0	0	0	0	0	0	0	0	0	0	0	0	0	0	0	0	0	0	0	0	0	0	0	0	0	0	0	0	0	0	0	0	392	0	374	0	0	0	0	0	0	0	144	0	1072	0	1490	0	0	0	0	0	0	0	0	0	0	
24028	Vermis_1_2	0	0	0	0	0	0	0	0	0	0	0	0	0	0	0	0	0	0	0	0	0	0	0	0	0	0	0	0	0	0	0	0	0	0	0	0	134	0	234	0	0	0	0	0	0	0	128	0	0	0	0	0	0	0	0	0	0	0	0	0	0	0	0	0	0	0	0	0	0	0	0	0	0	0	0	0	0	0	0	0	0	0	0	0	0	0	0	0	0	0	0	292	0	0	1020	634	794	0	0	392	0	0	0	0	0	332	0	0	0	5236	1544	268	324	298	384	0	
81264	Vermis_3	0	0	0	0	0	0	0	0	0	0	0	0	0	0	0	0	0	0	0	0	0	0	0	0	0	0	0	0	0	0	0	0	0	0	0	0	152	0	278	0	0	0	0	0	0	0	142	0	0	0	0	0	0	0	0	0	0	0	0	0	0	0	0	0	0	0	0	0	0	0	0	0	0	0	0	0	0	0	0	0	0	0	0	0	0	0	0	0	0	0	116	2418	398	0	2712	6980	1896	2456	116	3812	528	0	650	790	148	1920	0	0	5236	0	3298	552	1906	2080	2048	0	
204888	Vermis_4_5	0	0	0	0	0	0	0	0	0	0	0	0	0	0	0	0	0	0	0	0	0	0	0	0	0	0	0	0	0	0	0	0	0	0	0	190	0	120	0	0	0	0	0	402	0	192	1570	6094	0	202	0	258	158	1130	2496	3730	0	0	0	0	0	0	0	0	0	0	0	310	0	0	0	0	0	0	0	0	0	0	0	0	0	0	0	0	0	0	0	0	0	0	5634	7286	474	0	2600	898	13838	13604	8816	17338	200	0	284	0	894	762	0	0	1544	3298	0	4668	230	358	1014	1852	
179432	Vermis_6	0	0	0	0	0	0	0	0	0	0	0	0	0	0	0	0	0	0	0	0	0	0	0	0	0	0	0	0	0	0	0	0	0	0	0	0	0	0	0	0	0	0	0	530	0	0	2300	9536	0	0	0	170	170	1076	1102	3036	0	0	0	0	0	0	0	0	0	0	0	0	0	0	0	0	0	0	0	0	0	0	0	0	0	0	0	0	0	0	0	0	0	0	10606	8170	2286	250	0	266	2260	192	13352	14176	0	0	184	0	1534	1528	0	0	268	552	4668	0	5974	1026	2208	2296	
272528	Vermis_7	0	0	0	0	0	0	0	0	0	0	0	0	0	0	0	0	0	0	0	0	0	0	0	0	0	0	0	0	0	0	0	0	0	0	0	0	0	0	0	0	0	0	0	0	0	0	618	1408	0	0	0	0	0	296	0	826	0	0	0	0	0	0	0	0	0	0	0	0	0	0	0	0	0	0	0	0	0	0	0	0	0	0	0	0	0	0	0	0	0	0	10000	10840	19664	16824	0	2132	210	534	4030	7356	9880	6752	9096	8346	1776	3070	160	0	324	1906	230	5974	0	9630	4228	154	
177476	Vermis_8	0	0	0	0	0	0	0	0	0	0	0	0	0	0	0	0	0	0	0	0	0	0	0	0	0	0	0	0	0	0	0	0	0	0	0	0	0	0	0	0	0	0	0	0	0	0	0	0	0	0	0	0	0	0	0	0	0	0	0	0	0	0	0	0	0	0	0	0	0	0	0	0	0	0	0	0	0	0	0	0	0	0	0	0	0	0	0	0	0	0	480	1920	8728	6456	0	2392	0	884	354	1830	10932	5708	12654	10168	1762	4786	0	0	298	2080	358	1026	9630	0	5930	362	
