data	data	500572	240132	995880	805072	112380	99240	607804	278516	83100	25976	290156	172176	347704	164548	169292	158104	218588	69200	589716	599684	77328	71540	429860	394944	50780	131444	65772	83540	582428	288812	410980	533968	138984	468448	93220	142576	169900	170128	72624	100020	36580	43544	194996	262236	147864	158676	154648	183872	112984	188828	417420	163296	89084	91028	251896	284892	301276	209652	115804	72112	149660	78824	107204	98004	150064	77040	199252	306292	291892	205440	290108	359100	198044	197524	38976	11748	157864	103280	45824	19200	180272	70164	53356	23624	281828	151996	13084	6992	188880	121532	367072	314648	252180	195568	18212	46320	198276	136112	322980	298968	151204	87672	214492	163136	93772	97940	11608	2172	18828	39632	142100	176276	151800	88716	66184	24928	
data	data	Precentral_L	Precentral_R	Frontal_Sup_L	Frontal_Sup_R	Frontal_Sup_Orb_L	Frontal_Sup_Orb_R	Frontal_Mid_L	Frontal_Mid_R	Frontal_Mid_Orb_L	Frontal_Mid_Orb_R	Frontal_Inf_Oper_L	Frontal_Inf_Oper_R	Frontal_Inf_Tri_L	Frontal_Inf_Tri_R	Frontal_Inf_Orb_L	Frontal_Inf_Orb_R	Rolandic_Oper_L	Rolandic_Oper_R	Supp_Motor_Area_L	Supp_Motor_Area_R	Olfactory_L	Olfactory_R	Frontal_Sup_Medial_L	Frontal_Sup_Medial_R	Frontal_Med_Orb_L	Frontal_Med_Orb_R	Rectus_L	Rectus_R	Insula_L	Insula_R	Cingulum_Ant_L	Cingulum_Ant_R	Cingulum_Mid_L	Cingulum_Mid_R	Cingulum_Post_L	Cingulum_Post_R	Hippocampus_L	Hippocampus_R	ParaHippocampal_L	ParaHippocampal_R	Amygdala_L	Amygdala_R	Calcarine_L	Calcarine_R	Cuneus_L	Cuneus_R	Lingual_L	Lingual_R	Occipital_Sup_L	Occipital_Sup_R	Occipital_Mid_L	Occipital_Mid_R	Occipital_Inf_L	Occipital_Inf_R	Fusiform_L	Fusiform_R	Postcentral_L	Postcentral_R	Parietal_Sup_L	Parietal_Sup_R	Parietal_Inf_L	Parietal_Inf_R	SupraMarginal_L	SupraMarginal_R	Angular_L	Angular_R	Precuneus_L	Precuneus_R	Paracentral_Lobule_L	Paracentral_Lobule_R	Caudate_L	Caudate_R	Putamen_L	Putamen_R	Pallidum_L	Pallidum_R	Thalamus_L	Thalamus_R	Heschl_L	Heschl_R	Temporal_Sup_L	Temporal_Sup_R	Temporal_Pole_Sup_L	Temporal_Pole_Sup_R	Temporal_Mid_L	Temporal_Mid_R	Temporal_Pole_Mid_L	Temporal_Pole_Mid_R	Temporal_Inf_L	Temporal_Inf_R	Cerebelum_Crus1_L	Cerebelum_Crus1_R	Cerebelum_Crus2_L	Cerebelum_Crus2_R	Cerebelum_3_L	Cerebelum_3_R	Cerebelum_4_5_L	Cerebelum_4_5_R	Cerebelum_6_L	Cerebelum_6_R	Cerebelum_7b_L	Cerebelum_7b_R	Cerebelum_8_L	Cerebelum_8_R	Cerebelum_9_L	Cerebelum_9_R	Cerebelum_10_L	Cerebelum_10_R	Vermis_1_2	Vermis_3	Vermis_4_5	Vermis_6	Vermis_7	Vermis_8	Vermis_9	Vermis_10	
500572	Precentral_L	0	686	12132	2494	0	0	48544	554	0	0	19388	0	2022	0	0	0	17570	572	5936	11086	0	0	86	90	0	0	0	0	14006	174	456	626	0	4178	348	746	4690	148	396	0	0	0	0	0	0	0	0	0	0	0	118	0	0	0	268	0	30126	334	0	0	7014	0	3540	0	90	0	0	1118	16554	1110	5328	3034	8380	882	4294	338	11276	216	3096	144	4754	122	0	0	582	0	0	0	640	0	0	0	0	0	0	0	0	0	0	0	0	0	0	0	0	0	0	0	0	0	0	0	0	0	0	0	
240132	Precentral_R	686	0	2046	7724	0	0	494	6110	0	0	0	5132	0	0	0	0	0	400	2378	1294	0	0	0	436	0	0	0	0	0	1124	630	1114	258	5356	1104	2024	0	4918	0	1044	0	0	0	360	0	0	0	138	0	0	1416	162	0	0	0	526	532	25888	122	0	0	244	0	2056	0	0	218	1048	4922	15596	1620	7894	96	3400	0	580	844	7144	0	0	0	88	0	0	0	266	0	0	0	634	0	0	0	0	0	0	0	0	0	0	0	0	0	0	0	0	0	0	0	0	0	0	0	0	0	0	
995880	Frontal_Sup_L	12132	2046	0	28640	5652	184	63720	6772	3862	0	17764	614	31112	934	8912	1336	7670	0	85382	26978	0	0	53190	11574	1216	246	338	0	38264	672	23100	8514	3592	11814	0	0	600	0	90	0	0	0	0	0	0	0	0	0	0	0	0	0	0	0	0	0	2532	410	0	0	128	0	400	0	0	0	0	0	812	240	19532	1382	10960	92	660	0	1194	0	416	0	1848	0	414	0	0	0	0	0	0	0	0	0	0	0	0	0	0	0	0	0	0	0	0	0	0	0	0	0	0	0	0	0	0	0	0	0	
805072	Frontal_Sup_R	2494	7724	28640	0	0	1736	5944	39082	0	602	1278	12416	936	12952	0	18180	190	3164	26376	48876	0	0	10074	38688	0	4318	0	0	1676	17912	9758	40876	1842	15392	0	0	0	1578	0	284	0	0	0	0	0	0	0	0	0	0	0	0	0	0	0	0	0	510	0	0	0	0	0	0	0	0	0	0	0	0	17364	20956	174	7642	0	316	288	2298	0	0	0	0	0	0	0	0	0	0	0	0	0	0	0	0	0	0	0	0	0	0	0	0	0	0	0	0	0	0	0	0	0	0	0	0	0	0	
112380	Frontal_Sup_Orb_L	0	0	5652	0	0	114	1540	0	9450	0	0	0	1874	0	13336	0	0	0	0	0	1964	396	3516	0	2994	0	6954	204	3196	0	1736	0	0	0	0	0	0	0	522	0	994	0	0	0	0	0	0	0	0	0	0	0	0	0	0	0	0	0	0	0	0	0	0	0	0	0	0	0	0	0	574	0	258	0	0	0	0	0	0	0	0	0	916	0	0	0	0	0	0	0	0	0	0	0	0	0	0	0	0	0	0	0	0	0	0	0	0	0	0	0	0	0	0	0	0	0	
99240	Frontal_Sup_Orb_R	0	0	184	1736	114	0	0	422	0	4140	0	0	0	524	90	5526	0	0	0	0	790	2748	724	3126	218	11158	674	11556	0	1490	354	1550	0	0	0	0	0	0	0	0	0	232	0	0	0	0	0	0	0	0	0	0	0	0	0	0	0	0	0	0	0	0	0	0	0	0	0	0	0	0	776	650	0	838	0	0	0	0	0	0	0	0	0	0	0	0	0	0	0	0	0	0	0	0	0	0	0	0	0	0	0	0	0	0	0	0	0	0	0	0	0	0	0	0	0	0	
607804	Frontal_Mid_L	48544	494	63720	5944	1540	0	0	2190	3924	0	15846	110	35266	248	3988	0	6586	580	13028	7312	0	0	15824	1850	0	0	0	0	20758	322	5798	1524	3204	4338	234	458	2980	0	140	0	0	0	0	0	0	0	0	0	0	0	0	0	0	0	106	0	4380	258	0	0	2296	0	824	0	0	0	0	0	1416	0	5588	3062	6420	884	2406	336	5210	168	1130	144	2256	122	0	0	0	0	0	0	146	0	0	0	0	0	0	0	0	0	0	0	0	0	0	0	0	0	0	0	0	0	0	0	0	0	0	0	
278516	Frontal_Mid_R	554	6110	6772	39082	0	422	2190	0	0	1680	566	6416	476	10098	0	12338	0	418	5732	1856	0	0	2244	7302	0	370	0	0	862	4548	2538	6840	534	3260	0	0	0	348	0	0	0	0	0	0	0	0	0	0	0	0	0	0	0	0	0	0	0	428	0	0	0	0	0	0	0	0	0	0	0	0	5272	7484	0	1868	0	320	0	330	0	0	0	0	0	0	0	0	0	0	0	0	0	0	0	0	0	0	0	0	0	0	0	0	0	0	0	0	0	0	0	0	0	0	0	0	0	0	
83100	Frontal_Mid_Orb_L	0	0	3862	0	9450	0	3924	0	0	0	0	0	4232	0	12976	0	0	0	0	0	152	0	1662	162	412	0	1702	0	1646	0	554	0	150	172	0	0	0	0	0	0	0	0	0	0	0	0	0	0	0	0	0	0	0	0	0	0	0	0	0	0	0	0	0	0	0	0	0	0	0	0	0	0	0	0	0	0	0	0	0	0	0	0	494	0	0	0	0	0	0	0	0	0	0	0	0	0	0	0	0	0	0	0	0	0	0	0	0	0	0	0	0	0	0	0	0	0	
25976	Frontal_Mid_Orb_R	0	0	0	602	0	4140	0	1680	0	0	0	0	0	1040	0	4788	0	0	0	0	0	110	0	0	0	0	0	628	0	0	0	0	0	0	0	0	0	0	0	0	0	0	0	0	0	0	0	0	0	0	0	0	0	0	0	0	0	0	0	0	0	0	0	0	0	0	0	0	0	0	0	0	0	0	0	0	0	0	0	0	0	0	0	0	0	0	0	0	0	0	0	0	0	0	0	0	0	0	0	0	0	0	0	0	0	0	0	0	0	0	0	0	0	0	0	0	
290156	Frontal_Inf_Oper_L	19388	0	17764	1278	0	0	15846	566	0	0	0	0	13772	0	0	442	20076	0	11784	1084	0	0	326	122	0	0	0	0	21884	132	1286	400	0	150	0	0	114	0	0	0	0	0	0	0	0	0	0	0	0	0	0	0	0	0	0	0	2844	0	0	0	378	0	526	0	0	0	0	0	90	0	2138	760	2838	0	2244	0	1932	0	628	0	4032	0	254	0	0	0	0	0	0	0	0	0	0	0	0	0	0	0	0	0	0	0	0	0	0	0	0	0	0	0	0	0	0	0	0	0	
172176	Frontal_Inf_Oper_R	0	5132	614	12416	0	0	110	6416	0	0	0	0	0	11010	0	926	0	3302	426	5072	0	0	518	3410	0	264	0	0	0	11428	1634	5762	0	1342	0	0	0	1234	0	348	0	0	0	0	0	0	0	0	0	0	0	0	0	0	0	132	0	1198	0	0	0	0	0	0	0	0	0	0	0	0	238	7054	0	5606	0	188	0	308	0	0	0	0	0	0	0	0	0	0	0	0	0	0	0	0	0	0	0	0	0	0	0	0	0	0	0	0	0	0	0	0	0	0	0	0	0	0	
347704	Frontal_Inf_Tri_L	2022	0	31112	936	1874	0	35266	476	4232	0	13772	0	0	0	12804	0	474	0	5904	998	0	0	8696	1052	526	0	0	0	41634	0	7502	968	940	1388	0	0	0	0	0	0	0	0	0	0	0	0	0	0	0	0	0	0	0	0	0	0	114	0	0	0	0	0	0	0	0	0	0	0	0	0	288	108	554	0	0	0	0	0	92	0	0	0	120	0	0	0	0	0	0	0	0	0	0	0	0	0	0	0	0	0	0	0	0	0	0	0	0	0	0	0	0	0	0	0	0	0	
164548	Frontal_Inf_Tri_R	0	0	934	12952	0	524	248	10098	0	1040	0	11010	0	0	0	5036	0	96	434	1386	0	0	1518	4576	0	794	0	0	0	14320	1144	6890	232	4080	0	0	0	270	0	0	0	0	0	0	0	0	0	0	0	0	0	0	0	0	0	0	0	0	0	0	0	0	0	0	0	0	0	0	0	0	100	2154	0	2328	0	0	0	110	0	0	0	0	0	0	0	0	0	0	0	0	0	0	0	0	0	0	0	0	0	0	0	0	0	0	0	0	0	0	0	0	0	0	0	0	0	0	
169292	Frontal_Inf_Orb_L	0	0	8912	0	13336	90	3988	0	12976	0	0	0	12804	0	0	0	0	0	148	0	1998	260	3050	0	1458	0	1042	144	13942	0	3750	0	0	0	0	0	220	0	552	0	938	0	0	0	0	0	0	0	0	0	0	0	0	0	0	0	0	0	0	0	0	0	0	0	0	0	0	0	0	0	386	0	824	0	0	0	0	0	0	0	0	0	3828	0	0	0	0	0	0	0	0	0	0	0	0	0	0	0	0	0	0	0	0	0	0	0	0	0	0	0	0	0	0	0	0	0	
158104	Frontal_Inf_Orb_R	0	0	1336	18180	0	5526	0	12338	0	4788	442	926	0	5036	0	0	0	256	1126	1334	0	198	192	5586	0	3262	0	200	390	7352	456	5360	190	598	0	0	0	0	0	0	0	0	0	0	0	0	0	0	0	0	0	0	0	0	0	0	0	0	0	0	0	0	0	0	0	0	0	0	0	0	526	2594	0	500	0	0	0	90	0	0	0	126	0	144	0	0	0	0	0	0	0	0	0	0	0	0	0	0	0	0	0	0	0	0	0	0	0	0	0	0	0	0	0	0	0	0	
218588	Rolandic_Oper_L	17570	0	7670	190	0	0	6586	0	0	0	20076	0	474	0	0	0	0	0	4986	478	0	0	0	0	0	0	0	0	14850	0	128	0	0	0	0	0	112	0	0	0	0	0	0	0	0	0	0	0	0	0	1880	0	0	0	0	0	8626	0	1450	0	1132	0	2652	0	864	0	0	0	210	0	394	0	2508	0	2014	0	1926	0	1576	0	10382	0	272	0	196	0	0	0	92	0	0	0	0	0	0	0	0	0	0	0	0	0	0	0	0	0	0	0	0	0	0	0	0	0	0	0	
69200	Rolandic_Oper_R	572	400	0	3164	0	0	580	418	0	0	0	3302	0	96	0	256	0	0	0	2242	0	0	0	0	0	0	0	0	0	9696	134	232	0	0	0	0	0	0	0	0	0	0	0	0	0	0	0	0	0	0	0	0	0	0	0	0	0	1510	0	0	0	0	0	1566	0	0	0	98	0	0	0	3004	0	3172	0	156	0	0	0	2974	0	1028	0	0	0	0	0	0	0	0	0	0	0	0	0	0	0	0	0	0	0	0	0	0	0	0	0	0	0	0	0	0	0	0	0	0	
589716	Supp_Motor_Area_L	5936	2378	85382	26376	0	0	13028	5732	0	0	11784	426	5904	434	148	1126	4986	0	0	40654	0	0	8362	1660	196	0	0	0	15060	582	6060	3620	6194	14852	174	0	0	0	0	0	0	0	0	0	0	0	0	0	0	0	0	0	0	0	0	0	252	484	0	0	0	0	0	0	0	0	0	154	4176	490	19254	1614	5170	186	0	0	208	0	0	0	1638	0	178	0	0	0	0	0	0	0	0	0	0	0	0	0	0	0	0	0	0	0	0	0	0	0	0	0	0	0	0	0	0	0	0	0	
599684	Supp_Motor_Area_R	11086	1294	26978	48876	0	0	7312	1856	0	0	1084	5072	998	1386	0	1334	478	2242	40654	0	0	0	1604	5818	0	310	0	0	894	5486	3190	9778	8900	39760	244	310	0	810	0	212	0	0	0	0	0	0	0	0	0	0	110	0	0	0	0	182	304	416	0	0	0	0	0	198	0	0	0	244	15010	9800	13518	15912	806	3082	240	104	3612	7828	0	0	0	0	0	0	0	198	0	0	0	312	0	0	0	0	0	0	0	0	0	0	0	0	0	0	0	0	0	0	0	0	0	0	0	0	0	0	
77328	Olfactory_L	0	0	0	0	1964	790	0	0	152	0	0	0	0	0	1998	0	0	0	0	0	0	6290	0	0	382	460	4492	2038	2628	0	2992	2048	0	0	0	0	190	0	884	0	1292	0	0	0	0	0	0	0	0	0	0	0	0	0	0	0	0	0	0	0	0	0	0	0	0	0	0	0	0	0	5910	2240	1250	0	0	0	0	0	0	0	0	0	576	0	0	0	0	0	88	0	0	0	0	0	0	0	0	0	0	0	0	0	0	0	0	0	0	0	0	0	0	0	0	0	0	0	
71540	Olfactory_R	0	0	0	0	396	2748	0	0	0	110	0	0	0	0	260	198	0	0	0	0	6290	0	0	120	0	1436	3606	4542	0	1066	2698	2796	0	0	0	0	0	0	0	104	0	614	0	0	0	0	0	0	0	0	0	0	0	0	0	0	0	0	0	0	0	0	0	0	0	0	0	0	0	0	5258	2470	1058	0	0	0	0	0	0	0	0	0	0	0	0	0	0	0	0	0	0	0	0	0	0	0	0	0	0	0	0	0	0	0	0	0	0	0	0	0	0	0	0	0	0	0	
429860	Frontal_Sup_Medial_L	86	0	53190	10074	3516	724	15824	2244	1662	0	326	518	8696	1518	3050	192	0	0	8362	1604	0	0	0	27148	2198	1034	462	0	10642	790	24776	17340	3554	11958	0	0	0	0	0	0	0	0	0	0	0	0	0	0	0	0	0	0	0	0	0	0	0	0	0	0	0	0	0	0	0	0	0	0	0	0	346	0	2874	0	0	0	0	0	0	0	0	0	222	0	0	0	0	0	0	0	0	0	0	0	0	0	0	0	0	0	0	0	0	0	0	0	0	0	0	0	0	0	0	0	0	0	
394944	Frontal_Sup_Medial_R	90	436	11574	38688	0	3126	1850	7302	162	0	122	3410	1052	4576	0	5586	0	0	1660	5818	0	120	27148	0	990	7560	0	458	1174	5496	11710	35644	226	14578	0	0	0	110	0	0	0	0	0	0	0	0	0	0	0	0	0	0	0	0	0	0	0	94	0	0	0	0	0	0	0	0	0	0	0	0	342	3428	204	2610	0	0	0	128	0	0	0	0	0	0	0	0	0	0	0	0	0	0	0	0	0	0	0	0	0	0	0	0	0	0	0	0	0	0	0	0	0	0	0	0	0	0	
50780	Frontal_Med_Orb_L	0	0	1216	0	2994	218	0	0	412	0	0	0	526	0	1458	0	0	0	196	0	382	0	2198	990	0	1324	2594	192	1856	0	6028	334	0	0	0	0	0	0	0	0	0	0	0	0	0	0	0	0	0	0	0	0	0	0	0	0	0	0	0	0	0	0	0	0	0	0	0	0	0	0	600	0	1662	0	0	0	0	0	0	0	0	0	210	0	0	0	0	0	0	0	0	0	0	0	0	0	0	0	0	0	0	0	0	0	0	0	0	0	0	0	0	0	0	0	0	0	
131444	Frontal_Med_Orb_R	0	0	246	4318	0	11158	0	370	0	0	0	264	0	794	0	3262	0	0	0	310	460	1436	1034	7560	1324	0	396	10492	0	3648	3432	7442	0	0	0	0	0	0	0	0	0	126	0	0	0	0	0	0	0	0	0	0	0	0	0	0	0	0	0	0	0	0	0	0	0	0	0	0	0	0	398	2868	0	4384	0	0	0	0	0	0	0	0	0	0	0	0	0	0	0	0	0	0	0	0	0	0	0	0	0	0	0	0	0	0	0	0	0	0	0	0	0	0	0	0	0	0	
65772	Rectus_L	0	0	338	0	6954	674	0	0	1702	0	0	0	0	0	1042	0	0	0	0	0	4492	3606	462	0	2594	396	0	1506	280	0	2422	1012	0	0	0	0	0	0	0	0	0	0	0	0	0	0	0	0	0	0	0	0	0	0	0	0	0	0	0	0	0	0	0	0	0	0	0	0	0	0	4222	804	380	0	0	0	0	0	0	0	0	0	0	0	0	0	0	0	0	0	0	0	0	0	0	0	0	0	0	0	0	0	0	0	0	0	0	0	0	0	0	0	0	0	0	0	
83540	Rectus_R	0	0	0	0	204	11556	0	0	0	628	0	0	0	0	144	200	0	0	0	0	2038	4542	0	458	192	10492	1506	0	0	310	732	2994	0	0	0	0	0	0	0	0	0	254	0	0	0	0	0	0	0	0	0	0	0	0	0	0	0	0	0	0	0	0	0	0	0	0	0	0	0	0	1760	1714	372	1674	0	0	0	0	0	0	0	0	0	0	0	0	0	0	0	0	0	0	0	0	0	0	0	0	0	0	0	0	0	0	0	0	0	0	0	0	0	0	0	0	0	0	
582428	Insula_L	14006	0	38264	1676	3196	0	20758	862	1646	0	21884	0	41634	0	13942	390	14850	0	15060	894	2628	0	10642	1174	1856	0	280	0	0	116	12686	1596	342	724	282	342	7092	0	1506	0	2854	0	0	0	0	0	0	0	0	0	0	0	0	0	1286	0	5716	0	0	0	418	0	3816	0	100	0	0	0	670	0	2128	786	18716	0	0	0	2884	0	6782	0	7840	0	3192	0	896	0	0	0	2802	0	0	0	0	0	0	0	0	0	0	0	0	0	0	0	0	0	0	0	0	0	0	0	0	0	0	0	
288812	Insula_R	174	1124	672	17912	0	1490	322	4548	0	0	132	11428	0	14320	0	7352	0	9696	582	5486	0	1066	790	5496	0	3648	0	310	116	0	2338	10734	228	3462	0	0	0	1950	0	246	0	598	0	0	0	0	0	0	0	0	0	0	0	0	0	820	0	1470	0	0	0	0	0	338	0	0	0	118	0	0	432	10084	0	15112	0	0	0	274	0	2406	0	2832	0	916	0	2168	0	0	0	1216	0	0	0	0	0	0	0	0	0	0	0	0	0	0	0	0	0	0	0	0	0	0	0	0	0	0	
410980	Cingulum_Ant_L	456	630	23100	9758	1736	354	5798	2538	554	0	1286	1634	7502	1144	3750	456	128	134	6060	3190	2992	2698	24776	11710	6028	3432	2422	732	12686	2338	0	30076	4794	7762	316	0	0	0	0	0	0	0	0	0	0	0	0	0	0	0	0	0	0	0	0	0	0	0	0	0	0	0	0	0	0	0	0	0	0	0	3878	7370	8172	2630	0	0	0	154	0	0	0	0	316	0	0	0	0	0	0	0	0	0	0	0	0	0	0	0	0	0	0	0	0	0	0	0	0	0	0	0	0	0	0	0	0	0	
533968	Cingulum_Ant_R	626	1114	8514	40876	0	1550	1524	6840	0	0	400	5762	968	6890	0	5360	0	232	3620	9778	2048	2796	17340	35644	334	7442	1012	2994	1596	10734	30076	0	1776	18842	0	0	0	0	0	0	0	0	0	0	0	0	0	0	0	0	0	0	0	0	0	0	0	0	0	0	0	0	0	0	0	0	0	0	0	0	2276	25332	916	11294	0	0	0	478	0	0	0	0	0	0	0	0	0	0	0	0	0	0	0	0	0	0	0	0	0	0	0	0	0	0	0	0	0	0	0	0	0	0	0	0	0	0	
138984	Cingulum_Mid_L	0	258	3592	1842	0	0	3204	534	150	0	0	0	940	232	0	190	0	0	6194	8900	0	0	3554	226	0	0	0	0	342	228	4794	1776	0	11464	1826	100	0	0	0	0	0	0	1568	0	2110	0	302	0	284	0	2316	0	0	0	0	0	402	164	568	0	116	0	0	0	690	0	3782	624	4176	1278	0	0	0	0	0	0	0	0	0	0	0	0	0	0	640	0	0	0	126	0	0	0	0	0	0	0	0	0	0	0	0	0	0	0	0	0	0	0	0	0	0	0	0	0	0	0	
468448	Cingulum_Mid_R	4178	5356	11814	15392	0	0	4338	3260	172	0	150	1342	1388	4080	0	598	0	0	14852	39760	0	0	11958	14578	0	0	0	0	724	3462	7762	18842	11464	0	1152	3650	0	0	0	0	0	0	182	760	168	1212	0	102	0	1410	1288	122	0	0	0	0	88	4214	0	2394	0	336	0	0	92	152	832	5088	12914	15312	762	436	86	408	0	0	4922	126	0	0	0	0	0	0	94	250	0	0	0	202	0	0	0	0	0	0	0	0	0	0	0	0	0	0	0	0	0	0	0	0	0	0	0	0	0	0	
93220	Cingulum_Post_L	348	1104	0	0	0	0	234	0	0	0	0	0	0	0	0	0	0	0	174	244	0	0	0	0	0	0	0	0	282	0	316	0	1826	1152	0	8434	5008	1000	2788	92	0	0	1992	210	854	0	310	94	0	0	466	0	442	0	1824	216	1832	1064	0	0	0	0	0	0	0	0	4378	1190	3038	1236	0	0	0	0	0	0	884	0	138	0	0	0	0	0	436	0	0	0	1410	1594	0	0	0	0	0	0	0	0	0	0	0	0	0	0	0	0	0	0	0	0	0	0	0	0	0	0	
142576	Cingulum_Post_R	746	2024	0	0	0	0	458	0	0	0	0	0	0	0	0	0	0	0	0	310	0	0	0	0	0	0	0	0	342	0	0	0	100	3650	8434	0	4670	3158	1874	710	0	0	0	4090	0	652	0	910	0	1032	114	848	0	344	624	1000	778	2962	0	854	0	0	0	0	0	160	1588	16220	1366	3172	0	0	0	0	0	0	4018	106	238	0	0	0	0	0	142	958	0	0	234	2118	0	0	0	0	0	0	0	0	0	0	0	0	0	0	0	0	0	0	0	0	284	0	0	0	0	0	
169900	Hippocampus_L	4690	0	600	0	0	0	2980	0	0	0	114	0	0	0	220	0	112	0	0	0	190	0	0	0	0	0	0	0	7092	0	0	0	0	0	5008	4670	0	1672	10234	98	5772	0	1766	0	0	0	1572	132	0	0	206	0	800	0	9454	0	160	0	0	0	0	0	0	0	0	0	2466	598	1522	0	0	0	5486	0	314	0	6356	0	878	0	494	0	1074	0	800	0	0	0	7420	0	0	0	0	0	0	0	0	0	0	0	0	0	0	0	0	0	0	0	0	0	0	0	0	0	0	0	
170128	Hippocampus_R	148	4918	0	1578	0	0	0	348	0	0	0	1234	0	270	0	0	0	0	0	810	0	0	0	110	0	0	0	0	0	1950	0	0	0	0	1000	3158	1672	0	962	13028	0	8206	0	214	0	0	0	1008	0	0	0	0	0	0	106	17074	0	970	0	0	0	0	0	148	0	0	0	1898	106	154	0	202	0	8008	0	292	1634	5022	0	0	0	348	0	820	0	512	0	0	0	6700	0	0	0	0	0	0	0	228	0	0	0	0	0	0	0	0	0	0	0	0	228	0	0	0	0	0	
72624	ParaHippocampal_L	396	0	90	0	522	0	140	0	0	0	0	0	0	0	552	0	0	0	0	0	884	0	0	0	0	0	0	0	1506	0	0	0	0	0	2788	1874	10234	962	0	0	1366	0	1480	0	0	0	3106	0	0	0	724	0	742	0	3514	0	0	0	0	0	0	0	0	0	0	0	1978	202	202	0	0	0	424	0	0	0	1850	0	0	0	0	0	294	0	0	0	0	0	126	0	0	0	0	0	120	0	106	0	0	0	0	0	0	0	0	0	0	0	0	130	0	0	0	0	0	0	
100020	ParaHippocampal_R	0	1044	0	284	0	0	0	0	0	0	0	348	0	0	0	0	0	0	0	212	0	104	0	0	0	0	0	0	0	246	0	0	0	0	92	710	98	13028	0	0	0	3454	0	1254	0	0	0	5352	0	0	0	0	0	528	0	13776	0	400	0	0	0	0	0	0	0	0	0	3382	0	98	0	0	0	1820	0	104	144	1724	0	0	0	0	0	318	0	94	0	0	0	390	0	0	0	0	0	0	0	908	0	0	0	0	0	0	0	0	0	0	0	0	98	0	0	0	0	0	
36580	Amygdala_L	0	0	0	0	994	0	0	0	0	0	0	0	0	0	938	0	0	0	0	0	1292	0	0	0	0	0	0	0	2854	0	0	0	0	0	0	0	5772	0	1366	0	0	0	0	0	0	0	0	0	0	0	0	0	0	0	2800	0	0	0	0	0	0	0	0	0	0	0	0	0	0	0	0	0	122	0	0	0	0	0	0	0	0	0	582	0	0	0	0	0	1570	0	0	0	0	0	0	0	0	0	0	0	0	0	0	0	0	0	0	0	0	0	0	0	0	0	0	0	
43544	Amygdala_R	0	0	0	0	0	232	0	0	0	0	0	0	0	0	0	0	0	0	0	0	0	614	0	0	0	126	0	254	0	598	0	0	0	0	0	0	0	8206	0	3454	0	0	0	0	0	0	0	0	0	0	0	0	0	0	0	5560	0	0	0	0	0	0	0	0	0	0	0	0	0	0	0	92	0	466	0	0	0	168	0	0	0	0	0	1324	0	0	0	0	0	678	0	0	0	0	0	0	0	0	0	0	0	0	0	0	0	0	0	0	0	0	0	0	0	0	0	0	
194996	Calcarine_L	0	0	0	0	0	0	0	0	0	0	0	0	0	0	0	0	0	0	0	0	0	0	0	0	0	0	0	0	0	0	0	0	1568	182	1992	0	1766	0	1480	0	0	0	0	6562	12776	4762	7248	1432	6884	2444	18340	228	3828	444	1474	150	450	0	172	0	0	0	0	0	1590	0	14200	1180	734	0	0	0	0	0	0	0	0	0	0	0	0	0	0	0	5612	0	0	0	0	0	0	0	0	0	0	0	0	0	0	0	0	0	0	0	0	0	0	0	0	0	0	0	0	0	0	0	
262236	Calcarine_R	0	360	0	0	0	0	0	0	0	0	0	0	0	0	0	0	0	0	0	0	0	0	0	0	0	0	0	0	0	0	0	0	0	760	210	4090	0	214	0	1254	0	0	6562	0	2496	17880	1064	14516	0	18400	0	11784	0	10482	0	8408	124	2962	0	686	0	0	0	0	0	198	632	20502	230	1972	0	0	0	0	0	0	516	0	0	0	0	0	0	0	0	3582	0	0	0	1234	0	0	0	0	0	0	0	0	0	0	0	0	0	0	0	0	0	0	0	0	0	0	0	0	0	0	
147864	Cuneus_L	0	0	0	0	0	0	0	0	0	0	0	0	0	0	0	0	0	0	0	0	0	0	0	0	0	0	0	0	0	0	0	0	2110	168	854	0	0	0	0	0	0	0	12776	2496	0	4108	1334	482	15292	2096	14174	204	960	0	206	0	778	0	258	0	0	0	0	0	740	0	9952	842	1262	0	0	0	0	0	0	0	0	0	0	0	0	0	0	0	2744	0	0	0	96	0	0	0	0	0	0	0	0	0	0	0	0	0	0	0	0	0	0	0	0	0	0	0	0	0	0	0	
158676	Cuneus_R	0	0	0	0	0	0	0	0	0	0	0	0	0	0	0	0	0	0	0	0	0	0	0	0	0	0	0	0	0	0	0	0	0	1212	0	652	0	0	0	0	0	0	4762	17880	4108	0	164	2470	0	21508	0	4586	0	1410	0	790	0	1136	0	1042	0	0	0	0	0	584	660	13174	0	1756	0	0	0	0	0	0	820	0	0	0	0	0	0	0	0	476	0	0	0	148	0	0	0	0	0	0	0	0	0	0	0	0	0	0	0	0	0	0	0	0	0	0	0	0	0	0	
154648	Lingual_L	0	0	0	0	0	0	0	0	0	0	0	0	0	0	0	0	0	0	0	0	0	0	0	0	0	0	0	0	0	0	0	0	302	0	310	0	1572	0	3106	0	0	0	7248	1064	1334	164	0	1234	720	150	9412	0	5502	0	14192	162	0	0	0	0	0	0	0	0	230	0	2252	102	0	0	0	0	0	0	0	0	86	0	0	0	0	0	0	0	816	0	0	0	96	0	5540	534	348	0	140	0	7386	88	9120	608	0	0	0	0	0	0	0	0	0	0	1914	1098	494	0	0	0	
183872	Lingual_R	0	138	0	0	0	0	0	0	0	0	0	0	0	0	0	0	0	0	0	0	0	0	0	0	0	0	0	0	0	0	0	0	0	102	94	910	132	1008	0	5352	0	0	1432	14516	482	2470	1234	0	0	3962	0	3806	0	4952	108	19908	0	632	0	0	0	0	0	0	0	0	0	6022	0	328	0	0	0	0	0	0	0	186	0	0	0	0	0	0	0	110	0	0	0	96	482	4938	0	330	0	0	0	3222	684	6910	0	0	0	0	0	0	0	0	0	0	1672	4458	1260	0	0	0	
112984	Occipital_Sup_L	0	0	0	0	0	0	0	0	0	0	0	0	0	0	0	0	0	0	0	0	0	0	0	0	0	0	0	0	0	0	0	0	284	0	0	0	0	0	0	0	0	0	6884	0	15292	0	720	0	0	0	21312	0	726	0	0	0	898	0	1642	0	332	0	0	0	586	0	4512	0	1384	88	0	0	0	0	0	0	0	0	0	0	206	0	0	0	1214	0	0	0	412	0	0	0	0	0	0	0	0	0	0	0	0	0	0	0	0	0	0	0	0	0	0	0	0	0	0	0	
188828	Occipital_Sup_R	0	0	0	0	0	0	0	0	0	0	0	0	0	0	0	0	0	0	0	0	0	0	0	0	0	0	0	0	0	0	0	0	0	1410	0	1032	0	0	0	0	0	0	2444	18400	2096	21508	150	3962	0	0	0	16694	0	4324	0	1908	0	452	0	890	0	602	0	0	0	2032	378	11496	0	1424	0	0	0	0	0	0	958	0	0	0	0	0	0	0	0	1702	0	0	0	552	0	0	0	0	0	0	0	0	0	0	0	0	0	0	0	0	0	0	0	0	0	0	0	0	0	0	
417420	Occipital_Mid_L	118	1416	0	0	0	0	0	0	0	0	0	0	0	0	0	0	1880	0	0	110	0	0	0	0	0	0	0	0	0	0	0	0	2316	1288	466	114	206	0	724	0	0	0	18340	0	14174	0	9412	0	21312	0	0	0	14834	0	5312	0	8672	1340	10594	0	10408	0	192	0	21844	0	14016	794	12326	1540	0	0	0	0	0	0	224	0	0	0	2522	0	0	0	27076	0	0	0	5140	0	0	0	0	0	0	0	0	0	0	0	0	0	0	0	0	0	0	0	0	0	0	0	0	0	0	0	
163296	Occipital_Mid_R	0	162	0	0	0	0	0	0	0	0	0	0	0	0	0	0	0	0	0	0	0	0	0	0	0	0	0	0	0	0	0	0	0	122	0	848	0	0	0	0	0	0	228	11784	204	4586	0	3806	0	16694	0	0	0	8880	0	4074	0	400	0	308	0	4446	0	856	0	9226	106	4308	0	324	0	0	0	0	0	0	0	0	0	0	0	192	0	0	0	8322	0	0	0	1772	0	0	0	0	0	0	0	0	0	0	0	0	0	0	0	0	0	0	0	0	0	0	0	0	0	0	
89084	Occipital_Inf_L	0	0	0	0	0	0	0	0	0	0	0	0	0	0	0	0	0	0	0	0	0	0	0	0	0	0	0	0	0	0	0	0	0	0	442	0	800	0	742	0	0	0	3828	0	960	0	5502	0	726	0	14834	0	0	0	8974	0	132	0	0	0	0	0	0	0	212	0	1006	0	148	0	0	0	0	0	0	0	104	0	0	0	0	0	0	0	2980	0	0	0	3152	0	0	0	0	0	0	0	0	0	0	0	0	0	0	0	0	0	0	0	0	0	0	0	0	0	0	0	
91028	Occipital_Inf_R	0	0	0	0	0	0	0	0	0	0	0	0	0	0	0	0	0	0	0	0	0	0	0	0	0	0	0	0	0	0	0	0	0	0	0	344	0	0	0	528	0	0	444	10482	0	1410	0	4952	0	4324	0	8880	0	0	0	8294	0	188	0	98	0	0	0	0	0	0	174	2854	0	166	0	0	0	0	0	0	0	0	0	0	0	0	0	0	0	1562	0	0	0	814	0	0	0	0	0	0	0	0	0	0	0	0	0	0	0	0	0	0	0	0	0	0	0	0	0	0	
251896	Fusiform_L	268	0	0	0	0	0	106	0	0	0	0	0	0	0	0	0	0	0	0	0	0	0	0	0	0	0	0	0	1286	0	0	0	0	0	1824	624	9454	106	3514	0	2800	0	1474	0	206	0	14192	108	0	0	5312	0	8974	0	0	0	130	0	0	0	0	0	0	0	152	0	516	0	208	0	0	0	582	0	0	0	618	0	300	0	230	0	668	0	2448	0	758	0	11442	0	17810	462	672	0	202	0	10456	146	23604	564	144	0	308	0	0	0	0	0	0	0	1892	1058	330	0	0	0	
284892	Fusiform_R	0	526	0	0	0	0	0	0	0	0	0	132	0	0	0	0	0	0	0	182	0	0	0	0	0	0	0	0	0	820	0	0	0	0	216	1000	0	17074	0	13776	0	5560	150	8408	0	790	162	19908	0	1908	0	4074	0	8294	0	0	0	480	0	0	0	0	0	88	0	0	0	5108	0	230	0	0	0	1156	0	0	0	1408	0	0	0	748	0	2240	0	2038	0	1214	0	10350	204	10636	0	258	0	0	0	4766	244	13752	0	0	0	104	0	0	0	0	0	0	1102	2768	572	0	0	0	
301276	Postcentral_L	30126	532	2532	0	0	0	4380	0	0	0	2844	0	114	0	0	0	8626	0	252	304	0	0	0	0	0	0	0	0	5716	0	0	0	402	88	1832	778	160	0	0	0	0	0	450	124	778	0	0	0	898	0	8672	0	132	0	130	0	0	530	13196	0	21362	0	10060	0	1346	0	5462	90	17070	532	1238	0	222	0	122	0	0	0	1396	0	3492	0	0	0	3408	0	0	0	1084	158	0	0	0	0	0	0	0	0	0	0	0	0	0	0	0	0	0	0	0	0	0	0	0	0	0	0	
209652	Postcentral_R	334	25888	410	510	0	0	258	428	0	0	0	1198	0	0	0	0	0	1510	484	416	0	0	0	94	0	0	0	0	0	1470	0	0	164	4214	1064	2962	0	970	0	400	0	0	0	2962	0	1136	0	632	0	452	1340	400	0	188	0	480	530	0	122	4042	0	3618	0	6778	0	218	220	7874	3742	16176	0	2244	0	2708	0	0	1096	3314	0	164	0	324	0	0	0	534	0	0	0	758	0	0	0	0	0	0	0	0	0	0	0	0	0	0	0	0	0	0	0	0	0	0	0	0	0	0	
115804	Parietal_Sup_L	0	122	0	0	0	0	0	0	0	0	0	0	0	0	0	0	1450	0	0	0	0	0	0	0	0	0	0	0	0	0	0	0	568	0	0	0	0	0	0	0	0	0	172	0	258	0	0	0	1642	0	10594	0	0	0	0	0	13196	122	0	0	9426	0	0	0	2398	0	11938	0	4226	122	0	0	0	0	0	0	0	0	0	0	1462	0	0	0	114	0	0	0	92	0	0	0	0	0	0	0	0	0	0	0	0	0	0	0	0	0	0	0	0	0	0	0	0	0	0	0	
72112	Parietal_Sup_R	0	0	0	0	0	0	0	0	0	0	0	0	0	0	0	0	0	0	0	0	0	0	0	0	0	0	0	0	0	0	0	0	0	2394	0	854	0	0	0	0	0	0	0	686	0	1042	0	0	0	890	0	308	0	98	0	0	0	4042	0	0	0	4986	0	3016	0	2506	0	7560	0	4228	0	0	0	0	0	0	1936	0	0	0	0	196	0	0	0	1170	0	0	0	144	0	0	0	0	0	0	0	0	0	0	0	0	0	0	0	0	0	0	0	0	0	0	0	0	0	0	
149660	Parietal_Inf_L	7014	0	128	0	0	0	2296	0	0	0	378	0	0	0	0	0	1132	0	0	0	0	0	0	0	0	0	0	0	418	0	0	0	116	0	0	0	0	0	0	0	0	0	0	0	0	0	0	0	332	0	10408	0	0	0	0	0	21362	0	9426	0	0	0	6900	0	10294	0	688	0	1082	0	0	0	0	0	0	0	0	0	0	0	1228	0	0	0	1376	0	0	0	252	0	0	0	0	0	0	0	0	0	0	0	0	0	0	0	0	0	0	0	0	0	0	0	0	0	0	0	
78824	Parietal_Inf_R	0	244	0	0	0	0	0	0	0	0	0	0	0	0	0	0	0	0	0	0	0	0	0	0	0	0	0	0	0	0	0	0	0	336	0	0	0	0	0	0	0	0	0	0	0	0	0	0	0	602	0	4446	0	0	0	0	0	3618	0	4986	0	0	0	10362	0	10590	0	420	0	278	0	0	0	0	0	0	338	0	0	0	0	1216	0	0	0	1818	0	0	0	158	0	0	0	0	0	0	0	0	0	0	0	0	0	0	0	0	0	0	0	0	0	0	0	0	0	0	
107204	SupraMarginal_L	3540	0	400	0	0	0	824	0	0	0	526	0	0	0	0	0	2652	0	0	0	0	0	0	0	0	0	0	0	3816	0	0	0	0	0	0	0	0	0	0	0	0	0	0	0	0	0	0	0	0	0	192	0	0	0	0	0	10060	0	0	0	6900	0	0	0	7566	0	0	0	1468	0	0	0	0	0	0	0	0	0	402	0	8326	0	0	0	4674	0	0	0	2256	0	0	0	0	0	0	0	0	0	0	0	0	0	0	0	0	0	0	0	0	0	0	0	0	0	0	0	
98004	SupraMarginal_R	0	2056	0	0	0	0	0	0	0	0	0	0	0	0	0	0	0	1566	0	198	0	0	0	0	0	0	0	0	0	338	0	0	0	0	0	0	0	148	0	0	0	0	0	0	0	0	0	0	0	0	0	856	0	0	0	88	0	6778	0	3016	0	10362	0	0	0	6780	0	982	0	1456	0	1242	0	0	0	0	284	780	0	86	0	5936	0	0	0	5594	0	0	0	456	0	0	0	0	0	0	0	0	0	0	0	0	0	0	0	0	0	0	0	0	0	0	0	0	0	0	
150064	Angular_L	90	0	0	0	0	0	0	0	0	0	0	0	0	0	0	0	864	0	0	0	0	0	0	0	0	0	0	0	100	0	0	0	690	92	0	0	0	0	0	0	0	0	1590	0	740	0	230	0	586	0	21844	0	212	0	152	0	1346	0	2398	0	10294	0	7566	0	0	0	1276	134	1190	0	0	0	0	0	0	0	0	0	190	0	5596	0	0	0	14104	0	0	0	3748	0	0	0	0	0	0	0	0	0	0	0	0	0	0	0	0	0	0	0	0	0	0	0	0	0	0	0	
77040	Angular_R	0	0	0	0	0	0	0	0	0	0	0	0	0	0	0	0	0	0	0	0	0	0	0	0	0	0	0	0	0	0	0	0	0	152	0	160	0	0	0	0	0	0	0	198	0	584	0	0	0	2032	0	9226	0	0	0	0	0	218	0	2506	0	10590	0	6780	0	0	0	1780	0	158	0	0	0	0	0	0	88	0	0	0	0	1366	0	0	0	2326	0	0	0	356	0	0	0	0	0	0	0	0	0	0	0	0	0	0	0	0	0	0	0	0	0	0	0	0	0	0	
199252	Precuneus_L	0	218	0	0	0	0	0	0	0	0	0	0	0	0	0	0	0	0	0	0	0	0	0	0	0	0	0	0	0	0	0	0	3782	832	4378	1588	2466	0	1978	0	0	0	14200	632	9952	660	2252	0	4512	378	14016	106	1006	174	516	0	5462	220	11938	0	688	0	0	0	1276	0	0	5308	4006	418	0	0	0	0	0	0	90	0	0	0	0	0	0	0	5968	0	0	0	606	0	0	0	0	0	0	0	0	0	0	0	0	0	0	0	0	0	0	0	0	0	0	0	0	0	0	0	
306292	Precuneus_R	1118	1048	0	0	0	0	0	0	0	0	0	0	0	0	0	0	0	98	154	244	0	0	0	0	0	0	0	0	0	118	0	0	624	5088	1190	16220	598	1898	202	3382	0	0	1180	20502	842	13174	102	6022	0	11496	794	4308	0	2854	0	5108	90	7874	0	7560	0	420	0	982	134	1780	5308	0	5686	8186	302	0	0	0	0	0	3182	130	0	0	0	650	0	0	402	7020	0	0	156	3768	0	0	0	0	0	0	0	688	0	0	0	0	0	0	0	0	0	0	0	0	464	0	0	0	0	0	
291892	Paracentral_Lobule_L	16554	4922	812	0	0	0	1416	0	0	0	90	0	0	0	0	0	210	0	4176	15010	0	0	0	0	0	0	0	0	670	0	0	0	4176	12914	3038	1366	1522	106	202	0	0	0	734	230	1262	0	0	0	1384	0	12326	0	148	0	208	0	17070	3742	4226	0	1082	0	1468	0	1190	0	4006	5686	0	9718	454	0	144	0	0	0	6466	0	434	0	446	0	0	0	4362	0	0	0	1758	218	0	0	0	0	0	0	0	0	0	0	0	0	0	0	0	0	0	0	0	0	0	0	0	0	0	0	
205440	Paracentral_Lobule_R	1110	15596	240	0	0	0	0	0	0	0	0	0	0	0	0	0	0	0	490	9800	0	0	0	0	0	0	0	0	0	0	0	0	1278	15312	1236	3172	0	154	0	98	0	0	0	1972	0	1756	0	328	88	1424	1540	324	0	166	0	230	532	16176	122	4228	0	278	0	1456	0	158	418	8186	9718	0	422	418	0	0	0	0	2328	612	0	0	0	98	0	0	0	526	0	0	0	730	0	0	0	0	0	0	0	0	0	0	0	0	0	0	0	0	0	0	0	0	0	0	0	0	0	0	
290108	Caudate_L	5328	1620	19532	17364	574	776	5588	5272	0	0	2138	238	288	100	386	526	394	0	19254	13518	5910	5258	346	342	600	398	4222	1760	2128	432	3878	2276	0	762	0	0	0	0	0	0	0	0	0	0	0	0	0	0	0	0	0	0	0	0	0	0	1238	0	0	0	0	0	0	0	0	0	0	302	454	422	0	7778	6762	216	580	0	6094	0	0	0	0	0	0	0	0	0	0	0	0	0	0	0	0	0	0	0	0	0	0	0	0	0	0	0	0	0	0	0	0	0	0	0	0	0	0	0	
359100	Caudate_R	3034	7894	1382	20956	0	650	3062	7484	0	0	760	7054	108	2154	0	2594	0	3004	1614	15912	2240	2470	0	3428	0	2868	804	1714	786	10084	7370	25332	0	436	0	0	0	202	0	0	0	92	0	0	0	0	0	0	0	0	0	0	0	0	0	0	0	2244	0	0	0	0	0	1242	0	0	0	0	0	418	7778	0	1600	12592	0	1464	0	16490	0	146	0	0	0	0	0	0	0	0	0	88	0	0	0	0	0	0	0	0	0	0	0	0	0	0	0	0	0	0	0	0	0	0	0	0	0	0	
198044	Putamen_L	8380	96	10960	174	258	0	6420	0	0	0	2838	0	554	0	824	0	2508	0	5170	806	1250	1058	2874	204	1662	0	380	372	18716	0	8172	916	0	86	0	0	5486	0	424	0	122	0	0	0	0	0	0	0	0	0	0	0	0	0	582	0	222	0	0	0	0	0	0	0	0	0	0	0	144	0	6762	1600	0	216	4676	0	1162	0	128	0	482	0	446	0	474	0	0	0	1418	0	0	0	0	0	0	0	0	0	0	0	0	0	0	0	0	0	0	0	0	0	0	0	0	0	0	0	
197524	Putamen_R	882	3400	92	7642	0	838	884	1868	0	0	0	5606	0	2328	0	500	0	3172	186	3082	0	0	0	2610	0	4384	0	1674	0	15112	2630	11294	0	408	0	0	0	8008	0	1820	0	466	0	0	0	0	0	0	0	0	0	0	0	0	0	1156	0	2708	0	0	0	0	0	0	0	0	0	0	0	0	216	12592	216	0	0	1676	0	532	0	528	0	0	0	106	0	0	0	0	0	146	0	0	0	0	0	0	0	0	0	0	0	0	0	0	0	0	0	0	0	0	0	0	0	0	0	0	
38976	Pallidum_L	4294	0	660	0	0	0	2406	0	0	0	2244	0	0	0	0	0	2014	0	0	240	0	0	0	0	0	0	0	0	0	0	0	0	0	0	0	0	314	0	0	0	0	0	0	0	0	0	0	0	0	0	0	0	0	0	0	0	122	0	0	0	0	0	0	0	0	0	0	0	0	0	580	0	4676	0	0	0	1938	0	0	0	0	0	0	0	0	0	0	0	0	0	0	0	0	0	0	0	0	0	0	0	0	0	0	0	0	0	0	0	0	0	0	0	0	0	0	0	
11748	Pallidum_R	338	580	0	316	0	0	336	320	0	0	0	188	0	0	0	0	0	156	0	104	0	0	0	0	0	0	0	0	0	0	0	0	0	0	0	0	0	292	0	104	0	0	0	0	0	0	0	0	0	0	0	0	0	0	0	0	0	0	0	0	0	0	0	0	0	0	0	0	0	0	0	1464	0	1676	0	0	0	0	0	0	0	0	0	0	0	0	0	0	0	0	0	0	0	0	0	0	0	0	0	0	0	0	0	0	0	0	0	0	0	0	0	0	0	0	0	0	
157864	Thalamus_L	11276	844	1194	288	0	0	5210	0	0	0	1932	0	0	0	0	0	1926	0	208	3612	0	0	0	0	0	0	0	0	2884	0	0	0	0	4922	884	4018	6356	1634	1850	144	0	0	0	516	0	820	86	0	0	958	224	0	104	0	618	0	0	1096	0	1936	0	338	0	284	0	88	90	3182	6466	2328	6094	0	1162	0	1938	0	0	756	88	0	0	0	0	0	92	156	0	0	226	104	0	0	0	0	0	0	0	0	0	0	0	0	0	0	0	0	0	0	0	0	0	0	0	0	0	0	
103280	Thalamus_R	216	7144	0	2298	0	0	168	330	0	0	0	308	0	110	0	90	0	0	0	7828	0	0	0	128	0	0	0	0	0	274	154	478	0	126	0	106	0	5022	0	1724	0	168	0	0	0	0	0	186	0	0	0	0	0	0	0	1408	0	3314	0	0	0	0	0	780	0	0	0	130	0	612	0	16490	0	532	0	0	756	0	0	0	0	0	0	0	0	324	0	0	0	436	0	0	0	0	0	0	0	0	0	0	0	0	0	0	0	0	0	0	0	0	0	0	0	0	0	0	
45824	Heschl_L	3096	0	416	0	0	0	1130	0	0	0	628	0	92	0	0	0	1576	0	0	0	0	0	0	0	0	0	0	0	6782	0	0	0	0	0	138	238	878	0	0	0	0	0	0	0	0	0	0	0	0	0	0	0	0	0	300	0	1396	0	0	0	0	0	402	0	190	0	0	0	434	0	0	0	128	0	0	0	88	0	0	0	1570	0	0	0	1864	0	0	0	1566	0	0	0	0	0	0	0	0	0	0	0	0	0	0	0	0	0	0	0	0	0	0	0	0	0	0	0	
19200	Heschl_R	144	0	0	0	0	0	144	0	0	0	0	0	0	0	0	0	0	2974	0	0	0	0	0	0	0	0	0	0	0	2406	0	0	0	0	0	0	0	0	0	0	0	0	0	0	0	0	0	0	0	0	0	0	0	0	0	0	0	164	0	0	0	0	0	86	0	0	0	0	0	0	0	146	0	528	0	0	0	0	0	0	0	1860	0	0	0	910	0	0	0	238	0	0	0	0	0	0	0	0	0	0	0	0	0	0	0	0	0	0	0	0	0	0	0	0	0	0	
180272	Temporal_Sup_L	4754	0	1848	0	0	0	2256	0	0	0	4032	0	0	0	0	0	10382	0	1638	0	0	0	0	0	0	0	0	0	7840	0	0	0	0	0	0	0	494	0	0	0	0	0	0	0	0	0	0	0	206	0	2522	0	0	0	230	0	3492	0	1462	0	1228	0	8326	0	5596	0	0	0	446	0	0	0	482	0	0	0	0	0	1570	0	0	0	1452	0	20422	0	0	0	9458	0	0	0	0	0	0	0	0	0	0	0	0	0	0	0	0	0	0	0	0	0	0	0	0	0	0	0	
70164	Temporal_Sup_R	122	88	0	0	0	0	122	0	0	0	0	0	0	0	0	126	0	1028	0	0	0	0	0	0	0	0	0	0	0	2832	0	0	0	0	0	0	0	348	0	0	0	0	0	0	0	0	0	0	0	0	0	192	0	0	0	748	0	324	0	196	0	1216	0	5936	0	1366	0	650	0	98	0	0	0	0	0	0	0	0	0	1860	0	0	0	1748	0	13836	0	0	0	2246	0	0	0	0	0	0	0	0	0	0	0	0	0	0	0	0	0	0	0	0	0	0	0	0	0	0	
53356	Temporal_Pole_Sup_L	0	0	414	0	916	0	0	0	494	0	254	0	120	0	3828	0	272	0	178	0	576	0	222	0	210	0	0	0	3192	0	316	0	0	0	0	0	1074	0	294	0	582	0	0	0	0	0	0	0	0	0	0	0	0	0	668	0	0	0	0	0	0	0	0	0	0	0	0	0	0	0	0	0	446	0	0	0	0	0	0	0	1452	0	0	0	5352	0	2114	0	3704	0	0	0	0	0	0	0	0	0	0	0	0	0	0	0	0	0	0	0	0	0	0	0	0	0	0	0	
23624	Temporal_Pole_Sup_R	0	0	0	0	0	0	0	0	0	0	0	0	0	0	0	144	0	0	0	0	0	0	0	0	0	0	0	0	0	916	0	0	0	0	0	0	0	820	0	318	0	1324	0	0	0	0	0	0	0	0	0	0	0	0	0	2240	0	0	0	0	0	0	0	0	0	0	0	0	0	0	0	0	0	106	0	0	0	0	0	0	0	1748	0	0	0	1244	0	1318	0	1634	0	0	0	0	0	0	0	0	0	0	0	0	0	0	0	0	0	0	0	0	0	0	0	0	0	0	
281828	Temporal_Mid_L	582	0	0	0	0	0	0	0	0	0	0	0	0	0	0	0	196	0	0	0	0	0	0	0	0	0	0	0	896	0	0	0	640	94	436	142	800	0	0	0	0	0	5612	0	2744	0	816	0	1214	0	27076	0	2980	0	2448	0	3408	0	114	0	1376	0	4674	0	14104	0	5968	402	4362	0	0	0	474	0	0	0	92	0	1864	0	20422	0	5352	0	0	0	1948	0	29678	0	0	0	0	0	0	0	0	0	0	0	0	0	0	0	0	0	0	0	0	0	0	0	0	0	0	0	
151996	Temporal_Mid_R	0	266	0	0	0	0	0	0	0	0	0	0	0	0	0	0	0	0	0	198	0	0	0	0	0	0	0	0	0	2168	0	0	0	250	0	958	0	512	0	94	0	0	0	3582	0	476	0	110	0	1702	0	8322	0	1562	0	2038	0	534	0	1170	0	1818	0	5594	0	2326	0	7020	0	526	0	0	0	0	0	0	156	324	0	910	0	13836	0	1244	0	0	0	288	0	18014	0	0	0	0	0	0	0	0	0	0	0	0	0	0	0	0	0	0	0	0	0	0	0	0	0	0	
13084	Temporal_Pole_Mid_L	0	0	0	0	0	0	0	0	0	0	0	0	0	0	0	0	0	0	0	0	0	0	0	0	0	0	0	0	0	0	0	0	0	0	0	0	0	0	0	0	0	0	0	0	0	0	0	0	0	0	0	0	0	0	758	0	0	0	0	0	0	0	0	0	0	0	0	0	0	0	0	0	0	0	0	0	0	0	0	0	0	0	2114	0	1948	0	0	0	1722	0	0	0	0	0	0	0	0	0	0	0	0	0	0	0	0	0	0	0	0	0	0	0	0	0	0	0	
6992	Temporal_Pole_Mid_R	0	0	0	0	0	0	0	0	0	0	0	0	0	0	0	0	0	0	0	0	0	0	0	0	0	0	0	0	0	0	0	0	0	0	0	0	0	0	0	0	0	0	0	0	0	0	0	0	0	0	0	0	0	0	0	1214	0	0	0	0	0	0	0	0	0	0	0	0	0	0	0	0	0	0	0	0	0	0	0	0	0	0	0	1318	0	288	0	0	0	676	0	0	0	0	0	0	0	0	0	0	0	0	0	0	0	0	0	0	0	0	0	0	0	0	0	0	
188880	Temporal_Inf_L	640	0	0	0	0	0	146	0	0	0	0	0	0	0	0	0	92	0	0	0	88	0	0	0	0	0	0	0	2802	0	0	0	126	0	1410	234	7420	0	126	0	1570	0	0	0	96	0	96	0	412	0	5140	0	3152	0	11442	0	1084	0	92	0	252	0	2256	0	3748	0	606	156	1758	0	0	0	1418	0	0	0	226	0	1566	0	9458	0	3704	0	29678	0	1722	0	0	0	1450	0	0	0	0	0	0	0	274	0	0	0	0	0	0	0	0	0	0	0	0	0	0	0	0	0	
121532	Temporal_Inf_R	0	634	0	0	0	0	0	0	0	0	0	0	0	0	0	0	0	0	0	312	0	0	0	0	0	0	0	0	0	1216	0	0	0	202	1594	2118	0	6700	0	390	0	678	0	1234	0	148	0	96	0	552	0	1772	0	814	0	10350	158	758	0	144	0	158	0	456	0	356	0	3768	218	730	0	88	0	146	0	0	104	436	0	238	0	2246	0	1634	0	18014	0	676	0	0	0	1628	0	0	0	0	0	0	0	0	0	0	0	0	0	0	0	0	0	0	0	0	0	0	0	0	
367072	Cerebelum_Crus1_L	0	0	0	0	0	0	0	0	0	0	0	0	0	0	0	0	0	0	0	0	0	0	0	0	0	0	0	0	0	0	0	0	0	0	0	0	0	0	0	0	0	0	0	0	0	0	5540	482	0	0	0	0	0	0	17810	204	0	0	0	0	0	0	0	0	0	0	0	0	0	0	0	0	0	0	0	0	0	0	0	0	0	0	0	0	0	0	0	0	1450	0	0	3508	35502	2888	262	174	19112	216	51644	2424	7698	468	11428	1746	1698	534	190	0	0	180	3588	5342	6902	1616	740	190	
314648	Cerebelum_Crus1_R	0	0	0	0	0	0	0	0	0	0	0	0	0	0	0	0	0	0	0	0	0	0	0	0	0	0	0	0	0	0	0	0	0	0	0	0	0	0	0	0	0	0	0	0	0	0	534	4938	0	0	0	0	0	0	462	10636	0	0	0	0	0	0	0	0	0	0	0	0	0	0	0	0	0	0	0	0	0	0	0	0	0	0	0	0	0	0	0	0	0	1628	3508	0	694	25164	0	1738	1356	10286	3750	42882	0	6428	204	11408	226	1882	0	0	0	328	5178	12550	8050	1904	1590	0	
252180	Cerebelum_Crus2_L	0	0	0	0	0	0	0	0	0	0	0	0	0	0	0	0	0	0	0	0	0	0	0	0	0	0	0	0	0	0	0	0	0	0	0	0	0	0	0	0	0	0	0	0	0	0	348	0	0	0	0	0	0	0	672	0	0	0	0	0	0	0	0	0	0	0	0	0	0	0	0	0	0	0	0	0	0	0	0	0	0	0	0	0	0	0	0	0	0	0	35502	694	0	4208	0	0	3320	0	7104	328	28806	1570	27650	2064	4224	272	102	0	0	0	362	848	5420	2208	388	0	
195568	Cerebelum_Crus2_R	0	0	0	0	0	0	0	0	0	0	0	0	0	0	0	0	0	0	0	0	0	0	0	0	0	0	0	0	0	0	0	0	0	0	0	0	0	0	0	0	0	0	0	0	0	0	0	330	0	0	0	0	0	0	0	258	0	0	0	0	0	0	0	0	0	0	0	0	0	0	0	0	0	0	0	0	0	0	0	0	0	0	0	0	0	0	0	0	0	0	2888	25164	4208	0	0	312	0	762	774	6220	1298	14770	3360	16844	0	2088	0	0	0	102	130	2792	8666	5344	1474	0	
18212	Cerebelum_3_L	0	0	0	0	0	0	0	0	0	0	0	0	0	0	0	0	0	0	0	0	0	0	0	0	0	0	0	0	0	0	0	0	0	0	0	0	0	0	120	0	0	0	0	0	0	0	140	0	0	0	0	0	0	0	202	0	0	0	0	0	0	0	0	0	0	0	0	0	0	0	0	0	0	0	0	0	0	0	0	0	0	0	0	0	0	0	0	0	0	0	262	0	0	0	0	0	3860	0	1104	92	0	0	156	0	1170	0	168	0	590	632	268	342	0	0	0	0	
46320	Cerebelum_3_R	0	0	0	0	0	0	0	0	0	0	0	0	0	0	0	0	0	0	0	0	0	0	0	0	0	0	0	0	0	0	0	0	0	0	0	0	0	0	0	0	0	0	0	0	0	0	0	0	0	0	0	0	0	0	0	0	0	0	0	0	0	0	0	0	0	0	0	0	0	0	0	0	0	0	0	0	0	0	0	0	0	0	0	0	0	0	0	0	0	0	174	1738	0	312	0	0	304	4772	238	4944	0	0	0	406	104	1392	0	0	518	2908	1578	1412	442	532	946	440	
198276	Cerebelum_4_5_L	0	0	0	0	0	0	0	0	0	0	0	0	0	0	0	0	0	0	0	0	0	0	0	0	0	0	0	0	0	0	0	0	0	0	0	0	0	0	106	0	0	0	0	0	0	0	7386	0	0	0	0	0	0	0	10456	0	0	0	0	0	0	0	0	0	0	0	0	0	0	0	0	0	0	0	0	0	0	0	0	0	0	0	0	0	0	0	0	0	0	0	19112	1356	3320	0	3860	304	0	652	31422	2402	132	0	1154	0	3192	172	338	0	294	466	9000	3044	150	0	334	486	
136112	Cerebelum_4_5_R	0	0	0	0	0	0	0	0	0	0	0	0	0	0	0	0	0	0	0	0	0	0	0	0	0	0	0	0	0	0	0	0	0	0	0	0	0	228	0	908	0	0	0	0	0	0	88	3222	0	0	0	0	0	0	146	4766	0	0	0	0	0	0	0	0	0	0	0	688	0	0	0	0	0	0	0	0	0	0	0	0	0	0	0	0	0	0	0	0	0	0	216	10286	0	762	0	4772	652	0	438	24122	0	88	0	778	0	884	0	0	0	1634	9392	1496	914	832	744	0	
322980	Cerebelum_6_L	0	0	0	0	0	0	0	0	0	0	0	0	0	0	0	0	0	0	0	0	0	0	0	0	0	0	0	0	0	0	0	0	0	0	0	0	0	0	0	0	0	0	0	0	0	0	9120	684	0	0	0	0	0	0	23604	244	0	0	0	0	0	0	0	0	0	0	0	0	0	0	0	0	0	0	0	0	0	0	0	0	0	0	0	0	0	0	0	0	274	0	51644	3750	7104	774	1104	238	31422	438	0	3520	1322	0	2416	134	2804	386	172	0	128	250	7124	7564	4002	408	654	206	
298968	Cerebelum_6_R	0	0	0	0	0	0	0	0	0	0	0	0	0	0	0	0	0	0	0	0	0	0	0	0	0	0	0	0	0	0	0	0	0	0	0	0	0	0	0	0	0	0	0	0	0	0	608	6910	0	0	0	0	0	0	564	13752	0	0	0	0	0	0	0	0	0	0	0	0	0	0	0	0	0	0	0	0	0	0	0	0	0	0	0	0	0	0	0	0	0	0	2424	42882	328	6220	92	4944	2402	24122	3520	0	0	690	184	4308	392	1450	0	0	0	1022	11262	12742	5736	1706	1224	0	
151204	Cerebelum_7b_L	0	0	0	0	0	0	0	0	0	0	0	0	0	0	0	0	0	0	0	0	0	0	0	0	0	0	0	0	0	0	0	0	0	0	0	0	0	0	0	0	0	0	0	0	0	0	0	0	0	0	0	0	0	0	144	0	0	0	0	0	0	0	0	0	0	0	0	0	0	0	0	0	0	0	0	0	0	0	0	0	0	0	0	0	0	0	0	0	0	0	7698	0	28806	1298	0	0	132	0	1322	0	0	576	25594	698	6248	0	278	0	0	0	0	0	1270	1538	0	0	
87672	Cerebelum_7b_R	0	0	0	0	0	0	0	0	0	0	0	0	0	0	0	0	0	0	0	0	0	0	0	0	0	0	0	0	0	0	0	0	0	0	0	0	0	0	0	0	0	0	0	0	0	0	0	0	0	0	0	0	0	0	0	0	0	0	0	0	0	0	0	0	0	0	0	0	0	0	0	0	0	0	0	0	0	0	0	0	0	0	0	0	0	0	0	0	0	0	468	6428	1570	14770	0	0	0	88	0	690	576	0	846	13686	0	2218	0	0	0	0	0	0	1556	940	0	0	
214492	Cerebelum_8_L	0	0	0	0	0	0	0	0	0	0	0	0	0	0	0	0	0	0	0	0	0	0	0	0	0	0	0	0	0	0	0	0	0	0	0	0	0	0	0	0	0	0	0	0	0	0	0	0	0	0	0	0	0	0	308	0	0	0	0	0	0	0	0	0	0	0	0	0	0	0	0	0	0	0	0	0	0	0	0	0	0	0	0	0	0	0	0	0	0	0	11428	204	27650	3360	156	0	1154	0	2416	184	25594	846	0	3418	18632	554	1648	0	0	0	0	216	3794	4736	948	0	
163136	Cerebelum_8_R	0	0	0	0	0	0	0	0	0	0	0	0	0	0	0	0	0	0	0	0	0	0	0	0	0	0	0	0	0	0	0	0	0	0	0	0	0	0	0	0	0	0	0	0	0	0	0	0	0	0	0	0	0	0	0	104	0	0	0	0	0	0	0	0	0	0	0	0	0	0	0	0	0	0	0	0	0	0	0	0	0	0	0	0	0	0	0	0	0	0	1746	11408	2064	16844	0	406	0	778	134	4308	698	13686	3418	0	242	14338	0	132	0	104	110	242	4108	5282	1296	120	
93772	Cerebelum_9_L	0	0	0	0	0	0	0	0	0	0	0	0	0	0	0	0	0	0	0	0	0	0	0	0	0	0	0	0	0	0	0	0	0	0	0	0	0	0	0	0	0	0	0	0	0	0	0	0	0	0	0	0	0	0	0	0	0	0	0	0	0	0	0	0	0	0	0	0	0	0	0	0	0	0	0	0	0	0	0	0	0	0	0	0	0	0	0	0	0	0	1698	226	4224	0	1170	104	3192	0	2804	392	6248	0	18632	242	0	302	2908	0	150	174	998	1144	492	432	934	420	
97940	Cerebelum_9_R	0	0	0	0	0	0	0	0	0	0	0	0	0	0	0	0	0	0	0	0	0	0	0	0	0	0	0	0	0	0	0	0	0	0	0	0	0	0	0	0	0	0	0	0	0	0	0	0	0	0	0	0	0	0	0	0	0	0	0	0	0	0	0	0	0	0	0	0	0	0	0	0	0	0	0	0	0	0	0	0	0	0	0	0	0	0	0	0	0	0	534	1882	272	2088	0	1392	172	884	386	1450	0	2218	554	14338	302	0	0	834	852	1806	1270	3780	3060	3632	5370	1894	
11608	Cerebelum_10_L	0	0	0	0	0	0	0	0	0	0	0	0	0	0	0	0	0	0	0	0	0	0	0	0	0	0	0	0	0	0	0	0	0	0	0	0	0	0	0	0	0	0	0	0	0	0	0	0	0	0	0	0	0	0	0	0	0	0	0	0	0	0	0	0	0	0	0	0	0	0	0	0	0	0	0	0	0	0	0	0	0	0	0	0	0	0	0	0	0	0	190	0	102	0	168	0	338	0	172	0	278	0	1648	0	2908	0	0	0	0	0	0	0	0	0	0	0	
2172	Cerebelum_10_R	0	0	0	0	0	0	0	0	0	0	0	0	0	0	0	0	0	0	0	0	0	0	0	0	0	0	0	0	0	0	0	0	0	0	0	0	0	0	0	0	0	0	0	0	0	0	0	0	0	0	0	0	0	0	0	0	0	0	0	0	0	0	0	0	0	0	0	0	0	0	0	0	0	0	0	0	0	0	0	0	0	0	0	0	0	0	0	0	0	0	0	0	0	0	0	0	0	0	0	0	0	0	0	132	0	834	0	0	0	120	0	0	0	0	0	0	
18828	Vermis_1_2	0	0	0	0	0	0	0	0	0	0	0	0	0	0	0	0	0	0	0	0	0	0	0	0	0	0	0	0	0	0	0	0	0	0	0	0	0	0	0	0	0	0	0	0	0	0	0	0	0	0	0	0	0	0	0	0	0	0	0	0	0	0	0	0	0	0	0	0	0	0	0	0	0	0	0	0	0	0	0	0	0	0	0	0	0	0	0	0	0	0	0	0	0	0	590	518	294	0	128	0	0	0	0	0	150	852	0	0	0	3784	960	816	134	98	646	444	
39632	Vermis_3	0	0	0	0	0	0	0	0	0	0	0	0	0	0	0	0	0	0	0	0	0	0	0	0	0	0	0	0	0	0	0	0	0	0	0	0	0	0	130	0	0	0	0	0	0	0	0	0	0	0	0	0	0	0	0	0	0	0	0	0	0	0	0	0	0	0	0	0	0	0	0	0	0	0	0	0	0	0	0	0	0	0	0	0	0	0	0	0	0	0	180	328	0	102	632	2908	466	1634	250	1022	0	0	0	104	174	1806	0	120	3784	0	2096	1528	314	334	1180	724	
142100	Vermis_4_5	0	0	0	0	0	0	0	0	0	0	0	0	0	0	0	0	0	0	0	0	0	0	0	0	0	0	0	0	0	0	0	0	0	0	0	284	0	228	0	98	0	0	0	0	0	0	1914	1672	0	0	0	0	0	0	1892	1102	0	0	0	0	0	0	0	0	0	0	0	464	0	0	0	0	0	0	0	0	0	0	0	0	0	0	0	0	0	0	0	0	0	0	3588	5178	362	130	268	1578	9000	9392	7124	11262	0	0	0	110	998	1270	0	0	960	2096	0	6320	298	0	1162	2300	
176276	Vermis_6	0	0	0	0	0	0	0	0	0	0	0	0	0	0	0	0	0	0	0	0	0	0	0	0	0	0	0	0	0	0	0	0	0	0	0	0	0	0	0	0	0	0	0	0	0	0	1098	4458	0	0	0	0	0	0	1058	2768	0	0	0	0	0	0	0	0	0	0	0	0	0	0	0	0	0	0	0	0	0	0	0	0	0	0	0	0	0	0	0	0	0	0	5342	12550	848	2792	342	1412	3044	1496	7564	12742	0	0	216	242	1144	3780	0	0	816	1528	6320	0	7694	1942	4062	2880	
151800	Vermis_7	0	0	0	0	0	0	0	0	0	0	0	0	0	0	0	0	0	0	0	0	0	0	0	0	0	0	0	0	0	0	0	0	0	0	0	0	0	0	0	0	0	0	0	0	0	0	494	1260	0	0	0	0	0	0	330	572	0	0	0	0	0	0	0	0	0	0	0	0	0	0	0	0	0	0	0	0	0	0	0	0	0	0	0	0	0	0	0	0	0	0	6902	8050	5420	8666	0	442	150	914	4002	5736	1270	1556	3794	4108	492	3060	0	0	134	314	298	7694	0	6348	3528	366	
88716	Vermis_8	0	0	0	0	0	0	0	0	0	0	0	0	0	0	0	0	0	0	0	0	0	0	0	0	0	0	0	0	0	0	0	0	0	0	0	0	0	0	0	0	0	0	0	0	0	0	0	0	0	0	0	0	0	0	0	0	0	0	0	0	0	0	0	0	0	0	0	0	0	0	0	0	0	0	0	0	0	0	0	0	0	0	0	0	0	0	0	0	0	0	1616	1904	2208	5344	0	532	0	832	408	1706	1538	940	4736	5282	432	3632	0	0	98	334	0	1942	6348	0	4202	324	
66184	Vermis_9	0	0	0	0	0	0	0	0	0	0	0	0	0	0	0	0	0	0	0	0	0	0	0	0	0	0	0	0	0	0	0	0	0	0	0	0	0	0	0	0	0	0	0	0	0	0	0	0	0	0	0	0	0	0	0	0	0	0	0	0	0	0	0	0	0	0	0	0	0	0	0	0	0	0	0	0	0	0	0	0	0	0	0	0	0	0	0	0	0	0	740	1590	388	1474	0	946	334	744	654	1224	0	0	948	1296	934	5370	0	0	646	1180	1162	4062	3528	4202	0	1670	
24928	Vermis_10	0	0	0	0	0	0	0	0	0	0	0	0	0	0	0	0	0	0	0	0	0	0	0	0	0	0	0	0	0	0	0	0	0	0	0	0	0	0	0	0	0	0	0	0	0	0	0	0	0	0	0	0	0	0	0	0	0	0	0	0	0	0	0	0	0	0	0	0	0	0	0	0	0	0	0	0	0	0	0	0	0	0	0	0	0	0	0	0	0	0	190	0	0	0	0	440	486	0	206	0	0	0	0	120	420	1894	0	0	444	724	2300	2880	366	324	1670	0	
