data	data	483148	256308	969408	657060	138132	71672	442340	238936	48976	22556	202248	163304	250752	207864	163028	145024	221844	102164	750756	643872	92620	90556	283116	233004	21820	76916	75384	79424	589172	367228	297288	337732	142604	418892	180812	213408	288012	331476	109832	160188	28044	43972	315332	474780	302136	404396	335128	415160	282084	296132	546432	275164	217496	110216	384668	307092	217428	202228	165224	185100	235544	143812	109116	97196	153520	92348	387504	555028	161408	128980	292636	351212	306036	328404	49916	19312	169000	186640	75788	22444	191412	93024	77712	57764	328168	205060	16576	8396	227828	152096	459876	345592	301084	242828	31264	60476	262348	215084	424384	349668	189900	170900	246452	254536	117008	86016	6708	5188	20936	70408	189908	164088	131800	71896	48300	14952	
data	data	Precentral_L	Precentral_R	Frontal_Sup_L	Frontal_Sup_R	Frontal_Sup_Orb_L	Frontal_Sup_Orb_R	Frontal_Mid_L	Frontal_Mid_R	Frontal_Mid_Orb_L	Frontal_Mid_Orb_R	Frontal_Inf_Oper_L	Frontal_Inf_Oper_R	Frontal_Inf_Tri_L	Frontal_Inf_Tri_R	Frontal_Inf_Orb_L	Frontal_Inf_Orb_R	Rolandic_Oper_L	Rolandic_Oper_R	Supp_Motor_Area_L	Supp_Motor_Area_R	Olfactory_L	Olfactory_R	Frontal_Sup_Medial_L	Frontal_Sup_Medial_R	Frontal_Med_Orb_L	Frontal_Med_Orb_R	Rectus_L	Rectus_R	Insula_L	Insula_R	Cingulum_Ant_L	Cingulum_Ant_R	Cingulum_Mid_L	Cingulum_Mid_R	Cingulum_Post_L	Cingulum_Post_R	Hippocampus_L	Hippocampus_R	ParaHippocampal_L	ParaHippocampal_R	Amygdala_L	Amygdala_R	Calcarine_L	Calcarine_R	Cuneus_L	Cuneus_R	Lingual_L	Lingual_R	Occipital_Sup_L	Occipital_Sup_R	Occipital_Mid_L	Occipital_Mid_R	Occipital_Inf_L	Occipital_Inf_R	Fusiform_L	Fusiform_R	Postcentral_L	Postcentral_R	Parietal_Sup_L	Parietal_Sup_R	Parietal_Inf_L	Parietal_Inf_R	SupraMarginal_L	SupraMarginal_R	Angular_L	Angular_R	Precuneus_L	Precuneus_R	Paracentral_Lobule_L	Paracentral_Lobule_R	Caudate_L	Caudate_R	Putamen_L	Putamen_R	Pallidum_L	Pallidum_R	Thalamus_L	Thalamus_R	Heschl_L	Heschl_R	Temporal_Sup_L	Temporal_Sup_R	Temporal_Pole_Sup_L	Temporal_Pole_Sup_R	Temporal_Mid_L	Temporal_Mid_R	Temporal_Pole_Mid_L	Temporal_Pole_Mid_R	Temporal_Inf_L	Temporal_Inf_R	Cerebelum_Crus1_L	Cerebelum_Crus1_R	Cerebelum_Crus2_L	Cerebelum_Crus2_R	Cerebelum_3_L	Cerebelum_3_R	Cerebelum_4_5_L	Cerebelum_4_5_R	Cerebelum_6_L	Cerebelum_6_R	Cerebelum_7b_L	Cerebelum_7b_R	Cerebelum_8_L	Cerebelum_8_R	Cerebelum_9_L	Cerebelum_9_R	Cerebelum_10_L	Cerebelum_10_R	Vermis_1_2	Vermis_3	Vermis_4_5	Vermis_6	Vermis_7	Vermis_8	Vermis_9	Vermis_10	
483148	Precentral_L	0	8832	18508	1972	0	0	21812	874	0	0	11660	0	4690	0	0	0	12704	0	15880	5476	0	0	0	0	0	0	0	0	10972	110	162	0	484	1518	10108	5718	9684	2840	514	220	0	0	842	288	1048	0	154	442	1028	0	4342	0	558	0	780	126	24648	106	1184	0	4722	0	408	0	990	0	2728	716	10420	1024	6042	286	8226	0	2952	0	11538	3072	3910	0	2578	0	214	0	992	0	0	0	472	0	0	0	0	0	0	0	0	0	0	0	0	0	0	0	0	0	0	0	0	0	0	0	0	0	0	0	
256308	Precentral_R	8832	0	2004	9154	0	0	942	6106	0	0	0	2040	0	202	0	0	0	1222	2174	11636	0	0	0	0	0	0	0	0	0	3710	0	0	1036	3176	3004	6836	1104	8662	0	368	0	0	228	1438	174	1270	0	688	0	490	0	714	0	106	0	250	760	13458	0	2466	260	872	0	510	0	168	542	4310	2270	4350	906	3290	0	1722	0	0	2928	9086	0	0	0	158	0	0	0	1698	0	0	0	616	0	0	0	0	0	0	0	0	0	0	0	0	0	0	0	0	0	0	0	0	218	0	0	0	0	0	
969408	Frontal_Sup_L	18508	2004	0	10956	7872	0	55982	5946	2072	0	14690	162	18084	1572	7608	388	12508	0	102696	19804	536	0	37098	3820	296	0	1328	0	43882	852	21228	5304	4910	4648	0	714	5098	0	258	0	126	0	0	324	0	0	0	464	0	0	0	0	0	0	256	0	1364	118	0	0	0	0	0	0	0	0	0	734	5392	1232	17892	2184	23674	108	4696	0	6290	356	782	0	5354	0	1982	0	0	0	0	0	552	0	0	0	0	0	0	0	0	0	0	0	0	0	0	0	0	0	0	0	0	0	0	0	0	0	0	0	
657060	Frontal_Sup_R	1972	9154	10956	0	104	1726	1226	33004	0	192	626	9302	164	9492	118	5088	386	5510	12170	55864	108	150	8698	29204	312	3118	0	586	1470	12796	5574	26994	1754	25872	158	458	130	3262	0	1354	0	0	0	0	0	0	0	0	0	0	0	0	0	0	0	1064	342	362	0	0	242	0	0	0	0	0	0	0	1196	108	3732	18334	282	16976	0	1548	132	2628	0	0	106	852	0	1452	0	0	0	0	0	122	0	0	0	0	0	0	0	0	0	0	0	0	0	0	0	0	0	0	0	0	0	0	0	0	0	0	
138132	Frontal_Sup_Orb_L	0	0	7872	104	0	264	942	0	5860	0	0	0	244	0	8422	0	0	0	196	0	2646	1434	2788	0	2380	274	8506	728	8616	0	3926	202	0	0	0	0	0	0	248	0	122	0	0	0	0	0	0	0	0	0	0	0	0	0	0	0	0	0	0	0	0	0	0	0	0	0	0	0	0	0	2442	442	9626	0	0	0	0	0	0	0	0	0	782	0	0	0	0	0	0	0	0	0	0	0	0	0	0	0	0	0	0	0	0	0	0	0	0	0	0	0	0	0	0	0	0	0	
71672	Frontal_Sup_Orb_R	0	0	0	1726	264	0	0	0	0	3704	0	0	0	0	138	3608	0	0	0	0	522	1716	0	870	652	7070	434	9722	0	1098	0	242	0	0	0	0	0	0	0	0	0	162	0	0	0	0	0	0	0	0	0	0	0	0	0	0	0	0	0	0	0	0	0	0	0	0	0	0	0	0	416	944	0	2548	0	0	0	0	0	0	0	0	0	0	0	0	0	0	0	0	0	0	0	0	0	0	0	0	0	0	0	0	0	0	0	0	0	0	0	0	0	0	0	0	0	0	
442340	Frontal_Mid_L	21812	942	55982	1226	942	0	0	1124	2644	0	8534	0	32414	524	7928	0	5320	0	9904	1360	0	0	12496	1052	0	0	0	0	23356	298	4018	1086	1700	572	216	294	3232	112	260	0	0	0	0	0	0	0	0	0	0	0	0	0	0	0	172	0	2154	0	0	0	314	0	0	0	0	0	120	0	144	0	4576	534	5898	0	210	0	4280	272	686	0	2042	0	230	0	0	0	0	0	190	0	0	0	0	0	0	0	0	0	0	0	0	0	0	0	0	0	0	0	0	0	0	0	0	0	0	0	
238936	Frontal_Mid_R	874	6106	5946	33004	0	0	1124	0	0	154	480	10074	0	9374	0	1928	356	1128	6050	3572	0	0	946	1724	0	0	0	0	744	6604	586	1878	126	1864	176	176	198	4076	0	1222	0	0	0	0	0	108	0	0	0	0	0	124	0	0	0	942	0	432	0	418	0	238	0	0	0	0	0	198	0	0	3658	1462	306	6442	0	710	254	2764	0	0	104	226	0	252	0	158	0	0	0	182	0	0	0	0	0	0	0	0	0	0	0	0	0	0	0	0	0	0	0	0	0	0	0	0	0	0	
48976	Frontal_Mid_Orb_L	0	0	2072	0	5860	0	2644	0	0	0	0	0	1074	0	8830	0	0	0	0	0	0	0	0	0	0	0	476	0	2144	0	0	0	0	0	0	0	0	0	0	0	0	0	0	0	0	0	0	0	0	0	0	0	0	0	0	0	0	0	0	0	0	0	0	0	0	0	0	0	0	0	0	0	1126	0	0	0	0	0	0	0	0	0	262	0	0	0	0	0	0	0	0	0	0	0	0	0	0	0	0	0	0	0	0	0	0	0	0	0	0	0	0	0	0	0	0	0	
22556	Frontal_Mid_Orb_R	0	0	0	192	0	3704	0	154	0	0	0	0	0	356	0	5004	0	0	0	0	0	282	0	0	0	0	0	964	0	270	0	0	0	0	0	0	0	0	0	0	0	0	0	0	0	0	0	0	0	0	0	0	0	0	0	0	0	0	0	0	0	0	0	0	0	0	0	0	0	0	0	0	0	352	0	0	0	0	0	0	0	0	0	0	0	0	0	0	0	0	0	0	0	0	0	0	0	0	0	0	0	0	0	0	0	0	0	0	0	0	0	0	0	0	0	0	
202248	Frontal_Inf_Oper_L	11660	0	14690	626	0	0	8534	480	0	0	0	0	10032	152	218	0	12490	0	14012	354	0	0	0	0	0	0	0	0	15974	0	242	0	0	0	0	0	846	0	0	0	0	0	0	0	0	0	0	0	0	0	0	0	0	0	0	0	1420	0	0	0	0	0	0	0	0	0	0	0	0	0	1378	0	1022	0	0	0	352	0	580	0	3730	0	2204	0	0	0	0	0	128	0	0	0	0	0	0	0	0	0	0	0	0	0	0	0	0	0	0	0	0	0	0	0	0	0	0	0	
163304	Frontal_Inf_Oper_R	0	2040	162	9302	0	0	0	10074	0	0	0	0	0	13598	0	1808	0	5858	0	4080	0	0	148	0	0	0	0	0	302	15636	0	184	0	0	0	0	0	2498	0	1196	0	0	0	0	0	0	0	0	0	0	0	0	0	0	0	1068	0	640	0	0	0	0	0	0	0	0	0	0	0	0	338	1530	0	7222	0	372	0	1386	0	0	0	450	0	1606	0	0	0	0	0	154	0	0	0	0	0	0	0	0	0	0	0	0	0	0	0	0	0	0	0	0	0	0	0	0	0	0	
250752	Frontal_Inf_Tri_L	4690	0	18084	164	244	0	32414	0	1074	0	10032	0	0	384	14290	104	1716	0	9660	138	0	0	2064	0	0	0	0	0	23810	206	2024	0	218	0	0	0	260	0	0	0	0	0	0	0	0	0	0	0	0	0	0	0	0	0	0	0	0	0	0	0	0	0	0	0	0	0	0	0	0	0	806	106	1568	0	0	0	0	0	0	0	470	0	850	0	0	0	0	0	0	0	0	0	0	0	0	0	0	0	0	0	0	0	0	0	0	0	0	0	0	0	0	0	0	0	0	0	
207864	Frontal_Inf_Tri_R	0	202	1572	9492	0	0	524	9374	0	356	152	13598	384	0	172	5846	0	752	924	7092	430	214	432	336	0	0	0	0	1254	22242	298	706	0	1094	0	0	0	1056	0	758	0	0	0	0	0	0	0	0	0	0	0	0	0	0	0	734	0	0	0	0	0	0	0	0	0	0	0	0	0	0	2116	13564	312	5996	0	0	118	1708	0	0	0	0	0	0	0	0	0	0	0	124	0	0	0	0	0	0	0	0	0	0	0	0	0	0	0	0	0	0	0	0	0	0	0	0	0	0	
163028	Frontal_Inf_Orb_L	0	0	7608	118	8422	138	7928	0	8830	0	218	0	14290	172	0	0	0	0	2590	0	1932	826	1142	0	0	136	2314	386	15818	0	576	150	134	0	0	0	0	0	0	0	126	0	0	0	0	0	0	0	0	0	0	0	0	0	0	0	0	0	0	0	0	0	0	0	0	0	0	0	0	0	1168	320	4554	0	0	0	0	0	0	0	0	0	1618	0	0	0	0	0	0	0	0	0	0	0	0	0	0	0	0	0	0	0	0	0	0	0	0	0	0	0	0	0	0	0	0	0	
145024	Frontal_Inf_Orb_R	0	0	388	5088	0	3608	0	1928	0	5004	0	1808	104	5846	0	0	0	1286	566	4022	0	1582	142	398	0	0	0	1524	230	16084	140	342	0	1362	0	0	0	394	0	452	0	490	0	0	0	0	0	0	0	0	0	0	0	0	0	242	0	0	0	0	0	0	0	0	0	0	0	0	0	0	132	7472	0	7502	0	0	0	112	0	0	0	1386	0	2878	0	0	0	0	0	0	0	0	0	0	0	0	0	0	0	0	0	0	0	0	0	0	0	0	0	0	0	0	0	0	0	0	
221844	Rolandic_Oper_L	12704	0	12508	386	0	0	5320	356	0	0	12490	0	1716	0	0	0	0	0	10948	292	0	0	0	0	0	0	0	0	18204	0	126	0	0	0	0	0	432	0	0	0	0	0	0	0	0	0	0	0	0	0	816	0	218	0	248	0	9422	0	124	0	292	0	3738	0	178	0	0	0	0	0	838	0	568	0	236	0	232	0	4748	0	10690	0	1432	0	1418	0	0	0	242	0	0	0	0	0	0	0	0	0	0	0	0	0	0	0	0	0	0	0	0	0	0	0	0	0	0	0	
102164	Rolandic_Oper_R	0	1222	0	5510	0	0	0	1128	0	0	0	5858	0	752	0	1286	0	0	0	3732	0	0	0	0	0	0	0	0	0	10034	0	108	0	0	0	0	0	2688	0	486	0	0	0	120	0	0	0	0	0	0	0	0	0	0	0	496	0	2084	0	242	0	0	0	940	0	0	0	174	0	0	162	634	0	4920	0	484	0	1250	0	1182	0	2292	0	2960	0	196	0	0	0	142	0	0	0	0	0	0	0	0	0	0	0	0	0	0	0	0	0	0	0	0	0	0	0	0	0	0	
750756	Supp_Motor_Area_L	15880	2174	102696	12170	196	0	9904	6050	0	0	14012	0	9660	924	2590	566	10948	0	0	38170	0	0	7742	2006	0	0	0	0	25758	696	12186	4308	13332	15786	408	836	3538	0	0	0	0	0	398	460	140	154	0	642	0	0	0	0	0	0	232	0	934	244	0	282	0	0	0	0	0	0	876	1182	13024	2206	12920	1092	14382	256	3962	0	2066	200	342	0	4718	0	1596	0	0	0	0	0	534	0	0	0	0	0	0	0	0	0	0	0	0	0	0	0	0	0	0	0	0	0	0	0	0	0	0	0	
643872	Supp_Motor_Area_R	5476	11636	19804	55864	0	0	1360	3572	0	0	354	4080	138	7092	0	4022	292	3732	38170	0	0	0	2542	6162	0	0	0	0	1184	9712	2234	12418	6954	42592	956	9988	0	1012	0	224	0	0	0	1510	0	584	0	2374	0	352	0	270	0	0	0	202	0	1684	0	944	0	196	0	186	0	0	380	6304	8550	13244	2072	18246	374	6290	112	2194	0	2112	0	0	104	632	0	1174	0	0	0	0	0	0	0	0	0	0	0	0	0	0	0	0	0	0	0	0	0	0	0	0	0	0	276	0	0	0	0	0	
92620	Olfactory_L	0	0	536	108	2646	522	0	0	0	0	0	0	0	430	1932	0	0	0	0	0	0	6528	0	0	126	634	3716	2168	2648	0	3616	3578	0	0	0	0	308	0	902	0	718	0	0	0	0	0	0	0	0	0	0	0	0	0	0	0	0	0	0	0	0	0	0	0	0	0	0	0	0	0	8090	3800	2256	0	0	0	0	0	0	0	0	0	1048	0	0	0	0	0	0	0	0	0	0	0	0	0	0	0	0	0	0	0	0	0	0	0	0	0	0	0	0	0	0	0	0	0	
90556	Olfactory_R	0	0	0	150	1434	1716	0	0	0	282	0	0	0	214	826	1582	0	0	0	0	6528	0	0	110	0	760	2914	3390	354	2440	2954	3272	0	0	0	0	0	0	0	306	0	1450	0	0	0	0	0	0	0	0	0	0	0	0	0	0	0	0	0	0	0	0	0	0	0	0	0	0	0	0	7360	4300	2312	254	0	0	0	0	0	0	0	0	0	370	0	0	0	0	0	0	0	0	0	0	0	0	0	0	0	0	0	0	0	0	0	0	0	0	0	0	0	0	0	0	0	0	
283116	Frontal_Sup_Medial_L	0	0	37098	8698	2788	0	12496	946	0	0	0	148	2064	432	1142	142	0	0	7742	2542	0	0	0	15540	1356	448	0	0	3922	246	18102	9950	2616	7736	0	0	0	0	0	0	0	0	0	0	0	0	0	0	0	0	0	0	0	0	0	0	0	0	0	0	0	0	0	0	0	0	0	0	0	0	1440	1166	1966	832	0	0	0	0	0	0	0	0	0	0	0	0	0	0	0	0	0	0	0	0	0	0	0	0	0	0	0	0	0	0	0	0	0	0	0	0	0	0	0	0	0	0	
233004	Frontal_Sup_Medial_R	0	0	3820	29204	0	870	1052	1724	0	0	0	0	0	336	0	398	0	0	2006	6162	0	110	15540	0	522	4978	0	678	0	508	4898	20712	284	14064	0	0	0	0	0	0	0	0	0	0	0	0	0	0	0	0	0	0	0	0	0	0	0	0	0	0	0	0	0	0	0	0	0	0	0	0	0	3932	0	4704	0	0	0	0	0	0	0	0	0	0	0	0	0	0	0	0	0	0	0	0	0	0	0	0	0	0	0	0	0	0	0	0	0	0	0	0	0	0	0	0	0	0	
21820	Frontal_Med_Orb_L	0	0	296	312	2380	652	0	0	0	0	0	0	0	0	0	0	0	0	0	0	126	0	1356	522	0	1400	878	436	0	0	1870	114	0	0	0	0	0	0	0	0	0	0	0	0	0	0	0	0	0	0	0	0	0	0	0	0	0	0	0	0	0	0	0	0	0	0	0	0	0	0	138	124	182	124	0	0	0	0	0	0	0	0	0	0	0	0	0	0	0	0	0	0	0	0	0	0	0	0	0	0	0	0	0	0	0	0	0	0	0	0	0	0	0	0	0	0	
76916	Frontal_Med_Orb_R	0	0	0	3118	274	7070	0	0	0	0	0	0	0	0	136	0	0	0	0	0	634	760	448	4978	1400	0	698	8114	0	0	1004	4026	0	150	0	0	0	0	0	0	0	0	0	0	0	0	0	0	0	0	0	0	0	0	0	0	0	0	0	0	0	0	0	0	0	0	0	0	0	0	532	2108	0	3008	0	0	0	0	0	0	0	0	0	0	0	0	0	0	0	0	0	0	0	0	0	0	0	0	0	0	0	0	0	0	0	0	0	0	0	0	0	0	0	0	0	0	
75384	Rectus_L	0	0	1328	0	8506	434	0	0	476	0	0	0	0	0	2314	0	0	0	0	0	3716	2914	0	0	878	698	0	1580	3122	0	1968	1108	0	0	0	0	0	0	0	0	0	0	0	0	0	0	0	0	0	0	0	0	0	0	0	0	0	0	0	0	0	0	0	0	0	0	0	0	0	0	3808	872	3840	0	0	0	0	0	0	0	0	0	130	0	0	0	0	0	0	0	0	0	0	0	0	0	0	0	0	0	0	0	0	0	0	0	0	0	0	0	0	0	0	0	0	0	
79424	Rectus_R	0	0	0	586	728	9722	0	0	0	964	0	0	0	0	386	1524	0	0	0	0	2168	3390	0	678	436	8114	1580	0	202	1286	594	1558	0	0	0	0	0	0	0	0	0	248	0	0	0	0	0	0	0	0	0	0	0	0	0	0	0	0	0	0	0	0	0	0	0	0	0	0	0	0	1880	1598	544	1526	0	0	0	0	0	0	0	0	0	0	0	0	0	0	0	0	0	0	0	0	0	0	0	0	0	0	0	0	0	0	0	0	0	0	0	0	0	0	0	0	0	0	
589172	Insula_L	10972	0	43882	1470	8616	0	23356	744	2144	0	15974	302	23810	1254	15818	230	18204	0	25758	1184	2648	354	3922	0	0	0	3122	202	0	568	4688	214	0	0	304	274	12266	294	1240	0	2124	0	498	0	210	0	0	0	666	0	2256	0	330	0	2646	0	4540	0	544	0	730	0	528	0	236	0	724	146	212	0	4182	1294	19050	138	0	0	1596	164	8428	0	7814	0	6096	0	2002	0	0	0	3470	0	148	0	0	0	0	0	0	0	0	0	0	0	0	0	0	0	0	0	0	0	0	0	0	0	0	0	
367228	Insula_R	110	3710	852	12796	0	1098	298	6604	0	270	0	15636	206	22242	0	16084	0	10034	696	9712	0	2440	246	508	0	0	0	1286	568	0	196	980	0	1718	118	118	0	8674	0	2374	0	2860	0	532	0	218	0	0	0	0	0	116	0	108	0	3142	0	824	0	212	0	104	0	0	0	0	0	396	0	0	908	11982	114	20788	0	0	226	5834	0	1864	0	5042	0	4916	0	964	0	0	0	2890	0	0	0	0	0	0	0	0	0	0	0	0	0	0	0	0	0	0	0	0	0	0	0	0	0	0	
297288	Cingulum_Ant_L	162	0	21228	5574	3926	0	4018	586	0	0	242	0	2024	298	576	140	126	0	12186	2234	3616	2954	18102	4898	1870	1004	1968	594	4688	196	0	17532	6248	5848	0	0	0	0	0	0	0	0	0	0	0	0	0	0	0	0	0	0	0	0	0	0	0	0	0	0	0	0	0	0	0	0	0	0	0	0	10420	5118	9552	716	0	0	0	0	0	0	0	0	0	0	0	0	0	0	0	0	0	0	0	0	0	0	0	0	0	0	0	0	0	0	0	0	0	0	0	0	0	0	0	0	0	0	
337732	Cingulum_Ant_R	0	0	5304	26994	202	242	1086	1878	0	0	0	184	0	706	150	342	0	108	4308	12418	3578	3272	9950	20712	114	4026	1108	1558	214	980	17532	0	1502	24326	0	0	0	0	0	0	0	0	0	0	0	0	0	0	0	0	0	0	0	0	0	0	0	0	0	0	0	0	0	0	0	0	0	0	0	0	4902	12502	2122	6546	0	0	0	0	0	0	0	0	0	0	0	0	0	0	0	0	0	0	0	0	0	0	0	0	0	0	0	0	0	0	0	0	0	0	0	0	0	0	0	0	0	0	
142604	Cingulum_Mid_L	484	1036	4910	1754	0	0	1700	126	0	0	0	0	218	0	134	0	0	0	13332	6954	0	0	2616	284	0	0	0	0	0	0	6248	1502	0	10274	3294	1656	0	0	0	0	0	0	526	0	714	0	168	126	0	0	0	0	0	0	0	0	442	0	0	160	0	0	0	0	0	0	3180	1006	7664	794	0	0	0	0	0	0	0	0	0	0	0	0	0	0	0	0	0	0	0	0	0	0	0	0	0	0	0	0	0	0	0	0	0	0	0	0	0	0	0	0	0	0	0	0	0	0	
418892	Cingulum_Mid_R	1518	3176	4648	25872	0	0	572	1864	0	0	0	0	0	1094	0	1362	0	0	15786	42592	0	0	7736	14064	0	150	0	0	0	1718	5848	24326	10274	0	1372	9552	0	342	0	0	0	0	0	1420	0	740	0	3048	0	174	0	172	0	0	0	0	0	244	802	0	0	0	0	0	0	0	3346	9980	3856	8176	0	1226	0	1572	0	0	0	0	0	0	0	0	0	0	0	0	0	0	0	0	0	0	0	0	0	0	0	228	0	0	0	0	0	0	0	0	0	0	0	0	596	0	0	0	0	0	
180812	Cingulum_Post_L	10108	3004	0	158	0	0	216	176	0	0	0	0	0	0	0	0	0	0	408	956	0	0	0	0	0	0	0	0	304	118	0	0	3294	1372	0	11226	9094	5218	2818	362	0	0	4402	0	3476	168	1440	380	138	0	300	0	200	0	2664	200	322	0	172	0	0	0	0	0	0	0	10394	2384	4682	348	0	0	0	0	0	0	4820	3550	272	0	0	0	0	0	202	0	0	0	456	0	0	0	0	0	0	0	0	170	156	0	0	0	0	0	0	0	0	0	0	0	278	0	0	0	0	0	
213408	Cingulum_Post_R	5718	6836	714	458	0	0	294	176	0	0	0	0	0	0	0	0	0	0	836	9988	0	0	0	0	0	0	0	0	274	118	0	0	1656	9552	11226	0	5332	8572	548	858	0	0	0	1842	130	334	0	4772	0	0	0	0	0	0	578	212	0	236	0	0	0	0	0	0	0	0	2334	10794	262	7554	282	0	0	0	0	0	6948	5224	118	0	0	0	0	0	0	0	0	0	214	116	0	0	0	0	0	0	0	364	0	0	0	0	0	0	0	0	0	0	0	0	1234	0	0	0	0	0	
288012	Hippocampus_L	9684	1104	5098	130	0	0	3232	198	0	0	846	0	260	0	0	0	432	0	3538	0	308	0	0	0	0	0	0	0	12266	0	0	0	0	0	9094	5332	0	4770	14648	372	4942	0	3834	0	812	0	3428	108	0	0	508	0	296	0	13750	196	528	0	0	0	0	0	0	0	0	0	6812	644	1130	0	668	0	8500	0	654	0	6330	2690	2204	0	1606	0	1424	0	1574	0	312	0	8382	0	274	0	0	0	168	0	182	0	540	0	0	0	0	0	0	0	0	0	0	198	0	0	0	0	0	0	
331476	Hippocampus_R	2840	8662	0	3262	0	0	112	4076	0	0	0	2498	0	1056	0	394	0	2688	0	1012	0	0	0	0	0	0	0	0	294	8674	0	0	0	342	5218	8572	4770	0	588	23632	0	6824	0	2006	0	362	0	4852	0	130	0	204	0	288	580	21292	0	1308	0	372	0	160	0	506	0	0	570	6254	0	498	0	438	0	16648	0	390	4364	9116	0	574	0	484	0	306	0	210	0	0	200	6564	0	0	0	0	0	0	0	726	0	0	0	0	0	0	0	0	0	0	0	0	822	0	0	0	0	0	
109832	ParaHippocampal_L	514	0	258	0	248	0	260	0	0	0	0	0	0	0	0	0	0	0	0	0	902	0	0	0	0	0	0	0	1240	0	0	0	0	0	2818	548	14648	588	0	0	1496	0	4030	0	872	0	5268	0	0	0	1102	0	866	0	8412	0	0	0	0	0	0	0	0	0	0	0	5574	174	104	0	0	0	1594	0	0	0	410	194	0	0	0	0	442	0	276	0	0	0	346	0	224	0	0	0	460	0	308	0	362	0	0	0	0	0	0	0	0	0	0	378	0	0	0	0	0	0	
160188	ParaHippocampal_R	220	368	0	1354	0	0	0	1222	0	0	0	1196	0	758	0	452	0	486	0	224	0	306	0	0	0	0	0	0	0	2374	0	0	0	0	362	858	372	23632	0	0	0	4178	0	1100	0	0	0	3090	0	0	0	0	0	136	0	17688	0	0	0	0	0	0	0	0	0	0	0	2092	0	0	0	294	0	9392	0	214	260	1348	0	162	0	118	0	812	0	148	0	260	0	3018	0	0	0	0	0	0	0	1340	0	0	0	0	0	0	0	126	0	0	0	0	134	0	0	0	0	0	
28044	Amygdala_L	0	0	126	0	122	0	0	0	0	0	0	0	0	0	126	0	0	0	0	0	718	0	0	0	0	0	0	0	2124	0	0	0	0	0	0	0	4942	0	1496	0	0	0	0	0	0	0	0	0	0	0	0	0	0	0	2400	0	0	0	0	0	0	0	0	0	0	0	0	0	0	0	0	0	0	0	0	0	0	0	0	0	0	0	848	0	0	0	0	0	1120	0	0	0	0	0	0	0	0	0	0	0	0	0	0	0	0	0	0	0	0	0	0	0	0	0	0	0	
43972	Amygdala_R	0	0	0	0	0	162	0	0	0	0	0	0	0	0	0	490	0	0	0	0	0	1450	0	0	0	0	0	248	0	2860	0	0	0	0	0	0	0	6824	0	4178	0	0	0	0	0	0	0	0	0	0	0	0	0	0	0	2722	0	0	0	0	0	0	0	0	0	0	0	0	0	0	0	0	0	2188	0	0	0	122	0	0	0	0	0	518	0	0	0	0	0	224	0	0	0	0	0	0	0	0	0	0	0	0	0	0	0	0	0	0	0	0	0	0	0	0	0	0	
315332	Calcarine_L	842	228	0	0	0	0	0	0	0	0	0	0	0	0	0	0	0	0	398	0	0	0	0	0	0	0	0	0	498	0	0	0	526	0	4402	0	3834	0	4030	0	0	0	0	7802	28972	5454	17910	3246	14478	1570	18194	104	6586	104	6410	0	584	0	532	0	0	0	0	0	0	0	21902	1536	1520	0	0	0	0	0	0	0	0	0	456	0	360	0	0	0	2736	0	0	0	868	0	1170	0	0	0	0	0	122	0	0	0	0	0	0	0	0	0	0	0	0	0	292	0	0	0	0	0	
474780	Calcarine_R	288	1438	324	0	0	0	0	0	0	0	0	0	0	0	0	0	0	120	460	1510	0	0	0	0	0	0	0	0	0	532	0	0	0	1420	0	1842	0	2006	0	1100	0	0	7802	0	8174	42046	964	43816	1254	21384	0	19756	0	9774	0	10042	0	3876	0	1856	0	2370	0	424	0	382	2230	38566	0	2084	0	0	0	0	0	0	0	0	0	480	0	0	0	0	0	4310	0	0	0	3072	0	680	0	0	0	0	0	298	0	162	0	0	0	0	0	0	0	0	0	0	548	0	0	0	0	0	
302136	Cuneus_L	1048	174	0	0	0	0	0	0	0	0	0	0	0	0	0	0	0	0	140	0	0	0	0	0	0	0	0	0	210	0	0	0	714	0	3476	130	812	0	872	0	0	0	28972	8174	0	9796	7100	1680	27134	880	19076	0	4676	0	2216	0	904	0	3242	0	124	0	0	0	0	0	20588	3606	1140	0	0	0	0	0	0	0	0	0	168	0	0	0	0	0	1860	0	0	0	388	0	1486	0	0	0	0	0	114	0	0	0	0	0	0	0	0	0	0	0	0	0	168	0	0	0	0	0	
404396	Cuneus_R	0	1270	0	0	0	0	0	108	0	0	0	0	0	0	0	0	0	0	154	584	0	0	0	0	0	0	0	0	0	218	0	0	0	740	168	334	0	362	0	0	0	0	5454	42046	9796	0	456	17022	1484	34910	0	15690	0	3732	0	3998	0	3660	312	5252	0	1286	0	984	0	208	4362	39638	0	1164	0	0	0	0	0	0	0	0	0	234	0	0	0	0	0	4196	0	0	0	1808	0	0	0	0	0	0	0	170	0	0	0	0	0	0	0	0	0	0	0	0	398	0	0	0	0	0	
335128	Lingual_L	154	0	0	0	0	0	0	0	0	0	0	0	0	0	0	0	0	0	0	0	0	0	0	0	0	0	0	0	0	0	0	0	168	0	1440	0	3428	0	5268	0	0	0	17910	964	7100	456	0	2446	5808	0	19670	0	16370	0	20024	150	0	0	630	0	0	0	0	0	0	0	9388	144	380	0	0	0	0	0	0	0	0	0	0	0	0	0	0	0	472	0	0	0	400	0	13454	918	820	482	328	156	11022	1500	13628	1266	0	0	0	0	0	540	0	0	156	246	4280	3412	1650	252	508	176	
415160	Lingual_R	442	688	464	0	0	0	0	0	0	0	0	0	0	0	0	0	0	0	642	2374	0	0	0	0	0	0	0	0	0	0	0	0	126	3048	380	4772	108	4852	0	3090	0	0	3246	43816	1680	17022	2446	0	246	13364	0	9704	0	8918	648	13200	0	2850	0	652	0	712	0	114	0	110	1246	28646	0	2780	0	0	0	108	0	0	0	0	0	0	0	0	0	0	0	812	0	0	0	740	1432	1792	724	110	196	158	2982	5910	3856	4524	0	0	144	0	758	0	0	0	0	0	6080	4240	628	0	0	0	
282084	Occipital_Sup_L	1028	0	0	0	0	0	0	0	0	0	0	0	0	0	0	0	0	0	0	0	0	0	0	0	0	0	0	0	666	0	0	0	0	0	138	0	0	0	0	0	0	0	14478	1254	27134	1484	5808	246	0	388	39770	0	5098	0	2068	0	2422	0	11324	0	3402	0	370	0	1918	0	12698	462	724	0	0	0	0	0	0	0	0	0	330	0	468	0	0	0	4686	0	0	0	840	0	1838	0	0	0	0	0	0	0	0	0	0	0	0	0	0	0	0	0	0	0	0	0	0	0	0	0	
296132	Occipital_Sup_R	0	490	0	0	0	0	0	0	0	0	0	0	0	0	0	0	0	0	0	352	0	0	0	0	0	0	0	0	0	0	0	0	0	174	0	0	0	130	0	0	0	0	1570	21384	880	34910	0	13364	388	0	0	21434	0	3398	0	3356	0	3502	0	10404	0	2302	0	820	0	2650	482	22826	0	720	0	0	0	0	0	0	0	0	0	0	0	158	0	0	0	1900	0	0	0	472	0	0	0	0	0	0	0	0	0	0	0	0	0	0	0	0	0	0	0	0	0	0	0	0	0	0	
546432	Occipital_Mid_L	4342	0	0	0	0	0	0	0	0	0	0	0	0	0	0	0	816	0	0	0	0	0	0	0	0	0	0	0	2256	0	0	0	0	0	300	0	508	0	1102	0	0	0	18194	0	19076	0	19670	0	39770	0	0	0	32366	0	12796	0	7138	0	20236	0	16940	0	2064	0	18220	0	18314	0	1566	0	0	0	146	0	0	0	0	0	1358	0	1690	0	0	0	24648	0	0	0	5038	0	4366	0	0	0	0	0	0	0	296	0	0	0	0	0	0	0	0	0	0	0	0	0	0	0	0	0	
275164	Occipital_Mid_R	0	714	0	0	0	0	0	124	0	0	0	0	0	0	0	0	0	0	0	270	0	0	0	0	0	0	0	0	0	116	0	0	0	172	0	0	0	204	0	0	0	0	104	19756	0	15690	0	9704	0	21434	0	0	0	6682	0	4232	0	2444	0	4094	0	7434	0	688	0	10920	186	13738	0	758	0	0	0	0	0	0	0	0	0	224	0	448	0	0	0	14168	0	0	0	3278	0	0	0	0	0	0	0	0	0	0	0	0	0	0	0	0	0	0	0	0	0	0	0	0	0	0	
217496	Occipital_Inf_L	558	0	0	0	0	0	0	0	0	0	0	0	0	0	0	0	218	0	0	0	0	0	0	0	0	0	0	0	330	0	0	0	0	0	200	0	296	0	866	0	0	0	6586	0	4676	0	16370	0	5098	0	32366	0	0	0	18680	0	0	0	612	0	0	0	0	0	0	0	3076	0	282	0	0	0	0	0	0	0	0	0	550	0	362	0	0	0	5978	0	0	0	3930	0	6724	0	0	0	0	0	0	0	830	0	0	0	0	0	0	0	0	0	0	0	0	0	160	0	0	0	
110216	Occipital_Inf_R	0	106	0	0	0	0	0	0	0	0	0	0	0	0	0	0	0	0	0	0	0	0	0	0	0	0	0	0	0	108	0	0	0	0	0	0	0	288	0	136	0	0	104	9774	0	3732	0	8918	0	3398	0	6682	0	0	0	9812	0	260	0	222	0	260	0	116	0	0	0	1506	0	0	0	0	0	0	0	0	0	0	0	192	0	134	0	0	0	1962	0	0	0	4018	200	942	166	0	0	0	0	0	318	872	0	0	0	0	0	0	0	0	0	0	0	758	124	0	0	0	
384668	Fusiform_L	780	0	256	0	0	0	172	0	0	0	0	0	0	0	0	0	248	0	232	0	0	0	0	0	0	0	0	0	2646	0	0	0	0	0	2664	578	13750	580	8412	0	2400	0	6410	0	2216	0	20024	648	2068	0	12796	0	18680	0	0	0	0	0	166	0	250	0	120	0	264	0	5984	0	256	0	0	0	1390	0	0	0	426	126	1076	0	1500	0	434	0	5190	0	166	0	11558	0	24498	0	2160	0	0	0	11792	474	24538	272	226	0	674	0	0	0	0	0	0	0	1862	804	568	0	0	0	
307092	Fusiform_R	126	250	0	1064	0	0	0	942	0	0	0	1068	0	734	0	242	0	496	0	202	0	0	0	0	0	0	0	0	0	3142	0	0	0	0	200	212	196	21292	0	17688	0	2722	0	10042	0	3998	150	13200	0	3356	0	4232	0	9812	0	0	0	288	0	198	0	190	0	0	0	0	0	3116	0	0	0	230	0	8046	0	208	126	490	0	326	0	1212	0	2270	0	502	0	1094	0	12734	688	3882	556	150	0	0	282	5300	1416	8820	0	0	0	122	274	0	0	0	0	0	2340	2866	454	0	0	0	
217428	Postcentral_L	24648	760	1364	342	0	0	2154	0	0	0	1420	0	0	0	0	0	9422	0	934	0	0	0	0	0	0	0	0	0	4540	0	0	0	442	0	322	0	528	0	0	0	0	0	584	0	904	0	0	0	2422	0	7138	0	0	0	0	0	0	0	6166	0	17780	0	7498	0	1074	0	4764	0	3344	0	422	0	1272	0	292	0	188	0	3040	0	2962	0	0	0	1438	0	0	0	550	0	0	0	0	0	0	0	0	0	0	0	0	0	0	0	0	0	0	0	0	0	0	0	0	0	0	0	
202228	Postcentral_R	106	13458	118	362	0	0	0	432	0	0	0	640	0	0	0	0	0	2084	244	1684	0	0	0	0	0	0	0	0	0	824	0	0	0	244	0	236	0	1308	0	0	0	0	0	3876	0	3660	0	2850	0	3502	0	2444	0	260	0	288	0	0	0	15196	0	10164	0	12012	0	438	0	13478	226	4292	0	160	0	310	0	0	0	182	0	240	0	458	0	0	0	3954	0	0	0	1140	0	0	0	0	0	0	0	0	0	0	0	0	0	0	0	0	0	0	0	0	244	0	0	0	0	0	
165224	Parietal_Sup_L	1184	0	0	0	0	0	0	0	0	0	0	0	0	0	0	0	124	0	0	0	0	0	0	0	0	0	0	0	544	0	0	0	0	802	172	0	0	0	0	0	0	0	532	0	3242	312	630	0	11324	0	20236	0	612	0	166	0	6166	0	0	0	10006	0	240	0	1660	0	21148	1674	1086	0	0	0	0	0	0	0	0	0	0	0	0	0	0	0	292	0	0	0	0	0	460	0	0	0	0	0	0	0	0	0	0	0	0	0	0	0	0	0	0	0	0	0	0	0	0	0	
185100	Parietal_Sup_R	0	2466	0	0	0	0	0	418	0	0	0	0	0	0	0	0	0	242	282	944	0	0	0	0	0	0	0	0	0	212	0	0	160	0	0	0	0	372	0	0	0	0	0	1856	0	5252	0	652	0	10404	0	4094	0	222	0	198	0	15196	0	0	0	12238	0	4340	0	3204	1452	15456	104	2044	0	0	0	0	0	0	0	118	0	302	0	1308	0	0	0	6610	0	0	0	2404	0	0	0	0	0	0	0	0	0	0	0	0	0	0	0	0	0	0	0	0	0	0	0	0	0	0	
235544	Parietal_Inf_L	4722	260	0	242	0	0	314	0	0	0	0	0	0	0	0	0	292	0	0	0	0	0	0	0	0	0	0	0	730	0	0	0	0	0	0	0	0	0	0	0	0	0	0	0	124	0	0	0	3402	0	16940	0	0	0	250	0	17780	0	10006	0	0	0	12908	0	25152	0	2196	0	808	0	0	0	468	0	0	0	0	0	304	0	742	0	0	0	13152	0	0	0	6980	0	0	0	0	0	0	0	0	0	0	0	0	0	0	0	0	0	0	0	0	0	0	0	0	0	0	0	
143812	Parietal_Inf_R	0	872	0	0	0	0	0	238	0	0	0	0	0	0	0	0	0	0	0	196	0	0	0	0	0	0	0	0	0	104	0	0	0	0	0	0	0	160	0	0	0	0	0	2370	0	1286	0	712	0	2302	0	7434	0	260	0	190	0	10164	0	12238	0	0	0	10632	0	10992	0	5160	0	316	0	0	0	0	0	0	0	0	0	130	0	362	0	0	0	5308	0	0	0	480	0	0	0	0	0	0	0	0	0	0	0	0	0	0	0	0	0	0	0	0	0	0	0	0	0	0	
109116	SupraMarginal_L	408	0	0	0	0	0	0	0	0	0	0	0	0	0	0	0	3738	0	0	0	0	0	0	0	0	0	0	0	528	0	0	0	0	0	0	0	0	0	0	0	0	0	0	0	0	0	0	0	370	0	2064	0	0	0	120	0	7498	0	240	0	12908	0	0	0	5916	0	242	0	0	0	0	0	110	0	106	0	0	0	400	0	5320	0	0	0	10350	0	0	0	4240	0	0	0	0	0	0	0	0	0	0	0	0	0	0	0	0	0	0	0	0	0	0	0	0	0	0	0	
97196	SupraMarginal_R	0	510	0	0	0	0	0	0	0	0	0	0	0	0	0	0	0	940	0	186	0	0	0	0	0	0	0	0	0	0	0	0	0	0	0	0	0	506	0	0	0	0	0	424	0	984	0	114	0	820	0	688	0	116	0	0	0	12012	0	4340	0	10632	0	0	0	4578	0	1450	0	300	0	0	0	0	0	0	0	0	0	208	0	3894	0	0	0	5258	0	0	0	638	0	0	0	0	0	0	0	0	0	0	0	0	0	0	0	0	0	0	0	0	0	0	0	0	0	0	
153520	Angular_L	990	0	0	0	0	0	0	0	0	0	0	0	0	0	0	0	178	0	0	0	0	0	0	0	0	0	0	0	236	0	0	0	0	0	0	0	0	0	0	0	0	0	0	0	0	0	0	0	1918	0	18220	0	0	0	264	0	1074	0	1660	0	25152	0	5916	0	0	0	428	0	0	0	0	0	0	0	0	0	0	0	0	0	938	0	0	0	13556	0	0	0	6230	0	0	0	0	0	0	0	0	0	0	0	0	0	0	0	0	0	0	0	0	0	0	0	0	0	0	0	
92348	Angular_R	0	168	0	0	0	0	0	0	0	0	0	0	0	0	0	0	0	0	0	0	0	0	0	0	0	0	0	0	0	0	0	0	0	0	0	0	0	0	0	0	0	0	0	382	0	208	0	110	0	2650	0	10920	0	0	0	0	0	438	0	3204	0	10992	0	4578	0	0	0	360	0	0	0	0	0	0	0	0	0	0	0	0	0	2884	0	0	0	8926	0	0	0	354	0	0	0	0	0	0	0	0	0	0	0	0	0	0	0	0	0	0	0	0	0	0	0	0	0	0	
387504	Precuneus_L	2728	542	0	0	0	0	120	0	0	0	0	0	0	0	0	0	0	0	876	380	0	0	0	0	0	0	0	0	724	0	0	0	3180	3346	10394	2334	6812	570	5574	0	0	0	21902	2230	20588	4362	9388	1246	12698	482	18314	186	3076	0	5984	0	4764	0	21148	1452	2196	0	242	0	428	0	0	15378	4178	272	0	0	0	0	0	0	0	0	376	0	128	0	0	0	1964	0	0	0	862	0	1238	0	0	0	0	0	126	274	120	0	0	0	0	0	0	0	0	0	0	0	570	0	0	0	0	0	
555028	Precuneus_R	716	4310	734	0	0	0	0	198	0	0	0	0	0	0	0	0	0	174	1182	6304	0	0	0	0	0	0	0	0	146	396	0	0	1006	9980	2384	10794	644	6254	174	2092	0	0	1536	38566	3606	39638	144	28646	462	22826	0	13738	0	1506	0	3116	0	13478	1674	15456	0	5160	0	1450	0	360	15378	0	110	8554	0	0	0	0	0	0	498	626	0	380	0	0	0	0	0	5820	0	0	0	2416	0	0	0	0	0	0	0	1312	0	0	0	0	0	0	0	0	0	0	0	0	3570	0	0	0	0	0	
161408	Paracentral_Lobule_L	10420	2270	5392	1196	0	0	144	0	0	0	0	0	0	0	0	0	0	0	13024	8550	0	0	0	0	0	0	0	0	212	0	0	0	7664	3856	4682	262	1130	0	104	0	0	0	1520	0	1140	0	380	0	724	0	1566	0	282	0	256	0	3344	226	1086	104	808	0	0	0	0	0	4178	110	0	782	966	224	1196	0	1130	0	1262	258	0	0	0	0	0	0	256	0	0	0	0	0	0	0	0	0	0	0	0	0	0	0	0	0	0	0	0	0	0	0	0	0	0	0	0	0	0	0	
128980	Paracentral_Lobule_R	1024	4350	1232	108	0	0	0	0	0	0	0	0	0	0	0	0	0	0	2206	13244	0	0	0	0	0	0	0	0	0	0	0	0	794	8176	348	7554	0	498	0	0	0	0	0	2084	0	1164	0	2780	0	720	0	758	0	0	0	0	0	4292	0	2044	0	316	0	300	0	0	272	8554	782	0	0	176	0	0	0	0	0	324	0	0	0	0	0	0	0	132	0	0	0	0	0	0	0	0	0	0	0	0	0	0	0	0	0	0	0	0	0	0	0	0	258	0	0	0	0	0	
292636	Caudate_L	6042	906	17892	3732	2442	416	4576	3658	0	0	1378	338	806	2116	1168	132	838	162	12920	2072	8090	7360	1440	0	138	532	3808	1880	4182	908	10420	4902	0	0	0	282	668	0	0	0	0	0	0	0	0	0	0	0	0	0	0	0	0	0	0	0	422	0	0	0	0	0	0	0	0	0	0	0	966	0	0	12378	13356	448	2354	0	9304	630	0	0	256	0	0	0	0	0	0	0	0	0	0	0	0	0	0	0	0	0	0	0	0	0	0	0	0	0	0	0	0	0	0	0	0	0	0	0	
351212	Caudate_R	286	3290	2184	18334	442	944	534	1462	0	0	0	1530	106	13564	320	7472	0	634	1092	18246	3800	4300	1166	3932	124	2108	872	1598	1294	11982	5118	12502	0	1226	0	0	0	438	0	294	0	0	0	0	0	0	0	0	0	0	0	0	0	0	0	230	0	160	0	0	0	0	0	0	0	0	0	0	224	176	12378	0	2574	16818	0	1588	1614	18254	0	0	0	0	0	396	0	0	0	0	0	0	0	0	0	0	0	0	0	0	0	0	0	0	0	0	0	0	0	0	0	0	0	0	0	0	0	0	
306036	Putamen_L	8226	0	23674	282	9626	0	5898	306	1126	0	1022	0	1568	312	4554	0	568	0	14382	374	2256	2312	1966	0	182	0	3840	544	19050	114	9552	2122	0	0	0	0	8500	0	1594	0	0	0	0	0	0	0	0	0	0	0	146	0	0	0	1390	0	1272	0	0	0	468	0	110	0	0	0	0	0	1196	0	13356	2574	0	0	5808	0	1464	0	0	0	312	0	284	0	140	0	0	0	548	0	0	0	0	0	0	0	0	0	0	0	0	0	0	0	0	0	0	0	0	0	0	0	0	0	0	0	
328404	Putamen_R	0	1722	108	16976	0	2548	0	6442	0	352	0	7222	0	5996	0	7502	0	4920	256	6290	0	254	832	4704	124	3008	0	1526	138	20788	716	6546	0	1572	0	0	0	16648	0	9392	0	2188	0	0	0	0	0	108	0	0	0	0	0	0	0	8046	0	310	0	0	0	0	0	0	0	0	0	0	0	0	448	16818	0	0	0	1760	0	5138	0	116	0	538	0	1142	0	0	0	0	0	1008	0	0	0	0	0	0	0	0	0	0	0	0	0	0	0	0	0	0	0	0	0	0	0	0	0	0	
49916	Pallidum_L	2952	0	4696	0	0	0	210	0	0	0	0	0	0	0	0	0	236	0	3962	112	0	0	0	0	0	0	0	0	0	0	0	0	0	0	0	0	654	0	0	0	0	0	0	0	0	0	0	0	0	0	0	0	0	0	0	0	292	0	0	0	0	0	106	0	0	0	0	0	1130	0	2354	0	5808	0	0	0	2302	0	0	0	144	0	0	0	0	0	0	0	0	0	0	0	0	0	0	0	0	0	0	0	0	0	0	0	0	0	0	0	0	0	0	0	0	0	0	0	
19312	Pallidum_R	0	0	0	1548	0	0	0	710	0	0	0	372	0	0	0	0	0	484	0	2194	0	0	0	0	0	0	0	0	0	0	0	0	0	0	0	0	0	390	0	214	0	0	0	0	0	0	0	0	0	0	0	0	0	0	0	208	0	0	0	0	0	0	0	0	0	0	0	0	0	0	0	1588	0	1760	0	0	0	188	0	0	0	0	0	0	0	0	0	0	0	0	0	0	0	0	0	0	0	0	0	0	0	0	0	0	0	0	0	0	0	0	0	0	0	0	0	0	
169000	Thalamus_L	11538	2928	6290	132	0	0	4280	254	0	0	352	0	0	118	0	0	232	0	2066	0	0	0	0	0	0	0	0	0	1596	226	0	0	0	0	4820	6948	6330	4364	410	260	0	0	0	0	0	0	0	0	0	0	0	0	0	0	426	126	188	0	0	0	0	0	0	0	0	0	0	498	1262	0	9304	1614	1464	0	2302	0	0	13798	0	0	150	0	0	0	0	0	0	0	224	0	0	0	0	0	0	0	0	0	0	0	0	0	0	0	0	0	0	0	0	0	0	0	0	0	0	0	
186640	Thalamus_R	3072	9086	356	2628	0	0	272	2764	0	0	0	1386	0	1708	0	112	0	1250	200	2112	0	0	0	0	0	0	0	0	164	5834	0	0	0	0	3550	5224	2690	9116	194	1348	0	122	0	0	0	0	0	0	0	0	0	0	0	0	126	490	0	182	0	118	0	0	0	0	0	0	0	626	258	324	630	18254	0	5138	0	188	13798	0	0	0	0	0	0	0	0	0	0	0	0	0	0	0	0	0	0	0	0	0	0	0	0	0	0	0	0	0	0	0	0	0	0	0	0	0	0	0	
75788	Heschl_L	3910	0	782	0	0	0	686	0	0	0	580	0	0	0	0	0	4748	0	342	0	0	0	0	0	0	0	0	0	8428	0	0	0	0	0	272	118	2204	0	0	0	0	0	456	0	168	0	0	0	330	0	1358	0	550	0	1076	0	3040	0	0	0	304	0	400	0	0	0	376	0	0	0	0	0	0	0	0	0	0	0	0	0	3100	0	0	0	3350	0	0	0	960	0	356	0	0	0	0	0	0	0	0	0	0	0	0	0	0	0	0	0	0	0	0	0	0	0	0	0	
22444	Heschl_R	0	0	0	0	0	0	0	0	0	0	0	0	0	0	0	0	0	1182	0	0	0	0	0	0	0	0	0	0	0	1864	0	0	0	0	0	0	0	574	0	162	0	0	0	480	0	234	0	0	0	0	0	224	0	192	0	326	0	240	0	302	0	130	0	208	0	0	0	380	0	0	0	0	0	116	0	0	0	0	0	0	0	3040	0	0	0	958	0	0	0	610	0	0	0	0	0	0	0	0	0	0	0	0	0	0	0	0	0	0	0	0	0	0	0	0	0	0	
191412	Temporal_Sup_L	2578	0	5354	106	0	0	2042	104	0	0	3730	0	470	0	0	0	10690	0	4718	104	0	0	0	0	0	0	0	0	7814	0	0	0	0	0	0	0	1606	0	0	0	0	0	360	0	0	0	0	0	468	0	1690	0	362	0	1500	0	2962	0	0	0	742	0	5320	0	938	0	128	0	0	0	256	0	312	0	144	0	150	0	3100	0	0	0	3890	0	24782	0	0	0	9286	0	0	0	0	0	0	0	0	0	0	0	0	0	0	0	0	0	0	0	0	0	0	0	0	0	0	0	
93024	Temporal_Sup_R	0	158	0	852	0	0	0	226	0	0	0	450	0	0	0	1386	0	2292	0	632	0	0	0	0	0	0	0	0	0	5042	0	0	0	0	0	0	0	484	0	118	0	0	0	0	0	0	0	0	0	158	0	448	0	134	0	1212	0	458	0	1308	0	362	0	3894	0	2884	0	0	0	0	0	0	0	538	0	0	0	0	0	3040	0	0	0	2924	0	13302	0	0	0	4210	0	0	0	0	0	0	0	0	0	0	0	0	0	0	0	0	0	0	0	0	0	0	0	0	0	0	
77712	Temporal_Pole_Sup_L	214	0	1982	0	782	0	230	0	262	0	2204	0	850	0	1618	0	1432	0	1596	0	1048	0	0	0	0	0	130	0	6096	0	0	0	0	0	0	0	1424	0	442	0	848	0	0	0	0	0	0	0	0	0	0	0	0	0	434	0	0	0	0	0	0	0	0	0	0	0	0	0	0	0	0	0	284	0	0	0	0	0	0	0	3890	0	0	0	6358	0	2358	0	4374	0	0	0	0	0	0	0	0	0	0	0	0	0	0	0	0	0	0	0	0	0	0	0	0	0	0	0	
57764	Temporal_Pole_Sup_R	0	0	0	1452	0	0	0	252	0	0	0	1606	0	0	0	2878	0	2960	0	1174	0	370	0	0	0	0	0	0	0	4916	0	0	0	0	0	0	0	306	0	812	0	518	0	0	0	0	0	0	0	0	0	0	0	0	0	2270	0	0	0	0	0	0	0	0	0	0	0	0	0	0	0	396	0	1142	0	0	0	0	0	0	0	2924	0	0	0	1098	0	1804	0	2004	0	0	0	0	0	0	0	0	0	0	0	0	0	0	0	0	0	0	0	0	0	0	0	0	0	0	
328168	Temporal_Mid_L	992	0	0	0	0	0	0	0	0	0	0	0	0	0	0	0	1418	0	0	0	0	0	0	0	0	0	0	0	2002	0	0	0	0	0	202	0	1574	0	276	0	0	0	2736	0	1860	0	472	0	4686	0	24648	0	5978	0	5190	0	1438	0	292	0	13152	0	10350	0	13556	0	1964	0	256	0	0	0	140	0	0	0	0	0	3350	0	24782	0	6358	0	0	0	2980	0	33070	0	362	0	0	0	0	0	0	0	0	0	0	0	0	0	0	0	0	0	0	0	0	0	0	0	0	0	
205060	Temporal_Mid_R	0	1698	0	0	0	0	0	158	0	0	0	0	0	0	0	0	0	196	0	0	0	0	0	0	0	0	0	0	0	964	0	0	0	0	0	0	0	210	0	148	0	0	0	4310	0	4196	0	812	0	1900	0	14168	0	1962	0	502	0	3954	0	6610	0	5308	0	5258	0	8926	0	5820	0	132	0	0	0	0	0	0	0	0	0	958	0	13302	0	1098	0	0	0	432	0	19508	0	0	0	0	0	0	0	0	0	0	0	0	0	0	0	0	0	0	0	0	0	0	0	0	0	0	
16576	Temporal_Pole_Mid_L	0	0	0	0	0	0	0	0	0	0	0	0	0	0	0	0	0	0	0	0	0	0	0	0	0	0	0	0	0	0	0	0	0	0	0	0	312	0	0	0	0	0	0	0	0	0	0	0	0	0	0	0	0	0	166	0	0	0	0	0	0	0	0	0	0	0	0	0	0	0	0	0	0	0	0	0	0	0	0	0	0	0	2358	0	2980	0	0	0	2472	0	0	0	0	0	0	0	0	0	0	0	0	0	0	0	0	0	0	0	0	0	0	0	0	0	0	0	
8396	Temporal_Pole_Mid_R	0	0	0	0	0	0	0	0	0	0	0	0	0	0	0	0	0	0	0	0	0	0	0	0	0	0	0	0	0	0	0	0	0	0	0	0	0	0	0	260	0	0	0	0	0	0	0	0	0	0	0	0	0	0	0	1094	0	0	0	0	0	0	0	0	0	0	0	0	0	0	0	0	0	0	0	0	0	0	0	0	0	0	0	1804	0	432	0	0	0	608	0	0	0	0	0	0	0	0	0	0	0	0	0	0	0	0	0	0	0	0	0	0	0	0	0	0	
227828	Temporal_Inf_L	472	0	552	0	0	0	190	0	0	0	128	0	0	0	0	0	242	0	534	0	0	0	0	0	0	0	0	0	3470	0	0	0	0	0	456	214	8382	200	346	0	1120	0	868	0	388	0	400	0	840	0	5038	0	3930	0	11558	0	550	0	0	0	6980	0	4240	0	6230	0	862	0	0	0	0	0	548	0	0	0	224	0	960	0	9286	0	4374	0	33070	0	2472	0	0	0	2648	0	496	0	0	0	120	0	1088	0	174	0	264	0	0	0	0	0	0	0	0	0	0	0	0	0	
152096	Temporal_Inf_R	0	616	0	122	0	0	0	182	0	0	0	154	0	124	0	0	0	142	0	0	0	0	0	0	0	0	0	0	0	2890	0	0	0	0	0	116	0	6564	0	3018	0	224	0	3072	0	1808	0	740	0	472	0	3278	0	4018	0	12734	0	1140	0	2404	0	480	0	638	0	354	0	2416	0	0	0	0	0	1008	0	0	0	0	0	610	0	4210	0	2004	0	19508	0	608	0	0	0	394	0	0	0	0	0	0	0	0	0	0	0	0	0	0	0	0	0	0	0	0	0	0	0	0	
459876	Cerebelum_Crus1_L	0	0	0	0	0	0	0	0	0	0	0	0	0	0	0	0	0	0	0	0	0	0	0	0	0	0	0	0	148	0	0	0	0	0	0	0	274	0	224	0	0	0	1170	0	1486	0	13454	1432	1838	0	4366	0	6724	200	24498	688	0	0	460	0	0	0	0	0	0	0	1238	0	0	0	0	0	0	0	0	0	0	0	356	0	0	0	0	0	362	0	0	0	2648	0	0	3408	32522	2618	1356	0	23478	694	60390	4034	7974	476	13222	856	1916	106	0	0	0	0	1794	4968	7450	570	434	106	
345592	Cerebelum_Crus1_R	0	0	0	0	0	0	0	0	0	0	0	0	0	0	0	0	0	0	0	0	0	0	0	0	0	0	0	0	0	0	0	0	0	0	0	0	0	0	0	0	0	0	0	680	0	0	918	1792	0	0	0	0	0	942	0	3882	0	0	0	0	0	0	0	0	0	0	0	0	0	0	0	0	0	0	0	0	0	0	0	0	0	0	0	0	0	0	0	0	0	394	3408	0	3980	23170	134	5120	876	20516	4320	49602	0	7620	188	17164	922	1810	0	106	154	3592	4594	7152	8068	844	740	108	
301084	Cerebelum_Crus2_L	0	0	0	0	0	0	0	0	0	0	0	0	0	0	0	0	0	0	0	0	0	0	0	0	0	0	0	0	0	0	0	0	0	0	0	0	0	0	0	0	0	0	0	0	0	0	820	724	0	0	0	0	0	166	2160	556	0	0	0	0	0	0	0	0	0	0	0	0	0	0	0	0	0	0	0	0	0	0	0	0	0	0	0	0	0	0	0	0	496	0	32522	3980	0	3710	354	0	1796	250	13062	2992	34806	1340	33042	1240	5280	0	0	0	0	0	308	3148	6210	1296	284	0	
242828	Cerebelum_Crus2_R	0	0	0	0	0	0	0	0	0	0	0	0	0	0	0	0	0	0	0	0	0	0	0	0	0	0	0	0	0	0	0	0	0	0	0	0	0	0	0	0	0	0	0	0	0	0	482	110	0	0	0	0	0	0	0	150	0	0	0	0	0	0	0	0	0	0	0	0	0	0	0	0	0	0	0	0	0	0	0	0	0	0	0	0	0	0	0	0	0	0	2618	23170	3710	0	0	228	104	1748	1652	6612	1726	29372	1436	35888	122	2888	0	0	0	136	142	890	6646	1182	402	0	
31264	Cerebelum_3_L	0	0	0	0	0	0	0	0	0	0	0	0	0	0	0	0	0	0	0	0	0	0	0	0	0	0	0	0	0	0	0	0	0	0	0	0	168	0	460	0	0	0	0	0	0	0	328	196	0	0	0	0	0	0	0	0	0	0	0	0	0	0	0	0	0	0	0	0	0	0	0	0	0	0	0	0	0	0	0	0	0	0	0	0	0	0	0	0	0	0	1356	134	354	0	0	0	5124	334	1968	306	0	0	144	0	1060	0	0	0	776	1548	1214	162	0	0	0	0	
60476	Cerebelum_3_R	0	0	0	0	0	0	0	0	0	0	0	0	0	0	0	0	0	0	0	0	0	0	0	0	0	0	0	0	0	0	0	0	0	0	0	0	0	0	0	0	0	0	0	0	0	0	156	158	0	0	0	0	0	0	0	0	0	0	0	0	0	0	0	0	0	0	0	0	0	0	0	0	0	0	0	0	0	0	0	0	0	0	0	0	0	0	0	0	0	0	0	5120	0	228	0	0	246	6614	0	7250	0	108	0	218	0	994	0	0	1096	6632	762	294	0	0	362	0	
262348	Cerebelum_4_5_L	0	0	0	0	0	0	0	0	0	0	0	0	0	0	0	0	0	0	0	0	0	0	0	0	0	0	0	0	0	0	0	0	0	0	0	0	182	0	308	0	0	0	122	0	114	0	11022	2982	0	0	0	0	0	0	11792	282	0	0	0	0	0	0	0	0	0	0	126	0	0	0	0	0	0	0	0	0	0	0	0	0	0	0	0	0	0	0	0	0	120	0	23478	876	1796	104	5124	246	0	4168	34588	2506	514	0	1288	146	3940	1390	402	0	438	1306	14494	4542	0	398	1188	1192	
215084	Cerebelum_4_5_R	0	0	0	0	0	0	0	0	0	0	0	0	0	0	0	0	0	0	0	0	0	0	0	0	0	0	0	0	0	0	0	0	0	228	170	364	0	726	0	1340	0	0	0	298	0	170	1500	5910	0	0	0	0	0	0	474	5300	0	0	0	0	0	0	0	0	0	0	274	1312	0	0	0	0	0	0	0	0	0	0	0	0	0	0	0	0	0	0	0	0	0	0	694	20516	250	1748	334	6614	4168	0	2282	30246	0	314	0	1728	822	288	0	0	0	5140	12364	1376	450	0	0	142	
424384	Cerebelum_6_L	0	0	0	0	0	0	0	0	0	0	0	0	0	0	0	0	0	0	0	0	0	0	0	0	0	0	0	0	0	0	0	0	0	0	156	0	540	0	362	0	0	0	0	0	0	0	13628	3856	0	0	296	0	830	318	24538	1416	0	0	0	0	0	0	0	0	0	0	120	0	0	0	0	0	0	0	0	0	0	0	0	0	0	0	0	0	0	0	0	0	1088	0	60390	4320	13062	1652	1968	0	34588	2282	0	7004	2650	268	5474	500	4818	444	260	0	0	0	7456	10742	5722	624	618	202	
349668	Cerebelum_6_R	0	0	0	0	0	0	0	0	0	0	0	0	0	0	0	0	0	0	0	0	0	0	0	0	0	0	0	0	0	0	0	0	0	0	0	0	0	0	0	0	0	0	0	162	0	0	1266	4524	0	0	0	0	0	872	272	8820	0	0	0	0	0	0	0	0	0	0	0	0	0	0	0	0	0	0	0	0	0	0	0	0	0	0	0	0	0	0	0	0	0	0	4034	49602	2992	6612	306	7250	2506	30246	7004	0	0	2378	326	7488	1534	1050	0	138	272	5698	10254	12058	5244	1006	816	104	
189900	Cerebelum_7b_L	0	0	0	0	0	0	0	0	0	0	0	0	0	0	0	0	0	0	0	0	0	0	0	0	0	0	0	0	0	0	0	0	0	0	0	0	0	0	0	0	0	0	0	0	0	0	0	0	0	0	0	0	0	0	226	0	0	0	0	0	0	0	0	0	0	0	0	0	0	0	0	0	0	0	0	0	0	0	0	0	0	0	0	0	0	0	0	0	174	0	7974	0	34806	1726	0	0	514	0	2650	0	0	2106	32816	1270	6028	0	206	0	0	0	0	122	2166	2166	0	0	
170900	Cerebelum_7b_R	0	0	0	0	0	0	0	0	0	0	0	0	0	0	0	0	0	0	0	0	0	0	0	0	0	0	0	0	0	0	0	0	0	0	0	0	0	0	0	0	0	0	0	0	0	0	0	0	0	0	0	0	0	0	0	0	0	0	0	0	0	0	0	0	0	0	0	0	0	0	0	0	0	0	0	0	0	0	0	0	0	0	0	0	0	0	0	0	0	0	476	7620	1340	29372	0	108	0	314	268	2378	2106	0	2182	32044	0	3376	0	0	0	0	0	130	1490	2246	0	0	
246452	Cerebelum_8_L	0	0	0	0	0	0	0	0	0	0	0	0	0	0	0	0	0	0	0	0	0	0	0	0	0	0	0	0	0	0	0	0	0	0	0	0	0	0	0	0	0	0	0	0	0	0	0	144	0	0	0	0	0	0	674	0	0	0	0	0	0	0	0	0	0	0	0	0	0	0	0	0	0	0	0	0	0	0	0	0	0	0	0	0	0	0	0	0	264	0	13222	188	33042	1436	144	0	1288	0	5474	326	32816	2182	0	4162	15002	740	918	0	0	0	186	618	3150	6070	1180	0	
254536	Cerebelum_8_R	0	0	0	0	0	0	0	0	0	0	0	0	0	0	0	0	0	0	0	0	0	0	0	0	0	0	0	0	0	0	0	0	0	0	0	0	0	0	0	0	0	0	0	0	0	0	0	0	0	0	0	0	0	0	0	122	0	0	0	0	0	0	0	0	0	0	0	0	0	0	0	0	0	0	0	0	0	0	0	0	0	0	0	0	0	0	0	0	0	0	856	17164	1240	35888	0	218	146	1728	500	7488	1270	32044	4162	0	1108	12510	0	426	0	138	150	642	3536	4868	944	120	
117008	Cerebelum_9_L	0	0	0	0	0	0	0	0	0	0	0	0	0	0	0	0	0	0	0	0	0	0	0	0	0	0	0	0	0	0	0	0	0	0	0	0	0	0	0	0	0	0	0	0	0	0	0	758	0	0	0	0	0	0	0	274	0	0	0	0	0	0	0	0	0	0	0	0	0	0	0	0	0	0	0	0	0	0	0	0	0	0	0	0	0	0	0	0	0	0	1916	922	5280	122	1060	0	3940	822	4818	1534	6028	0	15002	1108	0	1222	1568	0	0	156	2524	3466	970	2658	1994	362	
86016	Cerebelum_9_R	0	0	0	0	0	0	0	0	0	0	0	0	0	0	0	0	0	0	0	0	0	0	0	0	0	0	0	0	0	0	0	0	0	0	0	0	0	0	0	126	0	0	0	0	0	0	540	0	0	0	0	0	0	0	0	0	0	0	0	0	0	0	0	0	0	0	0	0	0	0	0	0	0	0	0	0	0	0	0	0	0	0	0	0	0	0	0	0	0	0	106	1810	0	2888	0	994	1390	288	444	1050	0	3376	740	12510	1222	0	0	1398	982	1452	1812	2426	978	2230	3182	1064	
6708	Cerebelum_10_L	0	0	0	0	0	0	0	0	0	0	0	0	0	0	0	0	0	0	0	0	0	0	0	0	0	0	0	0	0	0	0	0	0	0	0	0	0	0	0	0	0	0	0	0	0	0	0	0	0	0	0	0	0	0	0	0	0	0	0	0	0	0	0	0	0	0	0	0	0	0	0	0	0	0	0	0	0	0	0	0	0	0	0	0	0	0	0	0	0	0	0	0	0	0	0	0	402	0	260	0	206	0	918	0	1568	0	0	0	0	0	0	0	0	0	0	0	
5188	Cerebelum_10_R	0	0	0	0	0	0	0	0	0	0	0	0	0	0	0	0	0	0	0	0	0	0	0	0	0	0	0	0	0	0	0	0	0	0	0	0	0	0	0	0	0	0	0	0	0	0	0	0	0	0	0	0	0	0	0	0	0	0	0	0	0	0	0	0	0	0	0	0	0	0	0	0	0	0	0	0	0	0	0	0	0	0	0	0	0	0	0	0	0	0	0	106	0	0	0	0	0	0	0	138	0	0	0	426	0	1398	0	0	0	0	0	202	0	144	180	0	
20936	Vermis_1_2	0	0	0	0	0	0	0	0	0	0	0	0	0	0	0	0	0	0	0	0	0	0	0	0	0	0	0	0	0	0	0	0	0	0	0	0	0	0	0	0	0	0	0	0	0	0	156	0	0	0	0	0	0	0	0	0	0	0	0	0	0	0	0	0	0	0	0	0	0	0	0	0	0	0	0	0	0	0	0	0	0	0	0	0	0	0	0	0	0	0	0	154	0	0	776	1096	438	0	0	272	0	0	0	0	0	982	0	0	0	4930	722	362	0	0	392	188	
70408	Vermis_3	0	0	0	0	0	0	0	0	0	0	0	0	0	0	0	0	0	0	0	0	0	0	0	0	0	0	0	0	0	0	0	0	0	0	0	0	198	0	378	0	0	0	0	0	0	0	246	0	0	0	0	0	0	0	0	0	0	0	0	0	0	0	0	0	0	0	0	0	0	0	0	0	0	0	0	0	0	0	0	0	0	0	0	0	0	0	0	0	0	0	0	3592	0	136	1548	6632	1306	5140	0	5698	0	0	0	138	156	1452	0	0	4930	0	2476	464	0	0	522	192	
189908	Vermis_4_5	0	218	0	0	0	0	0	0	0	0	0	0	0	0	0	0	0	0	0	276	0	0	0	0	0	0	0	0	0	0	0	0	0	596	278	1234	0	822	0	134	0	0	292	548	168	398	4280	6080	0	0	0	0	0	0	1862	2340	0	244	0	0	0	0	0	0	0	0	570	3570	0	258	0	0	0	0	0	0	0	0	0	0	0	0	0	0	0	0	0	0	0	0	1794	4594	308	142	1214	762	14494	12364	7456	10254	0	0	186	150	2524	1812	0	0	722	2476	0	5888	194	478	1476	1498	
164088	Vermis_6	0	0	0	0	0	0	0	0	0	0	0	0	0	0	0	0	0	0	0	0	0	0	0	0	0	0	0	0	0	0	0	0	0	0	0	0	0	0	0	0	0	0	0	0	0	0	3412	4240	0	0	0	0	0	758	804	2866	0	0	0	0	0	0	0	0	0	0	0	0	0	0	0	0	0	0	0	0	0	0	0	0	0	0	0	0	0	0	0	0	0	0	4968	7152	3148	890	162	294	4542	1376	10742	12058	122	130	618	642	3466	2426	0	202	362	464	5888	0	4612	1684	2654	1362	
131800	Vermis_7	0	0	0	0	0	0	0	0	0	0	0	0	0	0	0	0	0	0	0	0	0	0	0	0	0	0	0	0	0	0	0	0	0	0	0	0	0	0	0	0	0	0	0	0	0	0	1650	628	0	0	0	0	160	124	568	454	0	0	0	0	0	0	0	0	0	0	0	0	0	0	0	0	0	0	0	0	0	0	0	0	0	0	0	0	0	0	0	0	0	0	7450	8068	6210	6646	0	0	0	450	5722	5244	2166	1490	3150	3536	970	978	0	0	0	0	194	4612	0	3524	1906	0	
71896	Vermis_8	0	0	0	0	0	0	0	0	0	0	0	0	0	0	0	0	0	0	0	0	0	0	0	0	0	0	0	0	0	0	0	0	0	0	0	0	0	0	0	0	0	0	0	0	0	0	252	0	0	0	0	0	0	0	0	0	0	0	0	0	0	0	0	0	0	0	0	0	0	0	0	0	0	0	0	0	0	0	0	0	0	0	0	0	0	0	0	0	0	0	570	844	1296	1182	0	0	398	0	624	1006	2166	2246	6070	4868	2658	2230	0	144	0	0	478	1684	3524	0	3708	0	
