data	data	305100	135292	1.19126e+06	1.15674e+06	176076	167900	631504	288676	123148	56844	210940	158712	303784	130816	214924	67660	128608	83280	556772	859516	76464	90180	688300	800188	38668	179804	77296	75792	535956	228140	340080	642600	152880	552980	90576	175004	144292	298280	77168	209460	24540	51036	139512	190884	135040	160396	176236	199964	120176	234592	482928	201812	101776	67004	197300	340464	280844	119092	157628	81576	275020	112300	133040	98928	203728	112932	183216	324992	66076	57696	386872	472148	370592	378092	67016	46616	148660	176904	82900	14216	152208	78788	62276	43044	323048	167104	39652	27996	225928	179956	250180	325252	236712	241408	13636	51420	163832	158640	253136	286900	209352	140700	235896	278072	94336	96512	17584	12792	10476	47424	111760	69052	146100	101704	46748	6692	
data	data	Precentral_L	Precentral_R	Frontal_Sup_L	Frontal_Sup_R	Frontal_Sup_Orb_L	Frontal_Sup_Orb_R	Frontal_Mid_L	Frontal_Mid_R	Frontal_Mid_Orb_L	Frontal_Mid_Orb_R	Frontal_Inf_Oper_L	Frontal_Inf_Oper_R	Frontal_Inf_Tri_L	Frontal_Inf_Tri_R	Frontal_Inf_Orb_L	Frontal_Inf_Orb_R	Rolandic_Oper_L	Rolandic_Oper_R	Supp_Motor_Area_L	Supp_Motor_Area_R	Olfactory_L	Olfactory_R	Frontal_Sup_Medial_L	Frontal_Sup_Medial_R	Frontal_Med_Orb_L	Frontal_Med_Orb_R	Rectus_L	Rectus_R	Insula_L	Insula_R	Cingulum_Ant_L	Cingulum_Ant_R	Cingulum_Mid_L	Cingulum_Mid_R	Cingulum_Post_L	Cingulum_Post_R	Hippocampus_L	Hippocampus_R	ParaHippocampal_L	ParaHippocampal_R	Amygdala_L	Amygdala_R	Calcarine_L	Calcarine_R	Cuneus_L	Cuneus_R	Lingual_L	Lingual_R	Occipital_Sup_L	Occipital_Sup_R	Occipital_Mid_L	Occipital_Mid_R	Occipital_Inf_L	Occipital_Inf_R	Fusiform_L	Fusiform_R	Postcentral_L	Postcentral_R	Parietal_Sup_L	Parietal_Sup_R	Parietal_Inf_L	Parietal_Inf_R	SupraMarginal_L	SupraMarginal_R	Angular_L	Angular_R	Precuneus_L	Precuneus_R	Paracentral_Lobule_L	Paracentral_Lobule_R	Caudate_L	Caudate_R	Putamen_L	Putamen_R	Pallidum_L	Pallidum_R	Thalamus_L	Thalamus_R	Heschl_L	Heschl_R	Temporal_Sup_L	Temporal_Sup_R	Temporal_Pole_Sup_L	Temporal_Pole_Sup_R	Temporal_Mid_L	Temporal_Mid_R	Temporal_Pole_Mid_L	Temporal_Pole_Mid_R	Temporal_Inf_L	Temporal_Inf_R	Cerebelum_Crus1_L	Cerebelum_Crus1_R	Cerebelum_Crus2_L	Cerebelum_Crus2_R	Cerebelum_3_L	Cerebelum_3_R	Cerebelum_4_5_L	Cerebelum_4_5_R	Cerebelum_6_L	Cerebelum_6_R	Cerebelum_7b_L	Cerebelum_7b_R	Cerebelum_8_L	Cerebelum_8_R	Cerebelum_9_L	Cerebelum_9_R	Cerebelum_10_L	Cerebelum_10_R	Vermis_1_2	Vermis_3	Vermis_4_5	Vermis_6	Vermis_7	Vermis_8	Vermis_9	Vermis_10	
305100	Precentral_L	0	1668	9644	1676	0	0	27740	1410	0	0	8276	104	916	0	0	0	4936	0	2868	2570	0	0	166	468	0	114	0	0	9764	116	240	214	1476	358	1450	0	898	106	0	0	0	0	160	0	1118	0	0	0	208	0	5680	0	0	0	0	0	28762	0	2248	0	9244	0	634	0	1676	0	2154	0	7298	0	4316	670	5792	310	950	0	686	548	1448	0	452	0	0	0	772	0	0	0	246	0	0	0	0	0	0	0	0	0	0	0	0	0	0	0	0	0	0	0	0	0	0	0	0	0	0	0	
135292	Precentral_R	1668	0	1040	6728	0	0	440	12940	0	0	0	8366	0	0	0	0	0	704	578	5372	0	0	0	0	0	0	0	0	102	1638	96	0	0	452	0	564	0	1698	0	236	0	0	0	132	0	0	0	0	0	272	0	112	0	0	0	244	464	12608	0	352	0	696	0	1282	0	110	0	1770	0	1006	1056	796	446	166	110	0	634	1824	0	0	0	360	0	0	0	170	0	0	0	414	0	0	0	0	0	0	0	0	0	0	0	0	0	0	0	0	0	0	0	0	0	0	0	0	0	0	
1.19126e+06	Frontal_Sup_L	9644	1040	0	26446	8296	258	79720	2458	4822	0	5718	226	19016	172	10980	0	796	130	94084	33106	154	156	77976	28942	1718	370	836	0	29646	462	15602	16888	6962	25574	726	126	2770	194	300	0	0	0	0	0	0	0	0	0	0	0	2080	0	0	0	0	0	4600	0	1834	0	2342	0	732	0	512	0	194	0	966	0	11586	996	29190	978	8020	212	18818	1776	2670	0	678	0	1028	0	102	0	0	0	0	0	0	0	0	0	0	0	0	0	0	0	0	0	0	0	0	0	0	0	0	0	0	0	0	0	0	0	
1.15674e+06	Frontal_Sup_R	1676	6728	26446	0	0	7370	13110	35878	146	976	2586	7258	4802	9962	1474	2572	302	4190	9450	94688	606	1120	26754	83936	0	9156	0	944	6690	9790	10726	51616	2544	26862	524	1142	146	4492	138	604	0	0	0	276	0	202	0	0	0	336	0	218	0	0	0	408	464	2340	0	0	0	0	0	96	0	152	0	2318	174	0	11802	35402	1858	27356	362	3702	2850	19326	572	0	0	0	0	0	0	412	0	0	0	342	0	0	0	0	0	0	0	0	0	0	0	0	0	0	0	0	0	0	0	0	0	0	0	0	0	0	
176076	Frontal_Sup_Orb_L	0	0	8296	0	0	0	2052	0	13984	0	0	0	1768	0	10380	0	0	0	2522	0	1138	374	4734	128	3392	896	10652	500	4242	0	2866	376	0	0	0	0	0	0	0	0	0	0	0	0	0	0	0	0	0	0	0	0	0	0	0	0	0	0	0	0	0	0	0	0	0	0	0	0	0	0	10488	498	8394	204	0	0	0	0	0	0	0	0	154	0	0	0	0	0	0	0	0	0	0	0	0	0	0	0	0	0	0	0	0	0	0	0	0	0	0	0	0	0	0	0	0	0	
167900	Frontal_Sup_Orb_R	0	0	258	7370	0	0	116	1310	0	8348	0	374	0	1698	0	4016	0	108	0	3854	1080	1892	1068	6798	284	8152	204	9700	0	1360	1506	5314	0	126	0	0	0	0	0	0	0	0	0	0	0	0	0	0	0	0	0	0	0	0	0	0	0	0	0	0	0	0	0	0	0	0	0	0	0	0	1288	7894	290	9542	0	0	0	0	0	0	0	0	0	0	0	0	0	0	0	0	0	0	0	0	0	0	0	0	0	0	0	0	0	0	0	0	0	0	0	0	0	0	0	0	0	0	
631504	Frontal_Mid_L	27740	440	79720	13110	2052	116	0	1718	7526	0	10186	396	32952	834	10590	128	476	100	2650	6942	0	0	31544	13064	0	640	0	0	20504	624	6400	6166	380	5838	0	0	858	104	114	0	0	0	0	0	0	0	0	0	0	0	372	0	0	0	0	0	3364	130	272	0	1764	0	0	0	238	0	0	0	160	0	11020	1660	7132	1066	1068	0	386	568	2108	0	230	0	180	0	122	0	0	0	0	0	0	0	0	0	0	0	0	0	0	0	0	0	0	0	0	0	0	0	0	0	0	0	0	0	0	0	
288676	Frontal_Mid_R	1410	12940	2458	35878	0	1310	1718	0	0	790	100	12172	486	15572	366	1806	0	3162	1004	2980	0	0	2062	9642	0	1244	0	0	608	6324	612	5384	0	2392	0	782	0	2712	0	716	0	0	0	0	0	0	0	0	0	0	0	0	0	0	0	384	442	1370	0	0	0	122	0	374	0	0	0	1228	0	0	2176	2764	914	4024	116	0	476	2690	0	0	0	168	0	0	0	118	0	0	0	342	0	0	0	0	0	0	0	0	0	0	0	0	0	0	0	0	0	0	0	0	0	0	0	0	0	0	
123148	Frontal_Mid_Orb_L	0	0	4822	146	13984	0	7526	0	0	0	0	0	6026	0	15972	0	0	0	552	0	166	0	1486	190	518	0	3396	0	832	0	606	174	0	0	0	0	0	0	0	0	0	0	0	0	0	0	0	0	0	0	0	0	0	0	0	0	0	0	0	0	0	0	0	0	0	0	0	0	0	0	2516	0	2662	0	0	0	0	0	0	0	0	0	0	0	0	0	0	0	0	0	0	0	0	0	0	0	0	0	0	0	0	0	0	0	0	0	0	0	0	0	0	0	0	0	0	0	
56844	Frontal_Mid_Orb_R	0	0	0	976	0	8348	0	790	0	0	0	0	0	1066	0	4848	0	0	0	840	102	140	0	362	0	1134	0	2284	0	940	124	250	0	0	0	0	0	0	0	0	0	0	0	0	0	0	0	0	0	0	0	0	0	0	0	0	0	0	0	0	0	0	0	0	0	0	0	0	0	0	96	2044	0	4078	0	0	0	0	0	0	0	0	0	0	0	0	0	0	0	0	0	0	0	0	0	0	0	0	0	0	0	0	0	0	0	0	0	0	0	0	0	0	0	0	0	0	
210940	Frontal_Inf_Oper_L	8276	0	5718	2586	0	0	10186	100	0	0	0	0	15626	528	1210	0	10140	0	580	996	0	0	3096	2500	0	250	0	0	18840	156	2984	1792	280	1144	0	0	0	0	0	0	0	0	0	0	0	0	0	0	0	0	168	0	0	0	0	0	4338	0	0	0	878	0	154	0	0	0	0	0	0	0	4068	2050	1730	0	188	0	0	0	1476	0	2146	0	1166	0	120	0	0	0	0	0	0	0	0	0	0	0	0	0	0	0	0	0	0	0	0	0	0	0	0	0	0	0	0	0	0	0	
158712	Frontal_Inf_Oper_R	104	8366	226	7258	0	374	396	12172	0	0	0	0	0	6052	0	0	0	4322	98	3098	0	0	194	3468	0	1242	0	0	176	12454	190	1224	0	236	0	798	0	2090	0	672	0	0	0	0	0	0	0	0	0	0	0	0	0	0	0	372	0	1238	0	0	0	222	0	482	0	0	0	1252	0	0	536	2330	310	4040	0	0	160	2572	0	186	0	0	0	148	0	0	0	0	0	298	0	0	0	0	0	0	0	0	0	0	0	0	0	0	0	0	0	0	0	0	0	0	0	0	0	0	
303784	Frontal_Inf_Tri_L	916	0	19016	4802	1768	0	32952	486	6026	0	15626	0	0	286	13180	0	1318	0	610	368	0	0	10816	5576	0	0	0	0	19318	0	4008	4602	1026	4402	0	0	0	0	0	0	0	0	0	0	0	0	0	0	0	0	0	0	0	0	0	0	118	0	0	0	106	0	0	0	0	0	0	0	0	0	1158	192	524	0	0	0	0	0	766	0	794	0	1132	0	0	0	0	0	0	0	0	0	0	0	0	0	0	0	0	0	0	0	0	0	0	0	0	0	0	0	0	0	0	0	0	0	
130816	Frontal_Inf_Tri_R	0	0	172	9962	0	1698	834	15572	0	1066	528	6052	286	0	0	2232	0	520	0	1702	0	0	416	3708	0	640	0	0	1024	8250	494	2294	0	278	0	206	0	302	0	106	0	0	0	0	0	0	0	0	0	0	0	0	0	0	0	0	0	0	0	0	0	0	0	0	0	0	0	264	0	0	2086	1498	224	2882	0	0	0	0	112	0	0	0	0	0	0	0	0	0	0	0	0	0	0	0	0	0	0	0	0	0	0	0	0	0	0	0	0	0	0	0	0	0	0	0	0	0	
214924	Frontal_Inf_Orb_L	0	0	10980	1474	10380	0	10590	366	15972	0	1210	0	13180	0	0	0	96	0	2088	200	1276	0	4532	2084	0	0	2568	0	14544	0	362	1188	0	1258	0	0	0	0	0	0	0	0	0	0	0	0	0	0	0	0	0	0	0	0	0	0	0	0	0	0	0	0	0	0	0	0	0	0	0	0	2206	180	8878	0	0	0	0	0	0	0	264	0	1586	0	0	0	0	0	0	0	0	0	0	0	0	0	0	0	0	0	0	0	0	0	0	0	0	0	0	0	0	0	0	0	0	0	
67660	Frontal_Inf_Orb_R	0	0	0	2572	0	4016	128	1806	0	4848	0	0	0	2232	0	0	0	0	0	440	202	570	0	1780	0	126	0	1012	0	6528	0	208	0	0	0	0	0	0	0	0	0	0	0	0	0	0	0	0	0	0	0	0	0	0	0	0	0	0	0	0	0	0	0	0	0	0	0	0	0	0	228	1852	0	5282	0	0	0	0	0	0	0	0	0	0	0	0	0	0	0	0	0	0	0	0	0	0	0	0	0	0	0	0	0	0	0	0	0	0	0	0	0	0	0	0	0	0	
128608	Rolandic_Oper_L	4936	0	796	302	0	0	476	0	0	0	10140	0	1318	0	96	0	0	0	198	130	0	0	266	284	0	124	0	0	14618	0	96	178	0	0	0	0	0	0	0	0	0	0	0	0	0	0	0	0	0	0	2034	0	0	0	114	0	7270	0	0	0	2852	0	3148	0	776	0	0	0	0	0	614	328	1272	0	0	0	0	0	2706	0	5496	0	476	0	2392	0	0	0	868	0	0	0	0	0	0	0	0	0	0	0	0	0	0	0	0	0	0	0	0	0	0	0	0	0	0	0	
83280	Rolandic_Oper_R	0	704	130	4190	0	108	100	3162	0	0	0	4322	0	520	0	0	0	0	0	3782	0	0	0	712	0	198	0	0	0	7930	0	232	0	294	0	170	0	154	0	98	0	0	0	0	0	0	0	0	0	0	0	0	0	0	0	0	0	1780	0	526	0	2636	0	4870	0	480	0	250	0	0	108	522	0	1142	0	0	0	0	0	734	0	1592	0	194	0	0	0	0	0	0	0	0	0	0	0	0	0	0	0	0	0	0	0	0	0	0	0	0	0	0	0	0	0	0	0	0	
556772	Supp_Motor_Area_L	2868	578	94084	9450	2522	0	2650	1004	552	0	580	98	610	0	2088	0	198	0	0	33250	128	134	5420	2764	0	100	530	0	9888	210	1308	2538	13738	16194	3702	104	2058	136	188	0	0	0	0	0	174	0	0	0	0	148	388	0	0	0	0	0	1788	0	188	0	158	0	584	0	0	0	478	200	4758	314	6536	682	23884	640	7576	194	17468	1244	400	0	354	0	558	0	0	0	0	0	0	0	0	0	0	0	0	0	0	0	0	0	0	0	0	0	0	0	0	0	0	0	0	0	0	0	0	0	
859516	Supp_Motor_Area_R	2570	5372	33106	94688	0	3854	6942	2980	0	840	996	3098	368	1702	200	440	130	3782	33250	0	406	660	4752	20344	0	3632	0	508	2818	6678	2652	13202	3728	45086	798	3176	142	4704	0	1086	0	0	0	656	0	690	0	0	0	3132	0	1184	0	0	0	640	586	2434	0	0	0	126	0	382	0	460	0	8158	1176	6834	10554	29664	1528	17948	356	1526	5422	24864	238	0	0	474	108	0	0	1224	0	0	0	704	0	0	0	0	0	0	0	0	0	0	0	0	0	0	0	0	0	0	0	0	0	0	0	0	0	0	
76464	Olfactory_L	0	0	154	606	1138	1080	0	0	166	102	0	0	0	0	1276	202	0	0	128	406	0	5614	0	104	224	146	1534	1252	2178	180	3002	1764	0	0	0	0	326	0	350	0	486	0	0	0	0	0	0	0	0	0	0	0	0	0	0	0	0	0	0	0	0	0	0	0	0	0	0	0	0	0	6356	4800	1362	1486	0	1562	0	0	0	0	0	0	248	0	0	0	0	0	0	0	0	0	0	0	0	0	0	0	0	0	0	0	0	0	0	0	0	0	0	0	0	0	0	0	0	0	
90180	Olfactory_R	0	0	156	1120	374	1892	0	0	0	140	0	0	0	0	0	570	0	0	134	660	5614	0	0	174	182	580	958	2670	0	1780	2802	2436	0	0	0	0	0	126	0	280	0	298	0	0	0	0	0	0	0	0	0	0	0	0	0	0	0	0	0	0	0	0	0	0	0	0	0	0	0	0	7052	8250	718	3012	0	2700	0	132	0	0	0	0	0	280	0	0	0	0	0	0	0	0	0	0	0	0	0	0	0	0	0	0	0	0	0	0	0	0	0	0	0	0	0	0	0	0	
688300	Frontal_Sup_Medial_L	166	0	77976	26754	4734	1068	31544	2062	1486	0	3096	194	10816	416	4532	0	266	0	5420	4752	0	0	0	46596	4198	2786	394	0	9962	118	31204	31254	7688	25282	0	0	0	0	120	0	0	0	0	0	0	0	0	0	0	0	0	0	0	0	0	0	0	0	0	0	0	0	0	0	0	0	0	0	0	0	4718	508	2906	328	0	0	184	0	300	0	166	0	156	0	0	0	0	0	0	0	0	0	0	0	0	0	0	0	0	0	0	0	0	0	0	0	0	0	0	0	0	0	0	0	0	0	
800188	Frontal_Sup_Medial_R	468	0	28942	83936	128	6798	13064	9642	190	362	2500	3468	5576	3708	2084	1780	284	712	2764	20344	104	174	46596	0	538	13646	0	936	6934	3314	13170	56298	3682	32116	0	0	0	96	134	0	0	0	0	0	0	0	0	0	0	0	0	0	0	0	0	0	0	0	0	0	0	0	0	0	0	0	0	98	0	0	6150	17414	1718	9262	124	0	212	0	490	0	0	0	138	0	0	0	0	0	0	0	0	0	0	0	0	0	0	0	0	0	0	0	0	0	0	0	0	0	0	0	0	0	0	0	0	0	
38668	Frontal_Med_Orb_L	0	0	1718	0	3392	284	0	0	518	0	0	0	0	0	0	0	0	0	0	0	224	182	4198	538	0	1992	1782	474	0	0	2482	0	0	0	0	0	0	0	0	0	0	0	0	0	0	0	0	0	0	0	0	0	0	0	0	0	0	0	0	0	0	0	0	0	0	0	0	0	0	0	1360	190	0	0	0	0	0	0	0	0	0	0	0	0	0	0	0	0	0	0	0	0	0	0	0	0	0	0	0	0	0	0	0	0	0	0	0	0	0	0	0	0	0	0	0	0	
179804	Frontal_Med_Orb_R	114	0	370	9156	896	8152	640	1244	0	1134	250	1242	0	640	0	126	124	198	100	3632	146	580	2786	13646	1992	0	468	5836	568	1382	2366	9320	0	124	0	0	0	0	0	0	0	0	0	0	0	0	0	0	0	0	0	0	0	0	0	0	0	0	0	0	0	0	0	0	0	0	0	0	0	0	1558	12966	212	7934	0	0	0	0	0	0	0	0	0	0	0	0	0	0	0	0	0	0	0	0	0	0	0	0	0	0	0	0	0	0	0	0	0	0	0	0	0	0	0	0	0	0	
77296	Rectus_L	0	0	836	0	10652	204	0	0	3396	0	0	0	0	0	2568	0	0	0	530	0	1534	958	394	0	1782	468	0	654	1604	0	2396	576	0	0	0	0	0	0	0	0	0	0	0	0	0	0	0	0	0	0	0	0	0	0	0	0	0	0	0	0	0	0	0	0	0	0	0	0	0	0	4848	1024	3612	476	0	136	0	0	0	0	0	0	0	0	0	0	0	0	0	0	0	0	0	0	0	0	0	0	0	0	0	0	0	0	0	0	0	0	0	0	0	0	0	0	0	0	
75792	Rectus_R	0	0	0	944	500	9700	0	0	0	2284	0	0	0	0	0	1012	0	0	0	508	1252	2670	0	936	474	5836	654	0	0	716	546	1650	0	0	0	0	0	0	0	0	0	0	0	0	0	0	0	0	0	0	0	0	0	0	0	0	0	0	0	0	0	0	0	0	0	0	0	0	0	0	1200	3908	298	2668	0	140	0	0	0	0	0	0	0	0	0	0	0	0	0	0	0	0	0	0	0	0	0	0	0	0	0	0	0	0	0	0	0	0	0	0	0	0	0	0	0	0	
535956	Insula_L	9764	102	29646	6690	4242	0	20504	608	832	0	18840	176	19318	1024	14544	0	14618	0	9888	2818	2178	0	9962	6934	0	568	1604	0	0	494	3242	4356	812	3726	0	0	6194	0	1456	0	1212	0	0	0	166	0	180	0	0	0	1446	0	0	0	1388	0	3492	0	152	0	1378	0	1550	0	152	0	132	0	0	0	9102	3440	25626	408	116	0	336	136	9722	0	6074	0	3090	0	850	0	0	0	2690	0	0	0	0	0	0	0	0	0	0	0	0	0	0	0	0	0	0	0	0	0	0	0	0	0	0	0	
228140	Insula_R	116	1638	462	9790	0	1360	624	6324	0	940	156	12454	0	8250	0	6528	0	7930	210	6678	180	1780	118	3314	0	1382	0	716	494	0	0	1234	0	296	0	1326	0	2722	0	1262	0	232	0	96	0	0	0	0	0	0	0	0	0	0	0	714	0	124	0	122	0	190	0	408	0	138	0	1976	0	0	1344	4062	248	22018	0	0	0	206	0	522	0	1618	0	722	0	240	0	0	0	806	0	0	0	0	0	0	0	0	0	0	0	0	0	0	0	0	0	0	0	0	0	0	0	0	0	0	
340080	Cingulum_Ant_L	240	96	15602	10726	2866	1506	6400	612	606	124	2984	190	4008	494	362	0	96	0	1308	2652	3002	2802	31204	13170	2482	2366	2396	546	3242	0	0	24792	4896	8506	0	0	0	0	0	0	0	0	0	0	0	0	0	0	0	0	0	0	0	0	0	0	0	0	0	0	0	0	0	0	0	0	0	0	0	0	10522	4638	1466	1818	0	1014	0	0	306	0	0	0	0	0	0	0	0	0	0	0	0	0	0	0	0	0	0	0	0	0	0	0	0	0	0	0	0	0	0	0	0	0	0	0	0	0	
642600	Cingulum_Ant_R	214	0	16888	51616	376	5314	6166	5384	174	250	1792	1224	4602	2294	1188	208	178	232	2538	13202	1764	2436	31254	56298	0	9320	576	1650	4356	1234	24792	0	3704	32324	0	0	0	0	0	0	0	0	0	0	0	0	0	0	0	0	0	0	0	0	0	0	0	0	0	0	0	0	0	0	0	0	0	0	0	0	5174	21538	876	9154	0	782	0	0	228	0	0	0	0	0	0	0	0	0	0	0	0	0	0	0	0	0	0	0	0	0	0	0	0	0	0	0	0	0	0	0	0	0	0	0	0	0	
152880	Cingulum_Mid_L	1476	0	6962	2544	0	0	380	0	0	0	280	0	1026	0	0	0	0	0	13738	3728	0	0	7688	3682	0	0	0	0	812	0	4896	3704	0	8874	5508	0	0	0	0	0	0	0	0	0	96	0	0	0	170	0	1486	0	0	0	0	0	432	0	668	0	330	0	0	0	120	0	3062	254	4524	0	0	0	0	0	0	0	0	0	0	0	0	0	0	0	0	0	0	0	0	0	0	0	0	0	0	0	0	0	0	0	0	0	0	0	0	0	0	0	0	0	0	0	0	0	0	0	
552980	Cingulum_Mid_R	358	452	25574	26862	0	126	5838	2392	0	0	1144	236	4402	278	1258	0	0	294	16194	45086	0	0	25282	32116	0	124	0	0	3726	296	8506	32324	8874	0	102	2900	0	522	0	478	0	0	0	454	0	1062	0	0	0	3750	0	946	0	0	0	264	100	684	0	244	0	182	0	322	0	344	428	7734	534	5164	3386	384	602	414	0	0	1764	0	170	0	0	368	128	0	0	898	0	0	0	420	0	0	0	0	0	0	0	0	0	0	0	0	0	0	0	0	0	0	0	0	0	0	0	0	0	0	
90576	Cingulum_Post_L	1450	0	726	524	0	0	0	0	0	0	0	0	0	0	0	0	0	0	3702	798	0	0	0	0	0	0	0	0	0	0	0	0	5508	102	0	5722	4048	1438	2558	430	0	0	2076	0	2372	0	560	0	98	0	2102	0	0	0	0	184	172	0	378	0	0	0	0	0	0	0	7746	552	1634	0	0	0	0	0	0	0	0	0	0	0	0	0	0	0	260	0	0	0	0	0	0	0	0	0	0	0	0	0	0	0	0	0	0	0	0	0	0	0	0	0	148	0	0	0	0	0	
175004	Cingulum_Post_R	0	564	126	1142	0	0	0	782	0	0	0	798	0	206	0	0	0	170	104	3176	0	0	0	0	0	0	0	0	0	1326	0	0	0	2900	5722	0	2688	11650	1600	9406	0	0	0	2094	0	3316	0	876	0	3582	0	1180	0	0	0	5158	0	1142	0	0	0	114	0	364	0	114	1030	20028	100	1466	0	0	98	144	0	0	708	362	0	0	0	220	0	0	0	686	0	0	0	2122	0	0	0	0	0	0	0	0	0	0	0	0	0	0	0	0	0	0	0	0	238	0	0	0	0	0	
144292	Hippocampus_L	898	0	2770	146	0	0	858	0	0	0	0	0	0	0	0	0	0	0	2058	142	326	0	0	0	0	0	0	0	6194	0	0	0	0	0	4048	2688	0	1528	11062	604	5118	0	1908	0	144	0	986	0	0	0	854	0	1068	0	5220	290	368	0	0	0	118	0	0	0	0	0	2450	206	0	0	0	0	6054	0	450	0	1794	374	200	0	3108	0	552	0	836	0	0	0	6276	122	0	0	0	0	0	0	142	0	0	0	0	0	0	0	0	0	0	0	0	0	186	0	0	0	0	0	
298280	Hippocampus_R	106	1698	194	4492	0	0	104	2712	0	0	0	2090	0	302	0	0	0	154	136	4704	0	126	0	96	0	0	0	0	0	2722	0	0	0	522	1438	11650	1528	0	956	25856	0	9202	0	916	0	1706	0	2554	0	1676	0	834	0	178	0	23532	0	710	0	0	0	222	0	1002	0	0	0	10858	0	466	206	98	258	7526	0	0	702	3404	0	164	0	1040	0	1064	0	2900	0	348	0	15716	0	0	0	0	0	0	0	0	0	0	0	0	0	0	0	0	0	0	0	0	272	0	0	0	0	0	
77168	ParaHippocampal_L	0	0	300	138	0	0	114	0	0	0	0	0	0	0	0	0	0	0	188	0	350	0	120	134	0	0	0	0	1456	0	0	0	0	0	2558	1600	11062	956	0	336	1122	0	1470	0	0	0	1532	0	0	0	1116	0	1238	0	3360	198	106	0	0	0	0	0	0	0	0	0	1852	0	0	0	0	0	2066	0	558	0	972	138	100	0	188	0	1126	0	114	0	916	0	956	0	0	0	0	0	0	0	144	0	0	0	0	0	0	0	0	0	0	0	0	0	0	0	0	0	0	0	
209460	ParaHippocampal_R	0	236	0	604	0	0	0	716	0	0	0	672	0	106	0	0	0	98	0	1086	0	280	0	0	0	0	0	0	0	1262	0	0	0	478	430	9406	604	25856	336	0	0	6244	0	1058	0	1662	0	3268	0	1652	0	828	0	516	0	20052	0	312	0	0	0	0	0	248	0	0	0	9852	0	460	0	0	0	1242	0	0	274	1392	0	0	0	616	0	3076	0	1480	0	1858	0	6114	0	0	0	0	0	0	0	166	0	0	0	0	0	0	0	0	0	0	0	0	190	0	0	0	0	0	
24540	Amygdala_L	0	0	0	0	0	0	0	0	0	0	0	0	0	0	0	0	0	0	0	0	486	0	0	0	0	0	0	0	1212	0	0	0	0	0	0	0	5118	0	1122	0	0	0	0	0	0	0	0	0	0	0	0	0	0	0	2242	0	0	0	0	0	0	0	0	0	0	0	0	0	0	0	0	0	650	0	0	0	0	0	0	0	0	0	172	0	0	0	0	0	1268	0	0	0	0	0	0	0	0	0	0	0	0	0	0	0	0	0	0	0	0	0	0	0	0	0	0	0	
51036	Amygdala_R	0	0	0	0	0	0	0	0	0	0	0	0	0	0	0	0	0	0	0	0	0	298	0	0	0	0	0	0	0	232	0	0	0	0	0	0	0	9202	0	6244	0	0	0	0	0	0	0	0	0	0	0	0	0	0	0	5700	0	0	0	0	0	0	0	0	0	0	0	0	0	0	0	0	0	1146	0	0	0	0	0	0	0	0	0	1840	0	0	0	204	0	652	0	0	0	0	0	0	0	0	0	0	0	0	0	0	0	0	0	0	0	0	0	0	0	0	0	0	
139512	Calcarine_L	160	0	0	0	0	0	0	0	0	0	0	0	0	0	0	0	0	0	0	0	0	0	0	0	0	0	0	0	0	0	0	0	0	0	2076	0	1908	0	1470	0	0	0	0	3378	5984	1710	11540	2712	5282	874	18460	0	3222	0	876	0	0	0	0	0	0	0	0	0	0	0	8636	0	0	0	0	0	0	0	0	0	0	0	112	0	0	0	0	0	780	0	0	0	166	0	0	0	0	0	0	0	172	0	0	0	0	0	0	0	0	0	0	0	0	0	238	0	0	0	0	0	
190884	Calcarine_R	0	132	0	276	0	0	0	0	0	0	0	0	0	0	0	0	0	0	0	656	0	0	0	0	0	0	0	0	0	96	0	0	0	454	0	2094	0	916	0	1058	0	0	3378	0	1218	14246	3094	19916	0	11888	0	11892	0	4498	0	4930	0	272	0	0	0	0	0	0	0	184	0	10908	0	270	0	0	0	0	0	0	0	0	0	0	0	0	0	0	0	2382	0	0	0	684	0	0	0	0	0	0	0	0	0	0	0	0	0	0	0	0	0	0	0	0	0	0	0	0	0	0	
135040	Cuneus_L	1118	0	0	0	0	0	0	0	0	0	0	0	0	0	0	0	0	0	174	0	0	0	0	0	0	0	0	0	166	0	0	0	96	0	2372	0	144	0	0	0	0	0	5984	1218	0	3556	598	0	16166	680	13908	0	1206	0	124	0	172	0	1124	0	334	0	254	0	200	0	13480	574	872	0	0	0	0	0	0	0	0	0	0	0	0	0	0	0	2092	0	0	0	908	0	0	0	0	0	0	0	0	0	0	0	0	0	0	0	0	0	0	0	0	0	0	0	0	0	0	0	
160396	Cuneus_R	0	0	0	202	0	0	0	0	0	0	0	0	0	0	0	0	0	0	0	690	0	0	0	0	0	0	0	0	0	0	0	0	0	1062	0	3316	0	1706	0	1662	0	0	1710	14246	3556	0	1058	5282	0	22006	0	4400	0	302	0	1224	0	246	0	812	0	0	0	0	0	132	1258	14074	0	148	0	0	0	0	0	0	0	0	0	0	0	0	0	0	0	578	0	0	0	528	0	0	0	0	0	0	0	0	0	0	0	0	0	0	0	0	0	0	0	0	0	0	0	0	0	0	
176236	Lingual_L	0	0	0	0	0	0	0	0	0	0	0	0	0	0	0	0	0	0	0	0	0	0	0	0	0	0	0	0	180	0	0	0	0	0	560	0	986	0	1532	0	0	0	11540	3094	598	1058	0	3274	1540	878	20154	372	8060	0	8724	332	0	0	624	0	318	0	600	0	292	0	2432	0	0	0	0	0	0	0	0	0	0	0	708	0	312	0	0	0	2680	0	0	0	920	0	1444	0	108	0	432	0	5124	0	7868	0	0	0	0	0	0	0	0	0	0	0	256	784	334	0	0	0	
199964	Lingual_R	0	0	0	0	0	0	0	0	0	0	0	0	0	0	0	0	0	0	0	0	0	0	0	0	0	0	0	0	0	0	0	0	0	0	0	876	0	2554	0	3268	0	0	2712	19916	0	5282	3274	0	0	5304	0	8158	0	6262	0	15408	0	0	0	0	0	0	0	0	0	0	0	4972	0	0	0	0	0	0	0	0	0	0	0	0	0	0	0	0	0	886	0	0	0	3418	134	1958	0	0	0	0	224	2628	570	5520	0	0	0	0	0	0	0	0	0	0	2474	3262	922	0	0	0	
120176	Occipital_Sup_L	208	0	0	0	0	0	0	0	0	0	0	0	0	0	0	0	0	0	0	0	0	0	0	0	0	0	0	0	0	0	0	0	170	0	98	0	0	0	0	0	0	0	5282	0	16166	0	1540	0	0	0	18982	0	950	0	106	0	0	0	4358	0	194	0	0	0	0	0	11306	0	208	0	0	0	0	0	0	0	0	0	0	0	0	0	0	0	520	0	0	0	0	0	0	0	0	0	0	0	0	0	0	0	0	0	0	0	0	0	0	0	0	0	0	0	0	0	0	0	
234592	Occipital_Sup_R	0	272	0	336	0	0	0	0	0	0	0	0	0	0	0	0	0	0	148	3132	0	0	0	0	0	0	0	0	0	0	0	0	0	3750	0	3582	0	1676	0	1652	0	0	874	11888	680	22006	878	5304	0	0	0	17204	0	338	0	1740	0	3198	0	6810	0	4076	0	142	0	5440	712	16866	0	1290	0	0	0	0	0	0	0	0	0	0	0	140	0	0	0	2652	0	0	0	510	0	0	0	0	0	0	0	0	0	0	0	0	0	0	0	0	0	0	0	0	0	0	0	0	0	0	
482928	Occipital_Mid_L	5680	0	2080	0	0	0	372	0	0	0	168	0	0	0	0	0	2034	0	388	0	0	0	0	0	0	0	0	0	1446	0	0	0	1486	0	2102	0	854	0	1116	0	0	0	18460	0	13908	0	20154	0	18982	0	0	0	21302	0	4886	0	8358	0	16734	0	20680	0	6196	0	21662	0	11920	0	1920	0	0	0	134	0	0	0	0	0	2856	0	2434	0	0	0	26860	0	0	0	6292	0	0	0	0	0	0	0	0	0	0	0	0	0	0	0	0	0	0	0	0	0	0	0	0	0	0	0	
201812	Occipital_Mid_R	0	112	0	218	0	0	0	0	0	0	0	0	0	0	0	0	0	0	0	1184	0	0	0	0	0	0	0	0	0	0	0	0	0	946	0	1180	0	834	0	828	0	0	0	11892	0	4400	372	8158	0	17204	0	0	0	6412	0	6924	0	1092	0	1058	0	5444	0	330	0	13136	0	6272	0	442	0	0	0	0	0	0	0	0	0	0	0	306	0	0	0	11282	0	0	0	880	0	0	0	0	0	0	0	0	0	0	0	0	0	0	0	0	0	0	0	0	0	0	0	0	0	0	
101776	Occipital_Inf_L	0	0	0	0	0	0	0	0	0	0	0	0	0	0	0	0	0	0	0	0	0	0	0	0	0	0	0	0	0	0	0	0	0	0	0	0	1068	0	1238	0	0	0	3222	0	1206	0	8060	0	950	0	21302	0	0	0	7258	0	144	0	216	0	206	0	0	0	176	0	764	0	0	0	0	0	0	0	0	0	0	0	256	0	168	0	0	0	1878	0	0	0	2404	0	0	0	0	0	0	0	0	0	372	0	0	0	0	0	0	0	0	0	0	0	0	0	0	0	0	0	
67004	Occipital_Inf_R	0	0	0	0	0	0	0	0	0	0	0	0	0	0	0	0	0	0	0	0	0	0	0	0	0	0	0	0	0	0	0	0	0	0	0	0	0	178	0	516	0	0	0	4498	0	302	0	6262	0	338	0	6412	0	0	0	10028	0	0	0	0	0	0	0	0	0	0	0	1468	0	0	0	0	0	0	0	0	0	0	0	0	0	0	0	0	0	412	0	0	0	3088	0	0	0	0	0	0	0	0	0	0	0	0	0	0	0	0	0	0	0	0	0	0	0	0	0	0	
197300	Fusiform_L	0	0	0	0	0	0	0	0	0	0	0	0	0	0	0	0	114	0	0	0	0	0	0	0	0	0	0	0	1388	0	0	0	0	0	0	0	5220	0	3360	0	2242	0	876	0	124	0	8724	0	106	0	4886	0	7258	0	0	0	0	0	0	0	0	0	0	0	0	0	196	0	0	0	0	0	664	0	0	0	0	0	334	0	1798	0	2300	0	3204	0	2844	0	8870	0	8548	0	106	140	0	0	13780	0	20428	0	0	0	0	0	112	0	0	0	0	0	406	304	318	0	0	0	
340464	Fusiform_R	0	244	0	408	0	0	0	384	0	0	0	372	0	0	0	0	0	0	0	640	0	0	0	0	0	0	0	0	0	714	0	0	0	264	184	5158	290	23532	198	20052	0	5700	0	4930	0	1224	332	15408	0	1740	0	6924	0	10028	0	0	0	260	0	0	0	0	0	180	0	0	0	6478	0	192	0	0	0	1428	0	0	148	666	0	144	0	1036	0	4828	0	4036	0	4566	0	18410	0	3386	0	0	0	1102	0	8574	0	10232	0	0	0	0	0	0	0	0	0	1104	4126	610	0	0	0	0	
280844	Postcentral_L	28762	464	4600	464	0	0	3364	442	0	0	4338	0	118	0	0	0	7270	0	1788	586	0	0	0	0	0	0	0	0	3492	0	0	0	432	100	172	0	368	0	106	0	0	0	0	0	172	0	0	0	0	0	8358	0	144	0	0	0	0	0	10206	0	28994	0	9108	0	9552	0	1442	0	1994	0	118	0	2298	0	316	0	976	266	1934	0	2694	0	0	0	2972	0	0	0	2012	0	0	0	0	0	0	0	0	0	0	0	0	0	0	0	0	0	0	0	0	0	0	0	0	0	0	0	
119092	Postcentral_R	0	12608	0	2340	0	0	130	1370	0	0	0	1238	0	0	0	0	0	1780	0	2434	0	0	0	0	0	0	0	0	0	124	0	0	0	684	0	1142	0	710	0	312	0	0	0	272	0	246	0	0	0	3198	0	1092	0	0	0	260	0	0	0	5862	0	6304	0	7472	0	1348	0	4278	0	3694	152	0	0	0	0	0	0	0	0	0	0	198	0	0	0	144	0	0	0	154	0	0	0	0	0	0	0	0	0	0	0	0	0	0	0	0	0	0	0	0	0	0	0	0	0	0	
157628	Parietal_Sup_L	2248	0	1834	0	0	0	272	0	0	0	0	0	0	0	0	0	0	0	188	0	0	0	0	0	0	0	0	0	152	0	0	0	668	0	378	0	0	0	0	0	0	0	0	0	1124	0	624	0	4358	0	16734	0	216	0	0	0	10206	0	0	0	14556	0	1478	0	7452	0	9188	0	1040	0	0	0	0	0	0	0	0	0	0	0	654	0	0	0	3756	0	0	0	1688	0	0	0	0	0	0	0	0	0	0	0	0	0	0	0	0	0	0	0	0	0	0	0	0	0	0	0	
81576	Parietal_Sup_R	0	352	0	0	0	0	0	0	0	0	0	0	0	0	0	0	0	526	0	0	0	0	0	0	0	0	0	0	0	122	0	0	0	244	0	0	0	0	0	0	0	0	0	0	0	812	0	0	0	6810	0	1058	0	0	0	0	0	5862	0	0	0	10262	0	1704	0	6050	432	5956	0	598	0	0	0	0	0	0	0	0	0	0	0	0	0	0	0	0	0	0	0	0	0	0	0	0	0	0	0	0	0	0	0	0	0	0	0	0	0	0	0	0	0	0	0	0	0	0	
275020	Parietal_Inf_L	9244	0	2342	0	0	0	1764	0	0	0	878	0	106	0	0	0	2852	0	158	0	0	0	0	0	0	0	0	0	1378	0	0	0	330	0	0	0	118	0	0	0	0	0	0	0	334	0	318	0	194	0	20680	0	206	0	0	0	28994	0	14556	0	0	0	13744	0	22006	0	498	0	802	0	0	0	1090	0	234	0	452	142	350	0	1882	0	0	0	8992	0	0	0	2866	0	0	0	0	0	0	0	0	0	0	0	0	0	0	0	0	0	0	0	0	0	0	0	0	0	0	0	
112300	Parietal_Inf_R	0	696	0	0	0	0	0	122	0	0	0	222	0	0	0	0	0	2636	0	126	0	0	0	0	0	0	0	0	0	190	0	0	0	182	0	114	0	222	0	0	0	0	0	0	0	0	0	0	0	4076	0	5444	0	0	0	0	0	6304	0	10262	0	0	0	9446	0	12484	0	1592	0	306	0	0	0	0	0	0	0	0	0	96	0	340	0	0	0	1290	0	0	0	0	0	0	0	0	0	0	0	0	0	0	0	0	0	0	0	0	0	0	0	0	0	0	0	0	0	0	
133040	SupraMarginal_L	634	0	732	0	0	0	0	0	0	0	154	0	0	0	0	0	3148	0	584	0	0	0	0	0	0	0	0	0	1550	0	0	0	0	0	0	0	0	0	0	0	0	0	0	0	254	0	600	0	0	0	6196	0	0	0	0	0	9108	0	1478	0	13744	0	0	0	9792	0	212	0	0	0	0	0	0	0	0	0	0	0	452	0	5634	0	0	0	8186	0	0	0	4062	0	0	0	0	0	0	0	0	0	0	0	0	0	0	0	0	0	0	0	0	0	0	0	0	0	0	0	
98928	SupraMarginal_R	0	1282	0	96	0	0	0	374	0	0	0	482	0	0	0	0	0	4870	0	382	0	0	0	0	0	0	0	0	0	408	0	0	0	322	0	364	0	1002	0	248	0	0	0	0	0	0	0	0	0	142	0	330	0	0	0	180	0	7472	0	1704	0	9446	0	0	0	4372	0	1070	0	0	0	0	0	0	0	0	0	0	0	334	0	4938	0	0	0	7054	0	0	0	2592	0	0	0	0	0	0	0	0	0	0	0	0	0	0	0	0	0	0	0	0	0	0	0	0	0	0	
203728	Angular_L	1676	0	512	0	0	0	238	0	0	0	0	0	0	0	0	0	776	0	0	0	0	0	0	0	0	0	0	0	152	0	0	0	120	0	0	0	0	0	0	0	0	0	0	0	200	0	292	0	0	0	21662	0	176	0	0	0	9552	0	7452	0	22006	0	9792	0	0	0	302	0	350	0	0	0	0	0	0	0	0	0	346	0	3786	0	0	0	16698	0	0	0	5776	0	0	0	0	0	0	0	0	0	0	0	0	0	0	0	0	0	0	0	0	0	0	0	0	0	0	0	
112932	Angular_R	0	110	0	152	0	0	0	0	0	0	0	0	0	0	0	0	0	480	0	460	0	0	0	0	0	0	0	0	0	138	0	0	0	344	0	114	0	0	0	0	0	0	0	184	0	132	0	0	0	5440	0	13136	0	0	0	0	0	1348	0	6050	0	12484	0	4372	0	0	0	1326	0	204	0	0	0	0	0	0	0	0	0	0	0	2650	0	0	0	6510	0	0	0	832	0	0	0	0	0	0	0	0	0	0	0	0	0	0	0	0	0	0	0	0	0	0	0	0	0	0	
183216	Precuneus_L	2154	0	194	0	0	0	0	0	0	0	0	0	0	0	0	0	0	0	478	0	0	0	0	0	0	0	0	0	132	0	0	0	3062	428	7746	1030	2450	0	1852	0	0	0	8636	0	13480	1258	2432	0	11306	712	11920	0	764	0	196	0	1442	0	9188	432	498	0	212	0	302	0	0	3902	3340	0	0	0	0	0	0	0	0	0	0	0	0	0	0	0	1550	0	0	0	258	0	0	0	0	0	0	0	110	0	0	0	0	0	0	0	0	0	0	0	0	0	144	0	0	0	0	0	
324992	Precuneus_R	0	1770	0	2318	0	0	0	1228	0	0	0	1252	0	264	0	0	0	250	200	8158	0	0	0	98	0	0	0	0	0	1976	0	0	254	7734	552	20028	206	10858	0	9852	0	0	0	10908	574	14074	0	4972	0	16866	0	6272	0	1468	0	6478	0	4278	0	5956	0	1592	0	1070	0	1326	3902	0	518	4954	0	0	0	240	0	0	0	0	0	0	0	1122	0	0	0	4000	0	0	0	4602	0	0	0	0	0	0	0	0	0	0	0	0	0	0	0	0	0	0	0	0	326	0	0	0	0	0	
66076	Paracentral_Lobule_L	7298	0	966	174	0	0	160	0	0	0	0	0	0	0	0	0	0	0	4758	1176	0	0	0	0	0	0	0	0	0	0	0	0	4524	534	1634	100	0	0	0	0	0	0	0	0	872	0	0	0	208	0	1920	0	0	0	0	0	1994	0	1040	0	802	0	0	0	350	0	3340	518	0	670	0	0	0	0	0	0	0	0	0	0	0	0	0	0	0	0	0	0	0	0	0	0	0	0	0	0	0	0	0	0	0	0	0	0	0	0	0	0	0	0	0	0	0	0	0	0	
57696	Paracentral_Lobule_R	0	1006	0	0	0	0	0	0	0	0	0	0	0	0	0	0	0	0	314	6834	0	0	0	0	0	0	0	0	0	0	0	0	0	5164	0	1466	0	466	0	460	0	0	0	270	0	148	0	0	0	1290	0	442	0	0	0	192	0	3694	0	598	0	306	0	0	0	204	0	4954	670	0	0	0	0	0	0	0	0	0	0	0	0	206	0	0	0	164	0	0	0	0	0	0	0	0	0	0	0	0	0	0	0	0	0	0	0	0	0	0	0	0	0	0	0	0	0	0	
386872	Caudate_L	4316	1056	11586	11802	10488	1288	11020	2176	2516	96	4068	536	1158	2086	2206	228	614	108	6536	10554	6356	7052	4718	6150	1360	1558	4848	1200	9102	1344	10522	5174	0	3386	0	0	0	206	0	0	0	0	0	0	0	0	0	0	0	0	0	0	0	0	0	0	118	152	0	0	0	0	0	0	0	0	0	0	0	0	0	15196	12448	3594	1240	2648	9412	760	454	0	0	0	0	0	0	0	0	0	0	0	0	0	0	0	0	0	0	0	0	0	0	0	0	0	0	0	0	0	0	0	0	0	0	0	0	0	
472148	Caudate_R	670	796	996	35402	498	7894	1660	2764	0	2044	2050	2330	192	1498	180	1852	328	522	682	29664	4800	8250	508	17414	190	12966	1024	3908	3440	4062	4638	21538	0	384	0	0	0	98	0	0	0	0	0	0	0	0	0	0	0	0	0	0	0	0	0	0	0	0	0	0	0	0	0	0	0	0	0	0	0	0	15196	0	1216	23470	96	4528	352	15874	100	0	0	0	0	0	0	0	0	0	0	0	0	0	0	0	0	0	0	0	0	0	0	0	0	0	0	0	0	0	0	0	0	0	0	0	0	0	
370592	Putamen_L	5792	446	29190	1858	8394	290	7132	914	2662	0	1730	310	524	224	8878	0	1272	0	23884	1528	1362	718	2906	1718	0	212	3612	298	25626	248	1466	876	0	602	0	98	6054	258	2066	0	650	0	0	0	0	0	0	0	0	0	134	0	0	0	664	0	2298	0	0	0	1090	0	0	0	0	0	0	0	0	0	12448	1216	0	632	10380	110	5836	906	1904	0	632	0	1930	0	0	0	0	0	1318	0	0	0	0	0	0	0	0	0	0	0	0	0	0	0	0	0	0	0	0	0	0	0	0	0	0	0	
378092	Putamen_R	310	166	978	27356	204	9542	1066	4024	0	4078	0	4040	0	2882	0	5282	0	1142	640	17948	1486	3012	328	9262	0	7934	476	2668	408	22018	1818	9154	0	414	0	144	0	7526	0	1242	0	1146	0	0	0	0	0	0	0	0	0	0	0	0	0	1428	0	0	0	0	0	0	0	0	0	0	0	240	0	0	3594	23470	632	0	0	3752	290	5554	0	0	0	222	0	266	0	0	0	0	0	904	0	0	0	0	0	0	0	0	0	0	0	0	0	0	0	0	0	0	0	0	0	0	0	0	0	0	
67016	Pallidum_L	950	110	8020	362	0	0	1068	116	0	0	188	0	0	0	0	0	0	0	7576	356	0	0	0	124	0	0	0	0	116	0	0	0	0	0	0	0	450	0	558	0	0	0	0	0	0	0	0	0	0	0	0	0	0	0	0	0	316	0	0	0	234	0	0	0	0	0	0	0	0	0	1240	96	10380	0	0	0	1120	128	0	0	0	0	0	0	0	0	0	0	0	0	0	0	0	0	0	0	0	0	0	0	0	0	0	0	0	0	0	0	0	0	0	0	0	0	0	0	
46616	Pallidum_R	0	0	212	3702	0	0	0	0	0	0	0	0	0	0	0	0	0	0	194	1526	1562	2700	0	0	0	0	136	140	0	0	1014	782	0	0	0	0	0	0	0	0	0	0	0	0	0	0	0	0	0	0	0	0	0	0	0	0	0	0	0	0	0	0	0	0	0	0	0	0	0	0	2648	4528	110	3752	0	0	0	302	0	0	0	0	0	0	0	0	0	0	0	0	0	0	0	0	0	0	0	0	0	0	0	0	0	0	0	0	0	0	0	0	0	0	0	0	0	0	
148660	Thalamus_L	686	634	18818	2850	0	0	386	476	0	0	0	160	0	0	0	0	0	0	17468	5422	0	0	184	212	0	0	0	0	336	0	0	0	0	1764	0	708	1794	702	972	274	0	0	0	0	0	0	0	0	0	0	0	0	0	0	0	148	976	0	0	0	452	0	0	0	0	0	0	0	0	0	9412	352	5836	290	1120	0	0	1898	0	0	0	0	0	0	0	0	0	0	0	0	0	0	0	0	0	0	0	0	0	0	0	0	0	0	0	0	0	0	0	0	0	0	0	0	0	0	
176904	Thalamus_R	548	1824	1776	19326	0	0	568	2690	0	0	0	2572	0	0	0	0	0	0	1244	24864	0	132	0	0	0	0	0	0	136	206	0	0	0	0	0	362	374	3404	138	1392	0	0	0	0	0	0	0	0	0	0	0	0	0	0	0	666	266	0	0	0	142	0	0	0	0	0	0	0	0	0	760	15874	906	5554	128	302	1898	0	0	0	0	0	0	0	0	0	0	0	0	400	0	0	0	0	0	0	0	0	0	0	0	0	0	0	0	0	0	0	0	0	0	0	0	0	0	0	
82900	Heschl_L	1448	0	2670	572	0	0	2108	0	0	0	1476	0	766	112	0	0	2706	0	400	238	0	0	300	490	0	0	0	0	9722	0	306	228	0	170	0	0	200	0	100	0	0	0	112	0	0	0	708	0	0	0	2856	0	256	0	334	0	1934	0	0	0	350	0	452	0	346	0	0	0	0	0	454	100	1904	0	0	0	0	0	0	0	2544	0	0	0	3840	0	0	0	1248	0	0	0	0	0	0	0	0	0	0	0	0	0	0	0	0	0	0	0	0	0	0	0	0	0	0	0	
14216	Heschl_R	0	0	0	0	0	0	0	0	0	0	0	186	0	0	0	0	0	734	0	0	0	0	0	0	0	0	0	0	0	522	0	0	0	0	0	0	0	164	0	0	0	0	0	0	0	0	0	0	0	0	0	0	0	0	0	144	0	0	0	0	0	96	0	334	0	0	0	0	0	0	0	0	0	0	0	0	0	0	0	0	0	3714	0	284	0	548	0	0	0	382	0	0	0	0	0	0	0	0	0	0	0	0	0	0	0	0	0	0	0	0	0	0	0	0	0	0	
152208	Temporal_Sup_L	452	0	678	0	0	0	230	0	0	0	2146	0	794	0	264	0	5496	0	354	0	0	0	166	0	0	0	0	0	6074	0	0	0	0	0	0	0	3108	0	188	0	0	0	0	0	0	0	312	0	0	0	2434	0	168	0	1798	0	2694	0	654	0	1882	0	5634	0	3786	0	0	0	0	0	0	0	632	0	0	0	0	0	2544	0	0	0	3756	0	19704	0	168	0	9988	0	0	0	0	0	0	0	0	0	0	0	0	0	0	0	0	0	0	0	0	0	0	0	0	0	0	0	
78788	Temporal_Sup_R	0	360	0	0	0	0	0	168	0	0	0	0	0	0	0	0	0	1592	0	474	0	0	0	0	0	0	0	0	0	1618	0	0	0	368	0	220	0	1040	0	616	0	0	0	0	0	0	0	0	0	140	0	306	0	0	0	1036	0	198	0	0	0	340	0	4938	0	2650	0	1122	0	206	0	0	0	222	0	0	0	0	0	3714	0	0	0	3054	0	12232	0	208	0	2572	0	0	0	0	0	0	0	0	0	0	0	0	0	0	0	0	0	0	0	0	0	0	0	0	0	0	
62276	Temporal_Pole_Sup_L	0	0	1028	0	154	0	180	0	0	0	1166	0	1132	0	1586	0	476	0	558	108	248	0	156	138	0	0	0	0	3090	0	0	0	0	128	0	0	552	0	1126	0	172	0	0	0	0	0	0	0	0	0	0	0	0	0	2300	0	0	0	0	0	0	0	0	0	0	0	0	0	0	0	0	0	1930	0	0	0	0	0	0	0	3756	0	0	0	3984	0	4344	0	2826	0	0	0	0	0	0	0	0	0	0	0	0	0	0	0	0	0	0	0	0	0	0	0	0	0	0	0	
43044	Temporal_Pole_Sup_R	0	0	0	0	0	0	0	0	0	0	0	148	0	0	0	0	0	194	0	0	0	280	0	0	0	0	0	0	0	722	0	0	0	0	0	0	0	1064	0	3076	0	1840	0	0	0	0	0	0	0	0	0	0	0	0	0	4828	0	0	0	0	0	0	0	0	0	0	0	0	0	0	0	0	0	266	0	0	0	0	0	284	0	3054	0	0	0	830	0	4184	0	752	0	0	0	0	0	0	0	0	0	0	0	0	0	0	0	0	0	0	0	0	0	0	0	0	0	0	
323048	Temporal_Mid_L	772	0	102	0	0	0	122	0	0	0	120	0	0	0	0	0	2392	0	0	0	0	0	0	0	0	0	0	0	850	0	0	0	0	0	260	0	836	0	114	0	0	0	780	0	2092	0	2680	0	520	0	26860	0	1878	0	3204	0	2972	0	3756	0	8992	0	8186	0	16698	0	1550	0	0	0	0	0	0	0	0	0	0	0	3840	0	19704	0	3984	0	0	0	5712	0	42548	0	0	0	0	0	0	0	0	0	0	0	0	0	0	0	0	0	0	0	0	0	0	0	0	0	0	0	
167104	Temporal_Mid_R	0	170	0	412	0	0	0	118	0	0	0	0	0	0	0	0	0	0	0	1224	0	0	0	0	0	0	0	0	0	240	0	0	0	898	0	686	0	2900	0	1480	0	0	0	2382	0	578	0	886	0	2652	0	11282	0	412	0	4036	0	144	0	0	0	1290	0	7054	0	6510	0	4000	0	164	0	0	0	0	0	0	0	0	0	548	0	12232	0	830	0	0	0	918	0	19506	0	0	0	0	0	0	0	0	0	0	0	0	0	0	0	0	0	0	0	0	0	0	0	0	0	0	
39652	Temporal_Pole_Mid_L	0	0	0	0	0	0	0	0	0	0	0	0	0	0	0	0	0	0	0	0	0	0	0	0	0	0	0	0	0	0	0	0	0	0	0	0	0	0	916	0	0	0	0	0	0	0	0	0	0	0	0	0	0	0	2844	0	0	0	0	0	0	0	0	0	0	0	0	0	0	0	0	0	0	0	0	0	0	0	0	0	168	0	4344	0	5712	0	0	0	5842	0	0	0	0	0	0	0	0	0	0	0	0	0	0	0	0	0	0	0	0	0	0	0	0	0	0	0	
27996	Temporal_Pole_Mid_R	0	0	0	0	0	0	0	0	0	0	0	0	0	0	0	0	0	0	0	0	0	0	0	0	0	0	0	0	0	0	0	0	0	0	0	0	0	348	0	1858	0	204	0	0	0	0	0	0	0	0	0	0	0	0	0	4566	0	0	0	0	0	0	0	0	0	0	0	0	0	0	0	0	0	0	0	0	0	0	0	0	0	208	0	4184	0	918	0	0	0	1712	0	0	0	0	0	0	0	0	0	0	0	0	0	0	0	0	0	0	0	0	0	0	0	0	0	0	
225928	Temporal_Inf_L	246	0	0	0	0	0	0	0	0	0	0	0	0	0	0	0	868	0	0	0	0	0	0	0	0	0	0	0	2690	0	0	0	0	0	0	0	6276	0	956	0	1268	0	166	0	908	0	920	0	0	0	6292	0	2404	0	8870	0	2012	0	1688	0	2866	0	4062	0	5776	0	258	0	0	0	0	0	1318	0	0	0	0	0	1248	0	9988	0	2826	0	42548	0	5842	0	0	0	506	0	0	0	0	0	0	0	162	0	0	0	0	0	0	0	0	0	0	0	0	0	0	0	0	0	
179956	Temporal_Inf_R	0	414	0	342	0	0	0	342	0	0	0	298	0	0	0	0	0	0	0	704	0	0	0	0	0	0	0	0	0	806	0	0	0	420	0	2122	122	15716	0	6114	0	652	0	684	0	528	0	3418	0	510	0	880	0	3088	0	18410	0	154	0	0	0	0	0	2592	0	832	0	4602	0	0	0	0	0	904	0	0	0	400	0	382	0	2572	0	752	0	19506	0	1712	0	0	0	0	0	0	0	0	0	0	0	0	0	0	0	0	0	0	0	0	0	0	0	0	0	0	0	0	
250180	Cerebelum_Crus1_L	0	0	0	0	0	0	0	0	0	0	0	0	0	0	0	0	0	0	0	0	0	0	0	0	0	0	0	0	0	0	0	0	0	0	0	0	0	0	0	0	0	0	0	0	0	0	1444	134	0	0	0	0	0	0	8548	0	0	0	0	0	0	0	0	0	0	0	0	0	0	0	0	0	0	0	0	0	0	0	0	0	0	0	0	0	0	0	0	0	506	0	0	286	20094	1148	876	0	14032	0	39642	194	10052	0	15598	0	4704	0	750	0	0	0	564	1286	3812	860	560	0	
325252	Cerebelum_Crus1_R	0	0	0	0	0	0	0	0	0	0	0	0	0	0	0	0	0	0	0	0	0	0	0	0	0	0	0	0	0	0	0	0	0	0	0	0	0	0	0	0	0	0	0	0	0	0	0	1958	0	0	0	0	0	0	0	3386	0	0	0	0	0	0	0	0	0	0	0	0	0	0	0	0	0	0	0	0	0	0	0	0	0	0	0	0	0	0	0	0	0	0	286	0	152	22278	0	5550	182	17538	226	45980	0	4792	0	30552	0	5716	0	2054	0	3240	4642	2352	9516	1340	886	0	
236712	Cerebelum_Crus2_L	0	0	0	0	0	0	0	0	0	0	0	0	0	0	0	0	0	0	0	0	0	0	0	0	0	0	0	0	0	0	0	0	0	0	0	0	0	0	0	0	0	0	0	0	0	0	108	0	0	0	0	0	0	0	106	0	0	0	0	0	0	0	0	0	0	0	0	0	0	0	0	0	0	0	0	0	0	0	0	0	0	0	0	0	0	0	0	0	0	0	20094	152	0	7136	0	0	246	0	3048	0	32064	4096	29176	2022	6414	0	0	0	0	0	106	296	7838	4780	674	0	
241408	Cerebelum_Crus2_R	0	0	0	0	0	0	0	0	0	0	0	0	0	0	0	0	0	0	0	0	0	0	0	0	0	0	0	0	0	0	0	0	0	0	0	0	0	0	0	0	0	0	0	0	0	0	0	0	0	0	0	0	0	0	140	0	0	0	0	0	0	0	0	0	0	0	0	0	0	0	0	0	0	0	0	0	0	0	0	0	0	0	0	0	0	0	0	0	0	0	1148	22278	7136	0	0	0	0	190	378	3288	3952	22648	2076	34660	0	5618	0	200	0	98	272	336	11404	4298	584	0	
13636	Cerebelum_3_L	0	0	0	0	0	0	0	0	0	0	0	0	0	0	0	0	0	0	0	0	0	0	0	0	0	0	0	0	0	0	0	0	0	0	0	0	0	0	0	0	0	0	0	0	0	0	432	0	0	0	0	0	0	0	0	0	0	0	0	0	0	0	0	0	0	0	0	0	0	0	0	0	0	0	0	0	0	0	0	0	0	0	0	0	0	0	0	0	0	0	876	0	0	0	0	0	2938	0	1108	0	0	0	0	0	412	0	0	0	590	332	130	0	0	0	0	0	
51420	Cerebelum_3_R	0	0	0	0	0	0	0	0	0	0	0	0	0	0	0	0	0	0	0	0	0	0	0	0	0	0	0	0	0	0	0	0	0	0	0	0	0	0	0	0	0	0	0	0	0	0	0	0	0	0	0	0	0	0	0	1102	0	0	0	0	0	0	0	0	0	0	0	0	0	0	0	0	0	0	0	0	0	0	0	0	0	0	0	0	0	0	0	0	0	0	0	5550	0	0	0	0	0	7430	0	7668	0	0	0	0	0	620	0	0	414	2804	122	0	0	0	0	0	
163832	Cerebelum_4_5_L	0	0	0	0	0	0	0	0	0	0	0	0	0	0	0	0	0	0	0	0	0	0	0	0	0	0	0	0	0	0	0	0	0	0	0	0	142	0	144	0	0	0	172	0	0	0	5124	224	0	0	0	0	0	0	13780	0	0	0	0	0	0	0	0	0	0	0	110	0	0	0	0	0	0	0	0	0	0	0	0	0	0	0	0	0	0	0	0	0	0	0	14032	182	246	0	2938	0	0	330	29558	492	136	0	696	0	4368	304	1230	0	0	320	4824	1092	110	268	822	272	
158640	Cerebelum_4_5_R	0	0	0	0	0	0	0	0	0	0	0	0	0	0	0	0	0	0	0	0	0	0	0	0	0	0	0	0	0	0	0	0	0	0	0	0	0	0	0	166	0	0	0	0	0	0	0	2628	0	0	0	0	0	0	0	8574	0	0	0	0	0	0	0	0	0	0	0	0	0	0	0	0	0	0	0	0	0	0	0	0	0	0	0	0	0	0	0	0	0	0	0	17538	0	190	0	7430	330	0	0	27234	0	0	0	224	142	0	0	116	0	4426	9404	434	484	0	0	0	
253136	Cerebelum_6_L	0	0	0	0	0	0	0	0	0	0	0	0	0	0	0	0	0	0	0	0	0	0	0	0	0	0	0	0	0	0	0	0	0	0	0	0	0	0	0	0	0	0	0	0	0	0	7868	570	0	0	0	0	372	0	20428	0	0	0	0	0	0	0	0	0	0	0	0	0	0	0	0	0	0	0	0	0	0	0	0	0	0	0	0	0	0	0	0	0	162	0	39642	226	3048	378	1108	0	29558	0	0	582	4504	0	6494	0	2436	0	948	0	0	118	2024	2580	2558	602	362	0	
286900	Cerebelum_6_R	0	0	0	0	0	0	0	0	0	0	0	0	0	0	0	0	0	0	0	0	0	0	0	0	0	0	0	0	0	0	0	0	0	0	0	0	0	0	0	0	0	0	0	0	0	0	0	5520	0	0	0	0	0	0	0	10232	0	0	0	0	0	0	0	0	0	0	0	0	0	0	0	0	0	0	0	0	0	0	0	0	0	0	0	0	0	0	0	0	0	0	194	45980	0	3288	0	7668	492	27234	582	0	0	594	0	9512	0	1698	0	2166	0	4612	10138	4924	6020	1556	1040	0	
209352	Cerebelum_7b_L	0	0	0	0	0	0	0	0	0	0	0	0	0	0	0	0	0	0	0	0	0	0	0	0	0	0	0	0	0	0	0	0	0	0	0	0	0	0	0	0	0	0	0	0	0	0	0	0	0	0	0	0	0	0	0	0	0	0	0	0	0	0	0	0	0	0	0	0	0	0	0	0	0	0	0	0	0	0	0	0	0	0	0	0	0	0	0	0	0	0	10052	0	32064	3952	0	0	136	0	4504	0	0	3772	30634	3298	4986	0	384	0	0	0	108	158	3932	6056	640	0	
140700	Cerebelum_7b_R	0	0	0	0	0	0	0	0	0	0	0	0	0	0	0	0	0	0	0	0	0	0	0	0	0	0	0	0	0	0	0	0	0	0	0	0	0	0	0	0	0	0	0	0	0	0	0	0	0	0	0	0	0	0	0	0	0	0	0	0	0	0	0	0	0	0	0	0	0	0	0	0	0	0	0	0	0	0	0	0	0	0	0	0	0	0	0	0	0	0	0	4792	4096	22648	0	0	0	0	0	594	3772	0	2276	22210	0	3180	0	0	0	0	0	208	2018	4380	176	0	
235896	Cerebelum_8_L	0	0	0	0	0	0	0	0	0	0	0	0	0	0	0	0	0	0	0	0	0	0	0	0	0	0	0	0	0	0	0	0	0	0	0	0	0	0	0	0	0	0	0	0	0	0	0	0	0	0	0	0	0	0	0	0	0	0	0	0	0	0	0	0	0	0	0	0	0	0	0	0	0	0	0	0	0	0	0	0	0	0	0	0	0	0	0	0	0	0	15598	0	29176	2076	0	0	696	0	6494	0	30634	2276	0	3582	15334	264	1080	0	0	0	276	248	2650	6028	1536	0	
278072	Cerebelum_8_R	0	0	0	0	0	0	0	0	0	0	0	0	0	0	0	0	0	0	0	0	0	0	0	0	0	0	0	0	0	0	0	0	0	0	0	0	0	0	0	0	0	0	0	0	0	0	0	0	0	0	0	0	0	0	0	0	0	0	0	0	0	0	0	0	0	0	0	0	0	0	0	0	0	0	0	0	0	0	0	0	0	0	0	0	0	0	0	0	0	0	0	30552	2022	34660	0	0	0	224	0	9512	3298	22210	3582	0	0	18452	0	278	0	0	296	1060	6070	5508	1312	0	
94336	Cerebelum_9_L	0	0	0	0	0	0	0	0	0	0	0	0	0	0	0	0	0	0	0	0	0	0	0	0	0	0	0	0	0	0	0	0	0	0	0	0	0	0	0	0	0	0	0	0	0	0	0	0	0	0	0	0	0	0	112	0	0	0	0	0	0	0	0	0	0	0	0	0	0	0	0	0	0	0	0	0	0	0	0	0	0	0	0	0	0	0	0	0	0	0	4704	0	6414	0	412	0	4368	142	2436	0	4986	0	15334	0	0	232	3458	0	0	0	2272	328	168	496	1034	272	
96512	Cerebelum_9_R	0	0	0	0	0	0	0	0	0	0	0	0	0	0	0	0	0	0	0	0	0	0	0	0	0	0	0	0	0	0	0	0	0	0	0	0	0	0	0	0	0	0	0	0	0	0	0	0	0	0	0	0	0	0	0	0	0	0	0	0	0	0	0	0	0	0	0	0	0	0	0	0	0	0	0	0	0	0	0	0	0	0	0	0	0	0	0	0	0	0	0	5716	0	5618	0	620	304	0	0	1698	0	3180	264	18452	232	0	0	1086	848	1082	1200	1600	1318	1754	2516	768	
17584	Cerebelum_10_L	0	0	0	0	0	0	0	0	0	0	0	0	0	0	0	0	0	0	0	0	0	0	0	0	0	0	0	0	0	0	0	0	0	0	0	0	0	0	0	0	0	0	0	0	0	0	0	0	0	0	0	0	0	0	0	0	0	0	0	0	0	0	0	0	0	0	0	0	0	0	0	0	0	0	0	0	0	0	0	0	0	0	0	0	0	0	0	0	0	0	750	0	0	0	0	0	1230	0	948	0	384	0	1080	0	3458	0	0	0	0	0	744	0	0	0	198	0	
12792	Cerebelum_10_R	0	0	0	0	0	0	0	0	0	0	0	0	0	0	0	0	0	0	0	0	0	0	0	0	0	0	0	0	0	0	0	0	0	0	0	0	0	0	0	0	0	0	0	0	0	0	0	0	0	0	0	0	0	0	0	0	0	0	0	0	0	0	0	0	0	0	0	0	0	0	0	0	0	0	0	0	0	0	0	0	0	0	0	0	0	0	0	0	0	0	0	2054	0	200	0	0	0	116	0	2166	0	0	0	278	0	1086	0	0	0	0	0	0	496	0	0	0	
10476	Vermis_1_2	0	0	0	0	0	0	0	0	0	0	0	0	0	0	0	0	0	0	0	0	0	0	0	0	0	0	0	0	0	0	0	0	0	0	0	0	0	0	0	0	0	0	0	0	0	0	0	0	0	0	0	0	0	0	0	0	0	0	0	0	0	0	0	0	0	0	0	0	0	0	0	0	0	0	0	0	0	0	0	0	0	0	0	0	0	0	0	0	0	0	0	0	0	0	590	414	0	0	0	0	0	0	0	0	0	848	0	0	0	3098	106	0	0	0	0	182	
47424	Vermis_3	0	0	0	0	0	0	0	0	0	0	0	0	0	0	0	0	0	0	0	0	0	0	0	0	0	0	0	0	0	0	0	0	0	0	0	0	0	0	0	0	0	0	0	0	0	0	0	0	0	0	0	0	0	0	0	1104	0	0	0	0	0	0	0	0	0	0	0	0	0	0	0	0	0	0	0	0	0	0	0	0	0	0	0	0	0	0	0	0	0	0	0	3240	0	98	332	2804	320	4426	118	4612	0	0	0	0	0	1082	0	0	3098	0	2116	0	188	0	0	174	
111760	Vermis_4_5	0	0	0	0	0	0	0	0	0	0	0	0	0	0	0	0	0	0	0	0	0	0	0	0	0	0	0	0	0	0	0	0	0	0	148	238	186	272	0	190	0	0	238	0	0	0	256	2474	0	0	0	0	0	0	406	4126	0	0	0	0	0	0	0	0	0	0	144	326	0	0	0	0	0	0	0	0	0	0	0	0	0	0	0	0	0	0	0	0	0	0	564	4642	106	272	130	122	4824	9404	2024	10138	108	0	276	296	2272	1200	744	0	106	2116	0	3598	752	890	1592	700	
69052	Vermis_6	0	0	0	0	0	0	0	0	0	0	0	0	0	0	0	0	0	0	0	0	0	0	0	0	0	0	0	0	0	0	0	0	0	0	0	0	0	0	0	0	0	0	0	0	0	0	784	3262	0	0	0	0	0	0	304	610	0	0	0	0	0	0	0	0	0	0	0	0	0	0	0	0	0	0	0	0	0	0	0	0	0	0	0	0	0	0	0	0	0	0	1286	2352	296	336	0	0	1092	434	2580	4924	158	208	248	1060	328	1600	0	0	0	0	3598	0	3816	2486	2106	658	
146100	Vermis_7	0	0	0	0	0	0	0	0	0	0	0	0	0	0	0	0	0	0	0	0	0	0	0	0	0	0	0	0	0	0	0	0	0	0	0	0	0	0	0	0	0	0	0	0	0	0	334	922	0	0	0	0	0	0	318	0	0	0	0	0	0	0	0	0	0	0	0	0	0	0	0	0	0	0	0	0	0	0	0	0	0	0	0	0	0	0	0	0	0	0	3812	9516	7838	11404	0	0	110	484	2558	6020	3932	2018	2650	6070	168	1318	0	496	0	188	752	3816	0	5430	2896	0	
101704	Vermis_8	0	0	0	0	0	0	0	0	0	0	0	0	0	0	0	0	0	0	0	0	0	0	0	0	0	0	0	0	0	0	0	0	0	0	0	0	0	0	0	0	0	0	0	0	0	0	0	0	0	0	0	0	0	0	0	0	0	0	0	0	0	0	0	0	0	0	0	0	0	0	0	0	0	0	0	0	0	0	0	0	0	0	0	0	0	0	0	0	0	0	860	1340	4780	4298	0	0	268	0	602	1556	6056	4380	6028	5508	496	1754	0	0	0	0	890	2486	5430	0	4120	0	
46748	Vermis_9	0	0	0	0	0	0	0	0	0	0	0	0	0	0	0	0	0	0	0	0	0	0	0	0	0	0	0	0	0	0	0	0	0	0	0	0	0	0	0	0	0	0	0	0	0	0	0	0	0	0	0	0	0	0	0	0	0	0	0	0	0	0	0	0	0	0	0	0	0	0	0	0	0	0	0	0	0	0	0	0	0	0	0	0	0	0	0	0	0	0	560	886	674	584	0	0	822	0	362	1040	640	176	1536	1312	1034	2516	198	0	0	0	1592	2106	2896	4120	0	320	
6692	Vermis_10	0	0	0	0	0	0	0	0	0	0	0	0	0	0	0	0	0	0	0	0	0	0	0	0	0	0	0	0	0	0	0	0	0	0	0	0	0	0	0	0	0	0	0	0	0	0	0	0	0	0	0	0	0	0	0	0	0	0	0	0	0	0	0	0	0	0	0	0	0	0	0	0	0	0	0	0	0	0	0	0	0	0	0	0	0	0	0	0	0	0	0	0	0	0	0	0	272	0	0	0	0	0	0	0	272	768	0	0	182	174	700	658	0	0	320	0	
