data	data	380276	296452	1.16491e+06	1.13264e+06	124820	82060	513348	228500	98588	24360	281340	107344	249196	116472	155440	56024	197416	95120	638184	1.05768e+06	78232	100044	410064	321460	23328	83320	60732	94620	657840	242232	362272	426676	131784	490504	186904	194064	307808	339216	92992	180996	34416	54432	205748	261348	141808	318220	196000	252056	127540	273320	405572	268824	85416	86940	337024	371732	297332	171132	170792	98348	219172	99116	116288	86880	110952	114208	241260	434412	238272	226456	448900	420364	465904	320336	74548	44564	182700	277968	55744	30288	158512	108680	77620	47168	395820	196508	30256	27408	227184	180876	398424	309164	362412	302676	26676	74172	232188	207428	339264	328828	272828	154728	293732	255992	101324	126488	34752	19876	15932	48984	237728	151188	179576	167520	91988	26172	
data	data	Precentral_L	Precentral_R	Frontal_Sup_L	Frontal_Sup_R	Frontal_Sup_Orb_L	Frontal_Sup_Orb_R	Frontal_Mid_L	Frontal_Mid_R	Frontal_Mid_Orb_L	Frontal_Mid_Orb_R	Frontal_Inf_Oper_L	Frontal_Inf_Oper_R	Frontal_Inf_Tri_L	Frontal_Inf_Tri_R	Frontal_Inf_Orb_L	Frontal_Inf_Orb_R	Rolandic_Oper_L	Rolandic_Oper_R	Supp_Motor_Area_L	Supp_Motor_Area_R	Olfactory_L	Olfactory_R	Frontal_Sup_Medial_L	Frontal_Sup_Medial_R	Frontal_Med_Orb_L	Frontal_Med_Orb_R	Rectus_L	Rectus_R	Insula_L	Insula_R	Cingulum_Ant_L	Cingulum_Ant_R	Cingulum_Mid_L	Cingulum_Mid_R	Cingulum_Post_L	Cingulum_Post_R	Hippocampus_L	Hippocampus_R	ParaHippocampal_L	ParaHippocampal_R	Amygdala_L	Amygdala_R	Calcarine_L	Calcarine_R	Cuneus_L	Cuneus_R	Lingual_L	Lingual_R	Occipital_Sup_L	Occipital_Sup_R	Occipital_Mid_L	Occipital_Mid_R	Occipital_Inf_L	Occipital_Inf_R	Fusiform_L	Fusiform_R	Postcentral_L	Postcentral_R	Parietal_Sup_L	Parietal_Sup_R	Parietal_Inf_L	Parietal_Inf_R	SupraMarginal_L	SupraMarginal_R	Angular_L	Angular_R	Precuneus_L	Precuneus_R	Paracentral_Lobule_L	Paracentral_Lobule_R	Caudate_L	Caudate_R	Putamen_L	Putamen_R	Pallidum_L	Pallidum_R	Thalamus_L	Thalamus_R	Heschl_L	Heschl_R	Temporal_Sup_L	Temporal_Sup_R	Temporal_Pole_Sup_L	Temporal_Pole_Sup_R	Temporal_Mid_L	Temporal_Mid_R	Temporal_Pole_Mid_L	Temporal_Pole_Mid_R	Temporal_Inf_L	Temporal_Inf_R	Cerebelum_Crus1_L	Cerebelum_Crus1_R	Cerebelum_Crus2_L	Cerebelum_Crus2_R	Cerebelum_3_L	Cerebelum_3_R	Cerebelum_4_5_L	Cerebelum_4_5_R	Cerebelum_6_L	Cerebelum_6_R	Cerebelum_7b_L	Cerebelum_7b_R	Cerebelum_8_L	Cerebelum_8_R	Cerebelum_9_L	Cerebelum_9_R	Cerebelum_10_L	Cerebelum_10_R	Vermis_1_2	Vermis_3	Vermis_4_5	Vermis_6	Vermis_7	Vermis_8	Vermis_9	Vermis_10	
380276	Precentral_L	0	4742	12322	8852	0	0	13366	0	0	0	7174	0	1630	0	0	0	9006	0	5786	7094	0	0	380	0	0	0	0	0	14982	0	0	0	0	1282	534	226	5034	0	1372	0	0	0	620	0	0	0	0	0	772	0	6168	0	202	0	2088	0	27672	134	284	0	3194	0	3028	122	0	0	712	144	21256	1118	1416	1394	4298	0	998	0	4722	1328	2166	0	1714	0	0	0	7560	0	0	0	3246	0	0	0	0	0	0	0	0	0	0	0	0	0	0	0	0	0	0	0	0	0	0	0	0	0	0	0	
296452	Precentral_R	4742	0	5304	30282	0	0	0	7802	0	0	0	7212	0	270	0	0	0	2168	5348	7876	0	0	184	0	0	0	0	0	212	2498	496	206	894	404	1566	1020	870	5354	200	2024	0	0	0	1644	376	310	242	266	202	350	290	724	0	544	290	3308	726	10944	0	246	0	1758	0	3380	0	124	132	3490	5336	2062	5006	1066	1706	1312	1324	122	3340	1990	126	372	0	1620	0	0	0	2548	0	0	0	4018	0	0	0	0	0	0	0	0	0	0	0	0	0	0	0	0	0	0	0	0	0	0	0	0	0	0	
1.16491e+06	Frontal_Sup_L	12322	5304	0	26310	8414	0	85794	2382	6274	0	25086	0	23462	424	11124	0	11518	0	79636	33010	346	0	49378	4940	328	0	200	0	53020	0	25284	9812	3482	12166	0	0	1654	0	530	0	0	0	0	0	0	0	0	0	0	0	0	0	0	0	0	0	6164	362	0	0	0	126	122	224	0	0	0	0	1042	0	28394	2862	36250	194	5480	398	4938	416	828	0	1108	0	1348	0	0	0	0	0	0	0	0	0	0	0	0	0	0	0	0	0	0	0	0	0	0	0	0	0	0	0	0	0	0	0	0	0	
1.13264e+06	Frontal_Sup_R	8852	30282	26310	0	0	5124	452	37498	0	1530	7702	4040	0	6198	0	2860	138	5460	23216	118012	0	818	5570	41520	0	3292	0	2464	4744	7592	5752	33674	2310	22404	2720	1482	2398	6090	724	1828	0	208	0	146	486	0	572	322	204	210	302	196	0	0	410	1060	1150	1450	0	0	682	378	650	1072	0	278	186	704	8158	238	18308	40996	3700	19808	1364	2854	4642	28894	0	364	0	768	0	252	158	958	0	0	0	1138	0	0	0	0	0	0	0	0	0	0	0	0	0	0	0	0	0	0	0	0	0	0	0	0	0	0	
124820	Frontal_Sup_Orb_L	0	0	8414	0	0	0	1752	0	11872	0	132	0	1686	0	9724	0	0	0	162	0	1398	318	3552	0	3580	222	6532	190	3554	0	5338	0	0	0	0	0	0	0	0	0	148	0	0	0	0	0	0	0	0	0	0	0	0	0	0	0	0	0	0	0	0	0	0	0	0	0	0	0	0	0	792	0	2540	0	0	0	0	0	0	0	0	0	504	0	0	0	0	0	0	0	0	0	0	0	0	0	0	0	0	0	0	0	0	0	0	0	0	0	0	0	0	0	0	0	0	0	
82060	Frontal_Sup_Orb_R	0	0	0	5124	0	0	0	1078	0	3662	0	0	0	398	0	4260	0	0	0	176	282	2038	0	1386	0	5536	140	7222	0	2664	0	900	0	0	0	0	0	0	0	0	0	0	0	0	0	0	0	0	0	0	0	0	0	0	0	0	0	0	0	0	0	0	0	0	0	0	0	0	0	0	574	1970	490	2966	0	0	0	164	0	0	0	0	0	0	0	0	0	0	0	0	0	0	0	0	0	0	0	0	0	0	0	0	0	0	0	0	0	0	0	0	0	0	0	0	0	0	
513348	Frontal_Mid_L	13366	0	85794	452	1752	0	0	0	4378	0	10912	0	33964	0	8892	0	9140	0	12932	404	0	0	18568	1508	0	0	0	0	29660	0	3604	318	850	704	0	0	1924	0	710	0	0	0	0	0	0	0	0	0	0	0	0	0	0	0	0	0	2306	0	0	0	0	0	120	0	0	0	0	0	0	0	1794	0	9450	0	634	0	1070	0	166	0	590	0	422	0	290	0	0	0	0	0	0	0	0	0	0	0	0	0	0	0	0	0	0	0	0	0	0	0	0	0	0	0	0	0	0	0	
228500	Frontal_Mid_R	0	7802	2382	37498	0	1078	0	0	0	1422	394	6694	0	16514	0	2298	0	476	2394	6294	0	0	154	3742	0	0	0	178	242	4232	210	1370	0	1168	782	748	624	2744	0	472	0	0	0	0	0	0	176	0	0	0	0	0	0	0	0	344	130	500	0	0	0	0	0	202	0	0	0	0	0	0	908	2638	194	5346	138	198	360	1030	0	0	0	0	0	0	0	0	0	0	0	174	0	0	0	0	0	0	0	0	0	0	0	0	0	0	0	0	0	0	0	0	0	0	0	0	0	0	
98588	Frontal_Mid_Orb_L	0	0	6274	0	11872	0	4378	0	0	0	206	0	3258	0	16824	0	0	0	726	0	0	0	460	0	486	0	1222	0	2262	0	0	0	0	0	0	0	0	0	0	0	0	0	0	0	0	0	0	0	0	0	0	0	0	0	0	0	0	0	0	0	0	0	0	0	0	0	0	0	0	0	0	0	608	0	0	0	0	0	0	0	0	0	718	0	0	0	0	0	0	0	0	0	0	0	0	0	0	0	0	0	0	0	0	0	0	0	0	0	0	0	0	0	0	0	0	0	
24360	Frontal_Mid_Orb_R	0	0	0	1530	0	3662	0	1422	0	0	0	0	0	238	0	4436	0	0	0	0	0	0	0	0	0	272	0	620	0	0	0	0	0	0	0	0	0	0	0	0	0	0	0	0	0	0	0	0	0	0	0	0	0	0	0	0	0	0	0	0	0	0	0	0	0	0	0	0	0	0	0	0	0	0	0	0	0	0	0	0	0	0	0	0	0	0	0	0	0	0	0	0	0	0	0	0	0	0	0	0	0	0	0	0	0	0	0	0	0	0	0	0	0	0	0	0	
281340	Frontal_Inf_Oper_L	7174	0	25086	7702	132	0	10912	394	206	0	0	0	14386	294	384	0	8796	0	4382	8132	0	0	2084	990	0	0	0	0	27538	0	2504	4554	424	5946	0	0	0	0	0	0	0	0	0	0	0	0	0	0	0	0	0	0	0	0	0	0	2670	0	0	0	0	0	0	0	0	0	0	0	0	0	2072	554	1890	0	0	0	0	0	0	0	602	0	862	0	0	0	0	0	0	0	0	0	0	0	0	0	0	0	0	0	0	0	0	0	0	0	0	0	0	0	0	0	0	0	0	0	
107344	Frontal_Inf_Oper_R	0	7212	0	4040	0	0	0	6694	0	0	0	0	0	7460	0	0	0	5464	0	2008	0	0	0	0	0	0	0	0	0	10142	0	0	0	0	272	156	266	1258	0	730	0	0	0	0	0	0	0	0	0	0	0	0	0	0	0	426	0	1074	0	0	0	0	0	124	0	0	0	0	0	0	0	0	0	3894	0	274	0	638	0	154	0	460	0	0	0	418	0	0	0	508	0	0	0	0	0	0	0	0	0	0	0	0	0	0	0	0	0	0	0	0	0	0	0	0	0	0	
249196	Frontal_Inf_Tri_L	1630	0	23462	0	1686	0	33964	0	3258	0	14386	0	0	0	8582	0	2746	0	5074	0	0	0	2584	0	0	0	0	0	22458	0	1236	0	0	0	0	0	126	0	0	0	0	0	0	0	0	0	0	0	0	0	0	0	0	0	0	0	544	0	0	0	0	0	0	0	0	0	0	0	0	0	480	0	1662	0	0	0	0	0	0	0	274	0	446	0	0	0	0	0	0	0	0	0	0	0	0	0	0	0	0	0	0	0	0	0	0	0	0	0	0	0	0	0	0	0	0	0	
116472	Frontal_Inf_Tri_R	0	270	424	6198	0	398	0	16514	0	238	294	7460	0	0	0	4592	0	1400	0	2032	0	0	0	218	0	0	0	184	0	10212	0	284	0	486	180	130	170	770	0	334	0	0	0	0	0	0	0	0	0	0	0	0	0	0	0	188	0	0	0	0	0	0	0	0	0	0	0	0	0	0	0	426	0	4368	0	0	0	466	0	0	0	0	0	0	0	0	0	0	0	0	0	0	0	0	0	0	0	0	0	0	0	0	0	0	0	0	0	0	0	0	0	0	0	0	0	0	
155440	Frontal_Inf_Orb_L	0	0	11124	0	9724	0	8892	0	16824	0	384	0	8582	0	0	0	0	0	1408	0	1124	0	1056	0	0	0	1134	0	10742	0	280	0	0	0	0	0	176	0	0	0	296	0	0	0	0	0	0	0	0	0	0	0	0	0	0	0	0	0	0	0	0	0	0	0	0	0	0	0	0	0	376	0	3750	0	0	0	0	0	0	0	0	0	1848	0	0	0	0	0	0	0	0	0	0	0	0	0	0	0	0	0	0	0	0	0	0	0	0	0	0	0	0	0	0	0	0	0	
56024	Frontal_Inf_Orb_R	0	0	0	2860	0	4260	0	2298	0	4436	0	0	0	4592	0	0	0	0	0	214	0	884	0	0	0	0	0	1480	0	5108	0	0	0	0	0	0	0	0	0	0	0	0	0	0	0	0	0	0	0	0	0	0	0	0	0	0	0	0	0	0	0	0	0	0	0	0	0	0	0	0	198	560	178	944	0	0	0	0	0	0	0	0	0	0	0	0	0	0	0	0	0	0	0	0	0	0	0	0	0	0	0	0	0	0	0	0	0	0	0	0	0	0	0	0	0	0	
197416	Rolandic_Oper_L	9006	0	11518	138	0	0	9140	0	0	0	8796	0	2746	0	0	0	0	0	3634	126	0	0	852	0	0	0	0	0	28034	0	0	0	0	0	0	0	480	0	0	0	0	0	0	0	0	0	0	0	0	0	250	0	0	0	144	0	7724	0	0	0	354	0	2414	0	270	0	0	0	492	0	234	0	1560	0	0	0	358	0	3164	0	5256	0	418	0	1218	0	0	0	382	0	0	0	0	0	0	0	0	0	0	0	0	0	0	0	0	0	0	0	0	0	0	0	0	0	0	0	
95120	Rolandic_Oper_R	0	2168	0	5460	0	0	0	476	0	0	0	5464	0	1400	0	0	0	0	0	4290	0	0	0	0	0	0	0	0	0	8526	0	0	0	0	466	344	464	1212	0	1010	0	0	0	0	0	368	0	192	0	462	0	460	0	0	0	432	0	2836	0	0	0	0	0	1650	0	0	0	2038	0	524	0	0	0	1720	0	0	0	608	0	1770	0	2092	0	762	0	156	0	0	0	210	0	0	0	0	0	0	0	0	0	0	0	0	0	0	0	0	0	0	0	0	0	0	0	0	0	0	
638184	Supp_Motor_Area_L	5786	5348	79636	23216	162	0	12932	2394	726	0	4382	0	5074	0	1408	0	3634	0	0	43910	0	0	19652	2570	0	0	0	0	13726	0	9316	4202	6588	13924	470	308	736	128	0	0	0	0	0	0	0	0	0	0	0	0	0	0	0	0	0	0	2814	378	0	0	0	138	0	260	0	0	0	0	3766	0	21346	2136	16472	0	5370	416	4084	278	598	0	440	0	368	0	0	0	0	0	0	0	0	0	0	0	0	0	0	0	0	0	0	0	0	0	0	0	0	0	0	0	0	0	0	0	0	0	
1.05768e+06	Supp_Motor_Area_R	7094	7876	33010	118012	0	176	404	6294	0	0	8132	2008	0	2032	0	214	126	4290	43910	0	0	0	5062	12744	0	0	0	0	4912	4750	4620	23230	6420	51464	2668	7428	1106	2632	398	934	0	204	0	2382	266	4154	184	664	0	2266	0	2678	0	638	124	706	1066	3180	0	322	670	534	638	760	0	422	450	13376	10066	23290	15358	32810	2092	9406	256	3914	984	27010	0	390	0	948	0	200	0	2334	0	0	0	2150	0	0	0	0	0	0	0	0	0	0	0	0	0	0	0	0	0	0	0	0	0	0	0	0	0	0	
78232	Olfactory_L	0	0	346	0	1398	282	0	0	0	0	0	0	0	0	1124	0	0	0	0	0	0	5498	154	0	244	852	3320	1626	2926	182	2930	2350	0	0	0	0	398	0	216	0	804	0	0	0	0	0	0	0	0	0	0	0	0	0	0	0	0	0	0	0	0	0	0	0	0	0	0	0	0	0	7086	2246	3854	984	0	0	0	0	0	0	0	0	296	0	0	0	0	0	0	0	0	0	0	0	0	0	0	0	0	0	0	0	0	0	0	0	0	0	0	0	0	0	0	0	0	0	
100044	Olfactory_R	0	0	0	818	318	2038	0	0	0	0	0	0	0	0	0	884	0	0	0	0	5498	0	126	0	126	1352	2042	4246	0	2868	2430	3256	0	0	0	0	0	0	0	0	0	0	0	0	0	0	0	0	0	0	0	0	0	0	0	0	0	0	0	0	0	0	0	0	0	0	0	0	0	0	8434	6934	5900	2560	192	0	0	0	0	0	0	0	0	0	0	0	0	0	0	0	0	0	0	0	0	0	0	0	0	0	0	0	0	0	0	0	0	0	0	0	0	0	0	0	0	0	
410064	Frontal_Sup_Medial_L	380	184	49378	5570	3552	0	18568	154	460	0	2084	0	2584	0	1056	0	852	0	19652	5062	154	126	0	13462	1154	0	728	0	7904	0	35734	9340	3696	9328	0	0	0	0	0	0	0	0	0	0	0	0	0	0	0	0	0	0	0	0	0	0	120	0	0	0	0	0	0	0	0	0	0	0	0	0	5810	520	7210	0	0	0	210	0	0	0	0	0	0	0	0	0	0	0	0	0	0	0	0	0	0	0	0	0	0	0	0	0	0	0	0	0	0	0	0	0	0	0	0	0	0	0	
321460	Frontal_Sup_Medial_R	0	0	4940	41520	0	1386	1508	3742	0	0	990	0	0	218	0	0	0	0	2570	12744	0	0	13462	0	0	3958	0	1456	540	0	4688	25998	270	16290	128	0	126	198	0	0	0	0	0	0	0	0	0	0	0	0	0	0	0	0	0	0	0	0	0	0	0	0	0	0	0	0	0	0	0	0	1308	14182	158	7486	0	208	0	656	0	0	0	0	0	0	0	0	0	0	0	0	0	0	0	0	0	0	0	0	0	0	0	0	0	0	0	0	0	0	0	0	0	0	0	0	0	0	
23328	Frontal_Med_Orb_L	0	0	328	0	3580	0	0	0	486	0	0	0	0	0	0	0	0	0	0	0	244	126	1154	0	0	594	2088	176	0	0	2664	224	0	0	0	0	0	0	0	0	0	0	0	0	0	0	0	0	0	0	0	0	0	0	0	0	0	0	0	0	0	0	0	0	0	0	0	0	0	0	0	0	0	0	0	0	0	0	0	0	0	0	0	0	0	0	0	0	0	0	0	0	0	0	0	0	0	0	0	0	0	0	0	0	0	0	0	0	0	0	0	0	0	0	0	0	
83320	Frontal_Med_Orb_R	0	0	0	3292	222	5536	0	0	0	272	0	0	0	0	0	0	0	0	0	0	852	1352	0	3958	594	0	744	10850	0	0	1174	5314	0	0	0	0	0	0	0	0	0	0	0	0	0	0	0	0	0	0	0	0	0	0	0	0	0	0	0	0	0	0	0	0	0	0	0	0	0	0	744	3424	272	3060	0	0	0	0	0	0	0	0	0	0	0	0	0	0	0	0	0	0	0	0	0	0	0	0	0	0	0	0	0	0	0	0	0	0	0	0	0	0	0	0	0	0	
60732	Rectus_L	0	0	200	0	6532	140	0	0	1222	0	0	0	0	0	1134	0	0	0	0	0	3320	2042	728	0	2088	744	0	1064	674	0	4192	1258	0	0	0	0	0	0	0	0	142	0	0	0	0	0	0	0	0	0	0	0	0	0	0	0	0	0	0	0	0	0	0	0	0	0	0	0	0	0	3024	540	1046	276	0	0	0	0	0	0	0	0	0	0	0	0	0	0	0	0	0	0	0	0	0	0	0	0	0	0	0	0	0	0	0	0	0	0	0	0	0	0	0	0	0	0	
94620	Rectus_R	0	0	0	2464	190	7222	0	178	0	620	0	0	0	184	0	1480	0	0	0	0	1626	4246	0	1456	176	10850	1064	0	0	1650	930	4070	0	0	0	0	0	0	0	0	0	0	0	0	0	0	0	0	0	0	0	0	0	0	0	0	0	0	0	0	0	0	0	0	0	0	0	0	0	0	1790	3756	974	2384	0	0	0	0	0	0	0	0	0	0	0	0	0	0	0	0	0	0	0	0	0	0	0	0	0	0	0	0	0	0	0	0	0	0	0	0	0	0	0	0	0	0	
657840	Insula_L	14982	212	53020	4744	3554	0	29660	242	2262	0	27538	0	22458	0	10742	0	28034	0	13726	4912	2926	0	7904	540	0	0	674	0	0	0	6814	2200	284	2676	154	0	10570	0	2144	0	2416	0	0	0	0	0	0	0	0	0	402	0	0	0	3246	0	7134	0	0	0	272	0	618	0	0	0	0	0	394	0	5374	418	31680	0	140	0	1956	0	6038	0	6090	0	5044	0	2148	0	0	0	2436	0	0	0	0	0	0	0	0	0	142	0	0	0	0	0	0	0	0	0	0	0	0	0	0	0	0	0	
242232	Insula_R	0	2498	0	7592	0	2664	0	4232	0	0	0	10142	0	10212	0	5108	0	8526	0	4750	182	2868	0	0	0	0	0	1650	0	0	0	0	0	0	824	732	790	8312	0	3922	0	754	0	0	0	0	126	158	0	0	0	0	0	136	0	3754	0	406	0	0	0	0	0	150	0	0	0	318	0	148	424	1218	376	20792	0	1204	382	2190	0	2290	0	5964	0	868	0	1614	0	0	0	2840	0	0	0	0	0	0	0	0	0	0	0	0	0	0	0	0	0	0	0	0	0	0	0	0	0	0	
362272	Cingulum_Ant_L	0	496	25284	5752	5338	0	3604	210	0	0	2504	0	1236	0	280	0	0	0	9316	4620	2930	2430	35734	4688	2664	1174	4192	930	6814	0	0	17444	5100	5504	602	0	0	0	0	0	0	0	0	0	0	0	0	0	0	0	0	0	0	0	0	0	0	0	0	0	0	0	0	0	0	0	0	0	0	0	14574	2340	13904	1044	0	0	428	0	0	0	0	0	0	0	0	0	0	0	0	0	0	0	0	0	0	0	0	0	0	0	0	0	0	0	0	0	0	0	0	0	0	0	0	0	0	0	
426676	Cingulum_Ant_R	0	206	9812	33674	0	900	318	1370	0	0	4554	0	0	284	0	0	0	0	4202	23230	2350	3256	9340	25998	224	5314	1258	4070	2200	0	17444	0	1830	21834	0	0	0	0	0	0	0	0	0	0	0	0	0	0	0	0	0	0	0	0	0	0	0	0	0	0	0	0	0	0	0	0	0	0	0	0	5822	19340	2810	11062	0	352	0	284	0	0	0	0	0	0	0	0	0	0	0	0	0	0	0	0	0	0	0	0	0	0	0	0	0	0	0	0	0	0	0	0	0	0	0	0	0	0	
131784	Cingulum_Mid_L	0	894	3482	2310	0	0	850	0	0	0	424	0	0	0	0	0	0	0	6588	6420	0	0	3696	270	0	0	0	0	284	0	5100	1830	0	13006	3500	562	0	0	0	0	0	0	0	0	2408	986	0	0	1962	188	1524	0	0	0	0	0	0	0	1020	0	0	0	0	0	0	0	3292	1612	2498	948	238	0	0	0	0	0	0	0	0	0	0	0	0	0	0	0	0	0	0	0	0	0	0	0	0	0	0	0	0	0	0	0	0	0	0	0	0	0	0	0	0	0	0	0	0	0	
490504	Cingulum_Mid_R	1282	404	12166	22404	0	0	704	1168	0	0	5946	0	0	486	0	0	0	0	13924	51464	0	0	9328	16290	0	0	0	0	2676	0	5504	21834	13006	0	2500	8332	0	0	0	0	0	0	0	2962	156	6460	0	608	0	1818	0	1804	0	420	0	0	0	1458	0	376	0	0	0	0	0	0	1190	13870	3926	14588	2304	2154	0	336	0	0	0	0	0	0	0	0	0	0	0	888	0	0	0	516	0	0	0	0	0	0	0	0	0	0	0	0	0	0	0	0	0	0	0	0	0	0	0	0	0	0	
186904	Cingulum_Post_L	534	1566	0	2720	0	0	0	782	0	0	0	272	0	180	0	0	0	466	470	2668	0	0	0	128	0	0	0	0	154	824	602	0	3500	2500	0	14594	11088	5642	1540	1564	0	0	2478	336	2150	394	3998	452	136	0	752	0	1156	0	3328	368	132	186	0	0	0	0	0	0	0	0	5930	2844	2974	1466	132	0	0	446	0	0	3620	6682	188	0	0	0	0	0	652	0	0	0	448	284	0	0	0	0	0	0	0	0	0	0	0	0	0	0	0	0	0	0	0	0	126	0	0	0	0	0	
194064	Cingulum_Post_R	226	1020	0	1482	0	0	0	748	0	0	0	156	0	130	0	0	0	344	308	7428	0	0	0	0	0	0	0	0	0	732	0	0	562	8332	14594	0	5804	7354	668	1730	0	0	0	2730	296	2552	1684	1718	0	300	158	318	704	878	2210	1366	0	284	0	0	0	0	0	0	0	0	2046	11550	1188	4820	122	0	0	430	0	0	2552	4636	0	0	0	0	0	0	0	470	0	0	198	1624	0	0	0	0	0	0	0	152	0	0	0	0	0	0	0	0	0	0	0	0	428	0	0	0	0	0	
307808	Hippocampus_L	5034	870	1654	2398	0	0	1924	624	0	0	0	266	126	170	176	0	480	464	736	1106	398	0	0	126	0	0	0	0	10570	790	0	0	0	0	11088	5804	0	4474	16380	1162	6132	0	1828	0	0	0	7036	166	0	0	1250	0	236	0	14340	314	1080	182	128	0	152	0	0	0	0	0	2648	500	278	0	968	588	9738	414	244	0	9462	7798	832	0	1684	0	2010	0	5122	0	344	0	9502	162	582	0	0	0	0	0	316	0	908	0	0	0	0	0	0	0	0	0	0	140	0	0	0	0	0	0	
339216	Hippocampus_R	0	5354	0	6090	0	0	0	2744	0	0	0	1258	0	770	0	0	0	1212	128	2632	0	0	0	198	0	0	0	0	0	8312	0	0	0	0	5642	7354	4474	0	552	25856	0	7544	0	358	0	308	1470	2874	0	0	0	0	0	620	0	28746	0	524	0	0	0	0	0	0	0	0	0	2938	0	212	368	0	0	13310	0	2118	2526	7456	0	796	0	3460	0	750	0	2708	0	492	0	16094	0	0	0	0	0	0	0	464	0	550	0	0	0	0	0	0	0	0	0	0	346	0	0	0	0	0	
92992	ParaHippocampal_L	1372	200	530	724	0	0	710	0	0	0	0	0	0	0	0	0	0	0	0	398	216	0	0	0	0	0	0	0	2144	0	0	0	0	0	1540	668	16380	552	0	0	1500	0	178	0	0	0	3412	0	0	0	0	0	0	0	3772	0	260	0	0	0	0	0	0	0	0	0	212	0	0	0	0	174	2858	0	0	0	3906	1508	0	0	0	0	356	0	192	0	0	0	614	0	286	0	0	0	262	0	810	0	584	0	0	0	0	0	0	0	0	0	0	178	0	0	0	0	0	0	
180996	ParaHippocampal_R	0	2024	0	1828	0	0	0	472	0	0	0	730	0	334	0	0	0	1010	0	934	0	0	0	0	0	0	0	0	0	3922	0	0	0	0	1564	1730	1162	25856	0	0	0	3922	0	412	0	0	408	3008	0	0	0	0	0	0	0	19028	0	400	0	0	0	0	0	0	0	0	0	1196	0	0	0	0	0	4702	0	1306	550	2450	0	534	0	1424	0	1742	0	584	0	1174	0	3922	0	202	0	0	0	0	0	1122	0	846	0	0	0	0	0	0	0	0	0	0	0	0	0	0	0	0	
34416	Amygdala_L	0	0	0	0	148	0	0	0	0	0	0	0	0	0	296	0	0	0	0	0	804	0	0	0	0	0	142	0	2416	0	0	0	0	0	0	0	6132	0	1500	0	0	0	0	0	0	0	0	0	0	0	0	0	0	0	2662	0	0	0	0	0	0	0	0	0	0	0	0	0	0	0	0	0	250	0	0	0	374	0	0	0	0	0	988	0	480	0	202	0	814	0	0	0	0	0	0	0	0	0	0	0	0	0	0	0	0	0	0	0	0	0	0	0	0	0	0	0	
54432	Amygdala_R	0	0	0	208	0	0	0	0	0	0	0	0	0	0	0	0	0	0	0	204	0	0	0	0	0	0	0	0	0	754	0	0	0	0	0	0	0	7544	0	3922	0	0	0	0	0	0	0	0	0	0	0	0	0	0	0	5662	0	0	0	0	0	0	0	0	0	0	0	0	0	0	0	208	0	896	0	0	0	398	0	0	0	0	0	2726	0	638	0	1078	0	2978	0	0	0	0	0	0	0	0	0	0	0	0	0	0	0	0	0	0	0	0	0	0	0	0	0	0	
205748	Calcarine_L	620	0	0	0	0	0	0	0	0	0	0	0	0	0	0	0	0	0	0	0	0	0	0	0	0	0	0	0	0	0	0	0	0	0	2478	0	1828	0	178	0	0	0	0	7190	8044	4440	8462	2728	6302	3814	23134	1606	4706	198	4900	322	858	0	528	0	334	0	0	0	0	0	13626	164	2908	0	0	0	0	0	0	0	0	0	0	0	0	0	0	0	2748	0	0	0	380	0	0	0	0	0	0	0	0	0	0	0	0	0	0	0	0	0	0	0	0	0	378	0	0	0	0	0	
261348	Calcarine_R	0	1644	0	146	0	0	0	0	0	0	0	0	0	0	0	0	0	0	0	2382	0	0	0	0	0	0	0	0	0	0	0	0	0	2962	336	2730	0	358	0	412	0	0	7190	0	3686	17224	338	16368	0	16308	0	15604	0	5616	0	5822	0	1016	0	0	0	0	0	0	0	126	232	18154	208	2988	0	0	0	0	0	0	0	0	0	0	0	0	0	0	0	6224	0	0	0	2180	0	0	0	0	0	0	0	244	0	0	0	0	0	0	0	0	0	0	0	0	176	0	0	0	0	0	
141808	Cuneus_L	0	376	0	486	0	0	0	0	0	0	0	0	0	0	0	0	0	0	0	266	0	0	0	0	0	0	0	0	0	0	0	0	2408	156	2150	296	0	0	0	0	0	0	8044	3686	0	7878	162	1206	11382	4856	7748	748	256	236	260	878	694	0	716	0	0	0	0	0	0	0	9374	628	5216	0	0	0	0	0	0	0	0	0	0	0	0	0	0	0	646	152	0	0	0	0	0	0	0	0	0	0	0	0	0	0	0	0	0	0	0	0	0	0	0	0	0	0	0	0	0	0	
318220	Cuneus_R	0	310	0	0	0	0	0	0	0	0	0	0	0	0	0	0	0	368	0	4154	0	0	0	0	0	0	0	0	0	0	0	0	986	6460	394	2552	0	308	0	0	0	0	4440	17224	7878	0	0	5274	0	32672	0	10858	0	1032	0	2490	0	3360	0	6726	0	624	0	0	0	764	5874	34384	224	8078	0	0	0	0	0	0	0	0	0	0	0	0	0	0	0	1308	0	0	0	368	0	0	0	0	0	0	0	0	0	0	0	0	0	0	0	0	0	0	0	0	0	0	0	0	0	0	
196000	Lingual_L	0	242	0	572	0	0	0	176	0	0	0	0	0	0	0	0	0	0	0	184	0	0	0	0	0	0	0	0	0	126	0	0	0	0	3998	1684	7036	1470	3412	408	0	0	8462	338	162	0	0	730	1078	0	6692	0	5010	0	14070	138	0	0	0	0	0	0	0	0	0	0	4512	0	0	0	0	0	124	0	0	0	2306	1836	0	0	0	0	0	0	0	0	0	0	0	0	8328	216	1700	222	0	0	7754	0	11364	332	0	0	0	0	0	0	0	0	0	0	1132	1654	532	0	0	0	
252056	Lingual_R	0	266	0	322	0	0	0	0	0	0	0	0	0	0	0	0	0	192	0	664	0	0	0	0	0	0	0	0	0	158	0	0	0	608	452	1718	166	2874	0	3008	0	0	2728	16368	1206	5274	730	0	0	6278	0	3436	0	3704	178	14766	0	162	0	0	0	0	0	0	0	0	0	6174	0	470	0	0	0	178	0	0	0	370	0	0	0	0	0	0	0	600	0	0	0	518	1792	4372	1048	1720	0	460	686	7994	2080	8622	0	0	214	546	0	476	0	0	0	166	9750	7988	2744	640	490	672	
127540	Occipital_Sup_L	772	202	0	204	0	0	0	0	0	0	0	0	0	0	0	0	0	0	0	0	0	0	0	0	0	0	0	0	0	0	0	0	1962	0	136	0	0	0	0	0	0	0	6302	0	11382	0	1078	0	0	0	20832	0	694	0	378	0	628	0	6922	0	456	0	0	0	0	0	8374	0	2600	0	0	0	0	0	0	0	0	0	0	0	0	0	0	0	622	0	0	0	226	0	0	0	0	0	0	0	0	0	0	0	0	0	0	0	0	0	0	0	0	0	0	0	0	0	0	0	
273320	Occipital_Sup_R	0	350	0	210	0	0	0	0	0	0	0	0	0	0	0	0	0	462	0	2266	0	0	0	0	0	0	0	0	0	0	0	0	188	1818	0	300	0	0	0	0	0	0	3814	16308	4856	32672	0	6278	0	0	0	23506	0	1662	0	3298	0	1814	0	5172	0	3024	0	708	0	5866	560	13786	0	3994	0	0	0	0	0	0	0	0	0	0	0	346	0	0	0	3126	0	0	0	276	0	0	0	0	0	0	0	0	0	0	0	0	0	0	0	0	0	0	0	0	0	0	0	0	0	0	
405572	Occipital_Mid_L	6168	290	0	302	0	0	0	0	0	0	0	0	0	0	0	0	250	0	0	0	0	0	0	0	0	0	0	0	402	0	0	0	1524	0	752	158	1250	0	0	0	0	0	23134	0	7748	0	6692	0	20832	0	0	0	12796	0	7000	0	8080	0	15330	0	14656	0	374	0	13152	0	10868	0	9798	0	0	0	298	0	0	0	0	0	734	0	610	0	0	0	31828	0	0	0	7596	0	0	0	0	0	0	0	0	0	0	0	0	0	0	0	0	0	0	0	0	0	164	0	0	0	0	0	
268824	Occipital_Mid_R	0	724	0	196	0	0	0	0	0	0	0	0	0	0	0	0	0	460	0	2678	0	0	0	0	0	0	0	0	0	0	0	0	0	1804	0	318	0	0	0	0	0	0	1606	15604	748	10858	0	3436	0	23506	0	0	0	8402	0	3788	0	2682	0	2314	0	4712	0	494	0	17066	0	11416	0	5344	0	0	0	0	0	0	0	0	0	0	0	550	0	0	0	14894	0	0	0	812	0	0	0	0	0	0	0	0	0	0	0	0	0	0	0	0	0	0	0	0	0	0	0	0	0	0	
85416	Occipital_Inf_L	202	0	0	0	0	0	0	0	0	0	0	0	0	0	0	0	0	0	0	0	0	0	0	0	0	0	0	0	0	0	0	0	0	0	1156	704	236	0	0	0	0	0	4706	0	256	0	5010	0	694	0	12796	0	0	0	10512	0	340	0	250	0	242	0	0	0	0	0	1862	288	144	0	0	0	0	0	0	0	0	0	0	0	0	0	0	0	1046	0	0	0	2082	0	0	0	0	0	0	0	0	0	182	0	0	0	0	0	0	0	0	0	0	0	0	0	0	0	0	0	
86940	Occipital_Inf_R	0	544	0	0	0	0	0	0	0	0	0	0	0	0	0	0	0	0	0	638	0	0	0	0	0	0	0	0	0	136	0	0	0	420	0	878	0	620	0	0	0	0	198	5616	236	1032	0	3704	0	1662	0	8402	0	0	0	7534	0	318	0	0	0	0	0	0	0	0	0	2234	0	854	0	0	0	0	0	0	0	0	0	0	0	0	0	0	0	3426	0	0	0	4508	0	0	0	0	0	0	0	176	0	334	0	0	0	0	0	0	0	0	0	0	0	0	0	0	0	0	
337024	Fusiform_L	2088	290	0	410	0	0	0	0	0	0	0	0	0	0	0	0	144	0	0	124	0	0	0	0	0	0	0	0	3246	0	0	0	0	0	3328	2210	14340	0	3772	0	2662	0	4900	0	260	0	14070	178	378	0	7000	0	10512	0	0	0	436	0	212	0	300	0	222	0	0	0	2830	322	792	0	0	0	1610	0	0	0	848	216	664	0	1090	0	2874	0	4444	0	1852	0	14680	0	20046	222	3422	240	528	0	9080	0	24240	272	2352	0	2060	0	0	0	0	0	0	0	1694	690	362	0	0	0	
371732	Fusiform_R	0	3308	0	1060	0	0	0	344	0	0	0	426	0	188	0	0	0	432	0	706	0	0	0	0	0	0	0	0	0	3754	0	0	0	0	368	1366	314	28746	0	19028	0	5662	322	5822	878	2490	138	14766	0	3298	0	3788	0	7534	0	0	0	192	0	0	0	0	0	0	0	0	0	2028	0	240	0	0	0	3424	0	444	182	1234	0	630	0	2546	0	3252	0	1188	0	1798	0	16766	0	13202	0	1506	0	560	0	8868	0	18282	0	0	0	740	0	0	0	138	0	0	1936	1220	752	0	0	0	
297332	Postcentral_L	27672	726	6164	1150	0	0	2306	130	0	0	2670	0	544	0	0	0	7724	0	2814	1066	0	0	120	0	0	0	0	0	7134	0	0	0	0	0	132	0	1080	0	260	0	0	0	858	0	694	0	0	0	628	0	8080	0	340	0	436	0	0	260	10124	0	18270	170	13166	282	1118	0	5378	0	5208	0	1572	0	1936	0	136	0	530	0	2394	0	4034	0	0	0	7746	0	0	0	3614	0	0	0	0	0	0	0	0	0	0	0	0	0	0	0	0	0	0	0	0	0	0	0	0	0	0	0	
171132	Postcentral_R	134	10944	362	1450	0	0	0	500	0	0	0	1074	0	0	0	0	0	2836	378	3180	0	0	0	0	0	0	0	0	0	406	0	0	0	1458	186	284	182	524	0	400	0	0	0	1016	0	3360	0	162	0	1814	0	2682	0	318	0	192	260	0	0	5290	0	8376	0	14264	0	868	0	12124	0	7044	156	0	144	330	142	0	0	230	0	0	0	668	0	0	0	1468	0	0	0	360	0	0	0	0	0	0	0	0	0	0	0	0	0	0	0	0	0	0	0	0	0	0	0	0	0	0	
170792	Parietal_Sup_L	284	0	0	0	0	0	0	0	0	0	0	0	0	0	0	0	0	0	0	0	0	0	0	0	0	0	0	0	0	0	0	0	1020	0	0	0	128	0	0	0	0	0	528	0	716	0	0	0	6922	0	15330	0	250	0	212	0	10124	0	0	0	15590	0	322	0	2300	0	13648	0	4768	0	0	0	0	0	0	0	0	0	0	0	536	0	0	0	8624	0	0	0	4094	0	0	0	0	0	0	0	0	0	0	0	0	0	0	0	0	0	0	0	0	0	0	0	0	0	0	0	
98348	Parietal_Sup_R	0	246	0	0	0	0	0	0	0	0	0	0	0	0	0	0	0	0	0	322	0	0	0	0	0	0	0	0	0	0	0	0	0	376	0	0	0	0	0	0	0	0	0	0	0	6726	0	0	0	5172	0	2314	0	0	0	0	0	5290	0	0	0	6932	0	218	0	5158	684	13148	0	2284	0	0	0	0	0	0	0	0	0	0	0	148	0	0	0	156	0	0	0	0	0	0	0	0	0	0	0	0	0	0	0	0	0	0	0	0	0	0	0	0	0	0	0	0	0	0	
219172	Parietal_Inf_L	3194	0	0	682	0	0	0	0	0	0	0	0	0	0	0	0	354	0	0	670	0	0	0	0	0	0	0	0	272	0	0	0	0	0	0	0	152	0	0	0	0	0	334	0	0	0	0	0	456	0	14656	0	242	0	300	0	18270	0	15590	0	0	0	19700	0	11544	0	1310	0	454	0	190	0	224	0	0	0	0	0	0	0	3598	0	0	0	12950	0	0	0	4444	0	0	0	0	0	0	0	0	0	0	0	0	0	0	0	0	0	0	0	0	0	0	0	0	0	0	0	
99116	Parietal_Inf_R	0	1758	126	378	0	0	0	0	0	0	0	0	0	0	0	0	0	0	138	534	0	0	0	0	0	0	0	0	0	0	0	0	0	0	0	0	0	0	0	0	0	0	0	0	0	624	0	0	0	3024	0	4712	0	0	0	0	170	8376	0	6932	0	0	0	7252	0	11954	0	1974	0	778	0	0	0	0	0	0	0	0	0	0	0	372	0	0	0	456	0	0	0	0	0	0	0	0	0	0	0	0	0	0	0	0	0	0	0	0	0	0	0	0	0	0	0	0	0	0	
116288	SupraMarginal_L	3028	0	122	650	0	0	120	0	0	0	0	0	0	0	0	0	2414	0	0	638	0	0	0	0	0	0	0	0	618	0	0	0	0	0	0	0	0	0	0	0	0	0	0	0	0	0	0	0	0	0	374	0	0	0	222	0	13166	0	322	0	19700	0	0	0	4296	0	0	0	346	0	186	0	200	0	0	0	0	0	0	0	7922	0	0	0	3574	0	0	0	246	0	0	0	0	0	0	0	0	0	0	0	0	0	0	0	0	0	0	0	0	0	0	0	0	0	0	0	
86880	SupraMarginal_R	122	3380	224	1072	0	0	0	202	0	0	0	124	0	0	0	0	0	1650	260	760	0	0	0	0	0	0	0	0	0	150	0	0	0	0	0	0	0	0	0	0	0	0	0	0	0	0	0	0	0	708	0	494	0	0	0	0	282	14264	0	218	0	7252	0	0	0	3602	0	810	0	184	0	0	144	216	142	0	0	0	0	0	0	3534	0	0	0	3126	0	0	0	520	0	0	0	0	0	0	0	0	0	0	0	0	0	0	0	0	0	0	0	0	0	0	0	0	0	0	
110952	Angular_L	0	0	0	0	0	0	0	0	0	0	0	0	0	0	0	0	270	0	0	0	0	0	0	0	0	0	0	0	0	0	0	0	0	0	0	0	0	0	0	0	0	0	0	0	0	0	0	0	0	0	13152	0	0	0	0	0	1118	0	2300	0	11544	0	4296	0	0	0	206	0	180	0	0	0	0	0	0	0	0	0	0	0	3860	0	0	0	17212	0	0	0	1338	0	0	0	0	0	0	0	0	0	0	0	0	0	0	0	0	0	0	0	0	0	0	0	0	0	0	0	
114208	Angular_R	0	124	0	278	0	0	0	0	0	0	0	0	0	0	0	0	0	0	0	422	0	0	0	0	0	0	0	0	0	0	0	0	0	0	0	0	0	0	0	0	0	0	0	126	0	764	0	0	0	5866	0	17066	0	0	0	0	0	868	0	5158	0	11954	0	3602	0	0	0	1570	0	886	0	0	0	0	0	0	0	0	0	0	0	2276	0	0	0	6144	0	0	0	0	0	0	0	0	0	0	0	0	0	0	0	0	0	0	0	0	0	0	0	0	0	0	0	0	0	0	
241260	Precuneus_L	712	132	0	186	0	0	0	0	0	0	0	0	0	0	0	0	0	0	0	450	0	0	0	0	0	0	0	0	0	0	0	0	3292	1190	5930	2046	2648	0	212	0	0	0	13626	232	9374	5874	4512	0	8374	560	10868	0	1862	0	2830	0	5378	0	13648	684	1310	0	0	0	206	0	0	9092	8982	372	0	0	0	0	0	0	0	0	0	0	0	0	0	0	4498	0	0	0	1222	0	0	0	0	0	0	0	0	0	0	0	0	0	0	0	0	0	0	0	0	0	328	0	0	0	0	0	
434412	Precuneus_R	144	3490	0	704	0	0	0	0	0	0	0	0	0	0	0	0	0	2038	0	13376	0	0	0	0	0	0	0	0	0	318	0	0	1612	13870	2844	11550	500	2938	0	1196	0	0	164	18154	628	34384	0	6174	0	13786	0	11416	288	2234	322	2028	0	12124	0	13148	0	1974	0	810	0	1570	9092	0	822	22204	0	0	0	0	0	0	0	300	0	262	0	1452	0	0	0	6220	0	0	0	2090	0	0	0	0	0	0	0	478	0	0	0	0	0	0	0	0	0	0	0	0	502	0	0	0	0	0	
238272	Paracentral_Lobule_L	21256	5336	1042	8158	0	0	0	0	0	0	0	0	0	0	0	0	492	0	3766	10066	0	0	0	0	0	0	0	0	394	0	0	0	2498	3926	2974	1188	278	0	0	0	0	0	2908	208	5216	224	0	0	2600	0	9798	0	144	0	792	0	5208	0	4768	0	454	0	346	0	180	0	8982	822	0	3662	0	344	242	0	0	0	0	164	168	0	1040	0	0	0	6686	0	0	0	2806	0	0	0	0	0	0	0	0	0	0	0	0	0	0	0	0	0	0	0	0	0	0	0	0	0	0	0	
226456	Paracentral_Lobule_R	1118	2062	0	238	0	0	0	0	0	0	0	0	0	0	0	0	0	524	0	23290	0	0	0	0	0	0	0	0	0	148	0	0	948	14588	1466	4820	0	212	0	0	0	0	0	2988	0	8078	0	470	0	3994	0	5344	0	854	0	240	0	7044	0	2284	0	778	0	184	0	886	372	22204	3662	0	0	0	0	0	0	0	0	0	0	174	0	476	0	0	0	2530	0	0	0	1252	0	0	0	0	0	0	0	0	0	0	0	0	0	0	0	0	0	0	0	0	0	0	0	0	0	0	
448900	Caudate_L	1416	5006	28394	18308	792	574	1794	908	0	0	2072	0	480	0	376	198	234	0	21346	15358	7086	8434	5810	1308	0	744	3024	1790	5374	424	14574	5822	238	2304	132	122	968	368	0	0	0	0	0	0	0	0	0	0	0	0	0	0	0	0	0	0	1572	156	0	0	190	0	186	0	0	0	0	0	0	0	0	12836	28102	3122	5258	710	14106	2434	0	0	0	0	0	0	0	0	0	0	0	0	0	0	0	0	0	0	0	0	0	0	0	0	0	0	0	0	0	0	0	0	0	0	0	0	0	0	
420364	Caudate_R	1394	1066	2862	40996	0	1970	0	2638	0	0	554	0	0	426	0	560	0	0	2136	32810	2246	6934	520	14182	0	3424	540	3756	418	1218	2340	19340	0	2154	0	0	588	0	174	0	0	208	0	0	0	0	0	0	0	0	0	0	0	0	0	0	0	0	0	0	0	0	0	0	0	0	0	0	344	0	12836	0	5604	19022	242	2520	1838	22322	0	0	0	0	0	0	0	0	0	0	0	0	0	0	0	0	0	0	0	0	0	0	0	0	0	0	0	0	0	0	0	0	0	0	0	0	0	0	
465904	Putamen_L	4298	1706	36250	3700	2540	490	9450	194	608	0	1890	0	1662	0	3750	178	1560	0	16472	2092	3854	5900	7210	158	0	272	1046	974	31680	376	13904	2810	0	0	0	0	9738	0	2858	0	250	0	0	0	0	0	124	0	0	0	298	0	0	0	1610	0	1936	144	0	0	224	0	200	144	0	0	0	0	242	0	28102	5604	0	2346	9878	224	5788	0	646	0	1982	0	2220	0	1760	0	0	0	1472	0	0	0	0	0	0	0	0	0	138	0	0	0	0	0	0	0	0	0	0	0	0	0	0	0	0	0	
320336	Putamen_R	0	1312	194	19808	0	2966	0	5346	0	0	0	3894	0	4368	0	944	0	1720	0	9406	984	2560	0	7486	0	3060	276	2384	0	20792	1044	11062	0	336	446	430	414	13310	0	4702	0	896	0	0	0	0	0	178	0	0	0	0	0	0	0	3424	0	330	0	0	0	0	0	216	0	0	0	0	0	0	3122	19022	2346	0	198	4612	298	3526	0	240	0	342	0	0	0	500	0	0	0	1674	0	0	0	0	0	0	0	0	0	0	0	0	0	0	0	0	0	0	0	0	0	0	0	0	0	0	
74548	Pallidum_L	998	1324	5480	1364	0	0	634	138	0	0	0	0	0	0	0	0	0	0	5370	256	0	192	0	0	0	0	0	0	140	0	0	0	0	0	0	0	244	0	0	0	0	0	0	0	0	0	0	0	0	0	0	0	0	0	0	0	136	142	0	0	0	0	0	142	0	0	0	0	0	0	5258	242	9878	198	0	178	4772	188	0	0	0	0	0	0	0	0	0	0	0	0	0	0	0	0	0	0	0	0	0	0	0	0	0	0	0	0	0	0	0	0	0	0	0	0	0	0	
44564	Pallidum_R	0	122	398	2854	0	0	0	198	0	0	0	274	0	0	0	0	0	0	416	3914	0	0	0	208	0	0	0	0	0	1204	0	352	0	0	0	0	0	2118	0	1306	0	0	0	0	0	0	0	0	0	0	0	0	0	0	0	444	0	0	0	0	0	0	0	0	0	0	0	0	0	0	710	2520	224	4612	178	0	0	230	0	0	0	0	0	0	0	0	0	0	0	0	0	0	0	0	0	0	0	0	0	0	0	0	0	0	0	0	0	0	0	0	0	0	0	0	0	0	
182700	Thalamus_L	4722	3340	4938	4642	0	0	1070	360	0	0	0	0	0	0	0	0	358	0	4084	984	0	0	210	0	0	0	0	0	1956	382	428	0	0	0	3620	2552	9462	2526	3906	550	374	0	0	0	0	0	2306	0	0	0	0	0	0	0	848	182	530	0	0	0	0	0	0	0	0	0	0	0	0	0	14106	1838	5788	298	4772	0	0	8516	0	0	166	0	0	0	558	0	0	0	978	0	0	0	0	0	0	0	0	0	0	0	0	0	0	0	0	0	0	0	0	0	0	0	0	0	0	0	
277968	Thalamus_R	1328	1990	416	28894	0	164	0	1030	0	0	0	638	0	466	0	0	0	608	278	27010	0	0	0	656	0	0	0	0	0	2190	0	284	0	0	6682	4636	7798	7456	1508	2450	0	398	0	0	0	0	1836	370	0	0	0	0	0	0	216	1234	0	230	0	0	0	0	0	0	0	0	0	300	164	0	2434	22322	0	3526	188	230	8516	0	0	0	0	0	0	0	0	0	0	0	0	538	0	0	0	0	0	0	0	0	0	0	0	0	0	0	0	0	0	0	0	0	0	0	0	0	0	0	
55744	Heschl_L	2166	126	828	0	0	0	166	0	0	0	0	0	0	0	0	0	3164	0	598	0	0	0	0	0	0	0	0	0	6038	0	0	0	0	0	188	0	832	0	0	0	0	0	0	0	0	0	0	0	0	0	734	0	0	0	664	0	2394	0	0	0	0	0	0	0	0	0	0	0	168	0	0	0	646	0	0	0	0	0	0	0	4496	0	130	0	3564	0	0	0	970	0	0	0	0	0	0	0	0	0	0	0	0	0	0	0	0	0	0	0	0	0	0	0	0	0	0	0	
30288	Heschl_R	0	372	0	364	0	0	0	0	0	0	0	154	0	0	0	0	0	1770	0	390	0	0	0	0	0	0	0	0	0	2290	0	0	0	0	0	0	0	796	0	534	0	0	0	0	0	0	0	0	0	0	0	0	0	0	0	630	0	0	0	0	0	0	0	0	0	0	0	262	0	174	0	0	0	240	0	0	0	0	0	0	0	5614	0	594	0	430	0	0	0	530	0	0	0	0	0	0	0	0	0	0	0	0	0	0	0	0	0	0	0	0	0	0	0	0	0	0	
158512	Temporal_Sup_L	1714	0	1108	0	0	0	590	0	0	0	602	0	274	0	0	0	5256	0	440	0	0	0	0	0	0	0	0	0	6090	0	0	0	0	0	0	0	1684	0	0	0	0	0	0	0	0	0	0	0	0	0	610	0	0	0	1090	0	4034	0	536	0	3598	0	7922	0	3860	0	0	0	1040	0	0	0	1982	0	0	0	166	0	4496	0	0	0	3908	0	24634	0	0	0	3622	0	0	0	0	0	0	0	0	0	0	0	0	0	0	0	0	0	0	0	0	0	0	0	0	0	0	0	
108680	Temporal_Sup_R	0	1620	0	768	0	0	0	0	0	0	0	460	0	0	0	0	0	2092	0	948	0	0	0	0	0	0	0	0	0	5964	0	0	0	0	0	0	0	3460	0	1424	0	0	0	0	0	0	0	0	0	346	0	550	0	0	0	2546	0	668	0	148	0	372	0	3534	0	2276	0	1452	0	476	0	0	0	342	0	0	0	0	0	5614	0	0	0	2530	0	14096	0	396	0	2258	0	0	0	0	0	0	0	0	0	0	0	0	0	0	0	0	0	0	0	0	0	0	0	0	0	0	
77620	Temporal_Pole_Sup_L	0	0	1348	0	504	0	422	0	718	0	862	0	446	0	1848	0	418	0	368	0	296	0	0	0	0	0	0	0	5044	0	0	0	0	0	0	0	2010	0	356	0	988	0	0	0	0	0	0	0	0	0	0	0	0	0	2874	0	0	0	0	0	0	0	0	0	0	0	0	0	0	0	0	0	2220	0	0	0	0	0	130	0	3908	0	0	0	6674	0	3550	0	3826	0	0	0	0	0	0	0	0	0	0	0	0	0	0	0	0	0	0	0	0	0	0	0	0	0	0	0	
47168	Temporal_Pole_Sup_R	0	0	0	252	0	0	0	0	0	0	0	0	0	0	0	0	0	762	0	200	0	0	0	0	0	0	0	0	0	868	0	0	0	0	0	0	0	750	0	1742	0	2726	0	0	0	0	0	0	0	0	0	0	0	0	0	3252	0	0	0	0	0	0	0	0	0	0	0	0	0	0	0	0	0	0	0	0	0	0	0	594	0	2530	0	0	0	2408	0	5312	0	2188	0	0	0	0	0	0	0	0	0	0	0	0	0	0	0	0	0	0	0	0	0	0	0	0	0	0	
395820	Temporal_Mid_L	7560	0	0	158	0	0	290	0	0	0	0	0	0	0	0	0	1218	0	0	0	0	0	0	0	0	0	0	0	2148	0	0	0	0	0	652	0	5122	0	192	0	480	0	2748	0	646	0	0	0	622	0	31828	0	1046	0	4444	0	7746	0	8624	0	12950	0	3574	0	17212	0	4498	0	6686	0	0	0	1760	0	0	0	558	0	3564	0	24634	0	6674	0	0	0	5186	0	35090	0	0	0	0	0	0	0	0	0	0	0	0	0	0	0	0	0	0	0	0	0	0	0	0	0	0	0	
196508	Temporal_Mid_R	0	2548	0	958	0	0	0	0	0	0	0	418	0	0	0	0	0	156	0	2334	0	0	0	0	0	0	0	0	0	1614	0	0	0	888	0	470	0	2708	0	584	0	638	0	6224	152	1308	0	600	0	3126	0	14894	0	3426	0	1188	0	1468	0	156	0	456	0	3126	0	6144	0	6220	0	2530	0	0	0	500	0	0	0	0	0	430	0	14096	0	2408	0	0	0	1592	0	14894	0	0	0	0	0	0	0	0	0	0	0	0	0	0	0	0	0	0	0	0	0	0	0	0	0	0	
30256	Temporal_Pole_Mid_L	0	0	0	0	0	0	0	0	0	0	0	0	0	0	0	0	0	0	0	0	0	0	0	0	0	0	0	0	0	0	0	0	0	0	0	0	344	0	0	0	202	0	0	0	0	0	0	0	0	0	0	0	0	0	1852	0	0	0	0	0	0	0	0	0	0	0	0	0	0	0	0	0	0	0	0	0	0	0	0	0	0	0	3550	0	5186	0	0	0	3994	0	0	0	0	0	0	0	0	0	0	0	0	0	0	0	0	0	0	0	0	0	0	0	0	0	0	0	
27408	Temporal_Pole_Mid_R	0	0	0	0	0	0	0	0	0	0	0	0	0	0	0	0	0	0	0	0	0	0	0	0	0	0	0	0	0	0	0	0	0	0	0	0	0	492	0	1174	0	1078	0	0	0	0	0	0	0	0	0	0	0	0	0	1798	0	0	0	0	0	0	0	0	0	0	0	0	0	0	0	0	0	0	0	0	0	0	0	0	0	396	0	5312	0	1592	0	0	0	1862	0	0	0	0	0	0	0	0	0	0	0	0	0	0	0	0	0	0	0	0	0	0	0	0	0	0	
227184	Temporal_Inf_L	3246	0	0	0	0	0	0	0	0	0	0	0	0	0	0	0	382	0	0	0	0	0	0	0	0	0	0	0	2436	0	0	0	0	0	448	198	9502	0	614	0	814	0	380	0	0	0	0	0	226	0	7596	0	2082	0	14680	0	3614	0	4094	0	4444	0	246	0	1338	0	1222	0	2806	0	0	0	1472	0	0	0	978	0	970	0	3622	0	3826	0	35090	0	3994	0	0	0	1156	0	360	0	0	0	266	0	1002	0	362	0	126	0	0	0	0	0	0	0	0	0	0	0	0	0	
180876	Temporal_Inf_R	0	4018	0	1138	0	0	0	174	0	0	0	508	0	0	0	0	0	210	0	2150	0	0	0	0	0	0	0	0	0	2840	0	0	0	516	284	1624	162	16094	0	3922	0	2978	0	2180	0	368	0	518	0	276	0	812	0	4508	0	16766	0	360	0	0	0	0	0	520	0	0	0	2090	0	1252	0	0	0	1674	0	0	0	538	0	530	0	2258	0	2188	0	14894	0	1862	0	0	0	226	0	0	0	0	0	0	0	0	0	0	0	0	0	0	0	0	0	0	0	0	0	0	0	0	
398424	Cerebelum_Crus1_L	0	0	0	0	0	0	0	0	0	0	0	0	0	0	0	0	0	0	0	0	0	0	0	0	0	0	0	0	0	0	0	0	0	0	0	0	582	0	286	0	0	0	0	0	0	0	8328	1792	0	0	0	0	0	0	20046	0	0	0	0	0	0	0	0	0	0	0	0	0	0	0	0	0	0	0	0	0	0	0	0	0	0	0	0	0	0	0	0	0	1156	0	0	904	37648	2758	1416	180	22540	418	49756	1044	14494	648	11434	1884	684	762	286	0	0	0	8202	4422	4914	1850	778	0	
309164	Cerebelum_Crus1_R	0	0	0	0	0	0	0	0	0	0	0	0	0	0	0	0	0	0	0	0	0	0	0	0	0	0	0	0	0	0	0	0	0	0	0	0	0	0	0	202	0	0	0	0	0	0	216	4372	0	0	0	0	0	0	222	13202	0	0	0	0	0	0	0	0	0	0	0	0	0	0	0	0	0	0	0	0	0	0	0	0	0	0	0	0	0	0	0	0	0	226	904	0	598	32976	0	2360	320	14074	1048	45118	0	3890	192	12008	0	1472	0	1198	0	806	6300	5558	5116	958	832	414	
362412	Cerebelum_Crus2_L	0	0	0	0	0	0	0	0	0	0	0	0	0	0	0	0	0	0	0	0	0	0	0	0	0	0	0	0	0	0	0	0	0	0	0	0	0	0	0	0	0	0	0	0	0	0	1700	1048	0	0	0	0	0	0	3422	0	0	0	0	0	0	0	0	0	0	0	0	0	0	0	0	0	0	0	0	0	0	0	0	0	0	0	0	0	0	0	0	0	360	0	37648	598	0	8680	268	268	5070	250	11580	640	37118	5438	31220	5334	7006	1226	1676	0	0	0	2876	2402	7266	6800	1312	0	
302676	Cerebelum_Crus2_R	0	0	0	0	0	0	0	0	0	0	0	0	0	0	0	0	0	0	0	0	0	0	0	0	0	0	0	0	0	0	0	0	0	0	0	0	0	0	0	0	0	0	0	0	0	0	222	1720	0	0	0	0	0	0	240	1506	0	0	0	0	0	0	0	0	0	0	0	0	0	0	0	0	0	0	0	0	0	0	0	0	0	0	0	0	0	0	0	0	0	0	2758	32976	8680	0	0	808	336	2692	1056	14144	5860	21180	4150	25710	270	4334	156	756	0	182	2330	2750	8588	6402	1532	0	
26676	Cerebelum_3_L	0	0	0	0	0	0	0	0	0	0	0	0	0	0	0	0	0	0	0	0	0	0	0	0	0	0	0	0	0	0	0	0	0	0	0	0	0	0	262	0	0	0	0	0	0	0	0	0	0	0	0	0	0	0	528	0	0	0	0	0	0	0	0	0	0	0	0	0	0	0	0	0	0	0	0	0	0	0	0	0	0	0	0	0	0	0	0	0	0	0	1416	0	268	0	0	0	6150	0	2036	0	372	0	318	0	194	0	0	0	528	864	402	0	0	0	0	0	
74172	Cerebelum_3_R	0	0	0	0	0	0	0	0	0	0	0	0	0	0	0	0	0	0	0	0	0	0	0	0	0	0	0	0	0	0	0	0	0	0	0	0	0	0	0	0	0	0	0	0	0	0	0	460	0	0	0	0	0	0	0	560	0	0	0	0	0	0	0	0	0	0	0	0	0	0	0	0	0	0	0	0	0	0	0	0	0	0	0	0	0	0	0	0	0	0	180	2360	268	808	0	0	292	8278	146	5216	146	140	596	1354	352	2066	0	442	714	4278	3858	294	1210	1448	1496	124	
232188	Cerebelum_4_5_L	0	0	0	0	0	0	0	0	0	0	0	0	0	0	0	0	0	0	0	0	0	0	0	0	0	0	0	0	0	0	0	0	0	0	0	0	316	0	810	0	0	0	0	0	0	0	7754	686	0	0	0	0	0	0	9080	0	0	0	0	0	0	0	0	0	0	0	0	0	0	0	0	0	0	0	0	0	0	0	0	0	0	0	0	0	0	0	0	0	266	0	22540	320	5070	336	6150	292	0	720	29536	556	2556	0	4470	654	3472	822	864	0	180	636	10326	3016	1760	1314	1052	540	
207428	Cerebelum_4_5_R	0	0	0	0	0	0	0	0	0	0	0	0	0	0	0	0	0	0	0	0	0	0	0	0	0	0	0	0	0	0	0	0	0	0	0	152	0	464	0	1122	0	0	0	244	0	0	0	7994	0	0	0	0	0	176	0	8868	0	0	0	0	0	0	0	0	0	0	0	478	0	0	0	0	0	0	0	0	0	0	0	0	0	0	0	0	0	0	0	0	0	0	418	14074	250	2692	0	8278	720	0	418	26048	0	154	528	2212	292	2150	0	534	488	2778	13402	3122	1496	1580	1494	1088	
339264	Cerebelum_6_L	0	0	0	0	0	0	0	0	0	0	0	0	0	0	0	0	0	0	0	0	0	0	0	0	0	0	0	0	142	0	0	0	0	0	0	0	908	0	584	0	0	0	0	0	0	0	11364	2080	0	0	0	0	182	0	24240	0	0	0	0	0	0	0	0	0	0	0	0	0	0	0	0	0	138	0	0	0	0	0	0	0	0	0	0	0	0	0	0	0	1002	0	49756	1048	11580	1056	2036	146	29536	418	0	1272	5102	0	4874	516	1332	710	434	0	0	0	8934	5536	3080	882	744	0	
328828	Cerebelum_6_R	0	0	0	0	0	0	0	0	0	0	0	0	0	0	0	0	0	0	0	0	0	0	0	0	0	0	0	0	0	0	0	0	0	0	0	0	0	550	0	846	0	0	0	0	0	0	332	8622	0	0	0	0	0	334	272	18282	0	0	0	0	0	0	0	0	0	0	0	0	0	0	0	0	0	0	0	0	0	0	0	0	0	0	0	0	0	0	0	0	0	0	1044	45118	640	14144	0	5216	556	26048	1272	0	0	596	148	6654	0	1588	0	892	0	1594	11010	9292	5958	1306	1068	1032	
272828	Cerebelum_7b_L	0	0	0	0	0	0	0	0	0	0	0	0	0	0	0	0	0	0	0	0	0	0	0	0	0	0	0	0	0	0	0	0	0	0	0	0	0	0	0	0	0	0	0	0	0	0	0	0	0	0	0	0	0	0	2352	0	0	0	0	0	0	0	0	0	0	0	0	0	0	0	0	0	0	0	0	0	0	0	0	0	0	0	0	0	0	0	0	0	362	0	14494	0	37118	5860	372	146	2556	0	5102	0	0	5330	34856	4854	8110	724	1986	0	0	0	594	124	3708	6870	896	0	
154728	Cerebelum_7b_R	0	0	0	0	0	0	0	0	0	0	0	0	0	0	0	0	0	0	0	0	0	0	0	0	0	0	0	0	0	0	0	0	0	0	0	0	0	0	0	0	0	0	0	0	0	0	0	0	0	0	0	0	0	0	0	0	0	0	0	0	0	0	0	0	0	0	0	0	0	0	0	0	0	0	0	0	0	0	0	0	0	0	0	0	0	0	0	0	0	0	648	3890	5438	21180	0	140	0	154	0	596	5330	0	3476	22056	0	4734	0	300	0	0	164	0	2558	6100	600	0	
293732	Cerebelum_8_L	0	0	0	0	0	0	0	0	0	0	0	0	0	0	0	0	0	0	0	0	0	0	0	0	0	0	0	0	0	0	0	0	0	0	0	0	0	0	0	0	0	0	0	0	0	0	0	214	0	0	0	0	0	0	2060	0	0	0	0	0	0	0	0	0	0	0	0	0	0	0	0	0	0	0	0	0	0	0	0	0	0	0	0	0	0	0	0	0	126	0	11434	192	31220	4150	318	596	4470	528	4874	148	34856	3476	0	5378	13964	2820	4380	0	0	422	1714	666	5740	9164	3738	218	
255992	Cerebelum_8_R	0	0	0	0	0	0	0	0	0	0	0	0	0	0	0	0	0	0	0	0	0	0	0	0	0	0	0	0	0	0	0	0	0	0	0	0	0	0	0	0	0	0	0	0	0	0	0	546	0	0	0	0	0	0	0	740	0	0	0	0	0	0	0	0	0	0	0	0	0	0	0	0	0	0	0	0	0	0	0	0	0	0	0	0	0	0	0	0	0	0	1884	12008	5334	25710	0	1354	654	2212	516	6654	4854	22056	5378	0	626	13414	206	2058	0	488	1612	624	5210	10138	3720	0	
101324	Cerebelum_9_L	0	0	0	0	0	0	0	0	0	0	0	0	0	0	0	0	0	0	0	0	0	0	0	0	0	0	0	0	0	0	0	0	0	0	0	0	0	0	0	0	0	0	0	0	0	0	0	0	0	0	0	0	0	0	0	0	0	0	0	0	0	0	0	0	0	0	0	0	0	0	0	0	0	0	0	0	0	0	0	0	0	0	0	0	0	0	0	0	0	0	684	0	7006	270	194	352	3472	292	1332	0	8110	0	13964	626	0	1026	5758	0	0	330	1330	764	1440	1838	1586	288	
126488	Cerebelum_9_R	0	0	0	0	0	0	0	0	0	0	0	0	0	0	0	0	0	0	0	0	0	0	0	0	0	0	0	0	0	0	0	0	0	0	0	0	0	0	0	0	0	0	0	0	0	0	0	476	0	0	0	0	0	0	0	0	0	0	0	0	0	0	0	0	0	0	0	0	0	0	0	0	0	0	0	0	0	0	0	0	0	0	0	0	0	0	0	0	0	0	762	1472	1226	4334	0	2066	822	2150	710	1588	724	4734	2820	13414	1026	0	180	1974	120	1174	2374	1458	3814	6202	6616	1008	
34752	Cerebelum_10_L	0	0	0	0	0	0	0	0	0	0	0	0	0	0	0	0	0	0	0	0	0	0	0	0	0	0	0	0	0	0	0	0	0	0	0	0	0	0	0	0	0	0	0	0	0	0	0	0	0	0	0	0	0	0	0	0	0	0	0	0	0	0	0	0	0	0	0	0	0	0	0	0	0	0	0	0	0	0	0	0	0	0	0	0	0	0	0	0	0	0	286	0	1676	156	0	0	864	0	434	0	1986	0	4380	206	5758	180	0	0	0	146	160	0	498	416	230	0	
19876	Cerebelum_10_R	0	0	0	0	0	0	0	0	0	0	0	0	0	0	0	0	0	0	0	0	0	0	0	0	0	0	0	0	0	0	0	0	0	0	0	0	0	0	0	0	0	0	0	0	0	0	0	0	0	0	0	0	0	0	0	138	0	0	0	0	0	0	0	0	0	0	0	0	0	0	0	0	0	0	0	0	0	0	0	0	0	0	0	0	0	0	0	0	0	0	0	1198	0	756	0	442	0	534	0	892	0	300	0	2058	0	1974	0	0	156	222	602	0	0	330	336	0	
15932	Vermis_1_2	0	0	0	0	0	0	0	0	0	0	0	0	0	0	0	0	0	0	0	0	0	0	0	0	0	0	0	0	0	0	0	0	0	0	0	0	0	0	0	0	0	0	0	0	0	0	0	0	0	0	0	0	0	0	0	0	0	0	0	0	0	0	0	0	0	0	0	0	0	0	0	0	0	0	0	0	0	0	0	0	0	0	0	0	0	0	0	0	0	0	0	0	0	0	528	714	180	488	0	0	0	0	0	0	0	120	0	156	0	4520	1260	0	0	0	0	0	
48984	Vermis_3	0	0	0	0	0	0	0	0	0	0	0	0	0	0	0	0	0	0	0	0	0	0	0	0	0	0	0	0	0	0	0	0	0	0	0	0	140	0	178	0	0	0	0	0	0	0	0	166	0	0	0	0	0	0	0	0	0	0	0	0	0	0	0	0	0	0	0	0	0	0	0	0	0	0	0	0	0	0	0	0	0	0	0	0	0	0	0	0	0	0	0	806	0	182	864	4278	636	2778	0	1594	0	0	422	488	330	1174	146	222	4520	0	2780	386	682	776	780	164	
237728	Vermis_4_5	0	0	0	0	0	0	0	0	0	0	0	0	0	0	0	0	0	0	0	0	0	0	0	0	0	0	0	0	0	0	0	0	0	0	126	428	0	346	0	0	0	0	378	176	0	0	1132	9750	0	0	164	0	0	0	1694	1936	0	0	0	0	0	0	0	0	0	0	328	502	0	0	0	0	0	0	0	0	0	0	0	0	0	0	0	0	0	0	0	0	0	0	8202	6300	2876	2330	402	3858	10326	13402	8934	11010	594	164	1714	1612	1330	2374	160	602	1260	2780	0	11088	3404	1810	2164	3208	
151188	Vermis_6	0	0	0	0	0	0	0	0	0	0	0	0	0	0	0	0	0	0	0	0	0	0	0	0	0	0	0	0	0	0	0	0	0	0	0	0	0	0	0	0	0	0	0	0	0	0	1654	7988	0	0	0	0	0	0	690	1220	0	0	0	0	0	0	0	0	0	0	0	0	0	0	0	0	0	0	0	0	0	0	0	0	0	0	0	0	0	0	0	0	0	0	4422	5558	2402	2750	0	294	3016	3122	5536	9292	124	0	666	624	764	1458	0	0	0	386	11088	0	7004	1506	1870	2160	
179576	Vermis_7	0	0	0	0	0	0	0	0	0	0	0	0	0	0	0	0	0	0	0	0	0	0	0	0	0	0	0	0	0	0	0	0	0	0	0	0	0	0	0	0	0	0	0	0	0	0	532	2744	0	0	0	0	0	0	362	752	0	0	0	0	0	0	0	0	0	0	0	0	0	0	0	0	0	0	0	0	0	0	0	0	0	0	0	0	0	0	0	0	0	0	4914	5116	7266	8588	0	1210	1760	1496	3080	5958	3708	2558	5740	5210	1440	3814	498	0	0	682	3404	7004	0	7600	4048	304	
167520	Vermis_8	0	0	0	0	0	0	0	0	0	0	0	0	0	0	0	0	0	0	0	0	0	0	0	0	0	0	0	0	0	0	0	0	0	0	0	0	0	0	0	0	0	0	0	0	0	0	0	640	0	0	0	0	0	0	0	0	0	0	0	0	0	0	0	0	0	0	0	0	0	0	0	0	0	0	0	0	0	0	0	0	0	0	0	0	0	0	0	0	0	0	1850	958	6800	6402	0	1448	1314	1580	882	1306	6870	6100	9164	10138	1838	6202	416	330	0	776	1810	1506	7600	0	7288	542	
