data	data	539528	219332	1.01368e+06	859276	172440	127696	475976	278444	83164	31456	300264	211428	316724	232388	133728	76216	259260	105272	891928	860412	93992	104144	421852	347580	32084	84604	31384	73940	660400	354692	422760	516384	105708	511772	182204	262920	374252	365200	155928	219200	65244	51728	226268	312144	166104	280344	339240	380192	148872	252192	401916	259500	231640	73680	499856	498852	305212	226220	136600	109940	316396	104532	169916	106576	230924	110348	303240	432148	199860	201556	371500	372384	443036	327144	59320	39904	149940	157976	178780	54684	314824	125808	92380	70424	382496	270504	45156	48084	388172	259312	457156	394772	289428	278852	75400	55952	328724	228652	505156	433024	265412	141816	358960	316792	200884	170560	22640	17356	24516	55348	224548	254800	200192	120256	90112	23928	
data	data	Precentral_L	Precentral_R	Frontal_Sup_L	Frontal_Sup_R	Frontal_Sup_Orb_L	Frontal_Sup_Orb_R	Frontal_Mid_L	Frontal_Mid_R	Frontal_Mid_Orb_L	Frontal_Mid_Orb_R	Frontal_Inf_Oper_L	Frontal_Inf_Oper_R	Frontal_Inf_Tri_L	Frontal_Inf_Tri_R	Frontal_Inf_Orb_L	Frontal_Inf_Orb_R	Rolandic_Oper_L	Rolandic_Oper_R	Supp_Motor_Area_L	Supp_Motor_Area_R	Olfactory_L	Olfactory_R	Frontal_Sup_Medial_L	Frontal_Sup_Medial_R	Frontal_Med_Orb_L	Frontal_Med_Orb_R	Rectus_L	Rectus_R	Insula_L	Insula_R	Cingulum_Ant_L	Cingulum_Ant_R	Cingulum_Mid_L	Cingulum_Mid_R	Cingulum_Post_L	Cingulum_Post_R	Hippocampus_L	Hippocampus_R	ParaHippocampal_L	ParaHippocampal_R	Amygdala_L	Amygdala_R	Calcarine_L	Calcarine_R	Cuneus_L	Cuneus_R	Lingual_L	Lingual_R	Occipital_Sup_L	Occipital_Sup_R	Occipital_Mid_L	Occipital_Mid_R	Occipital_Inf_L	Occipital_Inf_R	Fusiform_L	Fusiform_R	Postcentral_L	Postcentral_R	Parietal_Sup_L	Parietal_Sup_R	Parietal_Inf_L	Parietal_Inf_R	SupraMarginal_L	SupraMarginal_R	Angular_L	Angular_R	Precuneus_L	Precuneus_R	Paracentral_Lobule_L	Paracentral_Lobule_R	Caudate_L	Caudate_R	Putamen_L	Putamen_R	Pallidum_L	Pallidum_R	Thalamus_L	Thalamus_R	Heschl_L	Heschl_R	Temporal_Sup_L	Temporal_Sup_R	Temporal_Pole_Sup_L	Temporal_Pole_Sup_R	Temporal_Mid_L	Temporal_Mid_R	Temporal_Pole_Mid_L	Temporal_Pole_Mid_R	Temporal_Inf_L	Temporal_Inf_R	Cerebelum_Crus1_L	Cerebelum_Crus1_R	Cerebelum_Crus2_L	Cerebelum_Crus2_R	Cerebelum_3_L	Cerebelum_3_R	Cerebelum_4_5_L	Cerebelum_4_5_R	Cerebelum_6_L	Cerebelum_6_R	Cerebelum_7b_L	Cerebelum_7b_R	Cerebelum_8_L	Cerebelum_8_R	Cerebelum_9_L	Cerebelum_9_R	Cerebelum_10_L	Cerebelum_10_R	Vermis_1_2	Vermis_3	Vermis_4_5	Vermis_6	Vermis_7	Vermis_8	Vermis_9	Vermis_10	
539528	Precentral_L	0	2886	28662	3812	0	0	31332	1334	0	0	14276	1016	3380	664	0	0	9772	0	19096	10288	0	0	1412	0	0	0	0	0	9934	242	1350	1152	214	4256	5234	6390	11032	5018	2528	1816	238	0	132	0	704	0	220	0	650	0	1462	0	888	0	1738	1628	25652	2076	546	0	1714	0	3056	374	216	0	1860	326	15840	1076	1140	820	3528	116	220	0	10640	5952	2778	0	4026	0	144	0	1400	0	0	0	1314	194	0	0	0	0	0	0	0	0	0	0	0	0	0	0	0	0	0	0	0	0	0	0	0	0	0	0	
219332	Precentral_R	2886	0	666	6060	0	156	0	3804	0	0	0	4778	0	258	0	0	0	1674	2090	9698	0	0	0	0	0	0	0	0	158	1296	774	208	450	400	1192	2460	1030	8666	122	1914	0	0	0	442	124	286	0	172	0	222	0	648	0	0	0	2254	0	16126	0	454	0	2724	0	4430	0	170	0	1184	3804	10456	1300	178	256	690	0	116	1440	2666	0	260	0	760	0	0	0	4094	0	0	0	3670	0	0	0	0	0	0	0	0	0	0	0	0	0	0	0	0	0	0	0	0	0	0	0	0	0	0	
1.01368e+06	Frontal_Sup_L	28662	666	0	8438	9218	0	64270	392	2612	0	15386	836	20722	1590	3944	0	13014	0	112152	14352	0	0	48554	2614	574	0	0	0	30260	1494	21804	4050	4550	2690	0	484	8546	564	1310	286	510	0	0	0	0	0	0	0	0	0	122	0	0	0	1316	140	8250	0	0	0	0	0	0	0	0	0	262	0	378	0	12536	2350	31034	794	8208	0	6682	1664	2126	0	4178	0	960	0	270	0	0	0	1028	0	0	0	0	0	0	0	0	0	0	0	0	0	0	0	0	0	0	0	0	0	0	0	0	0	0	0	
859276	Frontal_Sup_R	3812	6060	8438	0	0	3974	4240	40696	0	538	3602	13146	2256	13482	0	2750	1458	6322	12460	73362	0	158	9644	38772	0	1778	0	266	5368	19364	6082	33026	742	19958	124	148	1046	7756	426	4464	0	0	0	0	0	0	0	0	0	0	0	0	0	0	274	1630	226	2600	0	0	0	160	0	272	0	0	0	0	0	0	10116	28252	4890	22808	124	4238	146	5770	140	852	228	520	318	0	0	214	0	0	0	142	0	0	0	0	0	0	0	0	0	0	0	0	0	0	0	0	0	0	0	0	0	0	0	0	0	0	
172440	Frontal_Sup_Orb_L	0	0	9218	0	0	0	2920	0	12970	0	164	0	6448	0	14446	0	0	0	1094	0	1782	0	3018	0	2412	0	3862	0	15620	0	3510	180	0	0	0	0	0	0	180	0	0	0	0	0	0	0	0	0	0	0	0	0	0	0	0	0	0	0	0	0	0	0	0	0	0	0	0	0	0	0	1476	0	6014	0	0	0	0	0	0	0	0	0	906	0	0	0	0	0	0	0	0	0	0	0	0	0	0	0	0	0	0	0	0	0	0	0	0	0	0	0	0	0	0	0	0	0	
127696	Frontal_Sup_Orb_R	0	156	0	3974	0	0	0	408	0	3268	0	610	0	784	0	5780	0	0	0	1998	1756	3784	462	3030	210	6480	120	8646	0	3890	1106	4432	0	0	0	0	0	0	0	0	0	490	0	0	0	0	0	0	0	0	0	0	0	0	0	0	0	0	0	0	0	0	0	0	0	0	0	0	0	0	1896	2962	1758	5548	0	0	0	132	0	0	0	0	0	168	0	0	0	0	0	0	0	0	0	0	0	0	0	0	0	0	0	0	0	0	0	0	0	0	0	0	0	0	0	0	0	0	
475976	Frontal_Mid_L	31332	0	64270	4240	2920	0	0	1432	2024	0	13830	1360	27754	800	2920	0	4048	0	17768	5518	0	0	23064	998	0	0	0	0	9600	186	5434	2486	664	2972	0	0	2452	166	488	0	266	0	0	0	0	0	0	0	0	0	0	0	0	0	228	0	1744	0	0	0	0	0	0	0	0	0	0	0	0	0	140	118	3298	272	400	0	1220	202	280	0	796	0	298	0	0	0	0	0	0	0	0	0	0	0	0	0	0	0	0	0	0	0	0	0	0	0	0	0	0	0	0	0	0	0	0	0	
278444	Frontal_Mid_R	1334	3804	392	40696	0	408	1432	0	0	1628	1158	10540	380	15188	0	2584	242	2184	690	6702	0	0	618	5078	0	0	0	0	1558	8144	2754	3146	0	3700	0	0	196	4350	0	2156	0	0	0	0	0	0	0	0	0	0	0	0	0	0	0	646	0	1134	0	0	0	0	0	0	0	0	0	0	0	0	2972	2854	646	7930	0	1156	0	490	0	182	0	150	0	0	0	0	0	0	0	0	0	0	0	0	0	0	0	0	0	0	0	0	0	0	0	0	0	0	0	0	0	0	0	0	0	0	
83164	Frontal_Mid_Orb_L	0	0	2612	0	12970	0	2024	0	0	0	0	0	2380	0	11118	0	0	0	206	0	582	0	0	0	160	0	1858	0	4562	0	276	0	0	0	0	0	0	0	0	0	0	0	0	0	0	0	0	0	0	0	0	0	0	0	0	0	0	0	0	0	0	0	0	0	0	0	0	0	0	0	628	0	2028	0	0	0	0	0	0	0	0	0	178	0	0	0	0	0	0	0	0	0	0	0	0	0	0	0	0	0	0	0	0	0	0	0	0	0	0	0	0	0	0	0	0	0	
31456	Frontal_Mid_Orb_R	0	0	0	538	0	3268	0	1628	0	0	0	0	0	1968	0	6306	0	0	0	178	0	0	0	0	0	0	0	122	0	1462	0	0	0	0	0	0	0	0	0	0	0	0	0	0	0	0	0	0	0	0	0	0	0	0	0	0	0	0	0	0	0	0	0	0	0	0	0	0	0	0	0	0	0	258	0	0	0	0	0	0	0	0	0	0	0	0	0	0	0	0	0	0	0	0	0	0	0	0	0	0	0	0	0	0	0	0	0	0	0	0	0	0	0	0	0	0	
300264	Frontal_Inf_Oper_L	14276	0	15386	3602	164	0	13830	1158	0	0	0	2088	16768	3056	0	0	12480	0	13298	3496	0	0	2264	602	0	0	0	0	21696	1866	2452	1942	0	1442	0	0	840	0	0	0	0	0	0	0	0	0	0	0	0	0	0	0	0	0	198	0	4490	0	0	0	0	0	0	0	0	0	0	0	0	0	3394	2000	2384	1074	0	0	0	0	222	0	1762	0	1902	0	0	0	0	0	0	0	0	0	0	0	0	0	0	0	0	0	0	0	0	0	0	0	0	0	0	0	0	0	0	0	0	0	
211428	Frontal_Inf_Oper_R	1016	4778	836	13146	0	610	1360	10540	0	0	2088	0	736	16662	0	550	184	1550	1368	7424	0	0	116	1836	0	0	0	0	2504	16010	1606	4436	0	4412	0	0	0	1402	0	294	0	0	0	0	0	0	0	0	0	0	0	0	0	0	0	0	0	460	0	0	0	0	0	0	0	0	0	0	0	0	3114	1946	630	3246	0	198	0	0	0	258	0	266	0	132	0	0	0	0	0	0	0	0	0	0	0	0	0	0	0	0	0	0	0	0	0	0	0	0	0	0	0	0	0	0	0	0	
316724	Frontal_Inf_Tri_L	3380	0	20722	2256	6448	0	27754	380	2380	0	16768	736	0	2298	9100	0	446	0	6828	2112	0	0	7090	584	0	138	0	0	27712	1318	10934	1066	0	366	0	0	0	0	0	0	0	0	0	0	0	0	0	0	0	0	0	0	0	0	0	0	794	0	0	0	0	0	0	0	0	0	0	0	0	0	2824	1884	318	1038	0	0	0	0	0	0	0	0	688	0	0	0	0	0	0	0	0	0	0	0	0	0	0	0	0	0	0	0	0	0	0	0	0	0	0	0	0	0	0	0	0	0	
232388	Frontal_Inf_Tri_R	664	258	1590	13482	0	784	800	15188	0	1968	3056	16662	2298	0	0	4500	0	0	2310	4672	0	0	300	4528	0	0	0	0	3376	16724	1630	7626	0	3828	0	0	0	522	0	236	0	0	0	0	0	0	0	0	0	0	0	0	0	0	0	0	0	0	0	0	0	0	0	0	0	0	0	0	0	0	4432	1544	1378	1838	0	0	0	0	0	0	0	0	0	0	0	0	0	0	0	0	0	0	0	0	0	0	0	0	0	0	0	0	0	0	0	0	0	0	0	0	0	0	0	0	0	0	
133728	Frontal_Inf_Orb_L	0	0	3944	0	14446	0	2920	0	11118	0	0	0	9100	0	0	0	0	0	256	0	1842	0	174	0	0	0	770	0	13658	0	1584	0	0	0	0	0	640	0	1028	0	298	0	0	0	0	0	0	0	0	0	0	0	0	0	0	0	0	0	0	0	0	0	0	0	0	0	0	0	0	0	572	0	3154	0	0	0	0	0	0	0	0	0	1224	0	0	0	0	0	136	0	0	0	0	0	0	0	0	0	0	0	0	0	0	0	0	0	0	0	0	0	0	0	0	0	0	0	
76216	Frontal_Inf_Orb_R	0	0	0	2750	0	5780	0	2584	0	6306	0	550	0	4500	0	0	0	0	0	1198	0	1368	0	298	0	180	0	1076	0	8108	0	424	0	0	0	0	0	0	0	116	0	218	0	0	0	0	0	0	0	0	0	0	0	0	0	0	0	0	0	0	0	0	0	0	0	0	0	0	0	0	0	480	0	1882	0	0	0	0	0	0	0	0	0	290	0	0	0	0	0	0	0	0	0	0	0	0	0	0	0	0	0	0	0	0	0	0	0	0	0	0	0	0	0	0	0	0	
259260	Rolandic_Oper_L	9772	0	13014	1458	0	0	4048	242	0	0	12480	184	446	0	0	0	0	0	12528	1276	0	0	0	0	0	0	0	0	25422	124	0	664	0	652	0	0	2142	0	158	0	0	0	318	0	0	0	0	0	0	0	446	0	1268	0	1432	0	8180	0	0	0	398	0	2638	0	270	0	354	0	184	0	360	218	2418	274	0	0	0	0	5674	0	14846	0	1254	0	2260	0	0	0	2228	0	0	0	0	0	0	0	0	0	0	0	0	0	0	0	0	0	0	0	0	0	0	0	0	0	0	0	
105272	Rolandic_Oper_R	0	1674	0	6322	0	0	0	2184	0	0	0	1550	0	0	0	0	0	0	0	2528	0	0	0	0	0	0	0	0	0	10488	0	116	0	382	0	0	0	3638	0	340	0	0	0	0	0	0	0	0	0	0	0	0	0	0	0	130	0	2526	0	0	0	0	0	2372	0	230	0	0	0	0	0	322	0	4824	0	378	0	0	0	6506	0	5098	0	176	0	438	0	0	0	414	0	0	0	0	0	0	0	0	0	0	0	0	0	0	0	0	0	0	0	0	0	0	0	0	0	0	
891928	Supp_Motor_Area_L	19096	2090	112152	12460	1094	0	17768	690	206	0	13298	1368	6828	2310	256	0	12528	0	0	42150	0	0	20864	4000	0	0	0	0	21238	1960	16686	9534	8602	23880	928	410	5990	420	866	222	148	0	0	0	274	0	0	0	0	0	156	0	0	0	1162	0	7954	116	0	0	0	0	0	0	0	0	362	268	8664	2246	12962	2628	27464	926	7086	0	4502	882	1968	0	4130	0	890	0	284	0	0	0	998	0	0	0	0	0	0	0	0	0	0	0	0	0	0	0	0	0	0	0	0	0	0	0	0	0	0	0	
860412	Supp_Motor_Area_R	10288	9698	14352	73362	0	1998	5518	6702	0	178	3496	7424	2112	4672	0	1198	1276	2528	42150	0	0	0	3540	13994	0	1240	0	162	4334	6532	4136	26190	3578	58756	1796	5622	800	1812	310	838	0	0	0	1016	0	646	0	530	0	446	0	816	0	0	190	320	216	2410	0	0	0	0	0	624	0	0	0	4526	13324	21188	7328	24992	4166	11290	246	1350	716	4668	0	306	174	692	306	0	0	4020	0	0	0	3108	0	0	0	0	0	0	0	0	0	0	0	0	0	0	0	0	0	0	0	0	0	0	0	0	0	0	
93992	Olfactory_L	0	0	0	0	1782	1756	0	0	582	0	0	0	0	0	1842	0	0	0	0	0	0	4978	0	0	808	394	1392	2268	2594	0	3510	2652	0	0	0	0	924	0	1282	0	1010	0	0	0	0	0	0	0	0	0	0	0	0	0	120	0	0	0	0	0	0	0	0	0	0	0	0	0	0	0	8080	2928	6082	1078	0	322	0	0	0	0	0	0	470	0	0	0	0	0	142	0	0	0	0	0	0	0	0	0	0	0	0	0	0	0	0	0	0	0	0	0	0	0	0	0	0	0	
104144	Olfactory_R	0	0	0	158	0	3784	0	0	0	0	0	0	0	0	0	1368	0	0	0	0	4978	0	0	0	174	2374	206	5204	0	2154	2724	4352	0	0	0	0	0	0	0	250	0	502	0	0	0	0	0	0	0	0	0	0	0	0	0	0	0	0	0	0	0	0	0	0	0	0	0	0	0	0	7024	7146	5972	2720	0	708	0	114	0	0	0	0	0	160	0	0	0	0	0	0	0	0	0	0	0	0	0	0	0	0	0	0	0	0	0	0	0	0	0	0	0	0	0	0	0	0	
421852	Frontal_Sup_Medial_L	1412	0	48554	9644	3018	462	23064	618	0	0	2264	116	7090	300	174	0	0	0	20864	3540	0	0	0	20234	1370	1688	0	0	4414	462	25192	14680	5058	13048	0	0	0	0	0	0	0	0	0	0	0	0	0	0	0	0	0	0	0	0	0	0	0	0	0	0	0	0	0	0	0	0	0	0	0	0	930	838	1766	126	0	0	0	0	0	0	0	0	0	0	0	0	0	0	0	0	0	0	0	0	0	0	0	0	0	0	0	0	0	0	0	0	0	0	0	0	0	0	0	0	0	0	
347580	Frontal_Sup_Medial_R	0	0	2614	38772	0	3030	998	5078	0	0	602	1836	584	4528	0	298	0	0	4000	13994	0	0	20234	0	224	3892	0	128	966	4362	5620	30886	654	17204	0	0	0	0	0	0	0	0	0	0	0	0	0	0	0	0	0	0	0	0	0	0	0	0	0	0	0	0	0	0	0	0	0	0	0	0	1942	7924	274	3146	0	0	0	0	0	0	0	0	0	0	0	0	0	0	0	0	0	0	0	0	0	0	0	0	0	0	0	0	0	0	0	0	0	0	0	0	0	0	0	0	0	0	
32084	Frontal_Med_Orb_L	0	0	574	0	2412	210	0	0	160	0	0	0	0	0	0	0	0	0	0	0	808	174	1370	224	0	650	1594	0	152	0	4294	1016	0	0	0	0	0	0	0	0	0	0	0	0	0	0	0	0	0	0	0	0	0	0	0	0	0	0	0	0	0	0	0	0	0	0	0	0	0	0	1190	304	794	116	0	0	0	0	0	0	0	0	0	0	0	0	0	0	0	0	0	0	0	0	0	0	0	0	0	0	0	0	0	0	0	0	0	0	0	0	0	0	0	0	0	0	
84604	Frontal_Med_Orb_R	0	0	0	1778	0	6480	0	0	0	0	0	0	138	0	0	180	0	0	0	1240	394	2374	1688	3892	650	0	268	5320	0	0	1726	6364	0	0	0	0	0	0	0	0	0	0	0	0	0	0	0	0	0	0	0	0	0	0	0	0	0	0	0	0	0	0	0	0	0	0	0	0	0	0	424	4158	404	4824	0	0	0	0	0	0	0	0	0	0	0	0	0	0	0	0	0	0	0	0	0	0	0	0	0	0	0	0	0	0	0	0	0	0	0	0	0	0	0	0	0	0	
31384	Rectus_L	0	0	0	0	3862	120	0	0	1858	0	0	0	0	0	770	0	0	0	0	0	1392	206	0	0	1594	268	0	284	380	0	1888	452	0	0	0	0	0	0	0	0	0	0	0	0	0	0	0	0	0	0	0	0	0	0	0	0	0	0	0	0	0	0	0	0	0	0	0	0	0	0	1754	0	864	0	0	0	0	0	0	0	0	0	0	0	0	0	0	0	0	0	0	0	0	0	0	0	0	0	0	0	0	0	0	0	0	0	0	0	0	0	0	0	0	0	0	0	
73940	Rectus_R	0	0	0	266	0	8646	0	0	0	122	0	0	0	0	0	1076	0	0	0	162	2268	5204	0	128	0	5320	284	0	0	698	1186	3002	0	0	0	0	0	0	0	0	0	0	0	0	0	0	0	0	0	0	0	0	0	0	0	0	0	0	0	0	0	0	0	0	0	0	0	0	0	0	2366	2430	2210	1602	0	0	0	0	0	0	0	0	0	0	0	0	0	0	0	0	0	0	0	0	0	0	0	0	0	0	0	0	0	0	0	0	0	0	0	0	0	0	0	0	0	0	
660400	Insula_L	9934	158	30260	5368	15620	0	9600	1558	4562	0	21696	2504	27712	3376	13658	0	25422	0	21238	4334	2594	0	4414	966	152	0	380	0	0	2350	14918	2214	0	988	250	134	14204	166	2508	0	3518	0	514	0	0	0	138	0	0	0	608	0	1618	0	4618	0	5256	0	0	0	790	0	2088	0	504	0	826	0	0	0	5426	2596	19886	1148	0	0	794	0	8884	0	12484	0	4026	0	4244	0	0	0	6996	0	0	0	0	0	0	0	0	0	0	0	0	0	0	0	0	0	0	0	0	0	0	0	0	0	0	0	
354692	Insula_R	242	1296	1494	19364	0	3890	186	8144	0	1462	1866	16010	1318	16724	0	8108	124	10488	1960	6532	0	2154	462	4362	0	0	0	698	2350	0	980	5740	0	2122	0	484	126	7208	0	2798	0	1834	0	0	0	0	0	0	0	0	0	0	0	0	0	2236	0	1054	0	154	0	114	0	186	0	0	0	402	0	0	4336	2322	1328	16580	0	212	0	800	0	5196	0	5610	0	1338	0	2052	0	0	0	2900	0	0	0	0	0	0	0	0	0	0	0	0	0	0	0	0	0	0	0	0	0	0	0	0	0	0	
422760	Cingulum_Ant_L	1350	774	21804	6082	3510	1106	5434	2754	276	0	2452	1606	10934	1630	1584	0	0	0	16686	4136	3510	2724	25192	5620	4294	1726	1888	1186	14918	980	0	19010	7332	4898	144	0	0	506	0	166	0	0	0	0	0	0	0	0	0	0	0	0	0	0	0	0	0	712	0	0	0	0	0	124	0	0	0	0	0	0	14648	4200	12674	2682	0	0	0	0	0	0	0	0	128	0	0	0	0	0	0	0	0	0	0	0	0	0	0	0	0	0	0	0	0	0	0	0	0	0	0	0	0	0	0	0	0	0	
516384	Cingulum_Ant_R	1152	208	4050	33026	180	4432	2486	3146	0	0	1942	4436	1066	7626	0	424	664	116	9534	26190	2652	4352	14680	30886	1016	6364	452	3002	2214	5740	19010	0	1350	28548	0	160	0	248	0	0	0	0	0	0	0	0	0	0	0	0	0	0	0	0	0	0	0	0	0	0	0	0	0	0	0	0	0	0	0	0	6456	18192	3420	8772	0	0	0	0	0	0	0	0	0	0	0	0	0	0	0	0	0	0	0	0	0	0	0	0	0	0	0	0	0	0	0	0	0	0	0	0	0	0	0	0	0	0	
105708	Cingulum_Mid_L	214	450	4550	742	0	0	664	0	0	0	0	0	0	0	0	0	0	0	8602	3578	0	0	5058	654	0	0	0	0	0	0	7332	1350	0	5994	2982	778	0	0	0	0	0	0	0	0	1460	574	0	0	286	518	126	116	0	0	0	0	268	0	0	0	0	0	0	0	0	0	2098	1144	2238	1078	0	0	0	0	0	0	0	0	0	0	0	0	0	0	0	0	0	0	0	0	0	0	0	0	0	0	0	0	0	0	0	0	0	0	0	0	0	0	0	0	0	0	0	0	0	0	
511772	Cingulum_Mid_R	4256	400	2690	19958	0	0	2972	3700	0	0	1442	4412	366	3828	0	0	652	382	23880	58756	0	0	13048	17204	0	0	0	0	988	2122	4898	28548	5994	0	2296	9718	0	240	0	0	0	0	0	2442	0	1882	0	1576	0	1070	0	1176	0	0	0	0	0	540	0	0	0	0	0	192	0	0	514	9336	8294	11042	252	2698	0	552	0	0	0	0	0	0	0	156	0	0	0	900	0	0	0	514	0	0	0	0	0	0	0	0	0	0	0	0	0	0	0	0	0	0	0	0	0	0	0	0	0	0	
182204	Cingulum_Post_L	5234	1192	0	124	0	0	0	0	0	0	0	0	0	0	0	0	0	0	928	1796	0	0	0	0	0	0	0	0	250	0	144	0	2982	2296	0	8676	7394	4658	3308	2710	0	0	5492	0	3934	126	1360	222	846	0	1526	0	2236	0	2408	2164	1734	0	0	0	2248	0	960	0	126	0	9586	1052	4342	1500	0	0	0	0	0	0	1710	2706	574	0	202	0	0	0	1098	0	0	0	1038	220	0	0	0	0	0	0	0	0	0	0	0	0	0	0	0	0	0	0	0	0	0	0	0	0	0	0	
262920	Cingulum_Post_R	6390	2460	484	148	0	0	0	0	0	0	0	0	0	0	0	0	0	0	410	5622	0	0	0	0	0	0	0	0	134	484	0	160	778	9718	8676	0	5892	8676	1876	3920	0	0	0	2566	0	2478	346	3280	0	2160	0	1692	0	0	492	3498	0	2040	0	250	0	632	500	370	0	554	570	21958	1418	6258	408	220	0	0	0	0	5454	5968	260	326	172	1028	0	0	0	5256	0	0	0	5478	0	0	0	0	0	0	0	0	0	0	0	0	0	0	0	0	0	0	0	0	0	0	0	0	0	0	
374252	Hippocampus_L	11032	1030	8546	1046	0	0	2452	196	0	0	840	0	0	0	640	0	2142	0	5990	800	924	0	0	0	0	0	0	0	14204	126	0	0	0	0	7394	5892	0	5586	21154	2962	11900	0	1940	0	220	0	4898	318	0	0	650	0	1942	0	17730	2204	2194	0	0	0	0	0	312	0	0	0	4050	854	0	0	402	0	12792	0	772	0	6144	3530	5540	0	1952	0	1514	0	1684	0	514	0	9638	160	0	0	0	0	0	0	166	0	150	0	0	0	0	0	0	0	0	0	0	0	0	0	0	0	0	0	
365200	Hippocampus_R	5018	8666	564	7756	0	0	166	4350	0	0	0	1402	0	522	0	0	0	3638	420	1812	0	0	0	0	0	0	0	0	166	7208	506	248	0	240	4658	8676	5586	0	1796	32032	0	8846	0	672	0	0	342	3294	0	0	0	0	0	180	420	24988	0	1126	0	0	0	0	0	600	0	0	0	3912	0	228	756	268	0	13438	0	688	4444	9570	162	1868	0	822	0	726	0	1196	0	0	0	7054	0	364	0	0	0	0	0	388	0	818	0	0	0	0	0	0	0	0	0	0	0	0	0	0	0	0	
155928	ParaHippocampal_L	2528	122	1310	426	180	0	488	0	0	0	0	0	0	0	1028	0	158	0	866	310	1282	0	0	0	0	0	0	0	2508	0	0	0	0	0	3308	1876	21154	1796	0	1264	3588	0	952	0	0	0	5856	208	0	0	372	0	1716	0	12672	670	388	0	0	0	0	0	0	0	0	0	2206	720	0	0	0	0	2690	0	0	0	1228	600	216	0	0	0	782	0	0	0	194	0	1484	0	124	0	0	0	0	0	364	0	330	0	0	0	0	0	0	0	0	0	0	0	0	0	0	0	0	0	
219200	ParaHippocampal_R	1816	1914	286	4464	0	0	0	2156	0	0	0	294	0	236	0	116	0	340	222	838	0	250	0	0	0	0	0	0	0	2798	166	0	0	0	2710	3920	2962	32032	1264	0	0	5740	0	218	0	0	256	3060	0	0	0	0	0	132	304	17774	0	0	0	0	0	0	0	0	0	0	0	2136	0	0	216	128	0	7168	0	650	1290	4188	0	194	0	0	0	1992	0	260	0	920	0	3158	0	122	0	0	0	0	0	686	0	224	0	0	0	0	0	0	0	0	0	0	0	0	0	0	0	0	
65244	Amygdala_L	238	0	510	0	0	0	266	0	0	0	0	0	0	0	298	0	0	0	148	0	1010	0	0	0	0	0	0	0	3518	0	0	0	0	0	0	0	11900	0	3588	0	0	0	0	0	0	0	0	0	0	0	0	0	0	0	3748	0	0	0	0	0	0	0	0	0	0	0	0	0	0	0	0	0	1294	0	0	0	604	0	0	0	0	0	1274	0	656	0	448	0	3122	0	0	0	0	0	0	0	0	0	0	0	0	0	0	0	0	0	0	0	0	0	0	0	0	0	0	0	
51728	Amygdala_R	0	0	0	0	0	490	0	0	0	0	0	0	0	0	0	218	0	0	0	0	0	502	0	0	0	0	0	0	0	1834	0	0	0	0	0	0	0	8846	0	5740	0	0	0	0	0	0	0	0	0	0	0	0	0	0	0	4302	0	0	0	0	0	0	0	0	0	0	0	0	0	0	0	202	0	1258	0	0	0	426	0	0	0	0	0	1874	0	0	0	0	0	172	0	0	0	0	0	0	0	0	0	0	0	0	0	0	0	0	0	0	0	0	0	0	0	0	0	0	
226268	Calcarine_L	132	0	0	0	0	0	0	0	0	0	0	0	0	0	0	0	318	0	0	0	0	0	0	0	0	0	0	0	514	0	0	0	0	0	5492	0	1940	0	952	0	0	0	0	7220	13138	4634	9236	2084	9792	1654	17682	356	7628	186	4908	558	646	0	0	0	386	0	0	0	474	0	12172	148	714	0	0	0	0	0	0	0	0	0	1300	0	0	0	0	0	2548	0	0	0	2882	0	0	190	0	0	0	0	312	948	0	642	0	0	0	0	0	0	0	0	0	0	1348	0	0	0	0	0	
312144	Calcarine_R	0	442	0	0	0	0	0	0	0	0	0	0	0	0	0	0	0	0	0	1016	0	0	0	0	0	0	0	0	0	0	0	0	0	2442	0	2566	0	672	0	218	0	0	7220	0	5982	21932	1998	25578	528	11618	506	13356	0	2280	0	3676	0	6328	0	2478	0	376	0	426	0	396	156	25148	146	3756	0	0	0	0	0	0	0	0	0	0	0	376	0	0	0	6548	0	0	0	7454	0	0	0	0	0	0	0	230	0	0	0	0	0	0	0	0	0	0	0	0	224	0	0	0	0	0	
166104	Cuneus_L	704	124	0	0	0	0	0	0	0	0	0	0	0	0	0	0	0	0	274	0	0	0	0	0	0	0	0	0	0	0	0	0	1460	0	3934	0	220	0	0	0	0	0	13138	5982	0	8710	406	376	15286	3266	7400	728	2352	0	1286	0	824	0	282	0	154	0	0	0	182	0	10038	570	2564	0	0	0	0	0	0	0	0	0	300	0	0	0	0	0	1382	0	0	0	1110	0	0	0	0	0	0	0	0	0	0	0	0	0	0	0	0	0	0	0	0	0	0	0	0	0	0	0	
280344	Cuneus_R	0	286	0	0	0	0	0	0	0	0	0	0	0	0	0	0	0	0	0	646	0	0	0	0	0	0	0	0	0	0	0	0	574	1882	126	2478	0	0	0	0	0	0	4634	21932	8710	0	858	3692	688	31336	288	16086	0	180	0	346	0	5126	0	4348	0	1186	0	306	0	820	3954	23928	0	1906	0	0	0	0	0	0	0	0	0	0	0	174	0	0	0	2430	0	0	0	1252	0	0	0	0	0	0	0	0	0	0	0	0	0	0	0	0	0	0	0	0	0	0	0	0	0	0	
339240	Lingual_L	220	0	0	0	0	0	0	0	0	0	0	0	0	0	0	0	0	0	0	0	0	0	0	0	0	0	0	0	138	0	0	0	0	0	1360	346	4898	342	5856	256	0	0	9236	1998	406	858	0	6718	1350	974	12682	230	10454	446	26660	2254	0	0	0	0	0	0	0	0	0	0	3848	0	0	0	0	0	0	0	0	0	520	0	132	0	0	0	0	0	306	0	0	0	348	0	7356	1106	236	0	242	142	16860	3274	20548	3866	202	0	492	0	956	948	0	0	0	0	8666	8222	1334	0	936	1398	
380192	Lingual_R	0	172	0	0	0	0	0	0	0	0	0	0	0	0	0	0	0	0	0	530	0	0	0	0	0	0	0	0	0	0	0	0	0	1576	222	3280	318	3294	208	3060	0	0	2084	25578	376	3692	6718	0	0	4914	156	4960	376	6736	1384	21278	0	986	0	0	0	0	0	180	0	270	0	13526	0	2130	0	0	0	0	0	0	0	798	0	0	0	218	0	0	0	1496	0	0	0	3946	2080	1496	200	0	2472	738	6800	9042	10030	13610	0	0	490	0	4648	384	484	0	462	1254	9942	10566	936	0	0	0	
148872	Occipital_Sup_L	650	0	0	0	0	0	0	0	0	0	0	0	0	0	0	0	0	0	0	0	0	0	0	0	0	0	0	0	0	0	0	0	286	0	846	0	0	0	0	0	0	0	9792	528	15286	688	1350	0	0	156	20828	0	1482	0	238	0	1334	0	3836	0	1542	0	0	0	1640	0	10658	0	2416	0	0	0	0	0	0	0	0	0	0	0	0	0	0	0	558	0	0	0	322	0	0	0	0	0	0	0	0	0	0	0	0	0	0	0	0	0	0	0	0	0	0	0	0	0	0	0	
252192	Occipital_Sup_R	0	222	0	0	0	0	0	0	0	0	0	0	0	0	0	0	0	0	0	446	0	0	0	0	0	0	0	0	0	0	0	0	518	1070	0	2160	0	0	0	0	0	0	1654	11618	3266	31336	974	4914	156	0	0	23522	0	628	0	758	0	2524	0	7984	0	1620	0	166	0	3848	3658	19972	0	1088	0	0	0	0	0	0	0	0	0	0	0	0	0	0	0	1676	0	0	0	318	0	0	0	0	0	0	0	0	0	0	0	0	0	0	0	0	0	0	0	0	0	0	0	0	0	0	
401916	Occipital_Mid_L	1462	0	122	0	0	0	0	0	0	0	0	0	0	0	0	0	446	0	156	0	0	0	0	0	0	0	0	0	608	0	0	0	126	0	1526	0	650	0	372	0	0	0	17682	506	7400	288	12682	156	20828	0	0	0	21666	0	7432	0	7854	0	13812	0	17374	0	678	0	24110	0	15536	0	4062	0	0	0	0	0	0	0	0	0	974	0	400	0	0	0	17128	0	0	0	3060	0	246	0	0	0	0	0	168	0	1106	0	0	0	0	0	0	0	0	0	0	0	0	342	0	0	0	0	
259500	Occipital_Mid_R	0	648	0	0	0	0	0	0	0	0	0	0	0	0	0	0	0	0	0	816	0	0	0	0	0	0	0	0	0	0	0	0	116	1176	0	1692	0	0	0	0	0	0	356	13356	728	16086	230	4960	0	23522	0	0	0	2120	0	1236	0	3768	0	4878	0	4758	0	512	0	10934	1668	15938	0	2400	0	0	0	0	0	0	0	0	0	0	0	446	0	0	0	13760	0	0	0	2984	0	0	0	0	0	0	120	280	0	0	0	0	0	0	0	0	0	0	0	0	262	0	0	0	0	0	
231640	Occipital_Inf_L	888	0	0	0	0	0	0	0	0	0	0	0	0	0	0	0	1268	0	0	0	0	0	0	0	0	0	0	0	1618	0	0	0	0	0	2236	0	1942	0	1716	0	0	0	7628	0	2352	0	10454	376	1482	0	21666	0	0	0	21628	158	1186	0	0	0	1526	0	534	0	1150	0	4130	0	1674	0	0	0	0	0	0	0	0	0	3632	0	1226	0	0	0	6330	0	0	0	10352	0	1308	302	0	0	0	0	316	0	4452	434	0	0	0	0	0	0	0	0	0	0	0	1470	386	0	0	0	
73680	Occipital_Inf_R	0	0	0	0	0	0	0	0	0	0	0	0	0	0	0	0	0	0	0	0	0	0	0	0	0	0	0	0	0	0	0	0	0	0	0	0	0	180	0	132	0	0	186	2280	0	180	446	6736	0	628	0	2120	0	0	0	9244	0	0	0	0	0	0	0	0	0	0	0	122	0	0	0	0	0	0	0	0	0	0	0	0	0	0	0	0	0	468	0	0	0	1876	0	156	0	0	702	156	1070	1854	1274	2322	0	0	0	0	1004	0	0	0	126	244	1756	1426	152	0	0	0	
499856	Fusiform_L	1738	0	1316	274	0	0	228	0	0	0	198	0	0	0	0	0	1432	0	1162	190	120	0	0	0	0	0	0	0	4618	0	0	0	0	0	2408	492	17730	420	12672	304	3748	0	4908	0	1286	0	26660	1384	238	0	7432	0	21628	0	0	430	1130	0	0	0	580	0	358	0	142	0	4980	0	772	0	0	0	2872	0	0	0	434	116	4944	0	4788	0	2098	0	3736	0	1512	0	21050	0	23570	400	1538	0	156	0	15378	936	36048	876	1426	0	1712	0	220	0	0	0	0	0	1934	2736	470	0	0	0	
498852	Fusiform_R	1628	2254	140	1630	0	0	0	646	0	0	0	0	0	0	0	0	0	130	0	320	0	0	0	0	0	0	0	0	0	2236	0	0	0	0	2164	3498	2204	24988	670	17774	0	4302	558	3676	0	346	2254	21278	0	758	0	1236	158	9244	430	0	0	0	0	0	0	0	0	146	0	0	0	2164	0	168	0	0	0	1704	0	138	1098	3170	0	904	0	1458	0	8708	0	3546	0	3592	0	20436	594	14994	0	236	2256	1444	4344	14984	6176	28880	0	0	138	1234	4476	892	474	0	418	1122	6360	7498	920	0	232	0	
305212	Postcentral_L	25652	0	8250	226	0	0	1744	0	0	0	4490	0	794	0	0	0	8180	0	7954	216	0	0	0	0	0	0	0	0	5256	0	0	0	268	0	1734	0	2194	0	388	0	0	0	646	0	824	0	0	0	1334	0	7854	0	1186	0	1130	0	0	0	10280	0	20472	0	10890	0	3688	0	9758	0	4654	0	0	0	986	0	0	0	184	0	2566	0	5902	0	0	0	1740	0	0	0	1166	0	0	0	0	0	0	0	0	0	0	0	0	0	0	0	0	0	0	0	0	0	0	0	0	0	0	0	
226220	Postcentral_R	2076	16126	0	2600	0	0	0	1134	0	0	0	460	0	0	0	0	0	2526	116	2410	0	0	0	0	0	0	0	0	0	1054	712	0	0	540	0	2040	0	1126	0	0	0	0	0	6328	0	5126	0	986	0	2524	0	3768	0	0	0	0	0	0	0	7098	0	7960	0	14048	0	1044	404	12118	2560	7524	770	0	0	228	0	0	0	0	0	252	0	708	0	0	0	5066	0	0	0	1678	0	0	0	0	0	0	0	0	0	0	0	0	0	0	0	0	0	0	0	0	0	0	0	0	0	0	
136600	Parietal_Sup_L	546	0	0	0	0	0	0	0	0	0	0	0	0	0	0	0	0	0	0	0	0	0	0	0	0	0	0	0	0	0	0	0	0	0	0	0	0	0	0	0	0	0	0	0	282	0	0	0	3836	0	13812	0	0	0	0	0	10280	0	0	0	14598	0	238	0	8626	0	15056	0	840	0	0	0	0	0	0	0	0	0	0	0	0	0	0	0	186	0	0	0	0	0	0	0	0	0	0	0	0	0	0	0	0	0	0	0	0	0	0	0	0	0	0	0	0	0	0	0	
109940	Parietal_Sup_R	0	454	0	0	0	0	0	0	0	0	0	0	0	0	0	0	0	0	0	0	0	0	0	0	0	0	0	0	0	154	0	0	0	0	0	250	0	0	0	0	0	0	0	2478	0	4348	0	0	0	7984	0	4878	0	0	0	0	0	7098	0	0	0	6622	0	980	0	6456	446	11230	0	216	0	0	0	0	0	0	0	0	0	0	0	354	0	0	0	570	0	0	0	452	0	0	0	0	0	0	0	0	0	0	0	0	0	0	0	0	0	0	0	0	0	0	0	0	0	0	
316396	Parietal_Inf_L	1714	0	0	0	0	0	0	0	0	0	0	0	0	0	0	0	398	0	0	0	0	0	0	0	0	0	0	0	790	0	0	0	0	0	2248	0	0	0	0	0	0	0	386	0	154	0	0	0	1542	0	17374	0	1526	0	580	0	20472	0	14598	0	0	0	16408	0	32432	0	7598	0	1018	0	0	0	0	0	0	0	0	0	3770	0	8282	0	0	0	17692	0	0	0	9216	0	0	0	0	0	0	0	0	0	0	0	0	0	0	0	0	0	0	0	0	0	0	0	0	0	0	0	
104532	Parietal_Inf_R	0	2724	0	160	0	0	0	0	0	0	0	0	0	0	0	0	0	0	0	0	0	0	0	0	0	0	0	0	0	114	0	0	0	0	0	632	0	0	0	0	0	0	0	376	0	1186	0	0	0	1620	0	4758	0	0	0	0	0	7960	0	6622	0	0	0	9960	0	11684	226	1934	142	160	0	0	0	0	0	0	0	0	0	0	0	222	0	0	0	1386	0	0	0	400	0	0	0	0	0	0	0	0	0	0	0	0	0	0	0	0	0	0	0	0	0	0	0	0	0	0	
169916	SupraMarginal_L	3056	0	0	0	0	0	0	0	0	0	0	0	0	0	0	0	2638	0	0	0	0	0	0	0	0	0	0	0	2088	0	0	0	0	0	960	500	312	0	0	0	0	0	0	0	0	0	0	0	0	0	678	0	534	0	358	0	10890	0	238	0	16408	0	0	0	6090	0	398	0	2434	0	0	0	0	0	0	0	0	0	4144	0	15076	0	0	0	9896	0	0	0	8260	0	0	0	0	0	0	0	0	0	0	0	0	0	0	0	0	0	0	0	0	0	0	0	0	0	0	0	
106576	SupraMarginal_R	374	4430	0	272	0	0	0	0	0	0	0	0	0	0	0	0	0	2372	0	624	0	0	0	0	0	0	0	0	0	186	124	0	0	192	0	370	0	600	0	0	0	0	0	426	0	306	0	180	0	166	0	512	0	0	0	146	0	14048	0	980	0	9960	0	0	0	4182	0	978	500	738	126	0	0	0	0	0	0	0	0	162	0	6244	0	0	0	3400	0	0	0	690	0	0	0	0	0	0	0	0	0	0	0	0	0	0	0	0	0	0	0	0	0	0	0	0	0	0	
230924	Angular_L	216	0	0	0	0	0	0	0	0	0	0	0	0	0	0	0	270	0	0	0	0	0	0	0	0	0	0	0	504	0	0	0	0	0	126	0	0	0	0	0	0	0	474	0	182	0	0	0	1640	0	24110	0	1150	0	142	0	3688	0	8626	0	32432	0	6090	0	0	0	5080	0	252	0	0	0	0	0	0	0	0	0	2000	0	5416	0	0	0	17714	0	0	0	5350	0	0	0	0	0	0	0	0	0	0	0	0	0	0	0	0	0	0	0	0	0	0	0	0	0	0	0	
110348	Angular_R	0	170	0	0	0	0	0	0	0	0	0	0	0	0	0	0	0	230	0	0	0	0	0	0	0	0	0	0	0	0	0	0	0	0	0	554	0	0	0	0	0	0	0	396	0	820	0	270	0	3848	0	10934	0	0	0	0	0	1044	0	6456	0	11684	0	4182	0	0	252	1732	0	142	0	0	0	0	0	0	0	0	0	0	0	3850	0	0	0	8068	0	0	0	542	0	0	0	0	0	0	0	0	0	0	0	0	0	0	0	0	0	0	0	0	0	0	0	0	0	0	
303240	Precuneus_L	1860	0	262	0	0	0	0	0	0	0	0	0	0	0	0	0	354	0	362	0	0	0	0	0	0	0	0	0	826	0	0	0	2098	514	9586	570	4050	0	2206	0	0	0	12172	156	10038	3954	3848	0	10658	3658	15536	1668	4130	0	4980	0	9758	404	15056	446	7598	226	398	0	5080	252	0	7062	5872	182	0	0	0	0	0	0	0	0	1384	0	124	0	0	0	1740	334	0	0	2218	0	0	0	0	0	0	0	0	0	0	0	0	0	0	0	0	0	0	0	0	0	0	0	0	0	0	0	
432148	Precuneus_R	326	1184	0	0	0	0	0	0	0	0	0	0	0	0	0	0	0	0	268	4526	0	0	0	0	0	0	0	0	0	402	0	0	1144	9336	1052	21958	854	3912	720	2136	0	0	148	25148	570	23928	0	13526	0	19972	0	15938	0	122	0	2164	0	12118	0	11230	0	1934	0	978	0	1732	7062	0	730	8960	0	0	0	0	0	0	364	338	0	274	0	1366	0	0	0	10314	0	0	0	9340	0	0	0	0	0	0	0	0	0	0	0	0	0	0	0	0	0	0	0	0	0	0	0	0	0	0	
199860	Paracentral_Lobule_L	15840	3804	378	0	0	0	0	0	0	0	0	0	0	0	0	0	184	0	8664	13324	0	0	0	0	0	0	0	0	0	0	0	0	2238	8294	4342	1418	0	0	0	0	0	0	714	146	2564	0	0	0	2416	0	4062	0	1674	0	772	0	4654	2560	840	0	1018	142	2434	500	252	0	5872	730	0	5748	0	232	0	0	0	0	0	278	200	0	984	0	0	0	1960	0	0	0	692	0	0	0	0	0	0	0	0	0	0	0	0	0	0	0	0	0	0	0	0	0	0	0	0	0	0	0	
201556	Paracentral_Lobule_R	1076	10456	0	0	0	0	0	0	0	0	0	0	0	0	0	0	0	0	2246	21188	0	0	0	0	0	0	0	0	0	0	0	0	1078	11042	1500	6258	0	228	0	0	0	0	0	3756	0	1906	0	2130	0	1088	0	2400	0	0	0	168	0	7524	0	216	0	160	0	738	0	142	182	8960	5748	0	0	0	0	0	0	0	0	0	0	0	0	672	0	0	0	5986	0	0	0	3930	0	0	0	0	0	0	0	0	0	0	0	0	0	0	0	0	0	0	0	0	0	0	0	0	0	0	
371500	Caudate_L	1140	1300	12536	10116	1476	1896	140	2972	628	0	3394	3114	2824	4432	572	0	360	0	12962	7328	8080	7024	930	1942	1190	424	1754	2366	5426	4336	14648	6456	0	252	0	408	402	756	0	216	0	0	0	0	0	0	0	0	0	0	0	0	0	0	0	0	0	770	0	0	0	0	0	126	0	0	0	0	0	0	0	14120	25014	5658	3890	1258	9988	896	0	0	0	0	230	0	0	0	0	0	0	0	0	0	0	0	0	0	0	0	0	0	0	0	0	0	0	0	0	0	0	0	0	0	0	0	0	0	
372384	Caudate_R	820	178	2350	28252	0	2962	118	2854	0	0	2000	1946	1884	1544	0	480	218	322	2628	24992	2928	7146	838	7924	304	4158	0	2430	2596	2322	4200	18192	0	2698	0	220	0	268	0	128	0	202	0	0	0	0	0	0	0	0	0	0	0	0	0	0	0	0	0	0	0	0	0	0	0	0	0	0	232	0	14120	0	6862	16942	0	3712	1154	12848	0	0	0	0	220	0	0	0	0	0	0	0	0	0	0	0	0	0	0	0	0	0	0	0	0	0	0	0	0	0	0	0	0	0	0	0	0	0	
443036	Putamen_L	3528	256	31034	4890	6014	1758	3298	646	2028	0	2384	630	318	1378	3154	0	2418	0	27464	4166	6082	5972	1766	274	794	404	864	2210	19886	1328	12674	3420	0	0	0	0	12792	0	2690	0	1294	0	0	0	0	0	0	0	0	0	0	0	0	0	2872	0	986	0	0	0	0	0	0	0	0	0	0	0	0	0	25014	6862	0	2798	6598	824	2810	224	184	0	2246	0	376	0	114	0	0	0	1796	0	0	0	0	0	0	0	0	0	0	0	0	0	0	0	0	0	0	0	0	0	0	0	0	0	0	0	
327144	Putamen_R	116	690	794	22808	0	5548	272	7930	0	258	1074	3246	1038	1838	0	1882	274	4824	926	11290	1078	2720	126	3146	116	4824	0	1602	1148	16580	2682	8772	0	552	0	0	0	13438	0	7168	0	1258	0	0	0	0	0	0	0	0	0	0	0	0	0	1704	0	228	0	0	0	0	0	0	0	0	0	0	0	0	5658	16942	2798	0	0	3880	0	302	0	1310	0	370	216	0	0	0	0	0	0	146	0	0	0	0	0	0	0	0	0	0	0	0	0	0	0	0	0	0	0	0	0	0	0	0	0	0	
59320	Pallidum_L	220	0	8208	124	0	0	400	0	0	0	0	0	0	0	0	0	0	0	7086	246	0	0	0	0	0	0	0	0	0	0	0	0	0	0	0	0	772	0	0	0	0	0	0	0	0	0	0	0	0	0	0	0	0	0	0	0	0	0	0	0	0	0	0	0	0	0	0	0	0	0	3890	0	6598	0	0	0	2116	0	0	0	0	0	0	0	0	0	0	0	0	0	0	0	0	0	0	0	0	0	0	0	0	0	0	0	0	0	0	0	0	0	0	0	0	0	0	0	
39904	Pallidum_R	0	116	0	4238	0	0	0	1156	0	0	0	198	0	0	0	0	0	378	0	1350	322	708	0	0	0	0	0	0	0	212	0	0	0	0	0	0	0	688	0	650	0	0	0	0	0	0	0	0	0	0	0	0	0	0	0	138	0	0	0	0	0	0	0	0	0	0	0	0	0	0	1258	3712	824	3880	0	0	0	124	0	0	0	0	0	0	0	0	0	0	0	0	0	0	0	0	0	0	0	0	0	0	0	0	0	0	0	0	0	0	0	0	0	0	0	0	0	0	
149940	Thalamus_L	10640	1440	6682	146	0	0	1220	0	0	0	0	0	0	0	0	0	0	0	4502	716	0	0	0	0	0	0	0	0	794	0	0	0	0	0	1710	5454	6144	4444	1228	1290	604	0	0	0	0	0	520	0	0	0	0	0	0	0	434	1098	184	0	0	0	0	0	0	0	0	0	0	364	0	0	9988	1154	2810	0	2116	0	0	9034	254	0	0	0	0	0	0	0	0	0	0	0	0	0	0	0	0	0	0	0	0	0	0	0	0	0	0	0	0	0	0	0	0	0	0	0	0	0	
157976	Thalamus_R	5952	2666	1664	5770	0	132	202	490	0	0	0	0	0	0	0	0	0	0	882	4668	0	114	0	0	0	0	0	0	0	800	0	0	0	0	2706	5968	3530	9570	600	4188	0	426	0	0	0	0	0	798	0	0	0	0	0	0	116	3170	0	0	0	0	0	0	0	0	0	0	0	338	278	0	896	12848	224	302	0	124	9034	0	0	132	0	0	0	0	0	0	0	0	0	400	0	0	0	0	0	0	0	0	0	0	0	0	0	0	0	0	0	0	0	0	0	0	0	0	0	0	
178780	Heschl_L	2778	0	2126	140	0	0	280	0	0	0	222	0	0	0	0	0	5674	0	1968	0	0	0	0	0	0	0	0	0	8884	0	0	0	0	0	574	260	5540	162	216	0	0	0	1300	0	300	0	132	0	0	0	974	0	3632	0	4944	0	2566	0	0	0	3770	0	4144	0	2000	0	1384	0	200	0	0	0	184	0	0	0	254	0	0	0	12908	0	0	0	8772	0	0	0	13102	0	0	0	0	0	0	0	0	0	0	0	0	0	0	0	0	0	0	0	0	0	0	0	0	0	0	0	
54684	Heschl_R	0	260	0	852	0	0	0	182	0	0	0	258	0	0	0	0	0	6506	0	306	0	0	0	0	0	0	0	0	0	5196	0	0	0	0	0	326	0	1868	0	194	0	0	0	0	0	0	0	0	0	0	0	0	0	0	0	904	0	252	0	0	0	0	0	162	0	0	0	274	0	0	0	0	0	1310	0	0	0	132	0	0	0	5452	0	0	0	1016	0	0	0	1892	0	0	0	0	0	0	0	0	0	0	0	0	0	0	0	0	0	0	0	0	0	0	0	0	0	0	
314824	Temporal_Sup_L	4026	0	4178	228	0	0	796	0	0	0	1762	0	0	0	0	0	14846	0	4130	174	0	0	0	0	0	0	0	0	12484	0	0	0	0	0	202	172	1952	0	0	0	0	0	0	0	0	0	0	0	0	0	400	0	1226	0	4788	0	5902	0	0	0	8282	0	15076	0	5416	0	124	0	984	0	0	0	2246	0	0	0	0	0	12908	0	0	0	3246	0	27900	0	522	0	23442	0	0	0	0	0	0	0	0	0	0	0	0	0	0	0	0	0	0	0	0	0	0	0	0	0	0	0	
125808	Temporal_Sup_R	0	760	0	520	0	0	0	150	0	0	0	266	0	0	0	0	0	5098	0	692	0	0	0	0	0	0	0	0	0	5610	0	0	0	156	0	1028	0	822	0	0	0	0	0	376	0	174	0	218	0	0	0	446	0	0	0	1458	0	708	0	354	0	222	0	6244	0	3850	0	1366	0	672	0	0	0	370	0	0	0	0	0	5452	0	0	0	3348	0	17006	0	2130	0	3408	0	0	0	0	0	0	0	0	0	0	0	0	0	0	0	0	0	0	0	0	0	0	0	0	0	0	
92380	Temporal_Pole_Sup_L	144	0	960	318	906	0	298	0	178	0	1902	0	688	0	1224	0	1254	0	890	306	470	0	0	0	0	0	0	0	4026	0	128	0	0	0	0	0	1514	0	782	0	1274	0	0	0	0	0	0	0	0	0	0	0	0	0	2098	0	0	0	0	0	0	0	0	0	0	0	0	0	0	0	230	220	376	216	0	0	0	0	0	0	3246	0	0	0	8896	0	7122	0	6524	0	0	0	0	0	0	0	0	0	0	0	0	0	0	0	0	0	0	0	0	0	0	0	0	0	0	0	
70424	Temporal_Pole_Sup_R	0	0	0	0	0	168	0	0	0	0	0	132	0	0	0	290	0	176	0	0	0	160	0	0	0	0	0	0	0	1338	0	0	0	0	0	0	0	726	0	1992	0	1874	0	0	0	0	0	0	0	0	0	0	0	0	0	8708	0	0	0	0	0	0	0	0	0	0	0	0	0	0	0	0	0	0	0	0	0	0	0	0	0	3348	0	0	0	3704	0	6980	0	5616	0	0	0	0	0	0	0	0	0	0	0	0	0	0	0	0	0	0	0	0	0	0	0	0	0	0	
382496	Temporal_Mid_L	1400	0	270	0	0	0	0	0	0	0	0	0	0	0	0	0	2260	0	284	0	0	0	0	0	0	0	0	0	4244	0	0	0	0	0	1098	0	1684	0	0	0	656	0	2548	0	1382	0	306	0	558	0	17128	0	6330	0	3736	0	1740	0	186	0	17692	0	9896	0	17714	0	1740	0	1960	0	0	0	114	0	0	0	0	0	8772	0	27900	0	8896	0	0	0	6884	0	43870	0	0	0	0	0	0	0	0	0	0	0	0	0	0	0	0	0	0	0	0	0	0	0	0	0	0	0	
270504	Temporal_Mid_R	0	4094	0	214	0	0	0	0	0	0	0	0	0	0	0	0	0	438	0	4020	0	0	0	0	0	0	0	0	0	2052	0	0	0	900	0	5256	0	1196	0	260	0	0	0	6548	0	2430	0	1496	0	1676	0	13760	0	468	0	3546	0	5066	0	570	0	1386	0	3400	0	8068	334	10314	0	5986	0	0	0	0	0	0	0	0	0	1016	0	17006	0	3704	0	0	0	5530	0	24138	0	142	0	0	0	0	0	0	0	238	0	0	0	0	0	0	0	0	0	0	0	0	0	0	0	0	
45156	Temporal_Pole_Mid_L	0	0	0	0	0	0	0	0	0	0	0	0	0	0	0	0	0	0	0	0	0	0	0	0	0	0	0	0	0	0	0	0	0	0	0	0	514	0	194	0	448	0	0	0	0	0	0	0	0	0	0	0	0	0	1512	0	0	0	0	0	0	0	0	0	0	0	0	0	0	0	0	0	0	0	0	0	0	0	0	0	522	0	7122	0	6884	0	0	0	5382	0	0	0	0	0	0	0	0	0	0	0	0	0	0	0	0	0	0	0	0	0	0	0	0	0	0	0	
48084	Temporal_Pole_Mid_R	0	0	0	0	0	0	0	0	0	0	0	0	0	0	0	0	0	0	0	0	0	0	0	0	0	0	0	0	0	0	0	0	0	0	0	0	0	0	0	920	0	0	0	0	0	0	0	0	0	0	0	0	0	0	0	3592	0	0	0	0	0	0	0	0	0	0	0	0	0	0	0	0	0	0	0	0	0	0	0	0	0	2130	0	6980	0	5530	0	0	0	4890	0	0	0	0	0	0	0	0	0	0	0	0	0	0	0	0	0	0	0	0	0	0	0	0	0	0	
388172	Temporal_Inf_L	1314	0	1028	0	0	0	0	0	0	0	0	0	0	0	136	0	2228	0	998	0	142	0	0	0	0	0	0	0	6996	0	0	0	0	0	1038	0	9638	0	1484	0	3122	0	2882	0	1110	0	348	0	322	0	3060	0	10352	0	21050	0	1166	0	0	0	9216	0	8260	0	5350	0	2218	0	692	0	0	0	1796	0	0	0	0	0	13102	0	23442	0	6524	0	43870	0	5382	0	0	0	2720	0	862	0	0	0	354	0	718	0	606	0	560	0	0	0	0	0	0	0	0	0	0	0	0	0	
259312	Temporal_Inf_R	194	3670	0	142	0	0	0	0	0	0	0	0	0	0	0	0	0	414	0	3108	0	0	0	0	0	0	0	0	0	2900	0	0	0	514	220	5478	160	7054	0	3158	0	172	0	7454	0	1252	0	3946	0	318	0	2984	0	1876	0	20436	0	1678	0	452	0	400	0	690	0	542	0	9340	0	3930	0	0	0	146	0	0	0	400	0	1892	0	3408	0	5616	0	24138	0	4890	0	0	0	3504	0	470	0	0	0	0	0	1186	0	392	0	1132	0	0	0	0	0	0	0	0	0	0	0	0	
457156	Cerebelum_Crus1_L	0	0	0	0	0	0	0	0	0	0	0	0	0	0	0	0	0	0	0	0	0	0	0	0	0	0	0	0	0	0	0	0	0	0	0	0	0	0	124	0	0	0	0	0	0	0	7356	2080	0	0	246	0	1308	0	23570	594	0	0	0	0	0	0	0	0	0	0	0	0	0	0	0	0	0	0	0	0	0	0	0	0	0	0	0	0	0	0	0	0	2720	0	0	5644	34158	5108	394	0	16238	796	49092	3584	21358	1764	27290	3238	2552	452	332	122	0	0	1958	5800	8750	1426	524	0	
394772	Cerebelum_Crus1_R	0	0	0	0	0	0	0	0	0	0	0	0	0	0	0	0	0	0	0	0	0	0	0	0	0	0	0	0	0	0	0	0	0	0	0	0	0	364	0	122	0	0	190	0	0	0	1106	1496	0	0	0	0	302	156	400	14994	0	0	0	0	0	0	0	0	0	0	0	0	0	0	0	0	0	0	0	0	0	0	0	0	0	0	0	0	0	142	0	0	0	3504	5644	0	3238	30802	0	1072	370	13196	3014	50044	2056	8396	2336	28554	368	6462	0	240	0	246	1284	4320	9366	2298	1304	0	
289428	Cerebelum_Crus2_L	0	0	0	0	0	0	0	0	0	0	0	0	0	0	0	0	0	0	0	0	0	0	0	0	0	0	0	0	0	0	0	0	0	0	0	0	0	0	0	0	0	0	0	0	0	0	236	200	0	0	0	0	0	0	1538	0	0	0	0	0	0	0	0	0	0	0	0	0	0	0	0	0	0	0	0	0	0	0	0	0	0	0	0	0	0	0	0	0	862	0	34158	3238	0	8138	0	0	456	0	4584	556	36400	3830	33084	3386	1570	0	130	0	0	0	0	834	8956	2558	0	0	
278852	Cerebelum_Crus2_R	0	0	0	0	0	0	0	0	0	0	0	0	0	0	0	0	0	0	0	0	0	0	0	0	0	0	0	0	0	0	0	0	0	0	0	0	0	0	0	0	0	0	0	0	0	0	0	0	0	0	0	0	0	0	0	236	0	0	0	0	0	0	0	0	0	0	0	0	0	0	0	0	0	0	0	0	0	0	0	0	0	0	0	0	0	0	0	0	0	470	5108	30802	8138	0	0	0	0	128	146	4142	6044	21270	7184	35204	620	4312	0	0	0	0	0	116	12400	2764	342	0	
75400	Cerebelum_3_L	0	0	0	0	0	0	0	0	0	0	0	0	0	0	0	0	0	0	0	0	0	0	0	0	0	0	0	0	0	0	0	0	0	0	0	0	0	0	0	0	0	0	0	0	0	0	242	2472	0	0	0	0	0	702	156	2256	0	0	0	0	0	0	0	0	0	0	0	0	0	0	0	0	0	0	0	0	0	0	0	0	0	0	0	0	0	0	0	0	0	0	394	0	0	0	0	1196	7710	1710	3254	2440	0	0	196	0	3702	726	0	0	1142	2944	4164	2294	0	0	0	0	
55952	Cerebelum_3_R	0	0	0	0	0	0	0	0	0	0	0	0	0	0	0	0	0	0	0	0	0	0	0	0	0	0	0	0	0	0	0	0	0	0	0	0	0	0	0	0	0	0	0	0	0	0	142	738	0	0	0	0	0	156	0	1444	0	0	0	0	0	0	0	0	0	0	0	0	0	0	0	0	0	0	0	0	0	0	0	0	0	0	0	0	0	0	0	0	0	0	0	1072	0	0	1196	0	1354	6638	854	3700	0	0	0	284	920	2272	0	0	564	2872	2448	966	0	0	356	0	
328724	Cerebelum_4_5_L	0	0	0	0	0	0	0	0	0	0	0	0	0	0	0	0	0	0	0	0	0	0	0	0	0	0	0	0	0	0	0	0	0	0	0	0	166	0	364	0	0	0	312	0	0	0	16860	6800	0	0	168	120	316	1070	15378	4344	0	0	0	0	0	0	0	0	0	0	0	0	0	0	0	0	0	0	0	0	0	0	0	0	0	0	0	0	0	0	0	0	354	0	16238	370	456	0	7710	1354	0	5648	34916	6110	1844	0	3516	0	7146	1912	200	0	894	2500	16814	7510	0	0	1334	1638	
228652	Cerebelum_4_5_R	0	0	0	0	0	0	0	0	0	0	0	0	0	0	0	0	0	0	0	0	0	0	0	0	0	0	0	0	0	0	0	0	0	0	0	0	0	388	0	686	0	0	948	230	0	0	3274	9042	0	0	0	280	0	1854	936	14984	0	0	0	0	0	0	0	0	0	0	0	0	0	0	0	0	0	0	0	0	0	0	0	0	0	0	0	0	0	0	0	0	0	0	796	13196	0	128	1710	6638	5648	0	3646	26830	0	0	160	598	1556	2432	0	0	208	1728	12896	2720	0	0	454	360	
505156	Cerebelum_6_L	0	0	0	0	0	0	0	0	0	0	0	0	0	0	0	0	0	0	0	0	0	0	0	0	0	0	0	0	0	0	0	0	0	0	0	0	150	0	330	0	0	0	0	0	0	0	20548	10030	0	0	1106	0	4452	1274	36048	6176	0	0	0	0	0	0	0	0	0	0	0	0	0	0	0	0	0	0	0	0	0	0	0	0	0	0	0	0	0	0	0	0	718	0	49092	3014	4584	146	3254	854	34916	3646	0	11078	5484	0	10038	256	8806	2156	1010	518	482	1254	8086	16848	2862	1408	1954	0	
433024	Cerebelum_6_R	0	0	0	0	0	0	0	0	0	0	0	0	0	0	0	0	0	0	0	0	0	0	0	0	0	0	0	0	0	0	0	0	0	0	0	0	0	818	0	224	0	0	642	0	0	0	3866	13610	0	0	0	0	434	2322	876	28880	0	0	0	0	0	0	0	0	0	0	0	0	0	0	0	0	0	0	0	0	0	0	0	0	0	0	0	0	0	238	0	0	0	1186	3584	50044	556	4142	2440	3700	6110	26830	11078	0	148	1620	544	8666	5156	4396	552	400	458	1566	9106	13492	4492	2130	2206	0	
265412	Cerebelum_7b_L	0	0	0	0	0	0	0	0	0	0	0	0	0	0	0	0	0	0	0	0	0	0	0	0	0	0	0	0	0	0	0	0	0	0	0	0	0	0	0	0	0	0	0	0	0	0	202	0	0	0	0	0	0	0	1426	0	0	0	0	0	0	0	0	0	0	0	0	0	0	0	0	0	0	0	0	0	0	0	0	0	0	0	0	0	0	0	0	0	606	0	21358	2056	36400	6044	0	0	1844	0	5484	148	0	2714	37472	4018	2158	160	560	0	0	0	178	258	6690	2930	0	0	
141816	Cerebelum_7b_R	0	0	0	0	0	0	0	0	0	0	0	0	0	0	0	0	0	0	0	0	0	0	0	0	0	0	0	0	0	0	0	0	0	0	0	0	0	0	0	0	0	0	0	0	0	0	0	0	0	0	0	0	0	0	0	0	0	0	0	0	0	0	0	0	0	0	0	0	0	0	0	0	0	0	0	0	0	0	0	0	0	0	0	0	0	0	0	0	0	392	1764	8396	3830	21270	0	0	0	0	0	1620	2714	0	2894	20428	148	898	0	0	0	0	0	0	4386	2168	0	0	
358960	Cerebelum_8_L	0	0	0	0	0	0	0	0	0	0	0	0	0	0	0	0	0	0	0	0	0	0	0	0	0	0	0	0	0	0	0	0	0	0	0	0	0	0	0	0	0	0	0	0	0	0	492	490	0	0	0	0	0	0	1712	138	0	0	0	0	0	0	0	0	0	0	0	0	0	0	0	0	0	0	0	0	0	0	0	0	0	0	0	0	0	0	0	0	560	0	27290	2336	33084	7184	196	0	3516	160	10038	544	37472	2894	0	9076	18490	1956	2406	0	0	0	450	952	8952	7242	1850	0	
316792	Cerebelum_8_R	0	0	0	0	0	0	0	0	0	0	0	0	0	0	0	0	0	0	0	0	0	0	0	0	0	0	0	0	0	0	0	0	0	0	0	0	0	0	0	0	0	0	0	0	0	0	0	0	0	0	0	0	0	0	0	1234	0	0	0	0	0	0	0	0	0	0	0	0	0	0	0	0	0	0	0	0	0	0	0	0	0	0	0	0	0	0	0	0	0	1132	3238	28554	3386	35204	0	284	0	598	256	8666	4018	20428	9076	0	2296	19648	0	682	0	0	218	430	9296	7458	2074	220	
200884	Cerebelum_9_L	0	0	0	0	0	0	0	0	0	0	0	0	0	0	0	0	0	0	0	0	0	0	0	0	0	0	0	0	0	0	0	0	0	0	0	0	0	0	0	0	0	0	0	0	0	0	956	4648	0	0	0	0	0	1004	220	4476	0	0	0	0	0	0	0	0	0	0	0	0	0	0	0	0	0	0	0	0	0	0	0	0	0	0	0	0	0	0	0	0	0	0	2552	368	1570	620	3702	920	7146	1556	8806	5156	2158	148	18490	2296	0	3894	4504	378	518	1322	4456	7802	1992	3900	4074	810	
170560	Cerebelum_9_R	0	0	0	0	0	0	0	0	0	0	0	0	0	0	0	0	0	0	0	0	0	0	0	0	0	0	0	0	0	0	0	0	0	0	0	0	0	0	0	0	0	0	0	0	0	0	948	384	0	0	0	0	0	0	0	892	0	0	0	0	0	0	0	0	0	0	0	0	0	0	0	0	0	0	0	0	0	0	0	0	0	0	0	0	0	0	0	0	0	0	452	6462	0	4312	726	2272	1912	2432	2156	4396	160	898	1956	19648	3894	0	0	2202	222	1222	2796	5198	3578	6444	8144	1574	
22640	Cerebelum_10_L	0	0	0	0	0	0	0	0	0	0	0	0	0	0	0	0	0	0	0	0	0	0	0	0	0	0	0	0	0	0	0	0	0	0	0	0	0	0	0	0	0	0	0	0	0	0	0	484	0	0	0	0	0	0	0	474	0	0	0	0	0	0	0	0	0	0	0	0	0	0	0	0	0	0	0	0	0	0	0	0	0	0	0	0	0	0	0	0	0	0	332	0	130	0	0	0	200	0	1010	552	560	0	2406	0	4504	0	0	0	0	0	0	668	0	0	0	0	
17356	Cerebelum_10_R	0	0	0	0	0	0	0	0	0	0	0	0	0	0	0	0	0	0	0	0	0	0	0	0	0	0	0	0	0	0	0	0	0	0	0	0	0	0	0	0	0	0	0	0	0	0	0	0	0	0	0	0	0	0	0	0	0	0	0	0	0	0	0	0	0	0	0	0	0	0	0	0	0	0	0	0	0	0	0	0	0	0	0	0	0	0	0	0	0	0	122	240	0	0	0	0	0	0	518	400	0	0	0	682	378	2202	0	0	0	0	0	926	844	1164	1202	0	
24516	Vermis_1_2	0	0	0	0	0	0	0	0	0	0	0	0	0	0	0	0	0	0	0	0	0	0	0	0	0	0	0	0	0	0	0	0	0	0	0	0	0	0	0	0	0	0	0	0	0	0	0	462	0	0	0	0	0	126	0	418	0	0	0	0	0	0	0	0	0	0	0	0	0	0	0	0	0	0	0	0	0	0	0	0	0	0	0	0	0	0	0	0	0	0	0	0	0	0	1142	564	894	208	482	458	0	0	0	0	518	222	0	0	0	4534	1716	514	0	0	0	0	
55348	Vermis_3	0	0	0	0	0	0	0	0	0	0	0	0	0	0	0	0	0	0	0	0	0	0	0	0	0	0	0	0	0	0	0	0	0	0	0	0	0	0	0	0	0	0	0	0	0	0	0	1254	0	0	0	0	0	244	0	1122	0	0	0	0	0	0	0	0	0	0	0	0	0	0	0	0	0	0	0	0	0	0	0	0	0	0	0	0	0	0	0	0	0	0	0	246	0	0	2944	2872	2500	1728	1254	1566	0	0	0	0	1322	1222	0	0	4534	0	3528	1196	0	0	142	0	
224548	Vermis_4_5	0	0	0	0	0	0	0	0	0	0	0	0	0	0	0	0	0	0	0	0	0	0	0	0	0	0	0	0	0	0	0	0	0	0	0	0	0	0	0	0	0	0	1348	224	0	0	8666	9942	0	0	0	262	0	1756	1934	6360	0	0	0	0	0	0	0	0	0	0	0	0	0	0	0	0	0	0	0	0	0	0	0	0	0	0	0	0	0	0	0	0	0	0	1958	1284	0	0	4164	2448	16814	12896	8086	9106	178	0	450	218	4456	2796	0	0	1716	3528	0	8232	0	0	1498	1954	
254800	Vermis_6	0	0	0	0	0	0	0	0	0	0	0	0	0	0	0	0	0	0	0	0	0	0	0	0	0	0	0	0	0	0	0	0	0	0	0	0	0	0	0	0	0	0	0	0	0	0	8222	10566	0	0	342	0	1470	1426	2736	7498	0	0	0	0	0	0	0	0	0	0	0	0	0	0	0	0	0	0	0	0	0	0	0	0	0	0	0	0	0	0	0	0	0	0	5800	4320	834	116	2294	966	7510	2720	16848	13492	258	0	952	430	7802	5198	668	926	514	1196	8232	0	3580	2970	5232	2282	
