data	data	511308	412688	1.02251e+06	887876	223292	106860	555168	387448	93052	40476	346500	247352	296880	223204	171240	84684	381164	135716	730712	652004	86848	82232	645124	551820	86960	101316	61336	67640	818004	354704	487308	649756	292440	706076	181688	208808	433888	427328	208924	290368	55756	37364	336848	500452	295028	422432	419560	419520	287324	356116	654396	287056	271176	156888	687540	595860	357172	289664	233680	130740	344084	242884	178996	164544	272604	235688	511968	705028	260880	307068	307504	387576	366992	440692	48416	38320	211460	259644	142480	93820	403916	190280	146584	40928	425700	249132	49148	6924	360668	249888	564748	431580	364092	226312	86584	50496	451212	219680	605428	434312	229728	114372	338540	261160	145324	183080	43880	28176	21152	58176	295084	248040	205208	186572	143396	47980	
data	data	Precentral_L	Precentral_R	Frontal_Sup_L	Frontal_Sup_R	Frontal_Sup_Orb_L	Frontal_Sup_Orb_R	Frontal_Mid_L	Frontal_Mid_R	Frontal_Mid_Orb_L	Frontal_Mid_Orb_R	Frontal_Inf_Oper_L	Frontal_Inf_Oper_R	Frontal_Inf_Tri_L	Frontal_Inf_Tri_R	Frontal_Inf_Orb_L	Frontal_Inf_Orb_R	Rolandic_Oper_L	Rolandic_Oper_R	Supp_Motor_Area_L	Supp_Motor_Area_R	Olfactory_L	Olfactory_R	Frontal_Sup_Medial_L	Frontal_Sup_Medial_R	Frontal_Med_Orb_L	Frontal_Med_Orb_R	Rectus_L	Rectus_R	Insula_L	Insula_R	Cingulum_Ant_L	Cingulum_Ant_R	Cingulum_Mid_L	Cingulum_Mid_R	Cingulum_Post_L	Cingulum_Post_R	Hippocampus_L	Hippocampus_R	ParaHippocampal_L	ParaHippocampal_R	Amygdala_L	Amygdala_R	Calcarine_L	Calcarine_R	Cuneus_L	Cuneus_R	Lingual_L	Lingual_R	Occipital_Sup_L	Occipital_Sup_R	Occipital_Mid_L	Occipital_Mid_R	Occipital_Inf_L	Occipital_Inf_R	Fusiform_L	Fusiform_R	Postcentral_L	Postcentral_R	Parietal_Sup_L	Parietal_Sup_R	Parietal_Inf_L	Parietal_Inf_R	SupraMarginal_L	SupraMarginal_R	Angular_L	Angular_R	Precuneus_L	Precuneus_R	Paracentral_Lobule_L	Paracentral_Lobule_R	Caudate_L	Caudate_R	Putamen_L	Putamen_R	Pallidum_L	Pallidum_R	Thalamus_L	Thalamus_R	Heschl_L	Heschl_R	Temporal_Sup_L	Temporal_Sup_R	Temporal_Pole_Sup_L	Temporal_Pole_Sup_R	Temporal_Mid_L	Temporal_Mid_R	Temporal_Pole_Mid_L	Temporal_Pole_Mid_R	Temporal_Inf_L	Temporal_Inf_R	Cerebelum_Crus1_L	Cerebelum_Crus1_R	Cerebelum_Crus2_L	Cerebelum_Crus2_R	Cerebelum_3_L	Cerebelum_3_R	Cerebelum_4_5_L	Cerebelum_4_5_R	Cerebelum_6_L	Cerebelum_6_R	Cerebelum_7b_L	Cerebelum_7b_R	Cerebelum_8_L	Cerebelum_8_R	Cerebelum_9_L	Cerebelum_9_R	Cerebelum_10_L	Cerebelum_10_R	Vermis_1_2	Vermis_3	Vermis_4_5	Vermis_6	Vermis_7	Vermis_8	Vermis_9	Vermis_10	
511308	Precentral_L	0	8510	17756	3618	0	0	16528	832	0	0	12754	418	1916	342	0	0	11256	108	9388	3472	0	0	390	74	0	0	0	0	13242	768	496	534	758	2054	7052	5062	9770	5432	952	1250	0	0	320	0	478	0	352	190	304	0	3788	0	1576	0	2280	996	38916	104	3026	0	7158	0	3098	100	1300	144	2888	808	12144	262	1574	2554	4272	324	864	0	10120	5984	4354	242	5218	222	82	0	2202	82	0	0	1960	256	178	0	0	0	0	0	0	0	202	0	0	0	0	0	0	0	0	0	0	0	0	0	0	0	0	0	
412688	Precentral_R	8510	0	2550	17536	0	0	682	10200	0	0	256	8102	0	1362	0	0	220	1458	4240	4908	0	0	172	0	0	0	0	0	1468	4632	166	594	286	3164	2686	4282	3236	8100	746	1226	0	120	0	1616	0	1420	118	928	0	1666	0	326	102	778	418	3922	1286	23950	0	1112	0	3734	0	6454	0	436	930	6870	4464	6496	700	6256	328	2592	0	108	5344	18978	316	1106	264	2544	0	0	168	2710	0	0	548	6180	0	96	0	0	0	0	0	0	0	106	0	0	0	0	0	0	0	0	0	72	0	0	0	0	0	0	
1.02251e+06	Frontal_Sup_L	17756	2550	0	14454	11166	104	70970	3292	1520	0	20342	1066	19044	1892	5908	0	11276	394	70332	14044	90	0	61796	23572	3026	564	124	96	32360	738	25830	12640	8814	11190	1344	1242	4348	1604	570	638	0	0	0	0	0	0	0	88	0	0	0	0	0	0	1054	438	3574	258	0	0	0	0	0	84	0	0	116	352	790	198	6372	2138	16758	910	4268	118	6508	1992	1218	90	4470	116	1048	0	254	0	0	0	734	104	150	0	0	0	0	0	132	0	226	0	0	0	0	0	0	0	0	0	0	0	0	0	0	0	0	0	
887876	Frontal_Sup_R	3618	17536	14454	0	720	7352	4512	43716	0	2000	756	3076	520	8646	102	4736	1226	2502	16084	57920	0	484	19644	47560	518	3706	0	522	3810	6454	10934	41470	4538	28062	1622	1616	2740	6636	564	2640	0	0	0	0	0	0	0	0	0	0	0	0	0	0	930	1662	520	2084	0	0	0	188	0	324	0	80	144	630	1550	518	3096	22072	2606	16616	74	1546	1802	10090	148	542	746	928	232	342	0	272	0	0	184	528	118	0	0	0	0	0	154	0	216	0	0	0	0	0	0	0	0	0	0	0	0	0	0	0	0	0	
223292	Frontal_Sup_Orb_L	0	0	11166	720	0	210	2954	0	14518	0	572	0	6288	0	14136	0	0	0	672	0	1892	282	8944	2040	6980	1464	5590	78	10580	0	8438	686	520	0	0	0	352	0	74	0	492	0	0	0	0	0	0	0	0	0	0	0	0	0	106	0	0	0	0	0	0	0	0	0	0	0	0	0	0	0	2730	328	7868	0	0	0	0	0	0	0	0	0	966	0	0	0	0	0	0	0	0	0	0	0	0	0	0	0	0	0	0	0	0	0	0	0	0	0	0	0	0	0	0	0	0	0	
106860	Frontal_Sup_Orb_R	0	0	104	7352	210	0	0	1162	0	3742	0	0	0	610	0	3618	0	0	0	1156	200	1018	446	3984	234	7912	410	7676	0	1000	592	2694	0	190	0	0	0	0	0	0	0	0	0	0	0	0	0	0	0	0	0	0	0	0	0	0	0	0	0	0	0	0	0	0	0	0	0	0	0	0	94	3792	0	5234	0	0	0	0	0	0	0	0	0	0	0	0	0	0	0	0	0	0	0	0	0	0	0	0	0	0	0	0	0	0	0	0	0	0	0	0	0	0	0	0	0	0	
555168	Frontal_Mid_L	16528	682	70970	4512	2954	0	0	2604	2746	0	12858	198	29718	348	7690	0	5582	172	13120	2330	0	0	32474	12664	100	0	0	0	16472	190	8956	5416	4266	6694	122	102	1550	168	138	88	0	0	0	0	0	0	0	0	0	0	78	0	0	0	290	72	5376	104	0	0	0	0	84	0	0	0	90	0	0	0	664	328	1396	118	242	0	2426	592	802	0	1882	0	206	0	238	0	0	0	184	0	0	0	0	0	0	0	0	0	0	0	0	0	0	0	0	0	0	0	0	0	0	0	0	0	0	0	
387448	Frontal_Mid_R	832	10200	3292	43716	0	1162	2604	0	0	854	428	12760	222	15360	0	2782	488	826	4516	9258	0	0	5680	14320	0	0	0	0	956	3818	3306	14936	670	12354	448	470	586	3114	464	1772	0	0	0	0	0	0	0	0	0	0	0	0	0	0	0	1606	126	1184	0	0	0	182	0	782	0	0	142	510	74	518	324	1852	292	7862	0	1420	154	2898	0	188	310	592	212	0	0	142	0	0	0	160	0	0	0	0	0	0	0	0	0	0	0	0	0	0	0	0	0	0	0	0	0	0	0	0	0	0	
93052	Frontal_Mid_Orb_L	0	0	1520	0	14518	0	2746	0	0	0	0	0	3012	0	13910	0	0	0	0	0	336	110	114	0	444	0	3708	0	2066	0	308	0	0	0	0	0	0	0	0	0	0	0	0	0	0	0	0	0	0	0	0	0	0	0	0	0	0	0	0	0	0	0	0	0	0	0	0	0	0	0	1130	104	1960	0	0	0	0	0	0	0	0	0	540	0	0	0	0	0	0	0	0	0	0	0	0	0	0	0	0	0	0	0	0	0	0	0	0	0	0	0	0	0	0	0	0	0	
40476	Frontal_Mid_Orb_R	0	0	0	2000	0	3742	0	854	0	0	0	0	0	826	0	7514	0	0	0	134	88	198	0	0	0	588	0	626	0	1654	0	0	0	0	0	0	0	0	0	0	0	0	0	0	0	0	0	0	0	0	0	0	0	0	0	0	0	0	0	0	0	0	0	0	0	0	0	0	0	0	0	310	0	1704	0	0	0	0	0	0	0	0	0	0	0	0	0	0	0	0	0	0	0	0	0	0	0	0	0	0	0	0	0	0	0	0	0	0	0	0	0	0	0	0	0	0	
346500	Frontal_Inf_Oper_L	12754	256	20342	756	572	0	12858	428	0	0	0	3810	15126	2704	260	0	15840	568	15242	1010	0	0	3404	776	320	0	0	0	24352	748	8450	1770	1476	352	0	0	888	358	132	238	0	0	0	0	0	0	0	0	0	0	0	0	0	0	224	256	4290	0	0	0	0	0	0	0	0	0	0	0	0	0	4264	256	2240	1170	0	94	1020	380	868	0	7270	130	4802	0	196	0	0	0	0	0	0	0	0	0	0	0	0	0	0	0	0	0	0	0	0	0	0	0	0	0	0	0	0	0	0	0	
247352	Frontal_Inf_Oper_R	418	8102	1066	3076	0	0	198	12760	0	0	3810	0	0	12270	0	100	3538	5696	2812	4006	0	0	932	970	0	0	0	0	3314	12802	714	4710	0	2608	90	94	150	4556	262	2974	0	0	0	0	0	0	0	0	0	0	0	0	0	0	0	3286	136	2166	0	0	0	0	0	244	0	0	0	374	0	436	2244	1678	412	10664	0	348	0	1884	80	282	1930	2224	948	1446	0	0	0	0	0	768	0	0	0	0	0	0	0	0	0	98	0	0	0	0	0	0	0	0	0	0	0	0	0	0	0	0	
296880	Frontal_Inf_Tri_L	1916	0	19044	520	6288	0	29718	222	3012	0	15126	0	0	0	13592	0	2098	0	2808	154	0	0	6766	1070	614	0	108	0	28014	0	7928	1228	1562	1174	0	0	0	0	0	0	0	0	0	0	0	0	0	0	0	0	0	0	0	0	0	0	508	0	0	0	0	0	0	0	0	0	0	0	0	0	104	0	1246	0	0	0	0	0	124	0	1532	0	1674	0	290	0	0	0	0	0	0	0	0	0	0	0	0	0	0	0	0	0	0	0	0	0	0	0	0	0	0	0	0	0	0	0	
223204	Frontal_Inf_Tri_R	342	1362	1892	8646	0	610	348	15360	0	826	2704	12270	0	0	0	2230	1304	558	4108	4304	0	0	3066	4028	0	78	0	116	1960	10406	928	11670	790	6060	0	0	0	1136	108	894	0	0	0	0	0	0	0	0	0	0	0	0	0	0	0	852	206	98	0	0	0	0	0	0	0	0	0	0	0	0	2346	1740	870	4964	0	562	0	838	0	0	516	128	378	0	0	0	0	0	0	0	0	0	0	0	0	0	0	0	0	0	0	0	0	0	0	0	0	0	0	0	0	0	0	0	0	0	
171240	Frontal_Inf_Orb_L	0	0	5908	102	14136	0	7690	0	13910	0	260	0	13592	0	0	0	0	0	176	0	2152	128	1400	182	464	0	1568	0	12832	0	1370	176	244	212	0	0	728	0	278	0	792	0	0	0	0	0	0	0	0	0	0	0	0	0	414	0	0	0	0	0	0	0	0	0	0	0	0	0	0	0	1450	132	3390	0	0	0	0	0	0	0	0	0	1934	0	0	0	0	0	0	0	0	0	0	0	0	0	0	0	0	0	0	0	0	0	0	0	0	0	0	0	0	0	0	0	0	0	
84684	Frontal_Inf_Orb_R	0	0	0	4736	0	3618	0	2782	0	7514	0	100	0	2230	0	0	0	0	232	1404	586	1422	0	522	0	146	88	2002	148	6050	0	722	0	298	0	0	0	268	0	160	0	0	0	0	0	0	0	0	0	0	0	0	0	0	0	232	0	0	0	0	0	0	0	0	0	0	0	0	0	0	438	3120	0	3240	0	0	0	284	0	0	0	0	0	0	0	0	0	0	0	0	0	0	0	0	0	0	0	0	0	0	0	0	0	0	0	0	0	0	0	0	0	0	0	0	0	0	
381164	Rolandic_Oper_L	11256	220	11276	1226	0	0	5582	488	0	0	15840	3538	2098	1304	0	0	0	1128	10024	804	0	0	410	240	0	0	0	0	34596	1068	1270	652	630	176	130	106	1022	382	402	244	0	0	0	0	0	0	408	0	114	0	2970	0	2196	0	2632	250	13146	0	484	0	342	0	1918	0	910	0	1016	458	96	0	5852	442	1620	1572	0	250	1662	404	7528	0	23292	316	4572	296	5302	0	0	0	4320	0	0	0	0	0	0	0	0	0	102	0	0	0	0	0	0	0	0	0	0	0	0	0	0	0	0	0	
135716	Rolandic_Oper_R	108	1458	394	2502	0	0	172	826	0	0	568	5696	0	558	0	0	1128	0	186	2302	0	0	0	0	0	0	0	0	1162	12916	0	144	0	208	0	0	0	1704	0	768	0	0	0	80	0	0	0	0	0	0	0	0	0	0	0	966	0	4566	0	0	0	0	0	4672	0	88	116	686	0	516	918	418	0	3898	0	486	0	168	80	5028	588	8370	258	1508	0	1096	0	0	0	552	0	0	0	0	0	0	0	0	0	0	0	0	0	0	0	0	0	0	0	0	0	0	0	0	0	0	
730712	Supp_Motor_Area_L	9388	4240	70332	16084	672	0	13120	4516	0	0	15242	2812	2808	4108	176	232	10024	186	0	41360	0	0	11382	7732	154	0	0	0	18864	1068	8114	9344	12378	24136	1428	150	3042	190	520	114	0	0	502	0	334	0	80	0	0	0	0	0	0	0	1106	108	2600	162	0	0	0	0	0	0	0	0	712	118	20128	366	7580	2680	15714	1186	4956	154	4296	808	988	0	3866	0	794	0	234	0	0	0	1164	0	244	0	84	0	0	0	146	0	330	0	0	0	0	0	0	0	0	0	0	0	0	0	0	0	0	0	
652004	Supp_Motor_Area_R	3472	4908	14044	57920	0	1156	2330	9258	0	134	1010	4006	154	4304	0	1404	804	2302	41360	0	0	496	5292	10358	0	656	0	82	2744	3194	3586	17050	7232	45484	1484	2456	1536	2764	434	1770	0	0	0	202	0	106	0	232	0	0	0	0	0	136	830	1328	230	754	0	0	0	158	0	322	0	82	222	1092	14624	7654	2942	17582	2880	10738	72	1016	310	3026	94	392	456	828	72	322	0	534	0	0	156	970	110	0	0	0	0	0	142	0	204	0	0	0	0	0	0	0	0	0	0	0	0	0	0	0	0	0	
86848	Olfactory_L	0	0	90	0	1892	200	0	0	336	88	0	0	0	0	2152	586	0	0	0	0	0	3666	0	82	1698	280	2384	1024	2502	1030	3318	1134	0	0	0	0	1884	0	576	0	2188	0	0	0	0	0	0	0	0	0	0	0	0	0	1032	0	0	0	0	0	0	0	0	0	0	0	0	0	0	0	6728	3440	3274	1364	0	0	0	0	0	0	0	0	476	0	0	0	0	0	0	0	0	0	0	0	0	0	0	0	0	0	0	0	0	0	0	0	0	0	0	0	0	0	0	0	0	0	
82232	Olfactory_R	0	0	0	484	282	1018	0	0	110	198	0	0	0	0	128	1422	0	0	0	496	3666	0	0	82	94	926	898	2394	78	2564	1570	3440	0	246	0	0	0	76	0	104	0	124	0	0	0	0	0	0	0	0	0	0	0	0	0	0	0	0	0	0	0	0	0	0	0	0	0	0	0	0	4682	8514	2732	4292	0	206	0	210	0	0	0	0	0	80	0	0	0	0	0	0	0	0	0	0	0	0	0	0	0	0	0	0	0	0	0	0	0	0	0	0	0	0	0	0	0	0	
645124	Frontal_Sup_Medial_L	390	172	61796	19644	8944	446	32474	5680	114	0	3404	932	6766	3066	1400	0	410	0	11382	5292	0	0	0	42392	6760	2130	248	128	6004	1168	33488	26676	13336	23624	0	0	0	94	0	0	0	0	0	0	0	0	0	0	0	0	0	0	0	0	0	0	138	0	0	0	0	0	0	0	0	0	0	0	0	0	226	1060	1500	790	0	0	88	112	0	0	128	0	160	0	0	0	0	0	0	0	0	0	0	0	0	0	0	0	0	0	0	0	0	0	0	0	0	0	0	0	0	0	0	0	0	0	
551820	Frontal_Sup_Medial_R	74	0	23572	47560	2040	3984	12664	14320	0	0	776	970	1070	4028	182	522	240	0	7732	10358	82	82	42392	0	1602	5216	0	488	852	1734	15874	38746	3464	24054	0	0	0	0	0	0	0	0	0	0	0	0	0	0	0	0	0	0	0	0	0	0	0	0	0	0	0	0	0	0	0	0	0	0	0	0	228	6192	138	4568	0	0	0	0	0	0	106	0	0	0	0	0	0	0	0	0	0	0	0	0	0	0	0	0	0	0	0	0	0	0	0	0	0	0	0	0	0	0	0	0	0	0	
86960	Frontal_Med_Orb_L	0	0	3026	518	6980	234	100	0	444	0	320	0	614	0	464	0	0	0	154	0	1698	94	6760	1602	0	3086	2760	362	1262	0	9300	762	212	0	0	0	0	0	0	0	0	0	0	0	0	0	0	0	0	0	0	0	0	0	0	0	0	0	0	0	0	0	0	0	0	0	0	0	0	0	1204	188	1258	78	0	0	0	0	0	0	0	0	0	0	0	0	0	0	0	0	0	0	0	0	0	0	0	0	0	0	0	0	0	0	0	0	0	0	0	0	0	0	0	0	0	0	
101316	Frontal_Med_Orb_R	0	0	564	3706	1464	7912	0	0	0	588	0	0	0	78	0	146	0	0	0	656	280	926	2130	5216	3086	0	896	6354	0	168	2724	6200	0	198	0	0	0	0	0	0	0	0	0	0	0	0	0	0	0	0	0	0	0	0	0	0	0	0	0	0	0	0	0	0	0	0	0	0	0	0	0	3852	0	3514	0	0	0	0	0	0	0	0	0	0	0	0	0	0	0	0	0	0	0	0	0	0	0	0	0	0	0	0	0	0	0	0	0	0	0	0	0	0	0	0	0	0	
61336	Rectus_L	0	0	124	0	5590	410	0	0	3708	0	0	0	108	0	1568	88	0	0	0	0	2384	898	248	0	2760	896	0	984	782	236	2472	178	0	0	0	0	0	0	0	0	0	0	0	0	0	0	0	0	0	0	0	0	0	0	0	0	0	0	0	0	0	0	0	0	0	0	0	0	0	0	3922	900	2144	122	0	0	0	0	0	0	0	0	146	0	0	0	0	0	0	0	0	0	0	0	0	0	0	0	0	0	0	0	0	0	0	0	0	0	0	0	0	0	0	0	0	0	
67640	Rectus_R	0	0	96	522	78	7676	0	0	0	626	0	0	0	116	0	2002	0	0	0	82	1024	2394	128	488	362	6354	984	0	0	1756	482	2226	0	0	0	0	0	0	0	0	0	0	0	0	0	0	0	0	0	0	0	0	0	0	0	0	0	0	0	0	0	0	0	0	0	0	0	0	0	0	242	3754	0	2428	0	0	0	0	0	0	0	0	0	0	0	0	0	0	0	0	0	0	0	0	0	0	0	0	0	0	0	0	0	0	0	0	0	0	0	0	0	0	0	0	0	0	
818004	Insula_L	13242	1468	32360	3810	10580	0	16472	956	2066	0	24352	3314	28014	1960	12832	148	34596	1162	18864	2744	2502	78	6004	852	1262	0	782	0	0	1112	12510	1838	2282	1194	656	574	20120	876	2764	500	3852	0	0	0	0	0	700	0	76	0	3090	0	2276	0	11590	414	8078	222	290	0	240	118	794	142	1382	0	858	168	236	0	13602	1148	21776	1870	292	348	9420	1762	11800	0	21456	368	8280	308	5034	0	220	0	8534	0	712	0	248	0	0	0	966	0	1292	0	78	0	116	0	0	0	0	0	0	0	0	0	0	0	0	0	
354704	Insula_R	768	4632	738	6454	0	1000	190	3818	0	1654	748	12802	0	10406	0	6050	1068	12916	1068	3194	1030	2564	1168	1734	0	168	236	1756	1112	0	402	6276	570	2588	460	608	408	12422	84	5508	0	542	0	176	0	0	0	134	0	0	0	0	0	0	0	9232	316	1850	0	0	0	0	0	420	0	0	98	386	0	212	1278	2822	282	22566	0	226	88	1972	116	5924	456	10144	194	1522	0	3894	0	0	0	5780	0	0	0	0	0	0	0	0	0	122	0	0	0	0	0	0	0	0	0	0	0	0	0	0	0	0	
487308	Cingulum_Ant_L	496	166	25830	10934	8438	592	8956	3306	308	0	8450	714	7928	928	1370	0	1270	0	8114	3586	3318	1570	33488	15874	9300	2724	2472	482	12510	402	0	26262	12526	10202	180	0	86	88	0	0	0	0	0	0	0	0	0	0	0	0	0	0	0	0	0	74	156	0	0	0	0	0	0	0	0	0	0	0	0	0	6028	3810	6956	2334	0	0	0	146	0	0	506	0	774	0	0	0	0	0	0	0	0	0	0	0	0	0	0	0	0	0	0	0	0	0	0	0	0	0	0	0	0	0	0	0	0	0	
649756	Cingulum_Ant_R	534	594	12640	41470	686	2694	5416	14936	0	0	1770	4710	1228	11670	176	722	652	144	9344	17050	1134	3440	26676	38746	762	6200	178	2226	1838	6276	26262	0	7620	39472	0	0	0	278	0	184	0	0	0	0	0	0	0	0	0	0	0	0	0	0	0	162	180	0	0	0	0	0	0	0	0	0	0	0	0	0	2606	20150	1214	10822	0	220	72	1516	0	0	208	0	0	0	0	0	0	0	0	0	0	0	0	0	0	0	0	0	0	0	0	0	0	0	0	0	0	0	0	0	0	0	0	0	0	0	
292440	Cingulum_Mid_L	758	286	8814	4538	520	0	4266	670	0	0	1476	0	1562	790	244	0	630	0	12378	7232	0	0	13336	3464	212	0	0	0	2282	570	12526	7620	0	22718	4232	946	0	0	0	0	0	0	1904	1042	1680	1744	182	0	602	356	2282	0	106	104	112	106	518	116	300	0	78	0	0	74	72	0	9706	3876	6672	906	210	326	262	76	132	0	240	0	130	0	118	0	0	0	118	0	0	0	0	0	0	0	0	0	0	0	0	0	0	0	0	0	0	0	0	0	0	0	0	0	0	0	0	0	0	0	
706076	Cingulum_Mid_R	2054	3164	11190	28062	0	190	6694	12354	0	0	352	2608	1174	6060	212	298	176	208	24136	45484	0	246	23624	24054	0	198	0	0	1194	2588	10202	39472	22718	0	3044	7090	0	218	0	140	0	0	198	4854	306	7336	0	1466	140	2448	214	386	0	788	0	1318	82	1688	0	118	0	144	0	210	0	106	2634	12690	13168	14032	134	4854	196	1418	0	154	0	166	0	78	0	302	0	0	0	768	0	0	0	1356	0	0	0	0	0	0	0	0	0	0	0	0	0	0	0	0	0	0	0	0	82	0	0	0	0	0	
181688	Cingulum_Post_L	7052	2686	1344	1622	0	0	122	448	0	0	0	90	0	0	0	0	130	0	1428	1484	0	0	0	0	0	0	0	0	656	460	180	0	4232	3044	0	11210	6270	6190	1640	2078	0	0	2376	94	4030	212	1250	574	1226	0	620	0	164	0	1312	1428	1002	72	258	0	300	0	0	0	166	0	9396	2390	6108	952	0	0	0	0	0	0	576	1370	996	384	192	304	0	0	0	108	0	0	236	382	0	0	0	0	0	0	0	0	0	0	0	0	0	0	0	0	0	0	0	0	0	0	0	0	0	0	
208808	Cingulum_Post_R	5062	4282	1242	1616	0	0	102	470	0	0	0	94	0	0	0	0	106	0	150	2456	0	0	0	0	0	0	0	0	574	608	0	0	946	7090	11210	0	4578	8644	400	3612	0	0	174	4572	578	1352	138	6336	114	138	172	0	0	624	462	4318	112	1706	82	0	94	0	0	0	82	0	3332	12660	1290	4120	0	0	0	0	0	0	1364	2400	890	422	150	316	0	0	0	444	0	0	140	1496	0	118	0	0	0	0	0	76	0	144	0	0	0	0	0	0	0	0	0	0	746	0	0	0	0	0	
433888	Hippocampus_L	9770	3236	4348	2740	352	0	1550	586	0	0	888	150	0	0	728	0	1022	0	3042	1536	1884	0	0	0	0	0	0	0	20120	408	86	0	0	0	6270	4578	0	5370	21080	2236	8696	0	1724	0	0	0	5978	566	0	0	200	0	392	0	28414	1450	1418	90	0	0	0	0	0	0	0	0	3546	460	476	0	3626	632	13840	216	1576	0	8778	3984	2856	344	4196	266	1580	0	1178	0	200	0	10548	278	2772	0	1012	0	128	84	4200	0	5694	0	732	0	852	0	642	0	462	0	0	220	84	124	108	210	132	0	
427328	Hippocampus_R	5432	8100	1604	6636	0	0	168	3114	0	0	358	4556	0	1136	0	268	382	1704	190	2764	0	76	94	0	0	0	0	0	876	12422	88	278	0	218	6190	8644	5370	0	850	35712	0	5840	0	1104	0	0	152	5208	0	0	0	0	0	160	512	31646	166	414	0	0	0	0	0	128	0	0	856	5462	0	336	108	398	100	17510	0	1220	2922	11142	910	3702	266	3944	0	828	0	2002	0	0	150	6432	0	154	0	0	0	298	0	1358	0	360	0	0	0	0	0	0	0	0	0	0	646	0	0	0	0	0	
208924	ParaHippocampal_L	952	746	570	564	74	0	138	464	0	0	132	262	0	108	278	0	402	0	520	434	576	0	0	0	0	0	0	0	2764	84	0	0	0	0	1640	400	21080	850	0	750	3090	176	1110	0	0	0	5308	788	0	0	74	0	198	0	18694	492	444	0	0	0	0	0	0	0	0	0	1794	0	0	0	244	104	3364	1048	0	0	1714	1672	210	0	670	0	1024	0	124	0	798	0	2630	0	2994	0	916	0	1058	216	6762	0	7252	0	1174	0	1104	78	1042	72	646	0	0	522	148	192	156	356	216	0	
290368	ParaHippocampal_R	1250	1226	638	2640	0	0	88	1772	0	0	238	2974	0	894	0	160	244	768	114	1770	0	104	0	0	0	0	0	0	500	5508	0	184	0	140	2078	3612	2236	35712	750	0	0	4448	0	976	0	0	112	6236	0	0	0	0	0	132	398	26670	0	82	0	0	0	0	0	0	0	0	428	4852	0	182	80	238	74	12072	0	1154	554	5986	572	1250	176	1900	0	1232	0	1128	0	232	102	3304	0	436	0	0	0	518	0	2656	0	798	0	0	0	0	0	0	0	0	0	0	606	0	0	0	0	0	
55756	Amygdala_L	0	0	0	0	492	0	0	0	0	0	0	0	0	0	792	0	0	0	0	0	2188	0	0	0	0	0	0	0	3852	0	0	0	0	0	0	0	8696	0	3090	0	0	0	0	0	0	0	0	0	0	0	0	0	0	0	4022	0	0	0	0	0	0	0	0	0	0	0	0	0	0	0	850	0	1572	0	0	0	0	0	0	0	0	0	814	0	0	0	198	0	1312	0	0	0	0	0	0	0	0	0	0	0	0	0	0	0	0	0	0	0	0	0	0	0	0	0	0	0	
37364	Amygdala_R	0	120	0	0	0	0	0	0	0	0	0	0	0	0	0	0	0	0	0	0	0	124	0	0	0	0	0	0	0	542	0	0	0	0	0	0	0	5840	176	4448	0	0	0	0	0	0	0	0	0	0	0	0	0	0	0	3912	0	0	0	0	0	0	0	0	0	0	0	0	0	0	0	194	0	1232	0	0	0	192	0	0	0	0	0	1714	0	0	0	0	0	188	0	0	0	0	0	0	0	0	0	0	0	0	0	0	0	0	0	0	0	0	0	0	0	0	0	0	
336848	Calcarine_L	320	0	0	0	0	0	0	0	0	0	0	0	0	0	0	0	0	0	502	0	0	0	0	0	0	0	0	0	0	0	0	0	1904	198	2376	174	1724	0	1110	0	0	0	0	10206	28802	7930	21636	4454	15778	2054	21394	376	7096	0	7232	434	442	0	322	0	176	0	0	0	252	0	20524	4372	2976	168	0	0	0	0	0	0	0	0	138	0	0	0	0	0	1496	0	0	0	912	0	116	130	0	0	0	0	92	0	338	170	0	0	0	0	0	0	0	0	0	0	100	0	0	0	0	0	
500452	Calcarine_R	0	1616	0	0	0	0	0	0	0	0	0	0	0	0	0	0	0	80	0	202	0	0	0	0	0	0	0	0	0	176	0	0	1042	4854	94	4572	0	1104	0	976	0	0	10206	0	7476	41522	2762	32626	250	25802	194	11604	74	10320	146	19344	0	7540	0	1992	0	878	0	258	0	920	3950	41670	282	7734	0	0	0	0	0	0	0	0	0	180	0	326	0	0	0	1472	0	0	0	3000	0	564	0	0	0	0	0	716	0	1068	0	0	0	0	0	0	0	0	0	0	634	0	0	0	0	0	
295028	Cuneus_L	478	0	0	0	0	0	0	0	0	0	0	0	0	0	0	0	0	0	334	0	0	0	0	0	0	0	0	0	0	0	0	0	1680	306	4030	578	0	0	0	0	0	0	28802	7476	0	9564	2626	2324	27036	1518	16636	252	2770	0	2298	242	346	0	1938	0	344	0	0	0	456	0	23980	7570	2286	104	0	0	0	0	0	0	0	0	0	0	0	0	0	0	1074	0	0	0	466	0	0	0	0	0	0	0	0	0	0	0	0	0	0	0	0	0	0	0	0	0	0	0	0	0	0	0	
422432	Cuneus_R	0	1420	0	0	0	0	0	0	0	0	0	0	0	0	0	0	0	0	0	106	0	0	0	0	0	0	0	0	0	0	0	0	1744	7336	212	1352	0	0	0	0	0	0	7930	41522	9564	0	448	10248	442	37324	206	13584	0	4102	0	7418	0	3052	80	6298	0	1952	0	212	0	2034	6862	36352	358	6918	0	0	0	0	0	0	0	0	0	0	0	148	0	0	0	1014	0	0	0	444	0	0	0	0	0	0	0	100	0	260	0	0	0	0	0	0	0	0	0	0	174	0	0	0	0	0	
419560	Lingual_L	352	118	0	0	0	0	0	0	0	0	0	0	0	0	0	0	408	0	80	0	0	0	0	0	0	0	0	0	700	0	0	0	182	0	1250	138	5978	152	5308	112	0	0	21636	2762	2626	448	0	3238	6796	190	18754	108	12924	0	30364	322	278	0	102	0	0	0	0	0	0	0	6108	922	228	78	0	0	0	0	0	0	746	196	856	0	90	0	0	0	190	0	0	0	788	0	12544	964	1874	126	1372	108	20696	358	24448	1482	478	0	964	80	1176	522	0	0	318	506	8152	4268	602	1196	872	1146	
419520	Lingual_R	190	928	88	0	0	0	0	0	0	0	0	0	0	0	0	0	0	0	0	232	0	0	0	0	0	0	0	0	0	134	0	0	0	1466	574	6336	566	5208	788	6236	0	0	4454	32626	2324	10248	3238	0	238	7334	88	5192	232	6526	786	29482	0	2376	0	0	0	156	0	96	0	140	1666	21562	0	2892	0	0	0	0	0	0	138	534	122	78	0	122	0	0	0	552	0	0	0	1714	2254	8810	982	1096	0	496	474	7140	2902	12820	0	0	142	306	0	72	0	0	0	80	4930	6568	2852	90	84	0	
287324	Occipital_Sup_L	304	0	0	0	0	0	0	0	0	0	0	0	0	0	0	0	114	0	0	0	0	0	0	0	0	0	0	0	76	0	0	0	602	140	1226	114	0	0	0	0	0	0	15778	250	27036	442	6796	238	0	0	42608	0	4896	0	2304	0	330	0	10100	0	2608	0	242	0	2604	0	18498	1906	570	0	0	0	0	0	0	0	0	0	224	0	170	0	0	0	2448	0	0	0	932	0	0	0	0	0	0	0	0	0	106	0	0	0	0	0	0	0	0	0	0	0	0	0	0	0	0	0	
356116	Occipital_Sup_R	0	1666	0	0	0	0	0	0	0	0	0	0	0	0	0	0	0	0	0	0	0	0	0	0	0	0	0	0	0	0	0	0	356	2448	0	138	0	0	0	0	0	0	2054	25802	1518	37324	190	7334	0	0	0	29714	0	6096	0	7568	0	3782	0	9384	0	7698	0	398	0	10422	826	15058	82	5752	0	0	0	0	0	0	0	0	0	0	0	190	0	0	0	1614	0	0	0	452	0	0	0	0	0	0	0	0	0	120	0	0	0	0	0	0	0	0	0	0	72	0	0	0	0	0	
654396	Occipital_Mid_L	3788	0	0	0	0	0	78	0	0	0	0	0	0	0	0	0	2970	0	0	0	0	0	0	0	0	0	0	0	3090	0	0	0	2282	214	620	172	200	0	74	0	0	0	21394	194	16636	206	18754	88	42608	0	0	0	26520	0	13910	0	5440	0	24146	0	25320	0	5032	0	32642	0	31428	5588	3822	160	0	0	0	0	0	0	0	0	842	0	4408	0	0	0	26670	0	0	0	6774	0	260	0	0	0	0	0	146	0	646	0	0	0	0	0	0	0	0	0	0	0	76	0	0	0	0	0	
287056	Occipital_Mid_R	0	326	0	0	0	0	0	0	0	0	0	0	0	0	0	0	0	0	0	0	0	0	0	0	0	0	0	0	0	0	0	0	0	386	0	0	0	0	0	0	0	0	376	11604	252	13584	108	5192	0	29714	0	0	0	9406	0	7718	0	1790	0	4778	0	13434	0	850	0	24836	260	3960	0	1262	0	0	0	0	0	0	0	0	0	0	0	510	0	0	0	12300	0	0	0	882	0	0	0	0	0	0	0	0	0	0	0	0	0	0	0	0	0	0	0	0	0	0	0	0	0	0	
271176	Occipital_Inf_L	1576	102	0	0	0	0	0	0	0	0	0	0	0	0	0	0	2196	0	0	0	0	0	0	0	0	0	0	0	2276	0	0	0	106	0	164	0	392	0	198	0	0	0	7096	74	2770	0	12924	232	4896	0	26520	0	0	0	26252	0	1250	0	802	0	2792	0	1196	0	3842	0	5898	304	1110	0	0	0	0	0	0	0	176	132	2280	0	2120	0	0	0	9530	0	0	0	9414	0	1536	144	208	0	0	0	658	0	3360	188	0	0	0	0	0	0	0	0	0	0	354	422	98	0	0	0	
156888	Occipital_Inf_R	0	778	0	0	0	0	0	0	0	0	0	0	0	0	0	0	0	0	0	136	0	0	0	0	0	0	0	0	0	0	0	0	104	788	0	624	0	160	0	132	0	0	0	10320	0	4102	0	6526	0	6096	0	9406	0	0	0	13916	0	1460	0	114	0	2540	0	144	0	2568	104	5822	0	1464	0	0	0	0	0	0	0	0	0	166	0	162	0	0	0	2442	0	0	0	5246	0	938	0	0	0	0	0	578	0	1128	0	0	0	0	0	0	0	0	0	0	480	0	0	0	0	0	
687540	Fusiform_L	2280	418	1054	930	106	0	290	0	0	0	224	0	0	0	414	0	2632	0	1106	830	1032	0	0	0	0	0	0	0	11590	0	0	0	112	0	1312	462	28414	512	18694	398	4022	0	7232	146	2298	0	30364	786	2304	0	13910	0	26252	0	0	232	1312	0	374	0	404	0	390	0	540	0	6810	296	626	0	2002	244	5284	0	0	0	3170	628	4776	0	5882	0	4666	0	6724	0	2470	0	28392	0	26102	438	5476	0	1060	78	22114	114	38372	778	2672	0	3074	154	1308	180	662	0	74	246	2674	1316	528	606	398	0	
595860	Fusiform_R	996	3922	438	1662	0	0	72	1606	0	0	256	3286	0	852	0	232	250	966	108	1328	0	0	0	0	0	0	0	0	414	9232	74	162	106	1318	1428	4318	1450	31646	492	26670	0	3912	434	19344	242	7418	322	29482	0	7568	0	7718	0	13916	232	0	0	1882	0	126	0	614	0	220	0	564	562	14068	122	2684	76	174	0	11882	0	552	312	4760	368	3096	130	3708	0	3336	0	3338	0	828	0	19146	294	11372	122	534	0	186	184	8242	424	15024	0	180	112	578	0	146	0	0	0	0	3028	700	208	88	88	0	
357172	Postcentral_L	38916	1286	3574	520	0	0	5376	126	0	0	4290	136	508	206	0	0	13146	0	2600	230	0	0	138	0	0	0	0	0	8078	316	156	180	518	82	1002	112	1418	166	444	0	0	0	442	0	346	0	278	0	330	0	5440	0	1250	0	1312	0	0	0	10288	0	21832	0	12958	0	3180	0	7024	692	8634	0	612	84	2134	120	326	0	1908	314	3736	0	7580	0	0	0	2556	0	0	0	1606	0	80	0	0	0	0	0	0	0	0	0	0	0	0	0	0	0	0	0	0	0	0	0	0	0	0	0	
289664	Postcentral_R	104	23950	258	2084	0	0	104	1184	0	0	0	2166	0	98	0	0	0	4566	162	754	0	0	0	0	0	0	0	0	222	1850	0	0	116	1688	72	1706	90	414	0	82	0	0	0	7540	0	3052	0	2376	0	3782	0	1790	0	1460	0	1882	0	0	0	9512	0	14482	0	18728	0	3178	850	18192	0	12038	0	0	0	414	0	0	0	182	0	834	0	1168	0	0	0	976	0	0	0	726	0	0	0	0	0	0	0	0	0	0	0	0	0	0	0	0	0	0	0	0	0	0	0	0	0	0	
233680	Parietal_Sup_L	3026	0	0	0	0	0	0	0	0	0	0	0	0	0	0	0	484	0	0	0	0	0	0	0	0	0	0	0	290	0	0	0	300	0	258	82	0	0	0	0	0	0	322	0	1938	80	102	0	10100	0	24146	0	802	0	374	0	10288	0	0	0	23796	0	2276	0	8570	0	21312	2808	2460	0	0	0	0	0	0	0	0	0	114	0	932	0	0	0	1562	0	0	0	418	0	0	0	0	0	0	0	0	0	0	0	0	0	0	0	0	0	0	0	0	0	0	0	0	0	0	0	
130740	Parietal_Sup_R	0	1112	0	0	0	0	0	0	0	0	0	0	0	0	0	0	0	0	0	0	0	0	0	0	0	0	0	0	0	0	0	0	0	118	0	0	0	0	0	0	0	0	0	1992	0	6298	0	0	0	9384	0	4778	0	114	0	126	0	9512	0	0	0	10176	0	1804	0	7098	1224	9368	0	1674	0	0	0	0	0	0	0	0	0	0	0	0	0	0	0	476	0	0	0	116	0	0	0	0	0	0	0	0	0	0	0	0	0	0	0	0	0	0	0	0	0	0	0	0	0	0	
344084	Parietal_Inf_L	7158	0	0	0	0	0	0	0	0	0	0	0	0	0	0	0	342	0	0	0	0	0	0	0	0	0	0	0	240	0	0	0	78	0	300	94	0	0	0	0	0	0	176	0	344	0	0	0	2608	0	25320	0	2792	0	404	0	21832	0	23796	0	0	0	21090	0	34118	0	7536	1316	2382	0	0	0	112	0	100	0	0	0	0	0	2884	0	0	0	14864	0	0	0	2156	0	0	0	0	0	0	0	0	0	0	0	0	0	0	0	0	0	0	0	0	0	0	0	0	0	0	0	
242884	Parietal_Inf_R	0	3734	0	188	0	0	0	182	0	0	0	0	0	0	0	0	0	0	0	158	0	0	0	0	0	0	0	0	118	0	0	0	0	144	0	0	0	0	0	0	0	0	0	878	0	1952	0	156	0	7698	0	13434	0	2540	0	614	0	14482	0	10176	0	0	0	13996	0	29192	400	6594	0	4750	0	0	0	0	0	0	0	0	0	0	0	300	0	0	0	6658	0	0	0	3098	0	0	0	0	0	0	0	0	0	0	0	0	0	0	0	0	0	0	0	0	0	0	0	0	0	0	
178996	SupraMarginal_L	3098	0	0	0	0	0	84	0	0	0	0	0	0	0	0	0	1918	0	0	0	0	0	0	0	0	0	0	0	794	0	0	0	0	0	0	0	0	0	0	0	0	0	0	0	0	0	0	0	242	0	5032	0	1196	0	390	0	12958	0	2276	0	21090	0	0	0	11676	0	2234	618	108	0	0	0	0	0	0	0	0	0	232	0	10838	0	0	0	13740	0	0	0	974	0	0	0	0	0	0	0	0	0	0	0	0	0	0	0	0	0	0	0	0	0	0	0	0	0	0	0	
164544	SupraMarginal_R	100	6454	84	324	0	0	0	782	0	0	0	244	0	0	0	0	0	4672	0	322	0	0	0	0	0	0	0	0	142	420	0	0	74	210	0	0	0	128	0	0	0	0	0	258	0	212	0	96	0	398	0	850	0	144	0	220	0	18728	0	1804	0	13996	0	0	0	6582	528	5794	118	5050	0	0	0	0	0	0	0	0	0	764	0	7804	0	0	0	4134	0	0	0	836	0	0	0	0	0	0	0	0	0	0	0	0	0	0	0	0	0	0	0	0	0	0	0	0	0	0	
272604	Angular_L	1300	0	0	0	0	0	0	0	0	0	0	0	0	0	0	0	910	0	0	0	0	0	0	0	0	0	0	0	1382	0	0	0	72	0	166	82	0	0	0	0	0	0	252	0	456	0	0	0	2604	0	32642	0	3842	0	540	0	3180	0	8570	0	34118	0	11676	0	0	0	3170	1038	632	0	0	0	0	0	0	0	0	0	192	0	4348	0	0	0	22196	0	0	0	2934	0	0	0	0	0	0	0	0	0	0	0	0	0	0	0	0	0	0	0	0	0	0	0	0	0	0	0	
235688	Angular_R	144	436	0	80	0	0	0	0	0	0	0	0	0	0	0	0	0	88	0	82	0	0	0	0	0	0	0	0	0	0	0	0	0	106	0	0	0	0	0	0	0	0	0	920	0	2034	0	140	0	10422	0	24836	0	2568	0	564	0	3178	0	7098	0	29192	0	6582	0	0	0	4860	180	3468	0	0	0	0	0	0	0	0	0	0	0	2578	0	0	0	14772	0	0	0	3516	0	0	0	0	0	0	0	0	0	0	0	0	0	0	0	0	0	0	0	0	0	0	0	0	0	0	
511968	Precuneus_L	2888	930	116	144	0	0	90	142	0	0	0	0	0	0	0	0	1016	116	712	222	0	0	0	0	0	0	0	0	858	98	0	0	9706	2634	9396	3332	3546	856	1794	428	0	0	20524	3950	23980	6862	6108	1666	18498	826	31428	260	5898	104	6810	562	7024	850	21312	1224	7536	400	2234	528	3170	0	0	24266	7944	3678	0	0	0	0	0	0	98	0	688	190	1502	184	0	0	3670	92	0	0	2000	78	166	0	0	0	0	0	144	0	426	0	0	0	0	0	0	0	0	0	0	0	80	0	0	0	0	0	
705028	Precuneus_R	808	6870	352	630	0	0	0	510	0	0	0	374	0	0	0	0	458	686	118	1092	0	0	0	0	0	0	0	0	168	386	0	0	3876	12690	2390	12660	460	5462	0	4852	0	0	4372	41670	7570	36352	922	21562	1906	15058	5588	3960	304	5822	296	14068	692	18192	2808	9368	1316	6594	618	5794	1038	4860	24266	0	1218	36598	0	0	0	0	0	0	198	366	158	566	922	1972	0	0	1224	8370	0	0	210	6566	0	496	0	0	0	0	0	1574	0	682	0	0	0	0	0	0	0	0	0	0	1556	0	0	0	0	0	
260880	Paracentral_Lobule_L	12144	4464	790	1550	0	0	0	74	0	0	0	0	0	0	0	0	96	0	20128	14624	0	0	0	0	0	0	0	0	236	0	0	0	6672	13168	6108	1290	476	0	0	0	0	0	2976	282	2286	358	228	0	570	82	3822	0	1110	0	626	122	8634	0	2460	0	2382	0	108	118	632	180	7944	1218	0	3922	1112	850	292	0	524	0	2820	658	0	0	106	0	0	0	1494	0	0	0	624	80	0	0	0	0	0	0	0	0	0	0	0	0	0	0	0	0	0	0	0	0	0	0	0	0	0	0	
307068	Paracentral_Lobule_R	262	6496	198	518	0	0	0	518	0	0	0	436	0	0	0	0	0	516	366	7654	0	0	0	0	0	0	0	0	0	212	0	0	906	14032	952	4120	0	336	0	182	0	0	168	7734	104	6918	78	2892	0	5752	160	1262	0	1464	0	2684	0	12038	0	1674	0	4750	0	5050	0	3468	3678	36598	3922	0	0	0	0	0	0	0	0	0	0	376	0	1948	0	0	0	7892	0	0	0	4938	0	76	0	0	0	0	0	0	0	76	0	0	0	0	0	0	0	0	0	0	130	0	0	0	0	0	
307504	Caudate_L	1574	700	6372	3096	2730	94	664	324	1130	0	4264	2244	104	2346	1450	438	5852	918	7580	2942	6728	4682	226	228	1204	0	3922	242	13602	1278	6028	2606	210	134	0	0	3626	108	244	80	850	0	0	0	0	0	0	0	0	0	0	0	0	0	2002	76	612	0	0	0	0	0	0	0	0	0	0	0	1112	0	0	10334	20694	5332	2336	826	10612	1924	240	0	3358	202	1700	300	0	0	0	0	256	0	156	0	0	0	0	0	426	0	434	0	0	0	0	0	0	0	0	0	0	0	0	0	0	0	0	0	
387576	Caudate_R	2554	6256	2138	22072	328	3792	328	1852	104	310	256	1678	0	1740	132	3120	442	418	2680	17582	3440	8514	1060	6192	188	3852	900	3754	1148	2822	3810	20150	326	4854	0	0	632	398	104	238	0	194	0	0	0	0	0	0	0	0	0	0	0	0	244	174	84	0	0	0	0	0	0	0	0	0	0	0	850	0	10334	0	5840	20148	366	2518	2598	19410	106	0	250	108	0	146	0	0	0	0	254	0	0	0	0	0	0	0	0	0	0	0	0	0	0	0	0	0	0	0	0	0	0	0	0	0	0	0	
366992	Putamen_L	4272	328	16758	2606	7868	0	1396	292	1960	0	2240	412	1246	870	3390	0	1620	0	15714	2880	3274	2732	1500	138	1258	0	2144	0	21776	282	6956	1214	262	196	0	0	13840	100	3364	74	1572	0	0	0	0	0	0	0	0	0	0	0	0	0	5284	0	2134	0	0	0	112	0	0	0	0	0	0	0	292	0	20694	5840	0	3454	6384	526	5426	712	204	0	1732	0	1692	0	0	0	0	0	2060	0	558	0	136	0	0	0	636	0	1012	0	0	0	74	0	0	0	0	0	0	0	0	0	0	0	0	0	
440692	Putamen_R	324	2592	910	16616	0	5234	118	7862	0	1704	1170	10664	0	4964	0	3240	1572	3898	1186	10738	1364	4292	790	4568	78	3514	122	2428	1870	22566	2334	10822	76	1418	0	0	216	17510	1048	12072	0	1232	0	0	0	0	0	0	0	0	0	0	0	0	0	11882	120	414	0	0	0	0	0	0	0	0	0	0	0	0	5332	20148	3454	0	108	4430	274	5878	130	586	574	2014	194	498	0	390	0	0	0	2638	0	0	0	0	0	0	0	0	0	170	0	0	0	0	0	0	0	0	0	0	0	0	0	0	0	0	
48416	Pallidum_L	864	0	4268	74	0	0	242	0	0	0	0	0	0	0	0	0	0	0	4956	72	0	0	0	0	0	0	0	0	292	0	0	0	132	0	0	0	1576	0	0	0	0	0	0	0	0	0	0	0	0	0	0	0	0	0	0	0	326	0	0	0	100	0	0	0	0	0	0	0	524	0	2336	366	6384	108	0	176	1338	0	74	0	0	0	0	0	0	0	0	0	0	0	0	0	0	0	0	0	0	0	0	0	0	0	0	0	0	0	0	0	0	0	0	0	0	0	0	0	
38320	Pallidum_R	0	108	118	1546	0	0	0	1420	0	0	94	348	0	562	0	0	250	486	154	1016	0	206	0	0	0	0	0	0	348	226	0	220	0	154	0	0	0	1220	0	1154	0	0	0	0	0	0	0	0	0	0	0	0	0	0	0	552	0	0	0	0	0	0	0	0	0	0	0	0	0	0	826	2518	526	4430	176	0	0	224	0	0	90	188	0	0	0	0	0	0	0	0	0	0	0	0	0	0	0	0	0	0	0	0	0	0	0	0	0	0	0	0	0	0	0	0	0	0	
211460	Thalamus_L	10120	5344	6508	1802	0	0	2426	154	0	0	1020	0	0	0	0	0	1662	0	4296	310	0	0	88	0	0	0	0	0	9420	88	0	72	240	0	576	1364	8778	2922	1714	554	0	0	0	0	0	0	746	138	0	0	0	0	176	0	3170	312	1908	0	0	0	0	0	0	0	0	0	98	198	2820	0	10612	2598	5426	274	1338	0	0	9810	1676	0	1488	0	0	0	512	0	0	0	2072	0	172	0	0	0	0	0	354	0	374	0	0	0	0	0	0	0	0	0	0	0	0	0	0	0	0	0	
259644	Thalamus_R	5984	18978	1992	10090	0	0	592	2898	0	0	380	1884	0	838	0	284	404	168	808	3026	0	210	112	0	0	0	0	0	1762	1972	146	1516	0	166	1370	2400	3984	11142	1672	5986	0	192	0	0	0	0	196	534	0	0	0	0	132	0	628	4760	314	182	0	0	0	0	0	0	0	0	0	366	658	0	1924	19410	712	5878	0	224	9810	0	446	374	378	246	0	0	196	228	0	0	686	510	0	0	0	0	0	0	0	0	0	0	0	0	0	0	0	0	0	0	0	74	0	0	0	0	0	0	
142480	Heschl_L	4354	316	1218	148	0	0	802	0	0	0	868	80	124	0	0	0	7528	80	988	94	0	0	0	0	0	0	0	0	11800	116	0	0	130	0	996	890	2856	910	210	572	0	0	138	0	0	0	856	122	224	0	842	0	2280	0	4776	368	3736	0	114	0	0	0	232	0	192	0	688	158	0	0	240	106	204	130	74	0	1676	446	0	90	8992	94	0	0	3678	0	0	0	5100	0	308	0	0	0	0	0	0	0	296	0	0	0	0	0	0	0	0	0	0	0	0	0	0	0	0	0	
93820	Heschl_R	242	1106	90	542	0	0	0	188	0	0	0	282	0	0	0	0	0	5028	0	392	0	0	0	0	0	0	0	0	0	5924	0	0	0	78	384	422	344	3702	0	1250	0	0	0	180	0	0	0	78	0	0	0	0	0	166	0	3096	0	834	0	0	0	0	0	764	0	0	190	566	0	376	0	0	0	586	0	0	0	374	90	0	0	10980	0	0	0	4618	0	0	0	4038	0	0	0	0	0	0	0	0	0	0	0	0	0	0	0	0	0	0	0	0	0	0	0	0	0	0	
403916	Temporal_Sup_L	5218	264	4470	746	0	0	1882	310	0	0	7270	1930	1532	516	0	0	23292	588	3866	456	0	0	128	106	0	0	0	0	21456	456	506	208	118	0	192	150	4196	266	670	176	0	0	0	0	0	0	90	0	170	0	4408	0	2120	0	5882	130	7580	0	932	0	2884	0	10838	0	4348	0	1502	922	106	0	3358	250	1732	574	0	90	1488	378	8992	0	0	154	8064	132	33864	0	1134	0	17492	0	496	0	150	0	0	0	190	0	540	0	0	0	0	0	0	0	0	0	0	0	0	0	0	0	0	0	
190280	Temporal_Sup_R	222	2544	116	928	0	0	0	592	0	0	130	2224	0	128	0	0	316	8370	0	828	0	0	0	0	0	0	0	0	368	10144	0	0	0	302	304	316	266	3944	0	1900	0	0	0	326	0	148	0	122	0	190	0	510	0	162	0	3708	0	1168	0	0	0	300	0	7804	0	2578	184	1972	0	1948	202	108	0	2014	0	188	0	246	94	10980	154	0	0	1498	0	15734	0	0	0	8860	0	0	0	0	0	0	0	0	0	0	0	0	0	0	0	0	0	0	0	0	0	0	0	0	0	0	
146584	Temporal_Pole_Sup_L	82	0	1048	232	966	0	206	212	540	0	4802	948	1674	378	1934	0	4572	258	794	72	476	0	160	0	0	0	146	0	8280	194	774	0	0	0	0	0	1580	0	1024	0	814	0	0	0	0	0	0	0	0	0	0	0	0	0	4666	0	0	0	0	0	0	0	0	0	0	0	0	0	0	0	1700	0	1692	194	0	0	0	0	0	0	8064	0	0	0	9194	0	7624	0	7992	0	0	0	0	0	0	0	0	0	0	0	0	0	0	0	0	0	0	0	0	0	0	0	0	0	0	0	
40928	Temporal_Pole_Sup_R	0	0	0	342	0	0	0	0	0	0	0	1446	0	0	0	0	296	1508	0	322	0	80	0	0	0	0	0	0	308	1522	0	0	0	0	0	0	0	828	0	1232	0	1714	0	0	0	0	0	0	0	0	0	0	0	0	0	3336	0	0	0	0	0	0	0	0	0	0	0	0	0	0	300	146	0	498	0	0	0	0	0	0	132	1498	0	0	0	478	0	1620	0	2858	0	0	0	0	0	0	0	0	0	0	0	0	0	0	0	0	0	0	0	0	0	0	0	0	0	0	
425700	Temporal_Mid_L	2202	168	254	0	0	0	238	0	0	0	196	0	290	0	0	0	5302	0	234	0	0	0	0	0	0	0	0	0	5034	0	0	0	118	0	0	0	1178	0	124	0	0	0	1496	0	1074	0	190	0	2448	0	26670	0	9530	0	6724	0	2556	0	1562	0	14864	0	13740	0	22196	0	3670	1224	1494	0	0	0	0	0	0	0	512	196	3678	0	33864	0	9194	0	0	0	6386	0	34040	0	122	0	0	0	0	0	0	0	82	0	0	0	0	0	0	0	0	0	0	0	0	0	0	0	0	0	
249132	Temporal_Mid_R	82	2710	0	272	0	0	0	142	0	0	0	0	0	0	0	0	0	1096	0	534	0	0	0	0	0	0	0	0	0	3894	0	0	0	768	108	444	0	2002	0	1128	0	0	0	1472	0	1014	0	552	0	1614	0	12300	0	2442	0	3338	0	976	0	476	0	6658	0	4134	0	14772	92	8370	0	7892	0	0	0	390	0	0	0	228	0	4618	0	15734	0	478	0	0	0	0	0	23756	0	80	0	0	0	0	0	0	0	0	0	0	0	0	0	0	0	0	0	0	0	0	0	0	0	0	
49148	Temporal_Pole_Mid_L	0	0	0	0	0	0	0	0	0	0	0	0	0	0	0	0	0	0	0	0	0	0	0	0	0	0	0	0	220	0	0	0	0	0	0	0	200	0	798	0	198	0	0	0	0	0	0	0	0	0	0	0	0	0	2470	0	0	0	0	0	0	0	0	0	0	0	0	0	0	0	0	0	0	0	0	0	0	0	0	0	1134	0	7624	0	6386	0	0	0	5544	0	0	0	0	0	0	0	0	0	0	0	0	0	0	0	0	0	0	0	0	0	0	0	0	0	0	0	
6924	Temporal_Pole_Mid_R	0	0	0	0	0	0	0	0	0	0	0	0	0	0	0	0	0	0	0	0	0	0	0	0	0	0	0	0	0	0	0	0	0	0	0	0	0	0	0	232	0	0	0	0	0	0	0	0	0	0	0	0	0	0	0	828	0	0	0	0	0	0	0	0	0	0	0	0	0	0	0	0	0	0	0	0	0	0	0	0	0	0	0	1620	0	0	0	0	0	782	0	0	0	0	0	0	0	0	0	0	0	0	0	0	0	0	0	0	0	0	0	0	0	0	0	0	
360668	Temporal_Inf_L	1960	548	734	184	0	0	184	0	0	0	0	0	0	0	0	0	4320	0	1164	156	0	0	0	0	0	0	0	0	8534	0	0	0	0	0	236	140	10548	150	2630	102	1312	0	912	0	466	0	788	0	932	0	6774	0	9414	0	28392	0	1606	0	418	0	2156	0	974	0	2934	0	2000	210	624	0	256	254	2060	0	0	0	2072	686	5100	0	17492	0	7992	0	34040	0	5544	0	0	0	6944	0	862	0	336	0	1166	0	3650	0	170	0	208	0	0	0	0	0	0	0	0	0	0	0	0	0	
249888	Temporal_Inf_R	256	6180	104	528	0	0	0	160	0	0	0	768	0	0	0	0	0	552	0	970	0	0	0	0	0	0	0	0	0	5780	0	0	0	1356	382	1496	278	6432	0	3304	0	188	0	3000	0	444	0	1714	0	452	0	882	0	5246	0	19146	0	726	0	116	0	3098	0	836	0	3516	78	6566	80	4938	0	0	0	2638	0	0	0	510	0	4038	0	8860	0	2858	0	23756	0	782	0	0	0	1300	0	110	0	0	0	122	0	398	0	0	0	0	0	0	0	0	0	0	0	0	0	0	0	0	
564748	Cerebelum_Crus1_L	178	0	150	118	0	0	0	0	0	0	0	0	0	0	0	0	0	0	244	110	0	0	0	0	0	0	0	0	712	0	0	0	0	0	0	0	2772	0	2994	0	0	0	116	0	0	0	12544	2254	0	0	260	0	1536	0	26102	294	80	0	0	0	0	0	0	0	0	0	166	0	0	0	156	0	558	0	0	0	172	0	308	0	496	0	0	0	122	0	0	0	6944	0	0	5252	40926	1192	4310	522	27686	638	55640	6548	13774	98	21460	1534	3562	3030	1628	448	468	1612	6936	8684	7608	4834	3870	728	
431580	Cerebelum_Crus1_R	0	96	0	0	0	0	0	0	0	0	0	0	0	0	0	0	0	0	0	0	0	0	0	0	0	0	0	0	0	0	0	0	0	0	0	118	0	154	0	436	0	0	130	564	0	0	964	8810	0	0	0	0	144	938	438	11372	0	0	0	0	0	0	0	0	0	0	0	496	0	76	0	0	0	0	0	0	0	0	0	0	0	0	0	0	0	80	0	0	0	1300	5252	0	2918	28480	382	2128	2906	21754	5444	54120	472	4924	1438	17030	198	3604	0	522	112	602	14602	11680	8514	1324	1154	114	
364092	Cerebelum_Crus2_L	0	0	0	0	0	0	0	0	0	0	0	0	0	0	0	0	0	0	84	0	0	0	0	0	0	0	0	0	248	0	0	0	0	0	0	0	1012	0	916	0	0	0	0	0	0	0	1874	982	0	0	0	0	208	0	5476	122	0	0	0	0	0	0	0	0	0	0	0	0	0	0	0	0	136	0	0	0	0	0	0	0	150	0	0	0	0	0	0	0	862	0	40926	2918	0	2636	1300	292	7506	184	14778	3586	28564	1554	29352	2388	5114	2232	1458	250	226	592	2052	4474	7934	5702	3534	424	
226312	Cerebelum_Crus2_R	0	0	0	0	0	0	0	0	0	0	0	0	0	0	0	0	0	0	0	0	0	0	0	0	0	0	0	0	0	0	0	0	0	0	0	0	0	0	0	0	0	0	0	0	0	0	126	1096	0	0	0	0	0	0	0	534	0	0	0	0	0	0	0	0	0	0	0	0	0	0	0	0	0	0	0	0	0	0	0	0	0	0	0	0	0	0	0	0	0	110	1192	28480	2636	0	0	754	428	2974	1080	9046	926	18672	312	25414	0	4398	0	656	0	104	1566	3092	6940	1680	860	80	
86584	Cerebelum_3_L	0	0	0	0	0	0	0	0	0	0	0	0	0	0	0	0	0	0	0	0	0	0	0	0	0	0	0	0	0	0	0	0	0	0	0	0	128	0	1058	0	0	0	0	0	0	0	1372	0	0	0	0	0	0	0	1060	0	0	0	0	0	0	0	0	0	0	0	0	0	0	0	0	0	0	0	0	0	0	0	0	0	0	0	0	0	0	0	0	0	336	0	4310	382	1300	0	0	240	11310	146	6404	500	430	0	1312	196	1876	554	324	0	914	3416	2034	1266	716	888	594	226	
50496	Cerebelum_3_R	0	0	0	0	0	0	0	0	0	0	0	0	0	0	0	0	0	0	0	0	0	0	0	0	0	0	0	0	0	0	0	0	0	0	0	0	84	298	216	518	0	0	0	0	0	0	108	496	0	0	0	0	0	0	78	186	0	0	0	0	0	0	0	0	0	0	0	0	0	0	0	0	0	0	0	0	0	0	0	0	0	0	0	0	0	0	0	0	0	0	522	2128	292	754	240	0	734	4800	600	2842	164	116	330	916	88	1152	0	0	434	2854	2548	406	494	422	428	0	
451212	Cerebelum_4_5_L	0	0	132	154	0	0	0	0	0	0	0	0	0	0	0	0	0	0	146	142	0	0	0	0	0	0	0	0	966	0	0	0	0	0	0	0	4200	0	6762	0	0	0	92	0	0	0	20696	474	0	0	146	0	658	0	22114	184	0	0	0	0	0	0	0	0	0	0	144	0	0	0	426	0	636	0	0	0	354	0	0	0	190	0	0	0	0	0	0	0	1166	0	27686	2906	7506	428	11310	734	0	948	48778	3706	4588	0	9648	818	6312	1828	1418	130	946	3612	16578	5678	1954	3680	2690	1942	
219680	Cerebelum_4_5_R	0	0	0	0	0	0	0	0	0	0	0	0	0	0	0	0	0	0	0	0	0	0	0	0	0	0	0	0	0	0	0	0	0	0	0	76	0	1358	0	2656	0	0	0	716	0	100	358	7140	0	0	0	0	0	578	114	8242	0	0	0	0	0	0	0	0	0	0	0	1574	0	0	0	0	0	0	0	0	0	0	0	0	0	0	0	0	0	0	0	0	0	122	638	21754	184	2974	146	4800	948	0	906	29024	112	720	356	4814	0	2096	0	180	0	684	14534	542	568	402	424	0	
605428	Cerebelum_6_L	202	0	226	216	0	0	0	0	0	0	0	0	0	0	0	0	102	0	330	204	0	0	0	0	0	0	0	0	1292	0	0	0	0	0	0	0	5694	0	7252	0	0	0	338	0	0	0	24448	2902	106	0	646	0	3360	0	38372	424	0	0	0	0	0	0	0	0	0	0	426	0	0	0	434	0	1012	0	0	0	374	0	296	0	540	0	0	0	82	0	0	0	3650	0	55640	5444	14778	1080	6404	600	48778	906	0	7274	6746	0	13362	1550	5682	2234	1816	270	796	2140	12100	10514	4416	3560	2822	874	
434312	Cerebelum_6_R	0	106	0	0	0	0	0	0	0	0	0	98	0	0	0	0	0	0	0	0	0	0	0	0	0	0	0	0	0	122	0	0	0	0	0	144	0	360	0	798	0	0	170	1068	0	260	1482	12820	0	120	0	0	188	1128	778	15024	0	0	0	0	0	0	0	0	0	0	0	682	0	76	0	0	0	170	0	0	0	0	0	0	0	0	0	0	0	0	0	0	0	398	6548	54120	3586	9046	500	2842	3706	29024	7274	0	624	1238	1976	9136	260	3694	0	748	144	680	18692	14310	7952	2476	2472	116	
229728	Cerebelum_7b_L	0	0	0	0	0	0	0	0	0	0	0	0	0	0	0	0	0	0	0	0	0	0	0	0	0	0	0	0	78	0	0	0	0	0	0	0	732	0	1174	0	0	0	0	0	0	0	478	0	0	0	0	0	0	0	2672	0	0	0	0	0	0	0	0	0	0	0	0	0	0	0	0	0	0	0	0	0	0	0	0	0	0	0	0	0	0	0	0	0	170	0	13774	472	28564	926	430	164	4588	112	6746	624	0	1406	32556	1628	5692	944	1736	94	172	330	1122	710	2286	3258	1012	214	
114372	Cerebelum_7b_R	0	0	0	0	0	0	0	0	0	0	0	0	0	0	0	0	0	0	0	0	0	0	0	0	0	0	0	0	0	0	0	0	0	0	0	0	0	0	0	0	0	0	0	0	0	0	0	0	0	0	0	0	0	0	0	180	0	0	0	0	0	0	0	0	0	0	0	0	0	0	0	0	0	0	0	0	0	0	0	0	0	0	0	0	0	0	0	0	0	0	98	4924	1554	18672	0	116	0	720	0	1238	1406	0	912	19842	84	3550	0	0	0	0	120	100	1564	1976	130	0	
338540	Cerebelum_8_L	0	0	0	0	0	0	0	0	0	0	0	0	0	0	0	0	0	0	0	0	0	0	0	0	0	0	0	0	116	0	0	0	0	0	0	0	852	0	1104	0	0	0	0	0	0	0	964	142	0	0	0	0	0	0	3074	112	0	0	0	0	0	0	0	0	0	0	0	0	0	0	0	0	74	0	0	0	0	0	0	0	0	0	0	0	0	0	0	0	208	0	21460	1438	29352	312	1312	330	9648	356	13362	1976	32556	912	0	2546	18572	2200	4926	158	350	948	3500	2406	2814	6878	3836	476	
261160	Cerebelum_8_R	0	0	0	0	0	0	0	0	0	0	0	0	0	0	0	0	0	0	0	0	0	0	0	0	0	0	0	0	0	0	0	0	0	0	0	0	0	0	78	0	0	0	0	0	0	0	80	306	0	0	0	0	0	0	154	578	0	0	0	0	0	0	0	0	0	0	0	0	0	0	0	0	0	0	0	0	0	0	0	0	0	0	0	0	0	0	0	0	0	0	1534	17030	2388	25414	196	916	818	4814	1550	9136	1628	19842	2546	0	930	20376	102	1612	0	238	3026	2340	5090	5286	2230	342	
145324	Cerebelum_9_L	0	0	0	0	0	0	0	0	0	0	0	0	0	0	0	0	0	0	0	0	0	0	0	0	0	0	0	0	0	0	0	0	0	0	0	0	642	0	1042	0	0	0	0	0	0	0	1176	0	0	0	0	0	0	0	1308	0	0	0	0	0	0	0	0	0	0	0	0	0	0	0	0	0	0	0	0	0	0	0	0	0	0	0	0	0	0	0	0	0	0	0	3562	198	5114	0	1876	88	6312	0	5682	260	5692	84	18572	930	0	1194	6128	0	0	236	1400	2474	1280	3704	2816	892	
