data	data	403036	290368	930668	911648	114368	109304	439732	401908	83784	15780	333556	179348	347328	305336	148464	110316	264572	95316	708204	871328	82532	115496	430940	293928	21508	75740	36108	62756	693028	394192	322848	521960	192844	512564	189128	260148	407032	464140	161636	212028	33140	73560	370872	395812	166040	252260	286788	332320	214064	255708	535140	164964	151888	169740	452200	634892	229996	218080	148868	79408	212184	55548	174120	81832	155940	87108	444644	529632	154904	186012	306512	410484	271136	447416	26788	33584	175924	165136	115524	24552	257724	109152	66284	65544	402008	225996	28864	26040	294240	381484	503280	437656	294380	276768	45416	48816	316904	219248	470732	409464	247064	188800	300140	289496	174856	165276	18552	11556	21304	33156	215324	208024	161420	109932	63664	28348	
data	data	Precentral_L	Precentral_R	Frontal_Sup_L	Frontal_Sup_R	Frontal_Sup_Orb_L	Frontal_Sup_Orb_R	Frontal_Mid_L	Frontal_Mid_R	Frontal_Mid_Orb_L	Frontal_Mid_Orb_R	Frontal_Inf_Oper_L	Frontal_Inf_Oper_R	Frontal_Inf_Tri_L	Frontal_Inf_Tri_R	Frontal_Inf_Orb_L	Frontal_Inf_Orb_R	Rolandic_Oper_L	Rolandic_Oper_R	Supp_Motor_Area_L	Supp_Motor_Area_R	Olfactory_L	Olfactory_R	Frontal_Sup_Medial_L	Frontal_Sup_Medial_R	Frontal_Med_Orb_L	Frontal_Med_Orb_R	Rectus_L	Rectus_R	Insula_L	Insula_R	Cingulum_Ant_L	Cingulum_Ant_R	Cingulum_Mid_L	Cingulum_Mid_R	Cingulum_Post_L	Cingulum_Post_R	Hippocampus_L	Hippocampus_R	ParaHippocampal_L	ParaHippocampal_R	Amygdala_L	Amygdala_R	Calcarine_L	Calcarine_R	Cuneus_L	Cuneus_R	Lingual_L	Lingual_R	Occipital_Sup_L	Occipital_Sup_R	Occipital_Mid_L	Occipital_Mid_R	Occipital_Inf_L	Occipital_Inf_R	Fusiform_L	Fusiform_R	Postcentral_L	Postcentral_R	Parietal_Sup_L	Parietal_Sup_R	Parietal_Inf_L	Parietal_Inf_R	SupraMarginal_L	SupraMarginal_R	Angular_L	Angular_R	Precuneus_L	Precuneus_R	Paracentral_Lobule_L	Paracentral_Lobule_R	Caudate_L	Caudate_R	Putamen_L	Putamen_R	Pallidum_L	Pallidum_R	Thalamus_L	Thalamus_R	Heschl_L	Heschl_R	Temporal_Sup_L	Temporal_Sup_R	Temporal_Pole_Sup_L	Temporal_Pole_Sup_R	Temporal_Mid_L	Temporal_Mid_R	Temporal_Pole_Mid_L	Temporal_Pole_Mid_R	Temporal_Inf_L	Temporal_Inf_R	Cerebelum_Crus1_L	Cerebelum_Crus1_R	Cerebelum_Crus2_L	Cerebelum_Crus2_R	Cerebelum_3_L	Cerebelum_3_R	Cerebelum_4_5_L	Cerebelum_4_5_R	Cerebelum_6_L	Cerebelum_6_R	Cerebelum_7b_L	Cerebelum_7b_R	Cerebelum_8_L	Cerebelum_8_R	Cerebelum_9_L	Cerebelum_9_R	Cerebelum_10_L	Cerebelum_10_R	Vermis_1_2	Vermis_3	Vermis_4_5	Vermis_6	Vermis_7	Vermis_8	Vermis_9	Vermis_10	
403036	Precentral_L	0	8308	10894	2578	0	0	22242	1728	0	0	15970	472	714	0	0	0	11762	0	7214	7738	0	0	324	0	0	0	0	0	8824	104	0	0	276	3662	1434	1734	2468	1304	296	180	0	130	122	0	0	0	180	0	0	0	792	0	690	356	910	648	30258	540	138	0	4470	0	4036	114	656	0	508	0	12020	1568	4268	4870	370	1090	0	308	4972	9442	1760	0	3834	0	0	0	1080	0	0	0	804	358	0	0	0	0	0	0	0	0	0	0	0	0	0	0	0	0	0	0	0	0	0	0	0	0	0	0	
290368	Precentral_R	8308	0	350	6816	0	0	834	12800	0	0	216	3712	0	0	0	0	320	1114	1636	15000	0	0	0	0	0	0	0	0	492	3090	0	0	550	998	1158	1578	708	6484	0	764	0	0	0	128	0	0	0	192	0	0	176	486	0	3458	0	7590	998	23524	290	0	174	0	0	1736	0	896	272	810	9056	8236	910	2048	200	2234	0	0	1326	2166	0	224	0	1164	0	0	0	2468	0	0	0	7262	0	0	0	0	0	0	0	0	0	232	0	0	0	0	0	0	0	0	0	0	0	0	0	0	0	0	
930668	Frontal_Sup_L	10894	350	0	20084	7630	0	51782	4708	2110	0	19992	452	27382	2038	6870	132	13632	0	86698	21184	0	0	47238	4802	766	0	190	0	41326	524	11086	5082	6062	4448	346	434	6168	376	238	186	110	0	144	0	0	0	106	0	0	0	718	0	324	0	1122	184	3270	110	0	0	158	0	184	0	0	0	194	0	502	0	10824	622	18076	224	2380	0	5386	376	2914	0	7410	0	448	0	1592	0	0	0	2746	0	0	0	0	0	0	0	0	0	0	0	0	0	0	0	0	0	0	0	0	0	0	0	0	0	0	0	
911648	Frontal_Sup_R	2578	6816	20084	0	0	3592	2848	40098	0	0	368	10662	680	19272	0	3376	110	4526	23698	94466	0	0	7712	34232	0	1840	0	0	1102	16486	3904	31488	1332	28040	182	542	330	11616	0	1322	0	0	0	0	0	0	0	172	0	0	0	0	0	694	0	6866	410	1766	0	0	0	0	0	0	0	0	0	194	974	0	4276	24014	254	28448	0	3076	874	5402	0	170	0	588	0	312	0	724	0	0	0	3042	0	0	0	0	0	0	0	0	0	266	0	0	0	0	0	0	0	0	0	0	0	0	0	0	0	0	
114368	Frontal_Sup_Orb_L	0	0	7630	0	0	0	1894	0	10194	0	0	0	1734	0	9672	0	0	0	0	0	1364	254	2224	142	2544	118	4648	170	2952	0	3454	142	0	0	0	0	0	0	0	0	0	0	0	0	0	0	0	0	0	0	0	0	0	0	0	0	0	0	0	0	0	0	0	0	0	0	0	0	0	0	2952	166	4672	0	0	0	0	0	0	0	0	0	258	0	0	0	0	0	0	0	0	0	0	0	0	0	0	0	0	0	0	0	0	0	0	0	0	0	0	0	0	0	0	0	0	0	
109304	Frontal_Sup_Orb_R	0	0	0	3592	0	0	0	3010	0	3750	0	0	0	722	0	4900	0	0	0	722	968	2382	0	2996	0	7478	244	5720	0	1038	1844	4652	0	206	0	0	0	0	0	0	0	0	0	0	0	0	0	0	0	0	0	0	0	0	0	0	0	0	0	0	0	0	0	0	0	0	0	0	0	0	928	6526	478	2496	0	0	0	0	0	0	0	0	0	0	0	0	0	0	0	0	0	0	0	0	0	0	0	0	0	0	0	0	0	0	0	0	0	0	0	0	0	0	0	0	0	0	
439732	Frontal_Mid_L	22242	834	51782	2848	1894	0	0	760	3492	0	18602	242	31734	356	8044	122	7650	0	6116	1702	0	0	20778	3176	0	0	0	0	12014	170	2260	1642	2622	2084	0	0	832	202	238	0	0	0	0	0	0	0	0	0	0	0	0	0	0	0	420	0	1708	0	0	0	468	0	280	0	0	0	0	0	0	0	3706	394	612	222	0	0	3012	212	500	0	3588	0	0	0	174	0	0	0	132	0	0	0	0	0	0	0	0	0	0	0	0	0	0	0	0	0	0	0	0	0	0	0	0	0	0	0	
401908	Frontal_Mid_R	1728	12800	4708	40098	0	3010	760	0	0	582	2090	8846	2128	29234	0	5290	110	550	4732	14666	0	0	1892	8088	0	0	0	0	2548	8774	1158	7080	124	13376	146	240	236	3020	0	650	0	0	0	0	0	0	0	0	0	0	0	0	0	294	0	2150	646	896	0	0	0	0	0	0	0	0	0	0	200	0	4074	5566	530	4462	0	0	1024	1124	0	0	0	286	0	0	0	168	0	0	0	870	0	0	0	0	0	0	0	0	0	0	0	0	0	0	0	0	0	0	0	0	0	0	0	0	0	0	
83784	Frontal_Mid_Orb_L	0	0	2110	0	10194	0	3492	0	0	0	0	0	3226	0	14166	0	0	0	0	0	484	104	0	0	380	0	2330	0	2366	0	476	0	0	0	0	0	0	0	0	0	0	0	0	0	0	0	0	0	0	0	0	0	0	0	0	0	0	0	0	0	0	0	0	0	0	0	0	0	0	0	338	0	1974	0	0	0	0	0	0	0	0	0	252	0	0	0	0	0	0	0	0	0	0	0	0	0	0	0	0	0	0	0	0	0	0	0	0	0	0	0	0	0	0	0	0	0	
15780	Frontal_Mid_Orb_R	0	0	0	0	0	3750	0	582	0	0	0	0	0	0	0	2634	0	0	0	0	0	0	0	0	0	260	0	458	0	0	0	0	0	0	0	0	0	0	0	0	0	0	0	0	0	0	0	0	0	0	0	0	0	0	0	0	0	0	0	0	0	0	0	0	0	0	0	0	0	0	0	206	0	0	0	0	0	0	0	0	0	0	0	0	0	0	0	0	0	0	0	0	0	0	0	0	0	0	0	0	0	0	0	0	0	0	0	0	0	0	0	0	0	0	0	0	
333556	Frontal_Inf_Oper_L	15970	216	19992	368	0	0	18602	2090	0	0	0	654	21260	2150	0	0	12924	0	13738	344	0	0	5014	0	0	0	0	0	22382	344	4760	3482	526	0	100	126	1320	0	0	0	0	0	0	0	0	0	0	0	0	0	122	0	294	0	190	0	5508	0	0	0	366	0	260	0	0	0	0	0	0	0	2542	200	1644	0	0	0	224	0	934	0	6526	0	1160	0	232	0	0	0	214	0	0	0	0	0	0	0	0	0	0	0	0	0	0	0	0	0	0	0	0	0	0	0	0	0	0	0	
179348	Frontal_Inf_Oper_R	472	3712	452	10662	0	0	242	8846	0	0	654	0	620	12746	0	0	0	5448	154	9152	0	0	962	0	0	0	0	0	996	14904	924	1324	0	1596	0	0	0	1616	0	190	0	0	0	0	0	0	0	0	0	0	0	0	0	170	0	1498	118	2382	0	0	0	0	0	0	0	0	0	0	0	0	2018	2794	188	2708	0	0	0	138	0	0	0	480	0	830	0	0	0	0	0	678	0	0	0	0	0	0	0	0	0	0	0	0	0	0	0	0	0	0	0	0	0	0	0	0	0	0	
347328	Frontal_Inf_Tri_L	714	0	27382	680	1734	0	31734	2128	3226	0	21260	620	0	2236	12954	0	706	0	8868	516	0	0	16240	104	0	0	0	0	21244	344	8950	5982	1292	646	0	0	136	0	0	0	0	0	0	0	0	0	0	0	0	0	0	0	0	0	0	0	0	0	0	0	0	0	0	0	0	0	0	0	0	0	2350	154	682	0	0	0	0	0	0	0	424	0	358	0	0	0	0	0	0	0	0	0	0	0	0	0	0	0	0	0	0	0	0	0	0	0	0	0	0	0	0	0	0	0	0	0	
305336	Frontal_Inf_Tri_R	0	0	2038	19272	0	722	356	29234	0	0	2150	12746	2236	0	0	5258	0	532	1902	15778	0	0	1978	3770	0	0	0	0	2708	12562	1436	8586	288	13438	0	0	0	408	0	0	0	0	0	0	0	0	0	0	0	0	0	0	0	0	0	300	0	0	0	0	0	0	0	0	0	0	0	0	0	0	3882	5638	640	4274	0	0	0	380	0	0	0	156	0	0	0	0	0	0	0	0	0	0	0	0	0	0	0	0	0	0	0	0	0	0	0	0	0	0	0	0	0	0	0	0	0	0	
148464	Frontal_Inf_Orb_L	0	0	6870	0	9672	0	8044	0	14166	0	0	0	12954	0	0	0	0	0	0	0	1220	154	2728	0	0	0	1056	104	8082	0	1514	454	274	452	0	0	0	0	126	0	0	0	0	0	0	0	0	0	0	0	0	0	0	0	0	0	0	0	0	0	0	0	0	0	0	0	0	0	0	0	1224	0	4426	0	0	0	0	0	0	0	0	0	712	0	0	0	0	0	0	0	0	0	0	0	0	0	0	0	0	0	0	0	0	0	0	0	0	0	0	0	0	0	0	0	0	0	
110316	Frontal_Inf_Orb_R	0	0	132	3376	0	4900	122	5290	0	2634	0	0	0	5258	0	0	0	0	158	640	470	1862	1134	2024	0	304	0	1334	0	7758	516	3898	284	3568	0	0	0	0	0	166	0	322	0	0	0	0	0	0	0	0	0	0	0	0	0	270	0	0	0	0	0	0	0	0	0	0	0	0	0	0	258	3600	192	4248	0	0	0	0	0	0	0	0	0	440	0	0	0	0	0	0	0	0	0	0	0	0	0	0	0	0	0	0	0	0	0	0	0	0	0	0	0	0	0	0	0	0	
264572	Rolandic_Oper_L	11762	320	13632	110	0	0	7650	110	0	0	12924	0	706	0	0	0	0	0	11898	272	0	0	498	0	0	0	0	0	23472	0	200	0	364	0	0	0	1042	0	0	0	0	0	0	0	0	0	0	0	0	0	1622	0	676	0	562	0	9552	0	1036	0	2454	0	4732	0	1282	0	370	0	348	162	260	0	230	0	0	0	514	0	3946	0	15008	0	726	0	2368	0	0	0	1478	0	0	0	0	0	0	0	0	0	0	0	0	0	0	0	0	0	0	0	0	0	0	0	0	0	0	0	
95316	Rolandic_Oper_R	0	1114	0	4526	0	0	0	550	0	0	0	5448	0	532	0	0	0	0	0	4384	0	0	0	0	0	0	0	0	0	9056	0	0	0	0	0	0	0	1766	0	610	0	0	0	0	0	0	0	0	0	0	0	0	0	504	0	1462	0	4840	0	0	0	0	0	1512	0	0	0	0	0	0	0	720	0	3384	0	166	0	302	0	2112	0	2062	0	736	0	294	0	0	0	1578	0	0	0	0	0	0	0	0	0	0	0	0	0	0	0	0	0	0	0	0	0	0	0	0	0	0	
708204	Supp_Motor_Area_L	7214	1636	86698	23698	0	0	6116	4732	0	0	13738	154	8868	1902	0	158	11898	0	0	38984	0	0	8384	700	0	0	0	0	28270	568	4448	6642	9918	15050	550	570	6004	416	278	216	204	0	166	0	0	0	0	0	0	0	824	0	342	0	1034	206	2998	128	0	0	134	0	210	0	98	0	206	0	5530	232	9208	596	16158	360	3864	120	8348	572	3002	0	6506	0	408	0	1862	0	0	0	2864	0	0	0	0	0	0	0	0	0	0	112	0	0	0	0	0	0	0	0	0	0	0	0	0	0	0	0	
871328	Supp_Motor_Area_R	7738	15000	21184	94466	0	722	1702	14666	0	0	344	9152	516	15778	0	640	272	4384	38984	0	0	0	866	6902	0	368	0	0	1254	12214	2176	16784	8150	47598	1764	4532	192	7810	0	826	0	0	0	270	0	0	0	158	0	0	170	202	0	622	0	4738	386	2276	260	0	174	0	0	0	0	220	286	1484	10834	15666	3812	20682	298	22882	0	3014	268	3682	0	210	0	666	0	312	0	1416	0	0	0	3524	0	0	0	0	0	0	0	0	0	168	0	0	0	0	0	0	0	0	0	0	0	0	0	0	0	0	
82532	Olfactory_L	0	0	0	0	1364	968	0	0	484	0	0	0	0	0	1220	470	0	0	0	0	0	6132	0	0	242	390	1136	1904	2032	408	3252	1806	0	0	0	0	276	0	266	0	718	292	0	0	0	0	0	0	0	0	0	0	0	0	0	0	0	0	0	0	0	0	0	0	0	0	0	0	0	0	6882	4814	3822	2388	0	0	0	0	0	0	0	0	0	0	0	0	0	0	0	0	0	0	0	0	0	0	0	0	0	0	0	0	0	0	0	0	0	0	0	0	0	0	0	0	0	0	
115496	Olfactory_R	0	0	0	0	254	2382	0	0	104	0	0	0	0	0	154	1862	0	0	0	0	6132	0	0	0	0	2122	514	4854	0	1792	4794	5780	0	0	0	0	0	0	0	146	0	1046	0	0	0	0	0	0	0	0	0	0	0	0	0	0	0	0	0	0	0	0	0	0	0	0	0	0	0	0	6974	9874	4266	4156	0	542	0	0	0	0	0	0	0	0	0	0	0	0	0	0	0	0	0	0	0	0	0	0	0	0	0	0	0	0	0	0	0	0	0	0	0	0	0	0	0	0	
430940	Frontal_Sup_Medial_L	324	0	47238	7712	2224	0	20778	1892	0	0	5014	962	16240	1978	2728	1134	498	0	8384	866	0	0	0	17596	1020	208	128	0	11762	1784	22936	20912	8206	8432	0	0	0	0	0	0	0	0	0	0	0	0	0	0	0	0	0	0	0	0	0	0	0	0	0	0	0	0	0	0	0	0	0	0	0	0	2710	366	1056	208	0	0	0	0	0	0	174	0	0	0	0	0	0	0	0	0	0	0	0	0	0	0	0	0	0	0	0	0	0	0	0	0	0	0	0	0	0	0	0	0	0	0	
293928	Frontal_Sup_Medial_R	0	0	4802	34232	142	2996	3176	8088	0	0	0	0	104	3770	0	2024	0	0	700	6902	0	0	17596	0	150	3602	0	0	0	2500	5444	25956	320	16066	0	0	0	0	0	0	0	0	0	0	0	0	0	0	0	0	0	0	0	0	0	0	0	0	0	0	0	0	0	0	0	0	0	0	0	0	196	5572	0	2626	0	0	0	0	0	0	0	0	0	0	0	0	0	0	0	0	0	0	0	0	0	0	0	0	0	0	0	0	0	0	0	0	0	0	0	0	0	0	0	0	0	0	
21508	Frontal_Med_Orb_L	0	0	766	0	2544	0	0	0	380	0	0	0	0	0	0	0	0	0	0	0	242	0	1020	150	0	458	1784	0	0	0	2554	206	0	0	0	0	0	0	0	0	0	0	0	0	0	0	0	0	0	0	0	0	0	0	0	0	0	0	0	0	0	0	0	0	0	0	0	0	0	0	428	0	222	0	0	0	0	0	0	0	0	0	0	0	0	0	0	0	0	0	0	0	0	0	0	0	0	0	0	0	0	0	0	0	0	0	0	0	0	0	0	0	0	0	0	0	
75740	Frontal_Med_Orb_R	0	0	0	1840	118	7478	0	0	0	260	0	0	0	0	0	304	0	0	0	368	390	2122	208	3602	458	0	432	4376	0	0	2182	5768	0	0	0	0	0	0	0	0	0	0	0	0	0	0	0	0	0	0	0	0	0	0	0	0	0	0	0	0	0	0	0	0	0	0	0	0	0	0	302	5634	0	2028	0	0	0	0	0	0	0	0	0	0	0	0	0	0	0	0	0	0	0	0	0	0	0	0	0	0	0	0	0	0	0	0	0	0	0	0	0	0	0	0	0	0	
36108	Rectus_L	0	0	190	0	4648	244	0	0	2330	0	0	0	0	0	1056	0	0	0	0	0	1136	514	128	0	1784	432	0	630	410	0	1640	220	0	0	0	0	0	0	0	0	0	0	0	0	0	0	0	0	0	0	0	0	0	0	0	0	0	0	0	0	0	0	0	0	0	0	0	0	0	0	1612	234	846	0	0	0	0	0	0	0	0	0	0	0	0	0	0	0	0	0	0	0	0	0	0	0	0	0	0	0	0	0	0	0	0	0	0	0	0	0	0	0	0	0	0	0	
62756	Rectus_R	0	0	0	0	170	5720	0	0	0	458	0	0	0	0	104	1334	0	0	0	0	1904	4854	0	0	0	4376	630	0	0	444	1746	2422	0	0	0	0	0	0	0	0	0	164	0	0	0	0	0	0	0	0	0	0	0	0	0	0	0	0	0	0	0	0	0	0	0	0	0	0	0	0	1340	3888	700	1124	0	0	0	0	0	0	0	0	0	0	0	0	0	0	0	0	0	0	0	0	0	0	0	0	0	0	0	0	0	0	0	0	0	0	0	0	0	0	0	0	0	0	
693028	Insula_L	8824	492	41326	1102	2952	0	12014	2548	2366	0	22382	996	21244	2708	8082	0	23472	0	28270	1254	2032	0	11762	0	0	0	410	0	0	758	9866	6482	782	402	616	646	14382	508	1082	292	1466	0	680	0	0	0	234	0	0	0	3668	0	2676	0	5902	270	5934	0	1100	0	3830	0	3096	0	1850	0	984	0	524	164	7940	686	15726	400	0	0	3758	458	13558	0	14950	0	2466	0	8810	0	0	0	14788	0	0	0	0	0	0	0	0	0	366	178	0	0	0	0	0	0	0	0	0	0	0	0	0	0	0	0	
394192	Insula_R	104	3090	524	16486	0	1038	170	8774	0	0	344	14904	344	12562	0	7758	0	9056	568	12214	408	1792	1784	2500	0	0	0	444	758	0	1138	5146	100	5704	0	850	112	11492	0	2096	0	850	0	386	0	0	0	400	0	0	0	0	0	1438	0	9866	0	3294	0	0	0	0	0	332	0	0	0	738	0	0	1856	6668	156	26360	0	0	116	752	0	2254	0	5496	0	1968	0	1686	0	0	0	9820	0	0	0	0	0	0	0	0	0	400	0	0	0	0	0	0	0	0	0	0	0	0	0	0	0	0	
322848	Cingulum_Ant_L	0	0	11086	3904	3454	1844	2260	1158	476	0	4760	924	8950	1436	1514	516	200	0	4448	2176	3252	4794	22936	5444	2554	2182	1640	1746	9866	1138	0	25464	7120	3536	352	0	0	0	0	0	0	202	0	0	0	0	0	0	0	0	0	0	0	0	0	0	0	0	0	0	0	0	0	0	0	0	0	0	0	0	8310	5416	3764	2444	0	158	0	0	0	0	0	0	0	0	0	0	0	0	0	0	0	0	0	0	0	0	0	0	0	0	0	0	0	0	0	0	0	0	0	0	0	0	0	0	0	0	
521960	Cingulum_Ant_R	0	0	5082	31488	142	4652	1642	7080	0	0	3482	1324	5982	8586	454	3898	0	0	6642	16784	1806	5780	20912	25956	206	5768	220	2422	6482	5146	25464	0	3870	25542	0	0	0	224	0	0	0	170	0	0	0	0	0	0	0	0	0	0	0	0	0	144	0	0	0	0	0	0	0	0	0	0	0	0	0	0	5574	18424	1624	7620	0	118	98	172	0	0	0	0	0	0	0	0	0	0	0	0	0	0	0	0	0	0	0	0	0	0	0	0	0	0	0	0	0	0	0	0	0	0	0	0	0	0	
192844	Cingulum_Mid_L	276	550	6062	1332	0	0	2622	124	0	0	526	0	1292	288	274	284	364	0	9918	8150	0	0	8206	320	0	0	0	0	782	100	7120	3870	0	13222	2158	1822	0	0	0	0	0	0	428	702	780	136	0	96	1004	0	2686	0	106	0	0	0	112	0	2112	0	408	0	0	0	130	0	6230	2214	6644	2258	0	0	0	0	0	0	0	0	0	0	96	0	0	0	618	0	0	0	0	0	0	0	0	0	0	0	0	0	0	0	0	0	0	0	0	0	0	0	0	0	0	0	0	0	0	0	
512564	Cingulum_Mid_R	3662	998	4448	28040	0	206	2084	13376	0	0	0	1596	646	13438	452	3568	0	0	15050	47598	0	0	8432	16066	0	0	0	0	402	5704	3536	25542	13222	0	924	6818	0	278	0	0	0	0	0	2990	0	460	0	498	0	244	0	438	0	1134	0	424	0	274	0	446	0	0	0	0	0	0	400	8120	4638	10652	0	4806	0	2366	0	0	0	1068	0	0	0	0	0	0	0	128	0	0	0	1110	0	0	0	0	0	0	0	0	0	0	0	0	0	0	0	0	0	0	0	0	0	0	0	0	0	0	
189128	Cingulum_Post_L	1434	1158	346	182	0	0	0	146	0	0	100	0	0	0	0	0	0	0	550	1764	0	0	0	0	0	0	0	0	616	0	352	0	2158	924	0	12972	7990	4542	4574	2188	0	0	6122	1014	972	276	3574	1050	124	0	1028	0	498	1094	3234	2832	0	352	0	0	0	0	0	0	0	0	11244	4020	1678	1858	264	0	220	666	0	0	1210	2410	282	0	160	0	0	0	938	0	0	0	314	1408	400	0	0	0	0	0	1300	0	410	550	0	0	0	0	0	0	0	0	0	0	1066	0	0	0	0	0	
260148	Cingulum_Post_R	1734	1578	434	542	0	0	0	240	0	0	126	0	0	0	0	0	0	0	570	4532	0	0	0	0	0	0	0	0	646	850	0	0	1822	6818	12972	0	5770	7356	2496	2780	0	0	368	8382	276	320	1616	7062	0	122	0	396	0	2590	1292	6296	0	2206	0	160	0	0	0	0	0	142	2380	19358	442	6434	414	0	294	1326	0	0	2178	3120	266	0	202	154	0	0	142	426	0	0	218	7026	0	0	0	0	0	0	912	0	0	774	0	0	0	0	0	0	0	0	0	0	1514	0	0	0	0	0	
407032	Hippocampus_L	2468	708	6168	330	0	0	832	236	0	0	1320	0	136	0	0	0	1042	0	6004	192	276	0	0	0	0	0	0	0	14382	112	0	0	0	0	7990	5770	0	4490	19946	2228	6216	0	5708	0	236	0	9256	352	0	0	3124	0	3894	0	24142	756	676	372	132	0	256	0	326	0	192	0	7540	488	242	0	1462	0	8256	1064	654	0	12712	3168	2354	0	5602	0	468	0	5352	0	0	0	15456	0	1536	0	0	0	0	0	3538	0	1920	534	0	0	0	0	0	0	0	0	0	0	902	0	0	0	0	0	
464140	Hippocampus_R	1304	6484	376	11616	0	0	202	3020	0	0	0	1616	0	408	0	0	0	1766	416	7810	0	0	0	0	0	0	0	0	508	11492	0	224	0	278	4542	7356	4490	0	2086	27474	0	9536	0	818	0	0	1166	3874	0	0	0	0	0	3910	894	47634	96	1946	0	0	0	0	0	0	0	0	212	3924	0	126	484	670	306	24190	0	592	2130	8682	254	538	142	2122	0	136	122	4414	0	0	172	13990	0	0	0	0	0	0	758	1086	0	3050	0	0	0	0	0	0	0	0	0	0	628	0	0	0	0	0	
161636	ParaHippocampal_L	296	0	238	0	0	0	238	0	0	0	0	0	0	0	126	0	0	0	278	0	266	0	0	0	0	0	0	0	1082	0	0	0	0	0	4574	2496	19946	2086	0	1358	1390	0	2696	0	0	0	9108	220	0	0	0	0	0	0	12826	116	0	0	0	0	0	0	0	0	0	0	4106	274	0	0	130	0	1600	0	120	0	2540	1076	0	0	0	0	1368	0	0	0	822	0	846	0	1800	0	0	0	148	0	4126	0	1880	0	0	0	0	0	0	0	0	0	0	0	642	0	0	0	0	0	
212028	ParaHippocampal_R	180	764	186	1322	0	0	0	650	0	0	0	190	0	0	0	166	0	610	216	826	0	146	0	0	0	0	0	0	292	2096	0	0	0	0	2188	2780	2228	27474	1358	0	0	10274	0	472	0	0	914	3614	0	0	0	0	0	0	480	23158	0	288	0	0	0	0	0	0	0	0	0	2126	0	0	0	0	100	5392	0	516	880	3570	106	0	0	128	0	2712	0	264	0	762	104	990	0	138	0	0	0	144	662	2082	0	2034	0	0	0	0	0	0	0	0	0	130	302	0	0	0	0	0	
33140	Amygdala_L	0	0	110	0	0	0	0	0	0	0	0	0	0	0	0	0	0	0	204	0	718	0	0	0	0	0	0	0	1466	0	0	0	0	0	0	0	6216	0	1390	0	0	0	0	0	0	0	0	0	0	0	0	0	0	0	3748	0	0	0	0	0	0	0	0	0	0	0	0	0	0	0	156	0	742	0	0	0	182	152	0	0	0	0	244	0	0	0	0	0	1242	0	0	0	0	0	0	0	0	0	0	0	0	0	0	0	0	0	0	0	0	0	0	0	0	0	0	0	
73560	Amygdala_R	130	0	0	0	0	0	0	0	0	0	0	0	0	0	0	322	0	0	0	0	292	1046	0	0	0	0	0	164	0	850	202	170	0	0	0	0	0	9536	0	10274	0	0	0	0	0	0	0	0	0	0	0	0	0	0	0	7710	0	0	0	0	0	0	0	0	0	0	0	0	0	0	230	898	192	1342	0	0	0	276	0	0	0	0	0	2536	0	0	0	0	0	360	0	0	0	0	0	0	0	128	0	122	0	0	0	0	0	0	0	0	0	0	0	0	0	0	0	0	
370872	Calcarine_L	122	0	144	0	0	0	0	0	0	0	0	0	0	0	0	0	0	0	166	0	0	0	0	0	0	0	0	0	680	0	0	0	428	0	6122	368	5708	0	2696	0	0	0	0	10284	15010	7520	16522	2330	15442	4272	28532	0	4000	218	6896	0	184	0	1494	262	692	0	256	0	602	0	34434	5174	270	0	0	0	0	0	0	0	172	0	494	0	0	0	0	0	8088	0	0	0	1610	178	990	0	0	0	0	0	734	0	1438	0	0	0	0	0	0	0	0	0	0	0	904	0	0	0	0	0	
395812	Calcarine_R	0	128	0	0	0	0	0	0	0	0	0	0	0	0	0	0	0	0	0	270	0	0	0	0	0	0	0	0	0	386	0	0	702	2990	1014	8382	0	818	0	472	0	0	10284	0	4322	25678	1128	27758	282	21002	98	6450	0	11622	112	12574	0	1204	0	1262	0	0	0	0	0	730	3694	38746	142	2424	0	0	0	118	0	0	0	0	0	0	0	104	0	0	0	1206	0	0	0	10518	0	0	0	0	0	0	118	240	140	118	0	0	0	0	0	0	0	0	0	0	430	240	0	0	0	0	
166040	Cuneus_L	0	0	0	0	0	0	0	0	0	0	0	0	0	0	0	0	0	0	0	0	0	0	0	0	0	0	0	0	0	0	0	0	780	0	972	276	236	0	0	0	0	0	15010	4322	0	5746	2120	332	15582	2376	8306	0	142	0	154	0	0	0	2086	0	446	0	0	0	116	0	18854	4470	0	0	0	0	0	0	0	0	0	0	0	0	0	0	0	0	694	0	0	0	0	0	0	0	0	0	0	0	0	0	0	0	0	0	0	0	0	0	0	0	0	0	0	0	0	0	0	0	
252260	Cuneus_R	0	0	0	0	0	0	0	0	0	0	0	0	0	0	0	0	0	0	0	0	0	0	0	0	0	0	0	0	0	0	0	0	136	460	276	320	0	0	0	0	0	0	7520	25678	5746	0	428	6294	422	31374	136	8012	0	1998	0	1206	0	1076	126	2794	0	0	0	0	0	140	5012	23172	0	1480	0	0	0	0	0	0	0	0	0	0	0	0	0	0	0	436	0	0	0	1774	0	0	0	0	0	0	0	0	0	0	0	0	0	0	0	0	0	0	0	0	114	0	0	0	0	0	
286788	Lingual_L	180	0	106	0	0	0	0	0	0	0	0	0	0	0	0	0	0	0	0	0	0	0	0	0	0	0	0	0	234	0	0	0	0	0	3574	1616	9256	1166	9108	914	0	0	16522	1128	2120	428	0	3142	5650	316	17162	0	4062	0	17298	608	0	0	434	0	0	0	0	0	100	0	8394	360	0	0	0	0	0	0	0	0	1348	428	126	0	0	0	0	0	618	0	0	0	470	0	4468	476	334	154	190	0	13066	1100	9048	812	0	0	0	0	214	0	0	0	0	0	4842	1344	478	0	0	0	
332320	Lingual_R	0	192	0	172	0	0	0	0	0	0	0	0	0	0	0	0	0	0	0	158	0	0	0	0	0	0	0	0	0	400	0	0	96	498	1050	7062	352	3874	220	3614	0	0	2330	27758	332	6294	3142	0	0	6208	0	2074	0	3540	1520	24948	0	680	0	214	0	0	0	0	0	118	1072	18586	0	952	0	0	0	282	0	0	0	0	0	0	0	116	0	0	0	540	0	0	0	2714	3260	4478	408	180	102	170	3516	6136	4822	7064	0	0	0	0	178	108	0	0	0	162	7016	6036	1416	0	0	0	
214064	Occipital_Sup_L	0	0	0	0	0	0	0	0	0	0	0	0	0	0	0	0	0	0	0	0	0	0	0	0	0	0	0	0	0	0	0	0	1004	0	124	0	0	0	0	0	0	0	15442	282	15582	422	5650	0	0	142	30346	0	604	0	416	0	0	0	13640	0	2010	0	0	0	456	0	18168	1502	252	0	0	0	0	0	0	0	0	0	0	0	0	0	0	0	990	0	0	0	0	0	0	0	0	0	0	0	0	0	0	0	0	0	0	0	0	0	0	0	0	0	0	0	0	0	0	0	
255708	Occipital_Sup_R	0	0	0	0	0	0	0	0	0	0	0	0	0	0	0	0	0	0	0	0	0	0	0	0	0	0	0	0	0	0	0	0	0	244	0	122	0	0	0	0	0	0	4272	21002	2376	31374	316	6208	142	0	0	16856	0	776	0	1202	0	1706	106	9170	0	1810	0	96	0	3012	2454	22484	0	1404	0	0	0	0	0	0	0	0	0	0	0	0	0	0	0	306	0	0	0	308	0	0	0	0	0	0	0	0	0	0	0	0	0	0	0	0	0	0	0	0	108	0	0	0	0	0	
535140	Occipital_Mid_L	792	176	718	0	0	0	0	0	0	0	122	0	0	0	0	0	1622	0	824	170	0	0	0	0	0	0	0	0	3668	0	0	0	2686	0	1028	0	3124	0	0	0	0	0	28532	98	8306	136	17162	0	30346	0	0	0	19246	0	11816	0	1578	0	18788	0	13198	0	4006	0	20166	0	27492	352	2820	0	458	0	154	0	0	0	714	0	2212	0	1102	0	0	0	33762	0	0	0	9580	0	0	0	0	0	0	0	146	0	470	0	0	0	0	0	0	0	0	0	0	0	0	0	0	0	0	0	
164964	Occipital_Mid_R	0	486	0	0	0	0	0	0	0	0	0	0	0	0	0	0	0	0	0	202	0	0	0	0	0	0	0	0	0	0	0	0	0	438	0	396	0	0	0	0	0	0	0	6450	0	8012	0	2074	0	16856	0	0	0	4312	0	1932	0	1098	0	2184	0	2090	0	390	0	10026	386	10778	0	1442	0	0	0	0	0	0	0	0	0	0	0	256	0	0	0	10356	0	0	0	2318	0	0	0	0	0	0	0	0	0	0	0	0	0	0	0	0	0	0	0	0	0	0	0	0	0	0	
151888	Occipital_Inf_L	690	0	324	0	0	0	0	0	0	0	294	0	0	0	0	0	676	0	342	0	0	0	0	0	0	0	0	0	2676	0	0	0	106	0	498	0	3894	0	0	0	0	0	4000	0	142	0	4062	0	604	0	19246	0	0	0	12198	0	980	0	352	0	314	0	322	0	358	0	3250	0	384	0	282	0	0	0	0	0	838	0	1792	0	422	0	0	0	8176	0	0	0	7920	0	148	0	0	0	0	0	102	0	552	0	0	0	0	0	0	0	0	0	0	0	0	0	0	0	0	0	
169740	Occipital_Inf_R	356	3458	0	694	0	0	0	294	0	0	0	170	0	0	0	0	0	504	0	622	0	0	0	0	0	0	0	0	0	1438	0	0	0	1134	1094	2590	0	3910	0	0	0	0	218	11622	0	1998	0	3540	0	776	0	4312	0	0	0	14454	0	844	0	0	0	0	0	0	0	268	154	7866	0	758	0	0	0	712	0	0	0	0	0	132	0	196	0	0	0	1840	0	0	0	17958	0	250	0	0	0	0	0	214	0	286	0	0	0	0	0	0	0	0	0	0	208	0	0	0	0	0	
452200	Fusiform_L	910	0	1122	0	0	0	420	0	0	0	190	0	0	0	0	0	562	0	1034	0	0	0	0	0	0	0	0	0	5902	0	0	0	0	0	3234	1292	24142	894	12826	480	3748	0	6896	112	154	0	17298	1520	416	0	11816	0	12198	0	0	942	688	0	280	0	256	0	240	0	278	0	7036	154	280	0	484	0	2364	0	0	0	2608	676	1114	0	2490	0	4242	0	5958	0	3178	0	16586	0	20066	434	362	0	228	0	12492	966	26918	1254	164	0	256	0	170	0	0	0	0	0	3644	2024	102	0	0	0	
634892	Fusiform_R	648	7590	184	6866	0	0	0	2150	0	0	0	1498	0	300	0	270	0	1462	206	4738	0	0	0	0	0	0	0	0	270	9866	0	144	0	424	2832	6296	756	47634	116	23158	0	7710	0	12574	0	1206	608	24948	0	1202	0	1932	0	14454	942	0	112	2180	0	0	0	0	0	96	0	104	156	12692	114	726	126	536	100	15412	0	222	360	2240	0	328	0	1742	0	6594	0	3920	0	3086	0	23948	1848	12618	0	0	0	544	2078	10294	2752	21490	0	0	0	0	0	0	0	0	0	0	5024	2758	262	0	0	0	
229996	Postcentral_L	30258	998	3270	410	0	0	1708	646	0	0	5508	118	0	0	0	0	9552	0	2998	386	0	0	0	0	0	0	0	0	5934	0	0	0	112	0	0	0	676	96	0	0	0	0	184	0	0	0	0	0	0	0	1578	0	980	0	688	112	0	152	4708	0	15620	0	10742	0	788	0	1836	0	3366	122	608	1358	0	100	0	0	716	990	2200	0	2736	0	0	0	1706	0	0	0	1038	0	0	0	0	0	0	0	0	0	0	0	0	0	0	0	0	0	0	0	0	0	0	0	0	0	0	0	
218080	Postcentral_R	540	23524	110	1766	0	0	0	896	0	0	0	2382	0	0	0	0	0	4840	128	2276	0	0	0	0	0	0	0	0	0	3294	0	0	0	274	352	2206	372	1946	0	288	0	0	0	1204	0	1076	0	680	0	1706	0	1098	0	844	0	2180	152	0	0	5164	0	4026	0	8532	0	1862	0	11658	0	9626	108	178	0	1144	0	0	196	532	0	362	0	1874	0	0	0	3896	0	0	0	5640	0	0	0	0	0	0	0	0	0	108	0	0	0	0	0	0	0	0	0	0	0	0	0	0	0	0	
148868	Parietal_Sup_L	138	290	0	0	0	0	0	0	0	0	0	0	0	0	0	0	1036	0	0	260	0	0	0	0	0	0	0	0	1100	0	0	0	2112	0	0	0	132	0	0	0	0	0	1494	0	2086	126	434	0	13640	106	18788	0	352	0	280	0	4708	0	0	0	8070	0	166	0	1236	0	12966	460	2046	224	0	0	0	0	0	0	0	0	0	0	0	0	0	0	2040	0	0	0	144	0	0	0	0	0	0	0	0	0	0	0	0	0	0	0	0	0	0	0	0	0	0	0	0	0	0	0	
79408	Parietal_Sup_R	0	0	0	0	0	0	0	0	0	0	0	0	0	0	0	0	0	0	0	0	0	0	0	0	0	0	0	0	0	0	0	0	0	446	0	160	0	0	0	0	0	0	262	1262	0	2794	0	214	0	9170	0	2184	0	0	0	0	0	5164	0	0	0	4074	0	0	0	1914	252	10232	0	1140	0	0	0	0	0	0	0	0	0	0	0	0	0	0	0	244	0	0	0	192	0	0	0	0	0	0	0	0	0	0	0	0	0	0	0	0	0	0	0	0	0	0	0	0	0	0	
212184	Parietal_Inf_L	4470	174	158	0	0	0	468	0	0	0	366	0	0	0	0	0	2454	0	134	174	0	0	0	0	0	0	0	0	3830	0	0	0	408	0	0	0	256	0	0	0	0	0	692	0	446	0	0	0	2010	0	13198	0	314	0	256	0	15620	0	8070	0	0	0	18816	0	19244	0	2150	0	832	134	532	0	0	0	0	0	222	0	910	0	1200	0	0	0	7290	0	0	0	1264	0	0	0	0	0	0	0	0	0	0	0	0	0	0	0	0	0	0	0	0	0	0	0	0	0	0	0	
55548	Parietal_Inf_R	0	0	0	0	0	0	0	0	0	0	0	0	0	0	0	0	0	0	0	0	0	0	0	0	0	0	0	0	0	0	0	0	0	0	0	0	0	0	0	0	0	0	0	0	0	0	0	0	0	1810	0	2090	0	0	0	0	0	4026	0	4074	0	0	0	5982	0	7080	0	332	0	0	0	0	0	0	0	0	0	0	0	0	0	0	0	0	0	1386	0	0	0	994	0	0	0	0	0	0	0	0	0	0	0	0	0	0	0	0	0	0	0	0	0	0	0	0	0	0	
174120	SupraMarginal_L	4036	0	184	0	0	0	280	0	0	0	260	0	0	0	0	0	4732	0	210	0	0	0	0	0	0	0	0	0	3096	0	0	0	0	0	0	0	326	0	0	0	0	0	256	0	0	0	0	0	0	0	4006	0	322	0	240	0	10742	0	166	0	18816	0	0	0	11968	0	796	0	128	0	190	0	0	0	0	0	264	0	890	0	9436	0	0	0	14172	0	0	0	1544	0	0	0	0	0	0	0	0	0	0	0	0	0	0	0	0	0	0	0	0	0	0	0	0	0	0	0	
81832	SupraMarginal_R	114	1736	0	0	0	0	0	0	0	0	0	0	0	0	0	0	0	1512	0	0	0	0	0	0	0	0	0	0	0	332	0	0	0	0	0	0	0	0	0	0	0	0	0	0	0	0	0	0	0	96	0	390	0	0	0	96	0	8532	0	0	0	5982	0	0	0	4952	0	262	0	142	0	0	0	0	0	0	0	0	0	712	0	4726	0	0	0	6770	0	0	0	4562	0	0	0	0	0	0	0	0	0	0	0	0	0	0	0	0	0	0	0	0	0	0	0	0	0	0	
155940	Angular_L	656	0	0	0	0	0	0	0	0	0	0	0	0	0	0	0	1282	0	98	0	0	0	0	0	0	0	0	0	1850	0	0	0	130	0	0	0	192	0	0	0	0	0	602	0	116	0	100	0	456	0	20166	0	358	0	278	0	788	0	1236	0	19244	0	11968	0	0	0	1600	0	288	0	240	0	0	0	0	0	0	0	556	0	1400	0	0	0	13154	0	0	0	1212	0	0	0	0	0	0	0	0	0	0	0	0	0	0	0	0	0	0	0	0	0	0	0	0	0	0	0	
87108	Angular_R	0	896	0	0	0	0	0	0	0	0	0	0	0	0	0	0	0	0	0	220	0	0	0	0	0	0	0	0	0	0	0	0	0	0	0	142	0	0	0	0	0	0	0	730	0	140	0	118	0	3012	0	10026	0	268	0	104	0	1862	0	1914	0	7080	0	4952	0	0	0	986	0	348	0	0	0	0	0	0	0	0	0	0	0	2250	0	0	0	7498	0	0	0	1008	0	0	0	0	0	0	0	0	0	0	0	0	0	0	0	0	0	0	0	0	0	0	0	0	0	0	
444644	Precuneus_L	508	272	194	0	0	0	0	0	0	0	0	0	0	0	0	0	370	0	206	286	0	0	0	0	0	0	0	0	984	0	0	0	6230	400	11244	2380	7540	212	4106	0	0	0	34434	3694	18854	5012	8394	1072	18168	2454	27492	386	3250	154	7036	156	1836	0	12966	252	2150	0	796	0	1600	0	0	14266	4294	404	116	0	0	0	0	0	296	0	536	0	234	0	0	0	10962	0	0	0	1686	200	1280	0	0	0	0	0	698	0	1442	0	0	0	0	0	0	0	0	0	0	0	820	0	0	0	0	0	
529632	Precuneus_R	0	810	0	194	0	0	0	0	0	0	0	0	0	0	0	0	0	0	0	1484	0	0	0	0	0	0	0	0	0	738	0	0	2214	8120	4020	19358	488	3924	274	2126	0	0	5174	38746	4470	23172	360	18586	1502	22484	352	10778	0	7866	154	12692	0	11658	460	10232	0	332	0	262	0	986	14266	0	490	13512	0	0	0	242	0	0	0	114	0	0	0	304	0	0	164	5712	0	0	0	13012	0	0	0	0	0	0	106	870	0	704	0	0	0	0	0	0	0	0	0	0	1304	0	0	0	0	0	
154904	Paracentral_Lobule_L	12020	9056	502	974	0	0	0	200	0	0	0	0	0	0	0	0	348	0	5530	10834	0	0	0	0	0	0	0	0	524	0	0	0	6644	4638	1678	442	242	0	0	0	0	0	270	142	0	0	0	0	252	0	2820	0	384	0	280	114	3366	0	2046	0	832	0	128	0	288	0	4294	490	0	5446	0	150	0	170	0	156	98	0	154	0	148	0	0	0	1320	0	0	0	472	0	0	0	0	0	0	0	0	0	0	0	0	0	0	0	0	0	0	0	0	0	0	0	0	0	0	0	
186012	Paracentral_Lobule_R	1568	8236	0	0	0	0	0	0	0	0	0	0	0	0	0	0	162	0	232	15666	0	0	0	0	0	0	0	0	164	0	0	0	2258	10652	1858	6434	0	126	0	0	0	0	0	2424	0	1480	0	952	0	1404	0	1442	0	758	0	726	122	9626	224	1140	134	0	0	142	0	348	404	13512	5446	0	0	0	0	0	0	0	0	0	0	0	0	208	0	0	0	2694	0	0	0	2464	0	0	0	0	0	0	0	0	0	0	0	0	0	0	0	0	0	0	0	0	0	0	0	0	0	0	
306512	Caudate_L	4268	910	10824	4276	2952	928	3706	4074	338	0	2542	2018	2350	3882	1224	258	260	0	9208	3812	6882	6974	2710	196	428	302	1612	1340	7940	1856	8310	5574	0	0	264	414	1462	484	130	0	156	230	0	0	0	0	0	0	0	0	458	0	282	0	484	126	608	108	0	0	532	0	190	0	240	0	116	0	0	0	0	11120	16890	3798	1118	736	6798	320	1612	0	180	0	0	0	844	0	0	0	1602	0	0	0	0	0	0	0	0	0	0	0	0	0	0	0	0	0	0	0	0	0	0	0	0	0	0	0	
410484	Caudate_R	4870	2048	622	24014	166	6526	394	5566	0	206	200	2794	154	5638	0	3600	0	720	596	20682	4814	9874	366	5572	0	5634	234	3888	686	6668	5416	18424	0	4806	0	0	0	670	0	0	0	898	0	0	0	0	0	0	0	0	0	0	0	0	0	536	1358	178	0	0	0	0	0	0	0	0	0	0	150	0	11120	0	4968	19660	0	3540	1074	15772	0	0	0	0	0	140	0	0	0	0	0	0	0	0	0	0	0	0	0	0	0	0	0	0	0	0	0	0	0	0	0	0	0	0	0	0	0	0	
271136	Putamen_L	370	200	18076	254	4672	478	612	530	1974	0	1644	188	682	640	4426	192	230	0	16158	298	3822	4266	1056	0	222	0	846	700	15726	156	3764	1624	0	0	220	294	8256	306	1600	100	742	192	0	0	0	0	0	0	0	0	154	0	0	0	2364	100	0	0	0	0	0	0	0	0	0	0	0	0	0	0	16890	4968	0	2816	4290	584	3490	406	784	0	430	0	512	0	526	0	0	0	1738	0	0	0	0	0	0	0	0	0	0	0	0	0	0	0	0	0	0	0	0	0	0	0	0	0	0	0	
447416	Putamen_R	1090	2234	224	28448	0	2496	222	4462	0	0	0	2708	0	4274	0	4248	0	3384	360	22882	2388	4156	208	2626	0	2028	0	1124	400	26360	2444	7620	0	2366	666	1326	1064	24190	0	5392	0	1342	0	118	0	0	0	282	0	0	0	0	0	712	0	15412	100	1144	0	0	0	0	0	0	0	0	0	242	170	0	3798	19660	2816	0	0	2944	776	4132	276	502	0	1098	0	168	118	1030	0	0	106	4770	0	0	0	0	0	0	0	0	0	602	0	0	0	0	0	0	0	0	0	0	0	0	0	0	0	0	
26788	Pallidum_L	0	0	2380	0	0	0	0	0	0	0	0	0	0	0	0	0	0	0	3864	0	0	0	0	0	0	0	0	0	0	0	0	0	0	0	0	0	654	0	120	0	0	0	0	0	0	0	0	0	0	0	0	0	0	0	0	0	0	0	0	0	0	0	0	0	0	0	0	0	0	0	1118	0	4290	0	0	0	968	0	0	0	0	0	0	0	0	0	0	0	0	0	0	0	0	0	0	0	0	0	0	0	0	0	0	0	0	0	0	0	0	0	0	0	0	0	0	0	
33584	Pallidum_R	308	0	0	3076	0	0	0	0	0	0	0	0	0	0	0	0	0	166	120	3014	0	542	0	0	0	0	0	0	0	0	158	118	0	0	0	0	0	592	0	516	0	0	0	0	0	0	0	0	0	0	0	0	0	0	0	222	0	0	0	0	0	0	0	0	0	0	0	0	156	0	736	3540	584	2944	0	0	0	0	0	0	0	0	0	0	0	0	0	0	0	0	0	0	0	0	0	0	0	0	0	0	0	0	0	0	0	0	0	0	0	0	0	0	0	0	0	0	
175924	Thalamus_L	4972	1326	5386	874	0	0	3012	1024	0	0	224	0	0	0	0	0	514	0	8348	268	0	0	0	0	0	0	0	0	3758	116	0	98	0	0	1210	2178	12712	2130	2540	880	182	0	172	0	0	0	1348	0	0	0	714	0	838	0	2608	360	716	196	0	0	222	0	264	0	0	0	296	0	98	0	6798	1074	3490	776	968	0	0	5790	436	0	1928	0	0	0	3072	0	0	0	3148	0	0	0	0	0	0	0	706	0	0	192	0	0	0	0	0	0	0	0	0	0	0	0	0	0	0	0	
165136	Thalamus_R	9442	2166	376	5402	0	0	212	1124	0	0	0	138	0	380	0	0	0	302	572	3682	0	0	0	0	0	0	0	0	458	752	0	172	0	1068	2410	3120	3168	8682	1076	3570	152	276	0	0	0	0	428	0	0	0	0	0	0	0	676	2240	990	532	0	0	0	0	0	0	0	0	0	114	0	0	320	15772	406	4132	0	0	5790	0	172	202	138	0	0	0	0	208	0	0	150	538	0	0	0	0	0	0	256	0	0	804	0	0	0	0	0	0	0	0	0	0	0	0	0	0	0	0	
115524	Heschl_L	1760	0	2914	0	0	0	500	0	0	0	934	0	0	0	0	0	3946	0	3002	0	0	0	0	0	0	0	0	0	13558	0	0	0	0	0	282	266	2354	254	0	106	0	0	494	0	0	0	126	0	0	0	2212	0	1792	0	1114	0	2200	0	0	0	910	0	890	0	556	0	536	0	154	0	1612	0	784	276	0	0	436	172	0	0	3700	0	0	0	5484	0	0	0	4438	0	0	0	0	0	0	0	0	0	0	0	0	0	0	0	0	0	0	0	0	0	0	0	0	0	0	0	
24552	Heschl_R	0	224	0	170	0	0	0	0	0	0	0	0	0	0	0	0	0	2112	0	210	0	0	0	0	0	0	0	0	0	2254	0	0	0	0	0	0	0	538	0	0	0	0	0	0	0	0	0	0	0	0	0	0	0	132	0	328	0	362	0	0	0	0	0	712	0	0	0	0	0	0	0	0	0	502	0	0	0	202	0	0	0	3472	0	0	0	304	0	0	0	754	0	0	0	0	0	0	0	0	0	0	0	0	0	0	0	0	0	0	0	0	0	0	0	0	0	0	
257724	Temporal_Sup_L	3834	0	7410	0	0	0	3588	0	0	0	6526	0	424	0	0	0	15008	0	6506	0	0	0	174	0	0	0	0	0	14950	0	0	0	96	0	160	202	5602	142	0	0	0	0	0	0	0	0	0	0	0	0	1102	0	422	0	2490	0	2736	0	0	0	1200	0	9436	0	1400	0	234	0	148	0	180	0	430	0	0	0	1928	138	3700	0	0	0	3964	0	21988	0	0	0	12744	0	0	0	0	0	0	0	0	0	0	0	0	0	0	0	0	0	0	0	0	0	0	0	0	0	0	0	
109152	Temporal_Sup_R	0	1164	0	588	0	0	0	286	0	0	0	480	0	156	0	0	0	2062	0	666	0	0	0	0	0	0	0	0	0	5496	0	0	0	0	0	154	0	2122	0	128	0	0	0	104	0	0	0	116	0	0	0	256	0	196	0	1742	0	1874	0	0	0	0	0	4726	0	2250	0	304	0	208	0	0	0	1098	0	0	0	0	0	3472	0	0	0	4580	0	14718	0	416	0	5214	0	0	0	0	0	0	0	0	0	0	0	0	0	0	0	0	0	0	0	0	0	0	0	0	0	0	
66284	Temporal_Pole_Sup_L	0	0	448	0	258	0	0	0	252	0	1160	0	358	0	712	0	726	0	408	0	0	0	0	0	0	0	0	0	2466	0	0	0	0	0	0	0	468	0	1368	0	244	0	0	0	0	0	0	0	0	0	0	0	0	0	4242	0	0	0	0	0	0	0	0	0	0	0	0	0	0	0	0	0	512	0	0	0	0	0	0	0	3964	0	0	0	6858	0	4292	0	4406	0	0	0	0	0	0	0	0	0	0	0	0	0	0	0	0	0	0	0	0	0	0	0	0	0	0	0	
65544	Temporal_Pole_Sup_R	0	0	0	312	0	0	0	0	0	0	0	830	0	0	0	440	0	736	0	312	0	0	0	0	0	0	0	0	0	1968	0	0	0	0	0	0	0	136	0	2712	0	2536	0	0	0	0	0	0	0	0	0	0	0	0	0	6594	0	0	0	0	0	0	0	0	0	0	0	0	0	0	0	140	0	168	0	0	0	0	0	0	0	4580	0	0	0	4608	0	4622	0	2078	0	0	0	0	0	0	0	0	0	0	0	0	0	0	0	0	0	0	0	0	0	0	0	0	0	0	
402008	Temporal_Mid_L	1080	0	1592	0	0	0	174	0	0	0	232	0	0	0	0	0	2368	0	1862	0	0	0	0	0	0	0	0	0	8810	0	0	0	618	0	938	142	5352	122	0	0	0	0	8088	0	694	0	618	0	990	0	33762	0	8176	0	5958	0	1706	0	2040	0	7290	0	14172	0	13154	0	10962	164	1320	0	844	0	526	118	0	0	3072	0	5484	0	21988	0	6858	0	0	0	3068	0	26498	0	0	0	0	0	0	0	0	0	164	0	0	0	0	0	0	0	0	0	0	0	0	0	0	0	0	0	
225996	Temporal_Mid_R	0	2468	0	724	0	0	0	168	0	0	0	0	0	0	0	0	0	294	0	1416	0	0	0	0	0	0	0	0	0	1686	0	0	0	128	0	426	0	4414	0	264	0	0	0	1206	0	436	0	540	0	306	0	10356	0	1840	0	3920	0	3896	0	244	0	1386	0	6770	0	7498	0	5712	0	2694	0	0	0	1030	0	0	0	208	0	304	0	14718	0	4608	0	0	0	2288	0	31050	0	0	0	0	0	0	0	0	0	0	0	0	0	0	0	0	0	0	0	0	0	0	0	0	0	0	
28864	Temporal_Pole_Mid_L	0	0	0	0	0	0	0	0	0	0	0	0	0	0	0	0	0	0	0	0	0	0	0	0	0	0	0	0	0	0	0	0	0	0	0	0	0	0	822	0	0	0	0	0	0	0	0	0	0	0	0	0	0	0	3178	0	0	0	0	0	0	0	0	0	0	0	0	0	0	0	0	0	0	0	0	0	0	0	0	0	0	0	4292	0	3068	0	0	0	3072	0	0	0	0	0	0	0	0	0	0	0	0	0	0	0	0	0	0	0	0	0	0	0	0	0	0	0	
26040	Temporal_Pole_Mid_R	0	0	0	0	0	0	0	0	0	0	0	0	0	0	0	0	0	0	0	0	0	0	0	0	0	0	0	0	0	0	0	0	0	0	0	0	0	0	0	762	0	0	0	0	0	0	0	0	0	0	0	0	0	0	0	3086	0	0	0	0	0	0	0	0	0	0	0	0	0	0	0	0	0	0	0	0	0	0	0	0	0	416	0	4622	0	2288	0	0	0	1846	0	0	0	0	0	0	0	0	0	0	0	0	0	0	0	0	0	0	0	0	0	0	0	0	0	0	
294240	Temporal_Inf_L	804	0	2746	0	0	0	132	0	0	0	214	0	0	0	0	0	1478	0	2864	0	0	0	0	0	0	0	0	0	14788	0	0	0	0	0	314	218	15456	172	846	104	1242	0	1610	0	0	0	470	0	0	0	9580	0	7920	0	16586	0	1038	0	144	0	1264	0	1544	0	1212	0	1686	0	472	0	1602	0	1738	106	0	0	3148	150	4438	0	12744	0	4406	0	26498	0	3072	0	0	0	2786	0	0	0	0	0	122	0	1406	0	0	0	0	0	0	0	0	0	0	0	0	0	0	0	0	0	
381484	Temporal_Inf_R	358	7262	0	3042	0	0	0	870	0	0	0	678	0	0	0	0	0	1578	0	3524	0	0	0	0	0	0	0	0	0	9820	0	0	0	1110	1408	7026	0	13990	0	990	0	360	178	10518	0	1774	0	2714	0	308	0	2318	0	17958	0	23948	0	5640	0	192	0	994	0	4562	0	1008	200	13012	0	2464	0	0	0	4770	0	0	0	538	0	754	0	5214	0	2078	0	31050	0	1846	0	0	0	3050	0	0	0	0	0	244	0	1394	0	0	0	0	0	0	0	0	0	0	0	0	0	0	0	0	
503280	Cerebelum_Crus1_L	0	0	0	0	0	0	0	0	0	0	0	0	0	0	0	0	0	0	0	0	0	0	0	0	0	0	0	0	0	0	0	0	0	0	400	0	1536	0	1800	0	0	0	990	0	0	0	4468	3260	0	0	0	0	148	0	20066	1848	0	0	0	0	0	0	0	0	0	0	1280	0	0	0	0	0	0	0	0	0	0	0	0	0	0	0	0	0	0	0	0	0	2786	0	0	6482	30460	2208	2958	0	24332	1130	65354	7392	14026	1068	17862	2004	8012	672	1254	0	234	490	4624	13112	6112	1660	1036	576	
437656	Cerebelum_Crus1_R	0	0	0	0	0	0	0	0	0	0	0	0	0	0	0	0	0	0	0	0	0	0	0	0	0	0	0	0	0	0	0	0	0	0	0	0	0	0	0	138	0	0	0	0	0	0	476	4478	0	0	0	0	0	250	434	12618	0	0	0	0	0	0	0	0	0	0	0	0	0	0	0	0	0	0	0	0	0	0	0	0	0	0	0	0	0	0	0	0	0	3050	6482	0	1176	28166	166	3606	2330	20008	7368	51984	404	8204	530	22950	254	8866	0	1010	584	906	5422	13260	10480	1882	1200	146	
294380	Cerebelum_Crus2_L	0	0	0	0	0	0	0	0	0	0	0	0	0	0	0	0	0	0	0	0	0	0	0	0	0	0	0	0	0	0	0	0	0	0	0	0	0	0	0	0	0	0	0	0	0	0	334	408	0	0	0	0	0	0	362	0	0	0	0	0	0	0	0	0	0	0	0	0	0	0	0	0	0	0	0	0	0	0	0	0	0	0	0	0	0	0	0	0	0	0	30460	1176	0	4838	698	0	426	0	4340	364	37434	3808	35112	2826	10648	520	1202	0	0	0	0	2084	6334	3164	476	176	
276768	Cerebelum_Crus2_R	0	0	0	0	0	0	0	0	0	0	0	0	0	0	0	0	0	0	0	0	0	0	0	0	0	0	0	0	0	0	0	0	0	0	0	0	0	0	0	0	0	0	0	0	0	0	154	180	0	0	0	0	0	0	0	0	0	0	0	0	0	0	0	0	0	0	0	0	0	0	0	0	0	0	0	0	0	0	0	0	0	0	0	0	0	0	0	0	0	0	2208	28166	4838	0	0	0	0	162	612	2182	3910	30594	2816	37782	280	12288	0	438	0	0	0	846	7054	3340	534	0	
45416	Cerebelum_3_L	0	0	0	0	0	0	0	0	0	0	0	0	0	0	0	0	0	0	0	0	0	0	0	0	0	0	0	0	0	0	0	0	0	0	0	0	0	0	148	0	0	0	0	0	0	0	190	102	0	0	0	0	0	0	228	0	0	0	0	0	0	0	0	0	0	0	0	0	0	0	0	0	0	0	0	0	0	0	0	0	0	0	0	0	0	0	0	0	0	0	2958	166	698	0	0	0	5288	350	3794	420	0	0	1434	0	2938	200	0	0	760	1102	1362	294	0	176	100	0	
48816	Cerebelum_3_R	0	0	0	0	0	0	0	0	0	0	0	0	0	0	0	0	0	0	0	0	0	0	0	0	0	0	0	0	0	0	0	0	0	0	0	0	0	0	0	144	0	0	0	0	0	0	0	170	0	0	0	0	0	0	0	544	0	0	0	0	0	0	0	0	0	0	0	0	0	0	0	0	0	0	0	0	0	0	0	0	0	0	0	0	0	0	0	0	0	0	0	3606	0	0	0	0	110	5934	182	7450	0	0	0	174	0	774	0	0	936	1378	494	896	620	438	558	0	
316904	Cerebelum_4_5_L	0	0	0	0	0	0	0	0	0	0	0	0	0	0	0	0	0	0	0	0	0	0	0	0	0	0	0	0	0	0	0	0	0	0	1300	912	3538	758	4126	662	0	0	734	118	0	0	13066	3516	0	0	146	0	102	0	12492	2078	0	0	0	0	0	0	0	0	0	0	698	106	0	0	0	0	0	0	0	0	706	256	0	0	0	0	0	0	0	0	0	0	122	0	24332	2330	426	0	5288	110	0	4878	36906	5362	0	0	742	0	5794	1778	0	0	926	1994	15392	3748	98	136	778	1998	
219248	Cerebelum_4_5_R	0	0	0	0	0	0	0	0	0	0	0	0	0	0	0	0	0	0	0	0	0	0	0	0	0	0	0	0	0	0	0	0	0	0	0	0	0	1086	0	2082	0	128	0	240	0	0	1100	6136	0	0	0	0	0	214	966	10294	0	0	0	0	0	0	0	0	0	0	0	870	0	0	0	0	0	0	0	0	0	0	0	0	0	0	0	0	0	0	0	0	0	244	1130	20008	0	162	350	5934	4878	0	3608	31958	0	0	0	368	456	944	0	254	588	1582	10626	1514	1182	240	238	244	
470732	Cerebelum_6_L	0	0	0	0	0	0	0	0	0	0	0	0	0	0	0	0	0	0	0	0	0	0	0	0	0	0	0	0	366	0	0	0	0	0	410	0	1920	0	1880	0	0	0	1438	140	0	0	9048	4822	0	0	470	0	552	0	26918	2752	0	0	0	0	0	0	0	0	0	0	1442	0	0	0	0	0	0	0	0	0	0	0	0	0	0	0	0	0	164	0	0	0	1406	0	65354	7368	4340	612	3794	182	36906	3608	0	9940	3308	0	4434	654	5118	970	268	0	672	1264	11206	14906	3926	744	1140	924	
409464	Cerebelum_6_R	0	232	0	266	0	0	0	0	0	0	0	0	0	0	0	0	0	0	112	168	0	0	0	0	0	0	0	0	178	400	0	0	0	0	550	774	534	3050	0	2034	0	122	0	118	0	0	812	7064	0	0	0	0	0	286	1254	21490	0	108	0	0	0	0	0	0	0	0	0	704	0	0	0	0	0	602	0	0	192	804	0	0	0	0	0	0	0	0	0	0	0	1394	7392	51984	364	2182	420	7450	5362	31958	9940	0	138	220	258	2494	670	2690	0	656	948	1688	11520	13642	6158	1764	1352	234	
247064	Cerebelum_7b_L	0	0	0	0	0	0	0	0	0	0	0	0	0	0	0	0	0	0	0	0	0	0	0	0	0	0	0	0	0	0	0	0	0	0	0	0	0	0	0	0	0	0	0	0	0	0	0	0	0	0	0	0	0	0	164	0	0	0	0	0	0	0	0	0	0	0	0	0	0	0	0	0	0	0	0	0	0	0	0	0	0	0	0	0	0	0	0	0	0	0	14026	404	37434	3910	0	0	0	0	3308	138	0	4458	35312	3496	8806	482	1020	0	0	0	0	448	4608	5214	304	0	
188800	Cerebelum_7b_R	0	0	0	0	0	0	0	0	0	0	0	0	0	0	0	0	0	0	0	0	0	0	0	0	0	0	0	0	0	0	0	0	0	0	0	0	0	0	0	0	0	0	0	0	0	0	0	0	0	0	0	0	0	0	0	0	0	0	0	0	0	0	0	0	0	0	0	0	0	0	0	0	0	0	0	0	0	0	0	0	0	0	0	0	0	0	0	0	0	0	1068	8204	3808	30594	0	0	0	0	0	220	4458	0	4062	27676	558	5430	0	0	0	0	0	0	3484	4626	212	0	
300140	Cerebelum_8_L	0	0	0	0	0	0	0	0	0	0	0	0	0	0	0	0	0	0	0	0	0	0	0	0	0	0	0	0	0	0	0	0	0	0	0	0	0	0	0	0	0	0	0	0	0	0	0	0	0	0	0	0	0	0	256	0	0	0	0	0	0	0	0	0	0	0	0	0	0	0	0	0	0	0	0	0	0	0	0	0	0	0	0	0	0	0	0	0	0	0	17862	530	35112	2816	1434	0	742	0	4434	258	35312	4062	0	5580	23278	1654	2496	0	0	0	0	508	3704	8318	1714	0	
289496	Cerebelum_8_R	0	0	0	0	0	0	0	0	0	0	0	0	0	0	0	0	0	0	0	0	0	0	0	0	0	0	0	0	0	0	0	0	0	0	0	0	0	0	0	0	0	0	0	0	0	0	0	0	0	0	0	0	0	0	0	0	0	0	0	0	0	0	0	0	0	0	0	0	0	0	0	0	0	0	0	0	0	0	0	0	0	0	0	0	0	0	0	0	0	0	2004	22950	2826	37782	0	174	0	368	654	2494	3496	27676	5580	0	1252	20884	0	1310	0	0	0	626	5922	6846	1804	100	
174856	Cerebelum_9_L	0	0	0	0	0	0	0	0	0	0	0	0	0	0	0	0	0	0	0	0	0	0	0	0	0	0	0	0	0	0	0	0	0	0	0	0	0	0	0	0	0	0	0	0	0	0	214	178	0	0	0	0	0	0	170	0	0	0	0	0	0	0	0	0	0	0	0	0	0	0	0	0	0	0	0	0	0	0	0	0	0	0	0	0	0	0	0	0	0	0	8012	254	10648	280	2938	0	5794	456	5118	670	8806	558	23278	1252	0	3158	2922	0	0	120	2216	1544	452	2932	4254	1204	
165276	Cerebelum_9_R	0	0	0	0	0	0	0	0	0	0	0	0	0	0	0	0	0	0	0	0	0	0	0	0	0	0	0	0	0	0	0	0	0	0	0	0	0	0	0	0	0	0	0	0	0	0	0	108	0	0	0	0	0	0	0	0	0	0	0	0	0	0	0	0	0	0	0	0	0	0	0	0	0	0	0	0	0	0	0	0	0	0	0	0	0	0	0	0	0	0	672	8866	520	12288	200	774	1778	944	970	2690	482	5430	1654	20884	3158	0	0	1618	322	300	2602	3096	2670	3234	5704	1674	
18552	Cerebelum_10_L	0	0	0	0	0	0	0	0	0	0	0	0	0	0	0	0	0	0	0	0	0	0	0	0	0	0	0	0	0	0	0	0	0	0	0	0	0	0	0	0	0	0	0	0	0	0	0	0	0	0	0	0	0	0	0	0	0	0	0	0	0	0	0	0	0	0	0	0	0	0	0	0	0	0	0	0	0	0	0	0	0	0	0	0	0	0	0	0	0	0	1254	0	1202	0	0	0	0	0	268	0	1020	0	2496	0	2922	0	0	0	0	0	0	0	0	114	0	0	
11556	Cerebelum_10_R	0	0	0	0	0	0	0	0	0	0	0	0	0	0	0	0	0	0	0	0	0	0	0	0	0	0	0	0	0	0	0	0	0	0	0	0	0	0	0	0	0	0	0	0	0	0	0	0	0	0	0	0	0	0	0	0	0	0	0	0	0	0	0	0	0	0	0	0	0	0	0	0	0	0	0	0	0	0	0	0	0	0	0	0	0	0	0	0	0	0	0	1010	0	438	0	0	0	254	0	656	0	0	0	1310	0	1618	0	0	0	0	0	0	196	190	106	0	
21304	Vermis_1_2	0	0	0	0	0	0	0	0	0	0	0	0	0	0	0	0	0	0	0	0	0	0	0	0	0	0	0	0	0	0	0	0	0	0	0	0	0	0	0	0	0	0	0	0	0	0	0	0	0	0	0	0	0	0	0	0	0	0	0	0	0	0	0	0	0	0	0	0	0	0	0	0	0	0	0	0	0	0	0	0	0	0	0	0	0	0	0	0	0	0	234	584	0	0	760	936	926	588	672	948	0	0	0	0	0	322	0	0	0	3156	1316	210	0	0	0	0	
33156	Vermis_3	0	0	0	0	0	0	0	0	0	0	0	0	0	0	0	0	0	0	0	0	0	0	0	0	0	0	0	0	0	0	0	0	0	0	0	0	0	0	0	130	0	0	0	0	0	0	0	162	0	0	0	0	0	0	0	0	0	0	0	0	0	0	0	0	0	0	0	0	0	0	0	0	0	0	0	0	0	0	0	0	0	0	0	0	0	0	0	0	0	0	490	906	0	0	1102	1378	1994	1582	1264	1688	0	0	0	0	120	300	0	0	3156	0	2190	116	0	0	0	0	
215324	Vermis_4_5	0	0	0	0	0	0	0	0	0	0	0	0	0	0	0	0	0	0	0	0	0	0	0	0	0	0	0	0	0	0	0	0	0	0	1066	1514	902	628	642	302	0	0	904	430	0	114	4842	7016	0	108	0	0	0	208	3644	5024	0	0	0	0	0	0	0	0	0	0	820	1304	0	0	0	0	0	0	0	0	0	0	0	0	0	0	0	0	0	0	0	0	0	0	4624	5422	0	0	1362	494	15392	10626	11206	11520	0	0	0	0	2216	2602	0	0	1316	2190	0	6250	134	0	742	2098	
