data	data	720824	375424	1.24566e+06	1.04035e+06	128944	69116	566400	356072	74232	17980	308788	258936	342752	213256	193316	50492	265492	122328	942516	908564	64564	98020	431196	411244	35500	75436	28936	52656	641228	355864	441684	532344	194064	523960	237644	311984	364956	470404	111912	257916	32348	53380	363564	415044	250180	343596	392344	364548	205600	304060	581524	299916	239080	77600	507700	485560	370168	280700	135408	107808	239824	118328	140560	85744	200684	84964	374344	466060	355464	189120	395004	507144	364080	414808	70792	32520	265036	267424	163520	31940	324928	99372	63320	46360	513948	234140	21008	12336	362488	253900	614548	417468	359688	359856	108880	122684	323824	190612	570260	388264	306504	213736	389060	325088	114220	166248	19724	3268	70576	123424	246172	269036	265960	179024	122396	48356	
data	data	Precentral_L	Precentral_R	Frontal_Sup_L	Frontal_Sup_R	Frontal_Sup_Orb_L	Frontal_Sup_Orb_R	Frontal_Mid_L	Frontal_Mid_R	Frontal_Mid_Orb_L	Frontal_Mid_Orb_R	Frontal_Inf_Oper_L	Frontal_Inf_Oper_R	Frontal_Inf_Tri_L	Frontal_Inf_Tri_R	Frontal_Inf_Orb_L	Frontal_Inf_Orb_R	Rolandic_Oper_L	Rolandic_Oper_R	Supp_Motor_Area_L	Supp_Motor_Area_R	Olfactory_L	Olfactory_R	Frontal_Sup_Medial_L	Frontal_Sup_Medial_R	Frontal_Med_Orb_L	Frontal_Med_Orb_R	Rectus_L	Rectus_R	Insula_L	Insula_R	Cingulum_Ant_L	Cingulum_Ant_R	Cingulum_Mid_L	Cingulum_Mid_R	Cingulum_Post_L	Cingulum_Post_R	Hippocampus_L	Hippocampus_R	ParaHippocampal_L	ParaHippocampal_R	Amygdala_L	Amygdala_R	Calcarine_L	Calcarine_R	Cuneus_L	Cuneus_R	Lingual_L	Lingual_R	Occipital_Sup_L	Occipital_Sup_R	Occipital_Mid_L	Occipital_Mid_R	Occipital_Inf_L	Occipital_Inf_R	Fusiform_L	Fusiform_R	Postcentral_L	Postcentral_R	Parietal_Sup_L	Parietal_Sup_R	Parietal_Inf_L	Parietal_Inf_R	SupraMarginal_L	SupraMarginal_R	Angular_L	Angular_R	Precuneus_L	Precuneus_R	Paracentral_Lobule_L	Paracentral_Lobule_R	Caudate_L	Caudate_R	Putamen_L	Putamen_R	Pallidum_L	Pallidum_R	Thalamus_L	Thalamus_R	Heschl_L	Heschl_R	Temporal_Sup_L	Temporal_Sup_R	Temporal_Pole_Sup_L	Temporal_Pole_Sup_R	Temporal_Mid_L	Temporal_Mid_R	Temporal_Pole_Mid_L	Temporal_Pole_Mid_R	Temporal_Inf_L	Temporal_Inf_R	Cerebelum_Crus1_L	Cerebelum_Crus1_R	Cerebelum_Crus2_L	Cerebelum_Crus2_R	Cerebelum_3_L	Cerebelum_3_R	Cerebelum_4_5_L	Cerebelum_4_5_R	Cerebelum_6_L	Cerebelum_6_R	Cerebelum_7b_L	Cerebelum_7b_R	Cerebelum_8_L	Cerebelum_8_R	Cerebelum_9_L	Cerebelum_9_R	Cerebelum_10_L	Cerebelum_10_R	Vermis_1_2	Vermis_3	Vermis_4_5	Vermis_6	Vermis_7	Vermis_8	Vermis_9	Vermis_10	
720824	Precentral_L	0	17288	20794	11998	260	0	19514	770	0	0	12716	358	1822	0	0	0	13778	462	10966	12998	0	0	226	0	0	0	0	0	14742	858	926	202	406	3516	8714	7596	9452	5534	1338	1768	0	0	782	0	230	0	730	0	102	0	5092	0	3036	0	2528	982	43644	380	248	0	5694	0	1796	0	788	0	1154	290	30862	1202	14796	2956	3218	1834	1824	0	22466	6370	7386	0	9378	0	0	0	8794	114	0	0	2734	0	0	0	0	0	0	0	0	0	0	0	0	0	0	0	0	0	0	0	0	0	0	0	0	0	0	0	
375424	Precentral_R	17288	0	4270	16354	0	0	1098	5772	0	0	256	3652	156	1318	0	0	210	1766	3600	11430	0	0	0	0	0	0	0	0	1506	2886	234	0	308	2226	5594	7296	1992	7138	312	1634	0	0	0	1334	0	128	106	978	0	112	104	2234	324	470	912	2022	3230	12330	0	260	758	1090	104	272	0	0	188	2200	10164	4454	2874	6308	504	4742	0	926	5572	9534	294	732	306	2128	0	0	404	5340	0	0	816	5162	0	0	0	0	0	0	0	0	0	0	0	0	0	0	0	0	0	0	0	0	0	0	0	0	0	0	
1.24566e+06	Frontal_Sup_L	20794	4270	0	28196	11262	0	72582	2074	5808	0	22378	1188	27756	1112	15480	0	16364	108	100258	30612	0	0	49460	11814	2058	118	362	0	47170	736	34600	7780	5278	6804	0	0	4820	580	0	178	0	0	0	0	0	0	106	0	0	0	0	0	0	0	2780	0	4246	168	0	0	0	0	0	0	0	0	0	0	6982	0	16606	6910	21524	2526	7026	210	6756	336	1280	0	6882	0	824	0	920	0	0	0	4750	0	0	0	0	0	0	0	0	0	0	0	0	0	0	0	0	0	0	0	0	0	0	0	0	0	0	0	
1.04035e+06	Frontal_Sup_R	11998	16354	28196	0	348	1800	6782	44880	0	568	1006	18904	1062	13382	466	1114	548	7546	34244	86688	0	124	11230	35840	0	1784	0	120	6054	20148	8298	34592	3582	23216	472	506	1018	2592	0	1480	0	0	0	0	0	0	0	0	0	0	0	0	0	0	964	1226	1626	860	0	0	0	0	0	0	0	0	0	0	6114	0	8644	33810	3080	12472	148	468	2048	15978	162	0	1696	718	0	788	600	0	0	0	1602	228	0	0	0	0	0	0	0	0	0	0	0	0	0	0	0	0	0	0	0	0	0	0	0	0	0	0	
128944	Frontal_Sup_Orb_L	260	0	11262	348	0	0	2414	0	10366	0	612	0	1660	0	9346	0	0	0	3558	394	498	0	1958	0	2220	0	3038	0	6596	0	2612	0	0	0	0	0	0	0	0	0	0	0	0	0	0	0	0	0	0	0	0	0	0	0	0	0	0	0	0	0	0	0	0	0	0	0	0	0	0	0	262	240	6326	0	0	0	0	0	0	0	102	0	400	0	0	0	0	0	0	0	0	0	0	0	0	0	0	0	0	0	0	0	0	0	0	0	0	0	0	0	0	0	0	0	0	0	
69116	Frontal_Sup_Orb_R	0	0	0	1800	0	0	0	200	0	3128	0	0	0	0	0	2010	0	0	0	268	268	988	138	2142	284	8046	0	5782	0	580	486	1656	0	0	0	0	0	0	0	0	0	0	0	0	0	0	0	0	0	0	0	0	0	0	0	0	0	0	0	0	0	0	0	0	0	0	0	0	0	0	204	2402	174	4002	0	0	0	0	0	0	0	0	0	0	0	0	0	0	0	0	0	0	0	0	0	0	0	0	0	0	0	0	0	0	0	0	0	0	0	0	0	0	0	0	0	0	
566400	Frontal_Mid_L	19514	1098	72582	6782	2414	0	0	2336	2834	0	13876	1504	41644	300	10246	0	7300	0	16278	5180	0	0	16186	1896	376	0	102	0	19338	258	12710	1150	1290	1640	0	0	524	228	0	0	0	0	0	0	0	0	0	0	0	0	0	0	0	0	0	0	3522	164	0	0	0	0	0	0	0	0	0	0	164	0	10430	3094	1828	282	778	0	884	974	0	0	1494	0	0	0	0	0	0	0	0	0	0	0	0	0	0	0	0	0	0	0	0	0	0	0	0	0	0	0	0	0	0	0	0	0	0	0	
356072	Frontal_Mid_R	770	5772	2074	44880	0	200	2336	0	0	786	296	17396	110	19008	0	1776	0	3888	3908	9522	0	0	1774	7066	0	132	0	0	222	11516	2042	9700	730	5654	390	396	426	3224	0	2322	0	0	0	0	0	0	0	0	0	0	0	0	0	0	0	2188	328	1104	0	0	0	0	0	0	0	0	0	0	0	0	1014	5500	166	7176	0	194	216	816	0	0	0	454	0	328	0	0	0	0	0	236	0	0	0	0	0	0	0	0	0	0	0	0	0	0	0	0	0	0	0	0	0	0	0	0	0	0	
74232	Frontal_Mid_Orb_L	0	0	5808	0	10366	0	2834	0	0	0	182	0	1662	0	10968	0	0	0	364	0	0	0	0	0	0	0	1290	0	2060	0	0	0	0	0	0	0	0	0	0	0	0	0	0	0	0	0	0	0	0	0	0	0	0	0	0	0	0	0	0	0	0	0	0	0	0	0	0	0	0	0	0	0	1278	0	0	0	0	0	0	0	0	0	304	0	0	0	0	0	0	0	0	0	0	0	0	0	0	0	0	0	0	0	0	0	0	0	0	0	0	0	0	0	0	0	0	0	
17980	Frontal_Mid_Orb_R	0	0	0	568	0	3128	0	786	0	0	0	0	0	266	0	3732	0	0	0	0	0	0	0	0	0	270	0	0	0	0	0	0	0	0	0	0	0	0	0	0	0	0	0	0	0	0	0	0	0	0	0	0	0	0	0	0	0	0	0	0	0	0	0	0	0	0	0	0	0	0	0	0	0	240	0	0	0	0	0	0	0	0	0	0	0	0	0	0	0	0	0	0	0	0	0	0	0	0	0	0	0	0	0	0	0	0	0	0	0	0	0	0	0	0	0	0	
308788	Frontal_Inf_Oper_L	12716	256	22378	1006	612	0	13876	296	182	0	0	490	18290	580	684	0	19892	0	19054	814	0	0	752	140	0	0	0	0	22956	284	2772	306	0	154	0	0	118	0	0	0	0	0	0	0	0	0	0	0	0	0	0	0	0	0	0	0	3358	0	0	0	0	0	0	0	0	0	0	0	0	0	1608	786	330	412	0	0	426	0	2096	0	5992	0	778	0	0	0	0	0	0	0	0	0	0	0	0	0	0	0	0	0	0	0	0	0	0	0	0	0	0	0	0	0	0	0	0	0	
258936	Frontal_Inf_Oper_R	358	3652	1188	18904	0	0	1504	17396	0	0	490	0	206	15390	0	0	0	6048	2208	10776	0	0	1338	3464	0	0	0	0	360	20662	1208	7172	638	4220	120	128	134	1220	0	578	0	0	0	0	0	0	0	0	0	0	0	0	0	0	0	860	0	1868	0	0	0	0	0	0	0	0	0	0	0	0	290	1850	0	2254	0	0	0	252	0	0	0	854	0	1500	0	0	0	0	0	378	0	0	0	0	0	0	0	0	0	0	0	0	0	0	0	0	0	0	0	0	0	0	0	0	0	0	
342752	Frontal_Inf_Tri_L	1822	156	27756	1062	1660	0	41644	110	1662	0	18290	206	0	300	19640	0	2246	0	7700	846	0	0	4530	1358	0	0	0	0	31082	310	1880	328	486	280	0	0	0	0	0	0	0	0	0	0	0	0	0	0	0	0	0	0	0	0	0	0	442	0	0	0	0	0	0	0	0	0	0	0	0	0	1296	956	1184	486	0	0	0	0	302	0	972	0	384	0	0	0	0	0	0	0	0	0	0	0	0	0	0	0	0	0	0	0	0	0	0	0	0	0	0	0	0	0	0	0	0	0	
213256	Frontal_Inf_Tri_R	0	1318	1112	13382	0	0	300	19008	0	266	580	15390	300	0	110	4908	0	654	3450	9008	0	0	732	2570	0	0	0	0	542	13778	1088	5428	530	4720	0	0	0	884	0	640	0	0	0	0	0	0	0	0	0	0	0	0	0	0	0	734	0	698	0	0	0	0	0	0	0	0	0	0	0	0	286	1222	0	2716	0	0	0	0	0	0	0	274	0	0	0	0	0	0	0	0	0	0	0	0	0	0	0	0	0	0	0	0	0	0	0	0	0	0	0	0	0	0	0	0	0	0	
193316	Frontal_Inf_Orb_L	0	0	15480	466	9346	0	10246	0	10968	0	684	0	19640	110	0	0	236	0	2082	394	472	0	1850	868	0	0	116	0	15312	102	266	104	340	0	0	0	214	0	0	0	198	0	0	0	0	0	0	0	0	0	0	0	0	0	0	0	0	0	0	0	0	0	0	0	0	0	0	0	0	0	0	0	5624	0	0	0	0	0	0	0	404	0	1136	0	0	0	0	0	0	0	0	0	0	0	0	0	0	0	0	0	0	0	0	0	0	0	0	0	0	0	0	0	0	0	0	0	
50492	Frontal_Inf_Orb_R	0	0	0	1114	0	2010	0	1776	0	3732	0	0	0	4908	0	0	0	0	166	318	0	610	0	298	0	230	0	554	0	4542	0	186	0	350	0	0	0	0	0	0	0	124	0	0	0	0	0	0	0	0	0	0	0	0	0	0	0	0	0	0	0	0	0	0	0	0	0	0	0	0	0	164	0	3126	0	0	0	0	0	0	0	438	0	600	0	0	0	0	0	0	0	0	0	0	0	0	0	0	0	0	0	0	0	0	0	0	0	0	0	0	0	0	0	0	0	0	
265492	Rolandic_Oper_L	13778	210	16364	548	0	0	7300	0	0	0	19892	0	2246	0	236	0	0	0	15086	566	0	0	124	0	0	0	0	0	19142	0	478	162	0	108	0	0	748	0	0	0	0	0	0	0	0	0	0	0	0	0	0	0	0	0	0	0	8728	0	0	0	988	0	2120	0	716	0	0	0	152	0	0	0	238	0	0	0	682	0	5834	0	12652	0	706	0	2700	0	0	0	242	0	0	0	0	0	0	0	0	0	0	0	0	0	0	0	0	0	0	0	0	0	0	0	0	0	0	0	
122328	Rolandic_Oper_R	462	1766	108	7546	0	0	0	3888	0	0	0	6048	0	654	0	0	0	0	0	3964	0	0	0	0	0	0	0	0	0	12864	0	122	0	0	0	0	0	3188	0	380	0	0	0	0	0	0	0	0	0	0	0	0	0	0	0	694	0	4270	0	106	0	212	0	1860	0	0	0	0	0	0	110	1072	0	3104	0	246	0	1404	0	902	0	3746	0	1364	0	408	0	0	0	676	0	0	0	0	0	0	0	0	0	0	0	0	0	0	0	0	0	0	0	0	0	0	0	0	0	0	
942516	Supp_Motor_Area_L	10966	3600	100258	34244	3558	0	16278	3908	364	0	19054	2208	7700	3450	2082	166	15086	0	0	62566	0	0	11784	12060	212	0	0	0	30048	1252	16106	12274	10144	25682	1014	810	2952	486	0	166	0	0	0	0	110	0	0	0	0	0	0	0	0	0	1470	0	1896	150	0	0	0	0	0	0	0	0	404	292	12002	1138	11164	5506	11952	2042	2334	150	918	278	934	0	4642	0	644	0	164	0	0	0	2590	0	0	0	0	0	0	0	0	0	0	0	0	0	0	0	0	0	0	0	0	0	0	0	0	0	0	0	
908564	Supp_Motor_Area_R	12998	11430	30612	86688	394	268	5180	9522	0	0	814	10776	846	9008	394	318	566	3964	62566	0	0	0	4292	13196	0	170	0	0	6252	9996	4740	17594	7456	47142	2770	7116	822	1110	0	680	0	0	0	566	0	200	0	448	0	124	0	186	0	0	972	588	802	772	0	0	0	0	0	0	0	0	374	3850	19386	12624	5104	19192	3392	4856	104	462	658	3726	158	0	1828	552	0	462	612	388	0	0	1688	528	0	0	0	0	0	0	0	0	0	0	0	0	0	0	0	0	0	0	0	0	0	0	0	0	0	0	
64564	Olfactory_L	0	0	0	0	498	268	0	0	0	0	0	0	0	0	472	0	0	0	0	0	0	4892	0	0	0	194	582	1274	1040	0	2528	2456	0	0	0	0	366	0	192	0	522	0	0	0	0	0	0	0	0	0	0	0	0	0	0	0	0	0	0	0	0	0	0	0	0	0	0	0	0	0	5912	3844	5526	1372	116	0	0	0	0	0	0	0	228	0	0	0	0	0	0	0	0	0	0	0	0	0	0	0	0	0	0	0	0	0	0	0	0	0	0	0	0	0	0	0	0	0	
98020	Olfactory_R	0	0	0	124	0	988	0	0	0	0	0	0	0	0	0	610	0	0	0	0	4892	0	0	0	0	644	122	3276	0	2422	1472	2664	0	0	0	0	0	0	0	0	0	686	0	0	0	0	0	0	0	0	0	0	0	0	0	0	0	0	0	0	0	0	0	0	0	0	0	0	0	0	8550	8086	7842	4302	1578	572	0	180	0	0	0	0	0	0	0	0	0	0	0	0	0	0	0	0	0	0	0	0	0	0	0	0	0	0	0	0	0	0	0	0	0	0	0	0	0	0	
431196	Frontal_Sup_Medial_L	226	0	49460	11230	1958	138	16186	1774	0	0	752	1338	4530	732	1850	0	124	0	11784	4292	0	0	0	30888	3226	722	658	0	1372	238	34792	17642	5084	11924	0	0	0	0	0	0	0	0	0	0	0	0	0	0	0	0	0	0	0	0	0	0	0	0	0	0	0	0	0	0	0	0	0	0	0	0	464	804	888	522	0	0	0	0	0	0	0	0	0	0	0	0	0	0	0	0	0	0	0	0	0	0	0	0	0	0	0	0	0	0	0	0	0	0	0	0	0	0	0	0	0	0	
411244	Frontal_Sup_Medial_R	0	0	11814	35840	0	2142	1896	7066	0	0	140	3464	1358	2570	868	298	0	0	12060	13196	0	0	30888	0	484	4248	0	284	700	1706	12516	30062	1912	19796	0	0	0	0	0	0	0	0	0	0	0	0	0	0	0	0	0	0	0	0	0	0	0	0	0	0	0	0	0	0	0	0	0	0	0	0	276	4430	324	5284	0	0	0	0	0	0	0	0	0	0	0	0	0	0	0	0	0	0	0	0	0	0	0	0	0	0	0	0	0	0	0	0	0	0	0	0	0	0	0	0	0	0	
35500	Frontal_Med_Orb_L	0	0	2058	0	2220	284	376	0	0	0	0	0	0	0	0	0	0	0	212	0	0	0	3226	484	0	1018	2142	0	0	0	4624	156	0	0	0	0	0	0	0	0	0	0	0	0	0	0	0	0	0	0	0	0	0	0	0	0	0	0	0	0	0	0	0	0	0	0	0	0	0	0	122	0	828	0	0	0	0	0	0	0	0	0	0	0	0	0	0	0	0	0	0	0	0	0	0	0	0	0	0	0	0	0	0	0	0	0	0	0	0	0	0	0	0	0	0	0	
75436	Frontal_Med_Orb_R	0	0	118	1784	0	8046	0	132	0	270	0	0	0	0	0	230	0	0	0	170	194	644	722	4248	1018	0	0	4574	0	258	2102	4212	0	132	0	0	0	0	0	0	0	0	0	0	0	0	0	0	0	0	0	0	0	0	0	0	0	0	0	0	0	0	0	0	0	0	0	0	0	0	146	3896	136	4686	0	0	0	0	0	0	0	0	0	0	0	0	0	0	0	0	0	0	0	0	0	0	0	0	0	0	0	0	0	0	0	0	0	0	0	0	0	0	0	0	0	0	
28936	Rectus_L	0	0	362	0	3038	0	102	0	1290	0	0	0	0	0	116	0	0	0	0	0	582	122	658	0	2142	0	0	160	0	0	3466	364	0	0	0	0	0	0	0	0	0	0	0	0	0	0	0	0	0	0	0	0	0	0	0	0	0	0	0	0	0	0	0	0	0	0	0	0	0	0	390	204	1472	0	0	0	0	0	0	0	0	0	0	0	0	0	0	0	0	0	0	0	0	0	0	0	0	0	0	0	0	0	0	0	0	0	0	0	0	0	0	0	0	0	0	0	
52656	Rectus_R	0	0	0	120	0	5782	0	0	0	0	0	0	0	0	0	554	0	0	0	0	1274	3276	0	284	0	4574	160	0	0	1262	734	1960	0	0	0	0	0	0	0	0	0	146	0	0	0	0	0	0	0	0	0	0	0	0	0	0	0	0	0	0	0	0	0	0	0	0	0	0	0	0	1168	1788	1140	2106	0	0	0	0	0	0	0	0	0	0	0	0	0	0	0	0	0	0	0	0	0	0	0	0	0	0	0	0	0	0	0	0	0	0	0	0	0	0	0	0	0	0	
641228	Insula_L	14742	1506	47170	6054	6596	0	19338	222	2060	0	22956	360	31082	542	15312	0	19142	0	30048	6252	1040	0	1372	700	0	0	0	0	0	556	1992	692	146	252	554	572	11820	488	830	290	1780	0	454	0	126	0	322	0	0	0	0	0	946	0	8034	128	3740	0	0	0	988	0	150	0	0	0	224	0	0	0	2726	1938	14714	1080	110	0	3462	216	6120	0	12036	0	2486	0	3550	0	0	0	10266	0	0	0	0	0	0	0	152	0	180	0	0	0	0	0	0	0	0	0	0	0	0	0	0	0	0	0	
355864	Insula_R	858	2886	736	20148	0	580	258	11516	0	0	284	20662	310	13778	102	4542	0	12864	1252	9996	0	2422	238	1706	0	258	0	1262	556	0	680	3666	0	990	648	684	638	8296	0	2114	0	1670	0	0	0	0	0	0	0	0	0	198	0	0	116	3610	0	1596	0	0	0	0	0	164	0	0	0	0	0	0	492	3708	154	19208	0	640	236	1730	0	3122	0	4448	0	1758	0	2888	0	0	0	7264	0	0	0	0	0	0	0	0	0	0	0	0	0	0	0	0	0	0	0	0	0	0	0	0	0	0	
441684	Cingulum_Ant_L	926	234	34600	8298	2612	486	12710	2042	0	0	2772	1208	1880	1088	266	0	478	0	16106	4740	2528	1472	34792	12516	4624	2102	3466	734	1992	680	0	25354	6938	7510	0	0	0	0	0	0	0	0	0	0	0	0	0	0	0	0	0	0	0	0	0	0	126	0	0	0	0	0	0	0	0	0	0	0	0	0	6422	6430	9636	2898	0	0	0	0	0	0	176	0	0	0	0	0	0	0	0	0	0	0	0	0	0	0	0	0	0	0	0	0	0	0	0	0	0	0	0	0	0	0	0	0	0	0	
532344	Cingulum_Ant_R	202	0	7780	34592	0	1656	1150	9700	0	0	306	7172	328	5428	104	186	162	122	12274	17594	2456	2664	17642	30062	156	4212	364	1960	692	3666	25354	0	7494	31276	0	0	0	142	0	0	0	0	0	0	0	0	0	0	0	0	0	0	0	0	0	0	0	0	0	0	0	0	0	0	0	0	0	0	0	0	3942	20164	3494	11676	0	0	0	0	0	0	0	0	0	0	0	0	0	0	0	0	0	0	0	0	0	0	0	0	0	0	0	0	0	0	0	0	0	0	0	0	0	0	0	0	0	0	
194064	Cingulum_Mid_L	406	308	5278	3582	0	0	1290	730	0	0	0	638	486	530	340	0	0	0	10144	7456	0	0	5084	1912	0	0	0	0	146	0	6938	7494	0	15872	2260	1160	0	0	0	0	0	0	514	0	2388	0	402	0	776	0	2556	0	194	0	0	0	212	0	1130	0	218	0	0	0	452	0	5202	958	6504	1284	0	428	0	200	0	0	0	0	0	0	148	0	0	0	1030	0	0	0	382	0	0	0	0	0	0	0	0	0	0	0	0	0	0	0	0	0	0	0	0	0	0	0	0	0	0	0	
523960	Cingulum_Mid_R	3516	2226	6804	23216	0	0	1640	5654	0	0	154	4220	280	4720	0	350	108	0	25682	47142	0	0	11924	19796	0	132	0	0	252	990	7510	31276	15872	0	2298	7572	0	128	0	112	0	0	0	1342	320	1310	0	1022	0	1184	282	200	0	0	0	176	0	1236	0	0	0	0	0	0	0	0	950	8090	8162	10818	0	1950	0	1192	0	0	0	0	0	0	0	0	0	0	172	0	0	0	0	0	0	0	0	0	0	0	0	0	0	0	0	0	0	0	0	0	0	0	0	0	0	0	0	0	0	0	
237644	Cingulum_Post_L	8714	5594	0	472	0	0	0	390	0	0	0	120	0	0	0	0	0	0	1014	2770	0	0	0	0	0	0	0	0	554	648	0	0	2260	2298	0	19782	11922	9786	3984	4614	0	0	1832	0	1794	0	2286	112	458	0	1098	0	344	0	2298	1522	228	190	0	0	0	0	0	0	0	0	6260	2030	8684	2000	0	382	0	294	0	0	4108	4968	892	114	248	0	0	0	870	0	0	0	668	110	110	0	0	0	0	0	0	0	0	0	0	0	0	0	0	0	0	0	0	0	0	0	0	0	0	0	
311984	Cingulum_Post_R	7596	7296	0	506	0	0	0	396	0	0	0	128	0	0	0	0	0	0	810	7116	0	0	0	0	0	0	0	0	572	684	0	0	1160	7572	19782	0	10472	13402	3278	5946	0	0	162	4522	0	1254	876	3154	0	764	0	992	140	364	2266	2444	0	1718	0	182	0	0	0	0	0	0	2154	17864	3908	8360	0	398	0	338	0	0	5330	6144	894	124	240	0	0	0	176	898	0	0	638	2064	110	0	0	0	0	0	0	0	0	0	0	0	0	0	0	0	0	0	0	0	798	0	0	0	0	0	
364956	Hippocampus_L	9452	1992	4820	1018	0	0	524	426	0	0	118	134	0	0	214	0	748	0	2952	822	366	0	0	0	0	0	0	0	11820	638	0	0	0	0	11922	10472	0	10218	15380	5112	6826	0	2450	0	0	0	4376	262	0	0	0	0	506	0	21670	1806	608	156	0	0	0	0	0	0	0	0	3708	832	1762	0	314	402	7298	454	702	0	10168	6018	1904	114	3268	0	632	0	908	0	0	0	15222	128	202	0	0	0	0	0	330	0	304	0	0	0	0	0	0	0	0	0	0	0	0	0	0	0	0	0	
470404	Hippocampus_R	5534	7138	580	2592	0	0	228	3224	0	0	0	1220	0	884	0	0	0	3188	486	1110	0	0	0	0	0	0	0	0	488	8296	0	142	0	128	9786	13402	10218	0	3328	33494	0	10180	0	5426	0	0	1072	8748	0	0	0	504	126	278	2290	29398	124	3732	0	0	0	200	0	228	0	0	514	9926	0	628	858	2650	0	17326	0	940	4956	11746	676	1074	184	790	0	1088	124	2134	0	0	538	9940	108	0	0	0	0	0	0	450	0	0	0	0	0	0	0	0	0	0	0	0	780	0	0	0	0	0	
111912	ParaHippocampal_L	1338	312	0	0	0	0	0	0	0	0	0	0	0	0	0	0	0	0	0	0	192	0	0	0	0	0	0	0	830	0	0	0	0	0	3984	3278	15380	3328	0	2402	1312	0	846	0	0	0	2674	222	0	0	0	0	0	0	8014	570	0	0	0	0	0	0	0	0	0	0	1332	482	0	0	0	0	652	0	0	0	3580	2120	0	0	0	0	698	0	0	0	496	0	1540	0	0	0	0	0	190	0	184	0	0	0	0	0	0	0	0	0	0	0	0	0	0	0	0	0	0	0	
257916	ParaHippocampal_R	1768	1634	178	1480	0	0	0	2322	0	0	0	578	0	640	0	0	0	380	166	680	0	0	0	0	0	0	0	0	290	2114	0	0	0	112	4614	5946	5112	33494	2402	0	0	4728	0	4006	0	0	674	6360	0	0	0	492	0	198	1190	19340	0	1944	0	0	0	0	0	0	0	0	236	5106	0	574	112	406	0	8620	0	630	1638	3440	470	0	112	0	0	368	0	910	0	124	216	2272	0	0	0	0	0	0	0	596	0	0	0	0	0	0	0	0	0	0	0	0	286	0	0	0	0	0	
32348	Amygdala_L	0	0	0	0	0	0	0	0	0	0	0	0	0	0	198	0	0	0	0	0	522	0	0	0	0	0	0	0	1780	0	0	0	0	0	0	0	6826	0	1312	0	0	0	0	0	0	0	0	0	0	0	0	0	0	0	2966	0	0	0	0	0	0	0	0	0	0	0	0	0	0	0	190	0	424	0	0	0	0	0	0	0	0	0	506	0	0	0	0	0	1450	0	0	0	0	0	0	0	0	0	0	0	0	0	0	0	0	0	0	0	0	0	0	0	0	0	0	0	
53380	Amygdala_R	0	0	0	0	0	0	0	0	0	0	0	0	0	0	0	124	0	0	0	0	0	686	0	0	0	0	0	146	0	1670	0	0	0	0	0	0	0	10180	0	4728	0	0	0	0	0	0	0	0	0	0	0	0	0	0	0	5270	0	0	0	0	0	0	0	0	0	0	0	0	0	0	0	0	0	1304	0	0	0	0	0	0	0	0	0	1328	0	0	0	0	0	1254	0	0	0	0	0	0	0	0	0	0	0	0	0	0	0	0	0	0	0	0	0	0	0	0	0	0	
363564	Calcarine_L	782	0	0	0	0	0	0	0	0	0	0	0	0	0	0	0	0	0	0	0	0	0	0	0	0	0	0	0	454	0	0	0	514	0	1832	162	2450	0	846	0	0	0	0	7600	21110	7314	24222	1586	8842	2656	30826	678	15584	234	7206	656	438	0	1038	0	168	0	124	0	274	0	20940	1218	1634	0	0	0	0	0	0	0	0	0	2838	0	464	0	0	0	9578	0	0	0	2966	0	0	0	0	0	0	0	0	0	2304	0	0	0	0	0	0	0	0	0	0	0	0	2244	0	0	0	0	
415044	Calcarine_R	0	1334	0	0	0	0	0	0	0	0	0	0	0	0	0	0	0	0	0	566	0	0	0	0	0	0	0	0	0	0	0	0	0	1342	0	4522	0	5426	0	4006	0	0	7600	0	4424	30606	3740	29052	0	19082	0	16984	0	5902	0	13982	0	8480	0	260	0	954	0	106	0	134	1476	31404	106	3156	0	0	0	0	0	0	0	0	0	0	0	138	0	0	0	7764	0	0	0	4976	0	0	0	0	0	0	0	0	0	0	0	0	0	0	0	0	0	0	0	0	0	0	0	0	0	0	
250180	Cuneus_L	230	0	0	0	0	0	0	0	0	0	0	0	0	0	0	0	0	0	110	0	0	0	0	0	0	0	0	0	126	0	0	0	2388	320	1794	0	0	0	0	0	0	0	21110	4424	0	8268	9512	248	15942	2008	19984	392	3226	0	1622	0	230	0	2380	0	290	0	140	0	892	0	17692	1364	1812	0	0	0	0	0	0	0	0	0	352	0	0	0	0	0	5628	0	0	0	342	0	0	0	0	0	0	0	0	0	1132	0	0	0	0	0	0	0	0	0	0	0	0	1132	0	0	0	0	
343596	Cuneus_R	0	128	0	0	0	0	0	0	0	0	0	0	0	0	0	0	0	0	0	200	0	0	0	0	0	0	0	0	0	0	0	0	0	1310	0	1254	0	0	0	0	0	0	7314	30606	8268	0	1528	3896	0	38012	0	21736	0	748	0	2930	0	5856	0	4938	0	866	0	506	0	1908	3130	24312	0	5634	0	0	0	0	0	0	0	0	0	0	0	492	0	0	0	4588	0	0	0	1638	0	0	0	0	0	0	0	0	0	0	0	0	0	0	0	0	0	0	0	0	0	0	0	0	0	0	
392344	Lingual_L	730	106	106	0	0	0	0	0	0	0	0	0	0	0	0	0	0	0	0	0	0	0	0	0	0	0	0	0	322	0	0	0	402	0	2286	876	4376	1072	2674	674	0	0	24222	3740	9512	1528	0	4132	4662	384	22012	150	11098	412	22558	1510	332	0	230	0	132	0	0	0	168	0	15762	502	1190	0	0	0	0	0	0	0	802	668	1492	0	166	0	0	0	6462	0	0	0	1570	0	8500	630	424	0	118	0	9674	0	16398	1120	0	0	0	0	0	0	0	0	0	0	4132	6006	150	0	0	0	
364548	Lingual_R	0	978	0	0	0	0	0	0	0	0	0	0	0	0	0	0	0	0	0	448	0	0	0	0	0	0	0	0	0	0	0	0	0	1022	112	3154	262	8748	222	6360	0	0	1586	29052	248	3896	4132	0	0	3366	0	3678	0	4710	1798	26658	0	4860	0	0	0	594	0	0	0	0	0	18682	0	2230	0	0	0	0	0	0	0	248	0	0	0	0	0	0	0	1630	0	0	0	2174	4312	6610	0	284	530	276	2704	5498	6926	8170	0	0	0	0	0	0	0	0	0	364	7600	7344	234	0	0	574	
205600	Occipital_Sup_L	102	0	0	0	0	0	0	0	0	0	0	0	0	0	0	0	0	0	0	0	0	0	0	0	0	0	0	0	0	0	0	0	776	0	458	0	0	0	0	0	0	0	8842	0	15942	0	4662	0	0	0	31178	0	2356	0	950	0	1212	0	7822	0	1984	0	566	0	4186	0	14478	114	932	0	0	0	0	0	0	0	0	0	0	0	680	0	0	0	2920	0	0	0	2024	0	0	0	0	0	0	0	0	0	308	0	0	0	0	0	0	0	0	0	0	0	0	308	0	0	0	0	
304060	Occipital_Sup_R	0	112	0	0	0	0	0	0	0	0	0	0	0	0	0	0	0	0	0	124	0	0	0	0	0	0	0	0	0	0	0	0	0	1184	0	764	0	0	0	0	0	0	2656	19082	2008	38012	384	3366	0	0	0	30340	0	818	0	2432	0	5128	0	6350	0	1880	0	1228	0	3946	796	17722	0	5402	0	0	0	0	0	0	0	0	0	0	0	1008	0	0	0	5182	0	0	0	2106	0	0	0	0	0	0	0	0	0	0	0	0	0	0	0	0	0	0	0	0	0	0	0	0	0	0	
581524	Occipital_Mid_L	5092	104	0	0	0	0	0	0	0	0	0	0	0	0	0	0	0	0	0	0	0	0	0	0	0	0	0	0	0	0	0	0	2556	282	1098	0	0	0	0	0	0	0	30826	0	19984	0	22012	0	31178	0	0	0	28388	0	10868	0	8166	0	14654	0	12714	0	2992	0	18700	0	26158	216	6758	0	0	0	0	0	0	0	0	0	1396	0	1682	0	0	0	30364	0	0	0	7586	0	0	0	0	0	0	0	0	0	3538	0	0	0	0	0	0	0	0	0	0	0	0	3450	0	0	0	0	
299916	Occipital_Mid_R	0	2234	0	0	0	0	0	0	0	0	0	0	0	0	0	0	0	0	0	186	0	0	0	0	0	0	0	0	0	198	0	0	0	200	0	992	0	504	0	492	0	0	678	16984	392	21736	150	3678	0	30340	0	0	0	3088	0	3184	0	2822	0	4256	0	4306	0	1944	0	9004	706	13120	0	2036	0	0	0	0	0	0	0	0	0	0	0	1132	0	0	0	22374	0	0	0	3222	0	0	0	0	0	0	0	0	0	0	0	0	0	0	0	0	0	0	0	0	0	0	0	0	0	0	
239080	Occipital_Inf_L	3036	324	0	0	0	0	0	0	0	0	0	0	0	0	0	0	0	0	0	0	0	0	0	0	0	0	0	0	946	0	0	0	194	0	344	140	506	126	0	0	0	0	15584	0	3226	0	11098	0	2356	0	28388	0	0	0	16502	0	2072	0	268	0	214	0	0	0	184	0	4602	0	1592	0	0	0	0	0	0	0	124	0	4060	0	898	0	0	0	8962	0	0	0	7372	0	182	0	0	0	0	0	0	0	3244	0	0	0	0	0	0	0	0	0	0	0	0	2996	0	0	0	0	
77600	Occipital_Inf_R	0	470	0	0	0	0	0	0	0	0	0	0	0	0	0	0	0	0	0	0	0	0	0	0	0	0	0	0	0	0	0	0	0	0	0	364	0	278	0	198	0	0	234	5902	0	748	412	4710	0	818	0	3088	0	0	276	6570	0	0	0	0	0	0	0	0	0	0	0	2378	0	0	0	0	0	0	0	0	0	0	0	0	0	0	0	0	0	2598	0	0	0	6608	168	238	0	0	0	0	0	0	552	1120	0	0	0	0	0	0	0	0	0	0	0	916	154	0	0	0	
507700	Fusiform_L	2528	912	2780	964	0	0	0	0	0	0	0	0	0	0	0	0	0	0	1470	972	0	0	0	0	0	0	0	0	8034	116	0	0	0	0	2298	2266	21670	2290	8014	1190	2966	0	7206	0	1622	0	22558	1798	950	0	10868	0	16502	276	0	1230	666	0	0	0	0	0	0	0	0	0	2684	256	678	0	214	0	2944	0	0	0	3178	1622	4824	0	3510	0	2338	0	4958	0	580	0	22974	0	21412	1016	2002	0	270	0	12376	0	30162	1318	618	0	628	0	170	0	0	0	0	0	3564	7106	302	0	0	0	
485560	Fusiform_R	982	2022	0	1226	0	0	0	2188	0	0	0	860	0	734	0	0	0	694	0	588	0	0	0	0	0	0	0	0	128	3610	0	0	0	176	1522	2444	1806	29398	570	19340	0	5270	656	13982	0	2930	1510	26658	0	2432	0	3184	0	6570	1230	0	0	3306	0	148	0	548	0	266	0	200	0	7894	0	610	0	284	0	11208	0	516	898	1954	168	434	0	624	0	1288	0	2242	0	0	0	15488	2414	16964	0	1012	0	636	684	8328	4018	17916	0	0	0	110	0	0	0	0	0	128	3810	5514	460	0	0	0	
370168	Postcentral_L	43644	3230	4246	1626	0	0	3522	328	0	0	3358	0	442	0	0	0	8728	0	1896	802	0	0	0	0	0	0	0	0	3740	0	126	0	212	0	228	0	608	124	0	0	0	0	438	0	230	0	332	0	1212	0	8166	0	2072	0	666	0	0	0	8570	0	20584	0	10830	0	2260	0	4718	0	6650	0	5656	1102	1534	732	368	0	4354	746	5950	0	9812	0	0	0	8922	0	0	0	2320	0	0	0	0	0	0	0	0	0	0	0	0	0	0	0	0	0	0	0	0	0	0	0	0	0	0	0	
280700	Postcentral_R	380	12330	168	860	0	0	164	1104	0	0	0	1868	0	698	0	0	0	4270	150	772	0	0	0	0	0	0	0	0	0	1596	0	0	0	1236	190	1718	156	3732	0	1944	0	0	0	8480	0	5856	0	4860	0	5128	0	2822	0	0	0	3306	0	0	0	9404	0	15688	0	12728	0	1682	102	16274	0	9022	366	792	0	1388	0	102	0	748	0	386	0	1274	0	0	0	3626	0	0	0	2980	0	0	0	0	0	0	0	0	0	0	0	0	0	0	0	0	0	0	0	0	0	0	0	0	0	0	
135408	Parietal_Sup_L	248	0	0	0	0	0	0	0	0	0	0	0	0	0	0	0	0	0	0	0	0	0	0	0	0	0	0	0	0	0	0	0	1130	0	0	0	0	0	0	0	0	0	1038	0	2380	0	230	0	7822	0	14654	0	268	0	0	0	8570	0	0	0	8990	0	138	0	3720	0	13958	0	1130	0	0	0	0	0	0	0	0	0	0	0	346	0	0	0	1822	0	0	0	1260	0	0	0	0	0	0	0	0	0	0	0	0	0	0	0	0	0	0	0	0	0	0	0	0	0	0	0	
107808	Parietal_Sup_R	0	260	0	0	0	0	0	0	0	0	0	0	0	0	0	0	0	106	0	0	0	0	0	0	0	0	0	0	0	0	0	0	0	0	0	182	0	0	0	0	0	0	0	260	0	4938	0	0	0	6350	0	4256	0	0	0	148	0	9404	0	0	0	9440	0	2124	0	3604	240	7690	0	1062	0	0	0	0	0	0	0	0	0	192	0	674	0	0	0	1708	0	0	0	1266	0	0	0	0	0	0	0	0	0	0	0	0	0	0	0	0	0	0	0	0	0	0	0	0	0	0	
239824	Parietal_Inf_L	5694	758	0	0	0	0	0	0	0	0	0	0	0	0	0	0	988	0	0	0	0	0	0	0	0	0	0	0	988	0	0	0	218	0	0	0	0	0	0	0	0	0	168	0	290	0	132	0	1984	0	12714	0	214	0	0	0	20584	0	8990	0	0	0	18826	0	25084	0	2428	0	1112	0	0	0	0	0	0	0	0	0	314	0	2488	0	0	0	14234	0	0	0	1704	0	0	0	0	0	0	0	0	0	0	0	0	0	0	0	0	0	0	0	0	0	0	0	0	0	0	0	
118328	Parietal_Inf_R	0	1090	0	0	0	0	0	0	0	0	0	0	0	0	0	0	0	212	0	0	0	0	0	0	0	0	0	0	0	0	0	0	0	0	0	0	0	200	0	0	0	0	0	954	0	866	0	594	0	1880	0	4306	0	0	0	548	0	15688	0	9440	0	0	0	8720	0	8716	0	1662	0	0	0	0	0	0	0	0	0	0	0	264	0	828	0	0	0	1844	0	0	0	1352	0	0	0	0	0	0	0	0	0	0	0	0	0	0	0	0	0	0	0	0	0	0	0	0	0	0	
140560	SupraMarginal_L	1796	104	0	0	0	0	0	0	0	0	0	0	0	0	0	0	2120	0	0	0	0	0	0	0	0	0	0	0	150	0	0	0	0	0	0	0	0	0	0	0	0	0	124	0	140	0	0	0	566	0	2992	0	0	0	0	0	10830	0	138	0	18826	0	0	0	10058	0	556	0	612	0	0	0	0	0	0	0	0	0	384	0	6180	0	0	0	11766	0	0	0	2938	0	0	0	0	0	0	0	0	0	0	0	0	0	0	0	0	0	0	0	0	0	0	0	0	0	0	0	
85744	SupraMarginal_R	0	272	0	0	0	0	0	0	0	0	0	0	0	0	0	0	0	1860	0	0	0	0	0	0	0	0	0	0	0	164	0	0	0	0	0	0	0	228	0	0	0	0	0	106	0	506	0	0	0	1228	0	1944	0	0	0	266	0	12728	0	2124	0	8720	0	0	0	5336	0	434	0	0	0	0	0	0	0	0	0	0	0	110	0	3106	0	0	0	3364	0	0	0	376	0	0	0	0	0	0	0	0	0	0	0	0	0	0	0	0	0	0	0	0	0	0	0	0	0	0	
200684	Angular_L	788	0	0	0	0	0	0	0	0	0	0	0	0	0	0	0	716	0	0	0	0	0	0	0	0	0	0	0	0	0	0	0	452	0	0	0	0	0	0	0	0	0	274	0	892	0	168	0	4186	0	18700	0	184	0	0	0	2260	0	3720	0	25084	0	10058	0	0	0	3266	0	1008	0	0	0	0	0	0	0	0	0	0	0	5314	0	0	0	20016	0	0	0	3256	0	0	0	0	0	0	0	0	0	0	0	0	0	0	0	0	0	0	0	0	0	0	0	0	0	0	0	
84964	Angular_R	0	0	0	0	0	0	0	0	0	0	0	0	0	0	0	0	0	0	0	0	0	0	0	0	0	0	0	0	0	0	0	0	0	0	0	0	0	0	0	0	0	0	0	134	0	1908	0	0	0	3946	0	9004	0	0	0	200	0	1682	0	3604	0	8716	0	5336	0	0	0	1348	0	252	0	0	0	0	0	0	0	0	0	0	0	1998	0	0	0	4354	0	0	0	0	0	0	0	0	0	0	0	0	0	0	0	0	0	0	0	0	0	0	0	0	0	0	0	0	0	0	
374344	Precuneus_L	1154	188	0	0	0	0	0	0	0	0	0	0	0	0	0	0	0	0	404	374	0	0	0	0	0	0	0	0	224	0	0	0	5202	950	6260	2154	3708	514	1332	236	0	0	20940	1476	17692	3130	15762	0	14478	796	26158	706	4602	0	2684	0	4718	102	13958	240	2428	0	556	0	3266	0	0	6396	7784	212	0	0	0	0	0	0	0	208	1304	0	842	0	0	0	10472	0	0	0	3388	174	0	0	0	0	0	0	0	0	0	0	0	0	0	0	0	0	0	0	0	0	0	0	0	0	0	0	
466060	Precuneus_R	290	2200	0	0	0	0	0	0	0	0	0	0	0	0	0	0	0	0	292	3850	0	0	0	0	0	0	0	0	0	0	0	0	958	8090	2030	17864	832	9926	482	5106	0	0	1218	31404	1364	24312	502	18682	114	17722	216	13120	0	2378	256	7894	0	16274	0	7690	0	1662	0	434	0	1348	6396	0	688	14668	0	0	0	0	0	0	166	534	0	0	0	420	0	0	0	4506	0	0	0	6236	0	0	0	0	0	0	0	0	0	0	0	0	0	0	0	0	0	0	0	0	906	0	0	0	0	0	
355464	Paracentral_Lobule_L	30862	10164	6982	6114	0	0	164	0	0	0	0	0	0	0	0	0	152	0	12002	19386	0	0	0	0	0	0	0	0	0	0	0	0	6504	8162	8684	3908	1762	0	0	0	0	0	1634	106	1812	0	1190	0	932	0	6758	0	1592	0	678	0	6650	0	1130	0	1112	0	612	0	1008	0	7784	688	0	5044	2310	0	218	0	1148	0	9476	548	418	0	1730	0	0	0	6986	0	0	0	1322	0	0	0	0	0	0	0	0	0	0	0	0	0	0	0	0	0	0	0	0	0	0	0	0	0	0	0	
189120	Paracentral_Lobule_R	1202	4454	0	0	0	0	0	0	0	0	0	0	0	0	0	0	0	0	1138	12624	0	0	0	0	0	0	0	0	0	0	0	0	1284	10818	2000	8360	0	628	0	574	0	0	0	3156	0	5634	0	2230	0	5402	0	2036	0	0	0	610	0	9022	0	1062	0	0	0	0	0	252	212	14668	5044	0	0	0	0	0	0	0	0	0	0	0	0	182	0	0	0	902	0	0	0	1066	0	0	0	0	0	0	0	0	0	0	0	0	0	0	0	0	0	0	0	0	0	0	0	0	0	0	
395004	Caudate_L	14796	2874	16606	8644	262	204	10430	1014	0	0	1608	290	1296	286	0	0	0	110	11164	5104	5912	8550	464	276	122	146	390	1168	2726	492	6422	3942	0	0	0	0	314	858	0	112	190	0	0	0	0	0	0	0	0	0	0	0	0	0	214	0	5656	366	0	0	0	0	0	0	0	0	0	0	2310	0	0	24374	26420	8468	5012	1432	11628	4324	0	0	160	0	180	0	0	0	0	0	186	0	0	0	0	0	0	0	0	0	0	0	0	0	0	0	0	0	0	0	0	0	0	0	0	0	0	0	
507144	Caudate_R	2956	6308	6910	33810	240	2402	3094	5500	0	0	786	1850	956	1222	0	164	0	1072	5506	19192	3844	8086	804	4430	0	3896	204	1788	1938	3708	6430	20164	428	1950	382	398	402	2650	0	406	0	0	0	0	0	0	0	0	0	0	0	0	0	0	0	284	1102	792	0	0	0	0	0	0	0	0	0	0	0	0	24374	0	13116	29690	1914	4136	2986	20610	0	0	0	138	0	0	0	192	0	0	0	362	0	0	0	0	0	0	0	0	0	0	0	0	0	0	0	0	0	0	0	0	0	0	0	0	0	0	
364080	Putamen_L	3218	504	21524	3080	6326	174	1828	166	1278	0	330	0	1184	0	5624	0	238	0	11952	3392	5526	7842	888	324	828	136	1472	1140	14714	154	9636	3494	0	0	0	0	7298	0	652	0	424	0	0	0	0	0	0	0	0	0	0	0	0	0	2944	0	1534	0	0	0	0	0	0	0	0	0	0	0	218	0	26420	13116	0	6920	8940	1008	1480	120	128	0	1016	0	408	0	0	0	0	0	2442	0	0	0	0	0	0	0	0	0	0	0	0	0	0	0	0	0	0	0	0	0	0	0	0	0	0	0	
414808	Putamen_R	1834	4742	2526	12472	0	4002	282	7176	0	240	412	2254	486	2716	0	3126	0	3104	2042	4856	1372	4302	522	5284	0	4686	0	2106	1080	19208	2898	11676	200	1192	294	338	454	17326	0	8620	0	1304	0	0	0	0	0	0	0	0	0	0	0	0	0	11208	732	1388	0	0	0	0	0	0	0	0	0	0	0	0	8468	29690	6920	0	1134	2830	140	3304	0	114	0	1304	0	238	0	524	0	0	0	4278	0	0	0	0	0	0	0	0	0	0	0	0	0	0	0	0	0	0	0	0	0	0	0	0	0	0	
70792	Pallidum_L	1824	0	7026	148	0	0	778	0	0	0	0	0	0	0	0	0	0	0	2334	104	116	1578	0	0	0	0	0	0	110	0	0	0	0	0	0	0	702	0	0	0	0	0	0	0	0	0	0	0	0	0	0	0	0	0	0	0	368	0	0	0	0	0	0	0	0	0	0	0	1148	0	5012	1914	8940	1134	0	492	1668	0	0	0	0	0	0	0	0	0	0	0	0	0	0	0	0	0	0	0	0	0	0	0	0	0	0	0	0	0	0	0	0	0	0	0	0	0	0	0	
32520	Pallidum_R	0	926	210	468	0	0	0	194	0	0	0	0	0	0	0	0	0	246	150	462	0	572	0	0	0	0	0	0	0	640	0	0	0	0	0	0	0	940	0	630	0	0	0	0	0	0	0	0	0	0	0	0	0	0	0	516	0	102	0	0	0	0	0	0	0	0	0	0	0	0	1432	4136	1008	2830	492	0	0	140	0	0	0	0	0	0	0	0	0	0	0	166	0	0	0	0	0	0	0	0	0	0	0	0	0	0	0	0	0	0	0	0	0	0	0	0	0	0	
265036	Thalamus_L	22466	5572	6756	2048	0	0	884	216	0	0	426	0	0	0	0	0	682	0	918	658	0	0	0	0	0	0	0	0	3462	236	0	0	0	0	4108	5330	10168	4956	3580	1638	0	0	0	0	0	0	802	0	0	0	0	0	124	0	3178	898	4354	0	0	0	0	0	0	0	0	0	0	166	9476	0	11628	2986	1480	140	1668	0	0	18296	902	0	472	0	0	0	332	0	0	0	1512	0	0	0	0	0	0	0	0	0	0	0	0	0	0	0	0	0	0	0	0	0	0	0	0	0	0	0	
267424	Thalamus_R	6370	9534	336	15978	0	0	974	816	0	0	0	252	0	0	0	0	0	1404	278	3726	0	180	0	0	0	0	0	0	216	1730	0	0	0	0	4968	6144	6018	11746	2120	3440	0	0	0	0	0	0	668	248	0	0	0	0	0	0	1622	1954	746	748	0	0	0	0	0	0	0	0	208	534	548	0	4324	20610	120	3304	0	140	18296	0	102	298	0	204	0	0	0	364	0	0	0	2276	0	0	0	0	0	0	0	168	0	0	0	0	0	0	0	0	0	0	0	0	0	0	0	0	0	0	
163520	Heschl_L	7386	294	1280	162	0	0	0	0	0	0	2096	0	302	0	0	0	5834	0	934	158	0	0	0	0	0	0	0	0	6120	0	0	0	0	0	892	894	1904	676	0	470	0	0	2838	0	352	0	1492	0	0	0	1396	0	4060	0	4824	168	5950	0	0	0	314	0	384	0	0	0	1304	0	418	0	0	0	128	0	0	0	902	102	0	0	11720	0	0	0	8996	0	0	0	7010	0	0	0	0	0	0	0	0	0	0	0	0	0	0	0	0	0	0	0	0	0	0	0	0	0	0	0	
31940	Heschl_R	0	732	0	0	0	0	0	0	0	0	0	0	0	0	0	0	0	902	0	0	0	0	0	0	0	0	0	0	0	3122	0	0	0	0	114	124	114	1074	0	0	0	0	0	0	0	0	0	0	0	0	0	0	0	0	0	434	0	386	0	192	0	264	0	110	0	0	0	0	0	0	0	0	0	114	0	0	0	298	0	0	0	4414	0	0	0	1910	0	0	0	1666	0	0	0	0	0	0	0	0	0	0	0	0	0	0	0	0	0	0	0	0	0	0	0	0	0	0	
324928	Temporal_Sup_L	9378	306	6882	1696	102	0	1494	0	0	0	5992	0	972	0	404	0	12652	0	4642	1828	0	0	0	0	0	0	0	0	12036	0	176	0	148	0	248	240	3268	184	0	112	0	0	464	0	0	0	166	0	680	0	1682	0	898	0	3510	0	9812	0	346	0	2488	0	6180	0	5314	0	842	0	1730	0	160	0	1016	0	0	0	472	0	11720	0	0	0	5818	0	32184	0	0	0	13852	0	0	0	0	0	0	0	134	0	236	0	0	0	0	0	0	0	0	0	0	0	0	0	0	0	0	0	
99372	Temporal_Sup_R	0	2128	0	718	0	0	0	454	0	0	0	854	0	274	0	438	0	3746	0	552	0	0	0	0	0	0	0	0	0	4448	0	0	0	0	0	0	0	790	0	0	0	0	0	138	0	492	0	0	0	1008	0	1132	0	0	0	624	0	1274	0	674	0	828	0	3106	0	1998	0	420	0	182	0	138	0	1304	0	0	0	204	0	4414	0	0	0	2290	0	12060	0	0	0	2998	0	0	0	0	0	0	0	0	0	0	0	0	0	0	0	0	0	0	0	0	0	0	0	0	0	0	
63320	Temporal_Pole_Sup_L	0	0	824	0	400	0	0	0	304	0	778	0	384	0	1136	0	706	0	644	0	228	0	0	0	0	0	0	0	2486	0	0	0	0	0	0	0	632	0	698	0	506	0	0	0	0	0	0	0	0	0	0	0	0	0	2338	0	0	0	0	0	0	0	0	0	0	0	0	0	0	0	180	0	408	0	0	0	0	0	0	0	5818	0	0	0	7016	0	2452	0	3722	0	0	0	0	0	0	0	0	0	0	0	0	0	0	0	0	0	0	0	0	0	0	0	0	0	0	0	
46360	Temporal_Pole_Sup_R	0	0	0	788	0	0	0	328	0	0	0	1500	0	0	0	600	0	1364	0	462	0	0	0	0	0	0	0	0	0	1758	0	0	0	0	0	0	0	1088	0	368	0	1328	0	0	0	0	0	0	0	0	0	0	0	0	0	1288	0	0	0	0	0	0	0	0	0	0	0	0	0	0	0	0	0	238	0	0	0	0	0	0	0	2290	0	0	0	2308	0	2418	0	5054	0	0	0	0	0	0	0	0	0	0	0	0	0	0	0	0	0	0	0	0	0	0	0	0	0	0	
513948	Temporal_Mid_L	8794	404	920	600	0	0	0	0	0	0	0	0	0	0	0	0	2700	0	164	612	0	0	0	0	0	0	0	0	3550	0	0	0	1030	172	870	176	908	124	0	0	0	0	9578	0	5628	0	6462	0	2920	0	30364	0	8962	0	4958	0	8922	0	1822	0	14234	0	11766	0	20016	0	10472	0	6986	0	0	0	0	0	0	0	332	0	8996	0	32184	0	7016	0	0	0	3870	0	40462	0	0	0	0	0	0	0	0	0	0	0	0	0	0	0	0	0	0	0	0	0	0	0	0	0	0	0	
234140	Temporal_Mid_R	114	5340	0	0	0	0	0	0	0	0	0	0	0	0	0	0	0	408	0	388	0	0	0	0	0	0	0	0	0	2888	0	0	0	0	0	898	0	2134	0	910	0	0	0	7764	0	4588	0	1630	0	5182	0	22374	0	2598	0	2242	0	3626	0	1708	0	1844	0	3364	0	4354	0	4506	0	902	0	192	0	524	0	0	0	364	0	1910	0	12060	0	2308	0	0	0	1122	0	18828	0	0	0	0	0	0	0	0	0	0	0	0	0	0	0	0	0	0	0	0	0	0	0	0	0	0	
21008	Temporal_Pole_Mid_L	0	0	0	0	0	0	0	0	0	0	0	0	0	0	0	0	0	0	0	0	0	0	0	0	0	0	0	0	0	0	0	0	0	0	0	0	0	0	496	0	0	0	0	0	0	0	0	0	0	0	0	0	0	0	580	0	0	0	0	0	0	0	0	0	0	0	0	0	0	0	0	0	0	0	0	0	0	0	0	0	0	0	2452	0	3870	0	0	0	3106	0	0	0	0	0	0	0	0	0	0	0	0	0	0	0	0	0	0	0	0	0	0	0	0	0	0	0	
12336	Temporal_Pole_Mid_R	0	0	0	0	0	0	0	0	0	0	0	0	0	0	0	0	0	0	0	0	0	0	0	0	0	0	0	0	0	0	0	0	0	0	0	0	0	0	0	124	0	0	0	0	0	0	0	0	0	0	0	0	0	0	0	0	0	0	0	0	0	0	0	0	0	0	0	0	0	0	0	0	0	0	0	0	0	0	0	0	0	0	0	2418	0	1122	0	0	0	2504	0	0	0	0	0	0	0	0	0	0	0	0	0	0	0	0	0	0	0	0	0	0	0	0	0	0	
362488	Temporal_Inf_L	2734	816	4750	1602	0	0	0	0	0	0	0	0	0	0	0	0	242	0	2590	1688	0	0	0	0	0	0	0	0	10266	0	0	0	382	0	668	638	15222	538	1540	216	1450	0	2966	0	342	0	1570	0	2024	0	7586	0	7372	0	22974	0	2320	0	1260	0	1704	0	2938	0	3256	0	3388	0	1322	0	186	0	2442	0	0	0	1512	0	7010	0	13852	0	3722	0	40462	0	3106	0	0	0	1416	0	356	0	0	0	238	0	578	0	0	0	0	0	0	0	0	0	0	0	0	0	0	0	0	0	
253900	Temporal_Inf_R	0	5162	0	228	0	0	0	236	0	0	0	378	0	0	0	0	0	676	0	528	0	0	0	0	0	0	0	0	0	7264	0	0	0	0	110	2064	128	9940	0	2272	0	1254	0	4976	0	1638	0	2174	0	2106	0	3222	0	6608	0	15488	0	2980	0	1266	0	1352	0	376	0	0	174	6236	0	1066	0	362	0	4278	0	166	0	2276	0	1666	0	2998	0	5054	0	18828	0	2504	0	0	0	5094	0	1368	0	350	0	390	0	1714	0	0	0	0	0	0	0	0	0	0	0	0	0	0	0	0	
614548	Cerebelum_Crus1_L	0	0	0	0	0	0	0	0	0	0	0	0	0	0	0	0	0	0	0	0	0	0	0	0	0	0	0	0	0	0	0	0	0	0	110	110	202	108	0	0	0	0	0	0	0	0	8500	4312	0	0	0	0	182	168	21412	2414	0	0	0	0	0	0	0	0	0	0	0	0	0	0	0	0	0	0	0	0	0	0	0	0	0	0	0	0	0	0	0	0	1416	0	0	6158	41658	7968	6202	3270	28864	2072	61942	7328	21200	3670	21138	5768	2272	1472	476	0	1164	3626	10962	12370	11824	4356	2044	536	
417468	Cerebelum_Crus1_R	0	0	0	0	0	0	0	0	0	0	0	0	0	0	0	0	0	0	0	0	0	0	0	0	0	0	0	0	0	0	0	0	0	0	0	0	0	0	0	0	0	0	0	0	0	0	630	6610	0	0	0	0	0	238	1016	16964	0	0	0	0	0	0	0	0	0	0	0	0	0	0	0	0	0	0	0	0	0	0	0	0	0	0	0	0	0	0	0	0	0	5094	6158	0	2048	36084	856	4058	2260	16848	6698	44460	1706	10056	2030	12610	0	2292	0	0	862	2322	7812	9810	7048	1426	584	154	
359688	Cerebelum_Crus2_L	0	0	0	0	0	0	0	0	0	0	0	0	0	0	0	0	0	0	0	0	0	0	0	0	0	0	0	0	0	0	0	0	0	0	0	0	0	0	0	0	0	0	0	0	0	0	424	0	0	0	0	0	0	0	2002	0	0	0	0	0	0	0	0	0	0	0	0	0	0	0	0	0	0	0	0	0	0	0	0	0	0	0	0	0	0	0	0	0	356	0	41658	2048	0	6988	1912	1420	3592	752	10208	1596	41450	4024	34350	5308	2454	978	572	0	436	1282	506	1560	7510	5166	1118	174	
359856	Cerebelum_Crus2_R	0	0	0	0	0	0	0	0	0	0	0	0	0	0	0	0	0	0	0	0	0	0	0	0	0	0	0	0	0	0	0	0	0	0	0	0	0	0	0	0	0	0	0	0	0	0	0	284	0	0	0	0	0	0	0	1012	0	0	0	0	0	0	0	0	0	0	0	0	0	0	0	0	0	0	0	0	0	0	0	0	0	0	0	0	0	0	0	0	0	1368	7968	36084	6988	0	508	3482	610	2096	1676	6854	7160	31530	9108	34376	212	4774	0	104	800	2550	738	1820	12054	4968	804	0	
108880	Cerebelum_3_L	0	0	0	0	0	0	0	0	0	0	0	0	0	0	0	0	0	0	0	0	0	0	0	0	0	0	0	0	0	0	0	0	0	0	0	0	0	0	190	0	0	0	0	0	0	0	118	530	0	0	0	0	0	0	270	0	0	0	0	0	0	0	0	0	0	0	0	0	0	0	0	0	0	0	0	0	0	0	0	0	0	0	0	0	0	0	0	0	0	0	6202	856	1912	508	0	768	11250	214	7918	1890	388	118	1318	754	2050	1600	158	0	1564	2776	1858	2406	2204	1780	1882	958	
122684	Cerebelum_3_R	0	0	0	0	0	0	0	0	0	0	0	0	0	0	0	0	0	0	0	0	0	0	0	0	0	0	0	0	0	0	0	0	0	0	0	0	0	0	0	0	0	0	0	0	0	0	0	276	0	0	0	0	0	0	0	636	0	0	0	0	0	0	0	0	0	0	0	0	0	0	0	0	0	0	0	0	0	0	0	0	0	0	0	0	0	0	0	0	0	350	3270	4058	1420	3482	768	0	696	5162	1638	6888	1700	462	3266	3908	654	1816	0	0	1778	6676	1686	1412	4998	2312	2030	0	
323824	Cerebelum_4_5_L	0	0	0	0	0	0	0	0	0	0	0	0	0	0	0	0	0	0	0	0	0	0	0	0	0	0	0	0	152	0	0	0	0	0	0	0	330	0	184	0	0	0	0	0	0	0	9674	2704	0	0	0	0	0	0	12376	684	0	0	0	0	0	0	0	0	0	0	0	0	0	0	0	0	0	0	0	0	0	0	0	0	134	0	0	0	0	0	0	0	238	0	28864	2260	3592	610	11250	696	0	1190	39948	4596	930	336	2460	904	3400	1420	220	0	1574	3084	17418	3790	2118	1640	1846	1290	
190612	Cerebelum_4_5_R	0	0	0	0	0	0	0	0	0	0	0	0	0	0	0	0	0	0	0	0	0	0	0	0	0	0	0	0	0	0	0	0	0	0	0	0	0	450	0	596	0	0	0	0	0	0	0	5498	0	0	0	0	0	0	0	8328	0	0	0	0	0	0	0	0	0	0	0	0	0	0	0	0	0	0	0	0	0	168	0	0	0	0	0	0	0	0	0	0	0	390	2072	16848	752	2096	214	5162	1190	0	2016	26578	826	522	1412	2350	0	1096	0	0	0	884	11046	1348	1860	770	834	0	
570260	Cerebelum_6_L	0	0	0	0	0	0	0	0	0	0	0	0	0	0	0	0	0	0	0	0	0	0	0	0	0	0	0	0	180	0	0	0	0	0	0	0	304	0	0	0	0	0	2304	0	1132	0	16398	6926	308	0	3538	0	3244	552	30162	4018	0	0	0	0	0	0	0	0	0	0	0	0	0	0	0	0	0	0	0	0	0	0	0	0	236	0	0	0	0	0	0	0	578	0	61942	6698	10208	1676	7918	1638	39948	2016	0	10668	3930	690	5140	1184	3166	2514	292	0	1430	2902	17302	21194	5992	2542	3058	1202	
388264	Cerebelum_6_R	0	0	0	0	0	0	0	0	0	0	0	0	0	0	0	0	0	0	0	0	0	0	0	0	0	0	0	0	0	0	0	0	0	0	0	0	0	0	0	0	0	0	0	0	0	0	1120	8170	0	0	0	0	0	1120	1318	17916	0	0	0	0	0	0	0	0	0	0	0	0	0	0	0	0	0	0	0	0	0	0	0	0	0	0	0	0	0	0	0	0	0	1714	7328	44460	1596	6854	1890	6888	4596	26578	10668	0	1006	1464	1822	3162	894	1148	0	120	1466	4122	13690	14588	5592	868	1628	346	
306504	Cerebelum_7b_L	0	0	0	0	0	0	0	0	0	0	0	0	0	0	0	0	0	0	0	0	0	0	0	0	0	0	0	0	0	0	0	0	0	0	0	0	0	0	0	0	0	0	0	0	0	0	0	0	0	0	0	0	0	0	618	0	0	0	0	0	0	0	0	0	0	0	0	0	0	0	0	0	0	0	0	0	0	0	0	0	0	0	0	0	0	0	0	0	0	0	21200	1706	41450	7160	388	1700	930	826	3930	1006	0	4136	39230	6544	3136	1124	850	0	452	1322	368	576	7336	6250	896	118	
213736	Cerebelum_7b_R	0	0	0	0	0	0	0	0	0	0	0	0	0	0	0	0	0	0	0	0	0	0	0	0	0	0	0	0	0	0	0	0	0	0	0	0	0	0	0	0	0	0	0	0	0	0	0	0	0	0	0	0	0	0	0	0	0	0	0	0	0	0	0	0	0	0	0	0	0	0	0	0	0	0	0	0	0	0	0	0	0	0	0	0	0	0	0	0	0	0	3670	10056	4024	31530	118	462	336	522	690	1464	4136	0	4054	30846	124	5434	0	106	130	266	528	288	4314	3770	0	0	
389060	Cerebelum_8_L	0	0	0	0	0	0	0	0	0	0	0	0	0	0	0	0	0	0	0	0	0	0	0	0	0	0	0	0	0	0	0	0	0	0	0	0	0	0	0	0	0	0	0	0	0	0	0	0	0	0	0	0	0	0	628	0	0	0	0	0	0	0	0	0	0	0	0	0	0	0	0	0	0	0	0	0	0	0	0	0	0	0	0	0	0	0	0	0	0	0	21138	2030	34350	9108	1318	3266	2460	1412	5140	1822	39230	4054	0	10636	15596	4612	2972	0	1674	2870	730	1440	12076	10794	4250	924	
325088	Cerebelum_8_R	0	0	0	0	0	0	0	0	0	0	0	0	0	0	0	0	0	0	0	0	0	0	0	0	0	0	0	0	0	0	0	0	0	0	0	0	0	0	0	0	0	0	0	0	0	0	0	0	0	0	0	0	0	0	0	110	0	0	0	0	0	0	0	0	0	0	0	0	0	0	0	0	0	0	0	0	0	0	0	0	0	0	0	0	0	0	0	0	0	0	5768	12610	5308	34376	754	3908	904	2350	1184	3162	6544	30846	10636	0	628	17980	0	546	928	2932	1066	526	9354	7248	2876	0	
114220	Cerebelum_9_L	0	0	0	0	0	0	0	0	0	0	0	0	0	0	0	0	0	0	0	0	0	0	0	0	0	0	0	0	0	0	0	0	0	0	0	0	0	0	0	0	0	0	0	0	0	0	0	0	0	0	0	0	0	0	170	0	0	0	0	0	0	0	0	0	0	0	0	0	0	0	0	0	0	0	0	0	0	0	0	0	0	0	0	0	0	0	0	0	0	0	2272	0	2454	212	2050	654	3400	0	3166	894	3136	124	15596	628	0	3098	3444	0	1324	912	552	1672	2652	3230	3582	1888	
166248	Cerebelum_9_R	0	0	0	0	0	0	0	0	0	0	0	0	0	0	0	0	0	0	0	0	0	0	0	0	0	0	0	0	0	0	0	0	0	0	0	0	0	0	0	0	0	0	0	0	0	0	0	0	0	0	0	0	0	0	0	0	0	0	0	0	0	0	0	0	0	0	0	0	0	0	0	0	0	0	0	0	0	0	0	0	0	0	0	0	0	0	0	0	0	0	1472	2292	978	4774	1600	1816	1420	1096	2514	1148	1124	5434	4612	17980	3098	0	204	758	2532	2164	1176	1958	4998	7134	8012	2830	
19724	Cerebelum_10_L	0	0	0	0	0	0	0	0	0	0	0	0	0	0	0	0	0	0	0	0	0	0	0	0	0	0	0	0	0	0	0	0	0	0	0	0	0	0	0	0	0	0	0	0	0	0	0	0	0	0	0	0	0	0	0	0	0	0	0	0	0	0	0	0	0	0	0	0	0	0	0	0	0	0	0	0	0	0	0	0	0	0	0	0	0	0	0	0	0	0	476	0	572	0	158	0	220	0	292	0	850	0	2972	0	3444	204	0	0	192	0	0	0	162	160	160	0	
3268	Cerebelum_10_R	0	0	0	0	0	0	0	0	0	0	0	0	0	0	0	0	0	0	0	0	0	0	0	0	0	0	0	0	0	0	0	0	0	0	0	0	0	0	0	0	0	0	0	0	0	0	0	0	0	0	0	0	0	0	0	0	0	0	0	0	0	0	0	0	0	0	0	0	0	0	0	0	0	0	0	0	0	0	0	0	0	0	0	0	0	0	0	0	0	0	0	0	0	104	0	0	0	0	0	120	0	106	0	546	0	758	0	0	0	0	0	0	0	0	0	0	
70576	Vermis_1_2	0	0	0	0	0	0	0	0	0	0	0	0	0	0	0	0	0	0	0	0	0	0	0	0	0	0	0	0	0	0	0	0	0	0	0	0	0	0	0	0	0	0	0	0	0	0	0	0	0	0	0	0	0	0	0	0	0	0	0	0	0	0	0	0	0	0	0	0	0	0	0	0	0	0	0	0	0	0	0	0	0	0	0	0	0	0	0	0	0	0	1164	862	436	800	1564	1778	1574	0	1430	1466	452	130	1674	928	1324	2532	192	0	0	5576	1080	808	2768	2526	3020	1204	
123424	Vermis_3	0	0	0	0	0	0	0	0	0	0	0	0	0	0	0	0	0	0	0	0	0	0	0	0	0	0	0	0	0	0	0	0	0	0	0	0	0	0	0	0	0	0	0	0	0	0	0	364	0	0	0	0	0	0	0	128	0	0	0	0	0	0	0	0	0	0	0	0	0	0	0	0	0	0	0	0	0	0	0	0	0	0	0	0	0	0	0	0	0	0	3626	2322	1282	2550	2776	6676	3084	884	2902	4122	1322	266	2870	2932	912	2164	0	0	5576	0	2764	1912	4834	2542	2722	180	
246172	Vermis_4_5	0	0	0	0	0	0	0	0	0	0	0	0	0	0	0	0	0	0	0	0	0	0	0	0	0	0	0	0	0	0	0	0	0	0	0	798	0	780	0	286	0	0	0	0	0	0	4132	7600	0	0	0	0	0	0	3564	3810	0	0	0	0	0	0	0	0	0	0	0	906	0	0	0	0	0	0	0	0	0	0	0	0	0	0	0	0	0	0	0	0	0	0	10962	7812	506	738	1858	1686	17418	11046	17302	13690	368	528	730	1066	552	1176	0	0	1080	2764	0	5552	978	734	1400	1264	
