data	data	552492	244588	940056	805176	114428	232036	452964	237392	60968	24812	232704	205300	243232	142724	122084	161680	243892	83040	702404	830852	70624	72168	235516	489232	29316	131864	62184	55404	561740	408288	161800	535012	125704	559436	222328	310004	252348	399096	72988	203104	28684	56852	247028	327392	172640	326352	271376	248768	133148	322564	541028	269844	213008	82488	394144	395408	321812	214516	143472	81748	186040	134120	142700	168812	90824	84324	311872	407844	237884	186616	266136	395312	275632	285600	47912	15532	232464	251772	115568	67348	178348	160348	67728	50992	379932	263352	26100	27160	327952	246108	541596	399652	330924	301288	48628	71168	333508	195028	473292	394748	183916	119632	265916	276412	128568	148384	42440	30248	28620	74404	256888	219688	270648	130428	141328	33912	
data	data	Precentral_L	Precentral_R	Frontal_Sup_L	Frontal_Sup_R	Frontal_Sup_Orb_L	Frontal_Sup_Orb_R	Frontal_Mid_L	Frontal_Mid_R	Frontal_Mid_Orb_L	Frontal_Mid_Orb_R	Frontal_Inf_Oper_L	Frontal_Inf_Oper_R	Frontal_Inf_Tri_L	Frontal_Inf_Tri_R	Frontal_Inf_Orb_L	Frontal_Inf_Orb_R	Rolandic_Oper_L	Rolandic_Oper_R	Supp_Motor_Area_L	Supp_Motor_Area_R	Olfactory_L	Olfactory_R	Frontal_Sup_Medial_L	Frontal_Sup_Medial_R	Frontal_Med_Orb_L	Frontal_Med_Orb_R	Rectus_L	Rectus_R	Insula_L	Insula_R	Cingulum_Ant_L	Cingulum_Ant_R	Cingulum_Mid_L	Cingulum_Mid_R	Cingulum_Post_L	Cingulum_Post_R	Hippocampus_L	Hippocampus_R	ParaHippocampal_L	ParaHippocampal_R	Amygdala_L	Amygdala_R	Calcarine_L	Calcarine_R	Cuneus_L	Cuneus_R	Lingual_L	Lingual_R	Occipital_Sup_L	Occipital_Sup_R	Occipital_Mid_L	Occipital_Mid_R	Occipital_Inf_L	Occipital_Inf_R	Fusiform_L	Fusiform_R	Postcentral_L	Postcentral_R	Parietal_Sup_L	Parietal_Sup_R	Parietal_Inf_L	Parietal_Inf_R	SupraMarginal_L	SupraMarginal_R	Angular_L	Angular_R	Precuneus_L	Precuneus_R	Paracentral_Lobule_L	Paracentral_Lobule_R	Caudate_L	Caudate_R	Putamen_L	Putamen_R	Pallidum_L	Pallidum_R	Thalamus_L	Thalamus_R	Heschl_L	Heschl_R	Temporal_Sup_L	Temporal_Sup_R	Temporal_Pole_Sup_L	Temporal_Pole_Sup_R	Temporal_Mid_L	Temporal_Mid_R	Temporal_Pole_Mid_L	Temporal_Pole_Mid_R	Temporal_Inf_L	Temporal_Inf_R	Cerebelum_Crus1_L	Cerebelum_Crus1_R	Cerebelum_Crus2_L	Cerebelum_Crus2_R	Cerebelum_3_L	Cerebelum_3_R	Cerebelum_4_5_L	Cerebelum_4_5_R	Cerebelum_6_L	Cerebelum_6_R	Cerebelum_7b_L	Cerebelum_7b_R	Cerebelum_8_L	Cerebelum_8_R	Cerebelum_9_L	Cerebelum_9_R	Cerebelum_10_L	Cerebelum_10_R	Vermis_1_2	Vermis_3	Vermis_4_5	Vermis_6	Vermis_7	Vermis_8	Vermis_9	Vermis_10	
552492	Precentral_L	0	11688	19672	9210	0	374	19878	2890	0	0	15212	544	1516	170	0	0	12118	204	14228	14620	0	0	1288	444	0	0	0	0	11416	670	402	640	756	6242	11330	11176	4506	6656	0	906	0	0	0	0	0	0	100	122	0	0	1344	0	606	0	634	882	27808	1752	0	0	1332	0	1954	1094	0	0	286	702	21540	2550	4626	2296	2580	194	972	0	10708	6136	2076	142	1874	148	0	0	920	136	0	0	602	1374	0	0	0	0	0	0	0	0	0	0	0	0	0	0	0	0	0	0	0	0	0	0	0	0	0	0	
244588	Precentral_R	11688	0	3044	5954	0	0	862	5732	0	0	124	10914	0	232	0	0	926	2484	2938	5298	0	0	0	0	0	0	0	0	686	576	180	0	0	776	3218	6110	1074	5578	0	108	0	0	0	0	0	0	0	0	122	146	92	0	0	0	0	96	2546	17414	0	0	0	1302	0	3950	0	0	116	810	2738	1670	3960	3086	612	1826	276	98	4244	6304	452	794	226	484	0	0	0	152	0	0	0	276	0	0	0	0	0	0	0	0	0	0	0	0	0	0	0	0	0	0	0	0	0	0	0	0	0	0	
940056	Frontal_Sup_L	19672	3044	0	14450	6414	688	61416	5814	1076	0	14662	508	23400	0	4934	0	13228	0	90722	28176	1402	0	34000	1322	1818	292	812	0	39266	1040	10936	5632	2082	10522	590	666	2138	288	0	96	0	0	0	0	0	0	146	0	0	0	0	0	0	0	464	0	7810	346	0	0	144	0	196	104	0	0	0	296	4300	576	13034	2602	23888	666	5550	206	5444	516	1154	0	1290	0	190	0	0	0	0	0	0	0	0	0	0	0	0	0	0	0	0	0	0	0	0	0	0	0	0	0	0	0	0	0	0	0	0	0	
805176	Frontal_Sup_R	9210	5954	14450	0	0	13492	5416	29588	0	1782	1476	10170	554	10352	0	13160	666	2516	20056	65838	0	0	4412	46090	0	4386	0	0	1872	19050	872	36182	748	24876	790	548	434	1274	0	374	0	0	0	0	0	0	0	0	0	0	0	0	0	0	0	242	316	454	0	0	0	0	0	234	0	0	120	126	4430	382	5138	21756	398	13736	0	1596	1204	5464	0	268	136	0	0	0	0	0	0	0	0	0	0	0	0	0	0	0	0	0	0	0	0	0	0	0	0	0	0	0	0	0	0	0	0	0	0	0	
114428	Frontal_Sup_Orb_L	0	0	6414	0	0	0	944	0	8906	0	166	0	564	0	11742	0	0	0	152	0	4504	0	2070	0	2888	0	8344	0	4964	0	2200	0	0	0	0	0	0	0	0	0	0	0	0	0	0	0	0	0	0	0	0	0	0	0	0	0	0	0	0	0	0	0	0	0	0	0	0	0	0	0	526	0	2476	0	0	0	0	0	0	0	0	0	354	0	0	0	0	0	0	0	0	0	0	0	0	0	0	0	0	0	0	0	0	0	0	0	0	0	0	0	0	0	0	0	0	0	
232036	Frontal_Sup_Orb_R	374	0	688	13492	0	0	1958	2410	0	4098	810	2300	324	594	0	4240	252	0	348	3400	0	3044	258	12672	0	12882	0	9162	854	4574	418	12028	0	1508	0	0	0	0	0	0	0	0	0	0	0	0	0	0	0	0	0	0	0	0	0	0	0	0	0	0	0	0	0	0	0	0	0	0	0	0	1548	12654	0	7870	0	0	544	714	0	0	0	0	0	0	0	0	0	0	0	0	0	0	0	0	0	0	0	0	0	0	0	0	0	0	0	0	0	0	0	0	0	0	0	0	0	0	
452964	Frontal_Mid_L	19878	862	61416	5416	944	1958	0	2520	1554	0	11628	762	29710	200	2854	0	6950	0	4892	3550	166	0	17308	2370	0	298	0	0	23128	1928	2568	2828	458	1984	130	548	356	0	0	0	0	0	0	0	0	0	0	0	0	0	0	0	0	0	0	0	1236	0	0	0	0	0	0	0	0	0	0	0	0	0	3724	2434	3254	584	156	0	4680	456	558	0	236	0	0	0	0	0	0	0	0	0	0	0	0	0	0	0	0	0	0	0	0	0	0	0	0	0	0	0	0	0	0	0	0	0	0	0	
237392	Frontal_Mid_R	2890	5732	5814	29588	0	2410	2520	0	0	2916	238	3114	160	7806	0	7378	192	110	8370	8664	0	0	0	7058	0	0	0	0	814	3246	0	1538	1092	5118	226	292	368	712	0	160	0	0	0	0	0	0	0	0	0	0	0	0	0	0	0	0	216	560	0	0	0	0	0	108	0	0	0	0	0	0	6030	0	808	880	0	116	1070	382	0	0	0	0	0	0	0	0	0	0	0	0	0	0	0	0	0	0	0	0	0	0	0	0	0	0	0	0	0	0	0	0	0	0	0	0	0	0	
60968	Frontal_Mid_Orb_L	0	0	1076	0	8906	0	1554	0	0	0	142	0	1080	0	10498	0	0	0	92	0	828	0	0	0	272	0	2768	0	2580	0	0	0	0	0	0	0	0	0	0	0	0	0	0	0	0	0	0	0	0	0	0	0	0	0	0	0	0	0	0	0	0	0	0	0	0	0	0	0	0	0	244	0	444	0	0	0	0	0	0	0	0	0	0	0	0	0	0	0	0	0	0	0	0	0	0	0	0	0	0	0	0	0	0	0	0	0	0	0	0	0	0	0	0	0	0	0	
24812	Frontal_Mid_Orb_R	0	0	0	1782	0	4098	0	2916	0	0	0	0	0	0	0	3406	0	0	0	0	0	0	0	0	0	0	0	204	0	0	0	0	0	0	0	0	0	0	0	0	0	0	0	0	0	0	0	0	0	0	0	0	0	0	0	0	0	0	0	0	0	0	0	0	0	0	0	0	0	0	0	0	0	0	0	0	0	0	0	0	0	0	0	0	0	0	0	0	0	0	0	0	0	0	0	0	0	0	0	0	0	0	0	0	0	0	0	0	0	0	0	0	0	0	0	0	
232704	Frontal_Inf_Oper_L	15212	124	14662	1476	166	810	11628	238	142	0	0	672	11704	256	648	0	13894	0	5176	704	0	0	3416	892	0	262	0	0	19252	564	1208	1046	0	0	94	118	440	122	0	0	0	0	0	0	0	0	0	0	0	0	0	0	0	0	138	0	2562	0	0	0	0	0	0	0	0	0	0	0	0	0	2956	1818	1092	354	0	0	188	0	638	0	1472	0	208	0	0	0	0	0	0	0	0	0	0	0	0	0	0	0	0	0	0	0	0	0	0	0	0	0	0	0	0	0	0	0	0	0	
205300	Frontal_Inf_Oper_R	544	10914	508	10170	0	2300	762	3114	0	0	672	0	0	6218	0	438	722	5790	780	4850	0	0	0	4070	0	158	0	0	1226	16520	0	5248	268	2122	92	208	116	712	0	118	0	0	0	0	0	0	0	0	0	0	0	0	0	0	0	122	0	6562	0	0	0	706	0	2764	0	0	0	0	0	0	2264	2124	376	4492	0	176	648	1376	0	768	168	1124	0	340	0	0	0	0	0	0	0	0	0	0	0	0	0	0	0	0	0	0	0	0	0	0	0	0	0	0	0	0	0	0	0	0	
243232	Frontal_Inf_Tri_L	1516	0	23400	554	564	324	29710	160	1080	0	11704	0	0	0	6162	0	2098	0	2456	240	168	0	7338	378	0	132	0	0	25206	0	1748	392	228	0	0	0	0	0	0	0	0	0	0	0	0	0	0	0	0	0	0	0	0	0	0	0	466	0	0	0	0	0	0	0	0	0	0	0	0	0	1496	716	2794	140	0	0	0	0	0	0	300	0	146	0	0	0	0	0	0	0	0	0	0	0	0	0	0	0	0	0	0	0	0	0	0	0	0	0	0	0	0	0	0	0	0	0	
142724	Frontal_Inf_Tri_R	170	232	0	10352	0	594	200	7806	0	0	256	6218	0	0	0	5490	98	0	1466	2914	0	0	0	9434	0	0	0	0	318	9740	0	10392	1104	3594	0	0	0	150	0	0	0	0	0	0	0	0	0	0	0	0	0	0	0	0	0	0	0	0	0	0	0	0	0	0	0	0	0	0	0	0	0	408	0	426	0	0	0	0	0	0	0	0	0	0	0	0	0	0	0	0	0	0	0	0	0	0	0	0	0	0	0	0	0	0	0	0	0	0	0	0	0	0	0	0	0	0	
122084	Frontal_Inf_Orb_L	0	0	4934	0	11742	0	2854	0	10498	0	648	0	6162	0	0	0	0	0	584	0	3430	0	0	0	112	0	3776	0	11904	0	0	0	0	0	0	0	0	0	134	0	0	0	0	0	0	0	0	0	0	0	0	0	0	0	0	0	0	0	0	0	0	0	0	0	0	0	0	0	0	0	424	0	3034	0	0	0	0	0	0	0	0	0	806	0	0	0	0	0	0	0	0	0	0	0	0	0	0	0	0	0	0	0	0	0	0	0	0	0	0	0	0	0	0	0	0	0	
161680	Frontal_Inf_Orb_R	0	0	0	13160	0	4240	0	7378	0	3406	0	438	0	5490	0	0	0	0	740	2880	0	1732	1260	11006	0	0	0	1374	0	13834	0	7082	0	3228	0	0	0	100	0	224	0	0	0	0	0	0	0	0	0	0	0	0	0	0	0	170	0	0	0	0	0	0	0	0	0	0	0	0	0	0	0	886	0	1472	0	0	0	0	0	0	0	94	0	646	0	0	0	0	0	0	0	0	0	0	0	0	0	0	0	0	0	0	0	0	0	0	0	0	0	0	0	0	0	0	0	0	
243892	Rolandic_Oper_L	12118	926	13228	666	0	252	6950	192	0	0	13894	722	2098	98	0	0	0	0	9618	652	0	0	970	278	0	98	0	0	27042	478	366	392	0	0	0	0	954	0	0	0	0	0	0	0	104	0	0	0	0	0	724	0	364	0	482	0	7412	0	126	0	120	0	1124	0	0	0	290	0	204	0	1876	900	1464	334	0	92	116	0	5728	0	6216	0	320	0	1092	0	0	0	866	0	0	0	0	0	0	0	0	0	0	0	0	0	0	0	0	0	0	0	0	0	0	0	0	0	0	0	
83040	Rolandic_Oper_R	204	2484	0	2516	0	0	0	110	0	0	0	5790	0	0	0	0	0	0	0	2094	0	0	0	0	0	0	0	0	0	9322	0	106	0	0	260	510	234	2430	0	164	0	0	0	0	0	0	0	0	0	0	0	0	0	0	0	130	0	2596	0	0	0	114	0	1556	0	0	0	0	0	0	0	940	0	2626	0	0	362	880	0	2874	0	2744	0	332	0	0	0	0	0	142	0	0	0	0	0	0	0	0	0	0	0	0	0	0	0	0	0	0	0	0	0	0	0	0	0	0	
702404	Supp_Motor_Area_L	14228	2938	90722	20056	152	348	4892	8370	92	0	5176	780	2456	1466	584	740	9618	0	0	49538	0	0	3592	8172	0	158	0	0	14738	1618	7252	8310	5782	23618	1934	822	1942	266	0	96	0	0	0	114	0	0	0	0	148	0	92	0	0	0	412	0	7900	426	0	0	144	0	192	100	0	0	282	586	7660	1276	10206	2258	16856	504	4674	220	3780	460	1192	0	1264	0	0	0	0	0	0	0	0	0	0	0	0	0	0	0	0	0	0	0	0	0	0	0	0	0	0	0	0	0	0	0	0	0	0	0	
830852	Supp_Motor_Area_R	14620	5298	28176	65838	0	3400	3550	8664	0	0	704	4850	240	2914	0	2880	652	2094	49538	0	0	0	530	18898	0	1666	0	0	1212	7972	1568	22438	3750	57654	3302	9488	332	1096	0	298	0	0	0	1946	0	2114	0	308	0	1468	0	436	0	0	0	196	364	2844	0	0	0	400	0	688	0	118	190	8654	8494	19648	2574	20878	546	8758	144	1578	514	6652	0	450	94	122	0	0	0	930	0	0	0	696	0	0	0	0	0	0	0	0	0	0	0	0	0	0	0	0	0	0	0	0	0	0	0	0	0	0	
70624	Olfactory_L	0	0	1402	0	4504	0	166	0	828	0	0	0	168	0	3430	0	0	0	0	0	0	2474	0	0	646	0	4768	0	3892	0	2352	1674	0	0	0	0	0	0	812	0	240	0	0	0	0	0	0	0	0	0	0	0	0	0	0	0	0	0	0	0	0	0	0	0	0	0	0	0	0	0	2834	1212	2776	552	0	0	0	0	0	0	0	0	582	0	0	0	0	0	0	0	0	0	0	0	0	0	0	0	0	0	0	0	0	0	0	0	0	0	0	0	0	0	0	0	0	0	
72168	Olfactory_R	0	0	0	0	0	3044	0	0	0	0	0	0	0	0	0	1732	0	0	0	0	2474	0	0	0	0	1238	1376	4146	0	3084	1614	2072	0	0	0	0	0	200	0	294	0	810	0	0	0	0	0	0	0	0	0	0	0	0	0	330	0	0	0	0	0	0	0	0	0	0	0	0	0	0	3606	4768	3290	1452	118	0	0	0	0	0	0	0	0	436	0	0	0	0	0	0	0	0	0	0	0	0	0	0	0	0	0	0	0	0	0	0	0	0	0	0	0	0	0	0	0	0	
235516	Frontal_Sup_Medial_L	1288	0	34000	4412	2070	258	17308	0	0	0	3416	0	7338	0	0	1260	970	0	3592	530	0	0	0	9472	2494	404	184	0	5472	1162	8936	5650	1276	2870	0	0	0	0	0	0	0	0	0	0	0	0	0	0	0	0	0	0	0	0	0	0	0	0	0	0	0	0	0	0	0	0	0	0	0	0	1056	730	1270	340	0	0	0	0	0	0	0	0	0	0	0	0	0	0	0	0	0	0	0	0	0	0	0	0	0	0	0	0	0	0	0	0	0	0	0	0	0	0	0	0	0	0	
489232	Frontal_Sup_Medial_R	444	0	1322	46090	0	12672	2370	7058	0	0	892	4070	378	9434	0	11006	278	0	8172	18898	0	0	9472	0	240	6870	0	0	990	13378	2750	40854	648	20608	0	0	0	120	0	0	0	0	0	0	0	0	0	0	0	0	0	0	0	0	0	0	0	0	0	0	0	0	0	0	0	0	0	0	0	0	1714	13976	0	8498	0	0	610	804	0	0	0	0	0	0	0	0	0	0	0	0	0	0	0	0	0	0	0	0	0	0	0	0	0	0	0	0	0	0	0	0	0	0	0	0	0	0	
29316	Frontal_Med_Orb_L	0	0	1818	0	2888	0	0	0	272	0	0	0	0	0	112	0	0	0	0	0	646	0	2494	240	0	290	1560	0	0	0	3284	168	0	0	0	0	0	0	0	0	0	0	0	0	0	0	0	0	0	0	0	0	0	0	0	0	0	0	0	0	0	0	0	0	0	0	0	0	0	0	550	0	336	0	0	0	0	0	0	0	0	0	0	0	0	0	0	0	0	0	0	0	0	0	0	0	0	0	0	0	0	0	0	0	0	0	0	0	0	0	0	0	0	0	0	0	
131864	Frontal_Med_Orb_R	0	0	292	4386	0	12882	298	0	0	0	262	158	132	0	0	0	98	0	158	1666	0	1238	404	6870	290	0	0	7102	334	278	1108	8398	0	566	0	0	0	0	0	0	0	0	0	0	0	0	0	0	0	0	0	0	0	0	0	0	0	0	0	0	0	0	0	0	0	0	0	0	0	0	482	9166	0	8108	0	0	554	702	0	0	0	0	0	0	0	0	0	0	0	0	0	0	0	0	0	0	0	0	0	0	0	0	0	0	0	0	0	0	0	0	0	0	0	0	0	0	
62184	Rectus_L	0	0	812	0	8344	0	0	0	2768	0	0	0	0	0	3776	0	0	0	0	0	4768	1376	184	0	1560	0	0	0	778	0	2698	1104	0	0	0	0	0	0	0	0	0	0	0	0	0	0	0	0	0	0	0	0	0	0	0	0	0	0	0	0	0	0	0	0	0	0	0	0	0	0	1032	482	1132	278	0	0	0	0	0	0	0	0	0	0	0	0	0	0	0	0	0	0	0	0	0	0	0	0	0	0	0	0	0	0	0	0	0	0	0	0	0	0	0	0	0	0	
55404	Rectus_R	0	0	0	0	0	9162	0	0	0	204	0	0	0	0	0	1374	0	0	0	0	0	4146	0	0	0	7102	0	0	0	1686	0	1416	0	0	0	0	0	0	0	0	0	0	0	0	0	0	0	0	0	0	0	0	0	0	0	0	0	0	0	0	0	0	0	0	0	0	0	0	0	0	0	2258	0	354	0	0	0	0	0	0	0	0	0	0	0	0	0	0	0	0	0	0	0	0	0	0	0	0	0	0	0	0	0	0	0	0	0	0	0	0	0	0	0	0	0	0	
561740	Insula_L	11416	686	39266	1872	4964	854	23128	814	2580	0	19252	1226	25206	318	11904	0	27042	0	14738	1212	3892	0	5472	990	0	334	778	0	0	858	1836	1282	130	182	594	550	9432	418	1106	250	796	0	0	0	0	0	98	0	0	0	796	0	306	0	5854	122	5200	0	276	0	286	0	266	0	0	0	400	108	474	0	6008	2286	19264	550	96	0	1364	242	6058	0	6376	0	1648	0	2298	0	0	0	4016	0	0	0	0	0	0	0	0	0	1100	0	0	0	0	0	0	0	0	0	0	0	0	0	0	0	0	0	
408288	Insula_R	670	576	1040	19050	0	4574	1928	3246	0	0	564	16520	0	9740	0	13834	478	9322	1618	7972	0	3084	1162	13378	0	278	0	1686	858	0	0	11090	0	4268	498	822	470	7176	0	1620	0	1592	0	0	0	188	0	0	0	164	0	0	0	0	0	6342	0	876	0	198	0	686	0	700	0	370	0	1018	0	558	978	2822	152	13884	0	0	650	1508	0	6062	92	10694	0	1034	0	6610	0	92	0	9352	0	0	0	0	0	0	0	0	0	0	0	0	0	0	0	0	0	0	0	0	0	0	0	0	0	0	
161800	Cingulum_Ant_L	402	180	10936	872	2200	418	2568	0	0	0	1208	0	1748	0	0	0	366	0	7252	1568	2352	1614	8936	2750	3284	1108	2698	0	1836	0	0	7520	4588	1648	934	0	0	0	0	0	0	0	0	0	0	0	0	0	0	0	0	0	0	0	0	0	0	0	0	0	0	0	0	0	0	0	0	0	0	0	3998	2382	4438	992	0	0	0	0	0	0	104	0	0	0	0	0	0	0	0	0	0	0	0	0	0	0	0	0	0	0	0	0	0	0	0	0	0	0	0	0	0	0	0	0	0	0	
535012	Cingulum_Ant_R	640	0	5632	36182	0	12028	2828	1538	0	0	1046	5248	392	10392	0	7082	392	106	8310	22438	1674	2072	5650	40854	168	8398	1104	1416	1282	11090	7520	0	1622	29012	0	114	0	190	0	0	0	0	0	0	0	0	0	0	0	0	0	0	0	0	0	96	0	0	0	0	0	0	0	0	0	0	0	0	0	0	3038	23098	1194	12032	0	0	638	884	0	0	106	0	0	0	0	0	0	0	0	0	0	0	0	0	0	0	0	0	0	0	0	0	0	0	0	0	0	0	0	0	0	0	0	0	0	0	
125704	Cingulum_Mid_L	756	0	2082	748	0	0	458	1092	0	0	0	268	228	1104	0	0	0	0	5782	3750	0	0	1276	648	0	0	0	0	130	0	4588	1622	0	10194	3668	798	0	0	0	0	0	0	176	0	296	0	0	0	922	0	4738	0	0	0	430	0	344	144	316	0	200	0	156	0	348	0	5048	1178	3652	694	0	100	0	0	0	0	0	0	0	0	112	0	0	0	2862	0	0	0	1944	0	0	0	0	0	0	0	0	0	0	0	0	0	0	0	0	0	0	0	0	0	0	0	0	0	0	0	
559436	Cingulum_Mid_R	6242	776	10522	24876	0	1508	1984	5118	0	0	0	2122	0	3594	0	3228	0	0	23618	57654	0	0	2870	20608	0	566	0	0	182	4268	1648	29012	10194	0	2574	7518	0	204	0	0	0	0	0	2260	0	2964	0	376	0	2420	224	744	0	0	0	0	0	2876	0	0	0	468	110	556	0	158	1946	12602	4622	16182	584	5058	104	1716	0	0	0	666	0	284	0	122	0	0	214	1004	0	0	0	572	0	0	0	0	0	0	0	0	0	0	0	0	0	0	0	0	0	0	0	0	0	0	0	0	0	0	
222328	Cingulum_Post_L	11330	3218	590	790	0	0	130	226	0	0	94	92	0	0	0	0	0	260	1934	3302	0	0	0	0	0	0	0	0	594	498	934	0	3668	2574	0	16316	9508	8500	2292	1830	0	0	5444	146	1072	0	1622	474	426	0	956	0	408	0	412	882	368	0	0	0	0	0	0	0	0	0	8280	2364	4908	1414	244	128	170	0	0	0	6076	4598	512	194	0	194	0	0	404	126	0	0	162	272	0	0	0	0	0	0	0	0	0	0	0	0	0	0	0	0	0	0	0	0	228	0	0	0	0	0	
310004	Cingulum_Post_R	11176	6110	666	548	0	0	548	292	0	0	118	208	0	0	0	0	0	510	822	9488	0	0	0	0	0	0	0	0	550	822	0	114	798	7518	16316	0	7606	16194	530	3116	0	0	0	2864	0	992	0	7036	0	478	0	294	0	138	0	2228	104	3660	0	0	0	0	0	170	0	0	1906	14014	980	7124	510	590	362	240	0	0	11010	9898	490	288	0	416	0	0	0	818	0	0	0	2890	0	0	0	0	0	0	0	0	0	108	0	0	0	0	0	0	0	0	0	0	1344	0	0	0	0	0	
252348	Hippocampus_L	4506	1074	2138	434	0	0	356	368	0	0	440	116	0	0	0	0	954	234	1942	332	0	0	0	0	0	0	0	0	9432	470	0	0	0	0	9508	7606	0	6466	11536	1782	5708	0	1802	0	0	0	3018	558	0	0	256	0	298	0	16478	850	654	0	0	0	0	0	0	0	0	0	3822	1172	0	0	526	0	5544	0	746	0	7248	2604	1998	176	1988	178	494	0	454	118	140	0	7314	246	264	0	0	0	0	0	0	0	1590	0	0	0	0	0	0	0	0	0	0	0	236	0	0	0	0	0	
399096	Hippocampus_R	6656	5578	288	1274	0	0	0	712	0	0	122	712	0	150	0	100	0	2430	266	1096	0	200	0	120	0	0	0	0	418	7176	0	190	0	204	8500	16194	6466	0	352	27758	0	8600	0	1848	0	222	0	6804	0	586	0	334	0	862	0	30972	0	720	0	0	0	0	0	436	0	0	600	6954	0	308	706	316	322	9300	0	170	9178	14932	358	446	0	1916	0	610	0	1222	0	0	0	12260	0	0	0	0	0	0	0	374	0	464	0	0	0	0	0	0	0	0	0	0	766	0	0	0	0	0	
72988	ParaHippocampal_L	0	0	0	0	0	0	0	0	0	0	0	0	0	0	134	0	0	0	0	0	812	0	0	0	0	0	0	0	1106	0	0	0	0	0	2292	530	11536	352	0	126	1350	0	1550	0	0	0	3204	154	0	0	166	0	162	0	4764	0	0	0	0	0	0	0	0	0	0	0	2400	124	0	0	326	0	536	0	0	0	928	116	654	0	0	0	506	0	122	0	316	0	298	0	320	0	0	0	208	0	638	0	550	0	0	0	0	0	0	0	0	0	0	214	0	0	0	0	0	0	
203104	ParaHippocampal_R	906	108	96	374	0	0	0	160	0	0	0	118	0	0	0	224	0	164	96	298	0	294	0	0	0	0	0	0	250	1620	0	0	0	0	1830	3116	1782	27758	126	0	0	6914	0	888	0	0	0	5222	0	0	0	0	0	796	0	25808	0	0	0	0	0	0	0	0	0	0	0	2172	0	102	102	250	0	4888	0	122	1580	3640	182	0	0	114	0	3448	0	334	0	310	0	2690	0	0	0	0	0	0	0	1710	0	960	0	0	0	0	0	0	0	0	0	0	0	0	0	0	0	0	
28684	Amygdala_L	0	0	0	0	0	0	0	0	0	0	0	0	0	0	0	0	0	0	0	0	240	0	0	0	0	0	0	0	796	0	0	0	0	0	0	0	5708	0	1350	0	0	0	0	0	0	0	0	0	0	0	0	0	0	0	3558	0	0	0	0	0	0	0	0	0	0	0	0	0	0	0	0	0	174	0	0	0	0	0	0	0	0	0	516	0	122	0	160	0	1718	0	0	0	0	0	0	0	0	0	0	0	0	0	0	0	0	0	0	0	0	0	0	0	0	0	0	0	
56852	Amygdala_R	0	0	0	0	0	0	0	0	0	0	0	0	0	0	0	0	0	0	0	0	0	810	0	0	0	0	0	0	0	1592	0	0	0	0	0	0	0	8600	0	6914	0	0	0	0	0	0	0	0	0	0	0	0	0	0	0	5624	0	0	0	0	0	0	0	0	0	0	0	0	0	0	0	270	0	1404	0	0	0	268	0	0	0	0	0	2390	0	148	0	0	0	406	0	0	0	0	0	0	0	0	0	0	0	0	0	0	0	0	0	0	0	0	0	0	0	0	0	0	
247028	Calcarine_L	0	0	0	0	0	0	0	0	0	0	0	0	0	0	0	0	0	0	0	0	0	0	0	0	0	0	0	0	0	0	0	0	176	0	5444	0	1802	0	1550	0	0	0	0	6990	10308	3640	18638	2766	6110	2900	24910	1102	11354	154	6070	400	156	0	0	0	0	0	0	0	0	0	14698	238	274	0	0	0	0	0	0	0	0	0	170	0	0	0	0	0	2594	0	0	0	438	0	516	0	0	0	0	0	0	0	116	0	0	0	0	0	0	0	0	0	0	0	0	0	0	0	0	0	
327392	Calcarine_R	0	0	0	0	0	0	0	0	0	0	0	0	0	0	0	0	0	0	114	1946	0	0	0	0	0	0	0	0	0	0	0	0	0	2260	146	2864	0	1848	0	888	0	0	6990	0	8290	27842	2816	19406	0	21462	0	19988	0	5800	0	5614	0	486	0	614	0	254	0	238	0	314	1256	22438	0	2528	0	0	0	0	0	0	0	166	0	0	0	314	0	0	0	4088	0	0	0	2364	0	0	0	0	0	0	0	0	0	92	0	0	0	0	0	0	0	0	0	0	270	0	0	0	0	0	
172640	Cuneus_L	0	0	0	0	0	0	0	0	0	0	0	0	0	0	0	0	104	0	0	0	0	0	0	0	0	0	0	0	0	0	0	0	296	0	1072	0	0	0	0	0	0	0	10308	8290	0	9406	1252	1028	17842	3946	11278	2236	1228	176	1086	722	112	0	916	0	0	0	0	0	0	0	10878	866	288	0	0	0	0	0	0	0	0	0	540	0	0	0	0	0	1906	0	0	0	396	0	148	0	0	0	0	0	0	0	0	0	0	0	0	0	0	0	0	0	0	0	0	0	0	0	0	0	
326352	Cuneus_R	0	0	0	0	0	0	0	0	0	0	0	0	0	0	0	0	0	0	0	2114	0	0	0	0	0	0	0	0	0	188	0	0	0	2964	0	992	0	222	0	0	0	0	3640	27842	9406	0	772	3168	98	42096	0	20596	0	930	0	1276	0	914	0	2762	0	638	0	1294	0	398	2632	25190	0	2872	0	0	0	0	0	0	0	148	0	286	0	1914	0	0	0	6412	0	0	0	1412	0	0	0	0	0	0	0	0	0	0	0	0	0	0	0	0	0	0	0	0	0	0	0	0	0	0	
271376	Lingual_L	100	0	146	0	0	0	0	0	0	0	0	0	0	0	0	0	0	0	0	0	0	0	0	0	0	0	0	0	98	0	0	0	0	0	1622	0	3018	0	3204	0	0	0	18638	2816	1252	772	0	2984	1010	554	15944	146	16568	0	15550	684	0	0	0	0	0	0	0	0	0	0	5862	0	0	0	102	0	658	0	0	0	1022	0	120	0	0	0	0	0	252	0	0	0	208	0	6624	738	1252	162	286	312	9406	892	11404	1860	110	0	704	176	412	322	108	0	108	310	3480	2332	552	340	468	0	
248768	Lingual_R	122	0	0	0	0	0	0	0	0	0	0	0	0	0	0	0	0	0	0	308	0	0	0	0	0	0	0	0	0	0	0	0	0	376	474	7036	558	6804	154	5222	0	0	2766	19406	1028	3168	2984	0	0	4030	0	2994	0	9302	120	18400	0	302	0	0	0	0	0	0	0	0	338	12732	0	602	0	0	0	0	0	0	432	636	0	0	0	0	0	0	0	472	0	0	0	1494	1024	1896	406	0	0	0	1448	3744	1654	4992	0	0	0	0	0	0	0	0	0	0	4018	2690	252	0	0	0	
133148	Occipital_Sup_L	0	122	0	0	0	0	0	0	0	0	0	0	0	0	0	0	0	0	148	0	0	0	0	0	0	0	0	0	0	0	0	0	922	0	426	0	0	0	0	0	0	0	6110	0	17842	98	1010	0	0	0	24864	0	346	0	202	0	158	0	4298	0	958	0	0	0	0	0	7850	94	1126	0	0	0	0	0	0	0	0	0	0	0	0	0	0	0	0	0	0	0	0	0	0	0	0	0	0	0	0	0	0	0	0	0	0	0	0	0	0	0	0	0	0	0	0	0	0	0	
322564	Occipital_Sup_R	0	146	0	0	0	0	0	0	0	0	0	0	0	0	0	0	0	0	0	1468	0	0	0	0	0	0	0	0	0	164	0	0	0	2420	0	478	0	586	0	0	0	0	2900	21462	3946	42096	554	4030	0	0	0	33586	0	632	0	436	0	1622	0	5638	0	896	0	2172	0	1290	1470	19262	0	2458	0	0	0	0	0	0	0	334	0	220	0	1846	0	0	0	7550	0	0	0	1620	0	0	0	0	0	0	0	0	0	0	0	0	0	0	0	0	0	0	0	0	0	0	0	0	0	0	
541028	Occipital_Mid_L	1344	92	0	0	0	0	0	0	0	0	0	0	0	0	0	0	724	0	92	0	0	0	0	0	0	0	0	0	796	0	0	0	4738	224	956	0	256	0	166	0	0	0	24910	0	11278	0	15944	0	24864	0	0	0	32034	0	17856	0	11472	0	15496	0	9518	0	1498	0	12164	0	21292	112	11782	0	0	0	0	0	0	0	0	0	3854	0	1124	0	148	0	29844	0	0	0	14094	0	1492	0	0	0	0	0	150	0	200	0	0	0	0	0	0	0	0	0	0	0	0	0	0	0	0	0	
269844	Occipital_Mid_R	0	0	0	0	0	0	0	0	0	0	0	0	0	0	0	0	0	0	0	436	0	0	0	0	0	0	0	0	0	0	0	0	0	744	0	294	0	334	0	0	0	0	1102	19988	2236	20596	146	2994	0	33586	0	0	0	5186	0	1588	0	352	0	2512	0	4016	0	1544	0	10198	844	8296	0	680	0	0	0	0	0	0	106	220	0	0	0	568	0	0	0	13798	0	0	0	2558	0	0	0	0	0	0	0	0	0	0	0	0	0	0	0	0	0	0	0	0	0	0	0	0	0	0	
213008	Occipital_Inf_L	606	0	0	0	0	0	0	0	0	0	0	0	0	0	0	0	364	0	0	0	0	0	0	0	0	0	0	0	306	0	0	0	0	0	408	0	298	0	162	0	0	0	11354	0	1228	0	16568	0	346	0	32034	0	0	0	23984	0	438	0	0	0	0	0	118	0	0	0	3438	0	494	0	0	0	0	0	0	0	0	0	1848	0	126	0	0	0	4486	0	0	0	4078	0	2630	0	0	0	0	0	302	0	714	0	0	0	0	0	0	0	0	0	0	0	174	0	0	0	0	0	
82488	Occipital_Inf_R	0	0	0	0	0	0	0	0	0	0	0	0	0	0	0	0	0	0	0	0	0	0	0	0	0	0	0	0	0	0	0	0	0	0	0	138	0	862	0	796	0	0	154	5800	176	930	0	9302	0	632	0	5186	0	0	0	8906	0	0	0	0	0	0	0	0	0	0	0	1376	0	0	0	0	0	0	0	0	0	110	0	0	0	0	0	0	0	1788	0	0	0	4112	0	320	0	0	0	0	0	0	0	466	0	0	0	0	0	0	0	0	0	0	0	190	0	0	0	0	
394144	Fusiform_L	634	0	464	0	0	0	0	0	0	0	138	0	0	0	0	0	482	0	412	0	0	0	0	0	0	0	0	0	5854	0	0	0	430	0	412	0	16478	0	4764	0	3558	0	6070	0	1086	0	15550	120	202	0	17856	0	23984	0	0	172	434	0	0	0	0	0	118	0	0	0	2578	0	576	0	0	0	2332	0	0	0	218	0	1466	0	1940	0	4876	0	5438	0	2414	0	17174	0	18588	192	438	0	622	108	12374	398	22250	714	0	0	140	0	0	0	0	0	0	98	1408	1004	282	0	226	0	
395408	Fusiform_R	882	96	0	242	0	0	0	0	0	0	0	122	0	0	0	170	0	130	0	196	0	330	0	0	0	0	0	0	122	6342	0	96	0	0	882	2228	850	30972	0	25808	0	5624	400	5614	722	1276	684	18400	0	436	0	1588	0	8906	172	0	0	0	0	0	0	0	0	0	0	0	232	2410	0	102	0	0	0	5226	0	0	1198	5274	0	0	0	3418	0	7504	0	2392	0	2552	0	19936	1852	5940	636	0	0	0	1338	5650	2138	9768	0	0	0	0	0	0	0	0	0	0	3002	3308	538	0	0	0	
321812	Postcentral_L	27808	2546	7810	316	0	0	1236	216	0	0	2562	0	466	0	0	0	7412	0	7900	364	0	0	0	0	0	0	0	0	5200	0	0	0	344	0	368	104	654	0	0	0	0	0	156	0	112	0	0	0	158	0	11472	0	438	0	434	0	0	1574	11680	0	18754	0	13954	968	4056	0	6424	0	5680	0	1072	126	444	0	0	0	344	0	2660	0	4122	0	150	0	4874	0	0	0	5948	0	0	0	0	0	0	0	0	0	0	0	0	0	0	0	0	0	0	0	0	0	0	0	0	0	0	0	
214516	Postcentral_R	1752	17414	346	454	0	0	0	560	0	0	0	6562	0	0	0	0	0	2596	426	2844	0	0	0	0	0	0	0	0	0	876	0	0	144	2876	0	3660	0	720	0	0	0	0	0	486	0	914	0	302	0	1622	0	352	0	0	0	0	1574	0	0	7812	0	13196	0	15192	0	1270	0	4264	0	8656	900	950	0	1040	158	358	788	996	0	730	0	2434	0	0	0	1546	0	0	0	488	0	0	0	0	0	0	0	0	0	0	0	0	0	0	0	0	0	0	0	0	0	0	0	0	0	0	
143472	Parietal_Sup_L	0	0	0	0	0	0	0	0	0	0	0	0	0	0	0	0	126	0	0	0	0	0	0	0	0	0	0	0	276	0	0	0	316	0	0	0	0	0	0	0	0	0	0	0	916	0	0	0	4298	0	15496	0	0	0	0	0	11680	0	0	0	11046	0	428	0	3798	0	12784	0	3372	0	0	0	0	0	0	0	0	0	384	0	486	0	0	0	2674	0	0	0	3656	0	0	0	0	0	0	0	0	0	0	0	0	0	0	0	0	0	0	0	0	0	0	0	0	0	0	0	
81748	Parietal_Sup_R	0	0	0	0	0	0	0	0	0	0	0	0	0	0	0	0	0	0	0	0	0	0	0	0	0	0	0	0	0	198	0	0	0	0	0	0	0	0	0	0	0	0	0	614	0	2762	0	0	0	5638	0	2512	0	0	0	0	0	7812	0	0	0	8464	0	2662	0	2862	172	4404	0	1014	0	0	0	0	0	0	0	0	0	0	0	1168	0	0	0	592	0	0	0	0	0	0	0	0	0	0	0	0	0	0	0	0	0	0	0	0	0	0	0	0	0	0	0	0	0	0	
186040	Parietal_Inf_L	1332	0	144	0	0	0	0	0	0	0	0	0	0	0	0	0	120	0	144	0	0	0	0	0	0	0	0	0	286	0	0	0	200	0	0	0	0	0	0	0	0	0	0	0	0	0	0	0	958	0	9518	0	0	0	0	0	18754	0	11046	0	0	0	21598	0	12120	0	1828	0	830	0	0	0	0	0	0	0	0	0	426	0	734	0	0	0	9552	0	0	0	3430	0	0	0	0	0	0	0	0	0	0	0	0	0	0	0	0	0	0	0	0	0	0	0	0	0	0	0	
134120	Parietal_Inf_R	0	1302	0	0	0	0	0	0	0	0	0	706	0	0	0	0	0	114	0	400	0	0	0	0	0	0	0	0	0	686	0	0	0	468	0	0	0	0	0	0	0	0	0	254	0	638	0	0	0	896	0	4016	0	0	0	0	0	13196	0	8464	0	0	0	14884	0	11398	0	2370	0	502	0	0	0	168	0	0	0	0	0	264	0	1188	0	0	0	3660	0	0	0	1486	0	0	0	0	0	0	0	0	0	0	0	0	0	0	0	0	0	0	0	0	0	0	0	0	0	0	
142700	SupraMarginal_L	1954	0	196	0	0	0	0	0	0	0	0	0	0	0	0	0	1124	0	192	0	0	0	0	0	0	0	0	0	266	0	0	0	156	110	0	0	0	0	0	0	0	0	0	0	0	0	0	0	0	0	1498	0	118	0	118	0	13954	0	428	0	21598	0	0	0	4436	0	714	0	1084	0	134	0	0	0	0	0	0	0	906	0	4326	0	0	0	13550	0	0	0	4488	0	0	0	0	0	0	0	0	0	0	0	0	0	0	0	0	0	0	0	0	0	0	0	0	0	0	0	
168812	SupraMarginal_R	1094	3950	104	234	0	0	0	108	0	0	0	2764	0	0	0	0	0	1556	100	688	0	0	0	0	0	0	0	0	0	700	0	0	0	556	0	170	0	436	0	0	0	0	0	238	0	1294	0	0	0	2172	0	1544	0	0	0	0	968	15192	0	2662	0	14884	0	0	0	5416	0	3918	0	500	464	0	0	362	106	0	478	166	0	666	0	6340	0	0	0	10696	0	0	0	3880	0	0	0	0	0	0	0	0	0	0	0	0	0	0	0	0	0	0	0	0	0	0	0	0	0	0	
90824	Angular_L	0	0	0	0	0	0	0	0	0	0	0	0	0	0	0	0	0	0	0	0	0	0	0	0	0	0	0	0	0	0	0	0	348	0	0	0	0	0	0	0	0	0	0	0	0	0	0	0	0	0	12164	0	0	0	0	0	4056	0	3798	0	12120	0	4436	0	0	0	1496	0	864	0	0	0	0	0	0	0	0	0	0	0	464	0	0	0	4392	0	0	0	1274	0	0	0	0	0	0	0	0	0	0	0	0	0	0	0	0	0	0	0	0	0	0	0	0	0	0	0	
84324	Angular_R	0	0	0	0	0	0	0	0	0	0	0	0	0	0	0	0	0	0	0	118	0	0	0	0	0	0	0	0	0	370	0	0	0	158	0	0	0	0	0	0	0	0	0	314	0	398	0	0	0	1290	0	10198	0	0	0	0	0	1270	0	2862	0	11398	0	5416	0	0	0	1084	0	244	0	0	0	0	0	0	0	0	0	302	0	1282	0	0	0	4356	0	0	0	1102	0	0	0	0	0	0	0	0	0	0	0	0	0	0	0	0	0	0	0	0	0	0	0	0	0	0	
311872	Precuneus_L	286	116	0	120	0	0	0	0	0	0	0	0	0	0	0	0	290	0	282	190	0	0	0	0	0	0	0	0	400	0	0	0	5048	1946	8280	1906	3822	600	2400	0	0	0	14698	1256	10878	2632	5862	338	7850	1470	21292	844	3438	0	2578	232	6424	0	12784	172	1828	0	714	0	1496	0	0	6240	9948	0	0	0	0	0	0	0	130	0	1028	0	670	0	0	0	8238	226	0	0	6402	0	364	0	0	0	0	0	0	0	0	0	0	0	0	0	0	0	0	0	0	0	218	0	0	0	0	0	
407844	Precuneus_R	702	810	296	126	0	0	0	0	0	0	0	0	0	0	0	0	0	0	586	8654	0	0	0	0	0	0	0	0	108	1018	0	0	1178	12602	2364	14014	1172	6954	124	2172	0	0	238	22438	866	25190	0	12732	94	19262	112	8296	0	1376	0	2410	0	4264	0	4404	0	2370	0	3918	0	1084	6240	0	458	12168	98	258	0	0	0	0	312	1190	0	1050	0	2588	0	0	108	9832	0	0	0	6370	0	0	0	0	0	0	0	0	0	156	0	0	0	0	0	0	0	0	0	0	1160	0	0	0	0	0	
237884	Paracentral_Lobule_L	21540	2738	4300	4430	0	0	0	0	0	0	0	0	0	0	0	0	204	0	7660	8494	0	0	0	0	0	0	0	0	474	0	0	0	3652	4622	4908	980	0	0	0	0	0	0	274	0	288	0	0	0	1126	0	11782	0	494	0	576	0	5680	0	3372	0	830	0	1084	0	864	0	9948	458	0	1514	174	428	1040	0	854	0	0	0	434	0	870	0	0	0	5892	0	0	0	6958	0	0	0	0	0	0	0	0	0	0	0	0	0	0	0	0	0	0	0	0	0	0	0	0	0	0	0	
186616	Paracentral_Lobule_R	2550	1670	576	382	0	0	0	0	0	0	0	0	0	0	0	0	0	0	1276	19648	0	0	0	0	0	0	0	0	0	558	0	0	694	16182	1414	7124	0	308	0	102	0	0	0	2528	0	2872	0	602	0	2458	0	680	0	0	0	102	0	8656	0	1014	0	502	0	500	0	244	0	12168	1514	0	224	1178	0	0	0	0	0	1584	0	466	0	618	0	0	0	1622	0	0	0	1292	0	0	0	0	0	0	0	0	0	0	0	0	0	0	0	0	0	0	0	0	0	0	0	0	0	0	
266136	Caudate_L	4626	3960	13034	5138	526	1548	3724	6030	244	0	2956	2264	1496	0	424	0	1876	0	10206	2574	2834	3606	1056	1714	550	482	1032	0	6008	978	3998	3038	0	584	244	510	526	706	326	102	0	0	0	0	0	0	102	0	0	0	0	0	0	0	0	0	1072	900	0	0	0	0	134	464	0	0	0	98	174	224	0	8586	15638	1576	2266	0	10850	1666	0	0	398	0	0	0	0	0	0	0	0	0	0	0	0	0	0	0	0	0	0	0	0	0	0	0	0	0	0	0	0	0	0	0	0	0	0	0	
395312	Caudate_R	2296	3086	2602	21756	0	12654	2434	0	0	0	1818	2124	716	408	0	886	900	940	2258	20878	1212	4768	730	13976	0	9166	482	2258	2286	2822	2382	23098	100	5058	128	590	0	316	0	250	0	270	0	0	0	0	0	0	0	0	0	0	0	0	0	0	126	950	0	0	0	0	0	0	0	0	0	258	428	1178	8586	0	3588	15854	210	1298	2624	16686	0	0	222	0	0	0	0	0	0	0	0	0	0	0	0	0	0	0	0	0	0	0	0	0	0	0	0	0	0	0	0	0	0	0	0	0	0	0	
275632	Putamen_L	2580	612	23888	398	2476	0	3254	808	444	0	1092	376	2794	0	3034	0	1464	0	16856	546	2776	3290	1270	0	336	0	1132	0	19264	152	4438	1194	0	104	170	362	5544	322	536	0	174	0	0	0	0	0	658	0	0	0	0	0	0	0	2332	0	444	0	0	0	0	0	0	0	0	0	0	0	1040	0	15638	3588	0	1018	5190	0	4104	380	258	0	550	0	338	0	0	0	0	0	184	0	0	0	0	0	0	0	0	0	408	0	0	0	0	0	0	0	0	0	0	0	0	0	0	0	0	0	
285600	Putamen_R	194	1826	666	13736	0	7870	584	880	0	0	354	4492	140	426	0	1472	334	2626	504	8758	552	1452	340	8498	0	8108	278	354	550	13884	992	12032	0	1716	0	240	0	9300	0	4888	0	1404	0	0	0	0	0	0	0	0	0	0	0	0	0	5226	0	1040	0	0	0	168	0	362	0	0	0	0	0	0	1576	15854	1018	0	0	1736	312	4586	0	224	0	0	0	0	0	0	0	0	0	1248	0	0	0	0	0	0	0	0	0	0	0	0	0	0	0	0	0	0	0	0	0	0	0	0	0	0	
47912	Pallidum_L	972	276	5550	0	0	0	156	0	0	0	0	0	0	0	0	0	0	0	4674	144	0	118	0	0	0	0	0	0	96	0	0	0	0	0	0	0	746	0	0	0	0	0	0	0	0	0	0	0	0	0	0	0	0	0	0	0	0	158	0	0	0	0	0	106	0	0	0	0	854	0	2266	210	5190	0	0	0	2332	108	0	0	0	0	0	0	0	0	0	0	0	0	0	0	0	0	0	0	0	0	0	0	0	0	0	0	0	0	0	0	0	0	0	0	0	0	0	0	
15532	Pallidum_R	0	98	206	1596	0	0	0	116	0	0	0	176	0	0	0	0	92	0	220	1578	0	0	0	0	0	0	0	0	0	0	0	0	0	0	0	0	0	170	0	122	0	0	0	0	0	0	0	0	0	0	0	0	0	0	0	0	0	358	0	0	0	0	0	0	0	0	0	0	0	0	0	1298	0	1736	0	0	0	0	0	0	0	0	0	0	0	0	0	0	0	0	0	0	0	0	0	0	0	0	0	0	0	0	0	0	0	0	0	0	0	0	0	0	0	0	0	0	
232464	Thalamus_L	10708	4244	5444	1204	0	544	4680	1070	0	0	188	648	0	0	0	0	116	362	3780	514	0	0	0	610	0	554	0	0	1364	650	0	638	0	0	6076	11010	7248	9178	928	1580	0	0	0	0	0	0	1022	432	0	0	0	106	0	0	218	1198	344	788	0	0	0	0	0	478	0	0	130	312	0	0	10850	2624	4104	312	2332	0	0	14836	504	228	0	248	0	0	0	206	0	0	0	1622	0	0	0	0	0	0	0	0	0	0	0	0	0	0	0	0	0	0	0	0	0	0	0	0	0	0	
251772	Thalamus_R	6136	6304	516	5464	0	714	456	382	0	0	0	1376	0	0	0	0	0	880	460	6652	0	0	0	804	0	702	0	0	242	1508	0	884	0	666	4598	9898	2604	14932	116	3640	0	268	0	166	0	148	0	636	0	334	0	220	0	110	0	5274	0	996	0	0	0	0	0	166	0	0	0	1190	0	1584	1666	16686	380	4586	108	0	14836	0	268	210	0	252	0	0	0	254	0	0	0	5614	0	0	0	0	0	0	0	0	0	0	0	0	0	0	0	0	0	0	0	0	0	0	0	0	0	0	
115568	Heschl_L	2076	452	1154	0	0	0	558	0	0	0	638	0	0	0	0	0	5728	0	1192	0	0	0	0	0	0	0	0	0	6058	0	0	0	0	0	512	490	1998	358	654	182	0	0	170	0	540	0	120	0	0	0	3854	0	1848	0	1466	0	2660	0	384	0	426	0	906	0	0	0	1028	0	434	0	0	0	258	0	0	0	504	268	0	0	7330	0	0	0	7954	0	0	0	5222	0	362	0	0	0	0	0	0	0	0	0	0	0	0	0	0	0	0	0	0	0	0	0	0	0	0	0	
67348	Heschl_R	142	794	0	268	0	0	0	0	0	0	0	768	0	0	0	0	0	2874	0	450	0	0	0	0	0	0	0	0	0	6062	0	0	0	284	194	288	176	446	0	0	0	0	0	0	0	286	0	0	0	220	0	0	0	0	0	0	0	730	0	0	0	264	0	666	0	302	0	1050	0	466	0	0	0	224	0	0	228	210	0	0	0	9792	0	0	0	5422	0	0	0	1068	0	0	0	0	0	0	0	0	0	0	0	0	0	0	0	0	0	0	0	0	0	0	0	0	0	0	
178348	Temporal_Sup_L	1874	226	1290	136	0	0	236	0	0	0	1472	168	300	0	0	0	6216	0	1264	94	0	0	0	0	0	0	0	0	6376	92	104	106	112	0	0	0	1988	0	0	0	0	0	0	0	0	0	0	0	0	0	1124	0	126	0	1940	0	4122	0	486	0	734	0	4326	0	464	0	670	0	870	0	398	222	550	0	0	0	0	0	7330	0	0	0	3802	0	24378	0	138	0	15250	0	0	0	0	0	0	0	0	0	190	0	0	0	0	0	0	0	0	0	0	0	0	0	0	0	0	0	
160348	Temporal_Sup_R	148	484	0	0	0	0	0	0	0	0	0	1124	0	0	0	94	0	2744	0	122	0	0	0	0	0	0	0	0	0	10694	0	0	0	122	194	416	178	1916	0	114	0	0	0	314	0	1914	0	0	0	1846	0	568	0	0	0	3418	0	2434	0	1168	0	1188	0	6340	0	1282	0	2588	0	618	0	0	0	0	0	0	248	252	0	9792	0	0	0	2340	0	17626	0	980	0	6908	0	0	0	0	0	0	0	0	0	0	0	0	0	0	0	0	0	0	0	0	0	0	0	0	0	0	
67728	Temporal_Pole_Sup_L	0	0	190	0	354	0	0	0	0	0	208	0	146	0	806	0	320	0	0	0	582	0	0	0	0	0	0	0	1648	0	0	0	0	0	0	0	494	0	506	0	516	0	0	0	0	0	0	0	0	0	148	0	0	0	4876	0	150	0	0	0	0	0	0	0	0	0	0	0	0	0	0	0	338	0	0	0	0	0	0	0	3802	0	0	0	7136	0	3458	0	8186	0	0	0	0	0	0	0	0	0	0	0	0	0	0	0	0	0	0	0	0	0	0	0	0	0	0	0	
50992	Temporal_Pole_Sup_R	0	0	0	0	0	0	0	0	0	0	0	340	0	0	0	646	0	332	0	0	0	436	0	0	0	0	0	0	0	1034	0	0	0	0	0	0	0	610	0	3448	0	2390	0	0	0	0	0	0	0	0	0	0	0	0	0	7504	0	0	0	0	0	0	0	0	0	0	0	0	0	0	0	0	0	0	0	0	0	0	0	0	0	2340	0	0	0	1534	0	2866	0	2016	0	0	0	0	0	0	0	0	0	0	0	0	0	0	0	0	0	0	0	0	0	0	0	0	0	0	
379932	Temporal_Mid_L	920	0	0	0	0	0	0	0	0	0	0	0	0	0	0	0	1092	0	0	0	0	0	0	0	0	0	0	0	2298	0	0	0	2862	214	404	0	454	0	122	0	122	0	2594	0	1906	0	252	0	0	0	29844	0	4486	0	5438	0	4874	0	2674	0	9552	0	13550	0	4392	0	8238	108	5892	0	0	0	0	0	0	0	0	0	7954	0	24378	0	7136	0	0	0	3280	0	44682	0	248	0	0	0	0	0	0	0	0	0	0	0	0	0	0	0	0	0	0	0	0	0	0	0	0	0	
263352	Temporal_Mid_R	136	152	0	0	0	0	0	0	0	0	0	0	0	0	0	0	0	0	0	930	0	0	0	0	0	0	0	0	0	6610	0	0	0	1004	126	818	118	1222	0	334	0	148	0	4088	0	6412	0	472	0	7550	0	13798	0	1788	0	2392	0	1546	0	592	0	3660	0	10696	0	4356	226	9832	0	1622	0	0	0	0	0	0	206	254	0	5422	0	17626	0	1534	0	0	0	3882	0	22124	0	0	0	0	0	0	0	0	0	0	0	0	0	0	0	0	0	0	0	0	0	0	0	0	0	0	
26100	Temporal_Pole_Mid_L	0	0	0	0	0	0	0	0	0	0	0	0	0	0	0	0	0	0	0	0	0	0	0	0	0	0	0	0	0	0	0	0	0	0	0	0	140	0	316	0	160	0	0	0	0	0	0	0	0	0	0	0	0	0	2414	0	0	0	0	0	0	0	0	0	0	0	0	0	0	0	0	0	0	0	0	0	0	0	0	0	138	0	3458	0	3280	0	0	0	3144	0	0	0	0	0	0	0	0	0	0	0	0	0	0	0	0	0	0	0	0	0	0	0	0	0	0	0	
27160	Temporal_Pole_Mid_R	0	0	0	0	0	0	0	0	0	0	0	0	0	0	0	0	0	0	0	0	0	0	0	0	0	0	0	0	0	92	0	0	0	0	0	0	0	0	0	310	0	0	0	0	0	0	0	0	0	0	0	0	0	0	0	2552	0	0	0	0	0	0	0	0	0	0	0	0	0	0	0	0	0	0	0	0	0	0	0	0	0	980	0	2866	0	3882	0	0	0	2898	0	0	0	0	0	0	0	0	0	0	0	0	0	0	0	0	0	0	0	0	0	0	0	0	0	0	
327952	Temporal_Inf_L	602	0	0	0	0	0	0	0	0	0	0	0	0	0	0	0	866	0	0	0	0	0	0	0	0	0	0	0	4016	0	0	0	1944	0	162	0	7314	0	298	0	1718	0	438	0	396	0	208	0	0	0	14094	0	4078	0	17174	0	5948	0	3656	0	3430	0	4488	0	1274	0	6402	0	6958	0	0	0	184	0	0	0	0	0	5222	0	15250	0	8186	0	44682	0	3144	0	0	0	1484	0	0	0	0	0	0	0	360	0	0	0	0	0	0	0	0	0	0	0	0	0	0	0	0	0	
246108	Temporal_Inf_R	1374	276	0	0	0	0	0	0	0	0	0	0	0	0	0	0	0	142	0	696	0	0	0	0	0	0	0	0	0	9352	0	0	0	572	272	2890	246	12260	0	2690	0	406	0	2364	0	1412	0	1494	0	1620	0	2558	0	4112	0	19936	0	488	0	0	0	1486	0	3880	0	1102	0	6370	0	1292	0	0	0	1248	0	0	1622	5614	0	1068	0	6908	0	2016	0	22124	0	2898	0	0	0	266	0	0	0	0	0	0	0	0	0	0	0	0	0	0	0	0	0	0	0	0	0	0	0	0	
541596	Cerebelum_Crus1_L	0	0	0	0	0	0	0	0	0	0	0	0	0	0	0	0	0	0	0	0	0	0	0	0	0	0	0	0	0	0	0	0	0	0	0	0	264	0	320	0	0	0	516	0	148	0	6624	1024	0	0	1492	0	2630	0	18588	1852	0	0	0	0	0	0	0	0	0	0	364	0	0	0	0	0	0	0	0	0	0	0	362	0	0	0	0	0	248	0	0	0	1484	0	0	8060	38352	5124	1828	416	25994	1640	62062	7472	9608	568	17562	3310	7448	2582	3736	740	408	650	6728	11408	12846	2436	2932	972	
399652	Cerebelum_Crus1_R	0	0	0	0	0	0	0	0	0	0	0	0	0	0	0	0	0	0	0	0	0	0	0	0	0	0	0	0	0	0	0	0	0	0	0	0	0	0	0	0	0	0	0	0	0	0	738	1896	0	0	0	0	0	320	192	5940	0	0	0	0	0	0	0	0	0	0	0	0	0	0	0	0	0	0	0	0	0	0	0	0	0	0	0	0	0	0	0	0	0	266	8060	0	4156	29156	200	3764	2748	17758	5280	50334	534	3704	1494	20082	682	3424	280	1476	346	2434	8526	8714	11044	2942	3076	260	
330924	Cerebelum_Crus2_L	0	0	0	0	0	0	0	0	0	0	0	0	0	0	0	0	0	0	0	0	0	0	0	0	0	0	0	0	0	0	0	0	0	0	0	0	0	0	0	0	0	0	0	0	0	0	1252	406	0	0	0	0	0	0	438	636	0	0	0	0	0	0	0	0	0	0	0	0	0	0	0	0	0	0	0	0	0	0	0	0	0	0	0	0	0	0	0	0	0	0	38352	4156	0	11500	368	108	4122	458	12782	2792	24348	4642	21768	5524	3682	1290	1446	446	170	234	1436	4310	15032	2208	1336	220	
301288	Cerebelum_Crus2_R	0	0	0	0	0	0	0	0	0	0	0	0	0	0	0	0	0	0	0	0	0	0	0	0	0	0	0	0	0	0	0	0	0	0	0	0	0	0	0	0	0	0	0	0	0	0	162	0	0	0	0	0	0	0	0	0	0	0	0	0	0	0	0	0	0	0	0	0	0	0	0	0	0	0	0	0	0	0	0	0	0	0	0	0	0	0	0	0	0	0	5124	29156	11500	0	0	206	694	596	1524	4942	7266	17544	6422	35540	1498	3752	152	1110	0	250	1132	1598	14754	3150	2372	200	
48628	Cerebelum_3_L	0	0	0	0	0	0	0	0	0	0	0	0	0	0	0	0	0	0	0	0	0	0	0	0	0	0	0	0	0	0	0	0	0	0	0	0	0	0	208	0	0	0	0	0	0	0	286	0	0	0	0	0	0	0	622	0	0	0	0	0	0	0	0	0	0	0	0	0	0	0	0	0	0	0	0	0	0	0	0	0	0	0	0	0	0	0	0	0	0	0	1828	200	368	0	0	354	8310	0	3312	434	0	0	588	0	1206	308	264	0	1286	1948	1614	416	210	220	332	0	
71168	Cerebelum_3_R	0	0	0	0	0	0	0	0	0	0	0	0	0	0	0	0	0	0	0	0	0	0	0	0	0	0	0	0	0	0	0	0	0	0	0	0	0	0	0	0	0	0	0	0	0	0	312	0	0	0	0	0	0	0	108	0	0	0	0	0	0	0	0	0	0	0	0	0	0	0	0	0	0	0	0	0	0	0	0	0	0	0	0	0	0	0	0	0	0	0	416	3764	108	206	354	0	1474	7692	774	8504	0	0	0	290	0	620	0	0	360	4574	2460	1180	344	722	1322	0	
333508	Cerebelum_4_5_L	0	0	0	0	0	0	0	0	0	0	0	0	0	0	0	0	0	0	0	0	0	0	0	0	0	0	0	0	0	0	0	0	0	0	0	0	0	0	638	0	0	0	0	0	0	0	9406	1448	0	0	150	0	302	0	12374	1338	0	0	0	0	0	0	0	0	0	0	0	0	0	0	0	0	0	0	0	0	0	0	0	0	0	0	0	0	0	0	0	0	0	0	25994	2748	4122	694	8310	1474	0	4736	39270	7374	900	0	2796	648	3174	2578	698	230	1716	3326	15970	6142	1376	1684	3202	1936	
195028	Cerebelum_4_5_R	0	0	0	0	0	0	0	0	0	0	0	0	0	0	0	0	0	0	0	0	0	0	0	0	0	0	0	0	0	0	0	0	0	0	0	0	0	374	0	1710	0	0	0	0	0	0	892	3744	0	0	0	0	0	0	398	5650	0	0	0	0	0	0	0	0	0	0	0	0	0	0	0	0	0	0	0	0	0	0	0	0	0	0	0	0	0	0	0	0	0	0	1640	17758	458	596	0	7692	4736	0	1978	28506	0	0	0	446	0	432	0	170	106	3202	13282	1284	706	572	1070	112	
473292	Cerebelum_6_L	0	0	0	0	0	0	0	0	0	0	0	0	0	0	0	0	0	0	0	0	0	0	0	0	0	0	0	0	1100	0	0	0	0	0	0	0	1590	0	550	0	0	0	116	0	0	0	11404	1654	0	0	200	0	714	0	22250	2138	0	0	0	0	0	0	0	0	0	0	0	0	0	0	0	0	408	0	0	0	0	0	0	0	190	0	0	0	0	0	0	0	360	0	62062	5280	12782	1524	3312	774	39270	1978	0	8124	3104	0	7590	816	5216	2402	2900	408	604	1018	10762	13402	4450	1702	2960	1532	
394748	Cerebelum_6_R	0	0	0	0	0	0	0	0	0	0	0	0	0	0	0	0	0	0	0	0	0	0	0	0	0	0	0	0	0	0	0	0	0	0	0	108	0	464	0	960	0	0	0	92	0	0	1860	4992	0	0	0	0	0	466	714	9768	0	0	0	0	0	0	0	0	0	0	0	156	0	0	0	0	0	0	0	0	0	0	0	0	0	0	0	0	0	0	0	0	0	0	7472	50334	2792	4942	434	8504	7374	28506	8124	0	158	288	514	4560	428	3164	136	1572	736	4512	15986	12582	6646	3106	4592	332	
183916	Cerebelum_7b_L	0	0	0	0	0	0	0	0	0	0	0	0	0	0	0	0	0	0	0	0	0	0	0	0	0	0	0	0	0	0	0	0	0	0	0	0	0	0	0	0	0	0	0	0	0	0	110	0	0	0	0	0	0	0	0	0	0	0	0	0	0	0	0	0	0	0	0	0	0	0	0	0	0	0	0	0	0	0	0	0	0	0	0	0	0	0	0	0	0	0	9608	534	24348	7266	0	0	900	0	3104	158	0	4152	23086	4318	2772	454	396	250	0	0	132	264	7848	1724	534	0	
119632	Cerebelum_7b_R	0	0	0	0	0	0	0	0	0	0	0	0	0	0	0	0	0	0	0	0	0	0	0	0	0	0	0	0	0	0	0	0	0	0	0	0	0	0	0	0	0	0	0	0	0	0	0	0	0	0	0	0	0	0	0	0	0	0	0	0	0	0	0	0	0	0	0	0	0	0	0	0	0	0	0	0	0	0	0	0	0	0	0	0	0	0	0	0	0	0	568	3704	4642	17544	0	0	0	0	0	288	4152	0	2498	17468	110	2078	0	0	0	0	0	96	4472	1678	518	0	
265916	Cerebelum_8_L	0	0	0	0	0	0	0	0	0	0	0	0	0	0	0	0	0	0	0	0	0	0	0	0	0	0	0	0	0	0	0	0	0	0	0	0	0	0	0	0	0	0	0	0	0	0	704	0	0	0	0	0	0	0	140	0	0	0	0	0	0	0	0	0	0	0	0	0	0	0	0	0	0	0	0	0	0	0	0	0	0	0	0	0	0	0	0	0	0	0	17562	1494	21768	6422	588	0	2796	0	7590	514	23086	2498	0	5378	18650	1494	3384	290	258	286	654	812	10400	4102	2088	0	
276412	Cerebelum_8_R	0	0	0	0	0	0	0	0	0	0	0	0	0	0	0	0	0	0	0	0	0	0	0	0	0	0	0	0	0	0	0	0	0	0	0	0	0	0	0	0	0	0	0	0	0	0	176	0	0	0	0	0	0	0	0	0	0	0	0	0	0	0	0	0	0	0	0	0	0	0	0	0	0	0	0	0	0	0	0	0	0	0	0	0	0	0	0	0	0	0	3310	20082	5524	35540	0	290	648	446	816	4560	4318	17468	5378	0	1672	14032	98	1544	0	308	1140	1012	9730	4784	4924	406	
128568	Cerebelum_9_L	0	0	0	0	0	0	0	0	0	0	0	0	0	0	0	0	0	0	0	0	0	0	0	0	0	0	0	0	0	0	0	0	0	0	0	0	0	0	0	0	0	0	0	0	0	0	412	0	0	0	0	0	0	0	0	0	0	0	0	0	0	0	0	0	0	0	0	0	0	0	0	0	0	0	0	0	0	0	0	0	0	0	0	0	0	0	0	0	0	0	7448	682	3682	1498	1206	0	3174	0	5216	428	2772	110	18650	1672	0	1056	4518	130	438	458	1796	2046	3650	1182	1480	580	
148384	Cerebelum_9_R	0	0	0	0	0	0	0	0	0	0	0	0	0	0	0	0	0	0	0	0	0	0	0	0	0	0	0	0	0	0	0	0	0	0	0	0	0	0	0	0	0	0	0	0	0	0	322	0	0	0	0	0	0	0	0	0	0	0	0	0	0	0	0	0	0	0	0	0	0	0	0	0	0	0	0	0	0	0	0	0	0	0	0	0	0	0	0	0	0	0	2582	3424	1290	3752	308	620	2578	432	2402	3164	454	2078	1494	14032	1056	0	218	2046	256	806	3346	4626	5056	6896	9038	1916	
42440	Cerebelum_10_L	0	0	0	0	0	0	0	0	0	0	0	0	0	0	0	0	0	0	0	0	0	0	0	0	0	0	0	0	0	0	0	0	0	0	0	0	0	0	0	0	0	0	0	0	0	0	108	0	0	0	0	0	0	0	0	0	0	0	0	0	0	0	0	0	0	0	0	0	0	0	0	0	0	0	0	0	0	0	0	0	0	0	0	0	0	0	0	0	0	0	3736	280	1446	152	264	0	698	0	2900	136	396	0	3384	98	4518	218	0	0	406	396	336	484	1036	96	132	0	
30248	Cerebelum_10_R	0	0	0	0	0	0	0	0	0	0	0	0	0	0	0	0	0	0	0	0	0	0	0	0	0	0	0	0	0	0	0	0	0	0	0	0	0	0	0	0	0	0	0	0	0	0	0	0	0	0	0	0	0	0	0	0	0	0	0	0	0	0	0	0	0	0	0	0	0	0	0	0	0	0	0	0	0	0	0	0	0	0	0	0	0	0	0	0	0	0	740	1476	446	1110	0	0	230	170	408	1572	250	0	290	1544	130	2046	0	0	0	0	264	580	1428	1092	1348	0	
28620	Vermis_1_2	0	0	0	0	0	0	0	0	0	0	0	0	0	0	0	0	0	0	0	0	0	0	0	0	0	0	0	0	0	0	0	0	0	0	0	0	0	0	0	0	0	0	0	0	0	0	108	0	0	0	0	0	0	0	0	0	0	0	0	0	0	0	0	0	0	0	0	0	0	0	0	0	0	0	0	0	0	0	0	0	0	0	0	0	0	0	0	0	0	0	408	346	170	0	1286	360	1716	106	604	736	0	0	258	0	438	256	406	0	0	3842	2212	406	128	170	354	0	
74404	Vermis_3	0	0	0	0	0	0	0	0	0	0	0	0	0	0	0	0	0	0	0	0	0	0	0	0	0	0	0	0	0	0	0	0	0	0	0	0	0	0	214	0	0	0	0	0	0	0	310	0	0	0	0	0	0	0	98	0	0	0	0	0	0	0	0	0	0	0	0	0	0	0	0	0	0	0	0	0	0	0	0	0	0	0	0	0	0	0	0	0	0	0	650	2434	234	250	1948	4574	3326	3202	1018	4512	0	0	286	308	458	806	396	0	3842	0	4908	1128	412	742	1146	0	
256888	Vermis_4_5	0	0	0	0	0	0	0	0	0	0	0	0	0	0	0	0	0	0	0	0	0	0	0	0	0	0	0	0	0	0	0	0	0	0	228	1344	236	766	0	0	0	0	0	270	0	0	3480	4018	0	0	0	0	174	0	1408	3002	0	0	0	0	0	0	0	0	0	0	218	1160	0	0	0	0	0	0	0	0	0	0	0	0	0	0	0	0	0	0	0	0	0	0	6728	8526	1436	1132	1614	2460	15970	13282	10762	15986	132	0	654	1140	1796	3346	336	264	2212	4908	0	8720	1586	2572	4142	2436	
219688	Vermis_6	0	0	0	0	0	0	0	0	0	0	0	0	0	0	0	0	0	0	0	0	0	0	0	0	0	0	0	0	0	0	0	0	0	0	0	0	0	0	0	0	0	0	0	0	0	0	2332	2690	0	0	0	0	0	190	1004	3308	0	0	0	0	0	0	0	0	0	0	0	0	0	0	0	0	0	0	0	0	0	0	0	0	0	0	0	0	0	0	0	0	0	0	11408	8714	4310	1598	416	1180	6142	1284	13402	12582	264	96	812	1012	2046	4626	484	580	406	1128	8720	0	6864	4056	5506	2684	
