data	data	479600	198988	1.23581e+06	1.05461e+06	181052	128536	627996	337928	108448	33344	515268	314272	454808	357660	171396	128608	474640	97012	929640	1.13039e+06	103040	131188	637708	549944	44720	84180	68132	95256	935328	490428	460276	463132	170140	671724	100732	129216	250888	327668	161116	167096	56468	56604	249040	310540	184804	232384	289856	248852	169560	253784	493744	220888	92260	97604	435516	361220	407852	140408	190760	76924	350672	94904	159756	138196	289764	130356	321092	329980	303588	106996	389976	392172	376756	412420	59648	27236	122072	206848	92768	31264	403228	75868	317132	58268	397776	179408	23904	25348	329756	233880	470300	448052	378152	377564	29628	41924	253852	176612	457280	440096	315476	225848	341444	394476	158452	187944	36028	15016	13592	31872	146676	210436	220828	140976	93772	35900	
data	data	Precentral_L	Precentral_R	Frontal_Sup_L	Frontal_Sup_R	Frontal_Sup_Orb_L	Frontal_Sup_Orb_R	Frontal_Mid_L	Frontal_Mid_R	Frontal_Mid_Orb_L	Frontal_Mid_Orb_R	Frontal_Inf_Oper_L	Frontal_Inf_Oper_R	Frontal_Inf_Tri_L	Frontal_Inf_Tri_R	Frontal_Inf_Orb_L	Frontal_Inf_Orb_R	Rolandic_Oper_L	Rolandic_Oper_R	Supp_Motor_Area_L	Supp_Motor_Area_R	Olfactory_L	Olfactory_R	Frontal_Sup_Medial_L	Frontal_Sup_Medial_R	Frontal_Med_Orb_L	Frontal_Med_Orb_R	Rectus_L	Rectus_R	Insula_L	Insula_R	Cingulum_Ant_L	Cingulum_Ant_R	Cingulum_Mid_L	Cingulum_Mid_R	Cingulum_Post_L	Cingulum_Post_R	Hippocampus_L	Hippocampus_R	ParaHippocampal_L	ParaHippocampal_R	Amygdala_L	Amygdala_R	Calcarine_L	Calcarine_R	Cuneus_L	Cuneus_R	Lingual_L	Lingual_R	Occipital_Sup_L	Occipital_Sup_R	Occipital_Mid_L	Occipital_Mid_R	Occipital_Inf_L	Occipital_Inf_R	Fusiform_L	Fusiform_R	Postcentral_L	Postcentral_R	Parietal_Sup_L	Parietal_Sup_R	Parietal_Inf_L	Parietal_Inf_R	SupraMarginal_L	SupraMarginal_R	Angular_L	Angular_R	Precuneus_L	Precuneus_R	Paracentral_Lobule_L	Paracentral_Lobule_R	Caudate_L	Caudate_R	Putamen_L	Putamen_R	Pallidum_L	Pallidum_R	Thalamus_L	Thalamus_R	Heschl_L	Heschl_R	Temporal_Sup_L	Temporal_Sup_R	Temporal_Pole_Sup_L	Temporal_Pole_Sup_R	Temporal_Mid_L	Temporal_Mid_R	Temporal_Pole_Mid_L	Temporal_Pole_Mid_R	Temporal_Inf_L	Temporal_Inf_R	Cerebelum_Crus1_L	Cerebelum_Crus1_R	Cerebelum_Crus2_L	Cerebelum_Crus2_R	Cerebelum_3_L	Cerebelum_3_R	Cerebelum_4_5_L	Cerebelum_4_5_R	Cerebelum_6_L	Cerebelum_6_R	Cerebelum_7b_L	Cerebelum_7b_R	Cerebelum_8_L	Cerebelum_8_R	Cerebelum_9_L	Cerebelum_9_R	Cerebelum_10_L	Cerebelum_10_R	Vermis_1_2	Vermis_3	Vermis_4_5	Vermis_6	Vermis_7	Vermis_8	Vermis_9	Vermis_10	
479600	Precentral_L	0	0	21722	876	0	0	21534	0	0	0	19862	300	6948	208	0	0	15132	0	13430	4832	0	0	718	194	0	0	0	0	18280	274	1224	114	910	1492	2320	0	2282	936	842	490	0	0	582	0	296	0	246	0	0	0	2430	0	184	0	1538	458	33204	0	796	0	7282	0	414	0	2618	0	788	0	20760	726	562	124	1400	0	376	0	5592	340	6964	0	5314	0	3432	0	4760	0	0	0	3694	0	0	0	0	0	0	0	0	0	0	0	0	0	0	0	0	0	0	0	0	0	0	0	0	0	0	0	
198988	Precentral_R	0	0	346	17520	0	0	0	10924	0	0	0	7868	0	122	0	0	0	2360	830	6864	0	0	316	1000	0	0	0	0	234	3852	0	0	0	2318	0	960	108	5854	0	710	0	0	0	528	0	98	0	0	0	270	0	352	0	0	0	634	0	17746	0	0	0	1186	0	2520	0	478	0	1116	148	3966	622	402	428	1134	700	0	106	1760	0	346	0	1146	0	0	0	882	0	0	0	740	0	0	0	0	0	0	0	0	0	0	0	0	0	0	0	0	0	0	0	0	0	0	0	0	0	0	
1.23581e+06	Frontal_Sup_L	21722	346	0	22212	9712	0	78830	3282	3944	0	22466	3754	23430	3856	5268	626	24216	286	79920	27664	180	0	53126	19818	424	102	1096	0	47562	5050	22156	11748	3424	16426	0	0	4430	1328	1308	98	0	0	0	0	0	0	184	0	0	0	150	0	0	0	932	108	6572	128	170	0	244	0	0	0	240	0	0	0	6972	0	14760	2342	23898	3768	5324	0	6048	1658	3094	0	9868	0	10630	0	274	0	0	0	732	0	0	0	0	0	0	0	0	0	0	0	0	0	0	0	0	0	0	0	0	0	0	0	0	0	0	0	
1.05461e+06	Frontal_Sup_R	876	17520	22212	0	1104	4402	5510	33652	132	0	6108	18868	3992	14924	520	2342	2006	6580	28700	97996	208	918	20964	45166	150	2228	0	1452	10208	21846	8896	21440	1536	22074	172	0	622	9254	302	704	0	304	0	132	0	0	158	0	0	0	0	0	0	0	248	678	180	2390	0	0	0	256	0	470	0	0	0	132	2310	222	6156	24546	1886	19692	494	2440	868	21036	228	976	1110	1642	1678	190	0	548	0	0	256	494	0	0	0	0	0	0	0	0	0	0	0	0	0	0	0	0	0	0	0	0	0	0	0	0	0	0	
181052	Frontal_Sup_Orb_L	0	0	9712	1104	0	230	1414	380	12944	0	122	0	1120	0	9320	0	0	0	176	636	2220	452	7206	600	4654	1030	7432	312	7112	560	9348	1122	0	192	0	0	0	492	0	0	0	0	0	0	0	0	0	0	0	0	0	0	0	0	0	0	0	0	0	0	0	0	0	0	0	0	0	0	0	0	4480	198	3948	934	0	0	0	344	0	0	0	0	732	0	0	0	0	0	0	0	0	0	0	0	0	0	0	0	0	0	0	0	0	0	0	0	0	0	0	0	0	0	0	0	0	0	
128536	Frontal_Sup_Orb_R	0	0	0	4402	230	0	0	4290	176	7428	0	0	0	504	0	7822	0	0	0	0	156	3758	252	2786	890	7142	0	9596	0	3358	1484	1662	0	0	0	0	0	0	0	0	0	194	0	0	0	0	0	0	0	0	0	0	0	0	0	0	0	0	0	0	0	0	0	0	0	0	0	0	0	0	140	2874	134	4782	0	0	0	0	0	0	0	0	0	208	0	0	0	0	0	0	0	0	0	0	0	0	0	0	0	0	0	0	0	0	0	0	0	0	0	0	0	0	0	0	0	0	
627996	Frontal_Mid_L	21534	0	78830	5510	1414	0	0	852	5808	0	18464	784	40016	848	4908	280	13346	0	10732	4474	0	0	20972	6146	0	0	0	0	26276	984	8034	3284	1820	3956	0	0	848	112	350	0	0	0	0	0	0	0	0	0	0	0	412	0	0	0	118	0	3218	0	394	0	598	0	0	0	572	0	0	0	1636	0	1908	494	5906	236	1668	0	1646	0	1588	0	6538	0	6484	0	0	0	0	0	0	0	0	0	0	0	0	0	0	0	0	0	0	0	0	0	0	0	0	0	0	0	0	0	0	0	0	0	
337928	Frontal_Mid_R	0	10924	3282	33652	380	4290	852	0	0	1674	252	12512	108	21842	0	9312	138	1620	4708	7774	0	0	4570	11300	0	0	0	0	1040	13800	1202	2862	230	3944	0	0	0	1554	0	240	0	0	0	0	0	0	0	0	0	0	0	0	0	0	0	228	0	1124	0	0	0	374	0	722	0	0	0	0	0	0	1516	2220	350	6842	508	0	0	724	0	0	0	0	126	168	0	0	0	0	0	0	0	0	0	0	0	0	0	0	0	0	0	0	0	0	0	0	0	0	0	0	0	0	0	0	0	0	
108448	Frontal_Mid_Orb_L	0	0	3944	132	12944	176	5808	0	0	0	0	0	4306	0	13262	0	0	0	0	0	460	260	936	178	1124	380	1984	190	2300	98	2488	396	0	0	0	0	0	0	0	0	0	0	0	0	0	0	0	0	0	0	0	0	0	0	0	0	0	0	0	0	0	0	0	0	0	0	0	0	0	0	798	98	916	108	0	0	0	0	0	0	0	0	938	0	0	0	0	0	0	0	0	0	0	0	0	0	0	0	0	0	0	0	0	0	0	0	0	0	0	0	0	0	0	0	0	0	
33344	Frontal_Mid_Orb_R	0	0	0	0	0	7428	0	1674	0	0	0	0	0	256	0	3906	0	0	0	0	0	0	0	0	0	870	0	2436	0	0	0	0	0	0	0	0	0	0	0	0	0	0	0	0	0	0	0	0	0	0	0	0	0	0	0	0	0	0	0	0	0	0	0	0	0	0	0	0	0	0	0	102	0	0	0	0	0	0	0	0	0	0	0	0	0	0	0	0	0	0	0	0	0	0	0	0	0	0	0	0	0	0	0	0	0	0	0	0	0	0	0	0	0	0	0	0	
515268	Frontal_Inf_Oper_L	19862	0	22466	6108	122	0	18464	252	0	0	0	2350	30218	1932	1236	0	26510	162	14974	9158	0	0	5532	1426	0	0	0	0	35430	2408	6846	1372	1108	2336	0	0	198	0	0	0	0	0	0	0	0	0	0	0	0	0	470	0	0	0	174	0	7480	0	358	0	510	0	0	0	504	0	0	0	0	0	866	0	1104	100	0	0	206	0	856	0	15030	0	19336	0	170	0	0	0	0	0	0	0	0	0	0	0	0	0	0	0	0	0	0	0	0	0	0	0	0	0	0	0	0	0	0	0	
314272	Frontal_Inf_Oper_R	300	7868	3754	18868	0	0	784	12512	0	0	2350	0	1184	22042	0	298	1020	5600	6722	17710	0	0	1632	4244	0	0	0	0	1868	24972	738	2106	0	3636	0	0	0	1120	0	346	0	0	0	0	0	0	0	0	0	0	0	0	0	0	0	264	0	2954	0	0	0	186	0	306	0	0	0	0	0	0	352	2818	170	5486	0	0	0	372	0	336	454	516	758	490	0	0	0	0	0	0	0	0	0	0	0	0	0	0	0	0	0	0	0	0	0	0	0	0	0	0	0	0	0	0	0	0	
454808	Frontal_Inf_Tri_L	6948	0	23430	3992	1120	0	40016	108	4306	0	30218	1184	0	988	12478	0	8524	156	6158	5984	0	0	8544	1320	0	0	0	0	39880	1404	7472	1566	1772	1912	0	0	338	100	0	0	0	0	0	0	0	0	0	0	0	0	0	0	0	0	242	0	2334	0	0	0	0	0	0	0	0	0	0	0	0	0	1738	280	2618	312	0	0	0	112	0	0	4004	0	5728	0	0	0	0	0	118	0	0	0	0	0	0	0	0	0	0	0	0	0	0	0	0	0	0	0	0	0	0	0	0	0	0	0	
357660	Frontal_Inf_Tri_R	208	122	3856	14924	0	504	848	21842	0	256	1932	22042	988	0	0	11658	890	554	8810	15752	0	0	4596	6362	0	0	0	0	1876	28696	1952	5400	224	7886	0	0	0	788	0	240	0	0	0	0	0	0	0	0	0	0	0	0	0	0	0	112	0	148	0	0	0	0	0	104	0	0	0	0	0	0	1046	6962	330	5802	0	0	0	136	0	0	362	0	622	0	0	0	0	0	0	0	0	0	0	0	0	0	0	0	0	0	0	0	0	0	0	0	0	0	0	0	0	0	0	0	0	0	
171396	Frontal_Inf_Orb_L	0	0	5268	520	9320	0	4908	0	13262	0	1236	0	12478	0	0	0	172	0	350	488	2942	420	1410	170	336	0	2910	282	15814	328	2150	726	0	140	0	0	118	272	238	0	204	0	0	0	0	0	0	0	0	0	0	0	0	0	144	0	0	0	0	0	0	0	0	0	0	0	0	0	0	0	2410	304	2462	310	0	0	0	0	0	0	0	0	3606	0	0	0	0	0	0	0	0	0	0	0	0	0	0	0	0	0	0	0	0	0	0	0	0	0	0	0	0	0	0	0	0	0	
128608	Frontal_Inf_Orb_R	0	0	626	2342	0	7822	280	9312	0	3906	0	298	0	11658	0	0	0	0	632	2552	0	1618	0	168	0	0	0	1436	500	5398	288	820	0	668	0	0	0	0	0	0	0	154	0	0	0	0	0	0	0	0	0	0	0	0	0	0	0	0	0	0	0	0	0	0	0	0	0	0	0	0	948	5868	236	2512	0	0	0	0	0	0	0	1210	0	2064	0	594	0	394	0	0	0	0	0	0	0	0	0	0	0	0	0	0	0	0	0	0	0	0	0	0	0	0	0	0	0	0	
474640	Rolandic_Oper_L	15132	0	24216	2006	0	0	13346	138	0	0	26510	1020	8524	890	172	0	0	0	18424	3626	0	0	2322	622	0	0	0	0	32938	1014	3246	578	420	1192	0	0	670	0	254	0	0	0	192	0	0	0	0	0	0	0	2758	0	0	0	1430	0	13202	0	390	0	2104	0	1756	0	1736	0	410	0	290	0	536	158	2978	0	464	0	1184	0	5038	0	21088	0	20102	0	3216	0	0	0	1028	0	0	0	0	0	0	0	0	0	0	0	0	0	0	0	0	0	0	0	0	0	0	0	0	0	0	0	
97012	Rolandic_Oper_R	0	2360	286	6580	0	0	0	1620	0	0	162	5600	156	554	0	0	0	0	512	6440	0	0	106	190	0	0	0	0	584	8640	0	0	0	270	0	0	128	790	114	0	0	0	0	0	0	0	0	0	0	0	0	0	0	0	122	194	0	2334	0	0	0	0	0	1798	0	0	0	0	0	0	522	212	410	1050	0	0	0	100	0	1696	0	2834	0	764	0	256	0	0	122	1000	0	0	0	0	0	0	0	0	0	0	0	0	0	0	0	0	0	0	0	0	0	0	0	0	0	0	
929640	Supp_Motor_Area_L	13430	830	79920	28700	176	0	10732	4708	0	0	14974	6722	6158	8810	350	632	18424	512	0	60552	0	0	17338	17260	0	0	0	0	23962	9112	5468	7276	9850	35050	192	106	3846	1070	1162	322	0	0	0	0	0	0	186	0	0	0	146	0	0	0	896	210	2796	0	170	0	240	0	0	0	236	0	0	0	12896	144	8550	2816	14174	3338	3248	98	8892	1010	1764	0	6754	0	7690	0	242	0	0	0	680	0	0	0	0	0	0	0	0	0	0	0	0	0	0	0	0	0	0	0	0	0	0	0	0	0	0	0	
1.13039e+06	Supp_Motor_Area_R	4832	6864	27664	97996	636	0	4474	7774	0	0	9158	17710	5984	15752	488	2552	3626	6440	60552	0	0	0	15342	17416	0	0	0	0	12484	20198	4992	11324	5938	58990	714	2460	890	6832	378	1088	0	290	0	1580	0	246	172	174	0	568	0	674	0	0	246	890	496	1908	0	0	0	548	0	654	0	434	114	2650	18964	13006	7128	29280	2068	13970	842	2206	1578	24048	354	904	2048	862	2792	158	0	808	0	0	262	726	0	0	0	0	0	0	0	0	0	0	0	0	0	0	0	0	0	0	0	0	0	0	0	0	0	0	
103040	Olfactory_L	0	0	180	208	2220	156	0	0	460	0	0	0	0	0	2942	0	0	0	0	0	0	5724	0	120	562	470	3140	1596	4992	116	2418	2074	0	0	0	0	678	0	1108	0	1690	0	0	0	0	0	0	0	0	0	0	0	0	0	348	0	0	0	0	0	0	0	0	0	0	0	0	0	0	0	8270	4006	5350	1038	0	166	0	0	0	0	0	0	1488	0	0	0	0	0	0	0	0	0	0	0	0	0	0	0	0	0	0	0	0	0	0	0	0	0	0	0	0	0	0	0	0	0	
131188	Olfactory_R	0	0	0	918	452	3758	0	0	260	0	0	0	0	0	420	1618	0	0	0	0	5724	0	0	426	0	1462	1196	6176	100	3528	2468	4108	0	0	0	0	0	290	0	374	0	864	0	0	0	0	0	0	0	0	0	0	0	0	0	268	0	0	0	0	0	0	0	0	0	0	0	0	0	0	8814	10752	6264	3880	584	504	0	0	0	0	0	0	0	386	0	0	0	0	0	0	0	0	0	0	0	0	0	0	0	0	0	0	0	0	0	0	0	0	0	0	0	0	0	0	0	0	
637708	Frontal_Sup_Medial_L	718	316	53126	20964	7206	252	20972	4570	936	0	5532	1632	8544	4596	1410	0	2322	106	17338	15342	0	0	0	41986	1722	1012	0	0	10366	4736	29996	21000	5864	23466	0	0	0	1022	0	242	0	0	0	0	0	0	0	0	0	0	0	0	0	0	0	154	146	0	0	0	0	0	0	0	0	0	0	0	0	0	3022	316	2512	2628	0	0	0	388	0	0	890	0	1504	0	0	0	0	0	0	0	0	0	0	0	0	0	0	0	0	0	0	0	0	0	0	0	0	0	0	0	0	0	0	0	0	0	
549944	Frontal_Sup_Medial_R	194	1000	19818	45166	600	2786	6146	11300	178	0	1426	4244	1320	6362	170	168	622	190	17260	17416	120	426	41986	0	346	5340	0	842	1480	5752	14402	28076	868	23256	0	0	0	878	0	314	0	0	0	0	0	0	0	0	0	0	0	0	0	0	0	196	0	0	0	0	0	0	0	0	0	0	0	0	0	0	502	5064	672	7160	0	0	0	0	0	0	340	0	586	0	0	0	0	0	0	0	0	0	0	0	0	0	0	0	0	0	0	0	0	0	0	0	0	0	0	0	0	0	0	0	0	0	
44720	Frontal_Med_Orb_L	0	0	424	150	4654	890	0	0	1124	0	0	0	0	0	336	0	0	0	0	0	562	0	1722	346	0	2126	2134	150	0	0	5256	318	0	0	0	0	0	0	0	0	0	0	0	0	0	0	0	0	0	0	0	0	0	0	0	0	0	0	0	0	0	0	0	0	0	0	0	0	0	0	1354	0	814	0	0	0	0	0	0	0	0	0	0	0	0	0	0	0	0	0	0	0	0	0	0	0	0	0	0	0	0	0	0	0	0	0	0	0	0	0	0	0	0	0	0	0	
84180	Frontal_Med_Orb_R	0	0	102	2228	1030	7142	0	0	380	870	0	0	0	0	0	0	0	0	0	0	470	1462	1012	5340	2126	0	280	6564	0	0	2948	4932	0	0	0	0	0	0	0	0	0	0	0	0	0	0	0	0	0	0	0	0	0	0	0	0	0	0	0	0	0	0	0	0	0	0	0	0	0	0	460	2588	324	1832	0	0	0	0	0	0	0	0	0	0	0	0	0	0	0	0	0	0	0	0	0	0	0	0	0	0	0	0	0	0	0	0	0	0	0	0	0	0	0	0	0	0	
68132	Rectus_L	0	0	1096	0	7432	0	0	0	1984	0	0	0	0	0	2910	0	0	0	0	0	3140	1196	0	0	2134	280	0	780	1902	0	2978	1086	0	0	0	0	0	0	0	0	102	0	0	0	0	0	0	0	0	0	0	0	0	0	0	0	0	0	0	0	0	0	0	0	0	0	0	0	0	0	3600	414	2558	174	0	0	0	0	0	0	0	0	300	0	0	0	0	0	0	0	0	0	0	0	0	0	0	0	0	0	0	0	0	0	0	0	0	0	0	0	0	0	0	0	0	0	
95256	Rectus_R	0	0	0	1452	312	9596	0	0	190	2436	0	0	0	0	282	1436	0	0	0	0	1596	6176	0	842	150	6564	780	0	0	1994	1080	4882	0	0	0	0	0	0	0	0	0	0	0	0	0	0	0	0	0	0	0	0	0	0	0	0	0	0	0	0	0	0	0	0	0	0	0	0	0	0	1538	3616	1008	1592	0	0	0	0	0	0	0	0	0	106	0	0	0	0	0	0	0	0	0	0	0	0	0	0	0	0	0	0	0	0	0	0	0	0	0	0	0	0	0	0	0	0	
935328	Insula_L	18280	234	47562	10208	7112	0	26276	1040	2300	0	35430	1868	39880	1876	15814	500	32938	584	23962	12484	4992	100	10366	1480	0	0	1902	0	0	3718	11606	2086	1114	2468	650	0	11370	1888	4360	0	5328	0	156	0	0	0	1388	0	0	0	728	0	0	0	7822	114	9892	196	242	0	664	0	612	0	572	0	192	0	396	0	14032	2090	20674	4528	486	142	1870	2106	10812	0	18136	0	19278	0	3366	0	0	0	5394	0	0	0	0	0	0	0	0	0	0	0	0	0	0	0	0	0	0	0	0	0	0	0	0	0	0	0	
490428	Insula_R	274	3852	5050	21846	560	3358	984	13800	98	0	2408	24972	1404	28696	328	5398	1014	8640	9112	20198	116	3528	4736	5752	0	0	0	1994	3718	0	1814	2960	294	7340	0	0	192	9084	118	2750	0	2334	0	0	0	0	0	0	0	0	0	0	0	0	102	2510	0	2048	0	0	0	0	0	384	0	0	0	0	0	0	2346	4780	580	22774	0	0	0	1066	0	1052	440	3772	774	1516	0	790	0	0	98	1460	0	0	0	0	0	0	0	0	0	0	0	0	0	0	0	0	0	0	0	0	0	0	0	0	0	0	
460276	Cingulum_Ant_L	1224	0	22156	8896	9348	1484	8034	1202	2488	0	6846	738	7472	1952	2150	288	3246	0	5468	4992	2418	2468	29996	14402	5256	2948	2978	1080	11606	1814	0	26372	4578	9410	0	0	288	288	0	0	0	0	0	0	0	0	0	0	0	0	0	0	0	0	260	0	194	0	0	0	0	0	0	0	0	0	0	0	0	0	10216	2216	8172	1772	0	0	0	222	0	0	1308	0	1714	0	0	0	0	0	178	0	0	0	0	0	0	0	0	0	0	0	0	0	0	0	0	0	0	0	0	0	0	0	0	0	0	0	
463132	Cingulum_Ant_R	114	0	11748	21440	1122	1662	3284	2862	396	0	1372	2106	1566	5400	726	820	578	0	7276	11324	2074	4108	21000	28076	318	4932	1086	4882	2086	2960	26372	0	3710	25166	510	318	0	0	0	0	0	0	0	0	0	0	0	0	0	0	0	0	0	0	0	0	0	0	0	0	0	0	0	0	0	0	0	0	0	0	5132	10918	2842	10512	0	0	0	0	0	0	272	0	496	0	0	0	0	0	0	0	0	0	0	0	0	0	0	0	0	0	0	0	0	0	0	0	0	0	0	0	0	0	0	0	0	0	
170140	Cingulum_Mid_L	910	0	3424	1536	0	0	1820	230	0	0	1108	0	1772	224	0	0	420	0	9850	5938	0	0	5864	868	0	0	0	0	1114	294	4578	3710	0	14262	4514	512	0	0	0	0	0	0	1162	0	820	302	0	0	1496	346	2470	0	0	0	0	0	904	0	342	0	142	0	0	0	938	0	3706	658	7156	194	0	0	0	172	0	0	0	0	0	0	116	0	238	0	814	0	0	0	146	0	0	0	0	0	0	0	0	0	0	0	0	0	0	0	0	0	0	0	0	0	0	0	0	0	0	0	
671724	Cingulum_Mid_R	1492	2318	16426	22074	192	0	3956	3944	0	0	2336	3636	1912	7886	140	668	1192	270	35050	58990	0	0	23466	23256	0	0	0	0	2468	7340	9410	25166	14262	0	1666	4398	0	694	0	136	0	0	0	3496	0	4254	0	476	0	4684	0	2468	0	0	0	148	98	1760	0	182	0	722	0	882	0	740	282	10394	12180	9122	926	2190	408	2150	112	0	0	108	0	0	484	0	948	0	0	1004	0	0	0	900	0	0	0	0	0	0	0	0	0	0	0	0	0	0	0	0	0	0	0	0	0	0	0	0	0	0	
100732	Cingulum_Post_L	2320	0	0	172	0	0	0	0	0	0	0	0	0	0	0	0	0	0	192	714	0	0	0	0	0	0	0	0	650	0	0	510	4514	1666	0	6956	3264	3412	1856	2328	0	0	1926	230	484	0	612	286	108	0	178	0	108	0	1000	778	1284	0	0	0	0	0	0	0	0	0	4188	826	3374	160	0	0	0	0	0	0	0	700	774	0	150	0	0	0	2270	0	0	0	2174	202	0	0	0	0	0	0	0	0	0	0	0	0	0	0	0	0	0	0	0	0	0	0	0	0	0	0	
129216	Cingulum_Post_R	0	960	0	0	0	0	0	0	0	0	0	0	0	0	0	0	0	0	106	2460	0	0	0	0	0	0	0	0	0	0	0	318	512	4398	6956	0	2176	6988	1420	2554	0	0	146	3618	0	492	0	1410	0	740	0	722	0	104	486	1626	0	1264	0	404	0	1368	0	1146	0	816	1412	12008	308	2134	0	0	0	0	0	0	0	360	0	124	0	0	0	0	350	1186	0	0	1052	2282	0	0	0	0	0	0	0	0	0	0	0	0	0	0	0	0	0	0	0	0	202	0	0	0	0	0	
250888	Hippocampus_L	2282	108	4430	622	0	0	848	0	0	0	198	0	338	0	118	0	670	128	3846	890	678	0	0	0	0	0	0	0	11370	192	288	0	0	0	3264	2176	0	3534	18746	2048	8556	0	696	0	0	0	3932	116	0	0	0	0	0	0	16158	230	176	0	0	0	0	0	0	0	0	0	1480	0	1540	0	2146	170	6866	1210	314	0	4730	3066	384	0	3644	0	1966	0	1234	0	0	0	9566	0	0	0	0	0	0	0	190	0	184	0	0	0	0	0	0	0	0	0	0	116	0	0	0	0	0	0	
327668	Hippocampus_R	936	5854	1328	9254	492	0	112	1554	0	0	0	1120	100	788	272	0	0	790	1070	6832	0	290	1022	878	0	0	0	0	1888	9084	288	0	0	694	3412	6988	3534	0	1950	24666	0	8758	102	934	0	0	262	1688	0	0	0	108	0	100	326	21252	182	458	0	0	0	0	0	0	0	0	442	3728	970	346	2182	396	588	16128	0	780	124	5636	0	310	0	706	0	346	268	132	0	0	1102	7354	0	590	0	0	0	0	0	1538	0	590	0	0	0	0	0	0	0	0	0	0	212	0	0	0	0	0	
161116	ParaHippocampal_L	842	0	1308	302	0	0	350	0	0	0	0	0	0	0	238	0	254	114	1162	378	1108	0	0	0	0	0	0	0	4360	118	0	0	0	0	1856	1420	18746	1950	0	1166	3208	0	490	0	0	0	5174	210	0	0	990	0	372	0	10272	140	0	0	0	0	0	0	0	0	162	0	1008	0	632	0	1446	0	3260	1006	0	0	2022	1550	0	0	1874	0	1522	0	888	0	738	0	6656	0	0	0	0	0	230	0	400	0	298	0	0	0	0	0	0	0	0	0	0	338	0	0	0	0	0	0	
167096	ParaHippocampal_R	490	710	98	704	0	0	0	240	0	0	0	346	0	240	0	0	0	0	322	1088	0	374	242	314	0	0	0	0	0	2750	0	0	0	136	2328	2554	2048	24666	1166	0	0	6682	0	308	0	0	0	1334	0	0	0	290	0	266	0	16516	174	160	0	0	0	0	0	0	0	0	308	968	520	0	0	112	0	4546	0	550	0	1958	0	0	0	292	0	1646	142	152	0	576	488	1750	0	290	0	0	0	588	0	1656	0	460	0	0	0	0	0	0	0	0	0	0	0	0	0	0	0	0	
56468	Amygdala_L	0	0	0	0	0	0	0	0	0	0	0	0	0	0	204	0	0	0	0	0	1690	0	0	0	0	0	102	0	5328	0	0	0	0	0	0	0	8556	0	3208	0	0	0	0	0	0	0	0	0	0	0	0	0	0	0	4966	0	0	0	0	0	0	0	0	0	0	0	0	0	0	0	356	0	342	0	0	0	0	0	0	0	0	0	3056	0	0	0	0	0	426	0	0	0	0	0	0	0	0	0	0	0	0	0	0	0	0	0	0	0	0	0	0	0	0	0	0	0	
56604	Amygdala_R	0	0	0	304	0	194	0	0	0	0	0	0	0	0	0	154	0	0	0	290	0	864	0	0	0	0	0	0	0	2334	0	0	0	0	0	0	0	8758	0	6682	0	0	0	0	0	0	0	0	0	0	0	0	0	0	0	4490	0	0	0	0	0	0	0	0	0	0	0	0	0	0	0	290	0	2152	0	0	0	276	0	0	0	0	0	1194	0	0	0	0	0	0	0	0	0	0	0	0	0	320	0	0	0	0	0	0	0	0	0	0	0	0	0	0	0	0	0	0	
249040	Calcarine_L	582	0	0	0	0	0	0	0	0	0	0	0	0	0	0	0	192	0	0	0	0	0	0	0	0	0	0	0	156	0	0	0	1162	0	1926	146	696	102	490	0	0	0	0	2442	13678	1820	9758	1082	10592	298	27382	100	2184	0	2366	132	990	0	506	0	816	0	390	0	2100	0	20258	574	1254	0	0	0	0	0	0	0	0	0	204	0	382	0	0	0	12778	0	0	0	6982	0	0	0	0	0	0	0	0	0	0	0	0	0	0	0	0	0	0	0	0	0	0	0	0	0	0	0	
310540	Calcarine_R	0	528	0	132	0	0	0	0	0	0	0	0	0	0	0	0	0	0	0	1580	0	0	0	0	0	0	0	0	0	0	0	0	0	3496	230	3618	0	934	0	308	0	0	2442	0	6802	21404	648	22620	286	18474	0	15196	0	6856	0	7090	0	628	0	458	0	350	0	448	0	842	700	26464	252	2172	0	0	0	0	0	0	0	0	0	0	0	0	0	0	0	3608	0	0	0	6470	0	0	0	0	0	0	0	0	0	0	0	0	0	0	0	0	0	0	0	0	234	0	0	0	0	0	
184804	Cuneus_L	296	0	0	0	0	0	0	0	0	0	0	0	0	0	0	0	0	0	0	0	0	0	0	0	0	0	0	0	0	0	0	0	820	0	484	0	0	0	0	0	0	0	13678	6802	0	9896	648	842	16492	3992	12342	400	130	0	246	0	382	0	2742	0	276	0	0	0	880	0	13196	1046	1188	0	0	0	0	0	0	0	0	0	0	0	126	0	0	0	3984	0	0	0	1514	0	0	0	0	0	0	0	0	0	0	0	0	0	0	0	0	0	0	0	0	0	0	0	0	0	0	0	
232384	Cuneus_R	0	98	0	0	0	0	0	0	0	0	0	0	0	0	0	0	0	0	0	246	0	0	0	0	0	0	0	0	0	0	0	0	302	4254	0	492	0	0	0	0	0	0	1820	21404	9896	0	172	4288	466	30640	0	11022	0	726	0	946	0	0	0	2760	0	0	0	384	0	1638	1972	18204	0	580	0	0	0	0	0	0	0	0	0	0	0	0	0	0	0	1990	0	0	0	1772	0	0	0	0	0	0	0	0	0	0	0	0	0	0	0	0	0	0	0	0	120	0	0	0	0	0	
289856	Lingual_L	246	0	184	158	0	0	0	0	0	0	0	0	0	0	0	0	0	0	186	172	0	0	0	0	0	0	0	0	1388	0	0	0	0	0	612	0	3932	262	5174	0	0	0	9758	648	648	172	0	4576	2552	0	14794	0	6850	164	17032	1718	0	0	0	0	0	0	0	0	186	0	2522	0	228	0	1206	0	1240	814	0	0	630	616	0	0	680	0	0	0	1386	0	0	0	3136	0	9502	684	1194	0	388	0	13798	864	19042	4712	150	0	250	0	198	466	0	0	0	176	2952	5686	352	0	216	428	
248852	Lingual_R	0	0	0	0	0	0	0	0	0	0	0	0	0	0	0	0	0	0	0	174	0	0	0	0	0	0	0	0	0	0	0	0	0	476	286	1410	116	1688	210	1334	0	0	1082	22620	842	4288	4576	0	0	4100	0	4220	562	4554	1314	16768	0	0	0	0	0	0	0	0	0	0	0	10918	0	282	0	0	0	0	0	0	0	158	0	0	0	0	0	0	0	510	0	0	0	2114	2580	3268	802	114	0	356	982	3574	6026	10256	0	0	0	0	0	0	0	0	0	206	3790	6746	1124	0	0	0	
169560	Occipital_Sup_L	0	0	0	0	0	0	0	0	0	0	0	0	0	0	0	0	0	0	0	0	0	0	0	0	0	0	0	0	0	0	0	0	1496	0	108	0	0	0	0	0	0	0	10592	286	16492	466	2552	0	0	0	27470	0	554	0	404	0	280	0	7552	0	1312	0	0	0	284	0	10584	0	202	0	0	0	0	0	0	0	0	0	0	0	0	0	0	0	2456	0	0	0	1690	0	0	0	0	0	0	0	0	0	0	0	0	0	0	0	0	0	0	0	0	0	0	0	0	0	0	0	
253784	Occipital_Sup_R	0	270	0	0	0	0	0	0	0	0	0	0	0	0	0	0	0	0	0	568	0	0	0	0	0	0	0	0	0	0	0	0	346	4684	0	740	0	0	0	0	0	0	298	18474	3992	30640	0	4100	0	0	0	21526	0	1742	0	2102	0	144	0	5988	0	170	0	618	0	6310	426	16614	0	1152	0	0	0	0	0	0	0	0	0	0	0	0	0	0	0	3100	0	0	0	2888	0	0	0	0	0	0	0	0	0	0	0	0	0	0	0	0	0	0	0	0	0	0	0	0	0	0	
493744	Occipital_Mid_L	2430	0	150	0	0	0	412	0	0	0	470	0	0	0	0	0	2758	0	146	0	0	0	0	0	0	0	0	0	728	0	0	0	2470	0	178	0	0	0	990	0	0	0	27382	0	12342	0	14794	0	27470	0	0	0	12442	0	10186	0	10742	0	11504	0	21684	0	4368	0	27234	0	17186	0	5144	0	0	0	0	0	0	0	0	0	364	0	2192	0	0	0	25336	0	0	0	5024	0	100	0	0	0	0	0	276	0	370	0	0	0	0	0	0	0	0	0	0	0	0	0	0	0	0	0	
220888	Occipital_Mid_R	0	352	0	0	0	0	0	0	0	0	0	0	0	0	0	0	0	0	0	674	0	0	0	0	0	0	0	0	0	0	0	0	0	2468	0	722	0	108	0	290	0	0	100	15196	400	11022	0	4220	0	21526	0	0	0	9256	0	5316	0	0	0	2798	0	400	0	1610	0	7376	168	9414	0	932	0	0	0	0	0	0	0	0	0	0	0	0	0	0	0	9994	0	0	0	5970	0	0	0	0	0	0	0	0	0	132	0	0	0	0	0	0	0	0	0	0	0	0	0	0	0	0	
92260	Occipital_Inf_L	184	0	0	0	0	0	0	0	0	0	0	0	0	0	0	0	0	0	0	0	0	0	0	0	0	0	0	0	0	0	0	0	0	0	108	0	0	0	372	0	0	0	2184	0	130	0	6850	562	554	0	12442	0	0	0	11524	350	0	0	0	0	0	0	0	0	116	0	1044	0	0	0	0	0	0	0	0	0	0	0	0	0	294	0	0	0	1486	0	0	0	2048	0	468	0	276	0	0	0	1076	0	2172	726	0	0	0	0	0	0	0	0	0	0	386	778	0	0	0	0	
97604	Occipital_Inf_R	0	0	0	0	0	0	0	0	0	0	0	0	0	0	0	0	0	0	0	0	0	0	0	0	0	0	0	0	0	0	0	0	0	0	0	104	0	100	0	266	0	0	0	6856	0	726	164	4554	0	1742	0	9256	0	0	0	8384	0	0	0	156	0	0	0	0	0	132	0	1878	0	0	0	0	0	0	0	0	0	0	0	0	0	0	0	0	0	2684	0	0	0	8142	124	482	0	0	0	0	0	404	242	1366	0	0	0	0	0	0	0	0	0	0	426	420	194	0	0	0	
435516	Fusiform_L	1538	0	932	248	0	0	118	0	0	0	174	0	242	0	144	0	1430	122	896	246	348	0	0	0	0	0	0	0	7822	102	260	0	0	0	1000	486	16158	326	10272	0	4966	0	2366	0	246	0	17032	1314	404	0	10186	0	11524	0	0	616	1014	0	0	0	906	0	868	0	494	0	1776	0	448	0	1698	110	3410	1094	0	0	444	672	0	0	6472	0	2640	0	4122	0	1710	0	19262	0	23678	406	1874	0	728	0	14508	176	30108	1904	898	0	1154	0	192	0	108	0	0	0	892	2350	124	0	0	0	
361220	Fusiform_R	458	634	108	678	0	0	0	228	0	0	0	264	0	112	0	0	0	194	210	890	0	268	154	196	0	0	0	0	114	2510	0	0	0	148	778	1626	230	21252	140	16516	0	4490	132	7090	0	946	1718	16768	0	2102	0	5316	350	8384	616	0	162	202	0	134	0	0	0	0	0	124	0	3880	482	0	170	0	0	3160	0	0	0	384	0	0	0	464	0	5212	142	2358	0	2884	214	13398	870	12018	366	560	0	324	882	8788	2348	17328	0	184	0	668	0	188	0	0	0	0	3042	3062	992	0	0	0	
407852	Postcentral_L	33204	0	6572	180	0	0	3218	0	0	0	7480	0	2334	0	0	0	13202	0	2796	496	0	0	146	0	0	0	0	0	9892	0	194	0	904	98	1284	0	176	182	0	174	0	0	990	0	382	0	0	0	280	0	10742	0	0	0	1014	162	0	0	11292	0	32652	0	12494	0	13878	0	9258	0	12764	0	332	0	296	0	0	0	482	0	3684	0	5190	0	714	0	3500	0	0	0	1288	0	0	0	0	0	0	0	0	0	0	0	0	0	0	0	0	0	0	0	0	0	0	0	0	0	0	0	
140408	Postcentral_R	0	17746	128	2390	0	0	0	1124	0	0	0	2954	0	148	0	0	0	2334	0	1908	0	0	0	0	0	0	0	0	196	2048	0	0	0	1760	0	1264	0	458	0	160	0	0	0	628	0	0	0	0	0	144	0	0	0	0	0	202	0	0	0	2916	0	5702	0	13054	0	606	0	3526	0	5258	252	108	98	462	0	0	0	112	0	248	0	442	0	0	0	1074	0	0	0	754	0	0	0	0	0	0	0	0	0	0	0	0	0	0	0	0	0	0	0	0	0	0	0	0	0	0	
190760	Parietal_Sup_L	796	0	170	0	0	0	394	0	0	0	358	0	0	0	0	0	390	0	170	0	0	0	0	0	0	0	0	0	242	0	0	0	342	0	0	0	0	0	0	0	0	0	506	0	2742	0	0	0	7552	0	11504	0	0	0	0	0	11292	0	0	0	18584	0	2892	0	10536	0	20076	400	4510	0	0	0	0	0	0	0	0	0	0	0	850	0	0	0	712	0	0	0	362	0	0	0	0	0	0	0	0	0	0	0	0	0	0	0	0	0	0	0	0	0	0	0	0	0	0	0	
76924	Parietal_Sup_R	0	0	0	0	0	0	0	0	0	0	0	0	0	0	0	0	0	0	0	0	0	0	0	0	0	0	0	0	0	0	0	0	0	182	0	404	0	0	0	0	0	0	0	458	0	2760	0	0	0	5988	0	2798	0	156	0	134	0	2916	0	0	0	2662	0	444	0	5648	1648	11038	0	568	0	0	0	0	0	0	0	0	0	0	0	0	0	0	0	334	0	0	0	324	0	0	0	0	0	0	0	0	0	0	0	0	0	0	0	0	0	0	0	0	0	0	0	0	0	0	
350672	Parietal_Inf_L	7282	0	244	0	0	0	598	0	0	0	510	0	0	0	0	0	2104	0	240	0	0	0	0	0	0	0	0	0	664	0	0	0	142	0	0	0	0	0	0	0	0	0	816	0	276	0	0	0	1312	0	21684	0	0	0	906	0	32652	0	18584	0	0	0	21896	0	38418	0	7766	0	5638	0	0	0	0	0	0	0	0	0	230	0	3362	0	0	0	7928	0	0	0	2084	0	0	0	0	0	0	0	0	0	0	0	0	0	0	0	0	0	0	0	0	0	0	0	0	0	0	0	
94904	Parietal_Inf_R	0	1186	0	256	0	0	0	374	0	0	0	186	0	0	0	0	0	0	0	548	0	0	0	0	0	0	0	0	0	0	0	0	0	722	0	1368	0	0	0	0	0	0	0	350	0	0	0	0	0	170	0	400	0	0	0	0	0	5702	0	2662	0	0	0	14838	0	10920	0	1392	0	682	0	0	0	0	0	0	0	0	0	710	0	190	0	0	0	2808	0	0	0	1988	0	0	0	0	0	0	0	0	0	0	0	0	0	0	0	0	0	0	0	0	0	0	0	0	0	0	
159756	SupraMarginal_L	414	0	0	0	0	0	0	0	0	0	0	0	0	0	0	0	1756	0	0	0	0	0	0	0	0	0	0	0	612	0	0	0	0	0	0	0	0	0	0	0	0	0	390	0	0	0	0	0	0	0	4368	0	0	0	868	0	12494	0	2892	0	21896	0	0	0	15890	0	1636	0	1678	0	0	0	0	0	0	0	0	0	156	0	6066	0	0	0	7298	0	0	0	1464	0	0	0	0	0	0	0	0	0	0	0	0	0	0	0	0	0	0	0	0	0	0	0	0	0	0	0	
138196	SupraMarginal_R	0	2520	0	470	0	0	0	722	0	0	0	306	0	104	0	0	0	1798	0	654	0	0	0	0	0	0	0	0	0	384	0	0	0	882	0	1146	0	0	0	0	0	0	0	448	0	384	0	0	0	618	0	1610	0	0	0	0	0	13054	0	444	0	14838	0	0	0	10490	0	1444	0	686	108	0	0	0	0	0	0	0	0	806	0	3580	0	0	0	7462	0	0	0	4140	0	0	0	0	0	0	0	0	0	0	0	0	0	0	0	0	0	0	0	0	0	0	0	0	0	0	
289764	Angular_L	2618	0	240	0	0	0	572	0	0	0	504	0	0	0	0	0	1736	0	236	0	0	0	0	0	0	0	0	0	572	0	0	0	938	0	0	0	0	0	162	0	0	0	2100	0	880	0	186	0	284	0	27234	0	116	0	494	0	13878	0	10536	0	38418	0	15890	0	0	0	3936	0	3238	0	0	0	0	0	0	0	0	0	156	0	3598	0	0	0	14082	0	0	0	2278	0	0	0	0	0	0	0	0	0	0	0	0	0	0	0	0	0	0	0	0	0	0	0	0	0	0	0	
130356	Angular_R	0	478	0	0	0	0	0	0	0	0	0	0	0	0	0	0	0	0	0	434	0	0	0	0	0	0	0	0	0	0	0	0	0	740	0	816	0	0	0	0	0	0	0	842	0	1638	0	0	0	6310	0	7376	0	132	0	124	0	606	0	5648	0	10920	0	10490	0	0	0	2438	0	490	0	0	0	0	0	0	0	0	0	602	0	2852	0	0	0	8368	0	0	0	3874	0	0	0	0	0	0	0	0	0	0	0	0	0	0	0	0	0	0	0	0	0	0	0	0	0	0	
321092	Precuneus_L	788	0	0	0	0	0	0	0	0	0	0	0	0	0	0	0	410	0	0	114	0	0	0	0	0	0	0	0	192	0	0	0	3706	282	4188	1412	1480	442	1008	308	0	0	20258	700	13196	1972	2522	0	10584	426	17186	168	1044	0	1776	0	9258	0	20076	1648	7766	0	1636	0	3936	0	0	5852	8398	108	0	0	0	0	0	0	0	0	336	0	1046	0	0	0	10708	0	0	0	5616	0	0	0	0	0	0	0	0	0	0	0	0	0	0	0	0	0	0	0	0	0	0	0	0	0	0	0	
329980	Precuneus_R	0	1116	0	132	0	0	0	0	0	0	0	0	0	0	0	0	0	0	0	2650	0	0	0	0	0	0	0	0	0	0	0	0	658	10394	826	12008	0	3728	0	968	0	0	574	26464	1046	18204	0	10918	0	16614	0	9414	0	1878	0	3880	0	3526	400	11038	0	1392	0	1444	0	2438	5852	0	370	5416	0	0	0	0	0	0	0	128	0	142	0	124	0	0	0	4322	0	0	0	6486	0	0	0	0	0	0	0	0	0	0	0	0	0	0	0	0	0	0	0	0	440	0	0	0	0	0	
303588	Paracentral_Lobule_L	20760	148	6972	2310	0	0	1636	0	0	0	0	0	0	0	0	0	290	0	12896	18964	0	0	0	0	0	0	0	0	396	0	0	0	7156	12180	3374	308	1540	970	632	520	0	0	1254	252	1188	0	228	0	202	0	5144	0	0	0	448	482	12764	0	4510	0	5638	0	1678	0	3238	0	8398	370	0	2830	918	604	152	0	0	0	4508	582	606	0	684	0	0	0	2634	0	0	0	1430	0	0	0	0	0	0	0	0	0	0	0	0	0	0	0	0	0	0	0	0	0	0	0	0	0	0	0	
106996	Paracentral_Lobule_R	726	3966	0	222	0	0	0	0	0	0	0	0	0	0	0	0	0	0	144	13006	0	0	0	0	0	0	0	0	0	0	0	0	194	9122	160	2134	0	346	0	0	0	0	0	2172	0	580	0	282	0	1152	0	932	0	0	0	0	0	5258	0	568	0	682	0	686	0	490	108	5416	2830	0	0	206	0	0	0	0	0	664	0	0	0	190	0	0	0	838	0	0	0	424	0	0	0	0	0	0	0	0	0	0	0	0	0	0	0	0	0	0	0	0	0	0	0	0	0	0	
389976	Caudate_L	562	622	14760	6156	4480	140	1908	1516	798	0	866	352	1738	1046	2410	948	536	522	8550	7128	8270	8814	3022	502	1354	460	3600	1538	14032	2346	10216	5132	0	926	0	0	2146	2182	1446	0	356	0	0	0	0	0	1206	0	0	0	0	0	0	0	1698	170	332	252	0	0	0	0	0	108	0	0	0	0	918	0	0	13794	25388	8514	4108	662	11334	2710	0	0	296	0	508	0	0	0	0	0	1610	0	0	0	0	0	0	0	0	0	0	0	0	0	0	0	0	0	0	0	0	0	0	0	0	0	0	0	
392172	Caudate_R	124	402	2342	24546	198	2874	494	2220	98	102	0	2818	280	6962	304	5868	158	212	2816	29280	4006	10752	316	5064	0	2588	414	3616	2090	4780	2216	10918	0	2190	0	0	170	396	0	112	0	290	0	0	0	0	0	0	0	0	0	0	0	0	110	0	0	108	0	0	0	0	0	0	0	0	0	0	604	206	13794	0	7006	20880	712	2038	244	18368	0	0	0	0	0	0	0	0	0	0	0	0	0	0	0	0	0	0	0	0	0	0	0	0	0	0	0	0	0	0	0	0	0	0	0	0	0	0	
376756	Putamen_L	1400	428	23898	1886	3948	134	5906	350	916	0	1104	170	2618	330	2462	236	2978	410	14174	2068	5350	6264	2512	672	814	324	2558	1008	20674	580	8172	2842	0	408	0	0	6866	588	3260	0	342	0	0	0	0	0	1240	0	0	0	0	0	0	0	3410	0	296	98	0	0	0	0	0	0	0	0	0	0	152	0	25388	7006	0	4330	7626	618	4028	1384	356	0	288	0	1412	0	0	0	0	0	2096	0	0	0	0	0	0	0	0	0	0	0	0	0	0	0	0	0	0	0	0	0	0	0	0	0	0	0	
412420	Putamen_R	0	1134	3768	19692	934	4782	236	6842	108	0	100	5486	312	5802	310	2512	0	1050	3338	13970	1038	3880	2628	7160	0	1832	174	1592	4528	22774	1772	10512	172	2150	0	0	1210	16128	1006	4546	0	2152	0	0	0	0	814	0	0	0	0	0	0	0	1094	3160	0	462	0	0	0	0	0	0	0	0	0	0	0	0	8514	20880	4330	0	174	2800	0	5764	0	124	0	866	0	184	0	0	0	0	1066	240	0	0	0	0	0	0	0	108	0	0	0	0	0	0	0	0	0	0	0	0	0	0	0	0	0	0	
59648	Pallidum_L	376	700	5324	494	0	0	1668	508	0	0	0	0	0	0	0	0	464	0	3248	842	0	584	0	0	0	0	0	0	486	0	0	0	0	112	0	0	314	0	0	0	0	0	0	0	0	0	0	0	0	0	0	0	0	0	0	0	0	0	0	0	0	0	0	0	0	0	0	0	0	0	4108	712	7626	174	0	222	1758	104	0	0	0	0	0	0	0	0	0	0	0	0	0	0	0	0	0	0	0	0	0	0	0	0	0	0	0	0	0	0	0	0	0	0	0	0	0	0	
27236	Pallidum_R	0	0	0	2440	0	0	0	0	0	0	0	0	0	0	0	0	0	0	98	2206	166	504	0	0	0	0	0	0	142	0	0	0	0	0	0	0	0	780	0	550	0	0	0	0	0	0	0	0	0	0	0	0	0	0	0	0	0	0	0	0	0	0	0	0	0	0	0	0	0	0	662	2038	618	2800	222	0	0	392	0	0	0	0	0	0	0	0	0	0	0	0	0	0	0	0	0	0	0	0	0	0	0	0	0	0	0	0	0	0	0	0	0	0	0	0	0	0	
122072	Thalamus_L	5592	106	6048	868	0	0	1646	0	0	0	206	0	0	0	0	0	1184	0	8892	1578	0	0	0	0	0	0	0	0	1870	0	0	0	0	0	0	0	4730	124	2022	0	0	0	0	0	0	0	630	0	0	0	0	0	0	0	444	0	482	0	0	0	0	0	0	0	0	0	0	0	4508	0	11334	244	4028	0	1758	0	0	1400	248	0	260	0	0	0	0	0	0	0	834	0	0	0	0	0	0	0	0	0	0	0	0	0	0	0	0	0	0	0	0	0	0	0	0	0	0	0	
206848	Thalamus_R	340	1760	1658	21036	344	0	0	724	0	0	0	372	112	136	0	0	0	100	1010	24048	0	0	388	0	0	0	0	0	2106	1066	222	0	0	108	700	360	3066	5636	1550	1958	0	276	0	0	0	0	616	158	0	0	0	0	0	0	672	384	0	112	0	0	0	0	0	0	0	0	0	128	582	664	2710	18368	1384	5764	104	392	1400	0	0	0	0	204	0	0	0	0	0	0	706	0	0	0	0	0	0	0	0	0	0	0	0	0	0	0	0	0	0	0	0	0	0	0	0	0	0	0	
92768	Heschl_L	6964	0	3094	228	0	0	1588	0	0	0	856	0	0	0	0	0	5038	0	1764	354	0	0	0	0	0	0	0	0	10812	0	0	0	0	0	774	0	384	0	0	0	0	0	204	0	0	0	0	0	0	0	364	0	0	0	0	0	3684	0	0	0	230	0	156	0	156	0	336	0	606	0	0	0	356	0	0	0	248	0	0	0	5060	0	0	0	2364	0	0	0	764	0	0	0	0	0	0	0	0	0	0	0	0	0	0	0	0	0	0	0	0	0	0	0	0	0	0	0	
31264	Heschl_R	0	346	0	976	0	0	0	0	0	0	0	336	0	0	0	0	0	1696	0	904	0	0	0	0	0	0	0	0	0	1052	0	0	0	0	0	124	0	310	0	0	0	0	0	0	0	0	0	0	0	0	0	0	0	0	0	0	0	248	0	0	0	710	0	806	0	602	0	142	0	0	0	0	0	124	0	0	0	0	0	0	0	2454	0	0	0	1316	0	0	0	3486	0	0	0	0	0	0	0	0	0	0	0	0	0	0	0	0	0	0	0	0	0	0	0	0	0	0	
403228	Temporal_Sup_L	5314	0	9868	1110	0	0	6538	0	0	0	15030	454	4004	362	0	0	21088	0	6754	2048	0	0	890	340	0	0	0	0	18136	440	1308	272	116	484	150	0	3644	0	1874	0	0	0	382	0	126	0	680	0	0	0	2192	0	294	0	6472	0	5190	0	850	0	3362	0	6066	0	3598	0	1046	0	684	0	296	0	288	0	0	0	260	0	5060	0	0	0	20392	0	28196	0	0	0	15714	0	118	0	0	0	0	0	0	0	124	0	0	0	0	0	0	0	0	0	0	0	0	0	0	0	0	0	
75868	Temporal_Sup_R	0	1146	0	1642	0	0	0	0	0	0	0	516	0	0	0	1210	0	2834	0	862	0	0	0	0	0	0	0	0	0	3772	0	0	0	0	0	0	0	706	0	292	0	0	0	0	0	0	0	0	0	0	0	0	0	0	0	464	0	442	0	0	0	190	0	3580	0	2852	0	124	0	190	0	0	0	866	0	0	0	204	0	2454	0	0	0	3042	0	6380	0	112	0	4054	0	0	0	0	0	0	0	0	0	0	0	0	0	0	0	0	0	0	0	0	0	0	0	0	0	0	
317132	Temporal_Pole_Sup_L	3432	0	10630	1678	732	0	6484	126	938	0	19336	758	5728	622	3606	0	20102	0	7690	2792	1488	0	1504	586	0	0	300	0	19278	774	1714	496	238	948	0	0	1966	0	1522	0	3056	0	0	0	0	0	0	0	0	0	0	0	0	0	2640	0	714	0	0	0	0	0	0	0	0	0	0	0	0	0	508	0	1412	0	0	0	0	0	0	0	20392	0	0	0	7034	0	3886	0	3456	0	0	0	0	0	0	0	0	0	0	0	0	0	0	0	0	0	0	0	0	0	0	0	0	0	0	0	
58268	Temporal_Pole_Sup_R	0	0	0	190	0	208	0	168	0	0	0	490	0	0	0	2064	0	764	0	158	0	386	0	0	0	0	0	106	0	1516	0	0	0	0	0	0	0	346	0	1646	0	1194	0	0	0	0	0	0	0	0	0	0	0	0	0	5212	0	0	0	0	0	0	0	0	0	0	0	0	0	0	0	0	0	184	0	0	0	0	0	0	0	3042	0	0	0	2724	0	4626	0	4110	0	0	0	0	0	0	0	0	0	0	0	0	0	0	0	0	0	0	0	0	0	0	0	0	0	0	
397776	Temporal_Mid_L	4760	0	274	0	0	0	0	0	0	0	170	0	0	0	0	0	3216	0	242	0	0	0	0	0	0	0	0	0	3366	0	0	0	814	0	2270	350	1234	268	888	142	0	0	12778	0	3984	0	1386	0	2456	0	25336	0	1486	0	4122	142	3500	0	712	0	7928	0	7298	0	14082	0	10708	0	2634	0	0	0	0	0	0	0	0	0	2364	0	28196	0	7034	0	0	0	2936	0	41812	0	0	0	0	0	0	0	0	0	0	0	0	0	0	0	0	0	0	0	0	0	0	0	0	0	0	0	
179408	Temporal_Mid_R	0	882	0	548	0	0	0	0	0	0	0	0	0	0	0	594	0	256	0	808	0	0	0	0	0	0	0	0	0	790	0	0	0	1004	0	1186	0	132	0	152	0	0	0	3608	0	1990	0	510	0	3100	0	9994	0	2684	0	2358	0	1074	0	334	0	2808	0	7462	0	8368	0	4322	0	838	0	0	0	0	0	0	0	0	0	1316	0	6380	0	2724	0	0	0	1326	0	22156	0	0	0	0	0	0	0	0	0	0	0	0	0	0	0	0	0	0	0	0	0	0	0	0	0	0	
23904	Temporal_Pole_Mid_L	0	0	0	0	0	0	0	0	0	0	0	0	0	0	0	0	0	0	0	0	0	0	0	0	0	0	0	0	0	0	0	0	0	0	0	0	0	0	738	0	0	0	0	0	0	0	0	0	0	0	0	0	0	0	1710	0	0	0	0	0	0	0	0	0	0	0	0	0	0	0	0	0	0	0	0	0	0	0	0	0	0	0	3886	0	2936	0	0	0	2682	0	0	0	0	0	0	0	0	0	0	0	0	0	0	0	0	0	0	0	0	0	0	0	0	0	0	0	
25348	Temporal_Pole_Mid_R	0	0	0	0	0	0	0	0	0	0	0	0	0	0	0	394	0	0	0	0	0	0	0	0	0	0	0	0	0	0	0	0	0	0	0	0	0	0	0	576	0	0	0	0	0	0	0	0	0	0	0	0	0	0	0	2884	0	0	0	0	0	0	0	0	0	0	0	0	0	0	0	0	0	0	0	0	0	0	0	0	0	112	0	4626	0	1326	0	0	0	2756	0	0	0	0	0	0	0	0	0	0	0	0	0	0	0	0	0	0	0	0	0	0	0	0	0	0	
329756	Temporal_Inf_L	3694	0	732	256	0	0	0	0	0	0	0	0	118	0	0	0	1028	122	680	262	0	0	0	0	0	0	0	0	5394	98	178	0	146	0	2174	1052	9566	1102	6656	488	426	0	6982	0	1514	0	3136	0	1690	0	5024	0	2048	0	19262	214	1288	0	362	0	2084	0	1464	0	2278	0	5616	0	1430	0	1610	0	2096	1066	0	0	834	706	764	0	15714	0	3456	0	41812	0	2682	0	0	0	3330	0	434	0	0	0	134	0	1164	0	250	0	262	0	0	0	0	0	0	0	0	0	0	0	0	0	
233880	Temporal_Inf_R	0	740	0	494	0	0	0	0	0	0	0	0	0	0	0	0	0	1000	0	726	0	0	0	0	0	0	0	0	0	1460	0	0	0	900	202	2282	0	7354	0	1750	0	0	0	6470	0	1772	0	2114	0	2888	0	5970	0	8142	0	13398	0	754	0	324	0	1988	0	4140	0	3874	0	6486	0	424	0	0	0	240	0	0	0	0	0	3486	0	4054	0	4110	0	22156	0	2756	0	0	0	3474	0	174	0	0	0	0	0	508	0	108	0	222	0	0	0	0	0	0	0	0	0	0	0	0	
470300	Cerebelum_Crus1_L	0	0	0	0	0	0	0	0	0	0	0	0	0	0	0	0	0	0	0	0	0	0	0	0	0	0	0	0	0	0	0	0	0	0	0	0	0	0	0	0	0	0	0	0	0	0	9502	2580	0	0	100	0	468	124	23678	870	0	0	0	0	0	0	0	0	0	0	0	0	0	0	0	0	0	0	0	0	0	0	0	0	118	0	0	0	0	0	0	0	3330	0	0	5092	32488	2682	908	312	21616	518	56120	8328	13870	784	16328	1398	6088	1674	2188	0	108	346	2224	10206	7202	1388	1852	660	
448052	Cerebelum_Crus1_R	0	0	0	0	0	0	0	0	0	0	0	0	0	0	0	0	0	0	0	0	0	0	0	0	0	0	0	0	0	0	0	0	0	0	0	0	0	590	0	290	0	0	0	0	0	0	684	3268	0	0	0	0	0	482	406	12018	0	0	0	0	0	0	0	0	0	0	0	0	0	0	0	0	0	0	0	0	0	0	0	0	0	0	0	0	0	0	0	0	0	3474	5092	0	3206	33536	0	2250	660	17406	3318	55120	1452	8128	820	31746	418	12160	0	1160	0	442	4808	5750	9552	2788	2824	178	
378152	Cerebelum_Crus2_L	0	0	0	0	0	0	0	0	0	0	0	0	0	0	0	0	0	0	0	0	0	0	0	0	0	0	0	0	0	0	0	0	0	0	0	0	0	0	0	0	0	0	0	0	0	0	1194	802	0	0	0	0	276	0	1874	366	0	0	0	0	0	0	0	0	0	0	0	0	0	0	0	0	0	0	0	0	0	0	0	0	0	0	0	0	0	0	0	0	434	0	32488	3206	0	12610	186	0	1302	0	7364	2778	41586	5162	38130	3726	9858	558	2568	0	0	0	232	2702	14458	3590	1100	526	
377564	Cerebelum_Crus2_R	0	0	0	0	0	0	0	0	0	0	0	0	0	0	0	0	0	0	0	0	0	0	0	0	0	0	0	0	0	0	0	0	0	0	0	0	0	0	0	0	0	0	0	0	0	0	0	114	0	0	0	0	0	0	0	560	0	0	0	0	0	0	0	0	0	0	0	0	0	0	0	0	0	0	0	0	0	0	0	0	0	0	0	0	0	0	0	0	0	174	2682	33536	12610	0	0	358	114	1468	562	7252	7832	33954	4242	48382	880	8780	0	0	0	0	0	1430	17410	4912	1430	100	
29628	Cerebelum_3_L	0	0	0	0	0	0	0	0	0	0	0	0	0	0	0	0	0	0	0	0	0	0	0	0	0	0	0	0	0	0	0	0	0	0	0	0	0	0	230	0	0	0	0	0	0	0	388	0	0	0	0	0	0	0	728	0	0	0	0	0	0	0	0	0	0	0	0	0	0	0	0	0	0	0	0	0	0	0	0	0	0	0	0	0	0	0	0	0	0	0	908	0	186	0	0	0	4878	0	2466	0	0	0	260	0	1184	180	0	0	854	1262	968	194	0	0	128	0	
41924	Cerebelum_3_R	0	0	0	0	0	0	0	0	0	0	0	0	0	0	0	0	0	0	0	0	0	0	0	0	0	0	0	0	0	0	0	0	0	0	0	0	0	0	0	588	0	0	0	0	0	0	0	356	0	0	0	0	0	0	0	324	0	0	0	0	0	0	0	0	0	0	0	0	0	0	0	0	0	0	0	0	0	0	0	0	0	0	0	0	0	0	0	0	0	0	312	2250	0	358	0	0	310	4288	358	4520	0	0	0	486	0	1480	0	0	368	2786	514	716	190	274	484	0	
253852	Cerebelum_4_5_L	0	0	0	0	0	0	0	0	0	0	0	0	0	0	0	0	0	0	0	0	0	0	0	0	0	0	0	0	0	0	0	0	0	0	0	0	190	0	400	0	0	0	0	0	0	0	13798	982	0	0	276	0	1076	0	14508	882	0	0	0	0	0	0	0	0	0	0	0	0	0	0	0	0	0	0	0	0	0	0	0	0	0	0	0	0	0	0	0	0	134	0	21616	660	1302	114	4878	310	0	1874	36108	3048	646	0	1674	288	3674	1488	350	0	434	1018	8474	3502	300	512	1052	1358	
176612	Cerebelum_4_5_R	0	0	0	0	0	0	0	0	0	0	0	0	0	0	0	0	0	0	0	0	0	0	0	0	0	0	0	0	0	0	0	0	0	0	0	0	0	1538	0	1656	0	320	0	0	0	0	864	3574	0	0	0	0	0	404	176	8788	0	0	0	0	0	0	0	0	0	0	0	0	0	0	0	0	0	108	0	0	0	0	0	0	0	0	0	0	0	0	0	0	0	0	518	17406	0	1468	0	4288	1874	0	1278	27460	0	0	0	2136	216	1520	0	0	0	814	9906	1032	168	168	348	278	
457280	Cerebelum_6_L	0	0	0	0	0	0	0	0	0	0	0	0	0	0	0	0	0	0	0	0	0	0	0	0	0	0	0	0	0	0	0	0	0	0	0	0	184	0	298	0	0	0	0	0	0	0	19042	6026	0	0	370	0	2172	242	30108	2348	0	0	0	0	0	0	0	0	0	0	0	0	0	0	0	0	0	0	0	0	0	0	0	0	124	0	0	0	0	0	0	0	1164	0	56120	3318	7364	562	2466	358	36108	1278	0	11130	4722	152	6080	686	5546	2084	854	0	262	598	5700	15064	2182	1176	1916	836	
440096	Cerebelum_6_R	0	0	0	0	0	0	0	0	0	0	0	0	0	0	0	0	0	0	0	0	0	0	0	0	0	0	0	0	0	0	0	0	0	0	0	0	0	590	0	460	0	0	0	0	0	0	4712	10256	0	0	0	132	726	1366	1904	17328	0	0	0	0	0	0	0	0	0	0	0	0	0	0	0	0	0	0	0	0	0	0	0	0	0	0	0	0	0	0	0	0	0	508	8328	55120	2778	7252	0	4520	3048	27460	11130	0	630	1190	652	11972	334	7130	0	1206	106	1002	12012	13720	7394	2674	2226	182	
315476	Cerebelum_7b_L	0	0	0	0	0	0	0	0	0	0	0	0	0	0	0	0	0	0	0	0	0	0	0	0	0	0	0	0	0	0	0	0	0	0	0	0	0	0	0	0	0	0	0	0	0	0	150	0	0	0	0	0	0	0	898	0	0	0	0	0	0	0	0	0	0	0	0	0	0	0	0	0	0	0	0	0	0	0	0	0	0	0	0	0	0	0	0	0	250	0	13870	1452	41586	7832	0	0	646	0	4722	630	0	6642	43060	7164	9498	516	1254	0	0	0	100	404	8250	7540	792	482	
225848	Cerebelum_7b_R	0	0	0	0	0	0	0	0	0	0	0	0	0	0	0	0	0	0	0	0	0	0	0	0	0	0	0	0	0	0	0	0	0	0	0	0	0	0	0	0	0	0	0	0	0	0	0	0	0	0	0	0	0	0	0	184	0	0	0	0	0	0	0	0	0	0	0	0	0	0	0	0	0	0	0	0	0	0	0	0	0	0	0	0	0	0	0	0	0	108	784	8128	5162	33954	0	0	0	0	152	1190	6642	0	4028	35860	378	4454	0	0	0	0	0	768	5836	5156	140	0	
341444	Cerebelum_8_L	0	0	0	0	0	0	0	0	0	0	0	0	0	0	0	0	0	0	0	0	0	0	0	0	0	0	0	0	0	0	0	0	0	0	0	0	0	0	0	0	0	0	0	0	0	0	250	0	0	0	0	0	0	0	1154	0	0	0	0	0	0	0	0	0	0	0	0	0	0	0	0	0	0	0	0	0	0	0	0	0	0	0	0	0	0	0	0	0	262	0	16328	820	38130	4242	260	0	1674	0	6080	652	43060	4028	0	7664	22372	1302	5018	0	0	0	212	822	4752	8564	2322	754	
394476	Cerebelum_8_R	0	0	0	0	0	0	0	0	0	0	0	0	0	0	0	0	0	0	0	0	0	0	0	0	0	0	0	0	0	0	0	0	0	0	0	0	0	0	0	0	0	0	0	0	0	0	0	0	0	0	0	0	0	0	0	668	0	0	0	0	0	0	0	0	0	0	0	0	0	0	0	0	0	0	0	0	0	0	0	0	0	0	0	0	0	0	0	0	0	222	1398	31746	3726	48382	0	486	288	2136	686	11972	7164	35860	7664	0	1364	22100	0	252	0	0	156	1682	8138	8554	2420	174	
158452	Cerebelum_9_L	0	0	0	0	0	0	0	0	0	0	0	0	0	0	0	0	0	0	0	0	0	0	0	0	0	0	0	0	0	0	0	0	0	0	0	0	0	0	0	0	0	0	0	0	0	0	198	0	0	0	0	0	0	0	192	0	0	0	0	0	0	0	0	0	0	0	0	0	0	0	0	0	0	0	0	0	0	0	0	0	0	0	0	0	0	0	0	0	0	0	6088	418	9858	880	1184	0	3674	216	5546	334	9498	378	22372	1364	0	1754	5472	0	0	0	1590	1350	1402	1200	2662	1596	
187944	Cerebelum_9_R	0	0	0	0	0	0	0	0	0	0	0	0	0	0	0	0	0	0	0	0	0	0	0	0	0	0	0	0	0	0	0	0	0	0	0	0	0	0	0	0	0	0	0	0	0	0	466	0	0	0	0	0	0	0	0	188	0	0	0	0	0	0	0	0	0	0	0	0	0	0	0	0	0	0	0	0	0	0	0	0	0	0	0	0	0	0	0	0	0	0	1674	12160	558	8780	180	1480	1488	1520	2084	7130	516	4454	1302	22100	1754	0	0	1630	596	1196	2190	4636	2968	4066	6692	2164	
36028	Cerebelum_10_L	0	0	0	0	0	0	0	0	0	0	0	0	0	0	0	0	0	0	0	0	0	0	0	0	0	0	0	0	0	0	0	0	0	0	0	0	0	0	0	0	0	0	0	0	0	0	0	0	0	0	0	0	0	0	108	0	0	0	0	0	0	0	0	0	0	0	0	0	0	0	0	0	0	0	0	0	0	0	0	0	0	0	0	0	0	0	0	0	0	0	2188	0	2568	0	0	0	350	0	854	0	1254	0	5018	0	5472	0	0	0	0	0	0	104	0	0	98	0	
15016	Cerebelum_10_R	0	0	0	0	0	0	0	0	0	0	0	0	0	0	0	0	0	0	0	0	0	0	0	0	0	0	0	0	0	0	0	0	0	0	0	0	0	0	0	0	0	0	0	0	0	0	0	0	0	0	0	0	0	0	0	0	0	0	0	0	0	0	0	0	0	0	0	0	0	0	0	0	0	0	0	0	0	0	0	0	0	0	0	0	0	0	0	0	0	0	0	1160	0	0	0	0	0	0	0	1206	0	0	0	252	0	1630	0	0	0	0	0	396	926	932	1006	0	
13592	Vermis_1_2	0	0	0	0	0	0	0	0	0	0	0	0	0	0	0	0	0	0	0	0	0	0	0	0	0	0	0	0	0	0	0	0	0	0	0	0	0	0	0	0	0	0	0	0	0	0	0	0	0	0	0	0	0	0	0	0	0	0	0	0	0	0	0	0	0	0	0	0	0	0	0	0	0	0	0	0	0	0	0	0	0	0	0	0	0	0	0	0	0	0	108	0	0	0	854	368	434	0	262	106	0	0	0	0	0	596	0	0	0	2918	962	188	0	0	0	0	
31872	Vermis_3	0	0	0	0	0	0	0	0	0	0	0	0	0	0	0	0	0	0	0	0	0	0	0	0	0	0	0	0	0	0	0	0	0	0	0	0	116	0	338	0	0	0	0	0	0	0	176	206	0	0	0	0	0	0	0	0	0	0	0	0	0	0	0	0	0	0	0	0	0	0	0	0	0	0	0	0	0	0	0	0	0	0	0	0	0	0	0	0	0	0	346	442	0	0	1262	2786	1018	814	598	1002	0	0	0	0	0	1196	0	0	2918	0	1652	596	0	110	250	110	
