data	data	433940	211648	941844	819956	90240	78008	622000	229060	82912	50036	191336	226884	268348	313364	121324	99012	219000	117260	671296	789896	51536	66012	316988	299120	37568	79492	42656	41712	525060	333872	366636	441228	203252	484840	208056	257736	226344	327376	67084	212864	23812	45008	240408	408740	170284	379684	234372	272008	162512	371768	366704	270916	111716	166780	296892	498768	226268	226164	106280	66472	218532	118384	107976	142916	129124	147956	323428	550048	249980	274312	265800	406372	319896	310380	96444	63456	202192	291556	102060	43652	228892	174204	74800	76952	291164	218324	17304	31592	244020	197844	542788	404680	320996	265716	35344	80612	262624	218580	433576	398940	164496	79944	319512	284656	111100	87668	18148	11268	22880	52504	215336	225540	208820	96576	68604	25724	
data	data	Precentral_L	Precentral_R	Frontal_Sup_L	Frontal_Sup_R	Frontal_Sup_Orb_L	Frontal_Sup_Orb_R	Frontal_Mid_L	Frontal_Mid_R	Frontal_Mid_Orb_L	Frontal_Mid_Orb_R	Frontal_Inf_Oper_L	Frontal_Inf_Oper_R	Frontal_Inf_Tri_L	Frontal_Inf_Tri_R	Frontal_Inf_Orb_L	Frontal_Inf_Orb_R	Rolandic_Oper_L	Rolandic_Oper_R	Supp_Motor_Area_L	Supp_Motor_Area_R	Olfactory_L	Olfactory_R	Frontal_Sup_Medial_L	Frontal_Sup_Medial_R	Frontal_Med_Orb_L	Frontal_Med_Orb_R	Rectus_L	Rectus_R	Insula_L	Insula_R	Cingulum_Ant_L	Cingulum_Ant_R	Cingulum_Mid_L	Cingulum_Mid_R	Cingulum_Post_L	Cingulum_Post_R	Hippocampus_L	Hippocampus_R	ParaHippocampal_L	ParaHippocampal_R	Amygdala_L	Amygdala_R	Calcarine_L	Calcarine_R	Cuneus_L	Cuneus_R	Lingual_L	Lingual_R	Occipital_Sup_L	Occipital_Sup_R	Occipital_Mid_L	Occipital_Mid_R	Occipital_Inf_L	Occipital_Inf_R	Fusiform_L	Fusiform_R	Postcentral_L	Postcentral_R	Parietal_Sup_L	Parietal_Sup_R	Parietal_Inf_L	Parietal_Inf_R	SupraMarginal_L	SupraMarginal_R	Angular_L	Angular_R	Precuneus_L	Precuneus_R	Paracentral_Lobule_L	Paracentral_Lobule_R	Caudate_L	Caudate_R	Putamen_L	Putamen_R	Pallidum_L	Pallidum_R	Thalamus_L	Thalamus_R	Heschl_L	Heschl_R	Temporal_Sup_L	Temporal_Sup_R	Temporal_Pole_Sup_L	Temporal_Pole_Sup_R	Temporal_Mid_L	Temporal_Mid_R	Temporal_Pole_Mid_L	Temporal_Pole_Mid_R	Temporal_Inf_L	Temporal_Inf_R	Cerebelum_Crus1_L	Cerebelum_Crus1_R	Cerebelum_Crus2_L	Cerebelum_Crus2_R	Cerebelum_3_L	Cerebelum_3_R	Cerebelum_4_5_L	Cerebelum_4_5_R	Cerebelum_6_L	Cerebelum_6_R	Cerebelum_7b_L	Cerebelum_7b_R	Cerebelum_8_L	Cerebelum_8_R	Cerebelum_9_L	Cerebelum_9_R	Cerebelum_10_L	Cerebelum_10_R	Vermis_1_2	Vermis_3	Vermis_4_5	Vermis_6	Vermis_7	Vermis_8	Vermis_9	Vermis_10	
433940	Precentral_L	0	188	18156	2192	0	0	22476	182	0	0	12022	122	2058	0	0	0	6820	0	20204	2754	0	0	0	0	0	0	0	0	10314	0	208	0	1180	160	7168	2752	5234	662	392	0	0	0	630	0	160	0	0	0	134	0	1526	0	0	0	1284	0	25302	0	0	0	5938	0	336	0	304	0	456	0	32344	0	2356	558	5250	0	3974	0	11672	3306	3042	0	1324	0	444	0	710	0	0	0	676	0	0	0	0	0	0	0	0	0	0	0	0	0	0	0	0	0	0	0	0	0	0	0	0	0	0	0	
211648	Precentral_R	188	0	100	7446	0	0	0	7992	0	0	0	4766	0	244	0	0	0	2352	270	7700	0	0	0	0	0	0	0	0	0	3574	0	0	582	5350	1396	4882	156	4154	0	1504	0	0	0	584	0	586	0	152	0	598	0	104	0	646	0	3814	0	18866	0	112	0	602	0	1826	0	324	0	1752	160	7104	184	1098	0	2474	0	1106	140	4700	0	1342	0	2886	0	0	0	590	0	0	0	1418	0	0	0	0	0	0	0	0	0	0	0	0	0	0	0	0	0	0	0	0	0	0	0	0	0	0	
941844	Frontal_Sup_L	18156	100	0	14182	4044	0	89274	424	3502	0	10114	1266	22982	1958	6284	190	13480	0	76836	14332	0	0	43152	6800	940	0	110	0	32348	780	20948	5480	6156	3564	566	226	2742	0	0	0	0	0	480	0	0	0	0	0	0	0	302	0	0	0	204	0	4538	0	0	0	126	0	506	0	0	0	0	0	10256	0	11630	1300	19026	240	7302	160	7036	452	1516	0	2766	0	1328	0	340	0	0	0	478	0	0	0	0	0	0	0	0	0	0	0	0	0	0	0	0	0	0	0	0	0	0	0	0	0	0	0	
819956	Frontal_Sup_R	2192	7446	14182	0	0	3856	3962	32030	0	820	488	16044	330	27238	0	3948	330	2754	20152	84660	116	282	8352	32690	104	3204	0	522	802	8240	6260	28032	2242	15342	1450	2922	618	2298	128	748	0	0	0	0	0	0	0	0	0	0	0	0	0	90	0	1224	0	1418	0	0	0	0	0	148	0	0	0	174	2324	0	4832	27334	620	13252	366	3242	1118	18388	0	252	0	186	0	0	0	0	0	0	0	226	0	0	0	0	0	0	0	0	0	0	0	0	0	0	0	0	0	0	0	0	0	0	0	0	0	0	
90240	Frontal_Sup_Orb_L	0	0	4044	0	0	0	1344	0	10444	0	0	0	922	0	6042	0	0	0	174	0	650	0	2618	208	3442	110	3738	0	2232	0	3716	0	0	0	0	0	0	0	0	0	0	0	0	0	0	0	0	0	0	0	0	0	0	0	0	0	0	0	0	0	0	0	0	0	0	0	0	0	0	0	306	0	5040	0	0	0	0	0	0	0	0	0	90	0	0	0	0	0	0	0	0	0	0	0	0	0	0	0	0	0	0	0	0	0	0	0	0	0	0	0	0	0	0	0	0	0	
78008	Frontal_Sup_Orb_R	0	0	0	3856	0	0	0	2564	0	6416	0	0	0	572	0	2134	0	0	0	0	0	244	332	3018	662	6618	438	4764	0	912	428	430	0	0	0	0	0	0	0	0	0	0	0	0	0	0	0	0	0	0	0	0	0	0	0	0	0	0	0	0	0	0	0	0	0	0	0	0	0	0	0	1888	0	3728	0	0	0	0	0	0	0	0	0	0	0	0	0	0	0	0	0	0	0	0	0	0	0	0	0	0	0	0	0	0	0	0	0	0	0	0	0	0	0	0	0	0	
622000	Frontal_Mid_L	22476	0	89274	3962	1344	0	0	164	3786	0	14994	624	36956	816	4778	0	10188	0	15872	2676	0	0	19756	3078	0	0	0	0	36228	202	6664	1278	2256	1126	1050	1328	4246	184	168	0	0	0	0	0	0	0	0	0	0	0	0	0	0	0	276	0	2178	0	0	0	434	0	0	0	0	0	0	0	630	0	564	296	5960	0	676	0	5838	1834	3030	0	2004	0	1108	0	184	0	0	0	514	0	0	0	0	0	0	0	0	0	0	0	0	0	0	0	0	0	0	0	0	0	0	0	0	0	0	0	
229060	Frontal_Mid_R	182	7992	424	32030	0	2564	164	0	0	3020	0	11322	0	19022	0	4410	0	1578	850	4172	0	0	756	3356	0	0	0	0	0	3202	378	1768	510	2978	142	300	120	1658	0	372	0	0	0	0	0	0	0	0	0	0	0	0	0	0	0	382	0	1626	0	0	0	0	0	200	0	0	0	0	116	0	112	826	0	3340	0	1690	120	2848	0	0	0	0	0	0	0	0	0	0	0	0	0	0	0	0	0	0	0	0	0	0	0	0	0	0	0	0	0	0	0	0	0	0	0	0	0	0	
82912	Frontal_Mid_Orb_L	0	0	3502	0	10444	0	3786	0	0	0	0	0	3954	0	12282	0	0	0	0	0	0	0	126	0	186	0	1164	0	3726	0	576	0	0	0	0	0	0	0	0	0	0	0	0	0	0	0	0	0	0	0	0	0	0	0	0	0	0	0	0	0	0	0	0	0	0	0	0	0	0	0	0	0	1594	0	0	0	0	0	0	0	0	0	116	0	0	0	0	0	0	0	0	0	0	0	0	0	0	0	0	0	0	0	0	0	0	0	0	0	0	0	0	0	0	0	0	0	
50036	Frontal_Mid_Orb_R	0	0	0	820	0	6416	0	3020	0	0	0	0	0	686	0	7414	0	0	0	0	0	0	0	0	0	1614	126	2070	0	948	0	0	0	0	0	0	0	0	0	0	0	0	0	0	0	0	0	0	0	0	0	0	0	0	0	0	0	0	0	0	0	0	0	0	0	0	0	0	0	0	0	406	0	1498	0	0	0	0	0	0	0	0	0	0	0	0	0	0	0	0	0	0	0	0	0	0	0	0	0	0	0	0	0	0	0	0	0	0	0	0	0	0	0	0	0	0	
191336	Frontal_Inf_Oper_L	12022	0	10114	488	0	0	14994	0	0	0	0	750	11518	760	262	0	7428	0	3736	482	0	0	200	0	0	0	0	0	16926	508	2030	138	0	0	0	116	704	0	0	0	0	0	0	0	0	0	0	0	0	0	0	0	0	0	0	0	3598	0	0	0	238	0	0	0	0	0	0	0	0	0	602	0	678	0	0	0	252	118	2086	0	1660	0	2962	0	150	0	0	0	148	0	0	0	0	0	0	0	0	0	0	0	0	0	0	0	0	0	0	0	0	0	0	0	0	0	0	0	
226884	Frontal_Inf_Oper_R	122	4766	1266	16044	0	0	624	11322	0	0	750	0	0	23390	0	1324	432	5226	1222	8192	0	0	0	430	0	0	0	0	750	12574	1332	3166	0	944	154	244	138	1578	0	162	0	0	0	0	0	0	0	0	0	0	0	0	0	0	0	184	0	2798	0	0	0	0	0	0	0	0	0	0	0	0	1886	3728	238	5336	0	1232	0	1618	0	0	0	270	0	0	0	0	0	0	0	0	0	0	0	0	0	0	0	0	0	0	0	0	0	0	0	0	0	0	0	0	0	0	0	0	0	0	
268348	Frontal_Inf_Tri_L	2058	0	22982	330	922	0	36956	0	3954	0	11518	0	0	128	11714	0	366	0	2590	184	0	0	2804	346	0	0	0	0	31290	0	2786	712	748	260	0	0	0	0	0	0	0	0	0	0	0	0	0	0	0	0	0	0	0	0	0	0	136	0	0	0	0	0	0	0	0	0	0	0	0	0	0	0	660	0	0	0	0	0	0	0	0	0	730	0	0	0	0	0	0	0	0	0	0	0	0	0	0	0	0	0	0	0	0	0	0	0	0	0	0	0	0	0	0	0	0	0	
313364	Frontal_Inf_Tri_R	0	244	1958	27238	0	572	816	19022	0	686	760	23390	128	0	0	8312	432	920	2004	14768	0	0	1094	4758	0	180	0	0	818	20436	2320	8016	436	4786	0	104	0	548	0	0	0	0	0	0	0	0	0	0	0	0	0	0	0	0	0	106	0	90	0	0	0	0	0	0	0	0	0	0	0	0	2210	4306	290	3884	0	598	0	452	0	0	0	0	0	0	0	0	0	0	0	0	0	0	0	0	0	0	0	0	0	0	0	0	0	0	0	0	0	0	0	0	0	0	0	0	0	0	
121324	Frontal_Inf_Orb_L	0	0	6284	0	6042	0	4778	0	12282	0	262	0	11714	0	0	0	0	0	572	0	312	0	224	0	0	0	146	0	12518	0	270	0	0	0	0	0	176	0	0	0	168	0	0	0	0	0	0	0	0	0	0	0	0	0	0	0	0	0	0	0	0	0	0	0	0	0	0	0	0	0	0	0	4278	0	0	0	0	0	0	0	0	0	636	0	0	0	0	0	0	0	0	0	0	0	0	0	0	0	0	0	0	0	0	0	0	0	0	0	0	0	0	0	0	0	0	0	
99012	Frontal_Inf_Orb_R	0	0	190	3948	0	2134	0	4410	0	7414	0	1324	0	8312	0	0	0	350	0	1292	0	160	392	364	0	0	0	0	0	9822	262	1072	282	1054	0	0	0	400	0	0	0	0	0	0	0	0	0	0	0	0	0	0	0	0	0	0	0	0	0	0	0	0	0	0	0	0	0	0	0	0	0	546	0	3594	0	0	0	0	0	0	0	732	0	960	0	300	0	192	0	0	0	0	0	0	0	0	0	0	0	0	0	0	0	0	0	0	0	0	0	0	0	0	0	0	0	0	
219000	Rolandic_Oper_L	6820	0	13480	330	0	0	10188	0	0	0	7428	432	366	432	0	0	0	0	7390	318	0	0	0	0	0	0	0	0	20774	362	204	0	0	0	104	130	734	0	0	0	0	0	0	0	0	0	0	0	0	0	1126	0	0	0	286	0	7392	0	0	0	1606	0	2538	0	400	0	104	0	292	0	586	0	264	0	0	0	1106	134	6734	0	9476	0	2904	0	3072	0	0	0	1988	0	0	0	0	0	0	0	0	0	0	0	0	0	0	0	0	0	0	0	0	0	0	0	0	0	0	0	
117260	Rolandic_Oper_R	0	2352	0	2754	0	0	0	1578	0	0	0	5226	0	920	0	350	0	0	0	1816	0	0	0	0	0	0	0	0	0	10002	190	452	0	0	0	150	0	1374	0	116	0	0	0	0	0	166	0	0	0	176	0	0	0	0	0	164	0	5876	0	0	0	102	0	4454	0	0	0	300	0	320	206	842	0	6358	0	1598	0	2126	0	1918	0	5562	0	992	0	190	0	0	0	0	0	0	0	0	0	0	0	0	0	0	0	0	0	0	0	0	0	0	0	0	0	0	0	0	0	0	
671296	Supp_Motor_Area_L	20204	270	76836	20152	174	0	15872	850	0	0	3736	1222	2590	2004	572	0	7390	0	0	36516	0	0	4946	2554	0	0	0	0	10192	706	12626	5870	11580	13774	2980	1578	2072	0	0	0	0	0	504	0	0	0	0	0	0	0	402	0	0	0	162	0	3426	0	0	0	130	0	420	0	0	0	136	0	20228	112	15354	1368	15752	204	6982	118	7920	1284	1060	0	1730	0	432	0	308	0	0	0	350	0	0	0	0	0	0	0	0	0	0	0	0	0	0	0	0	0	0	0	0	0	0	0	0	0	0	0	
789896	Supp_Motor_Area_R	2754	7700	14332	84660	0	0	2676	4172	0	0	482	8192	184	14768	0	1292	318	1816	36516	0	130	266	692	7566	0	0	0	0	594	4844	4934	17184	6326	46212	3262	10504	436	1102	0	148	0	0	0	2636	0	2804	0	528	0	2334	0	374	0	720	0	376	0	5930	0	218	0	134	0	170	0	0	0	9378	3190	20894	5178	28504	728	5804	380	1092	1026	17068	0	0	0	152	0	0	0	714	0	0	0	292	0	0	0	0	0	0	0	108	0	0	0	0	0	0	0	0	0	0	0	0	154	0	0	0	0	0	
51536	Olfactory_L	0	0	0	116	650	0	0	0	0	0	0	0	0	0	312	0	0	0	0	130	0	3748	0	0	144	0	1470	0	1626	0	1972	708	0	0	0	0	274	0	134	0	384	0	0	0	0	0	0	0	0	0	0	0	0	0	114	0	0	0	0	0	0	0	0	0	0	0	0	0	0	0	5188	3924	3088	716	396	322	0	246	0	0	106	0	0	0	0	0	0	0	0	0	0	0	0	0	0	0	0	0	0	0	0	0	0	0	0	0	0	0	0	0	0	0	0	0	0	0	
66012	Olfactory_R	0	0	0	282	0	244	0	0	0	0	0	0	0	0	0	160	0	0	0	266	3748	0	0	0	0	546	952	1090	0	1616	1432	1802	0	0	0	0	0	0	0	0	0	388	0	0	0	0	0	0	0	0	0	0	0	0	0	0	0	0	0	0	0	0	0	0	0	0	0	0	0	0	5610	6688	3840	1424	1298	1076	0	544	0	0	0	0	0	0	0	0	0	0	0	0	0	0	0	0	0	0	0	0	0	0	0	0	0	0	0	0	0	0	0	0	0	0	0	0	0	0	
316988	Frontal_Sup_Medial_L	0	0	43152	8352	2618	332	19756	756	126	0	200	0	2804	1094	224	392	0	0	4946	692	0	0	0	21756	2776	726	262	0	3066	478	16780	11168	6112	7972	0	0	0	0	0	0	0	0	0	0	0	0	0	0	0	0	0	0	0	0	0	0	0	0	0	0	0	0	0	0	0	0	0	0	0	0	232	0	1722	0	0	0	0	0	0	0	0	0	0	0	0	0	0	0	0	0	0	0	0	0	0	0	0	0	0	0	0	0	0	0	0	0	0	0	0	0	0	0	0	0	0	0	
299120	Frontal_Sup_Medial_R	0	0	6800	32690	208	3018	3078	3356	0	0	0	430	346	4758	0	364	0	0	2554	7566	0	0	21756	0	782	4910	0	672	394	3158	8300	23834	1230	9668	0	96	0	0	0	0	0	0	0	0	0	0	0	0	0	0	0	0	0	0	0	0	0	0	0	0	0	0	0	0	0	0	0	0	0	0	0	4360	0	5232	0	0	0	0	0	0	0	0	0	0	0	0	0	0	0	0	0	0	0	0	0	0	0	0	0	0	0	0	0	0	0	0	0	0	0	0	0	0	0	0	0	0	
37568	Frontal_Med_Orb_L	0	0	940	104	3442	662	0	0	186	0	0	0	0	0	0	0	0	0	0	0	144	0	2776	782	0	2066	2404	118	0	0	4252	304	0	0	0	0	0	0	0	0	0	0	0	0	0	0	0	0	0	0	0	0	0	0	0	0	0	0	0	0	0	0	0	0	0	0	0	0	0	0	184	0	420	0	0	0	0	0	0	0	0	0	0	0	0	0	0	0	0	0	0	0	0	0	0	0	0	0	0	0	0	0	0	0	0	0	0	0	0	0	0	0	0	0	0	0	
79492	Frontal_Med_Orb_R	0	0	0	3204	110	6618	0	0	0	1614	0	0	0	180	0	0	0	0	0	0	0	546	726	4910	2066	0	738	5198	0	188	2516	3894	0	0	0	0	0	0	0	0	0	0	0	0	0	0	0	0	0	0	0	0	0	0	0	0	0	0	0	0	0	0	0	0	0	0	0	0	0	0	0	4468	0	2770	0	0	0	0	0	0	0	0	0	0	0	0	0	0	0	0	0	0	0	0	0	0	0	0	0	0	0	0	0	0	0	0	0	0	0	0	0	0	0	0	0	0	
42656	Rectus_L	0	0	110	0	3738	438	0	0	1164	126	0	0	0	0	146	0	0	0	0	0	1470	952	262	0	2404	738	0	648	122	0	3742	226	0	0	0	0	0	0	0	0	0	0	0	0	0	0	0	0	0	0	0	0	0	0	0	0	0	0	0	0	0	0	0	0	0	0	0	0	0	0	1824	884	2236	98	0	0	0	0	0	0	0	0	0	0	0	0	0	0	0	0	0	0	0	0	0	0	0	0	0	0	0	0	0	0	0	0	0	0	0	0	0	0	0	0	0	0	
41712	Rectus_R	0	0	0	522	0	4764	0	0	0	2070	0	0	0	0	0	0	0	0	0	0	0	1090	0	672	118	5198	648	0	0	414	472	1560	0	0	0	0	0	0	0	0	0	0	0	0	0	0	0	0	0	0	0	0	0	0	0	0	0	0	0	0	0	0	0	0	0	0	0	0	0	0	0	2248	0	1080	0	0	0	0	0	0	0	0	0	0	0	0	0	0	0	0	0	0	0	0	0	0	0	0	0	0	0	0	0	0	0	0	0	0	0	0	0	0	0	0	0	0	
525060	Insula_L	10314	0	32348	802	2232	0	36228	0	3726	0	16926	750	31290	818	12518	0	20774	0	10192	594	1626	0	3066	394	0	0	122	0	0	566	4482	794	844	284	490	868	9334	0	426	0	824	0	110	0	0	0	104	0	0	0	320	0	0	0	1470	0	5882	0	0	0	778	0	338	0	104	0	138	0	550	0	966	218	15444	0	0	0	2540	874	9640	0	9422	0	3310	0	3362	0	0	0	3328	0	0	0	0	0	0	0	0	0	0	0	0	0	0	0	0	0	0	0	0	0	0	0	0	0	0	0	
333872	Insula_R	0	3574	780	8240	0	912	202	3202	0	948	508	12574	0	20436	0	9822	362	10002	706	4844	0	1616	478	3158	0	188	0	414	566	0	2702	8672	0	1690	0	394	0	8974	0	1790	0	896	0	128	0	270	0	240	0	534	0	0	0	184	0	2296	0	3132	0	158	0	256	0	170	0	192	0	936	0	906	1406	6584	174	21966	0	422	0	2408	0	4178	0	8208	0	1434	0	1282	0	0	0	822	0	0	0	0	0	0	0	0	0	0	0	0	0	0	0	0	0	0	0	0	0	0	0	0	0	0	
366636	Cingulum_Ant_L	208	0	20948	6260	3716	428	6664	378	576	0	2030	1332	2786	2320	270	262	204	190	12626	4934	1972	1432	16780	8300	4252	2516	3742	472	4482	2702	0	24258	6718	6730	514	0	0	196	0	0	0	0	0	0	0	0	0	0	0	0	0	0	0	0	0	0	0	0	0	0	0	0	0	0	0	0	0	0	216	0	10606	6754	10844	3124	0	168	0	0	0	0	0	0	408	0	0	0	0	0	0	0	0	0	0	0	0	0	0	0	0	0	0	0	0	0	0	0	0	0	0	0	0	0	0	0	0	0	
441228	Cingulum_Ant_R	0	0	5480	28032	0	430	1278	1768	0	0	138	3166	712	8016	0	1072	0	452	5870	17184	708	1802	11168	23834	304	3894	226	1560	794	8672	24258	0	5112	24688	496	0	0	926	0	0	0	0	0	0	0	0	0	0	0	0	0	0	0	0	0	0	0	0	0	0	0	0	0	0	0	0	0	0	0	0	3240	20654	2062	11648	96	602	0	272	0	0	0	0	0	0	0	0	0	0	0	0	0	0	0	0	0	0	0	0	0	0	0	0	0	0	0	0	0	0	0	0	0	0	0	0	0	0	
203252	Cingulum_Mid_L	1180	582	6156	2242	0	0	2256	510	0	0	0	0	748	436	0	282	0	0	11580	6326	0	0	6112	1230	0	0	0	0	844	0	6718	5112	0	18312	6526	846	0	0	0	0	0	0	460	1160	792	724	0	0	1026	374	986	292	0	0	0	0	184	94	106	0	0	0	0	0	0	0	6360	4162	5250	1658	0	0	0	0	0	0	0	0	0	0	0	0	0	0	0	0	0	0	0	0	0	0	0	0	0	0	0	0	0	0	0	0	0	0	0	0	0	0	0	0	0	0	0	0	0	0	
484840	Cingulum_Mid_R	160	5350	3564	15342	0	0	1126	2978	0	0	0	944	260	4786	0	1054	0	0	13774	46212	0	0	7972	9668	0	0	0	0	284	1690	6730	24688	18312	0	3762	10378	0	522	0	238	0	0	0	6686	0	3410	0	644	0	2226	90	706	0	894	0	594	0	2816	0	192	0	0	0	0	0	0	2010	15456	500	20510	322	2554	178	1776	0	0	0	0	0	0	0	90	0	0	0	348	0	0	0	368	0	0	0	0	0	0	0	100	0	0	0	0	0	0	0	0	0	0	0	0	156	0	0	0	0	0	
208056	Cingulum_Post_L	7168	1396	566	1450	0	0	1050	142	0	0	0	154	0	0	0	0	104	0	2980	3262	0	0	0	0	0	0	0	0	490	0	514	496	6526	3762	0	13956	6190	3538	2126	178	0	0	4466	364	1550	0	3712	144	350	0	676	0	100	0	490	0	824	0	0	0	512	0	0	0	0	0	8160	3482	6834	1184	0	1002	0	0	0	128	5028	8766	0	0	0	0	0	0	0	0	0	0	0	0	0	0	0	0	0	0	0	0	0	0	0	0	0	0	0	0	0	0	0	0	208	0	0	0	0	0	
257736	Cingulum_Post_R	2752	4882	226	2922	0	0	1328	300	0	0	116	244	0	104	0	0	130	150	1578	10504	0	0	0	96	0	0	0	0	868	394	0	0	846	10378	13956	0	5246	7146	1190	1914	0	0	456	4028	270	500	576	2322	0	0	0	0	0	956	0	3424	98	188	0	0	0	0	0	364	0	0	2076	14050	1592	5798	0	1586	0	352	0	162	6886	12892	204	0	96	142	0	0	0	488	0	0	0	1330	0	0	0	0	0	0	0	342	0	0	0	0	0	0	0	0	0	0	0	0	420	0	0	0	0	0	
226344	Hippocampus_L	5234	156	2742	618	0	0	4246	120	0	0	704	138	0	0	176	0	734	0	2072	436	274	0	0	0	0	0	0	0	9334	0	0	0	0	0	6190	5246	0	3154	9038	314	4982	0	1970	0	0	0	4666	192	0	0	404	0	216	0	8594	98	1016	0	0	0	212	0	254	0	0	0	3872	1158	1432	0	0	438	5210	0	1058	0	6242	5180	3464	0	2394	0	658	0	1164	0	0	0	6792	0	186	0	0	0	0	0	162	0	232	0	0	0	0	0	0	0	0	0	0	0	0	0	0	0	0	0	
327376	Hippocampus_R	662	4154	0	2298	0	0	184	1658	0	0	0	1578	0	548	0	400	0	1374	0	1102	0	0	0	0	0	0	0	0	0	8974	196	926	0	522	3538	7146	3154	0	1026	28590	0	6862	376	2274	0	116	482	5610	0	102	0	0	0	772	0	28302	0	3350	0	0	0	124	0	1148	0	0	894	6768	0	268	0	1024	0	9906	0	344	1042	7520	0	930	0	4068	0	3012	0	2536	0	178	0	5848	0	0	0	0	0	0	0	1444	0	212	0	0	0	0	0	0	0	0	0	0	146	0	0	0	0	0	
67084	ParaHippocampal_L	392	0	0	128	0	0	168	0	0	0	0	0	0	0	0	0	0	0	0	0	134	0	0	0	0	0	0	0	426	0	0	0	0	0	2126	1190	9038	1026	0	162	1208	0	1116	0	0	0	4440	112	0	0	360	0	146	0	4122	0	120	0	0	0	0	0	0	0	0	0	2362	534	0	0	0	0	242	0	0	0	298	1080	114	0	0	0	450	0	0	0	260	0	268	0	148	0	0	0	118	0	650	0	486	0	0	0	0	0	0	0	118	0	0	0	0	0	0	0	0	0	
212864	ParaHippocampal_R	0	1504	0	748	0	0	0	372	0	0	0	162	0	0	0	0	0	116	0	148	0	0	0	0	0	0	0	0	0	1790	0	0	0	238	178	1914	314	28590	162	0	0	5504	0	1468	0	164	94	5846	0	150	0	0	0	580	0	26980	0	1840	0	0	0	0	0	938	0	0	274	3370	0	200	0	0	0	2050	0	138	0	1620	0	476	0	1954	0	3730	0	548	0	964	0	2328	242	764	116	362	0	184	0	4358	94	1332	0	0	148	462	0	322	0	184	0	0	0	104	210	0	98	0	
23812	Amygdala_L	0	0	0	0	0	0	0	0	0	0	0	0	0	0	168	0	0	0	0	0	384	0	0	0	0	0	0	0	824	0	0	0	0	0	0	0	4982	0	1208	0	0	0	0	0	0	0	0	0	0	0	0	0	0	0	2660	0	0	0	0	0	0	0	0	0	0	0	0	0	0	0	0	0	182	0	0	0	224	0	0	0	0	0	386	0	0	0	90	0	798	0	0	0	0	0	0	0	0	0	0	0	0	0	0	0	0	0	0	0	0	0	0	0	0	0	0	0	
45008	Amygdala_R	0	0	0	0	0	0	0	0	0	0	0	0	0	0	0	0	0	0	0	0	0	388	0	0	0	0	0	0	0	896	0	0	0	0	0	0	0	6862	0	5504	0	0	0	0	0	0	0	0	0	0	0	0	0	0	0	4936	0	0	0	0	0	0	0	0	0	0	0	0	0	0	0	0	0	168	0	0	0	0	0	0	0	0	0	2544	0	0	0	670	0	404	0	0	0	0	0	0	0	132	0	0	0	0	0	0	0	0	0	0	0	0	0	0	0	0	0	0	
240408	Calcarine_L	630	0	480	0	0	0	0	0	0	0	0	0	0	0	0	0	0	0	504	0	0	0	0	0	0	0	0	0	110	0	0	0	460	0	4466	456	1970	376	1116	0	0	0	0	8484	10928	5488	11356	2208	8822	3460	19738	812	4624	326	8230	376	198	0	0	0	160	0	0	0	0	0	16452	2080	2230	0	0	0	134	0	138	0	0	284	92	0	0	0	0	0	2094	0	0	0	154	122	422	0	0	0	0	0	0	0	114	0	0	0	0	0	0	0	0	0	0	0	110	0	0	0	0	0	
408740	Calcarine_R	0	584	0	0	0	0	0	0	0	0	0	0	0	0	0	0	0	0	0	2636	0	0	0	0	0	0	0	0	0	128	0	0	1160	6686	364	4028	0	2274	0	1468	0	0	8484	0	3818	24206	430	24076	362	27140	182	17630	0	14078	0	15990	0	1014	0	0	0	646	0	528	0	640	2340	27030	0	5906	0	0	0	0	0	0	0	0	0	0	0	288	0	0	0	3840	0	0	0	4788	0	476	0	0	0	0	0	120	0	216	0	0	0	0	0	0	0	0	0	0	814	0	0	0	0	0	
170284	Cuneus_L	160	0	0	0	0	0	0	0	0	0	0	0	0	0	0	0	0	0	0	0	0	0	0	0	0	0	0	0	0	0	0	0	792	0	1550	270	0	0	0	0	0	0	10928	3818	0	9350	452	566	16716	2478	8016	490	490	284	774	464	0	0	3276	204	0	0	0	0	0	0	16090	7396	360	0	0	0	0	0	0	0	0	0	0	0	0	0	0	0	0	0	0	0	0	0	0	0	0	0	0	0	0	0	0	0	0	0	0	0	0	0	0	0	0	0	218	0	0	0	0	0	
379684	Cuneus_R	0	586	0	0	0	0	0	0	0	0	0	0	0	0	0	0	0	166	0	2804	0	0	0	0	0	0	0	0	0	270	0	0	724	3410	0	500	0	116	0	164	0	0	5488	24206	9350	0	114	4670	2880	37896	1022	13748	0	4122	0	3472	0	4336	864	2668	0	1712	0	2272	0	902	7326	36146	0	12352	0	0	0	0	0	0	0	0	0	250	0	892	0	0	0	2162	0	0	0	1908	0	200	0	0	0	0	0	0	0	0	0	0	0	0	0	0	0	0	0	0	144	0	0	0	0	0	
234372	Lingual_L	0	0	0	0	0	0	0	0	0	0	0	0	0	0	0	0	0	0	0	0	0	0	0	0	0	0	0	0	104	0	0	0	0	0	3712	576	4666	482	4440	94	0	0	11356	430	452	114	0	950	1512	100	11276	0	6352	0	14786	354	96	0	0	0	114	0	0	0	0	0	7458	396	106	0	0	0	0	0	0	0	0	320	0	0	0	0	0	0	314	0	0	0	192	0	8922	1336	1112	0	0	104	9302	2796	10588	3170	148	0	610	144	124	116	0	0	0	0	4964	2378	0	0	0	620	
272008	Lingual_R	0	152	0	0	0	0	0	0	0	0	0	0	0	0	0	0	0	0	0	528	0	0	0	0	0	0	0	0	0	240	0	0	0	644	144	2322	192	5610	112	5846	0	0	2208	24076	566	4670	950	0	0	10502	0	7384	0	8386	178	23636	0	102	0	0	0	0	0	0	0	0	252	7902	0	620	0	0	0	0	0	0	0	530	0	0	0	400	0	0	0	722	0	0	0	948	1588	4534	552	680	0	128	656	2638	2074	7220	0	0	0	0	0	0	0	0	0	94	1980	3872	166	0	0	0	
162512	Occipital_Sup_L	134	0	0	0	0	0	0	0	0	0	0	0	0	0	0	0	0	0	0	0	0	0	0	0	0	0	0	0	0	0	0	0	1026	0	350	0	0	0	0	0	0	0	8822	362	16716	2880	1512	0	0	236	20174	0	1034	0	216	0	300	0	6378	218	658	0	0	0	108	0	15966	3998	168	0	0	0	0	0	0	0	0	0	0	0	0	0	0	0	0	0	0	0	0	0	0	0	0	0	0	0	0	0	0	0	0	0	0	0	0	0	0	0	0	0	0	0	0	0	0	0	
371768	Occipital_Sup_R	0	598	0	0	0	0	0	0	0	0	0	0	0	0	0	0	0	176	0	2334	0	0	0	0	0	0	0	0	0	534	0	0	374	2226	0	0	0	102	0	150	0	0	3460	27140	2478	37896	100	10502	236	0	160	31078	0	6540	0	7466	0	4368	100	6198	0	2626	0	1188	0	4732	2622	19258	0	5830	0	0	0	0	0	0	0	0	0	388	0	986	0	0	0	1684	0	0	0	2096	0	258	0	0	0	0	0	0	0	0	0	0	0	0	0	0	0	0	0	0	0	0	0	0	0	0	
366704	Occipital_Mid_L	1526	0	302	0	0	0	0	0	0	0	0	0	0	0	0	0	1126	0	402	0	0	0	0	0	0	0	0	0	320	0	0	0	986	90	676	0	404	0	360	0	0	0	19738	182	8016	1022	11276	0	20174	160	0	112	20656	0	13154	0	2080	0	5008	0	15908	0	1230	0	19162	0	10760	1152	4710	0	0	0	102	0	98	0	0	0	206	0	806	0	0	0	16804	0	0	0	3338	0	964	0	0	0	0	0	0	0	342	0	0	0	0	0	0	0	0	0	0	0	0	0	0	0	0	0	
270916	Occipital_Mid_R	0	104	0	0	0	0	0	0	0	0	0	0	0	0	0	0	0	0	0	374	0	0	0	0	0	0	0	0	0	0	0	0	292	706	0	0	0	0	0	0	0	0	812	17630	490	13748	0	7384	0	31078	112	0	0	7592	0	6754	0	708	0	2434	0	6620	0	1110	0	14418	1022	6866	0	1944	0	0	0	0	0	0	0	0	0	0	0	296	0	0	0	10304	0	0	0	2404	0	256	0	0	0	0	0	0	0	0	0	0	0	0	0	0	0	0	0	0	0	0	0	0	0	0	
111716	Occipital_Inf_L	0	0	0	0	0	0	0	0	0	0	0	0	0	0	0	0	0	0	0	0	0	0	0	0	0	0	0	0	0	0	0	0	0	0	100	0	216	0	146	0	0	0	4624	0	490	0	6352	0	1034	0	20656	0	0	0	13420	0	0	0	0	0	0	0	0	0	0	0	582	0	180	0	0	0	0	0	0	0	0	0	164	0	304	0	0	0	2998	0	0	0	3166	0	1292	0	0	0	0	0	0	0	134	0	0	0	0	0	0	0	0	0	0	0	0	0	0	0	0	0	
166780	Occipital_Inf_R	0	646	0	90	0	0	0	0	0	0	0	0	0	0	0	0	0	0	0	720	0	0	0	0	0	0	0	0	0	184	0	0	0	894	0	956	0	772	0	580	0	0	326	14078	284	4122	0	8386	0	6540	0	7592	0	0	0	14670	0	806	0	0	0	94	0	162	0	0	100	6086	0	2324	0	0	0	0	0	0	0	0	0	0	0	240	0	0	0	2596	0	0	0	8352	0	946	0	0	0	0	0	0	0	844	0	0	0	0	0	0	0	0	0	0	0	0	0	0	0	0	
296892	Fusiform_L	1284	0	204	0	0	0	276	0	0	0	0	0	0	0	0	0	286	0	162	0	114	0	0	0	0	0	0	0	1470	0	0	0	0	0	490	0	8594	0	4122	0	2660	0	8230	0	774	0	14786	178	216	0	13154	0	13420	0	0	92	642	0	0	0	502	0	0	0	0	0	4734	0	1350	0	0	0	270	0	0	0	0	0	2426	0	3420	0	660	0	5288	0	432	0	12084	0	17494	148	360	0	192	0	6628	254	18530	534	0	0	148	0	0	0	132	0	0	0	590	1116	0	0	0	0	
498768	Fusiform_R	0	3814	0	1224	0	0	0	382	0	0	0	184	0	106	0	0	0	164	0	376	0	0	0	0	0	0	0	0	0	2296	0	0	0	594	0	3424	98	28302	0	26980	0	4936	376	15990	464	3472	354	23636	0	7466	0	6754	0	14670	92	0	0	2770	0	0	0	186	0	1614	0	180	94	8446	0	974	0	0	0	1532	0	0	0	778	0	534	0	5484	0	6526	0	5838	0	1388	0	22030	1002	11326	358	1262	0	766	554	7996	1172	15704	0	0	134	584	0	108	0	0	0	0	1572	2062	256	0	0	0	
226268	Postcentral_L	25302	0	4538	0	0	0	2178	0	0	0	3598	0	136	0	0	0	7392	0	3426	0	0	0	0	0	0	0	0	0	5882	0	0	0	184	0	824	98	1016	0	120	0	0	0	198	0	0	0	96	0	300	0	2080	0	0	0	642	0	0	0	6262	0	24668	0	7950	0	1160	0	3322	0	3414	0	144	0	476	0	0	0	1560	100	2608	0	2232	0	0	0	844	0	0	0	384	0	0	0	0	0	0	0	0	0	0	0	0	0	0	0	0	0	0	0	0	0	0	0	0	0	0	0	
226164	Postcentral_R	0	18866	0	1418	0	0	0	1626	0	0	0	2798	0	90	0	0	0	5876	0	5930	0	0	0	0	0	0	0	0	0	3132	0	0	94	2816	0	188	0	3350	0	1840	0	0	0	1014	0	4336	0	102	0	4368	0	708	0	806	0	2770	0	0	0	2808	0	3718	0	10830	0	798	0	10868	0	11678	0	274	0	3092	0	598	0	1632	0	1154	0	2472	0	0	0	416	0	0	0	616	0	0	0	0	0	0	0	0	0	0	0	0	0	0	0	0	0	0	0	0	0	0	0	0	0	0	
106280	Parietal_Sup_L	0	0	0	0	0	0	0	0	0	0	0	0	0	0	0	0	0	0	0	0	0	0	0	0	0	0	0	0	0	0	0	0	106	0	0	0	0	0	0	0	0	0	0	0	3276	864	0	0	6378	100	5008	0	0	0	0	0	6262	0	0	184	10906	0	0	0	2430	0	13528	2736	1362	0	0	0	0	0	0	0	0	0	0	0	0	0	0	0	0	0	0	0	0	0	0	0	0	0	0	0	0	0	0	0	0	0	0	0	0	0	0	0	0	0	0	0	0	0	0	0	
66472	Parietal_Sup_R	0	112	0	0	0	0	0	0	0	0	0	0	0	0	0	0	0	0	0	218	0	0	0	0	0	0	0	0	0	158	0	0	0	192	0	0	0	0	0	0	0	0	0	0	204	2668	0	0	218	6198	0	2434	0	0	0	0	0	2808	184	0	0	4546	0	326	0	4588	848	6488	0	892	0	0	0	0	0	0	0	0	0	0	0	154	0	0	0	0	0	0	0	0	0	0	0	0	0	0	0	0	0	0	0	0	0	0	0	0	0	0	0	0	0	0	0	0	0	0	
218532	Parietal_Inf_L	5938	0	126	0	0	0	434	0	0	0	238	0	0	0	0	0	1606	0	130	0	0	0	0	0	0	0	0	0	778	0	0	0	0	0	512	0	212	0	0	0	0	0	160	0	0	0	114	0	658	0	15908	0	0	0	502	0	24668	0	10906	0	0	0	12528	0	21960	0	1918	0	1288	0	0	0	284	0	0	0	740	0	244	0	2180	0	0	0	3816	0	0	0	1418	0	0	0	0	0	0	0	0	0	0	0	0	0	0	0	0	0	0	0	0	0	0	0	0	0	0	0	
118384	Parietal_Inf_R	0	602	0	0	0	0	0	0	0	0	0	0	0	0	0	0	0	102	0	134	0	0	0	0	0	0	0	0	0	256	0	0	0	0	0	0	0	124	0	0	0	0	0	646	0	1712	0	0	0	2626	0	6620	0	94	0	186	0	3718	0	4546	0	0	0	9936	0	20496	0	1644	0	1460	0	0	0	0	0	0	0	0	0	0	0	956	0	0	0	3092	0	0	0	242	0	0	0	0	0	0	0	0	0	0	0	0	0	0	0	0	0	0	0	0	0	0	0	0	0	0	
107976	SupraMarginal_L	336	0	506	0	0	0	0	0	0	0	0	0	0	0	0	0	2538	0	420	0	0	0	0	0	0	0	0	0	338	0	0	0	0	0	0	0	254	0	0	0	0	0	0	0	0	0	0	0	0	0	1230	0	0	0	0	0	7950	0	0	0	12528	0	0	0	6698	0	0	0	244	0	0	0	344	0	0	0	896	0	490	0	6278	0	0	0	9114	0	0	0	3824	0	0	0	0	0	0	0	0	0	0	0	0	0	0	0	0	0	0	0	0	0	0	0	0	0	0	0	
142916	SupraMarginal_R	0	1826	0	148	0	0	0	200	0	0	0	0	0	0	0	0	0	4454	0	170	0	0	0	0	0	0	0	0	0	170	0	0	0	0	0	364	0	1148	0	938	0	0	0	528	0	2272	0	0	0	1188	0	1110	0	162	0	1614	0	10830	0	326	0	9936	0	0	0	9720	0	2844	0	2234	0	0	0	0	0	0	0	0	0	188	0	8230	0	0	0	10020	0	0	0	838	0	0	0	0	0	0	0	0	0	0	0	0	0	0	0	0	0	0	0	0	0	0	0	0	0	0	
129124	Angular_L	304	0	0	0	0	0	0	0	0	0	0	0	0	0	0	0	400	0	0	0	0	0	0	0	0	0	0	0	104	0	0	0	0	0	0	0	0	0	0	0	0	0	0	0	0	0	0	0	108	0	19162	0	0	0	0	0	1160	0	2430	0	21960	0	6698	0	0	0	124	0	338	0	0	0	0	0	0	0	0	0	0	0	1396	0	0	0	8444	0	0	0	1934	0	0	0	0	0	0	0	0	0	0	0	0	0	0	0	0	0	0	0	0	0	0	0	0	0	0	0	
147956	Angular_R	0	324	0	0	0	0	0	0	0	0	0	0	0	0	0	0	0	0	0	0	0	0	0	0	0	0	0	0	0	192	0	0	0	0	0	0	0	0	0	0	0	0	0	640	0	902	0	0	0	4732	0	14418	0	0	0	180	0	798	0	4588	0	20496	0	9720	0	0	0	802	0	564	0	0	0	0	0	0	0	0	0	0	0	5110	0	0	0	10220	0	0	0	292	0	0	0	0	0	0	0	0	0	0	0	0	0	0	0	0	0	0	0	0	0	0	0	0	0	0	
323428	Precuneus_L	456	0	0	0	0	0	0	0	0	0	0	0	0	0	0	0	104	0	136	0	0	0	0	0	0	0	0	0	138	0	0	0	6360	2010	8160	2076	3872	894	2362	274	0	0	16452	2340	16090	7326	7458	252	15966	2622	10760	1022	582	100	4734	94	3322	0	13528	848	1918	0	0	0	124	0	0	21536	5042	298	0	0	0	0	0	0	0	562	0	0	0	0	0	0	850	0	0	0	122	92	148	0	0	0	0	0	0	98	0	0	0	0	0	0	0	0	0	0	0	0	586	0	0	0	0	0	
550048	Precuneus_R	0	1752	0	174	0	0	0	0	0	0	0	0	0	0	0	0	0	300	0	9378	0	0	0	0	0	0	0	0	0	936	0	0	4162	15456	3482	14050	1158	6768	534	3370	0	0	2080	27030	7396	36146	396	7902	3998	19258	1152	6866	0	6086	0	8446	0	10868	2736	6488	0	1644	0	2844	0	802	21536	0	158	25228	0	124	0	218	0	0	184	1718	0	558	0	1512	0	0	0	2806	0	0	0	4324	0	236	0	0	0	0	0	1014	0	112	0	0	0	0	0	0	0	0	0	0	1638	0	0	0	0	0	
249980	Paracentral_Lobule_L	32344	160	10256	2324	0	0	630	116	0	0	0	0	0	0	0	0	292	0	20228	3190	0	0	0	0	0	0	0	0	550	0	216	0	5250	500	6834	1592	1432	0	0	0	0	0	2230	0	360	0	106	0	168	0	4710	0	180	0	1350	0	3414	0	1362	0	1288	0	244	0	338	0	5042	158	0	472	2308	376	1134	0	2092	0	8796	1852	0	0	182	0	0	0	696	0	0	0	218	0	0	0	0	0	0	0	0	0	0	0	0	0	0	0	0	0	0	0	0	0	0	0	0	0	0	0	
274312	Paracentral_Lobule_R	0	7104	0	0	0	0	0	0	0	0	0	0	0	0	0	0	0	320	112	20894	0	0	0	0	0	0	0	0	0	906	0	0	1658	20510	1184	5798	0	268	0	200	0	0	0	5906	0	12352	0	620	0	5830	0	1944	0	2324	0	974	0	11678	0	892	0	1460	0	2234	0	564	298	25228	472	0	0	0	0	0	0	0	0	0	0	352	0	862	0	0	0	2540	0	0	0	1414	0	0	0	0	0	0	0	102	0	0	0	0	0	0	0	0	0	0	0	0	156	0	0	0	0	0	
265800	Caudate_L	2356	184	11630	4832	306	0	564	112	0	0	602	1886	0	2210	0	0	586	206	15354	5178	5188	5610	232	0	184	0	1824	0	966	1406	10606	3240	0	322	0	0	0	0	0	0	0	0	0	0	0	0	0	0	0	0	0	0	0	0	0	0	144	0	0	0	0	0	0	0	0	0	0	0	2308	0	0	15814	20584	3496	4898	2764	5936	1372	0	0	0	0	0	0	0	0	0	0	0	0	0	0	0	0	0	0	0	0	0	0	0	0	0	0	0	0	0	0	0	0	0	0	0	0	0	0	
406372	Caudate_R	558	1098	1300	27334	0	1888	296	826	0	406	0	3728	0	4306	0	546	0	842	1368	28504	3924	6688	0	4360	0	4468	884	2248	218	6584	6754	20654	0	2554	1002	1586	438	1024	0	0	0	0	0	0	0	0	0	0	0	0	0	0	0	0	0	0	0	274	0	0	0	0	0	0	0	0	0	124	376	0	15814	0	8536	17228	3136	4448	1212	15652	0	0	0	0	0	0	0	0	0	0	0	0	0	0	0	0	0	0	0	0	0	0	0	0	0	0	0	0	0	0	0	0	0	0	0	0	0	0	
319896	Putamen_L	5250	0	19026	620	5040	0	5960	0	1594	0	678	238	660	290	4278	0	264	0	15752	728	3088	3840	1722	0	420	0	2236	0	15444	174	10844	2062	0	178	0	0	5210	0	242	0	182	0	134	0	0	0	0	0	0	0	102	0	0	0	270	0	476	0	0	0	284	0	344	0	0	0	0	0	1134	0	20584	8536	0	2426	11034	2156	3894	384	132	0	978	0	410	0	182	0	0	0	468	0	0	0	0	0	0	0	0	0	0	0	0	0	0	0	0	0	0	0	0	0	0	0	0	0	0	0	
310380	Putamen_R	0	2474	240	13252	0	3728	0	3340	0	1498	0	5336	0	3884	0	3594	0	6358	204	5804	716	1424	0	5232	0	2770	98	1080	0	21966	3124	11648	0	1776	0	352	0	9906	0	2050	0	168	0	0	0	0	0	0	0	0	0	0	0	0	0	1532	0	3092	0	0	0	0	0	0	0	0	0	218	0	0	3496	17228	2426	0	548	5624	0	6840	0	366	0	916	0	170	0	218	0	0	0	374	0	0	0	0	0	0	0	120	0	0	0	0	0	0	0	0	0	0	0	0	0	0	0	0	0	0	
96444	Pallidum_L	3974	0	7302	366	0	0	676	0	0	0	0	0	0	0	0	0	0	0	6982	380	396	1298	0	0	0	0	0	0	0	0	0	96	0	0	0	0	1058	0	0	0	0	0	138	0	0	0	0	0	0	0	98	0	0	0	0	0	0	0	0	0	0	0	0	0	0	0	0	0	2092	0	4898	3136	11034	548	0	1186	2378	186	0	0	0	0	0	0	0	0	0	0	0	0	0	0	0	0	0	0	0	0	0	0	0	0	0	0	0	0	0	0	0	0	0	0	0	0	0	0	
63456	Pallidum_R	0	1106	160	3242	0	0	0	1690	0	0	0	1232	0	598	0	0	0	1598	118	1092	322	1076	0	0	0	0	0	0	0	422	168	602	0	0	128	162	0	344	0	138	0	0	0	0	0	0	0	0	0	0	0	0	0	0	0	0	0	598	0	0	0	0	0	0	0	0	0	0	0	0	2764	4448	2156	5624	1186	0	124	496	0	134	0	0	0	0	0	0	0	0	0	0	0	0	0	0	0	0	0	0	0	0	0	0	0	0	0	0	0	0	0	0	0	0	0	0	0	0	
202192	Thalamus_L	11672	140	7036	1118	0	0	5838	120	0	0	252	0	0	0	0	0	1106	0	7920	1026	0	0	0	0	0	0	0	0	2540	0	0	0	0	0	5028	6886	6242	1042	298	0	224	0	0	0	0	0	0	0	0	0	0	0	0	0	0	0	1560	0	0	0	740	0	896	0	0	0	0	184	8796	0	5936	1212	3894	0	2378	124	0	16132	358	0	398	0	0	0	0	0	0	0	0	0	0	0	0	0	0	0	0	0	0	0	0	0	0	0	0	0	0	0	0	0	0	0	0	0	0	0	
291556	Thalamus_R	3306	4700	452	18388	0	0	1834	2848	0	0	118	1618	0	452	0	0	134	2126	1284	17068	246	544	0	0	0	0	0	0	874	2408	0	272	0	0	8766	12892	5180	7520	1080	1620	0	0	284	0	0	0	320	530	0	0	0	0	0	0	0	778	100	1632	0	0	0	0	0	0	0	0	562	1718	1852	0	1372	15652	384	6840	186	496	16132	0	204	188	96	482	0	0	0	0	0	0	0	0	0	0	0	0	0	0	0	240	0	0	0	0	0	0	0	0	0	0	0	0	0	0	0	0	0	0	
102060	Heschl_L	3042	0	1516	0	0	0	3030	0	0	0	2086	0	0	0	0	0	6734	0	1060	0	0	0	0	0	0	0	0	0	9640	0	0	0	0	0	0	204	3464	0	114	0	0	0	92	0	0	0	0	0	0	0	206	0	164	0	2426	0	2608	0	0	0	244	0	490	0	0	0	0	0	0	0	0	0	132	0	0	0	358	204	0	0	6188	0	560	0	2804	0	0	0	3664	0	0	0	0	0	0	0	0	0	0	0	0	0	0	0	0	0	0	0	0	0	0	0	0	0	0	0	
43652	Heschl_R	0	1342	0	252	0	0	0	0	0	0	0	0	0	0	0	0	0	1918	0	0	0	0	0	0	0	0	0	0	0	4178	0	0	0	0	0	0	0	930	0	476	0	0	0	0	0	250	0	0	0	388	0	0	0	0	0	534	0	1154	0	0	0	0	0	188	0	0	0	558	0	352	0	0	0	366	0	134	0	188	0	0	0	7724	0	0	0	760	0	0	0	134	0	0	0	0	0	0	0	0	0	0	0	0	0	0	0	0	0	0	0	0	0	0	0	0	0	0	
228892	Temporal_Sup_L	1324	0	2766	0	0	0	2004	0	0	0	1660	0	0	0	0	0	9476	0	1730	0	106	0	0	0	0	0	0	0	9422	0	0	0	0	0	0	96	2394	0	0	0	0	0	0	0	0	0	0	0	0	0	806	0	304	0	3420	0	2232	0	0	0	2180	0	6278	0	1396	0	0	0	182	0	0	0	978	0	0	0	398	96	6188	0	0	0	5998	0	32370	0	92	0	20084	0	186	0	0	0	0	0	102	0	178	0	0	0	0	0	0	0	0	0	0	0	0	0	0	0	0	0	
174204	Temporal_Sup_R	0	2886	0	186	0	0	0	0	0	0	0	270	0	0	0	732	0	5562	0	152	0	0	0	0	0	0	0	0	0	8208	0	0	0	90	0	142	0	4068	0	1954	0	0	0	288	0	892	0	400	0	986	0	296	0	240	0	5484	0	2472	0	154	0	956	0	8230	0	5110	0	1512	0	862	0	0	0	916	0	0	0	482	0	7724	0	0	0	4082	0	16698	0	840	0	4228	0	0	0	0	0	0	0	0	0	0	0	0	0	0	0	0	0	0	0	0	0	0	0	0	0	0	
74800	Temporal_Pole_Sup_L	444	0	1328	0	90	0	1108	0	116	0	2962	0	730	0	636	0	2904	0	432	0	0	0	0	0	0	0	0	0	3310	0	408	0	0	0	0	0	658	0	450	0	386	0	0	0	0	0	0	0	0	0	0	0	0	0	660	0	0	0	0	0	0	0	0	0	0	0	0	0	0	0	0	0	410	0	0	0	0	0	560	0	5998	0	0	0	6072	0	2682	0	5056	0	0	0	0	0	0	0	0	0	0	0	0	0	0	0	0	0	0	0	0	0	0	0	0	0	0	0	
76952	Temporal_Pole_Sup_R	0	0	0	0	0	0	0	0	0	0	0	0	0	0	0	960	0	992	0	0	0	0	0	0	0	0	0	0	0	1434	0	0	0	0	0	0	0	3012	0	3730	0	2544	0	0	0	0	0	0	0	0	0	0	0	0	0	6526	0	0	0	0	0	0	0	0	0	0	0	0	0	0	0	0	0	170	0	0	0	0	0	0	0	4082	0	0	0	4790	0	5290	0	4946	0	0	0	0	0	0	0	0	0	0	0	0	0	0	0	0	0	0	0	0	0	0	0	0	0	0	
291164	Temporal_Mid_L	710	0	340	0	0	0	184	0	0	0	150	0	0	0	0	0	3072	0	308	0	0	0	0	0	0	0	0	0	3362	0	0	0	0	0	0	0	1164	0	0	0	0	0	2094	0	0	0	314	0	0	0	16804	0	2998	0	5288	0	844	0	0	0	3816	0	9114	0	8444	0	850	0	696	0	0	0	182	0	0	0	0	0	2804	0	32370	0	6072	0	0	0	2760	0	40842	0	0	0	0	0	0	0	0	0	0	0	0	0	0	0	0	0	0	0	0	0	0	0	0	0	0	0	
218324	Temporal_Mid_R	0	590	0	0	0	0	0	0	0	0	0	0	0	0	0	300	0	190	0	714	0	0	0	0	0	0	0	0	0	1282	0	0	0	348	0	488	0	2536	0	548	0	0	0	3840	0	2162	0	722	0	1684	0	10304	0	2596	0	5838	0	416	0	0	0	3092	0	10020	0	10220	0	2806	0	2540	0	0	0	218	0	0	0	0	0	760	0	16698	0	4790	0	0	0	3676	0	19784	0	0	0	0	0	0	0	0	0	0	0	0	0	0	0	0	0	0	0	0	0	0	0	0	0	0	
17304	Temporal_Pole_Mid_L	0	0	0	0	0	0	0	0	0	0	0	0	0	0	0	0	0	0	0	0	0	0	0	0	0	0	0	0	0	0	0	0	0	0	0	0	0	0	260	0	90	0	0	0	0	0	0	0	0	0	0	0	0	0	432	0	0	0	0	0	0	0	0	0	0	0	0	0	0	0	0	0	0	0	0	0	0	0	0	0	92	0	2682	0	2760	0	0	0	2336	0	0	0	0	0	0	0	0	0	0	0	0	0	0	0	0	0	0	0	0	0	0	0	0	0	0	0	
31592	Temporal_Pole_Mid_R	0	0	0	0	0	0	0	0	0	0	0	0	0	0	0	192	0	0	0	0	0	0	0	0	0	0	0	0	0	0	0	0	0	0	0	0	0	178	0	964	0	670	0	0	0	0	0	0	0	0	0	0	0	0	0	1388	0	0	0	0	0	0	0	0	0	0	0	0	0	0	0	0	0	0	0	0	0	0	0	0	0	840	0	5290	0	3676	0	0	0	2598	0	0	0	0	0	0	0	0	0	0	0	0	0	0	0	0	0	0	0	0	0	0	0	0	0	0	
244020	Temporal_Inf_L	676	0	478	0	0	0	514	0	0	0	148	0	0	0	0	0	1988	0	350	0	0	0	0	0	0	0	0	0	3328	0	0	0	0	0	0	0	6792	0	268	0	798	0	154	0	0	0	192	0	0	0	3338	0	3166	0	12084	0	384	0	0	0	1418	0	3824	0	1934	0	122	0	218	0	0	0	468	0	0	0	0	0	3664	0	20084	0	5056	0	40842	0	2336	0	0	0	4332	0	978	0	0	0	236	0	1260	0	194	0	386	0	0	0	0	0	0	0	0	0	0	0	0	0	
197844	Temporal_Inf_R	0	1418	0	226	0	0	0	0	0	0	0	0	0	0	0	0	0	0	0	292	0	0	0	0	0	0	0	0	0	822	0	0	0	368	0	1330	0	5848	0	2328	0	404	122	4788	0	1908	0	948	0	2096	0	2404	0	8352	0	22030	0	616	0	0	0	242	0	838	0	292	92	4324	0	1414	0	0	0	374	0	0	0	0	0	134	0	4228	0	4946	0	19784	0	2598	0	0	0	2108	0	414	0	0	0	0	0	568	0	0	0	266	0	0	0	0	0	0	0	0	0	0	0	0	
542788	Cerebelum_Crus1_L	0	0	0	0	0	0	0	0	0	0	0	0	0	0	0	0	0	0	0	0	0	0	0	0	0	0	0	0	0	0	0	0	0	0	0	0	186	0	148	242	0	0	422	0	0	0	8922	1588	0	0	964	0	1292	0	17494	1002	0	0	0	0	0	0	0	0	0	0	148	0	0	0	0	0	0	0	0	0	0	0	0	0	186	0	0	0	0	0	0	0	4332	0	0	7934	43632	5922	1300	1742	19610	3104	59364	10530	11686	866	25248	5990	2582	300	638	156	282	826	6044	13764	10562	1946	326	114	
404680	Cerebelum_Crus1_R	0	0	0	0	0	0	0	0	0	0	0	0	0	0	0	0	0	0	0	0	0	0	0	0	0	0	0	0	0	0	0	0	0	0	0	0	0	0	0	764	0	0	0	476	0	200	1336	4534	0	258	0	256	0	946	148	11326	0	0	0	0	0	0	0	0	0	0	0	236	0	0	0	0	0	0	0	0	0	0	0	0	0	0	0	0	0	0	0	0	0	2108	7934	0	3900	36282	476	2288	3660	8628	8578	43622	542	5364	2488	21982	1656	1130	490	114	118	872	6202	13364	7898	1130	1034	0	
320996	Cerebelum_Crus2_L	0	0	0	0	0	0	0	0	0	0	0	0	0	0	0	0	0	0	0	0	0	0	0	0	0	0	0	0	0	0	0	0	0	0	0	0	0	0	0	116	0	0	0	0	0	0	1112	552	0	0	0	0	0	0	360	358	0	0	0	0	0	0	0	0	0	0	0	0	0	0	0	0	0	0	0	0	0	0	0	0	0	0	0	0	0	0	0	0	978	0	43632	3900	0	6060	360	402	3570	686	13700	4000	24872	1966	31426	3722	2744	168	232	0	0	220	1352	5758	5152	2942	158	0	
265716	Cerebelum_Crus2_R	0	0	0	0	0	0	0	0	0	0	0	0	0	0	0	0	0	0	0	0	0	0	0	0	0	0	0	0	0	0	0	0	0	0	0	0	0	0	0	362	0	0	0	0	0	0	0	680	0	0	0	0	0	0	0	1262	0	0	0	0	0	0	0	0	0	0	0	0	0	0	0	0	0	0	0	0	0	0	0	0	0	0	0	0	0	0	0	0	0	414	5922	36282	6060	0	238	600	614	1054	2886	8698	1894	13360	4974	28582	854	1094	232	248	0	288	434	3222	9644	2380	580	0	
35344	Cerebelum_3_L	0	0	0	0	0	0	0	0	0	0	0	0	0	0	0	0	0	0	0	0	0	0	0	0	0	0	0	0	0	0	0	0	0	0	0	0	0	0	118	0	0	0	0	0	0	0	0	0	0	0	0	0	0	0	192	0	0	0	0	0	0	0	0	0	0	0	0	0	0	0	0	0	0	0	0	0	0	0	0	0	0	0	0	0	0	0	0	0	0	0	1300	476	360	238	0	112	5832	186	2374	470	0	0	444	144	750	124	0	0	728	1524	812	606	658	112	112	0	
80612	Cerebelum_3_R	0	0	0	0	0	0	0	0	0	0	0	0	0	0	0	0	0	0	0	0	0	0	0	0	0	0	0	0	0	0	0	0	0	0	0	0	0	0	0	184	0	0	0	0	0	0	104	128	0	0	0	0	0	0	0	766	0	0	0	0	0	0	0	0	0	0	0	0	0	0	0	0	0	0	0	0	0	0	0	0	0	0	0	0	0	0	0	0	0	0	1742	2288	402	600	112	0	1590	6772	1336	5286	230	0	1276	2070	484	710	0	0	854	4184	4212	1116	2506	528	826	0	
262624	Cerebelum_4_5_L	0	0	0	0	0	0	0	0	0	0	0	0	0	0	0	0	0	0	0	0	0	0	0	0	0	0	0	0	0	0	0	0	0	0	0	0	162	0	650	0	0	0	0	0	0	0	9302	656	0	0	0	0	0	0	6628	554	0	0	0	0	0	0	0	0	0	0	0	0	0	0	0	0	0	0	0	0	0	0	0	0	102	0	0	0	0	0	0	0	236	0	19610	3660	3570	614	5832	1590	0	7482	26478	8276	406	0	2916	816	3844	772	836	0	990	1356	14926	4352	1910	410	928	1448	
218580	Cerebelum_4_5_R	0	0	0	0	0	0	0	0	0	0	0	0	0	0	0	0	0	0	0	108	0	0	0	0	0	0	0	0	0	0	0	0	0	100	0	342	0	1444	0	4358	0	132	0	120	0	0	2796	2638	0	0	0	0	0	0	254	7996	0	0	0	0	0	0	0	0	0	0	98	1014	0	102	0	0	0	120	0	0	0	240	0	0	0	0	0	0	0	0	0	0	0	0	3104	8628	686	1054	186	6772	7482	0	3230	25082	316	0	1470	3058	574	1438	0	408	404	2138	15806	1310	2298	624	1108	252	
433576	Cerebelum_6_L	0	0	0	0	0	0	0	0	0	0	0	0	0	0	0	0	0	0	0	0	0	0	0	0	0	0	0	0	0	0	0	0	0	0	0	0	232	0	486	94	0	0	114	0	0	0	10588	2074	0	0	342	0	134	0	18530	1172	0	0	0	0	0	0	0	0	0	0	0	0	0	0	0	0	0	0	0	0	0	0	0	0	178	0	0	0	0	0	0	0	1260	0	59364	8578	13700	2886	2374	1336	26478	3230	0	12194	2070	226	6836	2012	3326	834	922	0	360	636	8080	17618	6228	732	1022	542	
398940	Cerebelum_6_R	0	0	0	0	0	0	0	0	0	0	0	0	0	0	0	0	0	0	0	0	0	0	0	0	0	0	0	0	0	0	0	0	0	0	0	0	0	212	0	1332	0	0	0	216	0	0	3170	7220	0	0	0	0	0	844	534	15704	0	0	0	0	0	0	0	0	0	0	0	112	0	0	0	0	0	0	0	0	0	0	0	0	0	0	0	0	0	0	0	0	0	568	10530	43622	4000	8698	470	5286	8276	25082	12194	0	474	750	2156	6502	1272	948	334	170	164	1136	14530	15838	4894	874	1186	172	
164496	Cerebelum_7b_L	0	0	0	0	0	0	0	0	0	0	0	0	0	0	0	0	0	0	0	0	0	0	0	0	0	0	0	0	0	0	0	0	0	0	0	0	0	0	0	0	0	0	0	0	0	0	148	0	0	0	0	0	0	0	0	0	0	0	0	0	0	0	0	0	0	0	0	0	0	0	0	0	0	0	0	0	0	0	0	0	0	0	0	0	0	0	0	0	194	0	11686	542	24872	1894	0	230	406	316	2070	474	0	488	26102	2324	3236	168	222	92	0	114	244	750	3032	2508	136	0	
79944	Cerebelum_7b_R	0	0	0	0	0	0	0	0	0	0	0	0	0	0	0	0	0	0	0	0	0	0	0	0	0	0	0	0	0	0	0	0	0	0	0	0	0	0	0	0	0	0	0	0	0	0	0	0	0	0	0	0	0	0	0	0	0	0	0	0	0	0	0	0	0	0	0	0	0	0	0	0	0	0	0	0	0	0	0	0	0	0	0	0	0	0	0	0	0	0	866	5364	1966	13360	0	0	0	0	226	750	488	0	1046	12650	0	364	0	0	0	0	0	264	1548	1080	0	0	
319512	Cerebelum_8_L	0	0	0	0	0	0	0	0	0	0	0	0	0	0	0	0	0	0	0	0	0	0	0	0	0	0	0	0	0	0	0	0	0	0	0	0	0	0	0	148	0	0	0	0	0	0	610	0	0	0	0	0	0	0	148	134	0	0	0	0	0	0	0	0	0	0	0	0	0	0	0	0	0	0	0	0	0	0	0	0	0	0	0	0	0	0	0	0	386	0	25248	2488	31426	4974	444	1276	2916	1470	6836	2156	26102	1046	0	8898	15882	1614	1268	258	0	648	1458	2286	10774	7268	1594	0	
284656	Cerebelum_8_R	0	0	0	0	0	0	0	0	0	0	0	0	0	0	0	0	0	0	0	0	0	0	0	0	0	0	0	0	0	0	0	0	0	0	0	0	0	0	0	462	0	0	0	0	0	0	144	0	0	0	0	0	0	0	0	584	0	0	0	0	0	0	0	0	0	0	0	0	0	0	0	0	0	0	0	0	0	0	0	0	0	0	0	0	0	0	0	0	0	266	5990	21982	3722	28582	144	2070	816	3058	2012	6502	2324	12650	8898	0	1510	13328	100	1072	150	1078	1912	1650	11060	6620	3402	240	
111100	Cerebelum_9_L	0	0	0	0	0	0	0	0	0	0	0	0	0	0	0	0	0	0	0	0	0	0	0	0	0	0	0	0	0	0	0	0	0	0	0	0	0	0	0	0	0	0	0	0	0	0	124	0	0	0	0	0	0	0	0	0	0	0	0	0	0	0	0	0	0	0	0	0	0	0	0	0	0	0	0	0	0	0	0	0	0	0	0	0	0	0	0	0	0	0	2582	1656	2744	854	750	484	3844	574	3326	1272	3236	0	15882	1510	0	1852	2580	0	0	236	1500	2424	3388	1546	2018	1168	
87668	Cerebelum_9_R	0	0	0	0	0	0	0	0	0	0	0	0	0	0	0	0	0	0	0	0	0	0	0	0	0	0	0	0	0	0	0	0	0	0	0	0	0	0	0	322	0	0	0	0	0	0	116	0	0	0	0	0	0	0	0	108	0	0	0	0	0	0	0	0	0	0	0	0	0	0	0	0	0	0	0	0	0	0	0	0	0	0	0	0	0	0	0	0	0	0	300	1130	168	1094	124	710	772	1438	834	948	168	364	1614	13328	1852	0	0	1696	284	478	990	1576	2218	4004	5734	1464	
18148	Cerebelum_10_L	0	0	0	0	0	0	0	0	0	0	0	0	0	0	0	0	0	0	0	0	0	0	0	0	0	0	0	0	0	0	0	0	0	0	0	0	0	0	118	0	0	0	0	0	0	0	0	0	0	0	0	0	0	0	132	0	0	0	0	0	0	0	0	0	0	0	0	0	0	0	0	0	0	0	0	0	0	0	0	0	0	0	0	0	0	0	0	0	0	0	638	490	232	232	0	0	836	0	922	334	222	0	1268	100	2580	0	0	0	0	0	0	278	692	0	0	0	
11268	Cerebelum_10_R	0	0	0	0	0	0	0	0	0	0	0	0	0	0	0	0	0	0	0	0	0	0	0	0	0	0	0	0	0	0	0	0	0	0	0	0	0	0	0	184	0	0	0	0	0	0	0	0	0	0	0	0	0	0	0	0	0	0	0	0	0	0	0	0	0	0	0	0	0	0	0	0	0	0	0	0	0	0	0	0	0	0	0	0	0	0	0	0	0	0	156	114	0	248	0	0	0	408	0	170	92	0	258	1072	0	1696	0	0	0	0	0	0	320	466	450	0	
22880	Vermis_1_2	0	0	0	0	0	0	0	0	0	0	0	0	0	0	0	0	0	0	0	0	0	0	0	0	0	0	0	0	0	0	0	0	0	0	0	0	0	0	0	0	0	0	0	0	0	0	0	0	0	0	0	0	0	0	0	0	0	0	0	0	0	0	0	0	0	0	0	0	0	0	0	0	0	0	0	0	0	0	0	0	0	0	0	0	0	0	0	0	0	0	282	118	0	0	728	854	990	404	360	164	0	0	0	150	0	284	0	0	0	4568	1742	140	174	236	246	0	
52504	Vermis_3	0	0	0	0	0	0	0	0	0	0	0	0	0	0	0	0	0	0	0	0	0	0	0	0	0	0	0	0	0	0	0	0	0	0	0	0	0	0	0	0	0	0	0	0	0	0	0	94	0	0	0	0	0	0	0	0	0	0	0	0	0	0	0	0	0	0	0	0	0	0	0	0	0	0	0	0	0	0	0	0	0	0	0	0	0	0	0	0	0	0	826	872	220	288	1524	4184	1356	2138	636	1136	114	0	648	1078	236	478	0	0	4568	0	3026	378	1310	478	664	0	
215336	Vermis_4_5	0	0	0	0	0	0	0	0	0	0	0	0	0	0	0	0	0	0	0	154	0	0	0	0	0	0	0	0	0	0	0	0	0	156	208	420	0	146	0	0	0	0	110	814	218	144	4964	1980	0	0	0	0	0	0	590	1572	0	0	0	0	0	0	0	0	0	0	586	1638	0	156	0	0	0	0	0	0	0	0	0	0	0	0	0	0	0	0	0	0	0	0	6044	6202	1352	434	812	4212	14926	15806	8080	14530	244	0	1458	1912	1500	990	0	0	1742	3026	0	5116	2238	498	1246	1444	
225540	Vermis_6	0	0	0	0	0	0	0	0	0	0	0	0	0	0	0	0	0	0	0	0	0	0	0	0	0	0	0	0	0	0	0	0	0	0	0	0	0	0	0	104	0	0	0	0	0	0	2378	3872	0	0	0	0	0	0	1116	2062	0	0	0	0	0	0	0	0	0	0	0	0	0	0	0	0	0	0	0	0	0	0	0	0	0	0	0	0	0	0	0	0	0	0	13764	13364	5758	3222	606	1116	4352	1310	17618	15838	750	264	2286	1650	2424	1576	278	0	140	378	5116	0	5690	794	2318	2626	
