data	data	534952	331384	1.02816e+06	805236	131860	110240	548924	214488	61120	14440	209920	232712	266696	188692	185688	74044	264644	157256	708756	846960	113712	139232	465684	472532	31584	99416	81184	73424	641632	430204	314616	636292	216432	598120	117968	155316	284076	326112	91984	220640	92584	116700	237088	262704	141584	279460	291424	333192	169440	194568	431288	223040	136772	91804	388124	437908	365512	352212	123228	108228	212432	115264	121296	111388	119096	109120	258480	415052	203708	316248	293748	581708	359508	409560	67820	36856	127136	186984	148136	26332	262156	101008	161960	94504	317020	201904	34576	25952	368028	201744	494868	401532	307220	306532	34620	60776	370276	260796	516344	377120	248864	106560	341664	286000	74004	187240	15336	15492	45156	100144	328944	180992	236192	245756	175644	51744	
data	data	Precentral_L	Precentral_R	Frontal_Sup_L	Frontal_Sup_R	Frontal_Sup_Orb_L	Frontal_Sup_Orb_R	Frontal_Mid_L	Frontal_Mid_R	Frontal_Mid_Orb_L	Frontal_Mid_Orb_R	Frontal_Inf_Oper_L	Frontal_Inf_Oper_R	Frontal_Inf_Tri_L	Frontal_Inf_Tri_R	Frontal_Inf_Orb_L	Frontal_Inf_Orb_R	Rolandic_Oper_L	Rolandic_Oper_R	Supp_Motor_Area_L	Supp_Motor_Area_R	Olfactory_L	Olfactory_R	Frontal_Sup_Medial_L	Frontal_Sup_Medial_R	Frontal_Med_Orb_L	Frontal_Med_Orb_R	Rectus_L	Rectus_R	Insula_L	Insula_R	Cingulum_Ant_L	Cingulum_Ant_R	Cingulum_Mid_L	Cingulum_Mid_R	Cingulum_Post_L	Cingulum_Post_R	Hippocampus_L	Hippocampus_R	ParaHippocampal_L	ParaHippocampal_R	Amygdala_L	Amygdala_R	Calcarine_L	Calcarine_R	Cuneus_L	Cuneus_R	Lingual_L	Lingual_R	Occipital_Sup_L	Occipital_Sup_R	Occipital_Mid_L	Occipital_Mid_R	Occipital_Inf_L	Occipital_Inf_R	Fusiform_L	Fusiform_R	Postcentral_L	Postcentral_R	Parietal_Sup_L	Parietal_Sup_R	Parietal_Inf_L	Parietal_Inf_R	SupraMarginal_L	SupraMarginal_R	Angular_L	Angular_R	Precuneus_L	Precuneus_R	Paracentral_Lobule_L	Paracentral_Lobule_R	Caudate_L	Caudate_R	Putamen_L	Putamen_R	Pallidum_L	Pallidum_R	Thalamus_L	Thalamus_R	Heschl_L	Heschl_R	Temporal_Sup_L	Temporal_Sup_R	Temporal_Pole_Sup_L	Temporal_Pole_Sup_R	Temporal_Mid_L	Temporal_Mid_R	Temporal_Pole_Mid_L	Temporal_Pole_Mid_R	Temporal_Inf_L	Temporal_Inf_R	Cerebelum_Crus1_L	Cerebelum_Crus1_R	Cerebelum_Crus2_L	Cerebelum_Crus2_R	Cerebelum_3_L	Cerebelum_3_R	Cerebelum_4_5_L	Cerebelum_4_5_R	Cerebelum_6_L	Cerebelum_6_R	Cerebelum_7b_L	Cerebelum_7b_R	Cerebelum_8_L	Cerebelum_8_R	Cerebelum_9_L	Cerebelum_9_R	Cerebelum_10_L	Cerebelum_10_R	Vermis_1_2	Vermis_3	Vermis_4_5	Vermis_6	Vermis_7	Vermis_8	Vermis_9	Vermis_10	
534952	Precentral_L	0	3080	23714	5444	0	0	22718	0	0	0	16336	222	3234	0	0	0	13718	0	14584	11462	0	0	0	0	0	0	0	0	14466	212	110	128	124	6294	484	574	5966	630	908	162	0	0	490	200	0	92	462	180	0	0	1218	0	796	124	492	158	31414	2688	0	0	2680	96	2278	408	128	282	174	442	16154	6062	2410	770	5362	330	3334	134	17174	398	10760	0	5684	0	196	0	4712	0	0	0	4624	0	0	0	0	0	0	0	0	0	0	0	0	0	0	0	0	0	0	0	0	0	0	0	0	0	0	0	
331384	Precentral_R	3080	0	2790	13420	0	0	1466	6428	0	0	0	9828	0	446	0	0	330	3386	2184	19208	0	0	0	0	0	0	0	0	556	3556	100	170	308	2336	610	2594	218	6138	0	1890	0	128	0	1120	0	1100	0	918	0	580	0	506	0	350	0	2196	432	24310	0	214	108	678	0	1222	0	196	112	3692	722	15954	1032	5520	376	2842	0	414	646	15768	126	314	198	700	104	126	0	374	0	0	92	1480	0	0	0	0	0	0	0	0	0	0	0	0	0	0	0	0	0	0	0	0	0	0	0	0	0	0	
1.02816e+06	Frontal_Sup_L	23714	2790	0	14312	8186	1140	84490	1244	2818	0	11642	1202	25778	458	13416	0	12568	688	79002	18326	294	212	49086	7068	2052	0	302	0	30042	1904	19188	12982	6574	8982	178	0	1790	0	0	0	144	0	0	0	0	0	0	0	0	0	0	0	0	0	0	0	6340	846	0	0	596	0	416	112	0	0	0	0	4282	1310	9310	12716	15428	2234	3844	272	4312	1138	1964	0	3396	0	2198	258	124	0	286	0	124	0	0	0	0	0	0	0	0	0	0	0	0	0	0	0	0	0	0	0	0	0	0	0	0	0	0	0	
805236	Frontal_Sup_R	5444	13420	14312	0	0	8122	2832	36062	0	706	258	9918	194	13124	0	5846	408	8226	14384	51316	0	420	14554	44142	312	3410	0	408	986	14784	2680	39266	1774	22308	0	0	0	1858	0	922	0	1266	0	0	0	0	0	0	0	0	0	0	0	0	0	716	5012	1538	0	0	154	0	0	0	0	0	0	0	608	160	2530	24840	1264	16538	112	892	222	11150	142	162	184	292	0	2440	0	0	0	0	0	0	0	0	0	0	0	0	0	0	0	0	0	0	0	0	0	0	0	0	0	0	0	0	0	0	0	0	
131860	Frontal_Sup_Orb_L	0	0	8186	0	0	0	384	0	8236	0	0	0	394	0	13202	0	0	0	0	0	2850	458	3606	156	3828	0	6130	94	5772	0	4218	294	0	0	0	0	0	0	0	0	1042	102	0	0	0	0	0	0	0	0	0	0	0	0	0	0	0	0	0	0	0	0	0	0	0	0	0	0	0	0	1328	302	3862	0	0	0	0	0	0	0	0	0	1486	0	0	0	0	0	0	0	0	0	0	0	0	0	0	0	0	0	0	0	0	0	0	0	0	0	0	0	0	0	0	0	0	0	
110240	Frontal_Sup_Orb_R	0	0	1140	8122	0	0	236	620	0	1582	0	262	0	738	0	1782	0	0	798	322	146	1350	274	2388	184	8212	0	6768	90	1870	436	4678	0	0	0	0	0	0	0	0	0	1496	0	0	0	0	0	0	0	0	0	0	0	0	0	0	0	0	0	0	0	0	0	0	0	0	0	0	0	0	558	6304	0	4636	0	0	128	0	0	0	0	0	0	0	0	0	0	0	0	0	0	0	0	0	0	0	0	0	0	0	0	0	0	0	0	0	0	0	0	0	0	0	0	0	0	0	
548924	Frontal_Mid_L	22718	1466	84490	2832	384	236	0	152	2936	0	10780	710	36988	0	8038	0	3170	242	14568	2192	0	0	23292	2668	0	0	0	0	15252	696	5270	2508	3206	2820	0	0	1828	0	98	0	0	0	0	0	0	0	0	0	0	0	0	0	0	0	0	0	4116	356	0	0	274	0	434	274	0	214	0	0	188	466	3700	3512	4666	738	866	146	1286	292	1650	0	1506	0	112	0	0	0	0	0	126	0	0	0	0	0	0	0	0	0	0	0	0	0	0	0	0	0	0	0	0	0	0	0	0	0	0	0	
214488	Frontal_Mid_R	0	6428	1244	36062	0	620	152	0	0	860	0	8438	0	16980	0	4132	0	1224	2376	5234	0	0	2256	5902	0	0	0	0	0	4134	330	3340	218	2796	0	0	0	0	0	0	0	408	0	0	0	0	0	0	0	0	0	0	0	0	0	0	0	322	0	0	0	0	0	0	0	0	0	0	0	0	0	1842	0	1254	0	0	0	106	0	0	0	0	0	586	0	0	0	0	0	0	0	0	0	0	0	0	0	0	0	0	0	0	0	0	0	0	0	0	0	0	0	0	0	0	0	0	
61120	Frontal_Mid_Orb_L	0	0	2818	0	8236	0	2936	0	0	0	0	0	1416	0	11710	0	0	0	0	0	0	0	210	0	0	0	1168	0	770	0	172	0	0	0	0	0	0	0	0	0	0	0	0	0	0	0	0	0	0	0	0	0	0	0	0	0	0	0	0	0	0	0	0	0	0	0	0	0	0	0	0	0	1124	0	0	0	0	0	0	0	0	0	0	0	0	0	0	0	0	0	0	0	0	0	0	0	0	0	0	0	0	0	0	0	0	0	0	0	0	0	0	0	0	0	0	0	
14440	Frontal_Mid_Orb_R	0	0	0	706	0	1582	0	860	0	0	0	0	0	288	0	2078	0	0	0	0	0	0	0	0	0	428	0	0	0	334	0	0	0	0	0	0	0	0	0	0	0	210	0	0	0	0	0	0	0	0	0	0	0	0	0	0	0	0	0	0	0	0	0	0	0	0	0	0	0	0	0	0	0	734	0	0	0	0	0	0	0	0	0	0	0	0	0	0	0	0	0	0	0	0	0	0	0	0	0	0	0	0	0	0	0	0	0	0	0	0	0	0	0	0	0	0	
209920	Frontal_Inf_Oper_L	16336	0	11642	258	0	0	10780	0	0	0	0	798	10574	0	106	0	10426	250	9182	240	0	0	0	0	0	0	0	0	12206	848	592	410	126	0	0	0	0	0	0	0	0	0	0	0	0	0	0	0	0	0	0	0	0	0	0	0	5702	0	0	0	0	0	0	0	0	0	0	0	0	0	2324	1536	742	332	0	0	466	0	1584	0	3664	0	3694	0	0	0	142	0	0	0	0	0	0	0	0	0	0	0	0	0	0	0	0	0	0	0	0	0	0	0	0	0	0	0	0	0	
232712	Frontal_Inf_Oper_R	222	9828	1202	9918	0	262	710	8438	0	0	798	0	452	12148	0	0	0	7326	1580	5770	0	0	174	1746	0	0	0	0	386	20892	478	5978	0	1774	0	0	0	608	0	246	0	0	0	0	0	0	0	0	0	0	0	0	0	0	0	158	0	4644	0	0	0	92	0	0	0	0	0	0	116	0	1066	10152	194	3376	0	230	0	518	0	224	0	274	0	4376	0	0	0	0	0	0	0	0	0	0	0	0	0	0	0	0	0	0	0	0	0	0	0	0	0	0	0	0	0	0	0	0	
266696	Frontal_Inf_Tri_L	3234	0	25778	194	394	0	36988	0	1416	0	10574	452	0	96	10478	0	1708	100	8210	258	0	0	2920	90	0	0	0	0	20542	442	2402	346	676	92	0	0	0	0	0	0	0	0	0	0	0	0	0	0	0	0	0	0	0	0	0	0	876	0	0	0	0	0	0	0	0	0	0	0	0	0	1908	1064	890	176	0	0	94	0	268	0	312	0	370	0	0	0	0	0	0	0	0	0	0	0	0	0	0	0	0	0	0	0	0	0	0	0	0	0	0	0	0	0	0	0	0	0	
188692	Frontal_Inf_Tri_R	0	446	458	13124	0	738	0	16980	0	288	0	12148	96	0	0	2970	0	196	966	5284	0	0	660	5422	0	0	0	0	96	14316	316	10060	0	3898	0	0	0	0	0	0	0	0	0	0	0	0	0	0	0	0	0	0	0	0	0	0	0	170	0	0	0	0	0	0	0	0	0	0	0	0	198	4742	0	652	0	0	0	0	0	0	0	0	0	122	0	0	0	0	0	0	0	0	0	0	0	0	0	0	0	0	0	0	0	0	0	0	0	0	0	0	0	0	0	0	0	0	
185688	Frontal_Inf_Orb_L	0	0	13416	0	13202	0	8038	0	11710	0	106	0	10478	0	0	0	0	0	328	0	3096	260	2832	0	342	0	1492	0	15320	0	2178	0	0	0	0	0	226	0	0	0	952	120	0	0	0	0	0	0	0	0	0	0	0	0	100	0	0	0	0	0	0	0	0	0	0	0	0	0	0	0	1342	262	3838	0	0	0	0	0	0	0	0	0	3206	0	0	0	0	0	0	0	0	0	0	0	0	0	0	0	0	0	0	0	0	0	0	0	0	0	0	0	0	0	0	0	0	0	
74044	Frontal_Inf_Orb_R	0	0	0	5846	0	1782	0	4132	0	2078	0	0	0	2970	0	0	0	0	0	328	148	936	0	824	0	166	0	1196	106	6400	0	1462	0	226	0	0	0	0	0	118	0	1410	0	0	0	0	0	0	0	0	0	0	0	0	0	0	0	0	0	0	0	0	0	0	0	0	0	0	0	0	270	2084	320	4220	0	0	0	0	0	0	0	0	0	0	0	0	0	0	0	0	0	0	0	0	0	0	0	0	0	0	0	0	0	0	0	0	0	0	0	0	0	0	0	0	0	0	
264644	Rolandic_Oper_L	13718	330	12568	408	0	0	3170	0	0	0	10426	0	1708	0	0	0	0	0	12312	392	0	0	116	0	0	0	0	0	20302	114	278	286	146	204	0	0	292	0	0	0	0	0	130	0	0	0	0	0	0	0	526	0	220	0	0	0	15850	0	0	0	338	0	1370	0	146	0	0	0	0	0	1764	562	2816	170	1368	0	606	0	8460	0	14584	0	3776	0	1000	0	704	0	1162	0	0	0	0	0	0	0	0	0	0	0	0	0	0	0	0	0	0	0	0	0	0	0	0	0	0	0	
157256	Rolandic_Oper_R	0	3386	688	8226	0	0	242	1224	0	0	250	7326	100	196	0	0	0	0	1136	6762	0	0	0	310	0	0	0	0	120	15162	0	1106	0	282	0	0	0	1626	0	492	0	0	0	0	0	0	0	0	0	0	0	0	0	0	0	618	0	5734	0	0	0	0	0	3340	0	0	0	0	202	0	282	2742	0	4592	0	592	0	174	0	3090	0	4288	0	4114	0	0	0	0	0	226	0	0	0	0	0	0	0	0	0	0	0	0	0	0	0	0	0	0	0	0	0	0	0	0	0	0	
708756	Supp_Motor_Area_L	14584	2184	79002	14384	0	798	14568	2376	0	0	9182	1580	8210	966	328	0	12312	1136	0	36236	0	0	16674	6774	0	0	0	0	15516	2410	5194	13560	17892	20232	840	176	1590	0	0	0	0	0	0	0	0	0	0	0	0	0	0	0	0	0	842	0	5516	694	0	0	0	0	0	100	0	0	144	0	7538	434	5906	10816	6218	1986	3750	350	382	1268	1870	0	3412	0	1606	404	462	0	234	0	1742	0	0	0	0	0	0	0	0	0	0	0	0	0	0	0	0	0	0	0	0	0	0	0	0	0	0	0	
846960	Supp_Motor_Area_R	11462	19208	18326	51316	0	322	2192	5234	0	0	240	5770	258	5284	0	328	392	6762	36236	0	0	0	7756	24492	0	0	0	0	948	6730	2144	21916	10842	60028	914	1722	276	3372	0	1016	0	120	0	802	278	912	0	386	0	214	98	656	0	840	0	2222	2866	5780	0	116	486	242	130	1010	0	0	562	3148	15992	34078	3044	17582	1244	6440	360	1396	664	11328	136	298	140	618	0	1624	0	946	0	0	0	1236	0	0	0	0	0	0	0	0	0	0	0	0	0	0	0	0	0	0	0	0	0	0	0	0	0	0	
113712	Olfactory_L	0	0	294	0	2850	146	0	0	0	0	0	0	0	0	3096	148	0	0	0	0	0	6240	228	0	0	248	5500	1104	6826	602	2332	1936	0	0	0	0	1198	0	430	0	3960	816	0	0	0	0	0	0	0	0	0	0	0	0	626	0	0	0	0	0	0	0	0	0	0	0	0	0	0	0	7148	3872	2716	864	0	0	124	0	0	0	0	0	3448	0	0	0	0	0	104	0	0	0	0	0	0	0	0	0	0	0	0	0	0	0	0	0	0	0	0	0	0	0	0	0	0	0	
139232	Olfactory_R	0	0	212	420	458	1350	0	0	0	0	0	0	0	0	260	936	0	0	0	0	6240	0	204	108	0	878	4028	3702	2114	3764	2382	3042	0	0	0	0	0	858	0	640	880	4326	0	0	0	0	0	0	0	0	0	0	0	0	0	0	0	0	0	0	0	0	0	0	0	0	0	0	0	0	8794	11180	6190	3770	260	276	0	494	0	0	0	0	1246	604	0	0	0	0	0	0	0	0	0	0	0	0	0	0	0	0	0	0	0	0	0	0	0	0	0	0	0	0	0	0	0	0	
465684	Frontal_Sup_Medial_L	0	0	49086	14554	3606	274	23292	2256	210	0	0	174	2920	660	2832	0	116	0	16674	7756	228	204	0	28736	2240	2408	438	182	3776	228	23686	17840	5844	16556	0	0	0	0	0	0	106	92	0	0	0	0	0	0	0	0	0	0	0	0	0	0	0	0	0	0	0	0	0	0	0	0	0	0	0	0	1130	786	3346	276	0	0	0	0	0	0	0	0	330	0	0	0	0	0	0	0	0	0	0	0	0	0	0	0	0	0	0	0	0	0	0	0	0	0	0	0	0	0	0	0	0	0	
472532	Frontal_Sup_Medial_R	0	0	7068	44142	156	2388	2668	5902	0	0	0	1746	90	5422	0	824	0	310	6774	24492	0	108	28736	0	682	7088	0	258	170	4104	8562	37662	1156	27906	0	0	0	468	0	280	0	224	0	0	0	0	0	0	0	0	0	0	0	0	0	278	0	0	0	0	0	0	0	0	0	0	0	0	0	0	166	7252	258	8750	0	176	0	0	0	0	0	0	0	0	0	0	0	0	0	0	0	0	0	0	0	0	0	0	0	0	0	0	0	0	0	0	0	0	0	0	0	0	0	0	0	0	
31584	Frontal_Med_Orb_L	0	0	2052	312	3828	184	0	0	0	0	0	0	0	0	342	0	0	0	0	0	0	0	2240	682	0	984	1096	0	768	0	2108	186	0	0	0	0	0	0	0	0	0	0	0	0	0	0	0	0	0	0	0	0	0	0	0	0	0	0	0	0	0	0	0	0	0	0	0	0	0	0	116	0	894	0	0	0	0	0	0	0	0	0	0	0	0	0	0	0	0	0	0	0	0	0	0	0	0	0	0	0	0	0	0	0	0	0	0	0	0	0	0	0	0	0	0	0	
99416	Frontal_Med_Orb_R	0	0	0	3410	0	8212	0	0	0	428	0	0	0	0	0	166	0	0	0	0	248	878	2408	7088	984	0	262	6294	0	498	4446	6040	0	0	0	0	0	0	0	0	0	616	0	0	0	0	0	0	0	0	0	0	0	0	0	0	0	0	0	0	0	0	0	0	0	0	0	0	0	0	0	4200	0	3530	0	0	0	0	0	0	0	0	0	0	0	0	0	0	0	0	0	0	0	0	0	0	0	0	0	0	0	0	0	0	0	0	0	0	0	0	0	0	0	0	0	0	
81184	Rectus_L	0	0	302	0	6130	0	0	0	1168	0	0	0	0	0	1492	0	0	0	0	0	5500	4028	438	0	1096	262	0	988	1760	418	4286	2346	0	0	0	0	0	0	0	0	1236	650	0	0	0	0	0	0	0	0	0	0	0	0	0	0	0	0	0	0	0	0	0	0	0	0	0	0	0	0	3502	2192	1080	650	0	0	0	0	0	0	0	0	1068	0	0	0	0	0	0	0	0	0	0	0	0	0	0	0	0	0	0	0	0	0	0	0	0	0	0	0	0	0	0	0	0	0	
73424	Rectus_R	0	0	0	408	94	6768	0	0	0	0	0	0	0	0	0	1196	0	0	0	0	1104	3702	182	258	0	6294	988	0	220	1784	1172	3024	0	0	0	0	0	86	0	100	184	2018	0	0	0	0	0	0	0	0	0	0	0	0	0	0	0	0	0	0	0	0	0	0	0	0	0	0	0	0	500	4064	114	2256	0	0	0	0	0	0	0	0	196	0	0	0	0	0	0	0	0	0	0	0	0	0	0	0	0	0	0	0	0	0	0	0	0	0	0	0	0	0	0	0	0	0	
641632	Insula_L	14466	556	30042	986	5772	90	15252	0	770	0	12206	386	20542	96	15320	106	20302	120	15516	948	6826	2114	3776	170	768	0	1760	220	0	756	5474	1418	1914	438	0	0	13944	142	554	0	6284	624	196	0	0	0	144	0	0	0	496	0	418	0	5694	0	8968	228	0	0	546	0	1356	254	0	132	144	0	108	138	9558	3956	20606	1460	796	0	3842	0	12734	0	14676	0	13454	0	7032	0	338	0	12884	0	0	0	0	0	0	0	0	0	0	0	0	0	0	0	0	0	0	0	0	0	0	0	0	0	0	0	
430204	Insula_R	212	3556	1904	14784	0	1870	696	4134	0	334	848	20892	442	14316	0	6400	114	15162	2410	6730	602	3764	228	4104	0	498	418	1784	756	0	694	11312	0	2126	506	540	0	9550	0	4318	118	4822	0	0	0	0	0	268	0	0	0	0	0	0	0	5032	0	3144	0	108	0	0	0	1052	0	0	0	198	232	138	2172	16226	1166	24812	0	1004	0	440	0	2432	0	5502	172	6170	0	908	0	0	0	2982	0	0	0	0	0	0	0	0	0	0	0	0	0	0	0	0	0	0	0	0	0	0	0	0	0	0	
314616	Cingulum_Ant_L	110	100	19188	2680	4218	436	5270	330	172	0	592	478	2402	316	2178	0	278	0	5194	2144	2332	2382	23686	8562	2108	4446	4286	1172	5474	694	0	20154	8488	4864	538	0	0	0	0	0	570	378	0	0	0	0	0	0	0	0	0	0	0	0	0	0	0	0	0	0	0	0	0	0	0	0	0	0	0	114	4774	3986	9292	1606	150	120	0	0	0	0	162	0	884	0	0	0	0	0	0	0	0	0	0	0	0	0	0	0	0	0	0	0	0	0	0	0	0	0	0	0	0	0	0	0	0	0	
636292	Cingulum_Ant_R	128	170	12982	39266	294	4678	2508	3340	0	0	410	5978	346	10060	0	1462	286	1106	13560	21916	1936	3042	17840	37662	186	6040	2346	3024	1418	11312	20154	0	4460	29596	0	0	0	538	0	300	338	684	0	0	0	0	0	0	0	0	0	0	0	0	0	302	0	0	0	0	0	0	0	0	0	0	0	0	0	0	3010	34396	2050	16604	0	382	588	440	0	0	154	0	572	282	0	0	0	0	0	0	0	0	0	0	0	0	0	0	0	0	0	0	0	0	0	0	0	0	0	0	0	0	0	0	0	0	
216432	Cingulum_Mid_L	124	308	6574	1774	0	0	3206	218	0	0	126	0	676	0	0	0	146	0	17892	10842	0	0	5844	1156	0	0	0	0	1914	0	8488	4460	0	20120	3426	1354	322	0	0	0	0	0	158	0	824	0	0	0	1726	0	2042	0	0	0	270	0	254	412	588	0	280	0	0	0	96	0	3060	692	3580	1344	1216	148	1156	0	0	0	0	0	0	0	132	0	0	0	372	0	0	0	896	0	0	0	0	0	0	0	0	0	0	0	0	0	0	0	0	0	0	0	0	0	0	0	0	0	0	0	
598120	Cingulum_Mid_R	6294	2336	8982	22308	0	0	2820	2796	0	0	0	1774	92	3898	0	226	204	282	20232	60028	0	0	16556	27906	0	0	0	0	438	2126	4864	29596	20120	0	1974	6304	156	328	0	0	0	0	0	556	372	2142	0	926	326	484	176	184	0	0	0	162	742	2896	0	234	190	0	0	0	0	0	2448	8590	13766	17934	616	1790	162	1056	0	88	184	156	0	0	0	0	0	102	0	138	0	0	0	0	0	0	0	0	0	0	0	0	0	0	0	0	0	0	0	0	0	0	0	0	0	0	0	0	0	0	
117968	Cingulum_Post_L	484	610	178	0	0	0	0	0	0	0	0	0	0	0	0	0	0	0	840	914	0	0	0	0	0	0	0	0	0	506	538	0	3426	1974	0	10480	3146	1846	710	306	0	0	2556	116	714	0	1110	430	0	0	592	0	948	618	210	816	2430	1420	0	0	0	0	0	0	0	0	7254	3304	3282	2224	0	0	0	380	0	0	0	0	0	0	0	110	0	0	808	0	0	0	1572	2132	0	0	0	0	0	0	0	0	0	0	0	0	0	0	0	0	0	0	0	0	0	0	0	0	0	0	
155316	Cingulum_Post_R	574	2594	0	0	0	0	0	0	0	0	0	0	0	0	0	0	0	0	176	1722	0	0	0	0	0	0	0	0	0	540	0	0	1354	6304	10480	0	3638	3704	378	1192	0	0	0	2004	0	354	0	3320	0	0	0	162	0	2274	0	1932	0	6124	0	0	0	0	0	0	0	0	1682	12954	1074	7770	0	0	0	412	0	0	712	570	0	0	0	112	0	0	0	194	0	0	110	2698	0	0	0	0	0	0	0	116	0	0	0	0	0	0	0	0	0	0	0	0	428	0	0	0	0	0	
284076	Hippocampus_L	5966	218	1790	0	0	0	1828	0	0	0	0	0	0	0	226	0	292	0	1590	276	1198	0	0	0	0	0	0	0	13944	0	0	0	322	156	3146	3638	0	2208	13872	958	9250	0	784	0	0	0	3680	890	0	0	236	0	762	0	21796	342	1848	0	0	0	144	0	176	0	0	0	1308	1332	0	110	134	0	9190	174	94	0	6894	544	2334	0	3498	0	2942	0	3400	0	0	0	17134	0	674	0	0	0	0	0	96	0	644	0	0	0	0	0	0	0	0	0	0	0	0	0	0	0	0	0	
326112	Hippocampus_R	630	6138	0	1858	0	0	0	0	0	0	0	608	0	0	0	0	0	1626	0	3372	0	858	0	468	0	0	0	86	142	9550	0	538	0	328	1846	3704	2208	0	270	30702	0	9552	0	544	0	0	0	5512	0	0	0	104	0	280	0	27878	0	2106	0	152	0	114	0	820	0	0	0	2400	334	1016	204	474	208	16358	0	738	1018	7640	0	520	0	1446	0	1914	0	2502	0	234	0	11760	0	166	0	0	0	0	0	1782	0	168	0	0	0	0	0	0	0	0	0	0	180	0	0	0	0	0	
91984	ParaHippocampal_L	908	0	0	0	0	0	98	0	0	0	0	0	0	0	0	0	0	0	0	0	430	0	0	0	0	0	0	0	554	0	0	0	0	0	710	378	13872	270	0	136	2566	0	742	0	0	0	5368	640	0	0	194	0	428	0	8280	0	380	0	0	0	0	0	0	0	0	0	1358	166	0	0	0	0	2078	0	0	0	820	0	0	0	0	0	1138	0	0	0	846	0	2244	0	112	0	0	0	126	0	164	0	866	0	0	0	0	0	0	0	0	0	0	120	0	0	0	0	0	0	
220640	ParaHippocampal_R	162	1890	0	922	0	0	0	0	0	0	0	246	0	0	0	118	0	492	0	1016	0	640	0	280	0	0	0	100	0	4318	0	300	0	0	306	1192	958	30702	136	0	0	5816	0	184	0	0	0	7054	0	0	0	0	0	0	0	22008	0	284	0	0	0	0	0	0	0	0	0	2692	0	276	128	372	140	8050	0	412	522	5980	0	210	0	502	0	2206	0	1424	0	952	0	4152	0	148	0	0	0	0	0	2390	0	150	0	0	0	0	0	0	0	0	0	0	490	0	0	0	0	0	
92584	Amygdala_L	0	0	144	0	1042	0	0	0	0	0	0	0	0	0	952	0	0	0	0	0	3960	880	106	0	0	0	1236	184	6284	118	570	338	0	0	0	0	9250	0	2566	0	0	206	0	0	0	0	0	0	0	0	0	0	0	0	6958	0	0	0	0	0	0	0	0	0	0	0	0	0	0	0	1290	714	1086	174	0	0	210	0	0	0	132	0	5486	0	94	0	238	0	2074	0	0	0	0	0	0	0	0	0	0	0	0	0	0	0	0	0	0	0	0	0	0	0	0	0	0	0	
116700	Amygdala_R	0	128	0	1266	102	1496	0	408	0	210	0	0	0	0	120	1410	0	0	0	120	816	4326	92	224	0	616	650	2018	624	4822	378	684	0	0	0	0	0	9552	0	5816	206	0	0	0	0	0	0	0	0	0	0	0	0	0	0	6152	0	0	0	0	0	0	0	0	0	0	0	0	0	114	2024	4368	1804	3110	0	0	0	200	0	0	0	0	314	2792	0	214	0	112	0	1062	0	0	0	0	0	0	0	0	0	0	0	0	0	0	0	0	0	0	0	0	0	0	0	0	0	0	
237088	Calcarine_L	490	0	0	0	0	0	0	0	0	0	0	0	0	0	0	0	130	0	0	0	0	0	0	0	0	0	0	0	196	0	0	0	158	0	2556	0	784	0	742	0	0	0	0	3986	10976	3898	14212	1052	10054	428	29972	0	3988	0	1800	0	1898	0	438	0	954	0	516	0	490	0	16294	792	634	0	0	0	0	0	0	0	0	0	104	0	290	0	0	0	4296	0	0	0	2518	0	290	106	0	0	0	0	542	172	536	160	0	0	0	0	0	0	0	0	0	0	1196	680	0	0	0	216	
262704	Calcarine_R	200	1120	0	0	0	0	0	0	0	0	0	0	0	0	0	0	0	0	0	802	0	0	0	0	0	0	0	0	0	0	0	0	0	556	116	2004	0	544	0	184	0	0	3986	0	2036	24126	1450	16246	0	13152	0	11804	0	3628	0	5366	0	6414	0	1076	0	2336	0	1252	0	92	1184	22228	252	2654	0	0	0	96	0	0	0	0	0	0	0	166	0	0	0	4172	0	0	0	1226	0	0	0	0	0	0	150	238	0	106	0	0	0	0	0	0	0	0	0	0	390	0	0	0	0	0	
141584	Cuneus_L	0	0	0	0	0	0	0	0	0	0	0	0	0	0	0	0	0	0	0	278	0	0	0	0	0	0	0	0	0	0	0	0	824	372	714	0	0	0	0	0	0	0	10976	2036	0	5250	2126	0	16544	474	10520	0	784	0	166	0	868	0	2996	0	150	0	0	0	0	0	12066	1856	824	0	0	0	0	0	0	0	0	0	0	0	0	0	0	0	484	0	0	0	484	0	0	0	0	0	0	0	0	0	0	0	0	0	0	0	0	0	0	0	0	0	0	0	0	0	0	0	
279460	Cuneus_R	92	1100	0	0	0	0	0	0	0	0	0	0	0	0	0	0	0	0	0	912	0	0	0	0	0	0	0	0	0	0	0	0	0	2142	0	354	0	0	0	0	0	0	3898	24126	5250	0	398	3658	144	25084	0	12200	0	384	0	2150	0	8766	0	4168	0	2942	0	594	0	788	4416	28718	0	3060	0	0	0	0	0	0	0	0	0	0	0	284	0	0	0	3094	0	0	0	1008	0	0	0	0	0	0	0	0	0	0	0	0	0	0	0	0	0	0	0	0	0	0	0	0	0	0	
291424	Lingual_L	462	0	0	0	0	0	0	0	0	0	0	0	0	0	0	0	0	0	0	0	0	0	0	0	0	0	0	0	144	0	0	0	0	0	1110	0	3680	0	5368	0	0	0	14212	1450	2126	398	0	3236	3358	92	15418	0	9580	0	16460	342	368	0	0	0	0	0	0	0	0	0	7752	172	0	0	0	0	750	0	0	0	196	0	0	0	0	0	0	0	1174	0	0	0	3416	0	7754	1138	1768	578	0	410	11032	2444	14766	1656	478	0	794	360	0	312	0	0	0	462	6682	2354	754	354	352	0	
333192	Lingual_R	180	918	0	0	0	0	0	0	0	0	0	0	0	0	0	0	0	0	0	386	0	0	0	0	0	0	0	0	0	268	0	0	0	926	430	3320	890	5512	640	7054	0	0	1052	16246	0	3658	3236	0	158	3116	200	2916	0	3464	380	18166	0	1474	0	0	0	0	0	0	0	0	154	9688	414	2228	0	0	0	192	0	0	172	2688	0	0	0	0	0	0	0	692	0	0	0	1270	2416	11296	410	3300	86	224	3996	10770	5134	12634	216	0	474	424	98	196	0	0	86	542	9630	8240	3596	220	266	254	
169440	Occipital_Sup_L	0	0	0	0	0	0	0	0	0	0	0	0	0	0	0	0	0	0	0	0	0	0	0	0	0	0	0	0	0	0	0	0	1726	326	0	0	0	0	0	0	0	0	10054	0	16544	144	3358	158	0	0	25440	0	522	0	164	0	640	0	8030	0	2500	0	344	0	820	0	11150	1200	116	0	0	0	0	0	0	0	0	0	0	0	86	0	0	0	1280	0	0	0	118	0	0	0	0	0	0	0	0	0	0	0	0	0	0	0	0	0	0	0	0	0	0	0	0	0	0	0	
194568	Occipital_Sup_R	0	580	0	0	0	0	0	0	0	0	0	0	0	0	0	0	0	0	0	214	0	0	0	0	0	0	0	0	0	0	0	0	0	484	0	0	0	0	0	0	0	0	428	13152	474	25084	92	3116	0	0	0	20588	0	784	0	2574	0	2696	0	3324	0	1574	0	292	0	6728	230	8536	0	1484	0	0	0	0	0	0	0	0	0	0	0	472	0	0	0	3390	0	0	0	988	0	0	0	0	0	0	0	0	0	0	0	0	0	0	0	0	0	0	0	0	0	0	0	0	0	0	
431288	Occipital_Mid_L	1218	0	0	0	0	0	0	0	0	0	0	0	0	0	0	0	526	0	0	98	0	0	0	0	0	0	0	0	496	0	0	0	2042	176	592	0	236	0	194	0	0	0	29972	0	10520	0	15418	200	25440	0	0	0	18508	0	7624	0	8396	98	14224	0	18648	0	1718	0	15634	0	13096	224	1414	128	0	0	0	0	0	0	0	0	192	0	1662	0	0	0	19654	0	0	0	5056	0	438	0	0	0	0	0	290	0	954	0	0	0	0	0	0	0	0	0	0	0	342	216	0	0	0	0	
223040	Occipital_Mid_R	0	506	0	0	0	0	0	0	0	0	0	0	0	0	0	0	0	0	0	656	0	0	0	0	0	0	0	0	0	0	0	0	0	184	0	162	0	104	0	0	0	0	0	11804	0	12200	0	2916	0	20588	0	0	0	5572	0	4524	0	2526	0	664	0	2004	0	470	0	10532	0	7786	0	1736	0	0	0	0	0	0	0	0	0	0	0	1502	0	0	0	21550	0	0	0	3534	0	0	0	0	0	0	0	0	0	0	0	0	0	0	0	0	0	0	0	0	0	0	0	0	0	0	
136772	Occipital_Inf_L	796	0	0	0	0	0	0	0	0	0	0	0	0	0	0	0	220	0	0	0	0	0	0	0	0	0	0	0	418	0	0	0	0	0	948	0	762	0	428	0	0	0	3988	0	784	0	9580	0	522	0	18508	0	0	0	9180	0	404	162	0	0	346	0	368	0	328	0	3544	0	434	206	0	0	0	0	0	0	0	0	236	0	804	0	0	0	3702	0	0	0	8842	0	754	0	194	0	0	0	258	0	1308	0	0	0	0	0	0	0	0	0	0	0	260	102	0	0	0	0	
91804	Occipital_Inf_R	124	350	0	0	0	0	0	0	0	0	0	0	0	0	0	0	0	0	0	840	0	0	0	0	0	0	0	0	0	0	0	0	0	0	618	2274	0	280	0	0	0	0	0	3628	0	384	0	3464	0	784	0	5572	0	0	0	8404	0	728	0	202	0	124	0	546	0	188	170	3574	180	912	0	0	0	0	0	0	0	0	0	0	0	0	0	0	0	5554	0	0	0	5434	0	396	0	154	0	0	0	0	0	406	0	0	0	0	0	0	0	0	0	0	0	438	174	0	0	0	
388124	Fusiform_L	492	0	0	0	0	0	0	0	0	0	0	0	0	0	100	0	0	0	842	0	626	0	0	0	0	0	0	0	5694	0	0	0	270	0	210	0	21796	0	8280	0	6958	0	1800	0	166	0	16460	380	164	0	7624	0	9180	0	0	0	0	0	0	0	0	0	0	0	0	0	928	0	0	0	98	0	4170	0	0	0	316	0	478	0	2464	0	2490	0	3204	0	950	0	23156	0	21876	98	3756	0	176	0	14078	256	29992	126	580	0	902	0	0	0	0	0	0	0	2656	270	0	0	0	0	
437908	Fusiform_R	158	2196	0	716	0	0	0	0	0	0	0	158	0	0	0	0	0	618	0	2222	0	0	0	278	0	0	0	0	0	5032	0	302	0	162	816	1932	342	27878	0	22008	0	6152	0	5366	0	2150	342	18166	0	2574	0	4524	0	8404	0	0	0	1788	0	348	0	202	0	510	0	164	0	6392	138	1324	0	178	0	8538	0	240	146	1576	0	206	0	736	0	3906	0	3238	0	2470	0	13904	108	18122	0	1520	0	596	328	10366	292	21364	0	0	0	596	0	106	0	0	0	446	3590	1988	1032	0	0	0	
365512	Postcentral_L	31414	432	6340	5012	0	0	4116	0	0	0	5702	0	876	0	0	0	15850	0	5516	2866	0	0	0	0	0	0	0	0	8968	0	0	0	254	742	2430	0	1848	0	380	0	0	0	1898	0	868	0	368	0	640	0	8396	0	404	0	0	0	0	136	6942	0	19508	0	9320	0	3980	0	4248	0	4608	328	572	208	2860	0	1122	0	2300	0	8154	0	7882	0	0	0	3626	0	0	0	1642	0	0	0	0	0	0	0	0	0	0	0	0	0	0	0	0	0	0	0	0	0	0	0	0	0	0	0	
352212	Postcentral_R	2688	24310	846	1538	0	0	356	322	0	0	0	4644	0	170	0	0	0	5734	694	5780	0	0	0	0	0	0	0	0	228	3144	0	0	412	2896	1420	6124	0	2106	0	284	0	0	0	6414	0	8766	0	1474	0	2696	98	2526	162	728	0	1788	136	0	0	10828	0	8982	0	13326	0	1098	402	21852	2392	15970	332	498	234	1540	132	312	446	656	0	234	0	2464	0	0	100	2730	0	0	200	2894	0	0	0	0	0	0	0	0	0	0	0	0	0	0	0	0	0	0	0	0	0	0	0	0	0	0	
123228	Parietal_Sup_L	0	0	0	0	0	0	0	0	0	0	0	0	0	0	0	0	0	0	0	0	0	0	0	0	0	0	0	0	0	0	0	0	588	0	0	0	0	0	0	0	0	0	438	0	2996	0	0	0	8030	0	14224	0	0	0	0	0	6942	0	0	0	13960	0	0	0	2402	0	10576	418	322	0	0	0	0	0	0	0	0	0	0	0	0	0	0	0	718	0	0	0	0	0	0	0	0	0	0	0	0	0	0	0	0	0	0	0	0	0	0	0	0	0	0	0	0	0	0	0	
108228	Parietal_Sup_R	0	214	0	0	0	0	0	0	0	0	0	0	0	0	0	0	0	0	0	116	0	0	0	0	0	0	0	0	0	108	0	0	0	234	0	0	0	152	0	0	0	0	0	1076	0	4168	0	0	0	3324	0	664	0	202	0	348	0	10828	0	0	0	12112	0	1460	0	5460	1408	10272	0	394	0	0	0	0	0	0	0	0	0	0	0	230	0	0	0	366	0	0	0	978	0	0	0	0	0	0	0	0	0	0	0	0	0	0	0	0	0	0	0	0	0	0	0	0	0	0	
212432	Parietal_Inf_L	2680	108	596	154	0	0	274	0	0	0	0	0	0	0	0	0	338	0	0	486	0	0	0	0	0	0	0	0	546	0	0	0	280	190	0	0	144	0	0	0	0	0	954	0	150	0	0	0	2500	0	18648	0	346	0	0	0	19508	0	13960	0	0	0	15316	0	17880	0	1186	0	306	204	0	0	150	0	0	0	756	0	238	0	792	0	0	0	5278	0	0	0	2248	0	0	0	0	0	0	0	0	0	0	0	0	0	0	0	0	0	0	0	0	0	0	0	0	0	0	0	
115264	Parietal_Inf_R	96	678	0	0	0	0	0	0	0	0	0	92	0	0	0	0	0	0	0	242	0	0	0	0	0	0	0	0	0	0	0	0	0	0	0	0	0	114	0	0	0	0	0	2336	0	2942	0	0	0	1574	0	2004	0	124	0	202	0	8982	0	12112	0	0	0	8502	0	12394	0	3974	0	274	92	0	0	0	0	0	0	0	0	0	0	160	0	0	0	260	0	0	0	478	0	0	0	0	0	0	0	0	0	0	0	0	0	0	0	0	0	0	0	0	0	0	0	0	0	0	
121296	SupraMarginal_L	2278	0	416	0	0	0	434	0	0	0	0	0	0	0	0	0	1370	0	0	130	0	0	0	0	0	0	0	0	1356	0	0	0	0	0	0	0	176	0	0	0	0	0	516	0	0	0	0	0	344	0	1718	0	368	0	0	0	9320	0	0	0	15316	0	0	0	8138	0	176	0	0	0	0	0	88	0	0	0	0	0	352	0	6024	0	0	0	8062	0	0	0	4066	0	0	0	0	0	0	0	0	0	0	0	0	0	0	0	0	0	0	0	0	0	0	0	0	0	0	0	
111388	SupraMarginal_R	408	1222	112	0	0	0	274	0	0	0	0	0	0	0	0	0	0	3340	100	1010	0	0	0	0	0	0	0	0	254	1052	0	0	0	0	0	0	0	820	0	0	0	0	0	1252	0	594	0	0	0	292	0	470	0	546	0	510	0	13326	0	1460	0	8502	0	0	0	8518	0	2152	0	976	182	0	148	148	0	0	0	96	88	0	0	4180	0	0	0	1862	0	0	0	1800	0	0	0	0	0	0	0	0	0	0	0	0	0	0	0	0	0	0	0	0	0	0	0	0	0	0	
119096	Angular_L	128	0	0	0	0	0	0	0	0	0	0	0	0	0	0	0	146	0	0	0	0	0	0	0	0	0	0	0	0	0	0	0	96	0	0	0	0	0	0	0	0	0	490	0	0	0	0	0	820	0	15634	0	328	0	0	0	3980	0	2402	0	17880	0	8138	0	0	0	192	0	206	0	0	0	0	0	0	0	0	0	0	0	616	0	0	0	7170	0	0	0	1322	0	0	0	0	0	0	0	0	0	0	0	0	0	0	0	0	0	0	0	0	0	0	0	0	0	0	0	
109120	Angular_R	282	196	0	0	0	0	214	0	0	0	0	0	0	0	0	0	0	0	0	0	0	0	0	0	0	0	0	0	132	0	0	0	0	0	0	0	0	0	0	0	0	0	0	92	0	788	0	0	0	6728	0	10532	0	188	0	164	0	1098	0	5460	0	12394	0	8518	0	0	0	912	0	90	0	0	0	0	0	0	0	0	0	0	0	2482	0	0	0	3810	0	0	0	480	0	0	0	0	0	0	0	0	0	0	0	0	0	0	0	0	0	0	0	0	0	0	0	0	0	0	
258480	Precuneus_L	174	112	0	0	0	0	0	0	0	0	0	0	0	0	0	0	0	0	144	562	0	0	0	0	0	0	0	0	144	0	0	0	3060	2448	7254	1682	1308	0	1358	0	0	0	16294	1184	12066	4416	7752	154	11150	230	13096	0	3544	170	928	0	4248	402	10576	1408	1186	0	176	0	192	0	0	11426	3458	724	0	0	0	0	0	0	0	0	90	0	0	0	0	0	2670	0	0	0	3244	112	0	0	0	0	0	0	0	0	98	0	0	0	0	0	0	0	0	0	0	0	0	0	0	0	0	0	
415052	Precuneus_R	442	3692	0	0	0	0	0	0	0	0	0	0	0	0	0	0	0	0	0	3148	0	0	0	0	0	0	0	0	0	198	0	0	692	8590	3304	12954	1332	2400	166	2692	0	0	792	22228	1856	28718	172	9688	1200	8536	224	7786	0	3574	0	6392	0	21852	418	10272	0	3974	0	2152	0	912	11426	0	1046	12626	0	0	0	168	0	0	116	656	0	0	0	376	0	0	0	5302	0	0	0	4308	0	0	0	0	0	0	0	572	0	0	0	0	0	0	0	0	0	0	0	0	574	0	0	0	0	0	
203708	Paracentral_Lobule_L	16154	722	4282	608	0	0	188	0	0	0	0	116	0	0	0	0	0	202	7538	15992	0	0	0	0	0	0	0	0	108	232	0	0	3580	13766	3282	1074	0	334	0	0	0	0	634	252	824	0	0	414	116	0	1414	0	434	180	0	138	4608	2392	322	0	306	0	0	0	206	0	3458	1046	0	10596	1062	152	826	96	2392	0	616	0	0	0	0	0	0	0	578	0	0	0	506	108	0	0	0	0	0	0	0	0	0	0	0	0	0	0	0	0	0	0	0	0	0	0	0	0	0	0	
316248	Paracentral_Lobule_R	6062	15954	1310	160	0	0	466	0	0	0	0	0	0	0	0	0	0	0	434	34078	0	0	0	0	0	0	0	0	138	138	114	0	1344	17934	2224	7770	110	1016	0	276	0	114	0	2654	0	3060	0	2228	0	1484	128	1736	206	912	0	1324	328	15970	0	394	204	274	0	976	0	90	724	12626	10596	0	714	1682	118	110	296	0	556	5830	0	0	0	320	0	0	100	1620	0	0	218	1004	0	0	0	0	0	0	0	0	0	0	0	0	0	0	0	0	0	0	0	0	0	0	0	0	0	0	
293748	Caudate_L	2410	1032	9310	2530	1328	558	3700	0	0	0	2324	1066	1908	198	1342	270	1764	282	5906	3044	7148	8794	1130	166	116	0	3502	500	9558	2172	4774	3010	1216	616	0	0	134	204	0	128	1290	2024	0	0	0	0	0	0	0	0	0	0	0	0	98	0	572	332	0	0	0	92	0	182	0	0	0	0	1062	714	0	16602	22624	4534	2868	460	7546	310	86	0	956	0	2382	0	0	0	0	0	0	0	0	0	0	0	0	0	0	0	0	0	0	0	0	0	0	0	0	0	0	0	0	0	0	0	0	0	
581708	Caudate_R	770	5520	12716	24840	302	6304	3512	1842	0	0	1536	10152	1064	4742	262	2084	562	2742	10816	17582	3872	11180	786	7252	0	4200	2192	4064	3956	16226	3986	34396	148	1790	0	0	0	474	0	372	714	4368	0	0	0	0	0	0	0	0	0	0	0	0	0	178	208	498	0	0	0	0	0	0	0	0	0	0	152	1682	16602	0	8822	28694	308	3850	802	18502	0	220	274	242	1390	1106	0	0	0	0	0	0	0	0	0	0	0	0	0	0	0	0	0	0	0	0	0	0	0	0	0	0	0	0	0	0	0	0	
359508	Putamen_L	5362	376	15428	1264	3862	0	4666	0	1124	0	742	194	890	0	3838	320	2816	0	6218	1244	2716	6190	3346	258	894	0	1080	114	20606	1166	9292	2050	1156	162	0	0	9190	208	2078	140	1086	1804	0	0	0	0	750	0	0	0	0	0	0	0	4170	0	2860	234	0	0	150	0	88	148	0	0	0	0	826	118	22624	8822	0	3824	8328	282	1586	142	1398	0	1564	0	2676	0	1046	0	96	0	5716	0	268	0	0	0	0	0	0	0	158	0	0	0	0	0	0	0	0	0	0	0	0	0	0	0	0	0	
409560	Putamen_R	330	2842	2234	16538	0	4636	738	1254	0	734	332	3376	176	652	0	4220	170	4592	1986	6440	864	3770	276	8750	0	3530	650	2256	1460	24812	1606	16604	0	1056	380	412	174	16358	0	8050	174	3110	0	96	0	0	0	192	0	0	0	0	0	0	0	8538	0	1540	0	0	0	0	0	148	0	0	0	168	96	110	4534	28694	3824	0	216	5258	98	1264	0	636	0	1042	324	308	0	230	0	0	0	1922	0	0	0	0	0	0	0	0	0	0	0	0	0	0	0	0	0	0	0	0	0	0	0	0	0	0	
67820	Pallidum_L	3334	0	3844	112	0	0	866	0	0	0	0	0	0	0	0	0	1368	0	3750	360	0	260	0	0	0	0	0	0	796	0	150	0	0	0	0	0	94	0	0	0	0	0	0	0	0	0	0	0	0	0	0	0	0	0	0	0	1122	132	0	0	0	0	0	0	0	0	0	0	2392	296	2868	308	8328	216	0	0	2170	0	598	0	546	0	0	0	0	0	0	0	0	0	0	0	0	0	0	0	0	0	0	0	0	0	0	0	0	0	0	0	0	0	0	0	0	0	0	0	
36856	Pallidum_R	134	414	272	892	0	0	146	0	0	0	0	230	0	0	0	0	0	592	350	1396	0	276	0	176	0	0	0	0	0	1004	120	382	0	88	0	0	0	738	0	412	0	0	0	0	0	0	0	0	0	0	0	0	0	0	0	240	0	312	0	0	0	0	0	0	0	0	0	0	0	0	460	3850	282	5258	0	0	0	228	0	176	0	0	0	0	0	0	0	0	0	0	0	0	0	0	0	0	0	0	0	0	0	0	0	0	0	0	0	0	0	0	0	0	0	0	0	0	
127136	Thalamus_L	17174	646	4312	222	0	128	1286	0	0	0	466	0	94	0	0	0	606	0	382	664	124	0	0	0	0	0	0	0	3842	0	0	588	0	184	0	712	6894	1018	820	522	210	0	0	0	0	0	196	172	0	0	0	0	0	0	316	146	2300	446	0	0	756	0	0	0	0	0	0	116	616	556	7546	802	1586	98	2170	0	0	1360	566	0	1118	0	414	0	608	0	0	0	696	0	0	0	0	0	0	0	0	90	0	0	0	0	0	0	0	0	0	0	0	0	0	0	0	0	0	0	
186984	Thalamus_R	398	15768	1138	11150	0	0	292	106	0	0	0	518	0	0	0	0	0	174	1268	11328	0	494	0	0	0	0	0	0	0	440	0	440	0	156	0	570	544	7640	0	5980	0	200	0	0	0	0	0	2688	0	0	0	0	0	0	0	1576	0	656	0	0	0	0	0	96	0	0	0	656	0	5830	310	18502	142	1264	0	228	1360	0	0	0	0	0	0	0	0	0	0	0	0	116	0	0	0	0	0	0	0	1464	0	0	0	0	0	0	0	0	0	0	0	0	0	0	0	0	0	0	
148136	Heschl_L	10760	126	1964	142	0	0	1650	0	0	0	1584	0	268	0	0	0	8460	0	1870	136	0	0	0	0	0	0	0	0	12734	0	0	0	0	0	0	0	2334	0	0	0	0	0	104	0	0	0	0	0	0	0	192	0	236	0	478	0	8154	0	0	0	238	0	352	88	0	0	90	0	0	0	86	0	1398	0	598	0	566	0	0	0	8990	0	98	0	5362	0	0	0	5010	0	0	0	0	0	0	0	0	0	0	0	0	0	0	0	0	0	0	0	0	0	0	0	0	0	0	0	
26332	Heschl_R	0	314	0	162	0	0	0	0	0	0	0	224	0	0	0	0	0	3090	0	298	0	0	0	0	0	0	0	0	0	2432	0	0	0	0	0	0	0	520	0	210	0	0	0	0	0	0	0	0	0	0	0	0	0	0	0	206	0	234	0	0	0	0	0	0	0	0	0	0	0	0	0	220	0	636	0	176	0	0	0	0	0	3558	0	542	0	154	0	0	0	190	0	0	0	0	0	0	0	0	0	0	0	0	0	0	0	0	0	0	0	0	0	0	0	0	0	0	
262156	Temporal_Sup_L	5684	198	3396	184	0	0	1506	0	0	0	3664	0	312	0	0	0	14584	0	3412	140	0	0	0	0	0	0	0	0	14676	0	162	154	132	0	0	0	3498	0	0	0	132	0	290	0	0	0	0	0	86	0	1662	0	804	0	2464	0	7882	0	0	0	792	0	6024	0	616	0	0	0	0	0	956	274	1564	0	546	0	1118	0	8990	0	0	0	6846	0	21652	0	1020	0	15658	0	0	0	0	0	0	0	0	0	0	0	0	0	0	0	0	0	0	0	0	0	0	0	0	0	0	0	
101008	Temporal_Sup_R	0	700	0	292	0	0	0	0	0	0	0	274	0	0	0	0	0	4288	0	618	0	0	0	0	0	0	0	0	0	5502	0	0	0	0	110	112	0	1446	0	502	0	0	0	166	0	284	0	0	0	472	0	1502	0	0	0	736	0	2464	0	230	0	160	0	4180	0	2482	0	376	0	320	0	242	0	1042	0	0	0	0	0	3558	0	0	0	3708	0	11550	0	244	0	2944	0	0	0	0	0	0	0	0	0	0	0	0	0	0	0	0	0	0	0	0	0	0	0	0	0	0	
161960	Temporal_Pole_Sup_L	196	104	2198	0	1486	0	112	0	0	0	3694	0	370	0	3206	0	3776	0	1606	0	3448	1246	330	0	0	0	1068	196	13454	172	884	572	0	0	0	0	2942	0	1138	0	5486	314	0	0	0	0	0	0	0	0	0	0	0	0	2490	0	0	0	0	0	0	0	0	0	0	0	0	0	0	0	2382	1390	2676	324	0	0	414	0	98	0	6846	0	0	0	6072	0	5370	0	4920	0	0	0	0	0	0	0	0	0	0	0	0	0	0	0	0	0	0	0	0	0	0	0	0	0	0	0	
94504	Temporal_Pole_Sup_R	0	126	258	2440	0	0	0	586	0	0	0	4376	0	122	0	0	0	4114	404	1624	0	604	0	0	0	0	0	0	0	6170	0	282	0	102	0	0	0	1914	0	2206	0	2792	0	0	0	0	0	0	0	0	0	0	0	0	0	3906	0	0	0	0	0	0	0	0	0	0	0	0	0	0	0	1106	0	308	0	0	0	0	0	542	0	3708	0	0	0	2502	0	3680	0	3380	0	0	0	0	0	0	0	0	0	0	0	0	0	0	0	0	0	0	0	0	0	0	0	0	0	0	
317020	Temporal_Mid_L	4712	0	124	0	0	0	0	0	0	0	0	0	0	0	0	0	1000	0	462	0	0	0	0	0	0	0	0	0	7032	0	0	0	372	0	808	0	3400	0	0	0	94	0	4296	0	484	0	1174	0	1280	0	19654	0	3702	0	3204	0	3626	100	718	0	5278	0	8062	0	7170	0	2670	0	578	100	0	0	1046	0	0	0	608	0	5362	0	21652	0	6072	0	0	0	3596	0	40074	0	0	0	0	0	0	0	0	0	0	0	0	0	0	0	0	0	0	0	0	0	0	0	0	0	0	0	
201904	Temporal_Mid_R	0	374	0	0	0	0	0	0	0	0	0	0	0	0	0	0	0	0	0	946	0	0	0	0	0	0	0	0	0	908	0	0	0	138	0	194	0	2502	0	1424	0	214	0	4172	0	3094	0	692	0	3390	0	21550	0	5554	0	3238	0	2730	0	366	0	260	0	1862	0	3810	0	5302	0	1620	0	0	0	230	0	0	0	0	0	154	0	11550	0	2502	0	0	0	2010	0	20166	0	0	0	0	0	0	0	0	0	0	0	0	0	0	0	0	0	0	0	0	0	0	0	0	0	0	
34576	Temporal_Pole_Mid_L	0	0	286	0	0	0	0	0	0	0	142	0	0	0	0	0	704	0	234	0	0	0	0	0	0	0	0	0	338	0	0	0	0	0	0	0	0	0	846	0	238	0	0	0	0	0	0	0	0	0	0	0	0	0	950	0	0	0	0	0	0	0	0	0	0	0	0	0	0	0	0	0	96	0	0	0	0	0	0	0	1020	0	5370	0	3596	0	0	0	3468	0	0	0	0	0	0	0	0	0	0	0	0	0	0	0	0	0	0	0	0	0	0	0	0	0	0	0	
25952	Temporal_Pole_Mid_R	0	0	0	0	0	0	0	0	0	0	0	0	0	0	0	0	0	0	0	0	0	0	0	0	0	0	0	0	0	0	0	0	0	0	0	0	0	234	0	952	0	112	0	0	0	0	0	0	0	0	0	0	0	0	0	2470	0	0	0	0	0	0	0	0	0	0	0	0	0	0	0	0	0	0	0	0	0	0	0	0	0	244	0	3680	0	2010	0	0	0	3274	0	0	0	0	0	0	0	0	0	0	0	0	0	0	0	0	0	0	0	0	0	0	0	0	0	0	
368028	Temporal_Inf_L	4624	92	124	0	0	0	126	0	0	0	0	0	0	0	0	0	1162	0	1742	0	104	0	0	0	0	0	0	0	12884	0	0	0	896	0	1572	110	17134	0	2244	0	2074	0	2518	0	484	0	3416	0	118	0	5056	0	8842	0	23156	0	1642	200	0	0	2248	0	4066	0	1322	0	3244	0	506	218	0	0	5716	0	0	0	696	0	5010	0	15658	0	4920	0	40074	0	3468	0	0	0	3498	0	490	0	0	0	100	0	2460	0	0	0	0	0	0	0	0	0	0	0	0	0	0	0	0	0	
201744	Temporal_Inf_R	0	1480	0	0	0	0	0	0	0	0	0	0	0	0	0	0	0	226	0	1236	0	0	0	0	0	0	0	0	0	2982	0	0	0	0	2132	2698	0	11760	0	4152	0	1062	0	1226	0	1008	0	1270	0	988	0	3534	0	5434	0	13904	0	2894	0	978	0	478	0	1800	0	480	112	4308	108	1004	0	0	0	1922	0	0	0	116	0	190	0	2944	0	3380	0	20166	0	3274	0	0	0	1190	0	154	0	0	0	0	0	282	0	0	0	0	0	0	0	0	0	0	0	0	0	0	0	0	
494868	Cerebelum_Crus1_L	0	0	0	0	0	0	0	0	0	0	0	0	0	0	0	0	0	0	0	0	0	0	0	0	0	0	0	0	0	0	0	0	0	0	0	0	674	0	112	0	0	0	290	0	0	0	7754	2416	0	0	438	0	754	0	21876	108	0	0	0	0	0	0	0	0	0	0	0	0	0	0	0	0	268	0	0	0	0	0	0	0	0	0	0	0	0	0	0	0	3498	0	0	2764	32134	2192	1286	336	29664	2998	62412	3686	12606	326	18256	1668	2062	2044	484	0	1582	2260	12804	5952	4762	2594	2450	1924	
401532	Cerebelum_Crus1_R	0	0	0	0	0	0	0	0	0	0	0	0	0	0	0	0	0	0	0	0	0	0	0	0	0	0	0	0	0	0	0	0	0	0	0	0	0	166	0	148	0	0	106	0	0	0	1138	11296	0	0	0	0	0	396	98	18122	0	0	0	0	0	0	0	0	0	0	0	0	0	0	0	0	0	0	0	0	0	0	0	0	0	0	0	0	0	0	0	0	0	1190	2764	0	1158	31704	0	1004	2996	17520	4118	50408	474	3426	898	14600	156	2864	0	0	300	816	9702	9922	8260	2208	1934	874	
307220	Cerebelum_Crus2_L	0	0	0	0	0	0	0	0	0	0	0	0	0	0	0	0	0	0	0	0	0	0	0	0	0	0	0	0	0	0	0	0	0	0	0	0	0	0	0	0	0	0	0	0	0	0	1768	410	0	0	0	0	194	0	3756	0	0	0	0	0	0	0	0	0	0	0	0	0	0	0	0	0	0	0	0	0	0	0	0	0	0	0	0	0	0	0	0	0	490	0	32134	1158	0	7014	186	392	3470	754	11120	1278	29566	4430	26490	4562	466	1882	0	318	356	704	2318	1246	7342	7222	2298	286	
306532	Cerebelum_Crus2_R	0	0	0	0	0	0	0	0	0	0	0	0	0	0	0	0	0	0	0	0	0	0	0	0	0	0	0	0	0	0	0	0	0	0	0	0	0	0	0	0	0	0	0	0	0	0	578	3300	0	0	0	0	0	154	0	1520	0	0	0	0	0	0	0	0	0	0	0	0	0	0	0	0	0	0	0	0	0	0	0	0	0	0	0	0	0	0	0	0	0	154	2192	31704	7014	0	0	912	1114	2468	3016	9716	3480	16378	1870	29972	0	3654	0	306	428	930	2320	6082	14390	6210	2868	536	
34620	Cerebelum_3_L	0	0	0	0	0	0	0	0	0	0	0	0	0	0	0	0	0	0	0	0	0	0	0	0	0	0	0	0	0	0	0	0	0	0	0	0	0	0	126	0	0	0	0	0	0	0	0	86	0	0	0	0	0	0	176	0	0	0	0	0	0	0	0	0	0	0	0	0	0	0	0	0	0	0	0	0	0	0	0	0	0	0	0	0	0	0	0	0	0	0	1286	0	186	0	0	118	5658	0	2160	0	204	0	534	0	370	134	0	0	1648	3660	524	0	140	148	152	0	
60776	Cerebelum_3_R	0	0	0	0	0	0	0	0	0	0	0	0	0	0	0	0	0	0	0	0	0	0	0	0	0	0	0	0	0	0	0	0	0	0	0	0	0	0	0	0	0	0	0	0	0	0	410	224	0	0	0	0	0	0	0	596	0	0	0	0	0	0	0	0	0	0	0	0	0	0	0	0	0	0	0	0	0	0	0	0	0	0	0	0	0	0	0	0	0	0	336	1004	392	912	118	0	1026	4894	378	3362	424	0	440	2052	0	1794	0	0	206	3908	2474	0	1044	2212	2182	0	
370276	Cerebelum_4_5_L	0	0	0	0	0	0	0	0	0	0	0	0	0	0	0	0	0	0	0	0	0	0	0	0	0	0	0	0	0	0	0	0	0	0	0	0	96	0	164	0	0	0	542	150	0	0	11032	3996	0	0	290	0	258	0	14078	328	0	0	0	0	0	0	0	0	0	0	0	0	0	0	0	0	0	0	0	0	0	0	0	0	0	0	0	0	0	0	0	0	100	0	29664	2996	3470	1114	5658	1026	0	5706	43180	4470	3564	0	5622	1722	1602	1782	498	0	2848	5224	22316	3578	1774	2078	2454	1758	
260796	Cerebelum_4_5_R	0	0	0	0	0	0	0	0	0	0	0	0	0	0	0	0	0	0	0	0	0	0	0	0	0	0	0	0	0	0	0	0	0	0	0	116	0	1782	0	2390	0	0	172	238	0	0	2444	10770	0	0	0	0	0	0	256	10366	0	0	0	0	0	0	0	0	0	0	0	572	0	0	0	0	0	0	0	0	90	1464	0	0	0	0	0	0	0	0	0	0	0	0	2998	17520	754	2468	0	4894	5706	0	4002	27800	672	106	1286	3932	210	1634	0	0	130	2396	15950	2072	1258	1750	1784	416	
516344	Cerebelum_6_L	0	0	0	0	0	0	0	0	0	0	0	0	0	0	0	0	0	0	0	0	0	0	0	0	0	0	0	0	0	0	0	0	0	0	0	0	644	0	866	0	0	0	536	0	0	0	14766	5134	0	0	954	0	1308	0	29992	292	0	0	0	0	0	0	0	0	0	0	98	0	0	0	0	0	158	0	0	0	0	0	0	0	0	0	0	0	0	0	0	0	2460	0	62412	4118	11120	3016	2160	378	43180	4002	0	4646	6456	0	10088	1054	2132	1696	586	0	1880	2738	17782	10704	4648	1788	2054	2326	
377120	Cerebelum_6_R	0	0	0	0	0	0	0	0	0	0	0	0	0	0	0	0	0	0	0	0	0	0	0	0	0	0	0	0	0	0	0	0	0	0	0	0	0	168	0	150	0	0	160	106	0	0	1656	12634	0	0	0	0	0	406	126	21364	0	0	0	0	0	0	0	0	0	0	0	0	0	0	0	0	0	0	0	0	0	0	0	0	0	0	0	0	0	0	0	0	0	282	3686	50408	1278	9716	0	3362	4470	27800	4646	0	742	862	1286	6044	296	1766	0	0	250	1320	13636	10114	5762	1476	1586	1002	
248864	Cerebelum_7b_L	0	0	0	0	0	0	0	0	0	0	0	0	0	0	0	0	0	0	0	0	0	0	0	0	0	0	0	0	0	0	0	0	0	0	0	0	0	0	0	0	0	0	0	0	0	0	478	216	0	0	0	0	0	0	580	0	0	0	0	0	0	0	0	0	0	0	0	0	0	0	0	0	0	0	0	0	0	0	0	0	0	0	0	0	0	0	0	0	0	0	12606	474	29566	3480	204	424	3564	672	6456	742	0	3052	29638	5358	1098	2328	240	500	380	816	2278	594	5522	10308	2576	282	
106560	Cerebelum_7b_R	0	0	0	0	0	0	0	0	0	0	0	0	0	0	0	0	0	0	0	0	0	0	0	0	0	0	0	0	0	0	0	0	0	0	0	0	0	0	0	0	0	0	0	0	0	0	0	0	0	0	0	0	0	0	0	0	0	0	0	0	0	0	0	0	0	0	0	0	0	0	0	0	0	0	0	0	0	0	0	0	0	0	0	0	0	0	0	0	0	0	326	3426	4430	16378	0	0	0	106	0	862	3052	0	1484	14634	0	1850	0	126	0	0	0	0	2626	3980	0	0	
341664	Cerebelum_8_L	0	0	0	0	0	0	0	0	0	0	0	0	0	0	0	0	0	0	0	0	0	0	0	0	0	0	0	0	0	0	0	0	0	0	0	0	0	0	0	0	0	0	0	0	0	0	794	474	0	0	0	0	0	0	902	0	0	0	0	0	0	0	0	0	0	0	0	0	0	0	0	0	0	0	0	0	0	0	0	0	0	0	0	0	0	0	0	0	0	0	18256	898	26490	1870	534	440	5622	1286	10088	1286	29638	1484	0	6602	14038	7072	1476	720	582	1200	3666	1840	7240	16622	8824	888	
286000	Cerebelum_8_R	0	0	0	0	0	0	0	0	0	0	0	0	0	0	0	0	0	0	0	0	0	0	0	0	0	0	0	0	0	0	0	0	0	0	0	0	0	0	0	0	0	0	0	0	0	0	360	424	0	0	0	0	0	0	0	596	0	0	0	0	0	0	0	0	0	0	0	0	0	0	0	0	0	0	0	0	0	0	0	0	0	0	0	0	0	0	0	0	0	0	1668	14600	4562	29972	0	2052	1722	3932	1054	6044	5358	14634	6602	0	382	18032	0	1624	436	1904	3108	360	6962	11412	5200	0	
74004	Cerebelum_9_L	0	0	0	0	0	0	0	0	0	0	0	0	0	0	0	0	0	0	0	0	0	0	0	0	0	0	0	0	0	0	0	0	0	0	0	0	0	0	0	0	0	0	0	0	0	0	0	98	0	0	0	0	0	0	0	0	0	0	0	0	0	0	0	0	0	0	0	0	0	0	0	0	0	0	0	0	0	0	0	0	0	0	0	0	0	0	0	0	0	0	2062	156	466	0	370	0	1602	210	2132	296	1098	0	14038	382	0	1710	3970	0	0	296	562	840	716	2612	2590	796	
187240	Cerebelum_9_R	0	0	0	0	0	0	0	0	0	0	0	0	0	0	0	0	0	0	0	0	0	0	0	0	0	0	0	0	0	0	0	0	0	0	0	0	0	0	0	0	0	0	0	0	0	0	312	196	0	0	0	0	0	0	0	106	0	0	0	0	0	0	0	0	0	0	0	0	0	0	0	0	0	0	0	0	0	0	0	0	0	0	0	0	0	0	0	0	0	0	2044	2864	1882	3654	134	1794	1782	1634	1696	1766	2328	1850	7072	18032	1710	0	98	2094	506	2242	2630	1636	5844	12506	12744	2464	
15336	Cerebelum_10_L	0	0	0	0	0	0	0	0	0	0	0	0	0	0	0	0	0	0	0	0	0	0	0	0	0	0	0	0	0	0	0	0	0	0	0	0	0	0	0	0	0	0	0	0	0	0	0	0	0	0	0	0	0	0	0	0	0	0	0	0	0	0	0	0	0	0	0	0	0	0	0	0	0	0	0	0	0	0	0	0	0	0	0	0	0	0	0	0	0	0	484	0	0	0	0	0	498	0	586	0	240	0	1476	0	3970	98	0	0	0	0	0	0	122	0	194	0	
15492	Cerebelum_10_R	0	0	0	0	0	0	0	0	0	0	0	0	0	0	0	0	0	0	0	0	0	0	0	0	0	0	0	0	0	0	0	0	0	0	0	0	0	0	0	0	0	0	0	0	0	0	0	0	0	0	0	0	0	0	0	0	0	0	0	0	0	0	0	0	0	0	0	0	0	0	0	0	0	0	0	0	0	0	0	0	0	0	0	0	0	0	0	0	0	0	0	0	318	306	0	0	0	0	0	0	500	126	720	1624	0	2094	0	0	0	0	0	0	466	1048	544	0	
45156	Vermis_1_2	0	0	0	0	0	0	0	0	0	0	0	0	0	0	0	0	0	0	0	0	0	0	0	0	0	0	0	0	0	0	0	0	0	0	0	0	0	0	0	0	0	0	0	0	0	0	0	86	0	0	0	0	0	0	0	0	0	0	0	0	0	0	0	0	0	0	0	0	0	0	0	0	0	0	0	0	0	0	0	0	0	0	0	0	0	0	0	0	0	0	1582	300	356	428	1648	206	2848	130	1880	250	380	0	582	436	0	506	0	0	0	5766	2880	0	710	706	812	86	
100144	Vermis_3	0	0	0	0	0	0	0	0	0	0	0	0	0	0	0	0	0	0	0	0	0	0	0	0	0	0	0	0	0	0	0	0	0	0	0	0	0	0	120	0	0	0	0	0	0	0	462	542	0	0	0	0	0	0	0	446	0	0	0	0	0	0	0	0	0	0	0	0	0	0	0	0	0	0	0	0	0	0	0	0	0	0	0	0	0	0	0	0	0	0	2260	816	704	930	3660	3908	5224	2396	2738	1320	816	0	1200	1904	296	2242	0	0	5766	0	5290	102	1538	2626	2660	106	
