data	data	552272	284024	869828	842948	138040	84176	453768	308608	53476	35612	222696	185064	301964	147660	157600	64892	247144	165228	635688	728320	83996	100396	334188	329884	47028	95968	62516	97448	627420	348328	423360	500856	216748	480120	157184	189072	261448	315728	63828	172800	43780	51340	240820	322080	187052	289788	275012	293300	177960	282324	480424	212628	142240	143416	382984	343856	248408	216864	147344	104636	269532	116004	131712	95320	175604	128040	303500	415500	291740	230460	329796	301428	392716	285244	80736	12712	211928	250496	75016	36556	244232	124944	89032	37084	351200	219240	27640	19616	325096	217984	418620	330584	298324	199416	55008	67408	299968	197432	455828	332256	274452	86176	300328	221148	150924	123628	37920	15916	28324	76060	223180	179152	105380	94304	77080	42872	
data	data	Precentral_L	Precentral_R	Frontal_Sup_L	Frontal_Sup_R	Frontal_Sup_Orb_L	Frontal_Sup_Orb_R	Frontal_Mid_L	Frontal_Mid_R	Frontal_Mid_Orb_L	Frontal_Mid_Orb_R	Frontal_Inf_Oper_L	Frontal_Inf_Oper_R	Frontal_Inf_Tri_L	Frontal_Inf_Tri_R	Frontal_Inf_Orb_L	Frontal_Inf_Orb_R	Rolandic_Oper_L	Rolandic_Oper_R	Supp_Motor_Area_L	Supp_Motor_Area_R	Olfactory_L	Olfactory_R	Frontal_Sup_Medial_L	Frontal_Sup_Medial_R	Frontal_Med_Orb_L	Frontal_Med_Orb_R	Rectus_L	Rectus_R	Insula_L	Insula_R	Cingulum_Ant_L	Cingulum_Ant_R	Cingulum_Mid_L	Cingulum_Mid_R	Cingulum_Post_L	Cingulum_Post_R	Hippocampus_L	Hippocampus_R	ParaHippocampal_L	ParaHippocampal_R	Amygdala_L	Amygdala_R	Calcarine_L	Calcarine_R	Cuneus_L	Cuneus_R	Lingual_L	Lingual_R	Occipital_Sup_L	Occipital_Sup_R	Occipital_Mid_L	Occipital_Mid_R	Occipital_Inf_L	Occipital_Inf_R	Fusiform_L	Fusiform_R	Postcentral_L	Postcentral_R	Parietal_Sup_L	Parietal_Sup_R	Parietal_Inf_L	Parietal_Inf_R	SupraMarginal_L	SupraMarginal_R	Angular_L	Angular_R	Precuneus_L	Precuneus_R	Paracentral_Lobule_L	Paracentral_Lobule_R	Caudate_L	Caudate_R	Putamen_L	Putamen_R	Pallidum_L	Pallidum_R	Thalamus_L	Thalamus_R	Heschl_L	Heschl_R	Temporal_Sup_L	Temporal_Sup_R	Temporal_Pole_Sup_L	Temporal_Pole_Sup_R	Temporal_Mid_L	Temporal_Mid_R	Temporal_Pole_Mid_L	Temporal_Pole_Mid_R	Temporal_Inf_L	Temporal_Inf_R	Cerebelum_Crus1_L	Cerebelum_Crus1_R	Cerebelum_Crus2_L	Cerebelum_Crus2_R	Cerebelum_3_L	Cerebelum_3_R	Cerebelum_4_5_L	Cerebelum_4_5_R	Cerebelum_6_L	Cerebelum_6_R	Cerebelum_7b_L	Cerebelum_7b_R	Cerebelum_8_L	Cerebelum_8_R	Cerebelum_9_L	Cerebelum_9_R	Cerebelum_10_L	Cerebelum_10_R	Vermis_1_2	Vermis_3	Vermis_4_5	Vermis_6	Vermis_7	Vermis_8	Vermis_9	Vermis_10	
552272	Precentral_L	0	7682	14846	4602	0	0	19166	748	0	0	13156	100	4630	0	0	0	15490	130	12578	12082	0	0	700	0	0	0	0	0	17660	822	4380	98	2268	804	7208	2484	7556	410	158	0	0	0	0	0	0	0	0	0	0	0	2080	0	228	0	504	0	28642	0	0	0	5806	0	2886	0	164	0	1424	92	33642	4650	7498	696	4584	1198	2242	0	19506	2658	2870	0	2854	0	0	0	1618	0	0	0	536	0	0	0	0	0	0	0	0	0	0	0	0	0	0	0	0	0	0	0	0	0	0	0	0	0	0	0	
284024	Precentral_R	7682	0	124	12042	0	0	0	9314	0	0	0	6704	0	0	0	0	0	3004	1296	8730	0	0	0	0	0	0	0	0	130	3302	224	104	0	968	2900	4936	1402	7984	0	1384	0	0	0	190	0	110	0	0	0	806	0	232	0	848	0	2352	1264	13874	0	142	0	1650	0	3584	0	676	0	1744	6556	5826	3302	5038	86	2170	332	0	6790	9728	0	228	0	802	0	0	0	706	0	0	0	746	0	0	0	0	0	0	0	0	0	0	0	0	0	0	0	0	0	0	0	0	0	0	0	0	0	0	
869828	Frontal_Sup_L	14846	124	0	14828	13502	0	71060	2716	3930	0	11670	100	22254	74	15074	0	8734	122	55146	15908	810	214	39866	3262	2844	372	1798	174	37800	638	24252	4492	6214	2570	0	0	2834	82	0	0	384	0	0	0	0	0	0	0	0	0	0	0	0	0	482	0	2156	0	0	0	314	0	948	0	0	0	0	0	2332	210	10084	1562	23986	662	2814	0	4494	2332	932	0	1670	0	310	0	256	0	0	0	676	0	0	0	0	0	0	0	0	0	0	0	0	0	0	0	0	0	0	0	0	0	0	0	0	0	0	0	
842948	Frontal_Sup_R	4602	12042	14828	0	0	4806	3194	33024	0	636	1260	6810	1858	10418	372	2564	1004	3944	22928	67564	0	480	8018	34330	0	3292	0	554	2940	14276	7460	37280	3674	21856	2660	3636	1362	4236	0	522	0	168	0	0	0	0	0	130	0	0	0	0	0	150	82	342	1112	346	0	0	0	0	0	278	0	0	0	196	2416	206	7180	20388	2850	16998	310	1366	4574	22670	0	86	0	452	0	126	80	134	0	0	78	326	0	0	0	0	0	0	0	0	0	0	0	0	0	0	0	0	0	0	0	0	0	0	0	0	0	0	
138040	Frontal_Sup_Orb_L	0	0	13502	0	0	0	2424	0	8200	0	0	0	318	0	9958	0	0	0	0	0	2546	282	4260	0	4132	344	5716	192	4664	0	6138	196	0	0	0	0	0	0	0	0	634	0	0	0	0	0	0	0	0	0	0	0	0	0	0	0	0	0	0	0	0	0	0	0	0	0	0	0	0	0	574	110	4432	0	0	0	0	0	0	0	0	0	398	0	0	0	0	0	0	0	0	0	0	0	0	0	0	0	0	0	0	0	0	0	0	0	0	0	0	0	0	0	0	0	0	0	
84176	Frontal_Sup_Orb_R	0	0	0	4806	0	0	0	1464	0	4496	0	0	0	108	0	4716	0	0	0	0	168	1494	216	3508	218	6422	230	7006	0	2582	484	1104	0	0	0	0	0	0	0	0	0	210	0	0	0	0	0	0	0	0	0	0	0	0	0	0	0	0	0	0	0	0	0	0	0	0	0	0	0	0	146	282	0	2428	0	0	0	0	0	0	0	0	0	0	0	0	0	0	0	0	0	0	0	0	0	0	0	0	0	0	0	0	0	0	0	0	0	0	0	0	0	0	0	0	0	0	
453768	Frontal_Mid_L	19166	0	71060	3194	2424	0	0	806	2308	0	10764	74	32060	0	9368	0	6010	88	16724	3244	230	0	11998	666	0	0	0	0	18622	804	2912	552	728	578	0	0	480	130	0	0	156	0	0	0	0	0	0	0	0	0	0	0	0	0	0	0	1478	0	0	0	156	0	244	0	0	0	0	0	956	0	3778	0	2074	1220	0	0	892	284	122	0	266	0	194	0	0	0	0	0	74	0	0	0	0	0	0	0	0	0	0	0	0	0	0	0	0	0	0	0	0	0	0	0	0	0	0	0	
308608	Frontal_Mid_R	748	9314	2716	33024	0	1464	806	0	0	1372	556	14946	0	12166	0	3202	82	7072	2566	4702	0	0	704	4412	0	328	0	126	200	11012	1342	11224	520	4476	0	108	74	990	0	238	0	0	0	0	0	0	0	0	0	0	0	0	0	0	0	208	136	708	0	0	0	0	0	502	0	0	0	0	98	0	4656	7016	1320	3714	0	0	0	4614	0	160	0	682	0	0	0	0	0	0	0	0	0	0	0	0	0	0	0	0	0	0	0	0	0	0	0	0	0	0	0	0	0	0	0	0	0	0	
53476	Frontal_Mid_Orb_L	0	0	3930	0	8200	0	2308	0	0	0	0	0	1318	0	8676	0	0	0	0	0	0	0	0	0	0	0	1752	0	256	0	88	0	0	0	0	0	0	0	0	0	0	0	0	0	0	0	0	0	0	0	0	0	0	0	0	0	0	0	0	0	0	0	0	0	0	0	0	0	0	0	0	0	210	0	0	0	0	0	0	0	0	0	0	0	0	0	0	0	0	0	0	0	0	0	0	0	0	0	0	0	0	0	0	0	0	0	0	0	0	0	0	0	0	0	0	0	
35612	Frontal_Mid_Orb_R	0	0	0	636	0	4496	0	1372	0	0	0	0	0	110	0	6924	0	0	0	0	0	456	0	166	0	306	0	1478	0	1014	0	76	0	0	0	0	0	0	0	0	0	0	0	0	0	0	0	0	0	0	0	0	0	0	0	0	0	0	0	0	0	0	0	0	0	0	0	0	0	0	0	90	0	682	0	0	0	0	0	0	0	0	0	0	0	0	0	0	0	0	0	0	0	0	0	0	0	0	0	0	0	0	0	0	0	0	0	0	0	0	0	0	0	0	0	0	
222696	Frontal_Inf_Oper_L	13156	0	11670	1260	0	0	10764	556	0	0	0	0	15356	0	218	0	11152	0	7388	1144	0	0	2148	0	0	0	0	0	17174	0	7492	166	296	126	0	0	222	0	0	0	0	0	0	0	0	0	0	0	0	0	0	0	0	0	0	0	4410	0	0	0	90	0	324	0	0	0	0	0	100	0	1826	0	1002	0	160	0	0	462	540	0	1866	0	280	0	0	0	0	0	0	0	0	0	0	0	0	0	0	0	0	0	0	0	0	0	0	0	0	0	0	0	0	0	0	0	0	0	
185064	Frontal_Inf_Oper_R	100	6704	100	6810	0	0	74	14946	0	0	0	0	0	10542	0	102	0	11140	512	3256	0	0	94	2302	0	0	0	0	0	16906	0	1832	78	1340	0	138	0	1400	0	638	0	0	0	0	0	0	0	0	0	0	0	0	0	192	0	632	0	2516	0	0	0	230	0	1544	0	0	0	140	72	0	224	1150	0	4266	0	0	0	398	0	770	0	1002	0	248	0	0	0	0	0	134	0	0	0	0	0	0	0	0	0	0	0	0	0	0	0	0	0	0	0	0	0	0	0	0	0	0	
301964	Frontal_Inf_Tri_L	4630	0	22254	1858	318	0	32060	0	1318	0	15356	0	0	0	11184	0	3546	0	4590	1842	0	0	3640	74	0	0	0	0	31872	0	11710	240	324	90	0	0	100	0	0	0	0	0	0	0	0	0	0	0	0	0	0	0	0	0	0	0	1164	0	0	0	0	0	184	0	0	0	0	0	0	0	632	0	864	0	0	0	0	208	220	0	494	0	210	0	0	0	0	0	0	0	0	0	0	0	0	0	0	0	0	0	0	0	0	0	0	0	0	0	0	0	0	0	0	0	0	0	
147660	Frontal_Inf_Tri_R	0	0	74	10418	0	108	0	12166	0	110	0	10542	0	0	0	4282	0	0	560	2052	0	0	372	7208	0	544	0	84	0	10660	304	9316	190	3080	0	0	0	0	0	0	0	0	0	0	0	0	0	0	0	0	0	0	0	0	0	0	0	0	0	0	0	0	0	0	0	0	0	0	0	0	0	1018	0	742	0	0	0	0	0	0	0	0	0	0	0	0	0	0	0	0	0	0	0	0	0	0	0	0	0	0	0	0	0	0	0	0	0	0	0	0	0	0	0	0	0	0	
157600	Frontal_Inf_Orb_L	0	0	15074	372	9958	0	9368	0	8676	0	218	0	11184	0	0	0	292	0	590	370	1400	120	472	0	0	0	1462	102	10796	0	1782	0	0	0	0	0	0	0	0	0	272	0	0	0	0	0	0	0	0	0	0	0	0	0	0	0	0	0	0	0	0	0	0	0	0	0	0	0	0	0	316	0	1834	0	0	0	0	0	0	0	1556	0	2150	0	436	0	0	0	0	0	0	0	0	0	0	0	0	0	0	0	0	0	0	0	0	0	0	0	0	0	0	0	0	0	0	0	
64892	Frontal_Inf_Orb_R	0	0	0	2564	0	4716	0	3202	0	6924	0	102	0	4282	0	0	0	0	0	76	0	1258	0	1084	0	150	0	1232	0	4500	0	912	0	174	0	0	0	0	0	0	0	190	0	0	0	0	0	0	0	0	0	0	0	0	0	0	0	0	0	0	0	0	0	0	0	0	0	0	0	0	0	102	0	802	0	0	0	0	0	0	0	0	0	176	0	0	0	0	0	0	0	0	0	0	0	0	0	0	0	0	0	0	0	0	0	0	0	0	0	0	0	0	0	0	0	0	
247144	Rolandic_Oper_L	15490	0	8734	1004	0	0	6010	82	0	0	11152	0	3546	0	292	0	0	0	4634	1366	0	0	526	0	0	0	0	0	28532	0	2648	0	82	0	106	0	1628	0	0	0	0	0	0	0	0	0	0	0	0	0	688	0	0	0	254	0	9684	0	282	0	2256	0	3804	0	560	0	338	0	496	0	590	0	3076	0	994	0	144	576	2932	0	8440	0	758	0	1100	0	0	0	768	0	0	0	0	0	0	0	0	0	0	0	0	0	0	0	0	0	0	0	0	0	0	0	0	0	0	0	
165228	Rolandic_Oper_R	130	3004	122	3944	0	0	88	7072	0	0	0	11140	0	0	0	0	0	0	1118	3380	0	0	124	744	0	0	0	0	0	17930	0	1908	182	1744	0	240	0	3904	0	2332	0	0	0	236	0	0	0	0	0	262	0	130	0	1176	0	2372	0	3600	0	164	0	254	0	2888	0	0	0	326	102	0	268	418	0	3848	0	0	0	936	0	1884	0	3432	0	234	0	288	0	0	0	690	0	0	0	0	0	0	0	0	0	0	0	0	0	0	0	0	0	0	0	0	0	0	0	0	0	0	
635688	Supp_Motor_Area_L	12578	1296	55146	22928	0	0	16724	2566	0	0	7388	512	4590	560	590	0	4634	1118	0	46374	0	0	8098	2696	0	0	0	0	11194	1548	10574	6966	16234	20788	1400	168	3132	144	0	0	0	0	0	0	0	0	0	0	0	0	76	0	74	0	470	0	1456	0	0	0	0	0	0	0	0	0	192	242	14228	2310	10228	1250	14842	608	6208	0	2108	1892	386	0	630	0	0	0	154	0	0	0	544	0	0	0	0	0	0	0	0	0	0	0	0	0	0	0	0	0	0	0	0	0	0	0	0	0	0	0	
728320	Supp_Motor_Area_R	12082	8730	15908	67564	0	0	3244	4702	0	0	1144	3256	1842	2052	370	76	1366	3380	46374	0	0	0	1586	11034	0	92	0	0	3476	6760	4152	16504	8792	46192	1208	5230	236	1730	0	236	0	0	0	80	0	2102	0	0	0	1790	0	246	0	0	86	148	2692	194	0	0	212	188	104	130	0	78	254	3238	10394	23944	5208	12360	2792	9810	396	1318	1386	4608	148	0	130	206	0	72	98	126	0	0	120	184	0	0	0	0	0	0	0	0	0	0	0	0	0	0	0	0	0	0	0	0	0	0	0	0	0	0	
83996	Olfactory_L	0	0	810	0	2546	168	230	0	0	0	0	0	0	0	1400	0	0	0	0	0	0	5544	84	0	410	242	3302	3218	3584	0	2446	2478	0	0	0	0	0	0	0	0	1368	0	0	0	0	0	0	0	0	0	0	0	0	0	0	0	0	0	0	0	0	0	0	0	0	0	0	0	0	0	6110	3090	4288	372	0	0	0	0	0	0	0	0	308	0	0	0	0	0	0	0	0	0	0	0	0	0	0	0	0	0	0	0	0	0	0	0	0	0	0	0	0	0	0	0	0	0	
100396	Olfactory_R	0	0	214	480	282	1494	0	0	0	456	0	0	0	0	120	1258	0	0	0	0	5544	0	0	498	138	696	1586	5392	186	2742	2208	3600	0	0	0	0	0	0	0	150	280	864	0	0	0	0	0	0	0	0	0	0	0	0	0	0	0	0	0	0	0	0	0	0	0	0	0	0	0	0	8358	6370	4912	1968	292	0	0	0	0	0	0	0	0	110	0	0	0	0	0	0	0	0	0	0	0	0	0	0	0	0	0	0	0	0	0	0	0	0	0	0	0	0	0	0	0	0	
334188	Frontal_Sup_Medial_L	700	0	39866	8018	4260	216	11998	704	0	0	2148	94	3640	372	472	0	526	124	8098	1586	84	0	0	16758	4142	1866	910	118	3950	330	26790	13606	5328	8026	0	0	0	0	0	0	0	0	0	0	0	0	0	0	0	0	0	0	0	0	0	0	212	0	0	0	0	0	0	0	0	0	0	0	0	0	654	86	1188	0	0	0	0	138	0	0	86	0	0	0	0	0	0	0	0	0	0	0	0	0	0	0	0	0	0	0	0	0	0	0	0	0	0	0	0	0	0	0	0	0	0	0	
329884	Frontal_Sup_Medial_R	0	0	3262	34330	0	3508	666	4412	0	166	0	2302	74	7208	0	1084	0	744	2696	11034	0	498	16758	0	372	7400	0	1820	0	5948	8188	30090	1364	16668	0	0	0	74	0	0	0	0	0	0	0	0	0	0	0	0	0	0	0	0	0	0	0	0	0	0	0	0	0	0	0	0	0	0	0	0	178	882	76	2960	0	0	0	0	0	0	0	180	0	0	0	0	0	0	0	0	0	0	0	0	0	0	0	0	0	0	0	0	0	0	0	0	0	0	0	0	0	0	0	0	0	0	
47028	Frontal_Med_Orb_L	0	0	2844	0	4132	218	0	0	0	0	0	0	0	0	0	0	0	0	0	0	410	138	4142	372	0	1272	1982	212	0	0	6488	322	0	0	0	0	0	0	0	0	0	0	0	0	0	0	0	0	0	0	0	0	0	0	0	0	0	0	0	0	0	0	0	0	0	0	0	0	0	0	466	0	516	0	0	0	0	0	0	0	0	0	0	0	0	0	0	0	0	0	0	0	0	0	0	0	0	0	0	0	0	0	0	0	0	0	0	0	0	0	0	0	0	0	0	0	
95968	Frontal_Med_Orb_R	0	0	372	3292	344	6422	0	328	0	306	0	0	0	544	0	150	0	0	0	92	242	696	1866	7400	1272	0	348	8554	0	1070	2868	7134	0	0	0	0	0	0	0	0	0	0	0	0	0	0	0	0	0	0	0	0	0	0	0	0	0	0	0	0	0	0	0	0	0	0	0	0	0	0	288	1294	144	2958	0	0	0	0	0	0	0	0	0	0	0	0	0	0	0	0	0	0	0	0	0	0	0	0	0	0	0	0	0	0	0	0	0	0	0	0	0	0	0	0	0	0	
62516	Rectus_L	0	0	1798	0	5716	230	0	0	1752	0	0	0	0	0	1462	0	0	0	0	0	3302	1586	910	0	1982	348	0	1382	1168	0	3688	1360	0	0	0	0	0	0	0	0	422	0	0	0	0	0	0	0	0	0	0	0	0	0	0	0	0	0	0	0	0	0	0	0	0	0	0	0	0	0	2042	544	1566	0	0	0	0	0	0	0	0	0	0	0	0	0	0	0	0	0	0	0	0	0	0	0	0	0	0	0	0	0	0	0	0	0	0	0	0	0	0	0	0	0	0	0	
97448	Rectus_R	0	0	174	554	192	7006	0	126	0	1478	0	0	0	84	102	1232	0	0	0	0	3218	5392	118	1820	212	8554	1382	0	86	986	1966	5220	0	0	0	0	0	0	0	0	134	276	0	0	0	0	0	0	0	0	0	0	0	0	0	0	0	0	0	0	0	0	0	0	0	0	0	0	0	0	3128	2782	1376	1126	0	0	0	0	0	0	0	0	0	0	0	0	0	0	0	0	0	0	0	0	0	0	0	0	0	0	0	0	0	0	0	0	0	0	0	0	0	0	0	0	0	0	
627420	Insula_L	17660	130	37800	2940	4664	0	18622	200	256	0	17174	0	31872	0	10796	0	28532	0	11194	3476	3584	186	3950	0	0	0	1168	86	0	0	13202	276	152	0	544	0	11566	0	534	0	2560	0	0	0	0	0	0	0	0	0	510	0	286	0	6604	0	5786	0	0	0	2190	0	2878	0	0	0	608	0	2026	0	2364	166	24700	0	610	0	510	1092	8486	0	12368	0	2508	0	5606	0	0	0	11288	0	0	0	0	0	0	0	0	0	0	0	0	0	0	0	0	0	0	0	0	0	0	0	0	0	0	0	
348328	Insula_R	822	3302	638	14276	0	2582	804	11012	0	1014	0	16906	0	10660	0	4500	0	17930	1548	6760	0	2742	330	5948	0	1070	0	986	0	0	470	10920	338	2984	0	454	0	7596	0	3426	0	1324	0	210	0	0	0	0	0	0	0	88	0	912	0	3192	0	1504	0	176	0	146	0	1180	0	140	0	640	74	72	1866	2218	412	19812	0	0	0	1002	0	1086	0	3452	0	482	0	1108	0	0	0	3050	0	0	0	0	0	0	0	0	0	0	0	0	0	0	0	0	0	0	0	0	0	0	0	0	0	0	
423360	Cingulum_Ant_L	4380	224	24252	7460	6138	484	2912	1342	88	0	7492	0	11710	304	1782	0	2648	0	10574	4152	2446	2208	26790	8188	6488	2868	3688	1966	13202	470	0	20800	7548	4584	0	0	90	0	0	0	0	0	0	0	0	0	0	0	0	0	0	0	0	0	0	0	1516	0	0	0	0	0	174	0	0	0	0	0	118	0	9586	1522	9532	494	96	0	0	488	252	0	624	0	0	0	0	0	0	0	0	0	0	0	0	0	0	0	0	0	0	0	0	0	0	0	0	0	0	0	0	0	0	0	0	0	0	0	
500856	Cingulum_Ant_R	98	104	4492	37280	196	1104	552	11224	0	76	166	1832	240	9316	0	912	0	1908	6966	16504	2478	3600	13606	30090	322	7134	1360	5220	276	10920	20800	0	5372	28860	0	0	0	106	0	0	0	0	0	0	0	0	0	0	0	0	0	0	0	0	0	0	0	0	0	0	0	0	0	0	0	0	0	0	0	0	5140	10508	3038	8412	0	0	0	122	0	0	0	94	0	0	0	0	0	0	0	0	0	0	0	0	0	0	0	0	0	0	0	0	0	0	0	0	0	0	0	0	0	0	0	0	0	0	
216748	Cingulum_Mid_L	2268	0	6214	3674	0	0	728	520	0	0	296	78	324	190	0	0	82	182	16234	8792	0	0	5328	1364	0	0	0	0	152	338	7548	5372	0	12428	5068	460	0	0	0	0	0	0	450	0	412	412	258	0	1590	264	2950	108	114	0	0	0	124	0	1600	138	644	0	146	0	518	0	8032	1724	8236	1654	0	0	0	150	0	0	0	108	0	0	278	0	0	0	506	0	0	0	318	0	0	0	0	0	0	0	0	0	0	0	0	0	0	0	0	0	0	0	0	0	0	0	0	0	0	0	
480120	Cingulum_Mid_R	804	968	2570	21856	0	0	578	4476	0	0	126	1340	90	3080	0	174	0	1744	20788	46192	0	0	8026	16668	0	0	0	0	0	2984	4584	28860	12428	0	2116	7066	0	290	0	0	0	0	0	474	0	4900	0	308	0	3490	134	946	0	80	0	158	0	966	108	90	100	588	0	122	94	326	1496	10216	2460	18846	250	1322	0	940	0	0	0	94	0	0	0	1036	0	0	0	1634	0	0	0	1074	0	0	0	0	0	0	0	0	0	0	0	0	0	0	0	0	0	0	0	0	0	0	0	0	0	0	
157184	Cingulum_Post_L	7208	2900	0	2660	0	0	0	0	0	0	0	0	0	0	0	0	106	0	1400	1208	0	0	0	0	0	0	0	0	544	0	0	0	5068	2116	0	6774	6060	942	538	0	0	0	1474	206	530	484	276	156	242	218	1628	128	114	0	74	0	142	96	714	0	420	0	0	0	182	0	10698	2862	8378	376	372	678	0	0	0	0	4902	3988	0	0	0	0	0	0	1118	0	0	0	256	0	0	0	0	0	0	0	0	0	0	0	0	0	0	0	0	0	0	0	0	0	356	0	0	0	0	0	
189072	Cingulum_Post_R	2484	4936	0	3636	0	0	0	108	0	0	0	138	0	0	0	0	0	240	168	5230	0	0	0	0	0	0	0	0	0	454	0	0	460	7066	6774	0	2180	7708	74	348	0	0	0	2738	0	2080	0	2922	0	1066	0	372	0	142	0	794	0	1258	0	0	0	102	0	0	0	0	538	12668	1176	7810	602	1302	0	798	0	0	4892	8162	0	0	0	158	0	0	0	448	0	0	0	692	0	0	0	0	0	0	0	0	0	0	0	0	0	0	0	0	0	0	0	0	1812	0	0	0	0	0	
261448	Hippocampus_L	7556	1402	2834	1362	0	0	480	74	0	0	222	0	100	0	0	0	1628	0	3132	236	0	0	0	0	0	0	0	0	11566	0	90	0	0	0	6060	2180	0	728	8256	0	6842	0	3382	0	646	0	3648	0	0	0	1436	0	1150	0	13596	0	2262	0	0	0	230	0	810	0	0	0	5792	262	3130	0	360	72	10750	0	2854	0	5334	2098	3648	0	2302	0	122	0	1976	0	0	0	9402	0	190	0	0	0	0	0	274	0	250	0	0	0	0	0	0	0	0	0	0	0	0	0	0	0	0	0	
315728	Hippocampus_R	410	7984	82	4236	0	0	130	990	0	0	0	1400	0	0	0	0	0	3904	144	1730	0	0	0	74	0	0	0	0	0	7596	0	106	0	290	942	7708	728	0	138	20860	0	7688	0	3334	0	90	96	5012	0	0	0	146	0	4902	0	23062	0	1178	0	0	0	194	0	1360	0	104	0	8298	80	256	288	144	0	12580	0	500	840	6666	0	1656	0	2082	0	1150	0	3448	0	600	0	11244	0	0	0	0	82	0	106	154	0	0	0	0	0	0	0	0	0	0	0	94	978	0	0	0	0	0	
63828	ParaHippocampal_L	158	0	0	0	0	0	0	0	0	0	0	0	0	0	0	0	0	0	0	0	0	0	0	0	0	0	0	0	534	0	0	0	0	0	538	74	8256	138	0	0	1568	0	876	0	130	0	2942	102	132	0	614	0	556	0	5884	0	0	0	0	0	0	0	0	0	0	0	1484	0	114	0	0	0	984	0	0	0	210	86	0	0	0	0	360	0	198	0	128	0	818	0	1100	0	0	0	334	144	2030	0	1422	0	0	0	0	0	0	0	0	0	0	0	0	0	0	0	0	0	
172800	ParaHippocampal_R	0	1384	0	522	0	0	0	238	0	0	0	638	0	0	0	0	0	2332	0	236	0	150	0	0	0	0	0	0	0	3426	0	0	0	0	0	348	0	20860	0	0	0	4366	0	2056	0	0	0	5002	0	0	0	134	0	5990	0	19910	0	330	0	0	0	110	0	386	0	76	0	1632	0	0	0	0	0	3386	0	232	0	332	0	974	0	1060	0	1012	0	1964	0	978	0	4198	0	94	0	0	96	106	142	932	0	162	0	0	0	0	0	0	0	0	0	80	526	0	0	0	0	0	
43780	Amygdala_L	0	0	384	0	634	0	156	0	0	0	0	0	0	0	272	0	0	0	0	0	1368	280	0	0	0	0	422	134	2560	0	0	0	0	0	0	0	6842	0	1568	0	0	0	0	0	0	0	0	0	0	0	0	0	0	0	3262	0	0	0	0	0	0	0	0	0	0	0	0	0	0	0	380	194	1908	0	0	0	118	0	0	0	0	0	538	0	0	0	182	0	688	0	0	0	0	0	0	0	0	0	0	0	0	0	0	0	0	0	0	0	0	0	0	0	0	0	0	0	
51340	Amygdala_R	0	0	0	168	0	210	0	0	0	0	0	0	0	0	0	190	0	0	0	0	0	864	0	0	0	0	0	276	0	1324	0	0	0	0	0	0	0	7688	0	4366	0	0	0	0	0	0	0	0	0	0	0	0	0	0	0	5652	0	0	0	0	0	0	0	0	0	0	0	0	0	0	0	112	0	578	0	0	0	120	0	0	0	0	0	2348	0	0	0	1054	0	720	0	0	0	0	0	0	0	0	0	0	0	0	0	0	0	0	0	0	0	0	0	0	0	0	0	0	
240820	Calcarine_L	0	0	0	0	0	0	0	0	0	0	0	0	0	0	0	0	0	0	0	0	0	0	0	0	0	0	0	0	0	0	0	0	450	0	1474	0	3382	0	876	0	0	0	0	5730	18596	3746	17246	2908	14016	1080	21362	392	4612	398	2644	640	0	0	432	0	128	0	0	0	156	0	13896	676	674	0	0	0	0	0	0	0	0	0	0	0	0	0	0	0	2538	0	0	0	1430	0	164	0	0	0	0	0	0	0	448	0	0	0	0	0	0	0	0	0	0	0	190	126	0	0	0	0	
322080	Calcarine_R	0	190	0	0	0	0	0	0	0	0	0	0	0	0	0	0	0	236	0	80	0	0	0	0	0	0	0	0	0	210	0	0	0	474	206	2738	0	3334	0	2056	0	0	5730	0	6420	25524	2074	25254	0	16906	0	9084	0	9434	0	10658	0	3894	0	234	0	76	0	144	0	0	1572	21566	0	2648	0	0	0	0	0	0	0	0	0	78	0	148	0	0	0	4368	0	0	0	4574	0	0	0	0	0	0	0	0	0	318	0	0	0	0	0	0	0	0	0	0	812	0	0	0	0	0	
187052	Cuneus_L	0	0	0	0	0	0	0	0	0	0	0	0	0	0	0	0	0	0	0	0	0	0	0	0	0	0	0	0	0	0	0	0	412	0	530	0	646	0	130	0	0	0	18596	6420	0	9464	2368	414	17954	4076	9144	456	1030	0	134	124	0	0	3064	0	158	0	0	0	138	0	13350	2234	620	0	0	0	0	0	0	0	0	0	0	0	0	0	0	0	1394	0	0	0	670	0	0	0	0	0	0	0	0	0	0	0	0	0	0	0	0	0	0	0	0	0	0	0	0	0	0	0	
289788	Cuneus_R	0	110	0	0	0	0	0	0	0	0	0	0	0	0	0	0	0	0	0	2102	0	0	0	0	0	0	0	0	0	0	0	0	412	4900	484	2080	0	90	0	0	0	0	3746	25524	9464	0	838	7000	166	30906	126	10098	0	1324	0	2904	0	2602	174	3252	90	172	0	0	90	108	4612	24354	0	4396	0	0	0	0	0	0	0	0	0	0	0	0	0	0	0	1814	0	0	0	588	0	0	0	0	0	0	0	0	0	88	0	0	0	0	0	0	0	0	0	0	280	0	0	0	0	0	
275012	Lingual_L	0	0	0	0	0	0	0	0	0	0	0	0	0	0	0	0	0	0	0	0	0	0	0	0	0	0	0	0	0	0	0	0	258	0	276	0	3648	96	2942	0	0	0	17246	2074	2368	838	0	4600	7698	160	24960	128	11888	210	23484	894	0	0	158	0	0	0	0	0	0	0	3508	136	160	0	0	0	0	0	0	0	86	0	0	0	106	0	0	0	770	0	0	0	596	0	2836	178	546	0	0	0	7060	1466	9734	730	0	0	0	0	0	0	0	0	0	0	3938	1658	72	0	0	0	
293300	Lingual_R	0	0	0	130	0	0	0	0	0	0	0	0	0	0	0	0	0	0	0	0	0	0	0	0	0	0	0	0	0	0	0	0	0	308	156	2922	0	5012	102	5002	0	0	2908	25254	414	7000	4600	0	0	6146	116	5630	136	6414	1744	19684	0	1628	0	0	0	0	0	0	0	0	126	10460	0	1190	0	0	0	0	0	0	0	274	0	0	0	0	0	0	0	1710	0	0	0	1096	562	2096	320	156	244	114	2440	5536	4156	6780	116	0	90	0	126	0	0	0	0	168	6664	6160	664	0	0	96	
177960	Occipital_Sup_L	0	0	0	0	0	0	0	0	0	0	0	0	0	0	0	0	0	0	0	0	0	0	0	0	0	0	0	0	0	0	0	0	1590	0	242	0	0	0	132	0	0	0	14016	0	17954	166	7698	0	0	0	28250	0	660	0	532	0	0	0	6492	0	1534	0	0	0	216	0	8494	582	206	0	0	0	0	0	0	0	0	0	0	0	0	0	0	0	216	0	0	0	0	0	0	0	0	0	0	0	0	0	0	0	0	0	0	0	0	0	0	0	0	0	0	0	0	0	0	0	
282324	Occipital_Sup_R	0	806	0	0	0	0	0	0	0	0	0	0	0	0	0	0	0	262	0	1790	0	0	0	0	0	0	0	0	0	0	0	0	264	3490	218	1066	0	0	0	0	0	0	1080	16906	4076	30906	160	6146	0	0	80	21480	0	2194	0	2704	0	3950	0	8802	0	3162	0	462	0	5644	1320	15976	0	3540	0	0	0	80	0	0	0	0	0	0	0	618	0	0	0	2582	0	0	0	1154	0	0	0	0	0	0	0	0	0	146	0	0	0	0	0	0	0	0	0	0	98	0	0	0	0	0	
480424	Occipital_Mid_L	2080	0	0	0	0	0	0	0	0	0	0	0	0	0	0	0	688	0	76	0	0	0	0	0	0	0	0	0	510	0	0	0	2950	134	1628	0	1436	0	614	0	0	0	21362	0	9144	126	24960	116	28250	80	0	0	20916	0	11316	0	1004	0	13944	104	22754	0	980	0	23004	0	16424	918	5838	0	0	0	0	0	0	0	84	0	938	0	1726	0	0	0	19152	0	0	0	4148	0	722	0	0	0	0	0	480	0	1344	0	0	0	0	0	0	0	0	0	0	0	138	124	0	0	0	0	
212628	Occipital_Mid_R	0	232	0	0	0	0	0	0	0	0	0	0	0	0	0	0	0	130	0	246	0	0	0	0	0	0	0	0	0	88	0	0	108	946	128	372	0	146	0	134	0	0	392	9084	456	10098	128	5630	0	21480	0	0	0	5042	0	4766	0	1222	0	2752	0	5190	0	316	0	15310	686	5388	0	1206	0	0	0	0	0	0	0	0	0	74	0	1228	0	0	0	10644	0	0	0	2526	0	0	0	0	0	0	0	0	0	86	0	0	0	0	0	0	0	0	0	0	80	0	0	0	0	0	
142240	Occipital_Inf_L	228	0	0	0	0	0	0	0	0	0	0	0	0	0	0	0	0	0	74	0	0	0	0	0	0	0	0	0	286	0	0	0	114	0	114	0	1150	0	556	0	0	0	4612	0	1030	0	11888	136	660	0	20916	0	0	0	12682	0	0	0	0	0	80	0	0	0	214	0	2082	0	348	0	0	0	106	0	0	0	0	0	200	0	192	0	0	0	4352	0	0	0	4940	0	920	0	0	0	0	0	654	120	1994	0	0	0	0	0	0	0	0	0	0	0	320	152	0	0	0	0	
143416	Occipital_Inf_R	0	848	0	150	0	0	0	0	0	0	0	192	0	0	0	0	0	1176	0	0	0	0	0	0	0	0	0	0	0	912	0	0	0	80	0	142	0	4902	0	5990	0	0	398	9434	0	1324	210	6414	0	2194	0	5042	0	0	0	12402	0	756	0	152	0	86	0	200	0	0	0	3354	0	336	0	0	0	476	0	0	0	82	0	566	0	636	0	0	0	4128	0	0	0	8382	0	0	0	0	0	0	0	84	94	224	0	0	0	0	0	0	0	0	0	0	148	194	0	0	0	0	
382984	Fusiform_L	504	0	482	82	0	0	0	0	0	0	0	0	0	0	0	0	254	0	470	86	0	0	0	0	0	0	0	0	6604	0	0	0	0	0	74	0	13596	0	5884	0	3262	0	2644	0	134	0	23484	1744	532	0	11316	0	12682	0	0	494	0	0	0	0	0	0	0	0	0	0	1290	0	536	0	0	0	2726	0	0	0	0	0	516	0	3338	0	2282	0	5026	0	968	0	19270	0	17276	0	980	0	0	0	16474	844	28016	802	390	0	312	0	0	0	98	0	0	0	3690	2330	0	0	0	0	
343856	Fusiform_R	0	2352	0	342	0	0	0	208	0	0	0	632	0	0	0	0	0	2372	0	148	0	0	0	0	0	0	0	0	0	3192	0	0	0	158	0	794	0	23062	0	19910	0	5652	640	10658	124	2904	894	19684	0	2704	0	4766	0	12402	494	0	0	852	0	0	0	88	0	836	0	0	0	3540	0	348	0	0	0	2888	0	90	0	260	0	728	0	992	0	2020	0	5370	0	1234	0	10678	230	4762	122	0	0	166	748	4546	1516	8758	104	0	78	0	0	0	0	0	0	0	2812	3510	560	0	0	0	
248408	Postcentral_L	28642	1264	2156	1112	0	0	1478	136	0	0	4410	0	1164	0	0	0	9684	0	1456	2692	0	0	212	0	0	0	0	0	5786	0	1516	0	124	0	142	0	2262	0	0	0	0	0	0	0	0	0	0	0	0	0	1004	0	0	0	0	0	0	0	5382	0	19584	0	9308	0	258	0	3454	0	3174	236	820	0	4128	0	3028	0	310	0	1356	0	6366	0	0	0	936	0	0	0	624	0	0	0	0	0	0	0	0	0	0	0	0	0	0	0	0	0	0	0	0	0	0	0	0	0	0	0	
216864	Postcentral_R	0	13874	0	346	0	0	0	708	0	0	0	2516	0	0	0	0	0	3600	0	194	0	0	0	0	0	0	0	0	0	1504	0	0	0	966	96	1258	0	1178	0	330	0	0	0	3894	0	2602	0	1628	0	3950	0	1222	0	756	0	852	0	0	0	7856	0	8490	0	11488	0	2970	114	13132	0	8686	0	408	0	910	0	0	0	652	0	956	0	3662	0	0	0	3878	0	0	0	3654	0	0	0	0	0	0	0	0	0	0	0	0	0	0	0	0	0	0	0	0	102	0	0	0	0	0	
147344	Parietal_Sup_L	0	0	0	0	0	0	0	0	0	0	0	0	0	0	0	0	282	0	0	0	0	0	0	0	0	0	0	0	0	0	0	0	1600	108	714	0	0	0	0	0	0	0	432	0	3064	174	158	0	6492	0	13944	0	0	0	0	0	5382	0	0	98	17384	0	0	0	6932	0	13082	766	1616	0	0	0	0	0	0	0	0	0	0	0	488	0	0	0	516	0	0	0	440	0	0	0	0	0	0	0	0	0	0	0	0	0	0	0	0	0	0	0	0	0	0	0	0	0	0	0	
104636	Parietal_Sup_R	0	142	0	0	0	0	0	0	0	0	0	0	0	0	0	0	0	164	0	0	0	0	0	0	0	0	0	0	0	176	0	0	138	90	0	0	0	0	0	0	0	0	0	234	0	3252	0	0	0	8802	104	2752	0	152	0	0	0	7856	98	0	0	7214	0	1010	0	4016	1272	10652	0	404	0	0	0	0	0	0	0	0	0	936	0	796	0	0	0	342	0	0	0	1716	0	0	0	0	0	0	0	0	0	0	0	0	0	0	0	0	0	0	0	0	0	0	0	0	0	0	
269532	Parietal_Inf_L	5806	0	314	0	0	0	156	0	0	0	90	0	0	0	0	0	2256	0	0	212	0	0	0	0	0	0	0	0	2190	0	0	0	644	100	420	0	230	0	0	0	0	0	128	0	158	90	0	0	1534	0	22754	0	80	0	0	0	19584	0	17384	0	0	0	11958	0	25092	0	6246	426	1952	0	82	0	556	0	196	0	126	0	634	0	3598	0	0	0	7024	0	0	0	2746	0	0	0	0	0	0	0	0	0	0	0	0	0	0	0	0	0	0	0	0	0	0	0	0	0	0	0	
116004	Parietal_Inf_R	0	1650	0	0	0	0	0	0	0	0	0	230	0	0	0	0	0	254	0	188	0	0	0	0	0	0	0	0	0	146	0	0	0	588	0	102	0	194	0	110	0	0	0	76	0	172	0	0	0	3162	0	5190	0	86	0	88	0	8490	0	7214	0	0	0	7974	0	15322	0	1864	0	1006	0	0	0	124	0	0	0	190	0	0	0	898	0	0	0	1546	0	0	0	1138	0	0	0	0	0	0	0	0	0	0	0	0	0	0	0	0	0	0	0	0	0	0	0	0	0	0	
131712	SupraMarginal_L	2886	0	948	0	0	0	244	0	0	0	324	0	184	0	0	0	3804	0	0	104	0	0	0	0	0	0	0	0	2878	0	174	0	146	0	0	0	810	0	0	0	0	0	0	0	0	0	0	0	0	0	980	0	0	0	0	0	9308	0	0	0	11958	0	0	0	6170	0	292	0	100	0	0	0	1322	0	1102	0	0	0	482	0	9428	0	0	0	7850	0	0	0	4362	0	0	0	0	0	0	0	0	0	0	0	0	0	0	0	0	0	0	0	0	0	0	0	0	0	0	0	
95320	SupraMarginal_R	0	3584	0	278	0	0	0	502	0	0	0	1544	0	0	0	0	0	2888	0	130	0	0	0	0	0	0	0	0	0	1180	0	0	0	122	0	0	0	1360	0	386	0	0	0	144	0	0	0	0	0	462	0	316	0	200	0	836	0	11488	0	1010	0	7974	0	0	0	3332	0	500	0	152	0	228	0	732	0	0	0	514	0	98	0	3700	0	0	0	1066	0	0	0	2934	0	0	0	0	0	0	0	0	0	0	0	0	0	0	0	0	0	0	0	0	0	0	0	0	0	0	
175604	Angular_L	164	0	0	0	0	0	0	0	0	0	0	0	0	0	0	0	560	0	0	0	0	0	0	0	0	0	0	0	0	0	0	0	518	94	182	0	0	0	0	0	0	0	156	0	138	90	0	0	216	0	23004	0	214	0	0	0	258	0	6932	0	25092	0	6170	0	0	0	3816	418	830	0	0	0	0	0	0	0	0	0	96	0	3010	0	0	0	12208	0	0	0	3636	0	0	0	0	0	0	0	0	0	0	0	0	0	0	0	0	0	0	0	0	0	0	0	0	0	0	0	
128040	Angular_R	0	676	0	0	0	0	0	0	0	0	0	0	0	0	0	0	0	0	0	78	0	0	0	0	0	0	0	0	0	140	0	0	0	326	0	0	0	104	0	76	0	0	0	0	0	108	0	0	0	5644	0	15310	0	0	0	0	0	2970	0	4016	0	15322	0	3332	0	0	0	978	0	638	0	0	0	0	0	0	0	0	0	0	0	5292	0	0	0	7580	0	0	0	1430	0	0	0	0	0	0	0	0	0	0	0	0	0	0	0	0	0	0	0	0	0	0	0	0	0	0	
303500	Precuneus_L	1424	0	0	0	0	0	0	0	0	0	0	0	0	0	0	0	338	0	192	254	0	0	0	0	0	0	0	0	608	0	0	0	8032	1496	10698	538	5792	0	1484	0	0	0	13896	1572	13350	4612	3508	126	8494	1320	16424	686	2082	0	1290	0	3454	114	13082	1272	6246	0	292	0	3816	0	0	11040	6762	334	0	0	0	0	0	0	154	0	0	0	626	0	0	0	4198	0	0	0	2068	0	0	0	0	0	0	0	0	0	0	0	0	0	0	0	0	0	0	0	0	0	76	0	0	0	0	0	
415500	Precuneus_R	92	1744	0	196	0	0	0	0	0	0	0	140	0	0	0	0	0	326	242	3238	0	0	0	0	0	0	0	0	0	640	0	0	1724	10216	2862	12668	262	8298	0	1632	0	0	676	21566	2234	24354	136	10460	582	15976	918	5388	0	3354	0	3540	0	13132	766	10652	426	1864	0	500	418	978	11040	0	494	14500	0	0	0	868	0	0	330	2394	0	298	0	1764	0	0	0	7310	0	0	0	4178	0	0	0	0	0	0	0	0	0	0	0	0	0	0	0	0	0	0	0	0	2374	0	0	0	0	0	
291740	Paracentral_Lobule_L	33642	6556	2332	2416	0	0	956	98	0	0	100	72	0	0	0	0	496	102	14228	10394	0	0	0	0	0	0	0	0	2026	74	118	0	8236	2460	8378	1176	3130	80	114	0	0	0	674	0	620	0	160	0	206	0	5838	0	348	0	536	0	3174	0	1616	0	1952	0	100	0	830	0	6762	494	0	5124	1850	538	1516	0	680	0	10258	1220	250	0	1542	0	0	0	1736	0	0	0	662	0	0	0	0	0	0	0	0	0	0	0	0	0	0	0	0	0	0	0	0	0	0	0	0	0	0	0	
230460	Paracentral_Lobule_R	4650	5826	210	206	0	0	0	0	0	0	0	0	0	0	0	0	0	0	2310	23944	0	0	0	0	0	0	0	0	0	72	0	0	1654	18846	376	7810	0	256	0	0	0	0	0	2648	0	4396	0	1190	0	3540	0	1206	0	336	0	348	236	8686	0	404	0	1006	0	152	0	638	334	14500	5124	0	214	96	0	0	0	0	228	0	0	76	0	712	0	0	0	1818	0	0	0	1062	0	0	0	0	0	0	0	0	0	0	0	0	0	0	0	0	0	0	0	0	120	0	0	0	0	0	
329796	Caudate_L	7498	3302	10084	7180	574	146	3778	4656	0	0	1826	224	632	0	316	0	590	268	10228	5208	6110	8358	654	178	466	288	2042	3128	2364	1866	9586	5140	0	250	372	602	360	288	0	0	380	0	0	0	0	0	0	0	0	0	0	0	0	0	0	0	820	0	0	0	82	0	0	0	0	0	0	0	1850	214	0	16318	22300	6626	3984	0	10714	3048	0	0	0	0	0	0	0	0	0	0	0	0	0	0	0	0	0	0	0	0	0	0	0	0	0	0	0	0	0	0	0	0	0	0	0	0	0	0	
301428	Caudate_R	696	5038	1562	20388	110	282	0	7016	0	90	0	1150	0	1018	0	102	0	418	1250	12360	3090	6370	86	882	0	1294	544	2782	166	2218	1522	10508	0	1322	678	1302	72	144	0	0	194	112	0	0	0	0	0	0	0	0	0	0	0	0	0	0	0	408	0	0	0	0	0	228	0	0	0	0	538	96	16318	0	8950	12564	1004	1276	5158	19408	0	0	0	0	0	0	0	0	0	0	0	0	0	0	0	0	0	0	0	0	0	0	0	0	0	0	0	0	0	0	0	0	0	0	0	0	0	0	
392716	Putamen_L	4584	86	23986	2850	4432	0	2074	1320	210	0	1002	0	864	0	1834	0	3076	0	14842	2792	4288	4912	1188	76	516	144	1566	1376	24700	412	9532	3038	0	0	0	0	10750	0	984	0	1908	0	0	0	0	0	0	0	0	0	0	0	106	0	2726	0	4128	0	0	0	556	0	1322	0	0	0	0	0	1516	0	22300	8950	0	3338	10170	0	3344	1032	478	0	2406	0	98	0	726	0	0	0	3820	0	0	0	0	0	0	0	0	0	0	0	0	0	0	0	0	0	0	0	0	0	0	0	0	0	0	0	
285244	Putamen_R	1198	2170	662	16998	0	2428	1220	3714	0	682	0	4266	0	742	0	802	0	3848	608	9810	372	1968	0	2960	0	2958	0	1126	0	19812	494	8412	150	940	0	798	0	12580	0	3386	0	578	0	0	0	0	0	0	0	80	0	0	0	476	0	2888	0	910	0	0	0	124	0	732	0	0	0	868	0	0	6626	12564	3338	0	0	1574	78	3206	0	274	0	1422	0	126	0	242	0	0	0	1412	0	0	0	0	0	0	0	0	0	0	0	0	0	0	0	0	0	0	0	0	0	0	0	0	0	0	
80736	Pallidum_L	2242	332	2814	310	0	0	0	0	0	0	160	0	0	0	0	0	994	0	6208	396	0	292	0	0	0	0	0	0	610	0	96	0	0	0	0	0	2854	0	0	0	0	0	0	0	0	0	0	0	0	0	0	0	0	0	0	0	3028	0	0	0	196	0	1102	0	0	0	0	0	680	0	3984	1004	10170	0	0	0	2188	182	0	0	526	0	0	0	0	0	0	0	0	0	0	0	0	0	0	0	0	0	0	0	0	0	0	0	0	0	0	0	0	0	0	0	0	0	0	0	
12712	Pallidum_R	0	0	0	1366	0	0	0	0	0	0	0	0	0	0	0	0	0	0	0	1318	0	0	0	0	0	0	0	0	0	0	0	0	0	0	0	0	0	500	0	232	0	0	0	0	0	0	0	0	0	0	0	0	0	0	0	90	0	0	0	0	0	0	0	0	0	0	0	0	0	0	0	1276	0	1574	0	0	0	0	0	0	0	0	0	0	0	0	0	0	0	0	0	0	0	0	0	0	0	0	0	0	0	0	0	0	0	0	0	0	0	0	0	0	0	0	0	0	
211928	Thalamus_L	19506	6790	4494	4574	0	0	892	0	0	0	0	0	0	0	0	0	144	0	2108	1386	0	0	0	0	0	0	0	0	510	0	0	0	0	0	4902	4892	5334	840	210	0	118	0	0	0	0	0	86	0	0	0	84	0	0	0	0	0	310	0	0	0	126	0	0	0	0	0	154	330	10258	228	10714	5158	3344	78	2188	0	0	16206	0	0	0	0	0	0	0	0	0	0	0	0	0	0	0	0	0	0	0	0	0	0	0	0	0	0	0	0	0	0	0	0	0	0	0	0	0	0	
250496	Thalamus_R	2658	9728	2332	22670	0	0	284	4614	0	0	462	398	208	0	0	0	576	936	1892	4608	0	0	138	0	0	0	0	0	1092	1002	488	122	108	94	3988	8162	2098	6666	86	332	0	120	0	0	0	0	0	274	0	0	0	0	0	82	0	260	0	652	0	0	0	190	0	514	0	0	0	2394	1220	0	3048	19408	1032	3206	182	0	16206	0	0	0	0	164	0	0	0	232	0	0	0	222	0	0	0	0	0	0	0	0	0	0	0	0	0	0	0	0	0	0	0	0	100	0	0	0	0	0	
75016	Heschl_L	2870	0	932	0	0	0	122	0	0	0	540	0	220	0	0	0	2932	0	386	148	0	0	0	0	0	0	0	0	8486	0	252	0	0	0	0	0	3648	0	0	0	0	0	0	0	0	0	0	0	0	0	938	0	200	0	516	0	1356	0	0	0	634	0	482	0	96	0	0	0	250	0	0	0	478	0	0	0	0	0	0	0	3132	0	0	0	5002	0	0	0	3888	0	0	0	0	0	0	0	0	0	0	0	0	0	0	0	0	0	0	0	0	0	0	0	0	0	0	0	
36556	Heschl_R	0	228	0	86	0	0	0	160	0	0	0	770	0	0	0	0	0	1884	0	0	0	0	0	0	0	0	0	0	0	1086	0	0	0	0	0	0	0	1656	0	974	0	0	0	78	0	0	0	0	0	0	0	74	0	566	0	728	0	956	0	936	0	0	0	98	0	0	0	298	0	76	0	0	0	274	0	0	0	0	0	0	0	4120	0	0	0	596	0	0	0	2634	0	0	0	0	0	0	0	0	0	0	0	0	0	0	0	0	0	0	0	0	0	0	0	0	0	0	
244232	Temporal_Sup_L	2854	0	1670	0	0	0	266	0	0	0	1866	0	494	0	1556	0	8440	0	630	130	0	0	86	0	0	0	0	0	12368	0	624	0	278	0	0	0	2302	0	0	0	0	0	0	0	0	0	106	0	0	0	1726	0	192	0	3338	0	6366	0	488	0	3598	0	9428	0	3010	0	626	0	1542	0	0	0	2406	0	526	0	0	0	3132	0	0	0	6828	0	27758	0	204	0	17036	0	0	0	0	0	0	0	0	0	242	0	0	0	0	0	0	0	0	0	0	0	0	0	0	0	0	0	
124944	Temporal_Sup_R	0	802	0	452	0	0	0	682	0	0	0	1002	0	0	0	0	0	3432	0	206	0	0	0	180	0	0	0	0	0	3452	0	94	0	1036	0	158	0	2082	0	1060	0	0	0	148	0	0	0	0	0	618	0	1228	0	636	0	992	0	3662	0	796	0	898	0	3700	0	5292	0	1764	0	712	0	0	0	1422	0	0	0	164	0	4120	0	0	0	2952	0	12960	0	448	0	5322	0	0	0	0	0	0	0	0	0	0	0	0	0	0	0	0	0	0	0	0	0	0	0	0	0	0	
89032	Temporal_Pole_Sup_L	0	0	310	0	398	0	194	0	0	0	280	0	210	0	2150	0	758	0	0	0	308	0	0	0	0	0	0	0	2508	0	0	0	0	0	0	0	122	0	360	0	538	0	0	0	0	0	0	0	0	0	0	0	0	0	2282	0	0	0	0	0	0	0	0	0	0	0	0	0	0	0	0	0	98	0	0	0	0	0	0	0	6828	0	0	0	11316	0	4882	0	10974	0	0	0	0	0	0	0	0	0	0	0	0	0	0	0	0	0	0	0	0	0	0	0	0	0	0	0	
37084	Temporal_Pole_Sup_R	0	0	0	126	0	0	0	0	0	0	0	248	0	0	0	176	0	234	0	72	0	110	0	0	0	0	0	0	0	482	0	0	0	0	0	0	0	1150	0	1012	0	2348	0	0	0	0	0	0	0	0	0	0	0	0	0	2020	0	0	0	0	0	0	0	0	0	0	0	0	0	0	0	0	0	126	0	0	0	0	0	0	0	2952	0	0	0	2598	0	3104	0	1784	0	0	0	0	0	0	0	0	0	0	0	0	0	0	0	0	0	0	0	0	0	0	0	0	0	0	
351200	Temporal_Mid_L	1618	0	256	80	0	0	0	0	0	0	0	0	0	0	436	0	1100	0	154	98	0	0	0	0	0	0	0	0	5606	0	0	0	506	0	1118	0	1976	0	198	0	0	0	2538	0	1394	0	770	0	216	0	19152	0	4352	0	5026	0	936	0	516	0	7024	0	7850	0	12208	0	4198	0	1736	0	0	0	726	0	0	0	0	0	5002	0	27758	0	11316	0	0	0	3720	0	45748	0	0	0	0	0	0	0	0	0	268	0	0	0	0	0	0	0	0	0	0	0	0	0	0	0	0	0	
219240	Temporal_Mid_R	0	706	0	134	0	0	0	0	0	0	0	0	0	0	0	0	0	288	0	126	0	0	0	0	0	0	0	0	0	1108	0	0	0	1634	0	448	0	3448	0	1964	0	0	0	4368	0	1814	0	1710	0	2582	0	10644	0	4128	0	5370	0	3878	0	342	0	1546	0	1066	0	7580	0	7310	0	1818	0	0	0	242	0	0	0	232	0	596	0	12960	0	2598	0	0	0	1460	0	27394	0	0	0	0	0	0	0	0	0	126	0	0	0	0	0	0	0	0	0	0	0	0	0	0	0	0	
27640	Temporal_Pole_Mid_L	0	0	0	0	0	0	0	0	0	0	0	0	0	0	0	0	0	0	0	0	0	0	0	0	0	0	0	0	0	0	0	0	0	0	0	0	0	0	128	0	182	0	0	0	0	0	0	0	0	0	0	0	0	0	968	0	0	0	0	0	0	0	0	0	0	0	0	0	0	0	0	0	0	0	0	0	0	0	0	0	204	0	4882	0	3720	0	0	0	3736	0	0	0	0	0	0	0	0	0	0	0	0	0	0	0	0	0	0	0	0	0	0	0	0	0	0	0	
19616	Temporal_Pole_Mid_R	0	0	0	0	0	0	0	0	0	0	0	0	0	0	0	0	0	0	0	0	0	0	0	0	0	0	0	0	0	0	0	0	0	0	0	0	0	600	0	978	0	1054	0	0	0	0	0	0	0	0	0	0	0	0	0	1234	0	0	0	0	0	0	0	0	0	0	0	0	0	0	0	0	0	0	0	0	0	0	0	0	0	448	0	3104	0	1460	0	0	0	930	0	0	0	0	0	0	0	0	0	0	0	0	0	0	0	0	0	0	0	0	0	0	0	0	0	0	
325096	Temporal_Inf_L	536	0	676	78	0	0	74	0	0	0	0	0	0	0	0	0	768	0	544	120	0	0	0	0	0	0	0	0	11288	0	0	0	318	0	256	0	9402	0	818	0	688	0	1430	0	670	0	596	0	0	0	4148	0	4940	0	19270	0	624	0	440	0	2746	0	4362	0	3636	0	2068	0	662	0	0	0	3820	0	0	0	0	0	3888	0	17036	0	10974	0	45748	0	3736	0	0	0	3302	0	216	0	0	0	106	0	2152	0	202	0	210	0	0	0	0	0	0	0	0	0	0	0	0	0	
217984	Temporal_Inf_R	0	746	0	326	0	0	0	0	0	0	0	134	0	0	0	0	0	690	0	184	0	0	0	0	0	0	0	0	0	3050	0	0	0	1074	0	692	0	11244	0	4198	0	720	0	4574	0	588	0	1096	0	1154	0	2526	0	8382	0	10678	0	3654	0	1716	0	1138	0	2934	0	1430	0	4178	0	1062	0	0	0	1412	0	0	0	222	0	2634	0	5322	0	1784	0	27394	0	930	0	0	0	970	0	0	0	0	0	0	0	156	0	0	0	0	0	0	0	0	0	0	0	0	0	0	0	0	
418620	Cerebelum_Crus1_L	0	0	0	0	0	0	0	0	0	0	0	0	0	0	0	0	0	0	0	0	0	0	0	0	0	0	0	0	0	0	0	0	0	0	0	0	190	0	1100	0	0	0	164	0	0	0	2836	562	0	0	722	0	920	0	17276	230	0	0	0	0	0	0	0	0	0	0	0	0	0	0	0	0	0	0	0	0	0	0	0	0	0	0	0	0	0	0	0	0	3302	0	0	766	32278	418	3010	0	23394	654	54674	1440	22266	0	23220	1548	6036	852	820	0	138	284	2058	2458	2730	1674	1132	158	
330584	Cerebelum_Crus1_R	0	0	0	0	0	0	0	0	0	0	0	0	0	0	0	0	0	0	0	0	0	0	0	0	0	0	0	0	0	0	0	0	0	0	0	0	0	0	0	94	0	0	0	0	0	0	178	2096	0	0	0	0	0	0	0	4762	0	0	0	0	0	0	0	0	0	0	0	0	0	0	0	0	0	0	0	0	0	0	0	0	0	0	0	0	0	0	0	0	0	970	766	0	2684	29216	228	4840	942	20168	1794	49394	448	4602	1190	19482	460	1820	108	486	452	2338	4086	5008	4426	1324	620	310	
298324	Cerebelum_Crus2_L	0	0	0	0	0	0	0	0	0	0	0	0	0	0	0	0	0	0	0	0	0	0	0	0	0	0	0	0	0	0	0	0	0	0	0	0	0	0	0	0	0	0	0	0	0	0	546	320	0	0	0	0	0	0	980	122	0	0	0	0	0	0	0	0	0	0	0	0	0	0	0	0	0	0	0	0	0	0	0	0	0	0	0	0	0	0	0	0	216	0	32278	2684	0	5576	0	0	0	0	4988	1494	43078	1658	36936	3276	7068	442	316	0	0	0	0	772	4002	2222	188	0	
199416	Cerebelum_Crus2_R	0	0	0	0	0	0	0	0	0	0	0	0	0	0	0	0	0	0	0	0	0	0	0	0	0	0	0	0	0	0	0	0	0	0	0	0	0	0	0	0	0	0	0	0	0	0	0	156	0	0	0	0	0	0	0	0	0	0	0	0	0	0	0	0	0	0	0	0	0	0	0	0	0	0	0	0	0	0	0	0	0	0	0	0	0	0	0	0	0	0	418	29216	5576	0	0	0	0	72	114	6440	1412	15746	2108	25708	152	1548	0	608	0	0	0	392	6620	3010	412	0	
55008	Cerebelum_3_L	0	0	0	0	0	0	0	0	0	0	0	0	0	0	0	0	0	0	0	0	0	0	0	0	0	0	0	0	0	0	0	0	0	0	0	0	0	82	334	96	0	0	0	0	0	0	0	244	0	0	0	0	0	0	0	0	0	0	0	0	0	0	0	0	0	0	0	0	0	0	0	0	0	0	0	0	0	0	0	0	0	0	0	0	0	0	0	0	0	0	3010	228	0	0	0	752	10316	664	3636	612	0	0	0	0	102	80	0	0	1722	3746	1776	104	0	0	0	0	
67408	Cerebelum_3_R	0	0	0	0	0	0	0	0	0	0	0	0	0	0	0	0	0	0	0	0	0	0	0	0	0	0	0	0	0	0	0	0	0	0	0	0	0	0	144	106	0	0	0	0	0	0	0	114	0	0	0	0	0	0	0	166	0	0	0	0	0	0	0	0	0	0	0	0	0	0	0	0	0	0	0	0	0	0	0	0	0	0	0	0	0	0	0	0	0	0	0	4840	0	0	752	0	1282	5980	570	7222	76	0	0	0	442	700	356	102	1144	6330	1940	926	0	0	114	398	
299968	Cerebelum_4_5_L	0	0	0	0	0	0	0	0	0	0	0	0	0	0	0	0	0	0	0	0	0	0	0	0	0	0	0	0	0	0	0	0	0	0	0	0	274	106	2030	142	0	0	0	0	0	0	7060	2440	0	0	480	0	654	0	16474	748	0	0	0	0	0	0	0	0	0	0	0	0	0	0	0	0	0	0	0	0	0	0	0	0	0	0	0	0	0	0	0	0	106	0	23394	942	0	0	10316	1282	0	5520	37922	3436	114	0	88	0	4682	1834	1992	0	1336	3366	16802	3228	0	0	984	2232	
197432	Cerebelum_4_5_R	0	0	0	0	0	0	0	0	0	0	0	0	0	0	0	0	0	0	0	0	0	0	0	0	0	0	0	0	0	0	0	0	0	0	0	0	0	154	0	932	0	0	0	0	0	0	1466	5536	0	0	0	0	120	84	844	4546	0	0	0	0	0	0	0	0	0	0	0	0	0	0	0	0	0	0	0	0	0	0	0	0	0	0	0	0	0	0	0	0	0	0	654	20168	0	72	664	5980	5520	0	3266	26832	0	0	0	0	664	588	360	144	394	3408	13246	1868	0	0	148	1058	
455828	Cerebelum_6_L	0	0	0	0	0	0	0	0	0	0	0	0	0	0	0	0	0	0	0	0	0	0	0	0	0	0	0	0	0	0	0	0	0	0	0	0	250	0	1422	0	0	0	448	0	0	0	9734	4156	0	0	1344	0	1994	94	28016	1516	0	0	0	0	0	0	0	0	0	0	0	0	0	0	0	0	0	0	0	0	0	0	0	0	242	0	0	0	268	0	0	0	2152	0	54674	1794	4988	114	3636	570	37922	3266	0	6154	7470	0	6114	924	5298	3930	2804	660	394	988	11792	12632	2108	2716	3810	1520	
332256	Cerebelum_6_R	0	0	0	0	0	0	0	0	0	0	0	0	0	0	0	0	0	0	0	0	0	0	0	0	0	0	0	0	0	0	0	0	0	0	0	0	0	0	0	162	0	0	0	318	0	88	730	6780	0	146	0	86	0	224	802	8758	0	0	0	0	0	0	0	0	0	0	0	0	0	0	0	0	0	0	0	0	0	0	0	0	0	0	0	0	0	126	0	0	0	156	1440	49394	1494	6440	612	7222	3436	26832	6154	0	510	692	474	4156	1294	2016	576	1384	768	4516	10328	11178	4492	608	1070	666	
274452	Cerebelum_7b_L	0	0	0	0	0	0	0	0	0	0	0	0	0	0	0	0	0	0	0	0	0	0	0	0	0	0	0	0	0	0	0	0	0	0	0	0	0	0	0	0	0	0	0	0	0	0	0	116	0	0	0	0	0	0	390	104	0	0	0	0	0	0	0	0	0	0	0	0	0	0	0	0	0	0	0	0	0	0	0	0	0	0	0	0	0	0	0	0	202	0	22266	448	43078	1412	0	76	114	0	7470	510	0	0	40294	2810	7778	1164	670	378	0	76	244	1204	2122	3200	768	332	
86176	Cerebelum_7b_R	0	0	0	0	0	0	0	0	0	0	0	0	0	0	0	0	0	0	0	0	0	0	0	0	0	0	0	0	0	0	0	0	0	0	0	0	0	0	0	0	0	0	0	0	0	0	0	0	0	0	0	0	0	0	0	0	0	0	0	0	0	0	0	0	0	0	0	0	0	0	0	0	0	0	0	0	0	0	0	0	0	0	0	0	0	0	0	0	0	0	0	4602	1658	15746	0	0	0	0	0	692	0	0	0	17666	0	1176	0	0	0	0	0	0	1076	472	0	0	
300328	Cerebelum_8_L	0	0	0	0	0	0	0	0	0	0	0	0	0	0	0	0	0	0	0	0	0	0	0	0	0	0	0	0	0	0	0	0	0	0	0	0	0	0	0	0	0	0	0	0	0	0	0	90	0	0	0	0	0	0	312	78	0	0	0	0	0	0	0	0	0	0	0	0	0	0	0	0	0	0	0	0	0	0	0	0	0	0	0	0	0	0	0	0	210	0	23220	1190	36936	2108	0	0	88	0	6114	474	40294	0	0	6348	14830	2542	860	164	0	0	144	1064	4048	6594	2290	166	
221148	Cerebelum_8_R	0	0	0	0	0	0	0	0	0	0	0	0	0	0	0	0	0	0	0	0	0	0	0	0	0	0	0	0	0	0	0	0	0	0	0	0	0	0	0	0	0	0	0	0	0	0	0	0	0	0	0	0	0	0	0	0	0	0	0	0	0	0	0	0	0	0	0	0	0	0	0	0	0	0	0	0	0	0	0	0	0	0	0	0	0	0	0	0	0	0	1548	19482	3276	25708	0	0	0	0	924	4156	2810	17666	6348	0	872	12664	0	120	0	0	0	930	5748	6406	1802	114	
150924	Cerebelum_9_L	0	0	0	0	0	0	0	0	0	0	0	0	0	0	0	0	0	0	0	0	0	0	0	0	0	0	0	0	0	0	0	0	0	0	0	0	0	0	0	0	0	0	0	0	0	0	0	126	0	0	0	0	0	0	0	0	0	0	0	0	0	0	0	0	0	0	0	0	0	0	0	0	0	0	0	0	0	0	0	0	0	0	0	0	0	0	0	0	0	0	6036	460	7068	152	102	442	4682	664	5298	1294	7778	0	14830	872	0	3780	3592	140	0	436	3706	5034	1378	1944	3466	2182	
123628	Cerebelum_9_R	0	0	0	0	0	0	0	0	0	0	0	0	0	0	0	0	0	0	0	0	0	0	0	0	0	0	0	0	0	0	0	0	0	0	0	0	0	0	0	0	0	0	0	0	0	0	0	0	0	0	0	0	0	0	0	0	0	0	0	0	0	0	0	0	0	0	0	0	0	0	0	0	0	0	0	0	0	0	0	0	0	0	0	0	0	0	0	0	0	0	852	1820	442	1548	80	700	1834	588	3930	2016	1164	1176	2542	12664	3780	0	1042	1304	166	790	2734	5380	2242	3852	6240	2928	
37920	Cerebelum_10_L	0	0	0	0	0	0	0	0	0	0	0	0	0	0	0	0	0	0	0	0	0	0	0	0	0	0	0	0	0	0	0	0	0	0	0	0	0	0	0	0	0	0	0	0	0	0	0	0	0	0	0	0	0	0	98	0	0	0	0	0	0	0	0	0	0	0	0	0	0	0	0	0	0	0	0	0	0	0	0	0	0	0	0	0	0	0	0	0	0	0	820	108	316	0	0	356	1992	360	2804	576	670	0	860	0	3592	1042	0	0	0	358	1716	2034	0	0	472	786	
15916	Cerebelum_10_R	0	0	0	0	0	0	0	0	0	0	0	0	0	0	0	0	0	0	0	0	0	0	0	0	0	0	0	0	0	0	0	0	0	0	0	0	0	0	0	0	0	0	0	0	0	0	0	0	0	0	0	0	0	0	0	0	0	0	0	0	0	0	0	0	0	0	0	0	0	0	0	0	0	0	0	0	0	0	0	0	0	0	0	0	0	0	0	0	0	0	0	486	0	608	0	102	0	144	660	1384	378	0	164	120	140	1304	0	0	0	90	102	730	0	616	732	198	
28324	Vermis_1_2	0	0	0	0	0	0	0	0	0	0	0	0	0	0	0	0	0	0	0	0	0	0	0	0	0	0	0	0	0	0	0	0	0	0	0	0	0	0	0	0	0	0	0	0	0	0	0	0	0	0	0	0	0	0	0	0	0	0	0	0	0	0	0	0	0	0	0	0	0	0	0	0	0	0	0	0	0	0	0	0	0	0	0	0	0	0	0	0	0	0	138	452	0	0	1722	1144	1336	394	394	768	0	0	0	0	0	166	0	0	0	5778	1676	194	0	0	0	0	
76060	Vermis_3	0	0	0	0	0	0	0	0	0	0	0	0	0	0	0	0	0	0	0	0	0	0	0	0	0	0	0	0	0	0	0	0	0	0	0	0	0	94	0	80	0	0	0	0	0	0	0	168	0	0	0	0	0	0	0	0	0	0	0	0	0	0	0	0	0	0	0	0	0	0	0	0	0	0	0	0	0	0	0	0	0	0	0	0	0	0	0	0	0	0	284	2338	0	0	3746	6330	3366	3408	988	4516	76	0	0	0	436	790	358	90	5778	0	3678	976	0	0	114	416	
223180	Vermis_4_5	0	0	0	0	0	0	0	0	0	0	0	0	0	0	0	0	0	0	0	0	0	0	0	0	0	0	0	0	0	0	0	0	0	0	356	1812	0	978	0	526	0	0	190	812	0	280	3938	6664	0	98	138	80	320	148	3690	2812	0	102	0	0	0	0	0	0	0	0	76	2374	0	120	0	0	0	0	0	0	0	100	0	0	0	0	0	0	0	0	0	0	0	0	2058	4086	0	0	1776	1940	16802	13246	11792	10328	244	0	144	0	3706	2734	1716	102	1676	3678	0	5652	0	0	1128	3168	
179152	Vermis_6	0	0	0	0	0	0	0	0	0	0	0	0	0	0	0	0	0	0	0	0	0	0	0	0	0	0	0	0	0	0	0	0	0	0	0	0	0	0	0	0	0	0	126	0	0	0	1658	6160	0	0	124	0	152	194	2330	3510	0	0	0	0	0	0	0	0	0	0	0	0	0	0	0	0	0	0	0	0	0	0	0	0	0	0	0	0	0	0	0	0	0	0	2458	5008	772	392	104	926	3228	1868	12632	11178	1204	0	1064	930	5034	5380	2034	730	194	976	5652	0	3334	2764	4872	2588	
