data	data	391092	229732	987680	744764	186052	102700	449812	283244	80768	42556	226896	158272	260016	209672	215624	101428	300268	170944	900608	697040	78204	93192	425236	354312	25208	89200	67788	67644	634364	385772	274796	559172	190100	542884	162776	190968	375164	356108	182972	198908	59336	46880	256828	316772	136012	248972	266436	427068	156068	258560	423540	280828	220520	116788	543896	440784	319248	239896	111632	68800	162240	51408	117208	140992	99188	76068	255256	384744	216328	190300	229088	335832	389440	278352	42356	54616	138072	219012	124120	65284	334864	221652	159544	80792	360588	239924	54720	24160	357720	247576	545500	493904	296984	246148	99580	73408	381240	261068	537776	495888	255036	137944	335380	282812	171508	139748	30040	12152	42156	74400	343180	316388	210452	137912	117792	69472	
data	data	Precentral_L	Precentral_R	Frontal_Sup_L	Frontal_Sup_R	Frontal_Sup_Orb_L	Frontal_Sup_Orb_R	Frontal_Mid_L	Frontal_Mid_R	Frontal_Mid_Orb_L	Frontal_Mid_Orb_R	Frontal_Inf_Oper_L	Frontal_Inf_Oper_R	Frontal_Inf_Tri_L	Frontal_Inf_Tri_R	Frontal_Inf_Orb_L	Frontal_Inf_Orb_R	Rolandic_Oper_L	Rolandic_Oper_R	Supp_Motor_Area_L	Supp_Motor_Area_R	Olfactory_L	Olfactory_R	Frontal_Sup_Medial_L	Frontal_Sup_Medial_R	Frontal_Med_Orb_L	Frontal_Med_Orb_R	Rectus_L	Rectus_R	Insula_L	Insula_R	Cingulum_Ant_L	Cingulum_Ant_R	Cingulum_Mid_L	Cingulum_Mid_R	Cingulum_Post_L	Cingulum_Post_R	Hippocampus_L	Hippocampus_R	ParaHippocampal_L	ParaHippocampal_R	Amygdala_L	Amygdala_R	Calcarine_L	Calcarine_R	Cuneus_L	Cuneus_R	Lingual_L	Lingual_R	Occipital_Sup_L	Occipital_Sup_R	Occipital_Mid_L	Occipital_Mid_R	Occipital_Inf_L	Occipital_Inf_R	Fusiform_L	Fusiform_R	Postcentral_L	Postcentral_R	Parietal_Sup_L	Parietal_Sup_R	Parietal_Inf_L	Parietal_Inf_R	SupraMarginal_L	SupraMarginal_R	Angular_L	Angular_R	Precuneus_L	Precuneus_R	Paracentral_Lobule_L	Paracentral_Lobule_R	Caudate_L	Caudate_R	Putamen_L	Putamen_R	Pallidum_L	Pallidum_R	Thalamus_L	Thalamus_R	Heschl_L	Heschl_R	Temporal_Sup_L	Temporal_Sup_R	Temporal_Pole_Sup_L	Temporal_Pole_Sup_R	Temporal_Mid_L	Temporal_Mid_R	Temporal_Pole_Mid_L	Temporal_Pole_Mid_R	Temporal_Inf_L	Temporal_Inf_R	Cerebelum_Crus1_L	Cerebelum_Crus1_R	Cerebelum_Crus2_L	Cerebelum_Crus2_R	Cerebelum_3_L	Cerebelum_3_R	Cerebelum_4_5_L	Cerebelum_4_5_R	Cerebelum_6_L	Cerebelum_6_R	Cerebelum_7b_L	Cerebelum_7b_R	Cerebelum_8_L	Cerebelum_8_R	Cerebelum_9_L	Cerebelum_9_R	Cerebelum_10_L	Cerebelum_10_R	Vermis_1_2	Vermis_3	Vermis_4_5	Vermis_6	Vermis_7	Vermis_8	Vermis_9	Vermis_10	
391092	Precentral_L	0	1910	20100	2222	0	0	15830	974	0	0	12398	0	1544	0	148	0	13802	0	14434	4240	0	0	998	92	0	0	0	0	10684	0	1040	518	632	2194	1506	1078	6004	724	586	0	0	0	102	0	0	0	0	0	0	0	646	0	2882	0	2466	0	31246	0	102	0	5402	0	2306	0	0	0	450	0	10266	804	720	622	3100	0	116	0	2792	1748	3858	0	6890	0	2340	0	1276	0	0	0	1604	0	150	0	0	0	0	0	0	0	0	0	0	0	0	0	0	0	0	0	0	0	0	0	0	0	0	0	
229732	Precentral_R	1910	0	834	15420	0	0	286	18116	0	0	142	4212	218	202	154	0	192	3840	452	3260	0	0	0	0	0	0	0	0	548	1368	96	304	0	1678	2068	4292	2966	5426	270	148	0	0	0	536	0	168	182	822	0	0	0	124	0	0	274	0	1032	11982	0	0	112	346	0	2530	0	0	0	2678	1048	3170	450	1960	992	2454	454	1574	3550	7510	258	150	134	940	0	0	0	0	0	0	0	166	0	0	0	0	0	0	0	132	0	0	0	0	0	0	0	0	0	0	0	0	736	0	0	0	0	0	
987680	Frontal_Sup_L	20100	834	0	6592	14160	140	67398	1044	3516	0	16906	216	17520	716	10288	254	12338	320	89606	12804	194	0	56962	6488	524	280	2044	0	37840	814	17248	8962	10556	9854	932	790	6602	640	978	0	138	0	0	0	0	0	0	0	0	0	0	0	296	0	1388	0	4662	0	0	0	0	0	0	0	0	0	100	0	3680	0	5642	2216	20124	506	780	0	2588	1372	1316	0	8532	0	2156	0	808	0	0	0	1076	0	0	0	0	0	0	0	0	0	0	0	0	0	0	0	0	0	0	0	0	0	0	0	0	0	0	0	
744764	Frontal_Sup_R	2222	15420	6592	0	238	6088	1256	43504	0	2036	376	7092	624	14234	514	5540	162	10444	18298	55308	0	0	6728	33512	0	3268	0	752	392	13258	4124	31890	1592	25242	0	1108	456	3230	0	216	0	0	0	0	0	0	94	906	0	0	0	0	0	0	0	136	1066	442	0	0	0	0	0	0	0	0	0	1188	2330	0	2372	13980	2118	11444	468	4524	776	11858	0	802	0	1002	0	228	0	0	0	0	0	0	0	0	0	0	0	0	0	120	0	0	0	0	0	0	0	0	0	0	0	0	812	0	0	0	0	0	
186052	Frontal_Sup_Orb_L	0	0	14160	238	0	0	1612	124	12528	0	250	0	2576	0	14062	0	0	0	3432	256	1248	0	4556	0	2468	0	6960	0	11106	0	3026	340	0	0	0	0	0	0	108	0	666	0	0	0	0	0	0	0	0	0	0	0	0	0	0	0	0	0	0	0	0	0	0	0	0	0	0	0	0	0	1782	354	10518	0	0	0	0	170	0	0	0	0	486	0	0	0	0	0	0	0	0	0	0	0	0	0	0	0	0	0	0	0	0	0	0	0	0	0	0	0	0	0	0	0	0	0	
102700	Frontal_Sup_Orb_R	0	0	140	6088	0	0	0	2168	0	3104	0	0	0	546	0	4464	0	0	660	658	586	1762	538	4644	0	8876	160	8024	0	812	390	2960	0	158	0	0	0	0	0	0	0	0	0	0	0	0	0	0	0	0	0	0	0	0	0	0	0	0	0	0	0	0	0	0	0	0	0	0	0	0	528	1184	218	2682	0	0	0	0	0	0	0	0	0	0	0	0	0	0	0	0	0	0	0	0	0	0	0	0	0	0	0	0	0	0	0	0	0	0	0	0	0	0	0	0	0	0	
449812	Frontal_Mid_L	15830	286	67398	1256	1612	0	0	232	1986	0	9974	0	31924	318	9156	116	1680	0	18426	768	0	0	22360	1992	0	0	0	0	14746	298	2210	1722	2918	1880	348	332	2752	254	426	0	0	0	0	0	0	0	0	0	0	0	0	0	396	0	724	0	832	0	0	0	0	0	0	0	0	0	0	0	182	0	1632	662	2694	0	0	0	696	564	1418	0	1456	0	136	0	150	0	0	0	164	0	0	0	0	0	0	0	0	0	0	0	0	0	0	0	0	0	0	0	0	0	0	0	0	0	0	0	
283244	Frontal_Mid_R	974	18116	1044	43504	124	2168	232	0	0	3624	108	6020	188	19940	182	4430	104	3704	1710	3388	0	0	454	2520	0	0	0	0	162	6508	196	4784	0	2480	0	784	152	1838	0	0	0	0	0	0	0	0	0	628	0	0	0	0	0	0	0	0	924	186	0	0	0	0	0	0	0	0	0	818	222	0	434	1506	982	2324	324	1196	134	1678	0	0	0	128	0	0	0	0	0	0	0	0	0	0	0	0	0	0	0	106	0	0	0	0	0	0	0	0	0	0	0	0	594	0	0	0	0	0	
80768	Frontal_Mid_Orb_L	0	0	3516	0	12528	0	1986	0	0	0	0	0	1288	0	13942	0	0	0	804	0	290	0	0	0	0	0	762	0	3192	0	0	0	0	0	0	0	0	0	0	0	0	0	0	0	0	0	0	0	0	0	0	0	0	0	0	0	0	0	0	0	0	0	0	0	0	0	0	0	0	0	310	142	1394	0	0	0	0	90	0	0	0	0	140	0	0	0	0	0	0	0	0	0	0	0	0	0	0	0	0	0	0	0	0	0	0	0	0	0	0	0	0	0	0	0	0	0	
42556	Frontal_Mid_Orb_R	0	0	0	2036	0	3104	0	3624	0	0	0	0	0	532	0	8280	0	0	0	0	158	522	0	0	0	0	0	404	0	1468	0	0	0	0	0	0	0	0	0	0	0	0	0	0	0	0	0	0	0	0	0	0	0	0	0	0	0	0	0	0	0	0	0	0	0	0	0	0	0	0	92	138	0	920	0	0	0	0	0	0	0	0	0	0	0	0	0	0	0	0	0	0	0	0	0	0	0	0	0	0	0	0	0	0	0	0	0	0	0	0	0	0	0	0	0	0	
226896	Frontal_Inf_Oper_L	12398	142	16906	376	250	0	9974	108	0	0	0	0	9736	0	572	0	11604	0	11544	150	0	0	2994	236	0	0	0	0	12976	0	2116	480	0	0	0	0	610	0	0	0	0	0	0	0	0	0	0	0	0	0	0	0	130	0	162	0	5374	0	0	0	300	0	0	0	0	0	0	0	0	0	384	0	1570	0	0	0	176	0	998	0	7342	0	3554	0	186	0	0	0	100	0	0	0	0	0	0	0	0	0	0	0	0	0	0	0	0	0	0	0	0	0	0	0	0	0	0	0	
158272	Frontal_Inf_Oper_R	0	4212	216	7092	0	0	0	6020	0	0	0	0	0	6734	0	328	0	8230	2444	5176	0	0	0	434	0	0	0	0	0	15258	332	6090	0	1234	0	0	0	1554	0	140	0	0	0	0	0	0	0	92	0	0	0	0	0	0	0	360	0	576	0	0	0	0	0	0	0	0	0	118	0	0	372	2622	0	5786	0	722	0	502	0	774	0	674	0	532	0	224	0	0	0	288	0	0	0	0	0	0	0	0	0	0	0	0	0	0	0	0	0	0	0	0	0	0	0	0	0	0	
260016	Frontal_Inf_Tri_L	1544	218	17520	624	2576	0	31924	188	1288	0	9736	0	0	0	17228	0	586	0	7152	612	0	0	4332	208	0	0	388	0	21300	0	686	558	506	224	0	0	284	0	96	0	0	0	0	0	0	0	0	0	0	0	0	0	0	0	102	0	486	0	0	0	0	0	0	0	0	0	0	0	0	0	3542	1008	3350	0	0	0	194	318	132	0	458	0	516	0	124	0	0	0	0	0	0	0	0	0	0	0	0	0	0	0	0	0	0	0	0	0	0	0	0	0	0	0	0	0	0	0	
209672	Frontal_Inf_Tri_R	0	202	716	14234	0	546	318	19940	0	532	0	6734	0	0	0	5820	0	366	4000	6744	0	0	1804	6938	0	238	0	0	0	11726	342	10888	468	9948	0	0	0	0	0	0	0	0	0	0	0	0	0	0	0	0	0	0	0	0	0	0	0	0	0	0	0	0	0	0	0	0	0	0	0	0	0	1726	0	606	0	0	0	0	0	0	0	0	0	0	0	0	0	0	0	0	0	0	0	0	0	0	0	0	0	0	0	0	0	0	0	0	0	0	0	0	0	0	0	0	0	0	
215624	Frontal_Inf_Orb_L	148	154	10288	514	14062	0	9156	182	13942	0	572	0	17228	0	0	0	0	0	4184	606	1702	0	446	0	0	0	1066	0	18366	0	118	410	0	0	0	0	346	0	264	0	746	0	0	0	0	0	0	0	0	0	0	0	0	0	188	0	0	0	0	0	0	0	0	0	0	0	0	0	0	0	2884	1264	6946	0	0	0	152	462	0	0	0	0	1416	0	0	0	0	0	0	0	0	0	0	0	0	0	0	0	0	0	0	0	0	0	0	0	0	0	0	0	0	0	0	0	0	0	
101428	Frontal_Inf_Orb_R	0	0	254	5540	0	4464	116	4430	0	8280	0	328	0	5820	0	0	0	146	172	260	346	1440	552	1818	0	380	0	1282	0	7514	0	2440	0	1138	0	0	0	0	0	0	0	0	0	0	0	0	0	0	0	0	0	0	0	0	0	0	0	0	0	0	0	0	0	0	0	0	0	0	0	0	174	476	0	1392	0	0	0	0	0	0	0	476	0	1070	0	260	0	0	0	146	0	0	0	0	0	0	0	0	0	0	0	0	0	0	0	0	0	0	0	0	0	0	0	0	0	0	
300268	Rolandic_Oper_L	13802	192	12338	162	0	0	1680	104	0	0	11604	0	586	0	0	0	0	0	11340	0	0	0	396	0	0	0	0	0	23824	0	434	108	0	0	214	198	1908	182	0	0	0	0	0	0	0	0	0	0	0	0	944	0	2652	0	1480	0	16702	0	436	0	1318	0	3148	0	236	0	178	0	1980	0	158	0	958	0	0	0	252	202	8056	0	19322	0	4492	0	4968	0	0	0	3232	0	348	0	0	0	0	0	0	0	0	0	0	0	0	0	0	0	0	0	0	0	0	0	0	0	0	0	
170944	Rolandic_Oper_R	0	3840	320	10444	0	0	0	3704	0	0	0	8230	0	366	0	146	0	0	5002	7366	0	0	0	0	0	0	0	0	0	13540	94	474	0	192	0	366	0	3202	0	520	0	0	0	0	0	0	0	476	0	0	0	0	0	240	0	648	0	5118	0	0	0	0	0	3072	0	0	0	540	0	254	142	98	0	3522	0	180	0	1132	0	3396	0	6072	0	888	0	446	0	0	0	1150	0	0	0	0	0	0	0	0	0	0	0	0	0	0	0	0	0	0	0	0	292	0	0	0	0	0	
900608	Supp_Motor_Area_L	14434	452	89606	18298	3432	660	18426	1710	804	0	11544	2444	7152	4000	4184	172	11340	5002	0	47736	96	0	19588	9572	0	388	546	0	27618	4988	9792	13298	14108	26290	698	280	5156	162	1520	0	0	0	0	0	0	0	0	0	0	0	0	0	0	0	1964	0	8244	0	0	0	214	0	148	0	0	0	250	0	6552	390	7640	4824	22154	3720	4186	98	782	374	630	606	7754	554	1934	0	772	0	0	0	1018	0	0	0	0	0	0	0	0	0	0	0	0	0	0	0	0	0	0	0	0	0	0	0	0	0	0	0	
697040	Supp_Motor_Area_R	4240	3260	12804	55308	256	658	768	3388	0	0	150	5176	612	6744	606	260	0	7366	47736	0	0	0	2150	12660	0	408	0	92	376	8678	1998	19052	4460	51170	1370	4166	706	1264	0	142	0	0	0	370	0	112	0	470	0	0	0	0	0	320	0	214	260	3006	0	0	0	0	0	0	0	0	0	2074	9710	12996	3062	22266	2598	10816	436	4712	680	13752	0	842	0	878	0	174	0	0	0	0	0	500	0	0	0	0	0	0	0	0	0	0	0	0	0	0	0	0	0	0	0	0	248	0	0	0	0	0	
78204	Olfactory_L	0	0	194	0	1248	586	0	0	290	158	0	0	0	0	1702	346	0	0	96	0	0	4844	0	0	0	0	2772	1696	3536	848	1914	2150	0	0	0	0	1266	0	1030	0	2608	0	0	0	0	0	0	0	0	0	0	0	0	0	862	0	0	0	0	0	0	0	0	0	0	0	0	0	0	0	4824	2320	2006	298	0	0	0	0	0	0	0	0	948	0	132	0	134	0	294	0	0	0	0	0	0	0	0	0	0	0	0	0	0	0	0	0	0	0	0	0	0	0	0	0	0	0	
93192	Olfactory_R	0	0	0	0	0	1762	0	0	0	522	0	0	0	0	0	1440	0	0	0	0	4844	0	0	0	0	322	1820	4060	758	3572	1460	2488	0	0	0	0	0	0	0	0	348	464	0	0	0	0	0	0	0	0	0	0	0	0	0	0	0	0	0	0	0	0	0	0	0	0	0	0	0	0	7942	7004	4974	2020	706	0	0	90	0	0	0	0	0	0	0	0	0	0	0	0	0	0	0	0	0	0	0	0	0	0	0	0	0	0	0	0	0	0	0	0	0	0	0	0	0	0	
425236	Frontal_Sup_Medial_L	998	0	56962	6728	4556	538	22360	454	0	0	2994	0	4332	1804	446	552	396	0	19588	2150	0	0	0	18758	1642	1826	778	94	2900	668	20154	13712	6970	11606	0	0	210	0	114	0	0	0	0	0	0	0	0	0	0	0	0	0	0	0	136	0	0	0	0	0	0	0	0	0	0	0	0	0	0	0	1380	160	6002	98	0	0	0	0	0	0	398	0	154	0	0	0	0	0	0	0	0	0	0	0	0	0	0	0	0	0	0	0	0	0	0	0	0	0	0	0	0	0	0	0	0	0	
354312	Frontal_Sup_Medial_R	92	0	6488	33512	0	4644	1992	2520	0	0	236	434	208	6938	0	1818	0	0	9572	12660	0	0	18758	0	500	7364	0	1344	196	2904	5158	29116	996	24422	0	0	0	0	0	0	0	0	0	0	0	0	0	0	0	0	0	0	0	0	0	0	0	0	0	0	0	0	0	0	0	0	0	0	0	0	422	1482	404	2976	0	0	0	0	0	0	0	0	0	0	0	0	0	0	0	0	0	0	0	0	0	0	0	0	0	0	0	0	0	0	0	0	0	0	0	0	0	0	0	0	0	0	
25208	Frontal_Med_Orb_L	0	0	524	0	2468	0	0	0	0	0	0	0	0	0	0	0	0	0	0	0	0	0	1642	500	0	630	2100	0	0	0	3378	296	0	0	0	0	0	0	0	0	0	0	0	0	0	0	0	0	0	0	0	0	0	0	0	0	0	0	0	0	0	0	0	0	0	0	0	0	0	0	150	104	812	0	0	0	0	0	0	0	0	0	0	0	0	0	0	0	0	0	0	0	0	0	0	0	0	0	0	0	0	0	0	0	0	0	0	0	0	0	0	0	0	0	0	0	
89200	Frontal_Med_Orb_R	0	0	280	3268	0	8876	0	0	0	0	0	0	0	238	0	380	0	0	388	408	0	322	1826	7364	630	0	0	6684	0	186	2032	6132	0	164	0	0	0	0	0	0	0	0	0	0	0	0	0	0	0	0	0	0	0	0	0	0	0	0	0	0	0	0	0	0	0	0	0	0	0	0	0	1902	0	3520	0	0	0	0	0	0	0	0	0	0	0	0	0	0	0	0	0	0	0	0	0	0	0	0	0	0	0	0	0	0	0	0	0	0	0	0	0	0	0	0	0	0	
67788	Rectus_L	0	0	2044	0	6960	160	0	0	762	0	0	0	388	0	1066	0	0	0	546	0	2772	1820	778	0	2100	0	0	630	2558	240	3490	1336	0	0	0	0	0	0	0	0	692	0	0	0	0	0	0	0	0	0	0	0	0	0	0	0	0	0	0	0	0	0	0	0	0	0	0	0	0	0	2720	648	1942	0	0	0	0	0	0	0	0	0	242	0	0	0	0	0	0	0	0	0	0	0	0	0	0	0	0	0	0	0	0	0	0	0	0	0	0	0	0	0	0	0	0	0	
67644	Rectus_R	0	0	0	752	0	8024	0	0	0	404	0	0	0	0	0	1282	0	0	0	92	1696	4060	94	1344	0	6684	630	0	182	1440	426	2078	0	0	0	0	0	0	0	0	96	0	0	0	0	0	0	0	0	0	0	0	0	0	0	0	0	0	0	0	0	0	0	0	0	0	0	0	0	0	1264	1450	546	1278	0	0	0	0	0	0	0	0	0	0	0	0	0	0	0	0	0	0	0	0	0	0	0	0	0	0	0	0	0	0	0	0	0	0	0	0	0	0	0	0	0	0	
634364	Insula_L	10684	548	37840	392	11106	0	14746	162	3192	0	12976	0	21300	0	18366	0	23824	0	27618	376	3536	758	2900	196	0	0	2558	182	0	210	814	892	214	154	976	854	14130	700	3786	0	3868	0	0	0	0	0	0	0	0	0	556	0	4782	0	8422	0	6732	0	0	0	382	0	1444	0	0	0	144	0	1426	0	3742	1314	21858	156	0	0	2210	1156	9734	0	15368	0	5710	0	4540	0	0	0	7074	0	574	0	0	0	0	0	0	0	0	0	0	0	0	0	0	0	0	0	0	0	0	0	0	0	0	0	
385772	Insula_R	0	1368	814	13258	0	812	298	6508	0	1468	0	15258	0	11726	0	7514	0	13540	4988	8678	848	3572	668	2904	0	186	240	1440	210	0	874	11692	474	2882	0	586	0	10930	0	2522	0	1022	0	0	0	0	0	846	0	0	0	0	0	510	0	3486	0	1288	0	0	0	0	0	292	0	0	0	872	0	690	1610	5142	870	18940	0	384	0	1178	0	6628	0	9980	0	2844	0	4392	0	0	0	5012	0	0	0	0	0	0	0	136	0	94	0	0	0	0	0	0	0	0	0	0	412	0	0	0	0	0	
274796	Cingulum_Ant_L	1040	96	17248	4124	3026	390	2210	196	0	0	2116	332	686	342	118	0	434	94	9792	1998	1914	1460	20154	5158	3378	2032	3490	426	814	874	0	19214	7456	5292	192	0	152	0	0	0	90	0	0	0	0	0	0	0	0	0	0	0	0	0	100	0	332	0	0	0	0	0	0	0	0	0	0	0	0	0	6354	3398	8802	1736	0	114	0	0	0	0	224	0	0	0	0	0	0	0	0	0	0	0	0	0	0	0	0	0	0	0	0	0	0	0	0	0	0	0	0	0	0	0	0	0	0	0	
559172	Cingulum_Ant_R	518	304	8962	31890	340	2960	1722	4784	0	0	480	6090	558	10888	410	2440	108	474	13298	19052	2150	2488	13712	29116	296	6132	1336	2078	892	11692	19214	0	4340	29620	0	0	210	512	0	232	134	0	0	0	0	0	0	0	0	0	0	0	0	0	0	96	0	0	0	0	0	0	0	0	0	0	0	0	126	0	6618	25640	3244	11886	0	700	268	1484	92	0	0	0	0	0	0	0	0	0	0	0	0	0	0	0	0	0	0	0	0	0	0	0	0	0	0	0	0	0	0	0	0	0	0	0	0	0	
190100	Cingulum_Mid_L	632	0	10556	1592	0	0	2918	0	0	0	0	0	506	468	0	0	0	0	14108	4460	0	0	6970	996	0	0	0	0	214	474	7456	4340	0	15692	4948	1442	0	0	0	0	0	0	708	0	924	254	166	0	388	112	896	100	256	0	0	0	0	0	156	0	0	0	0	0	0	0	5224	1780	4572	1250	0	0	0	0	0	0	0	0	0	0	0	0	0	0	240	136	0	0	0	0	0	0	0	0	0	0	0	0	0	0	0	0	0	0	0	0	0	0	0	0	116	0	0	0	0	0	
542884	Cingulum_Mid_R	2194	1678	9854	25242	0	158	1880	2480	0	0	0	1234	224	9948	0	1138	0	192	26290	51170	0	0	11606	24422	0	164	0	0	154	2882	5292	29620	15692	0	2676	8172	0	248	0	0	0	0	0	512	0	204	0	752	0	0	0	98	0	106	0	94	0	2232	0	0	0	0	0	0	0	0	604	5916	6176	14972	684	2082	458	1012	0	362	0	192	0	0	0	0	0	0	0	0	0	0	0	220	0	0	0	0	0	0	0	0	0	0	0	0	0	0	0	0	0	0	0	0	156	0	0	0	0	0	
162776	Cingulum_Post_L	1506	2068	932	0	0	0	348	0	0	0	0	0	0	0	0	0	214	0	698	1370	0	0	0	0	0	0	0	0	976	0	192	0	4948	2676	0	9060	6864	3496	1420	0	0	0	6548	0	1410	0	3830	0	168	0	1340	0	1162	0	862	0	244	602	0	0	0	0	0	0	0	0	10766	774	3108	1284	0	0	92	0	0	0	2960	3954	648	0	254	0	0	0	888	0	0	0	326	0	0	0	0	0	0	0	2576	0	0	0	0	0	0	0	0	0	0	0	0	0	824	0	0	0	0	0	
190968	Cingulum_Post_R	1078	4292	790	1108	0	0	332	784	0	0	0	0	0	0	0	0	198	366	280	4166	0	0	0	0	0	0	0	0	854	586	0	0	1442	8172	9060	0	4610	7482	260	420	0	0	152	934	304	242	0	6454	0	0	0	0	0	312	342	368	190	2654	0	0	0	0	0	0	0	0	1520	12030	684	6764	0	0	100	0	0	0	3872	6560	440	270	226	238	0	0	0	0	0	0	144	300	0	0	0	0	0	0	0	558	0	0	0	0	0	0	0	0	0	0	0	0	3546	0	0	0	0	0	
375164	Hippocampus_L	6004	2966	6602	456	0	0	2752	152	0	0	610	0	284	0	346	0	1908	0	5156	706	1266	0	210	0	0	0	0	0	14130	0	152	210	0	0	6864	4610	0	3332	21510	0	7254	0	2102	0	0	0	4684	0	0	0	142	0	1914	0	26104	0	1060	0	0	0	272	0	0	0	0	0	2296	0	2252	0	282	226	11392	0	1040	0	9062	5880	4018	0	2886	0	2988	0	2026	0	714	0	13636	0	1138	0	186	0	0	0	2562	0	810	0	106	0	208	0	0	0	0	0	0	0	116	0	0	0	0	0	
356108	Hippocampus_R	724	5426	640	3230	0	0	254	1838	0	0	0	1554	0	0	0	0	182	3202	162	1264	0	0	0	0	0	0	0	0	700	10930	0	512	0	248	3496	7482	3332	0	96	27094	0	7922	0	406	0	0	374	8938	0	0	0	0	0	1198	116	26382	148	962	0	0	0	0	0	280	0	0	0	6372	0	650	0	326	0	9948	0	946	2092	6714	366	1982	212	6844	0	1194	0	5274	0	234	0	8898	0	0	0	0	0	0	0	3598	0	744	0	0	0	0	0	0	0	0	0	0	2568	0	0	0	0	0	
182972	ParaHippocampal_L	586	270	978	0	108	0	426	0	0	0	0	0	96	0	264	0	0	0	1520	0	1030	0	114	0	0	0	0	0	3786	0	0	0	0	0	1420	260	21510	96	0	0	3160	0	1228	0	0	0	5438	154	0	0	0	0	146	0	20058	0	0	0	0	0	0	0	0	0	0	0	1230	0	456	0	0	106	4552	0	0	0	1714	820	0	0	838	0	3530	0	134	0	3006	0	4386	0	1856	0	288	0	204	0	3050	0	1826	0	140	0	346	0	0	0	0	0	158	198	0	0	0	0	0	0	
198908	ParaHippocampal_R	0	148	0	216	0	0	0	0	0	0	0	140	0	0	0	0	0	520	0	142	0	0	0	0	0	0	0	0	0	2522	0	232	0	0	0	420	0	27094	0	0	0	5636	0	730	0	0	294	8534	0	0	0	104	0	716	0	22736	0	154	0	0	0	0	0	0	0	0	0	1916	0	0	0	166	0	2682	0	816	0	740	0	706	0	3500	0	3394	0	3182	0	1792	0	3866	0	0	0	0	0	106	0	4758	0	928	0	0	0	0	0	0	0	0	154	166	244	0	0	0	0	0	
59336	Amygdala_L	0	0	138	0	666	0	0	0	0	0	0	0	0	0	746	0	0	0	0	0	2608	348	0	0	0	0	692	96	3868	0	90	134	0	0	0	0	7254	0	3160	0	0	0	0	0	0	0	0	0	0	0	0	0	0	0	3378	0	0	0	0	0	0	0	0	0	0	0	0	0	0	0	600	218	810	0	0	0	0	0	0	0	444	0	2534	0	194	0	706	0	984	0	0	0	0	0	0	0	0	0	0	0	0	0	0	0	0	0	0	0	0	0	0	0	0	0	0	0	
46880	Amygdala_R	0	0	0	0	0	0	0	0	0	0	0	0	0	0	0	0	0	0	0	0	0	464	0	0	0	0	0	0	0	1022	0	0	0	0	0	0	0	7922	0	5636	0	0	0	0	0	0	0	0	0	0	0	0	0	0	0	3514	0	0	0	0	0	0	0	0	0	0	0	0	0	0	0	0	0	752	0	0	0	0	0	0	0	0	0	2296	0	0	0	564	0	1270	0	0	0	0	0	0	0	0	0	0	0	0	0	0	0	0	0	0	0	0	0	0	0	0	0	0	
256828	Calcarine_L	102	0	0	0	0	0	0	0	0	0	0	0	0	0	0	0	0	0	0	0	0	0	0	0	0	0	0	0	0	0	0	0	708	0	6548	152	2102	0	1228	0	0	0	0	8068	10864	3598	15846	5080	8708	1900	26478	692	8360	120	2706	404	246	0	890	0	224	0	0	0	222	0	12370	1646	886	0	0	0	0	0	0	0	270	0	0	0	94	0	0	0	3260	0	0	0	148	0	0	0	0	0	0	0	3042	0	308	0	0	0	0	0	0	0	0	0	0	0	1144	0	0	0	0	0	
316772	Calcarine_R	0	536	0	0	0	0	0	0	0	0	0	0	0	0	0	0	0	0	0	370	0	0	0	0	0	0	0	0	0	0	0	0	0	512	0	934	0	406	0	730	0	0	8068	0	1990	24496	3192	22234	0	22600	0	23902	0	4500	0	6542	0	5310	0	158	0	0	0	288	0	218	1198	19692	0	4284	0	0	0	0	0	0	0	0	0	0	0	138	0	0	0	2844	0	0	0	2564	0	0	0	0	0	0	0	134	0	242	0	0	0	0	0	0	0	0	0	0	304	0	0	0	0	0	
136012	Cuneus_L	0	0	0	0	0	0	0	0	0	0	0	0	0	0	0	0	0	0	0	0	0	0	0	0	0	0	0	0	0	0	0	0	924	0	1410	304	0	0	0	0	0	0	10864	1990	0	4172	1168	104	16604	782	13884	96	1828	0	220	0	0	0	342	0	0	0	0	0	108	0	10922	1210	208	0	0	0	0	0	0	0	0	0	0	0	0	0	0	0	770	0	0	0	0	0	0	0	0	0	0	0	0	0	0	0	0	0	0	0	0	0	0	0	0	0	96	0	0	0	0	0	
248972	Cuneus_R	0	168	0	0	0	0	0	0	0	0	0	0	0	0	0	0	0	0	0	112	0	0	0	0	0	0	0	0	0	0	0	0	254	204	0	242	0	0	0	0	0	0	3598	24496	4172	0	1130	5982	296	30738	0	17128	0	674	0	1982	0	1484	0	1976	0	0	0	348	0	244	3502	21062	0	2240	0	0	0	0	0	0	0	0	0	0	0	0	0	0	0	1886	0	0	0	568	0	0	0	0	0	0	0	0	0	0	0	0	0	0	0	0	0	0	0	0	0	0	0	0	0	0	
266436	Lingual_L	0	182	0	94	0	0	0	0	0	0	0	0	0	0	0	0	0	0	0	0	0	0	0	0	0	0	0	0	0	0	0	0	166	0	3830	0	4684	374	5438	294	0	0	15846	3192	1168	1130	0	6796	2754	844	10472	548	9902	94	18306	542	0	0	0	0	0	0	0	0	0	0	5358	306	306	0	0	0	0	186	0	0	462	864	0	0	0	0	0	0	364	0	0	0	240	0	5852	234	0	0	296	120	11778	400	10784	686	0	0	0	0	0	0	0	0	172	248	4484	3180	118	0	0	124	
427068	Lingual_R	0	822	0	906	0	0	0	628	0	0	0	92	0	0	0	0	0	476	0	470	0	0	0	0	0	0	0	0	0	846	0	0	0	752	0	6454	0	8938	154	8534	0	0	5080	22234	104	5982	6796	0	0	9650	0	11304	534	6798	2994	26902	0	1766	0	0	0	0	0	0	0	0	172	13134	0	1880	0	0	0	428	0	0	0	1434	0	342	0	722	0	0	0	958	0	0	0	1026	3114	2896	0	0	1296	296	4568	10310	8598	9724	0	0	0	0	300	0	0	0	374	504	12544	8300	1214	0	0	184	
156068	Occipital_Sup_L	0	0	0	0	0	0	0	0	0	0	0	0	0	0	0	0	0	0	0	0	0	0	0	0	0	0	0	0	0	0	0	0	388	0	168	0	0	0	0	0	0	0	8708	0	16604	296	2754	0	0	0	28084	0	2394	0	422	0	678	0	5034	0	374	0	0	0	346	0	10986	100	180	0	0	0	0	0	0	0	0	0	0	0	0	0	0	0	518	0	0	0	0	0	0	0	0	0	0	0	0	0	0	0	0	0	0	0	0	0	0	0	0	0	0	0	0	0	0	0	
258560	Occipital_Sup_R	0	0	0	0	0	0	0	0	0	0	0	0	0	0	0	0	0	0	0	0	0	0	0	0	0	0	0	0	0	0	0	0	112	0	0	0	0	0	0	0	0	0	1900	22600	782	30738	844	9650	0	0	0	28892	0	1184	0	4678	0	2034	0	5500	0	130	0	124	0	1814	1070	14978	0	950	0	0	0	0	0	0	0	0	0	0	0	0	0	0	0	1164	0	0	0	136	0	0	0	0	0	0	0	0	0	0	0	0	0	0	0	0	0	0	0	0	0	0	0	0	0	0	
423540	Occipital_Mid_L	646	0	0	0	0	0	0	0	0	0	0	0	0	0	0	0	944	0	0	0	0	0	0	0	0	0	0	0	556	0	0	0	896	0	1340	0	142	0	0	0	0	0	26478	0	13884	0	10472	0	28084	0	0	0	24150	0	4714	0	3734	0	11732	0	8928	0	1522	0	15486	0	16008	238	9238	0	0	0	0	0	0	0	0	0	462	0	1930	0	0	0	25082	0	0	0	4408	0	0	0	0	0	0	0	316	0	240	0	0	0	0	0	0	0	0	0	0	0	140	0	0	0	0	0	
280828	Occipital_Mid_R	0	124	0	0	0	0	0	0	0	0	0	0	0	0	0	0	0	0	0	0	0	0	0	0	0	0	0	0	0	0	0	0	100	98	0	0	0	0	0	104	0	0	692	23902	96	17128	548	11304	0	28892	0	0	0	2372	0	6314	0	2872	0	1912	0	5712	0	1716	0	13254	368	10592	0	2070	0	0	0	0	0	0	0	0	0	0	0	528	0	0	0	8806	0	0	0	910	0	0	0	0	0	0	0	0	0	0	0	0	0	0	0	0	0	0	0	0	0	0	0	0	0	0	
220520	Occipital_Inf_L	2882	0	296	0	0	0	396	0	0	0	130	0	0	0	0	0	2652	0	0	0	0	0	0	0	0	0	0	0	4782	0	0	0	256	0	1162	0	1914	0	146	0	0	0	8360	0	1828	0	9902	534	2394	0	24150	0	0	0	13592	0	1198	0	128	0	102	0	532	0	0	0	3532	0	4208	0	0	0	0	0	0	0	130	0	4684	0	850	0	0	0	6466	0	0	0	5856	0	762	0	0	0	0	0	996	0	2848	248	0	0	0	0	0	0	0	0	0	0	564	1780	0	0	0	0	
116788	Occipital_Inf_R	0	0	0	0	0	0	0	0	0	0	0	0	0	0	0	0	0	240	0	320	0	0	0	0	0	0	0	0	0	510	0	0	0	106	0	312	0	1198	0	716	0	0	120	4500	0	674	94	6798	0	1184	0	2372	0	0	104	11286	0	1490	0	0	0	0	0	128	0	0	0	2472	0	1390	0	0	0	0	0	0	0	0	0	442	0	400	0	0	0	958	0	0	0	8494	420	94	0	0	562	0	940	1042	1544	2748	0	0	0	0	108	0	0	0	0	0	1648	2386	594	0	0	0	
543896	Fusiform_L	2466	274	1388	0	0	0	724	0	0	0	162	0	102	0	188	0	1480	0	1964	0	862	0	136	0	0	0	0	0	8422	0	100	0	0	0	862	342	26104	116	20058	0	3378	0	2706	0	220	0	18306	2994	422	0	4714	0	13592	104	0	336	788	0	132	0	556	0	212	0	508	0	1066	0	1264	0	0	0	5126	0	0	0	2002	812	3456	0	4254	0	5348	0	5040	0	3564	0	31130	0	26738	398	2672	0	234	102	14364	222	32262	1382	2004	0	2270	0	0	0	148	0	0	100	5034	5852	386	0	0	0	
440784	Fusiform_R	0	0	0	136	0	0	0	0	0	0	0	360	0	0	0	0	0	648	0	214	0	0	0	0	0	0	0	0	0	3486	0	96	0	94	0	368	0	26382	0	22736	0	3514	404	6542	0	1982	542	26902	0	4678	0	6314	0	11286	336	0	0	628	0	0	0	0	0	124	0	0	0	1882	0	540	0	0	0	2446	0	238	0	508	0	1118	0	5096	0	3922	0	6936	0	918	0	18150	1536	10006	0	198	1166	106	2360	10126	4442	16550	0	118	0	284	366	0	0	0	92	100	6412	5910	1094	0	0	0	
319248	Postcentral_L	31246	1032	4662	1066	0	0	832	924	0	0	5374	0	486	0	0	0	16702	0	8244	260	0	0	0	0	0	0	0	0	6732	0	332	0	0	0	244	190	1060	148	0	0	0	0	246	0	0	0	0	0	678	0	3734	0	1198	0	788	0	0	0	8870	0	21102	0	13992	0	1476	0	2924	0	3912	0	0	0	304	0	0	0	328	218	3378	0	9846	0	2202	0	3486	0	0	0	1408	0	0	0	0	0	0	0	0	0	0	0	0	0	0	0	0	0	0	0	0	0	0	0	0	0	0	0	
239896	Postcentral_R	0	11982	0	442	0	0	0	186	0	0	0	576	0	0	0	0	0	5118	0	3006	0	0	0	0	0	0	0	0	0	1288	0	0	0	2232	602	2654	0	962	0	154	0	0	0	5310	0	1484	0	1766	0	2034	0	2872	0	1490	0	628	0	0	0	8902	0	3658	0	16200	0	772	200	15268	0	13828	0	0	0	228	0	0	0	114	0	934	0	6646	0	0	0	2418	0	0	0	5822	0	0	0	0	0	0	0	0	0	0	0	0	0	0	0	0	0	0	0	0	172	0	0	0	0	0	
111632	Parietal_Sup_L	102	0	0	0	0	0	0	0	0	0	0	0	0	0	0	0	436	0	0	0	0	0	0	0	0	0	0	0	0	0	0	0	156	0	0	0	0	0	0	0	0	0	890	0	342	0	0	0	5034	0	11732	0	128	0	132	0	8870	0	0	0	8834	0	826	0	3118	0	11042	0	1856	0	0	0	0	0	0	0	0	0	0	0	642	0	0	0	1472	0	0	0	204	0	0	0	0	0	0	0	0	0	0	0	0	0	0	0	0	0	0	0	0	0	0	0	0	0	0	0	
68800	Parietal_Sup_R	0	0	0	0	0	0	0	0	0	0	0	0	0	0	0	0	0	0	0	0	0	0	0	0	0	0	0	0	0	0	0	0	0	0	0	0	0	0	0	0	0	0	0	158	0	1976	0	0	0	5500	0	1912	0	0	0	0	0	8902	0	0	0	2462	0	366	0	1730	194	8774	0	92	0	0	0	0	0	0	0	0	0	0	0	1042	0	0	0	662	0	0	0	630	0	0	0	0	0	0	0	0	0	0	0	0	0	0	0	0	0	0	0	0	0	0	0	0	0	0	
162240	Parietal_Inf_L	5402	112	0	0	0	0	0	0	0	0	300	0	0	0	0	0	1318	0	214	0	0	0	0	0	0	0	0	0	382	0	0	0	0	0	0	0	272	0	0	0	0	0	224	0	0	0	0	0	374	0	8928	0	102	0	556	0	21102	0	8834	0	0	0	11788	0	11276	0	1150	0	1952	0	0	0	196	0	0	0	180	0	274	0	1050	0	0	0	3528	0	0	0	1606	0	0	0	0	0	0	0	0	0	0	0	0	0	0	0	0	0	0	0	0	0	0	0	0	0	0	0	
51408	Parietal_Inf_R	0	346	0	0	0	0	0	0	0	0	0	0	0	0	0	0	0	0	0	0	0	0	0	0	0	0	0	0	0	0	0	0	0	0	0	0	0	0	0	0	0	0	0	0	0	0	0	0	0	130	0	5712	0	0	0	0	0	3658	0	2462	0	0	0	4492	0	7474	0	0	0	0	0	0	0	0	0	0	0	0	0	0	0	548	0	0	0	444	0	0	0	438	0	0	0	0	0	0	0	0	0	0	0	0	0	0	0	0	0	0	0	0	0	0	0	0	0	0	
117208	SupraMarginal_L	2306	0	0	0	0	0	0	0	0	0	0	0	0	0	0	0	3148	0	148	0	0	0	0	0	0	0	0	0	1444	0	0	0	0	0	0	0	0	0	0	0	0	0	0	0	0	0	0	0	0	0	1522	0	532	0	212	0	13992	0	826	0	11788	0	0	0	4216	0	436	0	284	0	0	0	0	0	0	0	0	0	1176	0	8078	0	0	0	5974	0	0	0	2522	0	0	0	0	0	0	0	0	0	0	0	0	0	0	0	0	0	0	0	0	0	0	0	0	0	0	0	
140992	SupraMarginal_R	0	2530	0	0	0	0	0	0	0	0	0	0	0	0	0	0	0	3072	0	0	0	0	0	0	0	0	0	0	0	292	0	0	0	0	0	0	0	280	0	0	0	0	0	288	0	348	0	0	0	124	0	1716	0	128	0	124	0	16200	0	366	0	4492	0	0	0	5280	0	3334	0	438	0	0	0	0	0	0	0	0	0	384	0	14340	0	0	0	11220	0	0	0	5540	0	0	0	0	0	0	0	0	0	0	0	0	0	0	0	0	0	0	0	0	0	0	0	0	0	0	
99188	Angular_L	0	0	0	0	0	0	0	0	0	0	0	0	0	0	0	0	236	0	0	0	0	0	0	0	0	0	0	0	0	0	0	0	0	0	0	0	0	0	0	0	0	0	222	0	108	0	0	0	346	0	15486	0	0	0	508	0	1476	0	3118	0	11276	0	4216	0	0	0	254	0	258	0	0	0	0	0	0	0	0	0	0	0	1386	0	0	0	7596	0	0	0	3108	0	0	0	0	0	0	0	0	0	0	0	0	0	0	0	0	0	0	0	0	0	0	0	0	0	0	0	
76068	Angular_R	0	0	0	0	0	0	0	0	0	0	0	0	0	0	0	0	0	0	0	0	0	0	0	0	0	0	0	0	0	0	0	0	0	0	0	0	0	0	0	0	0	0	0	218	0	244	0	0	0	1814	0	13254	0	0	0	0	0	772	0	1730	0	7474	0	5280	0	0	0	216	0	0	0	0	0	0	0	0	0	0	0	0	0	2606	0	0	0	3766	0	0	0	660	0	0	0	0	0	0	0	0	0	0	0	0	0	0	0	0	0	0	0	0	0	0	0	0	0	0	
255256	Precuneus_L	450	0	100	0	0	0	0	0	0	0	0	0	0	0	0	0	178	0	250	0	0	0	0	0	0	0	0	0	144	0	0	0	5224	604	10766	1520	2296	0	1230	0	0	0	12370	1198	10922	3502	5358	172	10986	1070	16008	368	3532	0	1066	0	2924	200	11042	194	1150	0	436	0	254	0	0	7762	4626	1488	0	0	0	0	0	0	296	0	0	0	398	0	0	0	3246	246	0	0	280	0	110	0	0	0	0	0	2590	0	0	0	0	0	0	0	0	0	0	0	0	0	1072	0	0	0	0	0	
384744	Precuneus_R	0	2678	0	1188	0	0	0	818	0	0	0	118	0	0	0	0	0	540	0	2074	0	0	0	0	0	0	0	0	0	872	0	0	1780	5916	774	12030	0	6372	0	1916	0	0	1646	19692	1210	21062	306	13134	100	14978	238	10592	0	2472	0	1882	0	15268	0	8774	0	0	0	3334	0	216	7762	0	180	14496	0	0	0	320	0	0	0	1908	0	430	0	3402	0	0	0	3250	0	0	0	4472	0	0	0	0	0	0	0	820	0	0	0	0	0	0	0	0	0	0	0	0	3352	0	0	0	0	0	
216328	Paracentral_Lobule_L	10266	1048	3680	2330	0	0	182	222	0	0	0	0	0	0	0	0	1980	0	6552	9710	0	0	0	0	0	0	0	0	1426	0	0	126	4572	6176	3108	684	2252	0	456	0	0	0	886	0	208	0	306	0	180	0	9238	0	4208	0	1264	0	3912	0	1856	0	1952	0	284	0	258	0	4626	180	0	2218	522	212	916	0	132	0	6170	576	306	0	1530	0	0	0	7698	0	0	0	3396	0	108	0	0	0	0	0	252	0	0	0	0	0	0	0	0	0	0	0	0	0	0	0	0	0	0	0	
190300	Paracentral_Lobule_R	804	3170	0	0	0	0	0	0	0	0	0	0	0	0	0	0	0	254	390	12996	0	0	0	0	0	0	0	0	0	690	0	0	1250	14972	1284	6764	0	650	0	0	0	0	0	4284	0	2240	0	1880	0	950	0	2070	0	1390	0	540	0	13828	0	92	0	0	0	438	0	0	1488	14496	2218	0	0	0	0	0	0	0	0	0	0	564	0	466	0	0	0	1208	0	0	0	3488	0	0	0	0	0	0	0	0	0	0	0	0	0	0	0	0	0	0	0	0	286	0	0	0	0	0	
229088	Caudate_L	720	450	5642	2372	1782	528	1632	434	310	92	384	372	3542	0	2884	174	158	142	7640	3062	4824	7942	1380	422	150	0	2720	1264	3742	1610	6354	6618	0	684	0	0	282	0	0	0	600	0	0	0	0	0	0	0	0	0	0	0	0	0	0	0	0	0	0	0	0	0	0	0	0	0	0	0	522	0	0	13792	15662	2658	3026	224	6002	1288	0	0	178	0	280	0	0	0	0	0	0	0	0	0	0	0	0	0	0	0	0	0	0	0	0	0	0	0	0	0	0	0	0	0	0	0	0	0	
335832	Caudate_R	622	1960	2216	13980	354	1184	662	1506	142	138	0	2622	1008	1726	1264	476	0	98	4824	22266	2320	7004	160	1482	104	1902	648	1450	1314	5142	3398	25640	0	2082	0	0	226	326	106	166	218	0	0	0	0	0	0	0	0	0	0	0	0	0	0	0	0	0	0	0	0	0	0	0	0	0	0	0	212	0	13792	0	5722	15956	894	3526	918	16160	0	0	0	0	0	0	0	0	0	0	0	0	0	0	0	0	0	0	0	0	0	0	0	0	0	0	0	0	0	0	0	0	0	0	0	0	0	0	
389440	Putamen_L	3100	992	20124	2118	10518	218	2694	982	1394	0	1570	0	3350	0	6946	0	958	0	22154	2598	2006	4974	6002	404	812	0	1942	546	21858	870	8802	3244	0	458	92	100	11392	0	4552	0	810	0	0	0	0	0	0	0	0	0	0	0	0	0	5126	0	304	0	0	0	196	0	0	0	0	0	0	0	916	0	15662	5722	0	1864	6682	0	2026	310	0	0	3306	0	1738	0	224	0	0	0	2064	0	0	0	0	0	0	0	0	0	0	0	0	0	0	0	0	0	0	0	0	0	0	0	0	0	0	0	
278352	Putamen_R	0	2454	506	11444	0	2682	0	2324	0	920	0	5786	0	606	0	1392	0	3522	3720	10816	298	2020	98	2976	0	3520	0	1278	156	18940	1736	11886	0	1012	0	0	0	9948	0	2682	0	752	0	0	0	0	186	428	0	0	0	0	0	0	0	2446	0	228	0	0	0	0	0	0	0	0	0	320	0	0	2658	15956	1864	0	316	6800	0	1646	0	114	0	750	0	438	0	748	0	0	0	708	0	0	0	0	0	0	0	96	0	0	0	0	0	0	0	0	0	0	0	0	0	0	0	0	0	0	
42356	Pallidum_L	116	454	780	468	0	0	0	324	0	0	0	0	0	0	0	0	0	0	4186	436	0	706	0	0	0	0	0	0	0	0	0	0	0	0	0	0	1040	0	0	0	0	0	0	0	0	0	0	0	0	0	0	0	0	0	0	0	0	0	0	0	0	0	0	0	0	0	0	0	132	0	3026	894	6682	316	0	0	1510	108	0	0	0	0	0	0	0	0	0	0	0	0	0	0	0	0	0	0	0	0	0	0	0	0	0	0	0	0	0	0	0	0	0	0	0	0	0	0	
54616	Pallidum_R	0	1574	0	4524	0	0	0	1196	0	0	0	722	0	0	0	0	0	180	98	4712	0	0	0	0	0	0	0	0	0	384	114	700	0	362	0	0	0	946	0	816	0	0	0	0	0	0	0	0	0	0	0	0	0	0	0	238	0	0	0	0	0	0	0	0	0	0	0	0	0	0	224	3526	0	6800	0	0	0	192	0	0	0	0	0	0	0	0	0	0	0	0	0	0	0	0	0	0	0	0	0	0	0	0	0	0	0	0	0	0	0	0	0	0	0	0	0	0	
138072	Thalamus_L	2792	3550	2588	776	0	0	696	134	0	0	176	0	194	0	152	0	252	0	782	680	0	0	0	0	0	0	0	0	2210	0	0	268	0	0	2960	3872	9062	2092	1714	0	0	0	270	0	0	0	462	0	0	0	0	0	130	0	2002	0	328	0	0	0	180	0	0	0	0	0	296	0	6170	0	6002	918	2026	0	1510	0	0	10720	482	0	346	0	0	0	228	0	0	0	1242	0	356	0	0	0	0	0	190	0	228	0	0	0	0	0	0	0	0	0	0	0	0	0	0	0	0	0	
219012	Thalamus_R	1748	7510	1372	11858	170	0	564	1678	90	0	0	502	318	0	462	0	202	1132	374	13752	0	90	0	0	0	0	0	0	1156	1178	0	1484	0	192	3954	6560	5880	6714	820	740	0	0	0	0	0	0	864	1434	0	0	0	0	0	0	812	508	218	114	0	0	0	0	0	0	0	0	0	1908	576	0	1288	16160	310	1646	108	192	10720	0	470	0	238	434	0	0	0	0	0	0	194	0	0	0	0	0	0	0	196	154	0	0	0	0	0	0	0	0	0	0	0	0	462	0	0	0	0	0	
124120	Heschl_L	3858	258	1316	0	0	0	1418	0	0	0	998	0	132	0	0	0	8056	0	630	0	0	0	0	0	0	0	0	0	9734	0	0	92	0	0	648	440	4018	366	0	0	0	0	0	0	0	0	0	0	0	0	462	0	4684	0	3456	0	3378	0	0	0	274	0	1176	0	0	0	0	0	306	0	0	0	0	0	0	0	482	470	0	0	5392	0	536	0	4096	0	0	0	5166	0	218	0	0	0	0	0	0	0	0	0	0	0	0	0	0	0	0	0	0	0	0	0	0	0	0	0	
65284	Heschl_R	0	150	0	802	0	0	0	0	0	0	0	774	0	0	0	0	0	3396	606	842	0	0	0	0	0	0	0	0	0	6628	0	0	0	0	0	270	0	1982	0	706	0	0	0	0	0	0	0	342	0	0	0	0	0	442	0	1118	0	934	0	0	0	0	0	384	0	0	0	430	0	564	0	0	0	114	0	0	0	0	0	0	0	6110	0	168	0	1246	0	0	0	4384	0	0	0	0	0	0	0	0	0	0	0	0	0	0	0	0	0	0	0	0	250	0	0	0	0	0	
334864	Temporal_Sup_L	6890	134	8532	0	0	0	1456	0	0	0	7342	0	458	0	0	0	19322	0	7754	0	0	0	398	0	0	0	0	0	15368	0	224	0	0	0	254	226	2886	212	838	0	444	0	94	0	0	0	0	0	0	0	1930	0	850	0	4254	0	9846	0	642	0	1050	0	8078	0	1386	0	398	0	1530	0	178	0	3306	0	0	0	346	238	5392	0	0	0	9798	0	29748	0	174	0	15154	0	302	0	0	0	0	0	0	0	0	0	0	0	0	0	0	0	0	0	0	0	0	0	0	0	0	0	
221652	Temporal_Sup_R	0	940	0	1002	0	0	0	128	0	0	0	674	0	0	0	476	0	6072	554	878	0	0	0	0	0	0	0	0	0	9980	0	0	0	0	0	238	0	6844	0	3500	0	0	0	138	0	0	0	722	0	0	0	528	0	400	0	5096	0	6646	0	1042	0	548	0	14340	0	2606	0	3402	0	466	0	0	0	750	0	0	0	434	0	6110	0	0	0	6922	0	20488	0	766	0	7552	0	0	0	0	0	0	0	210	0	170	0	0	0	0	0	0	0	0	0	0	204	0	0	0	0	0	
159544	Temporal_Pole_Sup_L	2340	0	2156	0	486	0	136	0	140	0	3554	0	516	0	1416	0	4492	0	1934	0	948	0	154	0	0	0	242	0	5710	0	0	0	0	0	0	0	2988	0	3530	0	2534	0	0	0	0	0	0	0	0	0	0	0	0	0	5348	0	2202	0	0	0	0	0	0	0	0	0	0	0	0	0	280	0	1738	0	0	0	0	0	536	0	9798	0	0	0	10142	0	8016	0	8436	0	0	0	0	0	0	0	0	0	0	0	0	0	0	0	0	0	0	0	0	0	0	0	0	0	0	0	
80792	Temporal_Pole_Sup_R	0	0	0	228	0	0	0	0	0	0	0	532	0	0	0	1070	0	888	0	174	0	0	0	0	0	0	0	0	0	2844	0	0	0	0	0	0	0	1194	0	3394	0	2296	0	0	0	0	0	0	0	0	0	0	0	0	0	3922	0	0	0	0	0	0	0	0	0	0	0	0	0	0	0	0	0	438	0	0	0	0	0	168	0	6922	0	0	0	7274	0	3964	0	5088	0	0	0	0	0	0	0	0	0	0	0	0	0	0	0	0	0	0	0	0	0	0	0	0	0	0	
360588	Temporal_Mid_L	1276	0	808	0	0	0	150	0	0	0	186	0	124	0	0	0	4968	0	772	0	132	0	0	0	0	0	0	0	4540	0	0	0	240	0	888	0	2026	0	134	0	194	0	3260	0	770	0	364	0	518	0	25082	0	6466	0	5040	0	3486	0	1472	0	3528	0	5974	0	7596	0	3246	0	7698	0	0	0	224	0	0	0	228	0	4096	0	29748	0	10142	0	0	0	5312	0	39396	0	0	0	0	0	0	0	210	0	0	0	0	0	0	0	0	0	0	0	0	0	0	0	0	0	0	0	
239924	Temporal_Mid_R	0	0	0	0	0	0	0	0	0	0	0	224	0	0	0	260	0	446	0	0	0	0	0	0	0	0	0	0	0	4392	0	0	136	0	0	0	0	5274	0	3182	0	0	0	2844	0	1886	0	958	0	1164	0	8806	0	958	0	6936	0	2418	0	662	0	444	0	11220	0	3766	246	3250	0	1208	0	0	0	748	0	0	0	0	0	1246	0	20488	0	7274	0	0	0	2070	0	27456	0	0	0	0	0	0	0	0	0	0	0	0	0	0	0	0	0	0	0	0	0	0	0	0	0	0	
54720	Temporal_Pole_Mid_L	0	0	0	0	0	0	0	0	0	0	0	0	0	0	0	0	0	0	0	0	134	0	0	0	0	0	0	0	0	0	0	0	0	0	0	0	714	0	3006	0	706	0	0	0	0	0	0	0	0	0	0	0	0	0	3564	0	0	0	0	0	0	0	0	0	0	0	0	0	0	0	0	0	0	0	0	0	0	0	0	0	174	0	8016	0	5312	0	0	0	5734	0	0	0	0	0	0	0	0	0	0	0	0	0	0	0	0	0	0	0	0	0	0	0	0	0	0	0	
24160	Temporal_Pole_Mid_R	0	0	0	0	0	0	0	0	0	0	0	0	0	0	0	0	0	0	0	0	0	0	0	0	0	0	0	0	0	0	0	0	0	0	0	0	0	234	0	1792	0	564	0	0	0	0	0	0	0	0	0	0	0	0	0	918	0	0	0	0	0	0	0	0	0	0	0	0	0	0	0	0	0	0	0	0	0	0	0	0	0	766	0	3964	0	2070	0	0	0	1772	0	0	0	0	0	0	0	0	0	0	0	0	0	0	0	0	0	0	0	0	0	0	0	0	0	0	
357720	Temporal_Inf_L	1604	0	1076	0	0	0	164	0	0	0	100	0	0	0	0	0	3232	0	1018	0	294	0	0	0	0	0	0	0	7074	0	0	0	0	0	326	144	13636	0	4386	0	984	0	148	0	0	0	240	0	0	0	4408	0	5856	0	31130	0	1408	0	204	0	1606	0	2522	0	3108	0	280	0	3396	0	0	0	2064	0	0	0	1242	194	5166	0	15154	0	8436	0	39396	0	5734	0	0	0	7680	0	1006	0	0	0	468	0	2664	0	632	0	680	0	0	0	0	0	0	0	0	0	0	0	0	0	
247576	Temporal_Inf_R	0	166	0	0	0	0	0	0	0	0	0	288	0	0	0	146	0	1150	0	500	0	0	0	0	0	0	0	0	0	5012	0	0	0	220	0	300	0	8898	0	3866	0	1270	0	2564	0	568	0	1026	0	136	0	910	0	8494	0	18150	0	5822	0	630	0	438	0	5540	0	660	0	4472	0	3488	0	0	0	708	0	0	0	0	0	4384	0	7552	0	5088	0	27456	0	1772	0	0	0	1334	0	0	0	0	0	226	0	554	0	0	0	0	0	0	0	0	0	0	0	0	0	0	0	0	
545500	Cerebelum_Crus1_L	150	0	0	0	0	0	0	0	0	0	0	0	0	0	0	0	348	0	0	0	0	0	0	0	0	0	0	0	574	0	0	0	0	0	0	0	1138	0	1856	0	0	0	0	0	0	0	5852	3114	0	0	0	0	762	420	26738	1536	0	0	0	0	0	0	0	0	0	0	110	0	108	0	0	0	0	0	0	0	356	0	218	0	302	0	0	0	0	0	0	0	7680	0	0	6624	37314	3102	1812	240	20292	510	55990	8344	17238	896	24036	2502	6420	694	1428	0	316	546	5930	14140	9624	1964	908	618	
493904	Cerebelum_Crus1_R	0	0	0	0	0	0	0	0	0	0	0	0	0	0	0	0	0	0	0	0	0	0	0	0	0	0	0	0	0	0	0	0	0	0	0	0	0	0	0	0	0	0	0	0	0	0	234	2896	0	0	0	0	0	94	398	10006	0	0	0	0	0	0	0	0	0	0	0	0	0	0	0	0	0	0	0	0	0	0	0	0	0	0	0	0	0	0	0	0	0	1334	6624	0	1096	33322	1750	3988	3522	19338	8032	54232	1208	11428	1738	28780	1668	5990	0	584	646	2032	10560	14090	11722	3986	3998	1656	
296984	Cerebelum_Crus2_L	0	0	0	0	0	0	0	0	0	0	0	0	0	0	0	0	0	0	0	0	0	0	0	0	0	0	0	0	0	0	0	0	0	0	0	0	186	0	288	0	0	0	0	0	0	0	0	0	0	0	0	0	0	0	2672	0	0	0	0	0	0	0	0	0	0	0	0	0	0	0	0	0	0	0	0	0	0	0	0	0	0	0	0	0	0	0	0	0	1006	0	37314	1096	0	3576	206	0	1844	0	5012	520	36764	2312	36702	2228	6360	402	1508	0	0	0	0	590	4424	2682	502	298	
246148	Cerebelum_Crus2_R	0	0	0	0	0	0	0	0	0	0	0	0	0	0	0	0	0	0	0	0	0	0	0	0	0	0	0	0	0	0	0	0	0	0	0	0	0	0	0	0	0	0	0	0	0	0	0	0	0	0	0	0	0	0	0	198	0	0	0	0	0	0	0	0	0	0	0	0	0	0	0	0	0	0	0	0	0	0	0	0	0	0	0	0	0	0	0	0	0	0	3102	33322	3576	0	0	0	142	196	528	3158	3406	23990	3732	32298	674	3668	0	0	0	0	0	736	6424	3016	562	346	
99580	Cerebelum_3_L	0	0	0	0	0	0	0	0	0	0	0	0	0	0	0	0	0	0	0	0	0	0	0	0	0	0	0	0	0	0	0	0	0	0	0	0	0	0	204	0	0	0	0	0	0	0	296	1296	0	0	0	0	0	562	234	1166	0	0	0	0	0	0	0	0	0	0	0	0	0	0	0	0	0	0	0	0	0	0	0	0	0	0	0	0	0	0	0	0	0	0	1812	1750	206	0	0	104	11680	2346	5688	2876	226	0	956	0	3718	0	212	0	1596	3294	5126	3086	402	398	334	222	
73408	Cerebelum_3_R	0	0	0	0	0	0	0	0	0	0	0	0	0	0	0	0	0	0	0	0	0	0	0	0	0	0	0	0	0	0	0	0	0	0	0	0	0	0	0	106	0	0	0	0	0	0	120	296	0	0	0	0	0	0	102	106	0	0	0	0	0	0	0	0	0	0	0	0	0	0	0	0	0	0	0	0	0	0	0	0	0	0	0	0	0	0	0	0	0	0	240	3988	0	0	104	0	826	5928	504	7390	0	0	0	580	0	2562	0	0	1936	3916	2342	1374	776	1508	2000	0	
381240	Cerebelum_4_5_L	0	0	0	0	0	0	0	0	0	0	0	0	0	0	0	0	0	0	0	0	0	0	0	0	0	0	0	0	0	0	0	0	0	0	2576	0	2562	0	3050	0	0	0	3042	0	0	0	11778	4568	0	0	316	0	996	940	14364	2360	0	0	0	0	0	0	0	0	0	0	2590	0	252	0	0	0	0	0	0	0	190	196	0	0	0	0	0	0	210	0	0	0	468	0	20292	3522	1844	142	11680	826	0	4662	39040	5824	1648	0	4208	232	8088	606	832	0	2118	3776	19414	6204	1414	1238	1174	1378	
261068	Cerebelum_4_5_R	0	132	0	120	0	0	0	106	0	0	0	0	0	0	0	0	0	0	0	0	0	0	0	0	0	0	0	0	0	136	0	0	0	0	0	558	0	3598	0	4758	0	0	0	134	0	0	400	10310	0	0	0	0	0	1042	222	10126	0	0	0	0	0	0	0	0	0	0	0	820	0	0	0	0	0	96	0	0	0	154	0	0	0	210	0	0	0	0	0	0	0	226	510	19338	0	196	2346	5928	4662	0	4344	30634	0	0	0	500	1226	1340	0	108	536	2198	15232	5130	262	872	1354	670	
537776	Cerebelum_6_L	0	0	0	0	0	0	0	0	0	0	0	0	0	0	0	0	0	0	0	0	0	0	0	0	0	0	0	0	0	0	0	0	0	0	0	0	810	0	1826	0	0	0	308	0	0	0	10784	8598	0	0	240	0	2848	1544	32262	4442	0	0	0	0	0	0	0	0	0	0	0	0	0	0	0	0	0	0	0	0	228	0	0	0	0	0	0	0	0	0	0	0	2664	0	55990	8032	5012	528	5688	504	39040	4344	0	13758	5262	0	6480	570	4902	510	634	116	718	1040	18254	23240	5586	736	780	610	
495888	Cerebelum_6_R	0	0	0	0	0	0	0	0	0	0	0	0	0	0	0	0	0	0	0	0	0	0	0	0	0	0	0	0	0	94	0	0	0	0	0	0	0	744	0	928	0	0	0	242	0	0	686	9724	0	0	0	0	248	2748	1382	16550	0	0	0	0	0	0	0	0	0	0	0	0	0	0	0	0	0	0	0	0	0	0	0	0	0	170	0	0	0	0	0	0	0	554	8344	54232	520	3158	2876	7390	5824	30634	13758	0	728	738	1020	8470	1964	4826	0	1406	1098	3304	17230	22814	12154	4006	4888	2492	
255036	Cerebelum_7b_L	0	0	0	0	0	0	0	0	0	0	0	0	0	0	0	0	0	0	0	0	0	0	0	0	0	0	0	0	0	0	0	0	0	0	0	0	106	0	140	0	0	0	0	0	0	0	0	0	0	0	0	0	0	0	2004	0	0	0	0	0	0	0	0	0	0	0	0	0	0	0	0	0	0	0	0	0	0	0	0	0	0	0	0	0	0	0	0	0	632	0	17238	1208	36764	3406	226	0	1648	0	5262	728	0	2074	34420	3384	5616	622	1080	0	0	0	0	914	4720	4330	636	360	
137944	Cerebelum_7b_R	0	0	0	0	0	0	0	0	0	0	0	0	0	0	0	0	0	0	0	0	0	0	0	0	0	0	0	0	0	0	0	0	0	0	0	0	0	0	0	0	0	0	0	0	0	0	0	0	0	0	0	0	0	0	0	118	0	0	0	0	0	0	0	0	0	0	0	0	0	0	0	0	0	0	0	0	0	0	0	0	0	0	0	0	0	0	0	0	0	0	896	11428	2312	23990	0	0	0	0	0	738	2074	0	1752	20434	146	702	0	0	0	0	0	0	2052	2070	170	90	
335380	Cerebelum_8_L	0	0	0	0	0	0	0	0	0	0	0	0	0	0	0	0	0	0	0	0	0	0	0	0	0	0	0	0	0	0	0	0	0	0	0	0	208	0	346	0	0	0	0	0	0	0	0	0	0	0	0	0	0	0	2270	0	0	0	0	0	0	0	0	0	0	0	0	0	0	0	0	0	0	0	0	0	0	0	0	0	0	0	0	0	0	0	0	0	680	0	24036	1738	36702	3732	956	0	4208	0	6480	1020	34420	1752	0	5298	19304	1466	4608	0	92	174	234	1248	6298	6890	2396	1134	
282812	Cerebelum_8_R	0	0	0	0	0	0	0	0	0	0	0	0	0	0	0	0	0	0	0	0	0	0	0	0	0	0	0	0	0	0	0	0	0	0	0	0	0	0	0	0	0	0	0	0	0	0	0	0	0	0	0	0	0	0	0	284	0	0	0	0	0	0	0	0	0	0	0	0	0	0	0	0	0	0	0	0	0	0	0	0	0	0	0	0	0	0	0	0	0	0	2502	28780	2228	32298	0	580	232	500	570	8470	3384	20434	5298	0	1166	14444	0	1146	338	326	230	1268	6920	6322	2744	942	
171508	Cerebelum_9_L	0	0	0	0	0	0	0	0	0	0	0	0	0	0	0	0	0	0	0	0	0	0	0	0	0	0	0	0	0	0	0	0	0	0	0	0	0	0	0	0	0	0	0	0	0	0	0	300	0	0	0	0	0	108	0	366	0	0	0	0	0	0	0	0	0	0	0	0	0	0	0	0	0	0	0	0	0	0	0	0	0	0	0	0	0	0	0	0	0	0	6420	1668	6360	674	3718	0	8088	1226	4902	1964	5616	146	19304	1166	0	2028	4570	0	172	422	2168	2590	2560	2406	4296	2516	
139748	Cerebelum_9_R	0	0	0	0	0	0	0	0	0	0	0	0	0	0	0	0	0	0	0	0	0	0	0	0	0	0	0	0	0	0	0	0	0	0	0	0	0	0	0	0	0	0	0	0	0	0	0	0	0	0	0	0	0	0	0	0	0	0	0	0	0	0	0	0	0	0	0	0	0	0	0	0	0	0	0	0	0	0	0	0	0	0	0	0	0	0	0	0	0	0	694	5990	402	3668	0	2562	606	1340	510	4826	622	702	1466	14444	2028	0	0	1768	706	1390	1418	2602	3494	5028	8868	4740	
30040	Cerebelum_10_L	0	0	0	0	0	0	0	0	0	0	0	0	0	0	0	0	0	0	0	0	0	0	0	0	0	0	0	0	0	0	0	0	0	0	0	0	0	0	0	0	0	0	0	0	0	0	0	0	0	0	0	0	0	0	148	0	0	0	0	0	0	0	0	0	0	0	0	0	0	0	0	0	0	0	0	0	0	0	0	0	0	0	0	0	0	0	0	0	0	0	1428	0	1508	0	212	0	832	0	634	0	1080	0	4608	0	4570	0	0	0	0	0	0	0	0	0	0	0	
12152	Cerebelum_10_R	0	0	0	0	0	0	0	0	0	0	0	0	0	0	0	0	0	0	0	0	0	0	0	0	0	0	0	0	0	0	0	0	0	0	0	0	0	0	0	0	0	0	0	0	0	0	0	0	0	0	0	0	0	0	0	0	0	0	0	0	0	0	0	0	0	0	0	0	0	0	0	0	0	0	0	0	0	0	0	0	0	0	0	0	0	0	0	0	0	0	0	584	0	0	0	0	0	108	116	1406	0	0	0	1146	0	1768	0	0	0	0	0	316	258	116	150	108	
42156	Vermis_1_2	0	0	0	0	0	0	0	0	0	0	0	0	0	0	0	0	0	0	0	0	0	0	0	0	0	0	0	0	0	0	0	0	0	0	0	0	0	0	158	154	0	0	0	0	0	0	172	374	0	0	0	0	0	0	0	92	0	0	0	0	0	0	0	0	0	0	0	0	0	0	0	0	0	0	0	0	0	0	0	0	0	0	0	0	0	0	0	0	0	0	316	646	0	0	1596	1936	2118	536	718	1098	0	0	92	338	172	706	0	0	0	6064	2642	232	292	306	320	0	
74400	Vermis_3	0	0	0	0	0	0	0	0	0	0	0	0	0	0	0	0	0	0	0	0	0	0	0	0	0	0	0	0	0	0	0	0	0	0	0	0	0	0	198	166	0	0	0	0	0	0	248	504	0	0	0	0	0	0	100	100	0	0	0	0	0	0	0	0	0	0	0	0	0	0	0	0	0	0	0	0	0	0	0	0	0	0	0	0	0	0	0	0	0	0	546	2032	0	0	3294	3916	3776	2198	1040	3304	0	0	174	326	422	1390	0	0	6064	0	4000	696	648	916	1050	92	
343180	Vermis_4_5	0	736	0	812	0	0	0	594	0	0	0	0	0	0	0	0	0	292	0	248	0	0	0	0	0	0	0	0	0	412	0	0	116	156	824	3546	116	2568	0	244	0	0	1144	304	96	0	4484	12544	0	0	140	0	564	1648	5034	6412	0	172	0	0	0	0	0	0	0	0	1072	3352	0	286	0	0	0	0	0	0	0	462	0	250	0	204	0	0	0	0	0	0	0	0	5930	10560	0	0	5126	2342	19414	15232	18254	17230	0	0	234	230	2168	1418	0	0	2642	4000	0	13012	318	940	1522	2186	
