data	data	444748	302524	815068	971612	135216	121188	456028	280500	88176	38344	373980	243432	364612	286784	163872	99192	339060	159772	509048	874112	108912	90884	364492	443772	50280	160140	55524	60288	557528	388808	355908	561436	227512	560696	145632	156140	245600	283152	103220	175048	29568	65272	191460	231440	151084	255884	226800	266284	179172	254624	345072	201848	67684	109240	338868	368224	348408	224324	83076	108780	174712	123200	132404	125264	84212	112220	183776	350204	138880	134952	266368	369272	335724	390720	61812	45644	92188	177064	122356	33684	233708	163048	129428	67224	223412	179528	35432	21788	243112	201560	344200	332124	260948	283756	23308	59876	225324	232760	341248	365832	216892	127732	256216	242820	96440	97752	14716	16964	15700	59576	162872	118628	219292	127648	81104	42208	
data	data	Precentral_L	Precentral_R	Frontal_Sup_L	Frontal_Sup_R	Frontal_Sup_Orb_L	Frontal_Sup_Orb_R	Frontal_Mid_L	Frontal_Mid_R	Frontal_Mid_Orb_L	Frontal_Mid_Orb_R	Frontal_Inf_Oper_L	Frontal_Inf_Oper_R	Frontal_Inf_Tri_L	Frontal_Inf_Tri_R	Frontal_Inf_Orb_L	Frontal_Inf_Orb_R	Rolandic_Oper_L	Rolandic_Oper_R	Supp_Motor_Area_L	Supp_Motor_Area_R	Olfactory_L	Olfactory_R	Frontal_Sup_Medial_L	Frontal_Sup_Medial_R	Frontal_Med_Orb_L	Frontal_Med_Orb_R	Rectus_L	Rectus_R	Insula_L	Insula_R	Cingulum_Ant_L	Cingulum_Ant_R	Cingulum_Mid_L	Cingulum_Mid_R	Cingulum_Post_L	Cingulum_Post_R	Hippocampus_L	Hippocampus_R	ParaHippocampal_L	ParaHippocampal_R	Amygdala_L	Amygdala_R	Calcarine_L	Calcarine_R	Cuneus_L	Cuneus_R	Lingual_L	Lingual_R	Occipital_Sup_L	Occipital_Sup_R	Occipital_Mid_L	Occipital_Mid_R	Occipital_Inf_L	Occipital_Inf_R	Fusiform_L	Fusiform_R	Postcentral_L	Postcentral_R	Parietal_Sup_L	Parietal_Sup_R	Parietal_Inf_L	Parietal_Inf_R	SupraMarginal_L	SupraMarginal_R	Angular_L	Angular_R	Precuneus_L	Precuneus_R	Paracentral_Lobule_L	Paracentral_Lobule_R	Caudate_L	Caudate_R	Putamen_L	Putamen_R	Pallidum_L	Pallidum_R	Thalamus_L	Thalamus_R	Heschl_L	Heschl_R	Temporal_Sup_L	Temporal_Sup_R	Temporal_Pole_Sup_L	Temporal_Pole_Sup_R	Temporal_Mid_L	Temporal_Mid_R	Temporal_Pole_Mid_L	Temporal_Pole_Mid_R	Temporal_Inf_L	Temporal_Inf_R	Cerebelum_Crus1_L	Cerebelum_Crus1_R	Cerebelum_Crus2_L	Cerebelum_Crus2_R	Cerebelum_3_L	Cerebelum_3_R	Cerebelum_4_5_L	Cerebelum_4_5_R	Cerebelum_6_L	Cerebelum_6_R	Cerebelum_7b_L	Cerebelum_7b_R	Cerebelum_8_L	Cerebelum_8_R	Cerebelum_9_L	Cerebelum_9_R	Cerebelum_10_L	Cerebelum_10_R	Vermis_1_2	Vermis_3	Vermis_4_5	Vermis_6	Vermis_7	Vermis_8	Vermis_9	Vermis_10	
444748	Precentral_L	0	1688	19148	1656	0	0	24924	110	0	0	26826	0	16644	0	164	0	17308	0	6578	4800	0	0	1028	162	0	0	0	0	16772	140	580	262	754	1060	3492	1636	4030	1020	338	302	0	0	128	0	352	0	0	98	250	0	1352	0	126	0	616	0	28156	0	252	0	2282	0	1240	0	276	0	392	130	8452	544	4552	762	2950	154	654	0	2348	1394	6864	0	4176	0	2006	0	190	0	0	0	172	0	0	0	0	0	0	0	0	84	0	0	0	0	0	0	0	0	0	0	0	0	0	0	0	0	0	0	
302524	Precentral_R	1688	0	0	11418	0	0	0	13136	0	0	0	5620	0	872	0	0	0	4118	1278	8530	0	0	0	208	0	0	0	0	0	2118	0	264	424	2114	1718	5824	154	2638	0	170	0	0	0	1346	0	3974	0	820	0	6018	0	4426	0	310	0	282	0	24544	0	2420	0	2236	0	2500	0	1442	0	11670	1422	11220	196	3220	94	1482	0	700	1238	4842	0	138	0	748	0	0	0	826	0	0	0	856	0	0	0	0	0	0	0	0	0	0	0	0	0	0	0	0	0	0	0	0	0	0	0	0	0	0	
815068	Frontal_Sup_L	19148	0	0	7752	9300	222	76450	202	4416	0	26224	178	27086	500	9020	0	17290	0	38394	12308	200	0	30440	3710	2262	166	396	0	33840	278	13546	3772	7300	5324	114	0	2604	0	0	0	0	0	0	0	0	0	0	0	0	0	0	0	0	0	600	0	4444	0	0	0	0	0	0	0	0	0	0	0	354	0	12272	1104	22364	1094	4056	0	1966	126	1166	0	2696	0	2418	0	0	0	0	0	432	0	0	0	0	0	0	0	0	0	0	0	0	0	0	0	0	0	0	0	0	0	0	0	0	0	0	0	
971612	Frontal_Sup_R	1656	11418	7752	0	0	8812	1756	43940	0	2144	1918	12622	1680	25556	284	5606	600	8964	12082	81946	0	0	12416	42578	124	9552	0	114	2218	21080	6844	33948	2898	22966	548	1330	448	5784	92	1022	0	0	0	0	0	402	0	198	0	530	0	532	0	0	0	502	198	2476	0	286	0	158	0	124	0	0	0	898	280	458	2538	27240	598	24884	124	5590	1746	21528	0	360	0	370	0	800	0	168	0	0	0	120	0	0	0	0	0	0	0	0	0	0	0	0	0	0	0	0	0	0	0	0	0	0	0	0	0	0	
135216	Frontal_Sup_Orb_L	0	0	9300	0	0	170	1252	0	11904	0	0	0	864	0	11782	146	0	0	82	0	2690	888	2280	176	4104	128	5324	410	4404	0	3044	306	0	0	0	0	0	0	0	0	104	0	0	0	0	0	0	0	0	0	0	0	0	0	0	0	0	0	0	0	0	0	0	0	0	0	0	0	0	0	1892	434	5290	0	0	0	0	0	0	0	0	0	634	0	0	0	0	0	0	0	0	0	0	0	0	0	0	0	0	0	0	0	0	0	0	0	0	0	0	0	0	0	0	0	0	0	
121188	Frontal_Sup_Orb_R	0	0	222	8812	170	0	0	1518	0	6480	0	414	0	482	0	5472	0	0	250	656	378	1232	1046	5000	248	7786	254	5114	0	2116	754	2520	0	750	0	0	0	174	0	82	0	278	0	0	0	0	0	0	0	0	0	0	0	0	0	0	0	0	0	0	0	0	0	0	0	0	0	0	0	0	382	2062	92	5850	0	0	0	0	0	0	0	0	0	0	0	0	0	0	0	0	0	0	0	0	0	0	0	0	0	0	0	0	0	0	0	0	0	0	0	0	0	0	0	0	0	0	
456028	Frontal_Mid_L	24924	0	76450	1756	1252	0	0	0	3412	0	15764	0	35588	82	6748	0	6818	0	2590	2086	102	0	8134	928	0	0	0	0	13886	84	4736	1130	4040	994	180	110	328	0	0	0	0	0	0	0	0	0	0	0	0	0	0	0	0	0	0	0	3178	0	0	0	368	0	156	0	0	0	0	0	106	0	5894	112	2302	142	238	0	134	114	880	0	1416	0	852	0	0	0	0	0	0	0	0	0	0	0	0	0	0	0	0	0	0	0	0	0	0	0	0	0	0	0	0	0	0	0	0	0	
280500	Frontal_Mid_R	110	13136	202	43940	0	1518	0	0	0	1330	0	13258	0	21002	0	2914	0	2144	418	2640	0	0	664	4504	0	1178	0	0	0	9360	260	2724	0	1364	0	90	104	1886	0	0	0	0	0	0	0	322	0	0	0	380	0	386	0	0	0	0	0	2594	0	136	0	126	0	108	0	82	0	622	0	148	132	1336	0	5998	0	1802	144	722	0	170	0	94	0	100	0	102	0	0	0	0	0	0	0	0	0	0	0	0	0	0	0	0	0	0	0	0	0	0	0	0	0	0	0	0	0	0	
88176	Frontal_Mid_Orb_L	0	0	4416	0	11904	0	3412	0	0	0	0	0	2044	0	15542	0	0	0	0	114	0	0	98	0	216	0	1208	0	3076	0	252	0	0	0	0	0	0	0	0	0	0	0	0	0	0	0	0	0	0	0	0	0	0	0	0	0	0	0	0	0	0	0	0	0	0	0	0	0	0	0	214	0	1068	0	0	0	0	0	0	0	0	0	524	0	0	0	0	0	0	0	0	0	0	0	0	0	0	0	0	0	0	0	0	0	0	0	0	0	0	0	0	0	0	0	0	0	
38344	Frontal_Mid_Orb_R	0	0	0	2144	0	6480	0	1330	0	0	0	0	0	748	0	6614	0	0	0	0	0	0	0	0	0	368	0	102	0	298	0	0	0	0	0	0	0	0	0	0	0	0	0	0	0	0	0	0	0	0	0	0	0	0	0	0	0	0	0	0	0	0	0	0	0	0	0	0	0	0	0	0	0	1088	0	0	0	0	0	0	0	0	0	0	0	0	0	0	0	0	0	0	0	0	0	0	0	0	0	0	0	0	0	0	0	0	0	0	0	0	0	0	0	0	0	0	
373980	Frontal_Inf_Oper_L	26826	0	26224	1918	0	0	15764	0	0	0	0	0	33028	132	218	0	19106	0	6740	2530	0	0	2918	298	0	0	0	0	22022	0	1150	534	714	638	0	0	152	0	0	0	0	0	0	0	0	0	0	0	0	0	0	0	0	0	0	0	9316	0	0	0	0	0	0	0	0	0	0	0	0	0	1932	248	2298	0	144	0	362	0	1640	0	5022	0	5116	0	0	0	0	0	0	0	0	0	0	0	0	0	0	0	0	0	0	0	0	0	0	0	0	0	0	0	0	0	0	0	0	0	
243432	Frontal_Inf_Oper_R	0	5620	178	12622	0	414	0	13258	0	0	0	0	0	13530	0	942	0	10574	1222	9304	0	0	266	2620	0	812	0	0	0	20824	400	4316	0	7478	0	0	0	830	0	0	0	0	0	0	0	448	0	0	0	646	0	480	0	0	0	0	0	2358	0	394	0	356	0	256	0	304	0	828	0	238	94	1876	0	5938	0	206	0	458	0	184	0	234	0	1116	0	92	0	0	0	0	0	0	0	0	0	0	0	0	0	0	0	0	0	0	0	0	0	0	0	0	0	0	0	0	0	0	
364612	Frontal_Inf_Tri_L	16644	0	27086	1680	864	0	35588	0	2044	0	33028	0	0	124	11272	0	5602	0	5798	2344	0	0	2854	290	0	0	0	0	22698	0	654	512	1262	656	0	0	0	0	0	0	0	0	0	0	0	0	0	0	0	0	0	0	0	0	0	0	4940	0	0	0	0	0	0	0	0	0	0	0	0	0	1166	226	1450	0	102	0	108	0	1036	0	1234	0	1044	0	0	0	0	0	0	0	0	0	0	0	0	0	0	0	0	0	0	0	0	0	0	0	0	0	0	0	0	0	0	0	0	0	
286784	Frontal_Inf_Tri_R	0	872	500	25556	0	482	82	21002	0	748	132	13530	124	0	0	4906	0	2588	1924	12002	0	0	708	9340	0	1566	0	0	0	23070	594	6336	136	9390	0	0	0	0	0	0	0	0	0	0	0	0	0	0	0	0	0	0	0	0	0	0	0	350	0	0	0	0	0	0	0	0	0	0	0	0	90	2036	0	4916	0	138	0	0	0	0	0	100	0	174	0	0	0	0	0	0	0	0	0	0	0	0	0	0	0	0	0	0	0	0	0	0	0	0	0	0	0	0	0	0	0	0	
163872	Frontal_Inf_Orb_L	164	0	9020	284	11782	0	6748	0	15542	0	218	0	11272	0	0	0	172	0	306	392	2368	468	0	0	0	0	1726	174	14128	0	94	0	0	0	0	0	162	0	128	0	238	0	0	0	0	0	0	0	0	0	0	0	0	0	150	0	0	0	0	0	0	0	0	0	0	0	0	0	0	0	1046	282	3044	0	0	0	0	0	0	0	0	0	2028	0	0	0	0	0	0	0	0	0	0	0	0	0	0	0	0	0	0	0	0	0	0	0	0	0	0	0	0	0	0	0	0	0	
99192	Frontal_Inf_Orb_R	0	0	0	5606	146	5472	0	2914	0	6614	0	942	0	4906	0	0	0	830	84	528	340	552	0	1298	0	604	216	1054	0	7418	156	1422	0	586	0	0	0	0	0	0	0	0	0	0	0	0	0	0	0	0	0	0	0	0	0	0	0	0	0	0	0	0	0	0	0	0	0	0	0	0	334	684	0	4636	0	0	0	0	0	0	0	634	0	1620	0	0	0	0	0	0	0	0	0	0	0	0	0	0	0	0	0	0	0	0	0	0	0	0	0	0	0	0	0	0	0	0	
339060	Rolandic_Oper_L	17308	0	17290	600	0	0	6818	0	0	0	19106	0	5602	0	172	0	0	0	4210	776	0	0	272	0	0	0	0	0	31992	0	748	116	230	112	0	0	808	0	0	0	0	0	162	0	144	0	132	0	558	0	2190	0	602	0	1574	0	16630	0	0	0	2868	0	3900	0	2558	0	0	0	322	0	1214	130	2304	0	274	0	260	0	6964	0	12852	0	5922	0	652	0	0	0	1158	0	0	0	0	0	0	0	0	0	0	0	0	0	0	0	0	0	0	0	0	0	0	0	0	0	0	0	
159772	Rolandic_Oper_R	0	4118	0	8964	0	0	0	2144	0	0	0	10574	0	2588	0	830	0	0	116	6038	0	0	0	126	0	0	0	0	0	13768	0	766	0	2758	0	0	0	1022	0	0	0	0	0	0	0	434	0	0	0	802	0	282	0	0	0	0	0	6556	0	634	0	366	0	3318	0	334	0	1078	0	628	0	420	0	2500	0	136	0	240	0	1636	0	4318	0	1818	0	420	0	0	0	154	0	0	0	0	0	0	0	0	0	0	0	0	0	0	0	0	0	0	0	0	0	0	0	0	0	0	
509048	Supp_Motor_Area_L	6578	1278	38394	12082	82	250	2590	418	0	0	6740	1222	5798	1924	306	84	4210	116	0	45256	0	0	7972	4860	0	660	0	0	9132	1498	4714	9622	11492	24092	2036	1154	2524	170	0	0	0	0	0	0	0	102	0	0	0	0	0	0	0	0	530	0	912	0	0	0	0	0	0	0	0	0	0	190	4692	668	9014	2978	16310	1476	6912	0	2072	358	242	0	354	0	98	0	0	0	0	0	362	0	0	0	0	0	0	0	0	0	0	0	0	0	0	0	0	0	0	0	0	0	0	0	0	0	0	0	
874112	Supp_Motor_Area_R	4800	8530	12308	81946	0	656	2086	2640	114	0	2530	9304	2344	12002	392	528	776	6038	45256	0	0	0	5848	13994	0	2952	0	0	2900	12754	5136	23420	11794	49968	3798	8738	438	2744	0	808	0	0	0	698	0	1408	0	712	0	340	0	332	0	0	0	368	416	970	0	202	0	0	0	0	0	0	0	7726	4234	14998	3258	28654	814	13412	280	3294	1010	15314	0	86	0	274	0	714	0	0	0	0	0	0	0	0	0	0	0	0	0	0	0	0	0	0	0	0	0	0	0	0	0	0	0	0	0	0	0	0	
108912	Olfactory_L	0	0	200	0	2690	378	102	0	0	0	0	0	0	0	2368	340	0	0	0	0	0	7834	0	0	364	0	3388	2362	3546	240	3106	2860	0	0	0	0	836	96	302	0	1310	0	0	0	0	0	0	0	0	0	0	0	0	0	382	0	0	0	0	0	0	0	0	0	0	0	0	0	0	0	10040	4864	4630	1116	204	0	0	0	0	0	0	0	816	0	0	0	0	0	82	0	0	0	0	0	0	0	0	0	0	0	0	0	0	0	0	0	0	0	0	0	0	0	0	0	0	0	
90884	Olfactory_R	0	0	0	0	888	1232	0	0	0	0	0	0	0	0	468	552	0	0	0	0	7834	0	0	0	0	506	2068	3320	92	1134	2114	2652	0	0	0	0	0	638	0	318	0	1472	0	0	0	0	0	0	0	0	0	0	0	0	0	126	0	0	0	0	0	0	0	0	0	0	0	0	0	0	8088	6074	3646	1836	194	0	0	0	0	0	0	0	0	190	0	0	0	0	0	0	0	0	0	0	0	0	0	0	0	0	0	0	0	0	0	0	0	0	0	0	0	0	0	0	0	0	
364492	Frontal_Sup_Medial_L	1028	0	30440	12416	2280	1046	8134	664	98	0	2918	266	2854	708	0	0	272	0	7972	5848	0	0	0	24964	4562	1158	0	0	478	632	25360	19856	9610	16532	0	0	0	0	0	0	0	0	0	0	0	0	0	0	0	0	0	0	0	0	0	0	0	0	0	0	0	0	0	0	0	0	0	0	0	0	714	306	484	646	0	0	0	0	0	0	0	0	0	0	0	0	0	0	0	0	0	0	0	0	0	0	0	0	0	0	0	0	0	0	0	0	0	0	0	0	0	0	0	0	0	0	
443772	Frontal_Sup_Medial_R	162	208	3710	42578	176	5000	928	4504	0	0	298	2620	290	9340	0	1298	0	126	4860	13994	0	0	24964	0	626	10104	0	0	94	7048	11298	34996	3596	21176	0	0	0	0	0	0	0	0	0	0	0	0	0	0	0	0	0	0	0	0	0	0	0	0	0	0	0	0	0	0	0	0	0	0	0	0	256	8610	186	8754	0	86	0	0	0	0	0	0	0	0	0	0	0	0	0	0	0	0	0	0	0	0	0	0	0	0	0	0	0	0	0	0	0	0	0	0	0	0	0	0	0	0	
50280	Frontal_Med_Orb_L	0	0	2262	124	4104	248	0	0	216	0	0	0	0	0	0	0	0	0	0	0	364	0	4562	626	0	1178	1642	296	0	0	6606	278	0	0	0	0	0	0	0	0	0	0	0	0	0	0	0	0	0	0	0	0	0	0	0	0	0	0	0	0	0	0	0	0	0	0	0	0	0	0	888	0	1746	0	0	0	0	0	0	0	0	0	0	0	0	0	0	0	0	0	0	0	0	0	0	0	0	0	0	0	0	0	0	0	0	0	0	0	0	0	0	0	0	0	0	0	
160140	Frontal_Med_Orb_R	0	0	166	9552	128	7786	0	1178	0	368	0	812	0	1566	0	604	0	0	660	2952	0	506	1158	10104	1178	0	276	5032	0	1468	2256	10212	232	1566	0	0	0	0	0	0	0	0	0	0	0	0	0	0	0	0	0	0	0	0	0	0	0	0	0	0	0	0	0	0	0	0	0	0	0	0	0	6956	0	13354	0	0	0	0	0	0	0	0	0	0	0	0	0	0	0	0	0	0	0	0	0	0	0	0	0	0	0	0	0	0	0	0	0	0	0	0	0	0	0	0	0	0	
55524	Rectus_L	0	0	396	0	5324	254	0	0	1208	0	0	0	0	0	1726	216	0	0	0	0	3388	2068	0	0	1642	276	0	1414	648	0	1996	694	0	0	0	0	0	0	0	0	100	0	0	0	0	0	0	0	0	0	0	0	0	0	0	0	0	0	0	0	0	0	0	0	0	0	0	0	0	0	3716	638	2058	0	0	0	0	0	0	0	0	0	0	0	0	0	0	0	0	0	0	0	0	0	0	0	0	0	0	0	0	0	0	0	0	0	0	0	0	0	0	0	0	0	0	0	
60288	Rectus_R	0	0	0	114	410	5114	0	0	0	102	0	0	0	0	174	1054	0	0	0	0	2362	3320	0	0	296	5032	1414	0	0	492	458	1140	0	0	0	0	0	248	0	100	0	366	0	0	0	0	0	0	0	0	0	0	0	0	0	0	0	0	0	0	0	0	0	0	0	0	0	0	0	0	2296	2330	950	2372	0	0	0	0	0	0	0	0	0	0	0	0	0	0	0	0	0	0	0	0	0	0	0	0	0	0	0	0	0	0	0	0	0	0	0	0	0	0	0	0	0	0	
557528	Insula_L	16772	0	33840	2218	4404	0	13886	0	3076	0	22022	0	22698	0	14128	0	31992	0	9132	2900	3546	92	478	94	0	0	648	0	0	0	1600	422	730	338	0	0	10866	0	616	0	1754	0	146	0	0	0	154	0	324	0	1664	0	472	0	4342	0	8828	0	0	0	1146	0	672	0	736	0	126	0	272	0	3334	252	19920	0	680	0	1904	0	8774	0	8820	0	8090	0	2408	0	882	0	6566	0	0	0	0	0	0	0	0	0	0	0	0	0	0	0	0	0	0	0	0	0	0	0	0	0	0	0	
388808	Insula_R	140	2118	278	21080	0	2116	84	9360	0	298	0	20824	0	23070	0	7418	0	13768	1498	12754	240	1134	632	7048	0	1468	0	492	0	0	952	8878	138	8902	146	210	164	5826	0	1044	0	1610	0	0	0	0	0	0	0	0	0	256	0	0	0	1462	0	984	0	142	0	156	0	144	0	160	0	0	0	0	318	4110	164	21336	0	214	150	842	0	1270	0	4788	0	2506	0	728	0	0	0	984	0	0	0	0	0	0	0	0	0	0	0	0	0	0	0	0	0	0	0	0	0	0	0	0	0	0	
355908	Cingulum_Ant_L	580	0	13546	6844	3044	754	4736	260	252	0	1150	400	654	594	94	156	748	0	4714	5136	3106	2114	25360	11298	6606	2256	1996	458	1600	952	0	25830	16108	12268	2244	0	0	0	0	0	0	0	0	0	0	0	0	0	0	0	0	0	0	0	0	0	0	0	0	0	0	0	0	0	0	0	0	0	128	0	9978	2454	7756	1780	0	0	0	0	0	0	0	0	0	0	0	0	0	0	0	0	0	0	0	0	0	0	0	0	0	0	0	0	0	0	0	0	0	0	0	0	0	0	0	0	0	0	
561436	Cingulum_Ant_R	262	264	3772	33948	306	2520	1130	2724	0	0	534	4316	512	6336	0	1422	116	766	9622	23420	2860	2652	19856	34996	278	10212	694	1140	422	8878	25830	0	6554	31800	0	0	0	0	0	0	0	0	0	0	0	0	0	0	0	0	0	0	0	0	0	0	0	0	0	0	0	0	0	0	0	0	0	0	0	0	3528	22538	1014	15046	0	138	0	132	0	0	0	0	0	180	0	0	0	0	0	0	0	0	0	0	0	0	0	0	0	0	0	0	0	0	0	0	0	0	0	0	0	0	0	0	0	0	
227512	Cingulum_Mid_L	754	424	7300	2898	0	0	4040	0	0	0	714	0	1262	136	0	0	230	0	11492	11794	0	0	9610	3596	0	232	0	0	730	138	16108	6554	0	19214	6658	906	0	0	0	0	0	0	0	0	590	192	0	0	218	228	0	0	0	0	0	0	446	118	0	0	0	0	0	0	0	0	1406	1496	3112	610	258	0	0	292	0	0	0	0	0	0	0	0	0	0	0	0	0	0	0	0	0	0	0	0	0	0	0	0	0	0	0	0	0	0	0	0	0	0	0	0	0	0	0	0	0	0	
560696	Cingulum_Mid_R	1060	2114	5324	22966	0	750	994	1364	0	0	638	7478	656	9390	0	586	112	2758	24092	49968	0	0	16532	21176	0	1566	0	0	338	8902	12268	31800	19214	0	3350	5368	0	96	0	0	0	0	0	504	0	1926	0	336	0	488	0	294	0	0	0	0	0	430	0	86	0	0	0	0	0	0	1072	9438	1504	7246	524	1278	230	3622	0	0	0	84	0	0	0	112	0	314	0	0	0	0	0	0	0	0	0	0	0	0	0	0	0	0	0	0	0	0	0	0	0	0	0	0	0	0	0	0	0	0	
145632	Cingulum_Post_L	3492	1718	114	548	0	0	180	0	0	0	0	0	0	0	0	0	0	0	2036	3798	0	0	0	0	0	0	0	0	0	146	2244	0	6658	3350	0	8876	5646	3158	3484	1484	0	0	2314	0	618	516	1466	880	0	0	0	0	0	0	606	168	580	0	0	0	0	0	0	0	0	0	5236	2312	6690	1320	0	0	0	84	0	0	1436	814	0	0	0	0	0	0	0	0	0	0	0	0	0	0	0	0	0	0	0	844	0	0	0	0	0	0	0	0	0	0	0	0	0	0	0	0	0	0	
156140	Cingulum_Post_R	1636	5824	0	1330	0	0	110	90	0	0	0	0	0	0	0	0	0	0	1154	8738	0	0	0	0	0	0	0	0	0	210	0	0	906	5368	8876	0	3594	5314	1708	2026	0	0	0	1328	0	1894	258	3256	0	0	0	0	0	0	268	280	0	0	0	0	0	0	0	0	0	0	142	9844	1236	6306	0	0	0	94	0	0	2640	2168	0	0	0	122	0	0	0	0	0	0	0	0	0	0	0	0	0	0	0	1046	0	0	0	0	0	0	0	0	0	0	0	0	304	0	0	0	0	0	
245600	Hippocampus_L	4030	154	2604	448	0	0	328	104	0	0	152	0	0	0	162	0	808	0	2524	438	836	0	0	0	0	0	0	0	10866	164	0	0	0	0	5646	3594	0	3026	13060	1444	5104	0	1596	0	0	0	3032	1260	0	0	166	0	0	0	17938	142	998	0	0	0	302	0	130	0	156	0	2336	382	718	0	1044	0	10632	92	1448	0	4778	778	4626	0	1952	0	910	0	640	0	310	0	9272	0	282	0	0	0	0	0	252	790	346	0	0	0	0	0	0	0	0	0	0	0	0	0	0	0	0	0	
283152	Hippocampus_R	1020	2638	0	5784	0	174	0	1886	0	0	0	830	0	0	0	0	0	1022	170	2744	96	638	0	0	0	0	0	248	0	5826	0	0	0	96	3158	5314	3026	0	1644	24378	0	8354	0	434	0	0	248	4506	0	0	0	90	0	320	270	23260	0	258	0	0	0	0	0	0	0	0	0	3192	266	0	122	608	86	9586	0	1928	2432	5690	0	1298	0	4204	0	1562	0	990	0	718	0	4680	0	652	0	168	0	150	0	2930	0	1488	0	0	0	0	0	0	0	0	0	0	394	0	0	0	0	0	
103220	ParaHippocampal_L	338	0	0	92	0	0	0	0	0	0	0	0	0	0	128	0	0	0	0	0	302	0	0	0	0	0	0	0	616	0	0	0	0	0	3484	1708	13060	1644	0	840	1576	0	1364	0	0	0	4346	862	0	0	304	0	0	0	8976	106	0	0	0	0	0	0	0	0	0	0	1964	318	106	0	100	0	1382	0	0	0	1218	262	200	0	176	0	332	0	0	0	0	0	498	0	730	0	0	0	0	0	1802	502	1640	0	106	0	114	0	136	0	92	0	0	186	0	0	0	0	0	0	
175048	ParaHippocampal_R	302	170	0	1022	0	82	0	0	0	0	0	0	0	0	0	0	0	0	0	808	0	318	0	0	0	0	0	100	0	1044	0	0	0	0	1484	2026	1444	24378	840	0	0	5992	0	374	0	0	124	4502	0	0	0	0	0	374	114	17618	0	0	0	0	0	0	0	0	0	0	0	1580	0	0	0	392	0	4156	0	824	1068	2788	0	390	0	1692	0	1878	0	280	0	314	0	1720	0	1054	0	306	0	240	0	3762	0	1830	0	0	0	0	0	0	0	0	0	0	134	0	0	0	0	0	
29568	Amygdala_L	0	0	0	0	104	0	0	0	0	0	0	0	0	0	238	0	0	0	0	0	1310	0	0	0	0	0	100	0	1754	0	0	0	0	0	0	0	5104	0	1576	0	0	0	0	0	0	0	0	0	0	0	0	0	0	0	2724	0	0	0	0	0	0	0	0	0	0	0	0	0	0	0	0	0	648	0	0	0	0	0	0	0	0	0	650	0	0	0	92	0	484	0	0	0	0	0	0	0	0	0	0	0	0	0	0	0	0	0	0	0	0	0	0	0	0	0	0	0	
65272	Amygdala_R	0	0	0	0	0	278	0	0	0	0	0	0	0	0	0	0	0	0	0	0	0	1472	0	0	0	0	0	366	0	1610	0	0	0	0	0	0	0	8354	0	5992	0	0	0	0	0	0	0	0	0	0	0	0	0	0	0	6334	0	0	0	0	0	0	0	0	0	0	0	0	0	0	0	202	0	2566	0	0	0	0	0	0	0	0	0	2914	0	198	0	700	0	1338	0	92	0	0	0	0	0	84	0	136	0	0	0	0	0	0	0	0	0	0	0	0	0	0	0	0	
191460	Calcarine_L	128	0	0	0	0	0	0	0	0	0	0	0	0	0	0	0	162	0	0	0	0	0	0	0	0	0	0	0	146	0	0	0	0	0	2314	0	1596	0	1364	0	0	0	0	10554	9026	6354	9952	3436	7128	1980	17718	230	2652	120	2068	152	1548	0	0	0	0	0	0	0	0	0	11976	540	1982	0	0	0	0	0	0	0	0	0	750	0	0	0	0	0	1182	0	0	0	402	0	112	0	0	0	0	0	0	0	158	0	0	0	0	0	0	0	0	0	0	0	0	0	0	0	0	0	
231440	Calcarine_R	0	1346	0	0	0	0	0	0	0	0	0	0	0	0	0	0	0	0	0	698	0	0	0	0	0	0	0	0	0	0	0	0	0	504	0	1328	0	434	0	374	0	0	10554	0	5670	19412	1654	18240	484	12784	278	10408	0	5662	0	3632	0	126	0	0	0	0	0	0	0	0	458	14246	0	1066	0	0	0	0	0	0	0	0	0	0	0	0	0	0	0	2856	0	0	0	3420	0	0	0	0	0	0	0	0	0	0	0	0	0	0	0	0	0	0	0	0	86	0	0	0	0	0	
151084	Cuneus_L	352	0	0	0	0	0	0	0	0	0	0	0	0	0	0	0	144	0	0	0	0	0	0	0	0	0	0	0	0	0	0	0	590	0	618	0	0	0	0	0	0	0	9026	5670	0	9030	1444	0	17548	1322	11998	510	748	0	844	0	1246	0	396	0	0	0	0	0	0	0	8252	2562	2590	0	0	0	0	0	0	0	0	0	0	0	118	0	0	0	274	0	0	0	260	0	0	0	0	0	0	0	0	0	0	0	0	0	0	0	0	0	0	0	0	0	0	0	0	0	0	0	
255884	Cuneus_R	0	3974	0	402	0	0	0	322	0	0	0	448	0	0	0	0	0	434	102	1408	0	0	0	0	0	0	0	0	0	0	0	0	192	1926	516	1894	0	0	0	0	0	0	6354	19412	9030	0	214	4464	706	27704	260	9202	0	370	0	666	0	4582	0	990	0	136	0	374	0	138	5188	23220	0	1456	0	0	0	0	0	0	0	0	0	0	0	446	0	0	0	1024	0	0	0	388	0	0	0	0	0	0	0	0	0	0	0	0	0	0	0	0	0	0	0	0	0	0	0	0	0	0	
226800	Lingual_L	0	0	0	0	0	0	0	0	0	0	0	0	0	0	0	0	132	0	0	0	0	0	0	0	0	0	0	0	154	0	0	0	0	0	1466	258	3032	248	4346	124	0	0	9952	1654	1444	214	0	3088	3582	182	12222	0	3066	0	14824	332	278	0	0	0	0	0	0	0	0	0	2792	0	234	0	0	0	104	0	0	0	152	0	270	0	114	0	0	0	320	0	0	0	152	0	7774	764	1240	190	192	130	11868	758	14824	1464	0	0	138	0	222	306	0	0	124	314	3878	2964	900	0	188	426	
266284	Lingual_R	98	820	0	198	0	0	0	0	0	0	0	0	0	0	0	0	0	0	0	712	0	0	0	0	0	0	0	0	0	0	0	0	0	336	880	3256	1260	4506	862	4502	0	0	3436	18240	0	4464	3088	0	0	6086	0	4922	0	9436	132	15842	0	0	0	0	0	0	0	0	0	0	0	7622	0	818	0	0	0	134	0	0	560	794	0	0	0	112	0	0	0	232	0	0	0	2718	796	4100	260	686	160	114	1904	7032	2150	8462	0	0	0	256	0	158	0	0	0	220	5460	3602	1408	0	104	204	
179172	Occipital_Sup_L	250	0	0	0	0	0	0	0	0	0	0	0	0	0	0	0	558	0	0	0	0	0	0	0	0	0	0	0	324	0	0	0	218	0	0	0	0	0	0	0	0	0	7128	484	17548	706	3582	0	0	0	28542	0	1206	0	1296	0	3722	0	6998	0	3048	0	0	0	572	0	8288	314	3028	0	0	0	0	0	0	0	0	0	0	0	396	0	0	0	546	0	0	0	832	0	0	0	0	0	0	0	0	0	0	0	0	0	0	0	0	0	0	0	0	0	0	0	0	0	0	0	
254624	Occipital_Sup_R	0	6018	0	530	0	0	0	380	0	0	0	646	0	0	0	0	0	802	0	340	0	0	0	0	0	0	0	0	0	0	0	0	228	488	0	0	0	0	0	0	0	0	1980	12784	1322	27704	182	6086	0	0	0	20850	0	1130	0	1362	0	7692	0	4908	0	2688	0	3118	0	3500	1012	14268	0	410	0	0	0	0	0	0	0	0	0	0	0	2612	0	0	0	2754	0	0	0	1518	0	0	0	0	0	0	0	0	0	0	0	0	0	0	0	0	0	0	0	0	0	0	0	0	0	0	
345072	Occipital_Mid_L	1352	0	0	0	0	0	0	0	0	0	0	0	0	0	0	0	2190	0	0	0	0	0	0	0	0	0	0	0	1664	0	0	0	0	0	0	0	166	0	304	0	0	0	17718	278	11998	260	12222	0	28542	0	0	0	10802	0	7056	0	8014	0	9482	0	8836	0	490	0	11014	0	7820	0	5126	0	0	0	0	0	0	0	0	0	2396	0	1774	0	0	0	14984	0	0	0	7466	0	260	0	0	0	0	0	0	0	322	0	0	0	0	0	0	0	0	0	0	0	0	0	0	0	0	0	
201848	Occipital_Mid_R	0	4426	0	532	0	0	0	386	0	0	0	480	0	0	0	0	0	282	0	332	0	0	0	0	0	0	0	0	0	256	0	0	0	294	0	0	0	90	0	0	0	0	230	10408	510	9202	0	4922	0	20850	0	0	0	5342	0	2688	0	4276	0	934	0	790	0	1072	0	6918	0	8254	0	270	0	0	0	0	0	0	0	0	0	0	0	1468	0	0	0	12238	0	0	0	3474	0	0	0	0	0	0	0	0	0	0	0	0	0	0	0	0	0	0	0	0	0	0	0	0	0	0	
67684	Occipital_Inf_L	126	0	0	0	0	0	0	0	0	0	0	0	0	0	0	0	602	0	0	0	0	0	0	0	0	0	0	0	472	0	0	0	0	0	0	0	0	0	0	0	0	0	2652	0	748	0	3066	0	1206	0	10802	0	0	0	3798	0	258	0	0	0	142	0	0	0	184	0	188	0	266	0	0	0	0	0	0	0	0	0	1730	0	372	0	0	0	2492	0	0	0	4430	0	142	0	0	0	0	0	0	0	166	0	0	0	0	0	0	0	0	0	0	0	0	0	0	0	0	0	
109240	Occipital_Inf_R	0	310	0	0	0	0	0	0	0	0	0	0	0	0	0	0	0	0	0	0	0	0	0	0	0	0	0	0	0	0	0	0	0	0	0	0	0	320	0	374	0	0	120	5662	0	370	0	9436	0	1130	0	5342	0	0	0	12368	0	240	0	0	0	0	0	0	0	0	0	2320	0	0	0	0	0	0	0	0	0	0	0	180	0	530	0	0	0	2144	0	0	0	12374	0	132	0	0	0	0	0	182	84	646	0	0	0	0	0	0	0	0	0	0	172	184	0	0	0	0	
338868	Fusiform_L	616	0	600	0	0	0	0	0	0	0	0	0	0	0	150	0	1574	0	530	0	382	0	0	0	0	0	0	0	4342	0	0	0	0	0	606	268	17938	270	8976	114	2724	0	2068	0	844	0	14824	132	1296	0	7056	0	3798	0	0	0	460	0	0	0	344	0	92	0	250	0	1142	0	624	0	92	0	4770	0	0	0	408	0	3514	0	3478	0	1944	0	2202	0	1680	0	17278	0	18842	178	1028	0	258	0	12524	104	25920	184	590	0	726	0	340	0	92	0	0	0	648	400	214	0	0	0	
368224	Fusiform_R	0	282	0	502	0	0	0	0	0	0	0	0	0	0	0	0	0	0	0	368	0	126	0	0	0	0	0	0	0	1462	0	0	0	0	168	280	142	23260	106	17618	0	6334	152	3632	0	666	332	15842	0	1362	0	2688	0	12368	0	0	0	176	0	0	0	0	0	0	0	128	0	2086	0	0	0	196	0	3416	0	246	90	1198	0	1068	0	5330	0	6132	0	8454	0	2402	0	22678	112	11354	0	1412	0	162	350	8368	510	15696	0	214	0	702	0	0	0	0	0	154	2214	1028	546	0	0	0	
348408	Postcentral_L	28156	0	4444	198	0	0	3178	0	0	0	9316	0	4940	0	0	0	16630	0	912	416	0	0	0	0	0	0	0	0	8828	0	0	0	446	0	580	0	998	0	0	0	0	0	1548	0	1246	0	278	0	3722	0	8014	0	258	0	460	0	0	0	6138	0	20874	0	20114	0	536	0	4262	0	8234	0	1088	98	650	0	306	0	1012	0	5968	0	6624	0	1510	0	1938	0	0	0	284	0	0	0	0	0	0	0	0	0	0	0	0	0	0	0	0	0	0	0	0	0	0	0	0	0	0	0	
224324	Postcentral_R	0	24544	0	2476	0	0	0	2594	0	0	0	2358	0	350	0	0	0	6556	0	970	0	0	0	0	0	0	0	0	0	984	0	0	118	430	0	0	0	258	0	0	0	0	0	126	0	4582	0	0	0	7692	0	4276	0	240	0	176	0	0	0	11506	0	9378	0	11980	0	2772	218	10484	0	4076	0	0	0	0	0	0	0	0	0	82	0	1512	0	0	0	678	0	0	0	746	0	0	0	0	0	0	0	0	0	0	0	0	0	0	0	0	0	0	0	0	0	0	0	0	0	0	
83076	Parietal_Sup_L	252	0	0	0	0	0	0	0	0	0	0	0	0	0	0	0	0	0	0	0	0	0	0	0	0	0	0	0	0	0	0	0	0	0	0	0	0	0	0	0	0	0	0	0	396	0	0	0	6998	0	9482	0	0	0	0	0	6138	0	0	0	8510	0	180	0	1242	0	7868	160	212	0	0	0	0	0	0	0	0	0	0	0	0	0	0	0	100	0	0	0	0	0	0	0	0	0	0	0	0	0	0	0	0	0	0	0	0	0	0	0	0	0	0	0	0	0	0	0	
108780	Parietal_Sup_R	0	2420	0	286	0	0	0	136	0	0	0	394	0	0	0	0	0	634	0	202	0	0	0	0	0	0	0	0	0	142	0	0	0	86	0	0	0	0	0	0	0	0	0	0	0	990	0	0	0	4908	0	934	0	0	0	0	0	11506	0	0	0	14046	0	5342	0	6564	722	4054	0	758	0	0	0	0	0	0	0	0	0	0	0	266	0	0	0	0	0	0	0	0	0	0	0	0	0	0	0	0	0	0	0	0	0	0	0	0	0	0	0	0	0	0	0	0	0	0	
174712	Parietal_Inf_L	2282	0	0	0	0	0	368	0	0	0	0	0	0	0	0	0	2868	0	0	0	0	0	0	0	0	0	0	0	1146	0	0	0	0	0	0	0	302	0	0	0	0	0	0	0	0	0	0	0	3048	0	8836	0	142	0	344	0	20874	0	8510	0	0	0	22356	0	10940	0	448	0	710	0	0	0	274	0	0	0	100	0	442	0	1982	0	0	0	926	0	0	0	458	0	0	0	0	0	0	0	0	0	0	0	0	0	0	0	0	0	0	0	0	0	0	0	0	0	0	0	
123200	Parietal_Inf_R	0	2236	0	158	0	0	0	126	0	0	0	356	0	0	0	0	0	366	0	0	0	0	0	0	0	0	0	0	0	156	0	0	0	0	0	0	0	0	0	0	0	0	0	0	0	136	0	0	0	2688	0	790	0	0	0	0	0	9378	0	14046	0	0	0	13798	0	13056	0	418	0	0	0	0	0	0	0	0	0	0	0	0	0	1930	0	0	0	1480	0	0	0	482	0	0	0	0	0	0	0	0	0	0	0	0	0	0	0	0	0	0	0	0	0	0	0	0	0	0	
132404	SupraMarginal_L	1240	0	0	0	0	0	156	0	0	0	0	0	0	0	0	0	3900	0	0	0	0	0	0	0	0	0	0	0	672	0	0	0	0	0	0	0	130	0	0	0	0	0	0	0	0	0	0	0	0	0	490	0	0	0	92	0	20114	0	180	0	22356	0	0	0	5402	0	102	0	498	0	0	0	136	0	0	0	0	0	220	0	6402	0	0	0	3412	0	0	0	700	0	0	0	0	0	0	0	0	0	0	0	0	0	0	0	0	0	0	0	0	0	0	0	0	0	0	0	
125264	SupraMarginal_R	0	2500	0	124	0	0	0	108	0	0	0	256	0	0	0	0	0	3318	0	0	0	0	0	0	0	0	0	0	0	144	0	0	0	0	0	0	0	0	0	0	0	0	0	0	0	374	0	0	0	3118	0	1072	0	0	0	0	0	11980	0	5342	0	13798	0	0	0	9848	0	946	0	114	0	0	0	0	0	0	0	0	0	0	0	6756	0	0	0	2166	0	0	0	668	0	0	0	0	0	0	0	0	0	0	0	0	0	0	0	0	0	0	0	0	0	0	0	0	0	0	
84212	Angular_L	276	0	0	0	0	0	0	0	0	0	0	0	0	0	0	0	2558	0	0	0	0	0	0	0	0	0	0	0	736	0	0	0	0	0	0	0	156	0	0	0	0	0	0	0	0	0	0	0	572	0	11014	0	184	0	250	0	536	0	1242	0	10940	0	5402	0	0	0	0	0	164	0	0	0	0	0	0	0	0	0	302	0	2526	0	0	0	3974	0	0	0	1274	0	0	0	0	0	0	0	0	0	0	0	0	0	0	0	0	0	0	0	0	0	0	0	0	0	0	0	
112220	Angular_R	0	1442	0	0	0	0	0	82	0	0	0	304	0	0	0	0	0	334	0	0	0	0	0	0	0	0	0	0	0	160	0	0	0	0	0	0	0	0	0	0	0	0	0	0	0	138	0	0	0	3500	0	6918	0	0	0	128	0	2772	0	6564	0	13056	0	9848	0	0	0	444	0	0	0	0	0	0	0	0	0	0	0	0	0	4650	0	0	0	4694	0	0	0	1076	0	0	0	0	0	0	0	0	0	0	0	0	0	0	0	0	0	0	0	0	0	0	0	0	0	0	
183776	Precuneus_L	392	0	0	0	0	0	0	0	0	0	0	0	0	0	0	0	0	0	0	0	0	0	0	0	0	0	0	0	126	0	0	0	1406	1072	5236	142	2336	0	1964	0	0	0	11976	458	8252	5188	2792	0	8288	1012	7820	0	188	0	1142	0	4262	218	7868	722	448	0	102	0	0	0	0	11162	5812	230	0	0	0	0	0	0	0	0	138	0	0	0	0	0	724	0	0	0	186	0	0	0	0	0	0	0	110	0	116	0	0	0	0	0	0	0	0	0	0	0	0	0	0	0	0	0	
350204	Precuneus_R	130	11670	0	898	0	0	0	622	0	0	0	828	0	0	0	0	0	1078	190	7726	0	0	0	0	0	0	0	0	0	0	0	0	1496	9438	2312	9844	382	3192	318	1580	0	0	540	14246	2562	23220	0	7622	314	14268	0	8254	0	2320	0	2086	0	10484	160	4054	0	418	0	946	0	444	11162	0	306	11980	0	0	0	0	0	0	116	0	0	104	0	1428	0	0	0	2468	0	0	0	3030	0	0	0	0	0	0	0	346	0	0	0	0	0	0	0	0	0	0	0	0	520	0	0	0	0	0	
138880	Paracentral_Lobule_L	8452	1422	354	280	0	0	106	0	0	0	0	0	0	0	0	0	322	0	4692	4234	0	0	0	0	0	0	0	0	272	0	128	0	3112	1504	6690	1236	718	266	106	0	0	0	1982	0	2590	0	234	0	3028	0	5126	0	266	0	624	0	8234	0	212	0	710	0	498	0	164	0	5812	306	0	1710	118	0	278	0	210	0	884	450	202	0	200	0	0	0	1326	0	0	0	382	0	0	0	0	0	0	0	0	0	0	0	0	0	0	0	0	0	0	0	0	0	0	0	0	0	0	0	
134952	Paracentral_Lobule_R	544	11220	0	458	0	0	0	148	0	0	0	238	0	0	0	0	0	628	668	14998	0	0	0	0	0	0	0	0	0	0	0	0	610	7246	1320	6306	0	0	0	0	0	0	0	1066	0	1456	0	818	0	410	0	270	0	0	0	0	0	4076	0	758	0	0	0	114	0	0	230	11980	1710	0	0	0	0	0	0	0	0	0	0	0	0	204	0	0	0	0	0	0	0	0	0	0	0	0	0	0	0	0	0	0	0	0	0	0	0	0	0	0	0	0	0	0	0	0	0	0	
266368	Caudate_L	4552	196	12272	2538	1892	382	5894	132	214	0	1932	94	1166	90	1046	334	1214	0	9014	3258	10040	8088	714	256	888	0	3716	2296	3334	318	9978	3528	258	524	0	0	1044	122	100	0	0	0	0	0	0	0	0	0	0	0	0	0	0	0	92	0	1088	0	0	0	0	0	0	0	0	0	0	0	118	0	0	8746	20408	2868	3356	152	4116	246	278	0	176	0	116	0	0	0	0	0	0	0	0	0	0	0	0	0	0	0	0	0	0	0	0	0	0	0	0	0	0	0	0	0	0	0	0	0	
369272	Caudate_R	762	3220	1104	27240	434	2062	112	1336	0	0	248	1876	226	2036	282	684	130	420	2978	28654	4864	6074	306	8610	0	6956	638	2330	252	4110	2454	22538	0	1278	0	0	0	608	0	392	0	202	0	0	0	0	0	0	0	0	0	0	0	0	0	196	98	0	0	0	0	0	0	0	0	0	0	0	0	0	8746	0	3608	17766	90	2336	358	16022	0	0	0	0	0	0	0	0	0	0	0	0	0	0	0	0	0	0	0	0	0	0	0	0	0	0	0	0	0	0	0	0	0	0	0	0	0	0	
335724	Putamen_L	2950	94	22364	598	5290	92	2302	0	1068	0	2298	0	1450	0	3044	0	2304	0	16310	814	4630	3646	484	186	1746	0	2058	950	19920	164	7756	1014	0	230	0	0	10632	86	1382	0	648	0	0	0	0	0	104	0	0	0	0	0	0	0	4770	0	650	0	0	0	274	0	136	0	0	0	0	0	278	0	20408	3608	0	1426	9468	0	2530	114	684	0	632	0	1138	0	594	0	524	0	3694	0	156	0	0	0	0	0	0	0	164	0	0	0	0	0	0	0	0	0	0	0	0	0	0	0	0	0	
390720	Putamen_R	154	1482	1094	24884	0	5850	142	5998	0	1088	0	5938	0	4916	0	4636	0	2500	1476	13412	1116	1836	646	8754	0	13354	0	2372	0	21336	1780	15046	292	3622	84	94	92	9586	0	4156	0	2566	0	0	0	0	0	134	0	0	0	0	0	0	0	3416	0	0	0	0	0	0	0	0	0	0	0	0	0	0	2868	17766	1426	0	0	4024	0	3114	0	0	0	960	0	532	0	0	0	0	0	228	0	98	0	0	0	0	0	186	0	306	0	0	0	0	0	0	0	0	0	0	0	0	0	0	0	0	
61812	Pallidum_L	654	0	4056	124	0	0	238	0	0	0	144	0	102	0	0	0	274	0	6912	280	204	194	0	0	0	0	0	0	680	0	0	0	0	0	0	0	1448	0	0	0	0	0	0	0	0	0	0	0	0	0	0	0	0	0	0	0	306	0	0	0	0	0	0	0	0	0	0	0	210	0	3356	90	9468	0	0	0	2026	0	140	0	0	0	0	0	0	0	0	0	0	0	0	0	0	0	0	0	0	0	0	0	0	0	0	0	0	0	0	0	0	0	0	0	0	0	0	0	
45644	Pallidum_R	0	700	0	5590	0	0	0	1802	0	0	0	206	0	138	0	0	0	136	0	3294	0	0	0	86	0	0	0	0	0	214	0	138	0	0	0	0	0	1928	0	824	0	0	0	0	0	0	0	0	0	0	0	0	0	0	0	246	0	0	0	0	0	0	0	0	0	0	0	0	0	0	152	2336	0	4024	0	0	0	1008	0	0	0	0	0	0	0	0	0	0	0	0	0	0	0	0	0	0	0	0	0	0	0	0	0	0	0	0	0	0	0	0	0	0	0	0	0	0	
92188	Thalamus_L	2348	1238	1966	1746	0	0	134	144	0	0	362	0	108	0	0	0	260	0	2072	1010	0	0	0	0	0	0	0	0	1904	150	0	0	0	0	1436	2640	4778	2432	1218	1068	0	0	0	0	0	0	152	560	0	0	0	0	0	0	408	90	1012	0	0	0	100	0	0	0	0	0	0	116	884	0	4116	358	2530	0	2026	0	0	5896	0	0	196	0	0	0	0	0	0	0	120	0	0	0	0	0	0	0	0	516	0	0	0	0	0	0	0	0	0	0	0	0	0	0	0	0	0	0	
177064	Thalamus_R	1394	4842	126	21528	0	0	114	722	0	0	0	458	0	0	0	0	0	240	358	15314	0	0	0	0	0	0	0	0	0	842	0	132	0	84	814	2168	778	5690	262	2788	0	0	0	0	0	0	0	794	0	0	0	0	0	0	0	1198	0	0	0	0	0	0	0	0	0	0	0	0	450	0	246	16022	114	3114	0	1008	5896	0	0	0	0	300	0	0	0	0	0	0	0	178	0	0	0	0	0	0	0	558	0	0	0	0	0	0	0	0	0	0	0	0	0	0	0	0	0	0	
122356	Heschl_L	6864	0	1166	0	0	0	880	0	0	0	1640	0	1036	0	0	0	6964	0	242	0	0	0	0	0	0	0	0	0	8774	0	0	0	0	0	0	0	4626	0	200	0	0	0	750	0	0	0	270	0	0	0	2396	0	1730	0	3514	0	5968	0	0	0	442	0	220	0	302	0	138	0	202	0	278	0	684	0	140	0	0	0	0	0	7818	0	1426	0	1436	0	0	0	1072	0	0	0	0	0	0	0	0	0	0	0	0	0	0	0	0	0	0	0	0	0	0	0	0	0	0	0	
33684	Heschl_R	0	138	0	360	0	0	0	170	0	0	0	184	0	0	0	0	0	1636	0	86	0	0	0	0	0	0	0	0	0	1270	0	0	0	0	0	0	0	1298	0	390	0	0	0	0	0	0	0	0	0	0	0	0	0	180	0	1068	0	82	0	0	0	0	0	0	0	0	0	104	0	0	0	0	0	0	0	0	0	0	0	0	0	6838	0	0	0	1996	0	0	0	1042	0	0	0	0	0	0	0	0	0	0	0	0	0	0	0	0	0	0	0	0	0	0	0	0	0	0	
233708	Temporal_Sup_L	4176	0	2696	0	0	0	1416	0	0	0	5022	0	1234	0	0	0	12852	0	354	0	0	0	0	0	0	0	0	0	8820	0	0	0	0	0	0	0	1952	0	176	0	0	0	0	0	118	0	114	0	396	0	1774	0	372	0	3478	0	6624	0	0	0	1982	0	6402	0	2526	0	0	0	200	0	176	0	632	0	0	0	196	0	7818	0	0	0	7798	0	25102	0	0	0	12448	0	0	0	0	0	0	0	0	0	0	0	0	0	0	0	0	0	0	0	0	0	0	0	0	0	0	0	
163048	Temporal_Sup_R	0	748	0	370	0	0	0	94	0	0	0	234	0	100	0	634	0	4318	0	274	0	0	0	0	0	0	0	0	0	4788	0	0	0	112	0	122	0	4204	0	1692	0	0	0	0	0	446	0	112	0	2612	0	1468	0	530	0	5330	0	1512	0	266	0	1930	0	6756	0	4650	0	1428	0	204	0	0	0	960	0	0	0	300	0	6838	0	0	0	3082	0	17394	0	126	0	7890	0	0	0	0	0	0	0	0	0	0	0	0	0	0	0	0	0	0	0	0	0	0	0	0	0	0	
129428	Temporal_Pole_Sup_L	2006	0	2418	0	634	0	852	0	524	0	5116	0	1044	0	2028	0	5922	0	98	0	816	0	0	0	0	0	0	0	8090	0	0	0	0	0	0	0	910	0	332	0	650	0	0	0	0	0	0	0	0	0	0	0	0	0	1944	0	1510	0	0	0	0	0	0	0	0	0	0	0	0	0	116	0	1138	0	0	0	0	0	1426	0	7798	0	0	0	7252	0	4550	0	7540	0	0	0	0	0	0	0	0	0	0	0	0	0	0	0	0	0	0	0	0	0	0	0	0	0	0	0	
67224	Temporal_Pole_Sup_R	0	0	0	800	0	0	0	100	0	0	0	1116	0	174	0	1620	0	1818	0	714	0	190	0	0	0	0	0	0	0	2506	0	180	0	314	0	0	0	1562	0	1878	0	2914	0	0	0	0	0	0	0	0	0	0	0	0	0	6132	0	0	0	0	0	0	0	0	0	0	0	0	0	0	0	0	0	532	0	0	0	0	0	0	0	3082	0	0	0	1558	0	3214	0	3208	0	0	0	0	0	0	0	0	0	0	0	0	0	0	0	0	0	0	0	0	0	0	0	0	0	0	
223412	Temporal_Mid_L	190	0	0	0	0	0	0	0	0	0	0	0	0	0	0	0	652	0	0	0	0	0	0	0	0	0	0	0	2408	0	0	0	0	0	0	0	640	0	0	0	0	0	1182	0	274	0	320	0	546	0	14984	0	2492	0	2202	0	1938	0	100	0	926	0	3412	0	3974	0	724	0	1326	0	0	0	594	0	0	0	0	0	1436	0	25102	0	7252	0	0	0	4488	0	34544	0	0	0	0	0	0	0	0	0	0	0	0	0	0	0	0	0	0	0	0	0	0	0	0	0	0	0	
179528	Temporal_Mid_R	0	826	0	168	0	0	0	102	0	0	0	92	0	0	0	0	0	420	0	0	0	0	0	0	0	0	0	0	0	728	0	0	0	0	0	0	0	990	0	280	0	198	0	2856	0	1024	0	232	0	2754	0	12238	0	2144	0	8454	0	678	0	0	0	1480	0	2166	0	4694	0	2468	0	0	0	0	0	0	0	0	0	0	0	1996	0	17394	0	1558	0	0	0	1138	0	22540	0	0	0	0	0	0	0	0	0	146	0	0	0	0	0	0	0	0	0	0	0	0	0	0	0	0	
35432	Temporal_Pole_Mid_L	0	0	0	0	0	0	0	0	0	0	0	0	0	0	0	0	0	0	0	0	0	0	0	0	0	0	0	0	882	0	0	0	0	0	0	0	310	0	0	0	92	0	0	0	0	0	0	0	0	0	0	0	0	0	1680	0	0	0	0	0	0	0	0	0	0	0	0	0	0	0	0	0	524	0	0	0	0	0	0	0	0	0	4550	0	4488	0	0	0	5190	0	0	0	0	0	0	0	0	0	0	0	0	0	0	0	0	0	0	0	0	0	0	0	0	0	0	0	
21788	Temporal_Pole_Mid_R	0	0	0	0	0	0	0	0	0	0	0	0	0	0	0	0	0	0	0	0	0	0	0	0	0	0	0	0	0	0	0	0	0	0	0	0	0	718	0	314	0	700	0	0	0	0	0	0	0	0	0	0	0	0	0	2402	0	0	0	0	0	0	0	0	0	0	0	0	0	0	0	0	0	0	0	0	0	0	0	0	0	126	0	3214	0	1138	0	0	0	2282	0	0	0	0	0	0	0	0	0	0	0	0	0	0	0	0	0	0	0	0	0	0	0	0	0	0	
243112	Temporal_Inf_L	172	0	432	0	0	0	0	0	0	0	0	0	0	0	0	0	1158	0	362	0	82	0	0	0	0	0	0	0	6566	0	0	0	0	0	0	0	9272	0	498	0	484	0	402	0	260	0	152	0	832	0	7466	0	4430	0	17278	0	284	0	0	0	458	0	700	0	1274	0	186	0	382	0	0	0	3694	0	0	0	120	0	1072	0	12448	0	7540	0	34544	0	5190	0	0	0	2468	0	256	0	0	0	146	0	840	0	108	0	0	0	0	0	0	0	0	0	0	0	0	0	0	0	
201560	Temporal_Inf_R	0	856	0	120	0	0	0	0	0	0	0	0	0	0	0	0	0	154	0	0	0	0	0	0	0	0	0	0	0	984	0	0	0	0	0	0	0	4680	0	1720	0	1338	0	3420	0	388	0	2718	0	1518	0	3474	0	12374	0	22678	0	746	0	0	0	482	0	668	0	1076	0	3030	0	0	0	0	0	228	0	0	0	178	0	1042	0	7890	0	3208	0	22540	0	2282	0	0	0	530	0	0	0	0	0	122	0	336	0	0	0	0	0	0	0	0	0	0	0	0	0	0	0	0	
344200	Cerebelum_Crus1_L	0	0	0	0	0	0	0	0	0	0	0	0	0	0	0	0	0	0	0	0	0	0	0	0	0	0	0	0	0	0	0	0	0	0	0	0	282	0	730	0	0	0	112	0	0	0	7774	796	0	0	260	0	142	0	18842	112	0	0	0	0	0	0	0	0	0	0	0	0	0	0	0	0	156	0	0	0	0	0	0	0	0	0	0	0	0	0	0	0	2468	0	0	1986	25852	1718	680	110	16408	252	46706	2226	13130	740	14588	744	2714	324	188	0	0	168	1164	3386	4844	920	936	642	
332124	Cerebelum_Crus1_R	0	0	0	0	0	0	0	0	0	0	0	0	0	0	0	0	0	0	0	0	0	0	0	0	0	0	0	0	0	0	0	0	0	0	0	0	0	652	0	1054	0	92	0	0	0	0	764	4100	0	0	0	0	0	132	178	11354	0	0	0	0	0	0	0	0	0	0	0	0	0	0	0	0	0	98	0	0	0	0	0	0	0	0	0	0	0	0	0	0	0	530	1986	0	1954	26166	86	3412	1428	21496	2614	50014	168	4054	184	11956	106	520	0	174	0	1982	6602	4704	6248	680	426	148	
260948	Cerebelum_Crus2_L	0	0	0	0	0	0	0	0	0	0	0	0	0	0	0	0	0	0	0	0	0	0	0	0	0	0	0	0	0	0	0	0	0	0	0	0	0	0	0	0	0	0	0	0	0	0	1240	260	0	0	0	0	0	0	1028	0	0	0	0	0	0	0	0	0	0	0	0	0	0	0	0	0	0	0	0	0	0	0	0	0	0	0	0	0	0	0	0	0	256	0	25852	1954	0	10686	0	0	966	0	7810	862	28838	5198	22170	4022	1228	192	138	0	0	0	226	906	12554	3396	426	266	
283756	Cerebelum_Crus2_R	0	0	0	0	0	0	0	0	0	0	0	0	0	0	0	0	0	0	0	0	0	0	0	0	0	0	0	0	0	0	0	0	0	0	0	0	0	168	0	306	0	0	0	0	0	0	190	686	0	0	0	0	0	0	0	1412	0	0	0	0	0	0	0	0	0	0	0	0	0	0	0	0	0	0	0	0	0	0	0	0	0	0	0	0	0	0	0	0	0	0	1718	26166	10686	0	0	1244	300	4552	766	14402	7152	16840	5584	26424	690	1028	0	350	0	828	1478	920	13622	3242	818	306	
23308	Cerebelum_3_L	0	0	0	0	0	0	0	0	0	0	0	0	0	0	0	0	0	0	0	0	0	0	0	0	0	0	0	0	0	0	0	0	0	0	0	0	0	0	0	0	0	0	0	0	0	0	192	160	0	0	0	0	0	0	258	0	0	0	0	0	0	0	0	0	0	0	0	0	0	0	0	0	0	0	0	0	0	0	0	0	0	0	0	0	0	0	0	0	0	0	680	86	0	0	0	116	4910	0	1070	122	0	0	326	0	736	0	222	0	448	1280	824	120	104	0	0	0	
59876	Cerebelum_3_R	0	0	0	0	0	0	0	0	0	0	0	0	0	0	0	0	0	0	0	0	0	0	0	0	0	0	0	0	0	0	0	0	0	0	0	0	0	150	0	240	0	0	0	0	0	0	130	114	0	0	0	0	0	0	0	162	0	0	0	0	0	0	0	0	0	0	0	0	0	0	0	0	0	0	0	0	0	0	0	0	0	0	0	0	0	0	0	0	0	0	110	3412	0	1244	116	0	1022	6426	216	5990	0	0	0	810	0	684	0	0	254	5362	1982	160	628	444	282	0	
225324	Cerebelum_4_5_L	0	0	0	0	0	0	0	0	0	0	0	0	0	0	0	0	0	0	0	0	0	0	0	0	0	0	0	0	0	0	0	0	0	0	0	0	252	0	1802	0	0	0	0	0	0	0	11868	1904	0	0	0	0	0	0	12524	350	0	0	0	0	0	0	0	0	0	0	110	0	0	0	0	0	0	0	0	0	0	0	0	0	0	0	0	0	0	0	0	0	146	0	16408	1428	966	300	4910	1022	0	1666	28942	2462	814	0	2048	364	2268	712	234	0	782	2082	9724	3840	930	362	546	896	
232760	Cerebelum_4_5_R	84	0	0	0	0	0	0	0	0	0	0	0	0	0	0	0	0	0	0	0	0	0	0	0	0	0	0	0	0	0	0	0	0	0	844	1046	790	2930	502	3762	0	84	0	0	0	0	758	7032	0	0	0	0	0	182	104	8368	0	0	0	0	0	0	0	0	0	0	0	346	0	0	0	0	0	186	0	0	516	558	0	0	0	0	0	0	0	0	0	0	0	122	252	21496	0	4552	0	6426	1666	0	470	31354	0	452	0	2346	0	746	0	258	0	4026	11040	742	1266	612	462	0	
341248	Cerebelum_6_L	0	0	0	0	0	0	0	0	0	0	0	0	0	0	0	0	0	0	0	0	0	0	0	0	0	0	0	0	0	0	0	0	0	0	0	0	346	0	1640	0	0	0	158	0	0	0	14824	2150	0	0	322	0	166	84	25920	510	0	0	0	0	0	0	0	0	0	0	116	0	0	0	0	0	164	0	0	0	0	0	0	0	0	0	0	0	0	0	0	0	840	0	46706	2614	7810	766	1070	216	28942	470	0	4088	4612	198	5678	326	2756	328	326	0	126	258	4256	7408	3108	498	496	328	
365832	Cerebelum_6_R	0	0	0	0	0	0	0	0	0	0	0	0	0	0	0	0	0	0	0	0	0	0	0	0	0	0	0	0	0	0	0	0	0	0	0	0	0	1488	0	1830	0	136	0	0	0	0	1464	8462	0	0	0	0	0	646	184	15696	0	0	0	0	0	0	0	0	0	0	0	0	0	0	0	0	0	306	0	0	0	0	0	0	0	0	0	0	0	146	0	0	0	336	2226	50014	862	14402	122	5990	2462	31354	4088	0	108	1360	146	7344	400	1224	0	614	0	3360	11688	7244	5404	946	650	214	
216892	Cerebelum_7b_L	0	0	0	0	0	0	0	0	0	0	0	0	0	0	0	0	0	0	0	0	0	0	0	0	0	0	0	0	0	0	0	0	0	0	0	0	0	0	106	0	0	0	0	0	0	0	0	0	0	0	0	0	0	0	590	0	0	0	0	0	0	0	0	0	0	0	0	0	0	0	0	0	0	0	0	0	0	0	0	0	0	0	0	0	0	0	0	0	108	0	13130	168	28838	7152	0	0	814	0	4612	108	0	4538	27980	3782	2498	170	590	0	0	0	0	88	8398	4340	318	118	
127732	Cerebelum_7b_R	0	0	0	0	0	0	0	0	0	0	0	0	0	0	0	0	0	0	0	0	0	0	0	0	0	0	0	0	0	0	0	0	0	0	0	0	0	0	0	0	0	0	0	0	0	0	0	0	0	0	0	0	0	0	0	214	0	0	0	0	0	0	0	0	0	0	0	0	0	0	0	0	0	0	0	0	0	0	0	0	0	0	0	0	0	0	0	0	0	0	740	4054	5198	16840	0	0	0	452	198	1360	4538	0	4226	16658	308	202	0	0	0	0	98	100	5906	2670	104	0	
256216	Cerebelum_8_L	0	0	0	0	0	0	0	0	0	0	0	0	0	0	0	0	0	0	0	0	0	0	0	0	0	0	0	0	0	0	0	0	0	0	0	0	0	0	114	0	0	0	0	0	0	0	138	0	0	0	0	0	0	0	726	0	0	0	0	0	0	0	0	0	0	0	0	0	0	0	0	0	0	0	0	0	0	0	0	0	0	0	0	0	0	0	0	0	0	0	14588	184	22170	5584	326	0	2048	0	5678	146	27980	4226	0	6072	16376	1318	2142	96	0	0	132	100	7426	8112	2058	368	
242820	Cerebelum_8_R	0	0	0	0	0	0	0	0	0	0	0	0	0	0	0	0	0	0	0	0	0	0	0	0	0	0	0	0	0	0	0	0	0	0	0	0	0	0	0	0	0	0	0	0	0	0	0	256	0	0	0	0	0	0	0	702	0	0	0	0	0	0	0	0	0	0	0	0	0	0	0	0	0	0	0	0	0	0	0	0	0	0	0	0	0	0	0	0	0	0	744	11956	4022	26424	0	810	364	2346	326	7344	3782	16658	6072	0	1430	12908	0	1074	0	554	944	800	10030	7772	3290	802	
96440	Cerebelum_9_L	0	0	0	0	0	0	0	0	0	0	0	0	0	0	0	0	0	0	0	0	0	0	0	0	0	0	0	0	0	0	0	0	0	0	0	0	0	0	136	0	0	0	0	0	0	0	222	0	0	0	0	0	0	0	340	0	0	0	0	0	0	0	0	0	0	0	0	0	0	0	0	0	0	0	0	0	0	0	0	0	0	0	0	0	0	0	0	0	0	0	2714	106	1228	690	736	0	2268	0	2756	400	2498	308	16376	1430	0	1886	3334	156	130	0	892	1514	1346	2768	3028	958	
97752	Cerebelum_9_R	0	0	0	0	0	0	0	0	0	0	0	0	0	0	0	0	0	0	0	0	0	0	0	0	0	0	0	0	0	0	0	0	0	0	0	0	0	0	0	0	0	0	0	0	0	0	306	158	0	0	0	0	0	0	0	0	0	0	0	0	0	0	0	0	0	0	0	0	0	0	0	0	0	0	0	0	0	0	0	0	0	0	0	0	0	0	0	0	0	0	324	520	192	1028	0	684	712	746	328	1224	170	202	1318	12908	1886	0	0	2222	300	710	1680	2286	3462	5760	6906	2844	
14716	Cerebelum_10_L	0	0	0	0	0	0	0	0	0	0	0	0	0	0	0	0	0	0	0	0	0	0	0	0	0	0	0	0	0	0	0	0	0	0	0	0	0	0	92	0	0	0	0	0	0	0	0	0	0	0	0	0	0	0	92	0	0	0	0	0	0	0	0	0	0	0	0	0	0	0	0	0	0	0	0	0	0	0	0	0	0	0	0	0	0	0	0	0	0	0	188	0	138	0	222	0	234	0	326	0	590	0	2142	0	3334	0	0	0	0	0	0	0	0	0	0	0	
16964	Cerebelum_10_R	0	0	0	0	0	0	0	0	0	0	0	0	0	0	0	0	0	0	0	0	0	0	0	0	0	0	0	0	0	0	0	0	0	0	0	0	0	0	0	0	0	0	0	0	0	0	0	0	0	0	0	0	0	0	0	0	0	0	0	0	0	0	0	0	0	0	0	0	0	0	0	0	0	0	0	0	0	0	0	0	0	0	0	0	0	0	0	0	0	0	0	174	0	350	0	0	0	258	0	614	0	0	96	1074	156	2222	0	0	0	0	150	116	1006	1030	1154	82	
15700	Vermis_1_2	0	0	0	0	0	0	0	0	0	0	0	0	0	0	0	0	0	0	0	0	0	0	0	0	0	0	0	0	0	0	0	0	0	0	0	0	0	0	0	0	0	0	0	0	0	0	124	0	0	0	0	0	0	0	0	0	0	0	0	0	0	0	0	0	0	0	0	0	0	0	0	0	0	0	0	0	0	0	0	0	0	0	0	0	0	0	0	0	0	0	0	0	0	0	448	254	782	0	126	0	0	0	0	0	130	300	0	0	0	3630	1316	110	96	148	136	250	
59576	Vermis_3	0	0	0	0	0	0	0	0	0	0	0	0	0	0	0	0	0	0	0	0	0	0	0	0	0	0	0	0	0	0	0	0	0	0	0	0	0	0	186	0	0	0	0	0	0	0	314	220	0	0	0	0	0	0	0	154	0	0	0	0	0	0	0	0	0	0	0	0	0	0	0	0	0	0	0	0	0	0	0	0	0	0	0	0	0	0	0	0	0	0	168	1982	0	828	1280	5362	2082	4026	258	3360	0	0	0	554	0	710	0	0	3630	0	3278	136	420	368	278	194	
162872	Vermis_4_5	0	0	0	0	0	0	0	0	0	0	0	0	0	0	0	0	0	0	0	0	0	0	0	0	0	0	0	0	0	0	0	0	0	0	0	304	0	394	0	134	0	0	0	86	0	0	3878	5460	0	0	0	0	0	172	648	2214	0	0	0	0	0	0	0	0	0	0	0	520	0	0	0	0	0	0	0	0	0	0	0	0	0	0	0	0	0	0	0	0	0	0	1164	6602	226	1478	824	1982	9724	11040	4256	11688	0	98	132	944	892	1680	0	150	1316	3278	0	5628	746	612	1114	2052	
118628	Vermis_6	0	0	0	0	0	0	0	0	0	0	0	0	0	0	0	0	0	0	0	0	0	0	0	0	0	0	0	0	0	0	0	0	0	0	0	0	0	0	0	0	0	0	0	0	0	0	2964	3602	0	0	0	0	0	184	400	1028	0	0	0	0	0	0	0	0	0	0	0	0	0	0	0	0	0	0	0	0	0	0	0	0	0	0	0	0	0	0	0	0	0	0	3386	4704	906	920	120	160	3840	742	7408	7244	88	100	100	800	1514	2286	0	116	110	136	5628	0	4798	1364	2032	2634	
219292	Vermis_7	0	0	0	0	0	0	0	0	0	0	0	0	0	0	0	0	0	0	0	0	0	0	0	0	0	0	0	0	0	0	0	0	0	0	0	0	0	0	0	0	0	0	0	0	0	0	900	1408	0	0	0	0	0	0	214	546	0	0	0	0	0	0	0	0	0	0	0	0	0	0	0	0	0	0	0	0	0	0	0	0	0	0	0	0	0	0	0	0	0	0	4844	6248	12554	13622	104	628	930	1266	3108	5404	8398	5906	7426	10030	1346	3462	0	1006	96	420	746	4798	0	8264	4312	1660	
