data	data	653324	323796	1.13069e+06	952784	165376	154916	652412	448936	120848	51004	500400	347020	471888	333048	208640	206836	280072	116636	955768	827248	121620	95960	501908	505188	45792	131596	108300	113168	901412	525516	384232	620168	282268	613580	135876	143960	275396	299420	91052	115088	35508	42704	240592	263512	172356	270460	211012	353968	195420	289068	470592	261360	143432	141500	370816	460356	446816	256256	165544	190684	293256	180568	173880	138020	178544	145128	235548	331556	263788	216000	223056	357184	330016	330876	54232	59372	114860	134936	103024	40748	326864	142052	179880	52736	334224	198832	23720	16120	285768	163516	393892	356080	279528	260136	23544	51540	229624	174320	375340	374896	174304	72760	226132	234300	66952	111064	21856	10620	18348	50160	215808	202912	212968	117524	88400	36808	
data	data	Precentral_L	Precentral_R	Frontal_Sup_L	Frontal_Sup_R	Frontal_Sup_Orb_L	Frontal_Sup_Orb_R	Frontal_Mid_L	Frontal_Mid_R	Frontal_Mid_Orb_L	Frontal_Mid_Orb_R	Frontal_Inf_Oper_L	Frontal_Inf_Oper_R	Frontal_Inf_Tri_L	Frontal_Inf_Tri_R	Frontal_Inf_Orb_L	Frontal_Inf_Orb_R	Rolandic_Oper_L	Rolandic_Oper_R	Supp_Motor_Area_L	Supp_Motor_Area_R	Olfactory_L	Olfactory_R	Frontal_Sup_Medial_L	Frontal_Sup_Medial_R	Frontal_Med_Orb_L	Frontal_Med_Orb_R	Rectus_L	Rectus_R	Insula_L	Insula_R	Cingulum_Ant_L	Cingulum_Ant_R	Cingulum_Mid_L	Cingulum_Mid_R	Cingulum_Post_L	Cingulum_Post_R	Hippocampus_L	Hippocampus_R	ParaHippocampal_L	ParaHippocampal_R	Amygdala_L	Amygdala_R	Calcarine_L	Calcarine_R	Cuneus_L	Cuneus_R	Lingual_L	Lingual_R	Occipital_Sup_L	Occipital_Sup_R	Occipital_Mid_L	Occipital_Mid_R	Occipital_Inf_L	Occipital_Inf_R	Fusiform_L	Fusiform_R	Postcentral_L	Postcentral_R	Parietal_Sup_L	Parietal_Sup_R	Parietal_Inf_L	Parietal_Inf_R	SupraMarginal_L	SupraMarginal_R	Angular_L	Angular_R	Precuneus_L	Precuneus_R	Paracentral_Lobule_L	Paracentral_Lobule_R	Caudate_L	Caudate_R	Putamen_L	Putamen_R	Pallidum_L	Pallidum_R	Thalamus_L	Thalamus_R	Heschl_L	Heschl_R	Temporal_Sup_L	Temporal_Sup_R	Temporal_Pole_Sup_L	Temporal_Pole_Sup_R	Temporal_Mid_L	Temporal_Mid_R	Temporal_Pole_Mid_L	Temporal_Pole_Mid_R	Temporal_Inf_L	Temporal_Inf_R	Cerebelum_Crus1_L	Cerebelum_Crus1_R	Cerebelum_Crus2_L	Cerebelum_Crus2_R	Cerebelum_3_L	Cerebelum_3_R	Cerebelum_4_5_L	Cerebelum_4_5_R	Cerebelum_6_L	Cerebelum_6_R	Cerebelum_7b_L	Cerebelum_7b_R	Cerebelum_8_L	Cerebelum_8_R	Cerebelum_9_L	Cerebelum_9_R	Cerebelum_10_L	Cerebelum_10_R	Vermis_1_2	Vermis_3	Vermis_4_5	Vermis_6	Vermis_7	Vermis_8	Vermis_9	Vermis_10	
653324	Precentral_L	0	4630	23678	2080	0	0	34644	270	0	0	27108	0	15862	0	434	0	11494	0	10330	6650	0	0	134	0	0	0	0	0	23126	100	0	312	656	1960	1982	1492	9766	546	1802	102	0	0	0	454	126	146	0	154	258	482	1216	178	162	0	1308	166	44306	3252	1202	774	5996	1664	2718	2312	864	0	580	1166	25802	5240	3532	1280	8832	152	3944	84	12264	906	6786	0	5686	0	472	0	1384	0	0	0	1656	0	0	0	0	0	0	0	0	0	0	0	0	0	0	0	0	0	0	0	0	0	0	0	0	0	0	0	
323796	Precentral_R	4630	0	656	12210	0	0	88	9758	0	0	84	10296	0	354	0	0	0	6008	736	6092	0	120	0	0	0	0	0	0	270	3814	0	0	140	356	986	504	0	4076	0	692	0	0	102	878	0	758	0	172	254	888	1346	632	0	352	0	780	3758	22712	486	446	1510	1930	176	3500	648	0	218	1486	4862	8312	318	11486	0	2376	0	610	1246	26532	132	406	0	164	0	86	214	90	0	0	162	0	0	0	0	0	0	0	0	0	0	0	0	0	0	0	0	0	0	0	0	0	0	0	0	0	0	0	
1.13069e+06	Frontal_Sup_L	23678	656	0	15372	7480	0	79220	6622	3250	0	28568	3370	28790	2642	8014	0	14412	100	83808	20516	574	0	44014	10484	810	392	942	0	50672	3290	13504	9754	10860	8912	168	0	3682	200	690	0	0	0	0	0	84	0	0	0	118	0	178	0	0	0	1148	0	9522	370	480	0	798	0	212	176	0	0	308	0	3446	588	9444	7786	16902	1406	5316	436	4642	0	548	0	7732	0	5966	94	1012	0	0	0	1186	0	0	0	0	0	0	0	0	0	0	0	0	0	0	0	0	0	0	0	0	0	0	0	0	0	0	0	
952784	Frontal_Sup_R	2080	12210	15372	0	218	12182	3268	54280	0	3010	274	15892	340	17428	0	13736	216	3406	20648	56876	0	690	16338	44754	256	6626	0	4208	960	25588	10972	36858	4446	27108	350	116	312	4290	0	520	0	126	0	0	0	0	0	0	0	0	0	0	0	276	220	1230	386	3806	0	392	0	126	0	606	0	0	0	490	1248	312	2636	17832	1066	18144	0	4596	0	6054	0	112	100	396	0	136	0	0	0	0	190	84	0	0	0	0	0	0	0	0	0	0	0	0	0	0	0	0	0	0	0	0	0	0	0	0	0	0	
165376	Frontal_Sup_Orb_L	0	0	7480	218	0	88	1604	0	17736	0	190	0	1542	0	13186	0	0	0	444	0	4126	0	4582	1218	4712	586	8248	128	7630	0	5914	584	0	0	0	0	0	0	0	0	0	0	0	0	0	0	0	0	0	0	0	0	0	0	0	0	0	0	0	0	0	0	0	0	0	0	0	0	0	0	0	0	1352	0	0	0	0	0	0	0	0	0	1120	0	0	0	0	0	0	0	0	0	0	0	0	0	0	0	0	0	0	0	0	0	0	0	0	0	0	0	0	0	0	0	0	0	
154916	Frontal_Sup_Orb_R	0	0	0	12182	88	0	0	2054	0	6874	0	0	0	970	0	14118	0	0	0	0	134	1786	296	8170	198	9764	130	7274	0	4630	518	4650	0	180	0	0	0	584	0	234	0	94	0	0	0	0	0	0	0	0	0	0	0	0	0	110	0	0	0	0	0	0	0	0	0	0	0	0	0	0	0	270	0	1892	0	258	0	0	0	0	0	0	0	0	0	0	0	0	0	0	0	0	0	0	0	0	0	0	0	0	0	0	0	0	0	0	0	0	0	0	0	0	0	0	0	0	
652412	Frontal_Mid_L	34644	88	79220	3268	1604	0	0	580	3740	0	28176	512	45870	494	9550	0	2906	0	15904	3254	0	0	12368	1564	0	0	0	0	31762	580	1322	1600	3586	2002	0	0	2722	0	734	0	0	0	0	0	0	0	0	0	0	0	0	0	0	0	412	0	6936	0	166	0	1370	0	278	0	0	0	224	0	1298	276	4244	2798	5686	312	3478	0	6478	0	1006	0	964	0	1708	0	134	0	0	0	388	0	0	0	0	0	0	0	0	0	0	0	0	0	0	0	0	0	0	0	0	0	0	0	0	0	0	0	
448936	Frontal_Mid_R	270	9758	6622	54280	0	2054	580	0	0	1982	104	18164	166	23952	0	6112	0	3510	8652	11064	0	0	1900	7220	0	174	0	122	240	14898	1350	5628	894	5056	186	0	0	4612	0	300	0	0	0	550	0	142	0	0	0	198	0	310	0	754	0	1140	178	6524	0	408	0	1724	0	3292	0	0	0	548	158	0	400	2930	0	11220	0	2888	0	648	0	0	0	304	0	88	0	108	0	0	0	106	0	0	0	0	0	0	0	0	0	0	0	0	0	0	0	0	0	0	0	0	0	0	0	0	0	0	
120848	Frontal_Mid_Orb_L	0	0	3250	0	17736	0	3740	0	0	0	154	0	2098	0	19534	0	0	0	328	0	1860	0	132	0	496	0	3496	0	5264	0	304	0	0	0	0	0	0	0	0	0	0	0	0	0	0	0	0	0	0	0	0	0	0	0	0	0	0	0	0	0	0	0	0	0	0	0	0	0	0	0	0	0	162	0	0	0	0	0	0	0	0	0	1870	0	0	0	0	0	0	0	0	0	0	0	0	0	0	0	0	0	0	0	0	0	0	0	0	0	0	0	0	0	0	0	0	0	
51004	Frontal_Mid_Orb_R	0	0	0	3010	0	6874	0	1982	0	0	0	0	0	970	0	10650	0	0	98	84	0	0	0	350	0	390	0	276	0	430	0	232	0	156	0	0	0	0	0	0	0	0	0	0	0	0	0	0	0	0	0	0	0	0	0	0	0	0	0	0	0	0	0	0	0	0	0	0	0	0	0	0	0	0	0	0	0	0	0	0	0	0	0	0	0	0	0	0	0	0	0	0	0	0	0	0	0	0	0	0	0	0	0	0	0	0	0	0	0	0	0	0	0	0	0	0	
500400	Frontal_Inf_Oper_L	27108	84	28568	274	190	0	28176	104	154	0	0	96	45816	98	2258	0	12874	0	20522	504	0	0	212	0	0	0	0	0	40954	124	0	174	176	224	0	0	1386	0	0	0	0	0	0	0	0	0	0	0	0	0	0	0	0	0	654	0	11052	0	0	0	690	0	672	0	0	0	0	0	0	130	864	516	5754	214	0	0	378	0	464	0	7196	0	9724	0	1124	0	0	0	692	0	0	0	0	0	0	0	0	0	0	0	0	0	0	0	0	0	0	0	0	0	0	0	0	0	0	0	
347020	Frontal_Inf_Oper_R	0	10296	3370	15892	0	0	512	18164	0	0	96	0	218	28952	0	268	0	7488	4756	12822	0	0	1078	1198	0	0	0	0	204	30282	1554	3144	346	2106	0	0	0	2878	0	192	0	0	0	1028	0	676	0	0	0	862	0	748	0	818	0	1346	0	7112	0	208	0	1138	0	1012	0	0	0	1116	0	0	336	2768	106	6140	0	318	0	0	0	484	0	336	0	788	0	208	0	0	0	146	0	0	0	0	0	0	0	0	0	0	0	0	0	0	0	0	0	0	0	0	0	0	0	0	0	0	
471888	Frontal_Inf_Tri_L	15862	0	28790	340	1542	0	45870	166	2098	0	45816	218	0	132	13922	0	1850	0	15554	1052	0	0	708	118	0	0	0	0	42932	248	248	486	352	458	0	0	390	0	0	0	0	0	0	0	0	0	0	0	0	0	0	0	0	0	254	0	3192	0	0	0	294	0	106	0	0	0	0	0	0	0	430	930	5716	322	0	0	0	0	84	0	806	0	4130	0	196	0	0	0	332	0	0	0	0	0	0	0	0	0	0	0	0	0	0	0	0	0	0	0	0	0	0	0	0	0	0	0	
333048	Frontal_Inf_Tri_R	0	354	2642	17428	0	970	494	23952	0	970	98	28952	132	0	0	10672	0	870	4114	9320	0	0	1690	4280	0	252	0	198	122	31770	1894	7312	368	3492	0	0	0	2732	0	140	0	0	0	0	0	0	0	0	0	0	0	0	0	280	0	784	0	184	0	0	0	0	0	0	0	0	0	0	0	0	408	2958	130	6186	0	284	0	0	0	0	0	0	0	0	0	0	0	0	0	92	0	0	0	0	0	0	0	0	0	0	0	0	0	0	0	0	0	0	0	0	0	0	0	0	0	0	
208640	Frontal_Inf_Orb_L	434	0	8014	0	13186	0	9550	0	19534	0	2258	0	13922	0	0	0	144	0	2486	232	4094	0	362	0	0	0	1560	0	17690	0	88	90	140	110	0	0	468	0	126	0	272	0	0	0	0	0	0	0	0	0	0	0	0	0	394	0	0	0	0	0	0	0	0	0	0	0	0	0	0	0	294	154	1530	0	0	0	0	0	0	0	588	0	5996	0	132	0	0	0	472	0	0	0	0	0	0	0	0	0	0	0	0	0	0	0	0	0	0	0	0	0	0	0	0	0	0	0	
206836	Frontal_Inf_Orb_R	0	0	0	13736	0	14118	0	6112	0	10650	0	268	0	10672	0	0	0	0	356	546	0	930	534	8666	100	5714	0	1704	0	15774	402	6938	114	754	0	0	0	734	0	300	0	198	0	0	0	0	0	0	0	0	0	0	0	0	0	146	0	0	0	0	0	0	0	0	0	0	0	0	0	0	0	0	0	3154	0	590	0	0	0	0	0	0	0	122	0	86	0	0	0	0	0	0	0	0	0	0	0	0	0	0	0	0	0	0	0	0	0	0	0	0	0	0	0	0	0	0	
280072	Rolandic_Oper_L	11494	0	14412	216	0	0	2906	0	0	0	12874	0	1850	0	144	0	0	0	11978	498	0	0	0	0	0	0	0	0	23366	0	0	0	0	306	148	0	818	0	148	0	0	0	200	0	0	0	0	0	0	0	1240	0	148	0	998	0	13394	0	0	0	264	0	7806	0	150	0	212	0	158	336	856	144	1458	84	146	0	246	0	4172	0	16846	0	5466	0	3210	0	0	0	1344	0	0	0	0	0	0	0	0	0	0	0	0	0	0	0	0	0	0	0	0	0	0	0	0	0	0	0	
116636	Rolandic_Oper_R	0	6008	100	3406	0	0	0	3510	0	0	0	7488	0	870	0	0	0	0	84	862	0	0	0	0	0	0	0	0	0	11790	0	0	0	0	110	144	0	1678	0	0	0	0	0	354	0	442	0	94	0	516	0	284	0	126	0	858	0	5892	0	126	0	0	0	1568	0	0	0	800	0	0	0	182	0	2070	0	0	0	0	0	2298	0	4354	0	1790	0	230	0	0	0	284	0	0	0	0	0	0	0	0	0	0	0	0	0	0	0	0	0	0	0	0	0	0	0	0	0	0	
955768	Supp_Motor_Area_L	10330	736	83808	20648	444	0	15904	8652	328	98	20522	4756	15554	4114	2486	356	11978	84	0	59840	0	0	15568	8948	0	110	0	88	38124	5252	4682	10666	18544	31828	292	106	1646	316	0	0	0	0	0	0	200	0	0	0	172	0	290	0	0	0	1714	0	4818	366	654	0	380	0	92	174	0	0	372	0	13132	7626	6958	10252	13418	2694	484	694	276	0	160	0	7590	0	5382	148	1324	0	0	0	1706	0	0	0	0	0	0	0	0	0	0	0	0	0	0	0	0	0	0	0	0	0	0	0	0	0	0	0	
827248	Supp_Motor_Area_R	6650	6092	20516	56876	0	0	3254	11064	0	84	504	12822	1052	9320	232	546	498	862	59840	0	0	0	7774	11634	0	160	0	142	3580	14278	5974	19776	11540	48538	322	1322	758	1870	0	86	0	0	90	354	0	0	0	394	106	0	646	0	0	164	790	806	2318	2064	206	0	480	0	0	0	142	0	172	1026	19014	22538	4462	18122	4668	11434	148	1606	970	626	118	0	676	116	116	250	236	0	0	0	800	0	0	0	0	0	0	0	0	0	0	0	0	0	0	0	0	0	0	0	0	0	0	0	0	0	0	0	
121620	Olfactory_L	0	0	574	0	4126	134	0	0	1860	0	0	0	0	0	4094	0	0	0	0	0	0	7136	308	0	298	1104	8244	3622	4960	0	4384	3982	0	0	0	0	536	0	462	0	624	0	0	0	0	0	0	0	0	0	0	0	0	0	284	0	0	0	0	0	0	0	0	0	0	0	0	0	0	0	7054	3192	2466	0	0	0	0	0	0	0	380	0	644	0	0	0	0	0	342	0	0	0	0	0	0	0	0	0	0	0	0	0	0	0	0	0	0	0	0	0	0	0	0	0	0	0	
95960	Olfactory_R	0	120	0	690	0	1786	0	0	0	0	0	0	0	0	0	930	0	0	0	0	7136	0	0	698	214	1626	5128	5376	0	2096	3044	4890	0	0	0	0	0	184	0	118	0	478	0	0	0	0	0	0	0	0	0	0	0	0	0	0	0	0	0	0	0	0	0	0	0	0	0	0	0	0	6966	4156	1992	190	0	0	0	162	0	0	0	0	0	0	0	0	0	0	0	0	0	0	0	0	0	0	0	0	0	0	0	0	0	0	0	0	0	0	0	0	0	0	0	0	0	0	
501908	Frontal_Sup_Medial_L	134	0	44014	16338	4582	296	12368	1900	132	0	212	1078	708	1690	362	534	0	0	15568	7774	308	0	0	33120	2546	1982	776	410	2324	1680	32046	24464	17034	20854	122	0	0	0	0	0	0	0	0	0	0	0	0	0	0	0	0	0	0	0	0	0	0	0	0	0	0	0	0	0	0	0	0	0	232	0	296	1376	2942	752	0	0	0	0	0	0	0	0	0	0	0	0	0	0	0	0	0	0	0	0	0	0	0	0	0	0	0	0	0	0	0	0	0	0	0	0	0	0	0	0	0	0	
505188	Frontal_Sup_Medial_R	0	0	10484	44754	1218	8170	1564	7220	0	350	0	1198	118	4280	0	8666	0	0	8948	11634	0	698	33120	0	1994	9384	0	3824	266	9104	14760	33282	5210	24632	0	0	0	642	0	248	0	110	0	0	0	0	0	0	0	0	0	0	0	0	0	126	0	0	0	0	0	0	0	0	0	0	0	0	0	0	0	1674	156	4324	0	436	0	0	0	0	0	0	0	0	0	0	0	0	0	0	0	0	0	0	0	0	0	0	0	0	0	0	0	0	0	0	0	0	0	0	0	0	0	0	0	0	
45792	Frontal_Med_Orb_L	0	0	810	256	4712	198	0	0	496	0	0	0	0	0	0	100	0	0	0	0	298	214	2546	1994	0	2292	3252	270	0	0	4418	1040	0	0	0	0	0	0	0	0	0	0	0	0	0	0	0	0	0	0	0	0	0	0	0	0	0	0	0	0	0	0	0	0	0	0	0	0	0	0	0	0	0	0	0	0	0	0	0	0	0	0	0	0	0	0	0	0	0	0	0	0	0	0	0	0	0	0	0	0	0	0	0	0	0	0	0	0	0	0	0	0	0	0	0	0	
131596	Frontal_Med_Orb_R	0	0	392	6626	586	9764	0	174	0	390	0	0	0	252	0	5714	0	0	110	160	1104	1626	1982	9384	2292	0	1192	7654	0	1764	3700	9126	114	410	0	0	0	0	0	0	0	0	0	0	0	0	0	0	0	0	0	0	0	0	0	0	0	0	0	0	0	0	0	0	0	0	0	0	0	0	580	254	0	448	0	0	0	0	0	0	0	0	0	0	0	0	0	0	0	0	0	0	0	0	0	0	0	0	0	0	0	0	0	0	0	0	0	0	0	0	0	0	0	0	0	0	
108300	Rectus_L	0	0	942	0	8248	130	0	0	3496	0	0	0	0	0	1560	0	0	0	0	0	8244	5128	776	0	3252	1192	0	2910	1168	0	5838	2788	0	0	0	0	0	0	0	0	0	0	0	0	0	0	0	0	0	0	0	0	0	0	0	0	0	0	0	0	0	0	0	0	0	0	0	0	0	0	5064	1934	1480	0	0	0	0	0	0	0	0	0	0	0	0	0	0	0	0	0	0	0	0	0	0	0	0	0	0	0	0	0	0	0	0	0	0	0	0	0	0	0	0	0	0	0	
113168	Rectus_R	0	0	0	4208	128	7274	0	122	0	276	0	0	0	198	0	1704	0	0	88	142	3622	5376	410	3824	270	7654	2910	0	0	1160	3274	7616	104	360	0	0	0	0	0	0	0	0	0	0	0	0	0	0	0	0	0	0	0	0	0	0	0	0	0	0	0	0	0	0	0	0	0	0	0	0	2486	2122	988	268	0	0	0	0	0	0	0	0	0	0	0	0	0	0	0	0	0	0	0	0	0	0	0	0	0	0	0	0	0	0	0	0	0	0	0	0	0	0	0	0	0	0	
901412	Insula_L	23126	270	50672	960	7630	0	31762	240	5264	0	40954	204	42932	122	17690	0	23366	0	38124	3580	4960	0	2324	266	0	0	1168	0	0	228	452	590	984	2330	522	302	16728	0	1888	0	2626	0	160	0	0	0	0	0	0	0	1128	0	334	0	10874	0	11004	0	0	0	836	0	4204	0	168	0	240	0	538	1926	2222	1008	21948	314	260	0	2236	0	12126	0	21720	0	14120	0	8018	0	88	0	12970	0	0	0	0	0	0	0	0	0	0	0	0	0	0	0	0	0	0	0	0	0	0	0	0	0	0	0	
525516	Insula_R	100	3814	3290	25588	0	4630	580	14898	0	430	124	30282	248	31770	0	15774	0	11790	5252	14278	0	2096	1680	9104	0	1764	0	1160	228	0	2054	10164	356	3222	0	0	0	10474	0	2248	0	1094	0	0	0	84	0	0	0	184	0	174	0	930	0	5194	0	2172	0	0	0	0	0	322	0	0	0	124	0	0	506	4156	144	22656	0	1834	0	354	0	4106	0	6428	0	2048	0	1768	0	0	0	1082	0	0	0	0	0	0	0	0	0	0	0	0	0	0	0	0	0	0	0	0	0	0	0	0	0	0	
384232	Cingulum_Ant_L	0	0	13504	10972	5914	518	1322	1350	304	0	0	1554	248	1894	88	402	0	0	4682	5974	4384	3044	32046	14760	4418	3700	5838	3274	452	2054	0	31740	10954	11420	350	0	0	0	0	0	0	0	0	0	0	0	0	0	0	0	0	0	0	0	0	0	0	0	0	0	0	0	0	0	0	0	0	0	126	0	3184	5962	3244	2222	0	218	0	0	0	0	0	0	0	0	0	0	0	0	0	0	0	0	0	0	0	0	0	0	0	0	0	0	0	0	0	0	0	0	0	0	0	0	0	0	0	0	
620168	Cingulum_Ant_R	312	0	9754	36858	584	4650	1600	5628	0	232	174	3144	486	7312	90	6938	0	0	10666	19776	3982	4890	24464	33282	1040	9126	2788	7616	590	10164	31740	0	7712	31312	182	0	0	130	0	0	0	0	0	0	0	0	0	0	0	0	0	0	0	0	0	0	0	0	0	0	0	0	0	0	0	0	0	0	122	0	3678	17962	1422	8856	0	822	0	0	0	0	0	0	0	0	0	0	0	0	0	0	0	0	0	0	0	0	0	0	0	0	0	0	0	0	0	0	0	0	0	0	0	0	0	0	0	0	
282268	Cingulum_Mid_L	656	140	10860	4446	0	0	3586	894	0	0	176	346	352	368	140	114	0	0	18544	11540	0	0	17034	5210	0	114	0	104	984	356	10954	7712	0	22070	2132	208	112	114	0	0	0	0	1058	0	1052	536	0	0	522	362	1220	252	130	0	114	118	334	0	1404	0	280	0	0	0	0	0	4652	1102	4128	468	646	1088	1444	466	0	104	0	0	0	0	0	0	0	0	304	0	0	0	84	0	0	0	0	0	0	0	0	0	0	0	0	0	0	0	0	0	0	0	0	0	0	0	0	0	0	0	
613580	Cingulum_Mid_R	1960	356	8912	27108	0	180	2002	5056	0	156	224	2106	458	3492	110	754	306	0	31828	48538	0	0	20854	24632	0	410	0	360	2330	3222	11420	31312	22070	0	496	3480	366	222	0	0	0	0	0	928	0	1700	0	680	0	1058	0	698	0	0	512	358	842	1162	0	228	0	0	0	0	0	0	728	5828	10606	15260	1540	2896	2924	1696	0	420	782	0	0	0	584	0	0	0	130	0	0	0	510	0	0	0	0	0	0	0	0	0	0	0	0	0	0	0	0	0	0	0	0	0	0	0	0	0	0	0	
135876	Cingulum_Post_L	1982	986	168	350	0	0	0	186	0	0	0	0	0	0	0	0	148	110	292	322	0	0	122	0	0	0	0	0	522	0	350	182	2132	496	0	13184	4862	3212	900	488	0	0	2104	210	842	170	1434	332	248	138	800	0	150	0	720	256	6500	1828	406	1476	2098	410	122	954	186	0	6288	3328	3144	468	0	0	0	0	0	0	674	482	390	98	0	162	0	0	206	0	0	0	126	194	0	0	0	0	0	0	0	0	0	0	0	0	0	0	0	0	0	0	0	0	0	0	0	0	0	0	
143960	Cingulum_Post_R	1492	504	0	116	0	0	0	0	0	0	0	0	0	0	0	0	0	144	106	1322	0	0	0	0	0	0	0	0	302	0	0	0	208	3480	13184	0	3846	4846	674	628	0	0	0	1212	0	856	388	3162	0	314	0	206	0	422	122	1792	2476	3056	0	2534	708	472	0	1162	0	0	1214	11748	812	4068	0	0	0	0	0	0	996	772	372	142	0	298	0	0	0	0	0	0	0	486	0	0	0	0	0	0	0	158	0	0	0	0	0	0	0	0	0	0	0	0	1180	0	0	0	0	0	
275396	Hippocampus_L	9766	0	3682	312	0	0	2722	0	0	0	1386	0	390	0	468	0	818	0	1646	758	536	0	0	0	0	0	0	0	16728	0	0	0	112	366	4862	3846	0	3040	14110	580	5718	0	1212	0	0	0	4274	454	0	0	340	0	366	0	14970	0	1942	0	0	0	0	0	0	0	0	0	2440	264	372	408	850	120	11480	0	1000	0	4634	906	3158	0	2394	0	2786	0	804	0	96	0	10010	0	0	0	0	0	118	0	288	0	0	0	0	0	0	0	0	0	0	0	0	166	0	0	0	0	0	0	
299420	Hippocampus_R	546	4076	200	4290	0	584	0	4612	0	0	0	2878	0	2732	0	734	0	1678	316	1870	0	184	0	642	0	0	0	0	0	10474	0	130	114	222	3212	4846	3040	0	452	18424	0	6560	0	988	0	220	352	4106	0	136	0	132	0	2470	0	22518	0	1356	0	104	0	422	0	1122	0	0	356	3436	0	0	0	118	0	17624	0	1542	1126	4814	0	492	0	846	0	988	0	1592	0	0	0	7068	0	0	0	0	118	428	122	1590	0	360	0	0	0	0	0	0	0	0	0	0	348	0	0	0	0	0	
91052	ParaHippocampal_L	1802	0	690	0	0	0	734	0	0	0	0	0	0	0	126	0	148	0	0	0	462	0	0	0	0	0	0	0	1888	0	0	0	0	0	900	674	14110	452	0	138	1634	0	372	0	0	0	3152	230	0	0	292	0	672	0	6296	0	132	0	0	0	0	0	104	0	0	0	580	0	94	0	0	0	4210	0	328	0	826	186	208	0	258	0	812	0	380	0	284	0	1458	0	116	0	0	0	148	0	350	0	88	0	0	0	0	0	0	0	0	0	0	192	0	0	0	0	0	0	
115088	ParaHippocampal_R	102	692	0	520	0	234	0	300	0	0	0	192	0	140	0	300	0	0	0	86	0	118	0	248	0	0	0	0	0	2248	0	0	0	0	488	628	580	18424	138	0	0	4980	0	0	0	0	94	2996	0	0	0	0	0	790	0	10728	0	0	0	0	0	0	0	0	0	0	0	218	0	0	0	0	0	2696	0	950	286	2296	0	198	0	126	0	1014	0	298	0	522	0	1398	0	84	0	0	0	504	0	1706	0	222	0	0	0	0	0	0	0	0	0	0	0	0	0	0	0	0	
35508	Amygdala_L	0	0	0	0	0	0	0	0	0	0	0	0	0	0	272	0	0	0	0	0	624	0	0	0	0	0	0	0	2626	0	0	0	0	0	0	0	5718	0	1634	0	0	0	0	0	0	0	0	0	0	0	0	0	0	0	2368	0	0	0	0	0	0	0	0	0	0	0	0	0	0	0	0	0	868	0	0	0	0	0	0	0	294	0	1782	0	106	0	228	0	1234	0	0	0	0	0	0	0	0	0	0	0	0	0	0	0	0	0	0	0	0	0	0	0	0	0	0	0	
42704	Amygdala_R	0	0	0	126	0	94	0	0	0	0	0	0	0	0	0	198	0	0	0	0	0	478	0	110	0	0	0	0	0	1094	0	0	0	0	0	0	0	6560	0	4980	0	0	0	0	0	0	0	0	0	0	0	0	0	0	0	4766	0	0	0	0	0	0	0	0	0	0	0	0	0	0	0	0	0	626	0	0	0	0	0	0	0	0	0	1610	0	0	0	94	0	616	0	0	0	0	0	0	0	0	0	0	0	0	0	0	0	0	0	0	0	0	0	0	0	0	0	0	
240592	Calcarine_L	0	102	0	0	0	0	0	0	0	0	0	0	0	0	0	0	200	0	0	90	0	0	0	0	0	0	0	0	160	0	0	0	1058	0	2104	0	1212	0	372	0	0	0	0	4188	14972	1868	12008	2634	8314	378	32458	0	11784	0	3208	216	514	0	848	0	156	0	148	0	430	0	17918	382	460	98	0	0	0	0	0	0	0	0	122	0	0	0	0	0	1756	0	0	0	138	0	0	0	0	0	0	0	0	0	0	0	0	0	0	0	0	0	0	0	0	0	0	0	0	0	0	0	
263512	Calcarine_R	454	878	0	0	0	0	0	550	0	0	0	1028	0	0	0	0	0	354	0	354	0	0	0	0	0	0	0	0	0	0	0	0	0	928	210	1212	0	988	0	0	0	0	4188	0	6728	21458	2278	25826	0	12146	0	6996	0	7840	0	11820	194	1576	0	1424	0	86	0	222	0	0	660	17082	494	1696	0	0	0	0	0	0	0	0	0	0	0	86	0	0	0	432	0	0	0	1334	0	0	0	0	0	0	0	0	0	0	0	0	0	0	0	0	0	0	0	0	234	0	0	0	0	0	
172356	Cuneus_L	126	0	84	0	0	0	0	0	0	0	0	0	0	0	0	0	0	0	200	0	0	0	0	0	0	0	0	0	0	0	0	0	1052	0	842	0	0	0	0	0	0	0	14972	6728	0	6756	1106	1620	16892	1664	15840	180	1006	90	156	138	614	0	2320	0	316	0	0	0	90	0	11462	894	888	0	0	0	0	0	0	0	0	0	0	0	0	0	0	0	142	0	0	0	0	0	0	0	0	0	0	0	0	0	0	0	0	0	0	0	0	0	0	0	0	0	0	0	0	0	0	0	
270460	Cuneus_R	146	758	0	0	0	0	0	142	0	0	0	676	0	0	0	0	0	442	0	0	0	0	0	0	0	0	0	0	0	84	0	0	536	1700	170	856	0	220	0	0	0	0	1868	21458	6756	0	994	6614	0	34466	0	15014	0	2190	0	3874	0	1712	0	5154	0	546	0	666	0	738	2578	21798	148	1006	0	122	0	0	0	0	0	0	0	0	0	114	0	0	0	822	0	0	0	544	0	0	0	0	0	0	0	0	0	0	0	0	0	0	0	0	0	0	0	0	318	0	0	0	0	0	
211012	Lingual_L	0	0	0	0	0	0	0	0	0	0	0	0	0	0	0	0	0	0	0	0	0	0	0	0	0	0	0	0	0	0	0	0	0	0	1434	388	4274	352	3152	94	0	0	12008	2278	1106	994	0	4050	2324	316	10498	88	7596	0	13842	488	0	0	0	0	0	0	0	0	0	0	4710	0	0	0	0	0	0	0	0	0	500	102	0	0	0	0	0	0	0	0	0	0	176	0	6322	728	626	0	178	0	8102	426	10226	1066	0	0	168	0	0	0	0	0	0	0	3510	2890	494	0	0	0	
353968	Lingual_R	154	172	0	0	0	0	0	0	0	0	0	0	0	0	0	0	0	94	0	394	0	0	0	0	0	0	0	0	0	0	0	0	0	680	332	3162	454	4106	230	2996	0	0	2634	25826	1620	6614	4050	0	0	3790	0	4012	0	5118	900	20634	0	580	0	792	0	0	0	146	0	0	106	14298	104	1160	0	0	0	0	0	0	184	1054	0	0	0	104	0	0	0	248	0	0	0	978	5328	7208	2370	1046	228	478	4164	6498	8506	11230	0	0	0	362	0	148	0	0	172	486	7426	9652	3368	230	212	146	
195420	Occipital_Sup_L	258	254	118	0	0	0	0	0	0	0	0	0	0	0	0	0	0	0	172	106	0	0	0	0	0	0	0	0	0	0	0	0	522	0	248	0	0	0	0	0	0	0	8314	0	16892	0	2324	0	0	0	35790	0	2100	0	356	0	940	0	10500	0	2902	0	86	0	1354	0	7428	0	224	228	0	0	0	0	0	0	0	0	0	0	148	0	0	0	4752	0	0	0	1694	0	0	0	0	0	0	0	0	0	0	0	0	0	0	0	0	0	0	0	0	0	0	0	0	0	0	0	
289068	Occipital_Sup_R	482	888	0	0	0	0	0	198	0	0	0	862	0	0	0	0	0	516	0	0	0	0	0	0	0	0	0	0	0	184	0	0	362	1058	138	314	0	136	0	0	0	0	378	12146	1664	34466	316	3790	0	0	0	31896	0	2586	0	8242	246	1866	0	9226	0	3060	0	1362	0	7406	562	15478	456	502	0	200	0	0	0	0	0	0	0	0	0	926	0	0	0	1722	0	0	0	900	0	0	0	0	0	0	0	0	0	0	0	0	0	0	0	0	0	0	0	0	0	0	0	0	0	0	
470592	Occipital_Mid_L	1216	1346	178	0	0	0	0	0	0	0	0	0	0	0	0	0	1240	0	290	646	0	0	0	0	0	0	0	0	1128	0	0	0	1220	0	800	0	340	0	292	0	0	0	32458	0	15840	0	10498	0	35790	0	0	0	23118	0	6746	0	6682	0	20036	0	16404	0	928	0	14866	0	16102	0	682	1282	0	0	0	0	0	0	0	0	862	0	518	0	0	0	19740	0	0	0	3592	0	0	0	0	0	0	0	0	0	260	0	0	0	0	0	0	0	0	0	0	0	0	196	0	0	0	0	
261360	Occipital_Mid_R	178	632	0	0	0	0	0	310	0	0	0	748	0	0	0	0	0	284	0	0	0	0	0	0	0	0	0	0	0	174	0	0	252	698	0	206	0	132	0	0	0	0	0	6996	180	15014	88	4012	0	31896	0	0	0	7424	0	10738	138	1664	0	6314	0	5062	0	1186	0	13260	282	7730	166	414	0	244	0	0	0	0	0	0	0	0	0	772	0	0	0	8922	0	0	0	4564	0	0	0	0	0	0	0	0	0	0	0	0	0	0	0	0	0	0	0	0	0	0	0	0	0	0	
143432	Occipital_Inf_L	162	0	0	0	0	0	0	0	0	0	0	0	0	0	0	0	148	0	0	0	0	0	0	0	0	0	0	0	334	0	0	0	130	0	150	0	366	0	672	0	0	0	11784	0	1006	0	7596	0	2100	0	23118	0	0	0	9598	0	634	0	120	0	204	0	178	0	2168	0	3238	0	0	0	0	0	0	0	0	0	0	0	364	0	320	0	0	0	3512	0	0	0	3022	0	156	0	0	0	0	0	0	0	342	0	0	0	0	0	0	0	0	0	0	0	0	294	0	0	0	0	
141500	Occipital_Inf_R	0	352	0	276	0	0	0	754	0	0	0	818	0	280	0	0	0	126	0	164	0	0	0	0	0	0	0	0	0	930	0	0	0	0	0	422	0	2470	0	790	0	0	0	7840	90	2190	0	5118	0	2586	0	7424	0	0	0	15776	0	1404	0	1856	0	614	0	262	0	232	0	4370	0	0	0	0	0	1134	0	0	0	0	0	100	0	216	0	0	0	5342	0	0	0	6814	0	0	0	0	0	0	0	0	0	0	0	0	0	0	0	0	0	0	0	0	0	0	0	0	0	0	
370816	Fusiform_L	1308	0	1148	220	0	0	412	0	0	0	654	0	254	0	394	0	998	0	1714	790	284	0	0	0	0	0	0	0	10874	0	0	0	114	512	720	122	14970	0	6296	0	2368	0	3208	0	156	0	13842	900	356	0	6746	0	9598	0	0	134	1438	0	126	0	526	0	776	0	310	0	2236	0	182	532	664	112	3270	0	0	0	0	0	1702	0	5578	0	2760	0	5814	0	1080	0	24426	0	18318	178	2730	0	0	0	6692	208	19470	396	222	0	612	0	0	0	0	0	0	0	2436	3106	416	0	0	0	
460356	Fusiform_R	166	780	0	1230	0	110	0	1140	0	0	0	1346	0	784	0	146	0	858	0	806	0	0	0	126	0	0	0	0	0	5194	0	0	118	358	256	1792	0	22518	0	10728	0	4766	216	11820	138	3874	488	20634	0	8242	0	10738	0	15776	134	0	108	2172	0	3926	0	2266	0	1676	0	1834	106	10402	164	366	0	0	0	4784	0	0	0	180	0	394	0	3144	0	3102	0	6042	0	1374	0	14568	1460	13010	714	770	0	272	930	5240	2384	15588	0	0	0	528	0	120	0	0	0	130	2278	3430	1190	126	118	0	
446816	Postcentral_L	44306	3758	9522	386	0	0	6936	178	0	0	11052	0	3192	0	0	0	13394	0	4818	2318	0	0	0	0	0	0	0	0	11004	0	0	0	334	842	6500	2476	1942	0	132	0	0	0	514	194	614	0	0	0	940	246	6682	138	634	0	1438	108	0	1632	7994	1006	28144	204	12718	258	3754	0	3244	1020	6942	3628	1100	126	990	92	308	0	454	0	2418	0	7082	0	96	0	3442	0	0	0	2158	0	0	0	0	0	0	0	0	0	0	0	0	0	0	0	0	0	0	0	0	0	0	0	0	0	0	0	
256256	Postcentral_R	3252	22712	370	3806	0	0	0	6524	0	0	0	7112	0	184	0	0	0	5892	366	2064	0	0	0	0	0	0	0	0	0	2172	0	0	0	1162	1828	3056	0	1356	0	0	0	0	0	1576	0	1712	0	580	0	1866	0	1664	0	1404	0	2172	1632	0	0	9626	176	9152	0	19224	0	194	126	4274	3592	3342	0	438	0	330	0	102	0	222	0	372	0	776	0	0	0	620	0	0	0	1008	0	0	0	0	0	0	0	0	0	0	0	0	0	0	0	0	0	0	0	0	92	0	0	0	0	0	
165544	Parietal_Sup_L	1202	486	480	0	0	0	166	0	0	0	0	0	0	0	0	0	0	0	654	206	0	0	0	0	0	0	0	0	0	0	0	0	1404	0	406	0	0	0	0	0	0	0	848	0	2320	0	0	0	10500	0	20036	0	120	0	126	0	7994	0	0	0	15602	0	104	0	3404	0	13726	0	1902	462	0	0	0	0	0	0	124	0	0	0	0	0	0	0	382	0	0	0	118	0	0	0	0	0	0	0	0	0	0	0	0	0	0	0	0	0	0	0	0	0	0	0	0	0	0	0	
190684	Parietal_Sup_R	774	446	0	392	0	0	0	408	0	0	0	208	0	0	0	0	0	126	0	0	0	0	0	0	0	0	0	0	0	0	0	0	0	228	1476	2534	0	104	0	0	0	0	0	1424	0	5154	0	792	0	9226	0	6314	0	1856	0	3926	1006	9626	0	0	208	12702	0	936	0	9264	114	15132	908	132	0	0	0	0	0	0	0	0	0	288	0	1722	0	0	0	5154	0	0	0	2672	0	0	0	0	0	0	0	0	0	0	0	0	0	0	0	0	0	0	0	0	90	0	0	0	0	0	
293256	Parietal_Inf_L	5996	1510	798	0	0	0	1370	0	0	0	690	0	294	0	0	0	264	0	380	480	0	0	0	0	0	0	0	0	836	0	0	0	280	0	2098	708	0	0	0	0	0	0	156	0	316	0	0	0	2902	0	16404	0	204	0	526	0	28144	176	15602	208	0	84	15606	96	25694	0	2214	322	1588	1414	104	0	0	0	118	0	298	0	382	0	3062	0	0	0	10758	0	0	0	4546	0	0	0	0	0	0	0	0	0	0	0	0	0	0	0	0	0	0	0	0	0	0	0	0	0	0	0	
180568	Parietal_Inf_R	1664	1930	0	126	0	0	0	1724	0	0	0	1138	0	0	0	0	0	0	0	0	0	0	0	0	0	0	0	0	0	0	0	0	0	0	410	472	0	422	0	0	0	0	0	86	0	546	0	0	0	3060	0	5062	0	614	0	2266	204	9152	0	12702	84	0	0	11658	0	19890	0	1018	1688	0	0	0	0	0	0	0	0	0	0	574	0	4260	0	0	0	7774	0	0	0	1760	0	0	0	0	0	0	0	0	0	0	0	0	0	0	0	0	0	0	0	0	0	0	0	0	0	0	
173880	SupraMarginal_L	2718	176	212	0	0	0	278	0	0	0	672	0	106	0	0	0	7806	0	92	0	0	0	0	0	0	0	0	0	4204	0	0	0	0	0	122	0	0	0	104	0	0	0	148	0	0	0	0	0	86	0	928	0	178	0	776	0	12718	0	104	0	15606	0	0	0	7578	0	370	0	298	182	0	0	0	0	0	0	0	0	2488	0	14300	0	0	0	11792	0	0	0	2898	0	0	0	0	0	0	0	0	0	0	0	0	0	0	0	0	0	0	0	0	0	0	0	0	0	0	0	
138020	SupraMarginal_R	2312	3500	176	606	0	0	0	3292	0	0	0	1012	0	0	0	0	0	1568	174	0	0	0	0	0	0	0	0	0	0	322	0	0	0	0	954	1162	0	1122	0	0	0	0	0	222	0	666	0	146	0	1362	0	1186	0	262	0	1676	258	19224	0	936	96	11658	0	0	0	3352	0	670	2328	0	0	0	0	0	0	0	0	0	0	754	0	5848	0	0	0	1786	0	0	0	380	0	0	0	0	0	0	0	0	0	0	0	0	0	0	0	0	0	0	0	0	0	0	0	0	0	0	
178544	Angular_L	864	648	0	0	0	0	0	0	0	0	0	0	0	0	0	0	150	0	0	142	0	0	0	0	0	0	0	0	168	0	0	0	0	0	186	0	0	0	0	0	0	0	430	0	90	0	0	0	1354	0	14866	0	2168	0	310	0	3754	0	3404	0	25694	0	7578	0	0	0	352	0	316	650	0	0	0	0	0	0	128	0	86	0	4938	0	0	0	16412	0	0	0	4584	0	0	0	0	0	0	0	0	0	0	0	0	0	0	0	0	0	0	0	0	0	0	0	0	0	0	0	
145128	Angular_R	0	0	0	0	0	0	0	0	0	0	0	0	0	0	0	0	0	0	0	0	0	0	0	0	0	0	0	0	0	0	0	0	0	0	0	0	0	0	0	0	0	0	0	0	0	738	0	0	0	7406	0	13260	0	232	0	1834	0	194	0	9264	0	19890	0	3352	0	0	0	1200	0	0	0	0	0	0	0	0	0	0	0	408	0	6494	0	0	0	8098	0	0	0	194	0	0	0	0	0	0	0	0	0	0	0	0	0	0	0	0	0	0	0	0	0	0	0	0	0	0	
235548	Precuneus_L	580	218	308	0	0	0	224	0	0	0	0	0	0	0	0	0	212	0	372	172	0	0	0	0	0	0	0	0	240	0	0	0	4652	728	6288	1214	2440	356	580	0	0	0	17918	660	11462	2578	4710	106	7428	562	16102	282	3238	0	2236	106	3244	126	13726	114	2214	0	370	0	352	0	0	5836	3796	386	0	0	0	0	0	0	0	0	110	0	0	0	0	0	1272	0	0	0	154	0	0	0	0	0	0	0	0	0	0	0	0	0	0	0	0	0	0	0	0	0	102	0	0	0	0	0	
331556	Precuneus_R	1166	1486	0	490	0	0	0	548	0	0	0	1116	0	0	0	0	0	800	0	1026	0	0	0	0	0	0	0	0	0	124	0	0	1102	5828	3328	11748	264	3436	0	218	0	0	382	17082	894	21798	0	14298	0	15478	0	7730	0	4370	0	10402	1020	4274	0	15132	322	1018	0	670	0	1200	5836	0	1410	5096	0	130	0	0	0	0	0	0	0	0	0	308	0	0	0	748	0	0	0	1442	0	0	0	0	0	0	0	388	0	0	0	0	0	0	0	0	0	0	0	0	1670	0	0	0	0	0	
263788	Paracentral_Lobule_L	25802	4862	3446	1248	0	0	1298	158	0	0	0	0	0	0	0	0	158	0	13132	19014	0	0	232	0	0	0	0	0	538	0	126	122	4128	10606	3144	812	372	0	94	0	0	0	460	494	888	148	0	104	224	456	682	166	0	0	182	164	6942	3592	1902	908	1588	1688	298	2328	316	0	3796	1410	0	10498	220	192	570	86	206	0	1548	152	0	0	102	0	0	0	170	0	0	0	122	0	0	0	0	0	0	0	0	0	0	0	0	0	0	0	0	0	0	0	0	0	0	0	0	0	0	0	
216000	Paracentral_Lobule_R	5240	8312	588	312	0	0	276	0	0	0	130	0	0	0	0	0	336	0	7626	22538	0	0	0	0	0	0	0	0	1926	0	0	0	468	15260	468	4068	408	0	0	0	0	0	98	1696	0	1006	0	1160	228	502	1282	414	0	0	532	366	3628	3342	462	132	1414	0	182	0	650	0	386	5096	10498	0	1314	714	2732	378	0	0	132	0	138	0	590	0	0	0	328	0	0	0	644	0	0	0	0	0	0	0	0	0	0	0	0	0	0	0	0	0	0	0	0	0	0	0	0	0	0	0	
223056	Caudate_L	3532	318	9444	2636	0	0	4244	400	0	0	864	336	430	408	294	0	856	0	6958	4462	7054	6966	296	0	0	580	5064	2486	2222	506	3184	3678	646	1540	0	0	850	0	0	0	0	0	0	0	0	0	0	0	0	0	0	0	0	0	664	0	1100	0	0	0	104	0	0	0	0	0	0	0	220	1314	0	12730	11390	2744	2322	240	6426	296	0	0	560	0	304	0	128	0	0	0	732	0	0	0	0	0	0	0	0	0	0	0	0	0	0	0	0	0	0	0	0	0	0	0	0	0	0	0	
357184	Caudate_R	1280	11486	7786	17832	0	270	2798	2930	0	0	516	2768	930	2958	154	0	144	182	10252	18122	3192	4156	1376	1674	0	254	1934	2122	1008	4156	5962	17962	1088	2896	0	0	120	118	0	0	0	0	0	0	0	122	0	0	0	200	0	244	0	0	112	0	126	438	0	0	0	0	0	0	0	0	0	130	192	714	12730	0	4586	12876	0	2900	0	14420	0	0	0	0	0	250	0	0	0	0	126	0	0	0	0	0	0	0	0	0	0	0	0	0	0	0	0	0	0	0	0	0	0	0	0	0	0	0	
330016	Putamen_L	8832	0	16902	1066	1352	0	5686	0	162	0	5754	106	5716	130	1530	0	1458	0	13418	4668	2466	1992	2942	156	0	0	1480	988	21948	144	3244	1422	1444	2924	0	0	11480	0	4210	0	868	0	0	0	0	0	0	0	0	0	0	0	0	0	3270	0	990	0	0	0	0	0	0	0	0	0	0	0	570	2732	11390	4586	0	1976	6560	160	2170	0	138	0	1560	0	1766	0	354	0	0	0	2298	0	0	0	0	0	0	0	0	0	0	0	0	0	0	0	0	0	0	0	0	0	0	0	0	0	0	0	
330876	Putamen_R	152	2376	1406	18144	0	1892	312	11220	0	0	214	6140	322	6186	0	3154	84	2070	2694	11434	0	190	752	4324	0	448	0	268	314	22656	2222	8856	466	1696	0	0	0	17624	0	2696	0	626	0	0	0	0	0	0	0	0	0	0	0	1134	0	4784	92	330	0	0	0	0	0	0	0	0	0	0	86	378	2744	12876	1976	0	0	7178	0	1750	0	0	0	134	0	0	0	196	0	0	0	842	0	0	0	0	0	0	0	0	0	0	0	0	0	0	0	0	0	0	0	0	0	0	0	0	0	0	
54232	Pallidum_L	3944	0	5316	0	0	0	3478	0	0	0	0	0	0	0	0	0	146	0	484	148	0	0	0	0	0	0	0	0	260	0	0	0	0	0	0	0	1000	0	328	0	0	0	0	0	0	0	0	0	0	0	0	0	0	0	0	0	308	0	0	0	118	0	0	0	0	0	0	0	206	0	2322	0	6560	0	0	0	2498	0	0	0	0	0	0	0	0	0	0	0	0	0	0	0	0	0	0	0	0	0	0	0	0	0	0	0	0	0	0	0	0	0	0	0	0	0	0	0	
59372	Pallidum_R	84	610	436	4596	0	258	0	2888	0	0	0	318	0	284	0	590	0	0	694	1606	0	0	0	436	0	0	0	0	0	1834	218	822	104	420	0	0	0	1542	0	950	0	0	0	0	0	0	0	0	0	0	0	0	0	0	0	0	0	102	0	0	0	0	0	0	0	0	0	0	0	0	240	2900	160	7178	0	0	0	416	0	0	0	0	0	0	0	0	0	0	0	0	0	0	0	0	0	0	0	0	0	0	0	0	0	0	0	0	0	0	0	0	0	0	0	0	0	0	
114860	Thalamus_L	12264	1246	4642	0	0	0	6478	0	0	0	378	0	0	0	0	0	246	0	276	970	0	0	0	0	0	0	0	0	2236	0	0	0	0	782	674	996	4634	1126	826	286	0	0	0	0	0	0	500	184	0	0	0	0	0	0	0	0	454	0	124	0	298	0	0	0	128	0	0	0	1548	132	6426	0	2170	0	2498	0	0	3886	584	0	438	0	0	0	0	0	0	0	0	0	0	0	0	0	0	0	0	0	0	0	0	0	0	0	0	0	0	0	0	0	0	0	0	0	0	0	
134936	Thalamus_R	906	26532	0	6054	0	0	0	648	0	0	0	0	0	0	0	0	0	0	0	626	0	162	0	0	0	0	0	0	0	354	0	0	0	0	482	772	906	4814	186	2296	0	0	0	0	0	0	102	1054	0	0	0	0	0	0	0	180	0	222	0	0	0	0	0	0	0	0	0	0	152	0	296	14420	0	1750	0	416	3886	0	0	0	0	0	0	0	0	0	0	0	0	0	0	0	0	0	0	0	0	252	0	0	0	0	0	0	0	0	0	0	0	0	0	0	0	0	0	0	
103024	Heschl_L	6786	132	548	0	0	0	1006	0	0	0	464	0	84	0	0	0	4172	0	160	118	0	0	0	0	0	0	0	0	12126	0	0	0	0	0	390	372	3158	0	208	0	0	0	122	0	0	0	0	0	0	0	862	0	364	0	1702	0	2418	0	0	0	382	0	2488	0	86	0	110	0	0	138	0	0	138	0	0	0	584	0	0	0	4734	0	0	0	4392	0	0	0	3268	0	0	0	0	0	0	0	0	0	0	0	0	0	0	0	0	0	0	0	0	0	0	0	0	0	0	0	
40748	Heschl_R	0	406	0	112	0	0	0	0	0	0	0	484	0	0	0	0	0	2298	0	0	0	0	0	0	0	0	0	0	0	4106	0	0	0	0	98	142	0	492	0	198	0	0	0	0	0	0	0	0	0	0	0	0	0	100	0	394	0	372	0	288	0	574	0	754	0	408	0	0	0	0	0	0	0	0	0	0	0	0	0	0	0	7632	0	454	0	794	0	0	0	268	0	0	0	0	0	0	0	0	0	0	0	0	0	0	0	0	0	0	0	0	0	0	0	0	0	0	
326864	Temporal_Sup_L	5686	0	7732	100	0	0	964	0	0	0	7196	0	806	0	588	0	16846	0	7590	676	380	0	0	0	0	0	0	0	21720	0	0	0	0	584	0	0	2394	0	258	0	294	0	0	0	0	0	0	0	148	0	518	0	320	0	5578	0	7082	0	0	0	3062	0	14300	0	4938	0	0	0	102	590	560	0	1560	0	0	0	438	0	4734	0	0	0	8468	0	24910	0	408	0	11902	0	0	0	0	0	0	0	0	0	0	0	0	0	0	0	0	0	0	0	0	0	0	0	0	0	0	0	
142052	Temporal_Sup_R	0	164	0	396	0	0	0	304	0	0	0	336	0	0	0	0	0	4354	0	116	0	0	0	0	0	0	0	0	0	6428	0	0	0	0	162	298	0	846	0	126	0	0	0	86	0	114	0	104	0	926	0	772	0	216	0	3144	0	776	0	1722	0	4260	0	5848	0	6494	0	308	0	0	0	0	0	134	0	0	0	0	0	7632	0	0	0	4068	0	17464	0	0	0	3428	0	0	0	0	0	0	0	0	0	0	0	0	0	0	0	0	0	0	0	0	0	0	0	0	0	0	
179880	Temporal_Pole_Sup_L	472	0	5966	0	1120	0	1708	0	1870	0	9724	0	4130	0	5996	0	5466	0	5382	116	644	0	0	0	0	0	0	0	14120	0	0	0	0	0	0	0	2786	0	812	0	1782	0	0	0	0	0	0	0	0	0	0	0	0	0	2760	0	96	0	0	0	0	0	0	0	0	0	0	0	0	0	304	0	1766	0	0	0	0	0	0	0	8468	0	0	0	6332	0	3940	0	4180	0	0	0	0	0	0	0	0	0	0	0	0	0	0	0	0	0	0	0	0	0	0	0	0	0	0	0	
52736	Temporal_Pole_Sup_R	0	86	94	136	0	0	0	88	0	0	0	788	0	0	0	122	0	1790	148	250	0	0	0	0	0	0	0	0	0	2048	0	0	0	0	0	0	0	988	0	1014	0	1610	0	0	0	0	0	0	0	0	0	0	0	0	0	3102	0	0	0	0	0	0	0	0	0	0	0	0	0	0	0	250	0	0	0	0	0	0	0	454	0	4068	0	0	0	3714	0	3196	0	2422	0	0	0	0	0	0	0	0	0	0	0	0	0	0	0	0	0	0	0	0	0	0	0	0	0	0	
334224	Temporal_Mid_L	1384	214	1012	0	0	0	134	0	0	0	1124	0	196	0	132	0	3210	0	1324	236	0	0	0	0	0	0	0	0	8018	0	0	0	304	130	206	0	804	0	380	0	106	0	1756	0	142	0	0	0	4752	0	19740	0	3512	0	5814	0	3442	0	382	0	10758	0	11792	0	16412	0	1272	0	170	328	128	0	354	0	0	0	0	0	4392	0	24910	0	6332	0	0	0	3288	0	28522	0	0	0	0	0	0	0	0	0	0	0	0	0	0	0	0	0	0	0	0	0	0	0	0	0	0	0	
198832	Temporal_Mid_R	0	90	0	0	0	0	0	108	0	0	0	208	0	0	0	86	0	230	0	0	0	0	0	0	0	0	0	0	0	1768	0	0	0	0	0	0	0	1592	0	298	0	0	0	432	0	822	0	248	0	1722	0	8922	0	5342	0	6042	0	620	0	5154	0	7774	0	1786	0	8098	0	748	0	0	0	0	0	196	0	0	0	0	0	794	0	17464	0	3714	0	0	0	1268	0	23890	0	0	0	0	0	0	0	0	0	0	0	0	0	0	0	0	0	0	0	0	0	0	0	0	0	0	
23720	Temporal_Pole_Mid_L	0	0	0	0	0	0	0	0	0	0	0	0	0	0	0	0	0	0	0	0	0	0	0	0	0	0	0	0	88	0	0	0	0	0	0	0	96	0	284	0	228	0	0	0	0	0	0	0	0	0	0	0	0	0	1080	0	0	0	0	0	0	0	0	0	0	0	0	0	0	0	0	0	0	0	0	0	0	0	0	0	408	0	3940	0	3288	0	0	0	2448	0	0	0	0	0	0	0	0	0	0	0	0	0	0	0	0	0	0	0	0	0	0	0	0	0	0	0	
16120	Temporal_Pole_Mid_R	0	0	0	0	0	0	0	0	0	0	0	0	0	0	0	0	0	0	0	0	0	0	0	0	0	0	0	0	0	0	0	0	0	0	0	0	0	0	0	522	0	94	0	0	0	0	0	0	0	0	0	0	0	0	0	1374	0	0	0	0	0	0	0	0	0	0	0	0	0	0	0	0	0	0	0	0	0	0	0	0	0	0	0	3196	0	1268	0	0	0	1606	0	0	0	0	0	0	0	0	0	0	0	0	0	0	0	0	0	0	0	0	0	0	0	0	0	0	
285768	Temporal_Inf_L	1656	162	1186	190	0	0	388	0	0	0	692	0	332	0	472	0	1344	0	1706	800	342	0	0	0	0	0	0	0	12970	0	0	0	84	510	126	0	10010	0	1458	0	1234	0	138	0	0	0	176	0	1694	0	3592	0	3022	0	24426	0	2158	0	118	0	4546	0	2898	0	4584	0	154	0	122	644	732	126	2298	0	0	0	0	0	3268	0	11902	0	4180	0	28522	0	2448	0	0	0	3484	0	476	0	0	0	110	0	1110	0	146	0	148	0	0	0	0	0	0	0	0	0	0	0	0	0	
163516	Temporal_Inf_R	0	0	0	84	0	0	0	106	0	0	0	146	0	92	0	0	0	284	0	0	0	0	0	0	0	0	0	0	0	1082	0	0	0	0	194	486	0	7068	0	1398	0	616	0	1334	0	544	0	978	0	900	0	4564	0	6814	0	14568	0	1008	0	2672	0	1760	0	380	0	194	0	1442	0	0	0	0	0	842	0	0	0	0	0	268	0	3428	0	2422	0	23890	0	1606	0	0	0	382	0	0	0	0	0	98	0	108	0	0	0	0	0	0	0	0	0	0	0	0	0	0	0	0	
393892	Cerebelum_Crus1_L	0	0	0	0	0	0	0	0	0	0	0	0	0	0	0	0	0	0	0	0	0	0	0	0	0	0	0	0	0	0	0	0	0	0	0	0	0	0	116	0	0	0	0	0	0	0	6322	5328	0	0	0	0	156	0	18318	1460	0	0	0	0	0	0	0	0	0	0	0	0	0	0	0	0	0	0	0	0	0	0	0	0	0	0	0	0	0	0	0	0	3484	0	0	2544	30264	2498	1244	0	18722	722	48170	3760	9604	208	12772	1728	1196	1072	214	0	162	252	6058	10370	7310	1560	852	480	
356080	Cerebelum_Crus1_R	0	0	0	0	0	0	0	0	0	0	0	0	0	0	0	0	0	0	0	0	0	0	0	0	0	0	0	0	0	0	0	0	0	0	0	0	0	0	0	84	0	0	0	0	0	0	728	7208	0	0	0	0	0	0	178	13010	0	0	0	0	0	0	0	0	0	0	0	0	0	0	0	0	0	0	0	0	0	0	0	0	0	0	0	0	0	0	0	0	0	382	2544	0	1690	27286	0	2742	1188	17386	2958	51952	422	670	934	11384	174	2626	0	540	156	1264	7282	7382	11722	1844	1640	664	
279528	Cerebelum_Crus2_L	0	0	0	0	0	0	0	0	0	0	0	0	0	0	0	0	0	0	0	0	0	0	0	0	0	0	0	0	0	0	0	0	0	0	0	0	0	0	0	0	0	0	0	0	0	0	626	2370	0	0	0	0	0	0	2730	714	0	0	0	0	0	0	0	0	0	0	0	0	0	0	0	0	0	0	0	0	0	0	0	0	0	0	0	0	0	0	0	0	476	0	30264	1690	0	4278	286	0	3106	176	10980	2356	28650	1512	25416	2744	1584	992	848	0	94	148	878	4530	8774	2356	836	350	
260136	Cerebelum_Crus2_R	0	0	0	0	0	0	0	0	0	0	0	0	0	0	0	0	0	0	0	0	0	0	0	0	0	0	0	0	0	0	0	0	0	0	0	0	0	0	0	0	0	0	0	0	0	0	0	1046	0	0	0	0	0	0	0	770	0	0	0	0	0	0	0	0	0	0	0	0	0	0	0	0	0	0	0	0	0	0	0	0	0	0	0	0	0	0	0	0	0	0	2498	27286	4278	0	0	2220	572	3406	1060	11046	1860	13948	2042	26398	374	4972	0	842	184	1470	2836	1774	11482	3606	3270	828	
23544	Cerebelum_3_L	0	0	0	0	0	0	0	0	0	0	0	0	0	0	0	0	0	0	0	0	0	0	0	0	0	0	0	0	0	0	0	0	0	0	0	0	118	118	148	0	0	0	0	0	0	0	178	228	0	0	0	0	0	0	0	0	0	0	0	0	0	0	0	0	0	0	0	0	0	0	0	0	0	0	0	0	0	0	0	0	0	0	0	0	0	0	0	0	0	0	1244	0	286	0	0	0	4938	0	1746	0	0	0	126	0	390	126	0	0	548	638	470	330	0	0	0	140	
51540	Cerebelum_3_R	0	0	0	0	0	0	0	0	0	0	0	0	0	0	0	0	0	0	0	0	0	0	0	0	0	0	0	0	0	0	0	0	0	0	0	0	0	428	0	504	0	0	0	0	0	0	0	478	0	0	0	0	0	0	0	272	0	0	0	0	0	0	0	0	0	0	0	0	0	0	0	0	0	0	0	0	0	0	0	0	0	0	0	0	0	0	0	0	0	0	0	2742	0	2220	0	0	128	4148	0	3852	0	0	0	2204	0	866	0	0	266	3038	2368	188	392	630	946	100	
229624	Cerebelum_4_5_L	0	0	0	0	0	0	0	0	0	0	0	0	0	0	0	0	0	0	0	0	0	0	0	0	0	0	0	0	0	0	0	0	0	0	0	0	288	122	350	0	0	0	0	0	0	0	8102	4164	0	0	0	0	0	0	6692	930	0	0	0	0	0	0	0	0	0	0	0	0	0	0	0	0	0	0	0	0	0	0	0	0	0	0	0	0	0	0	0	0	110	0	18722	1188	3106	572	4938	128	0	1808	28334	3310	502	0	2364	636	2462	374	148	0	992	1906	14020	5358	1342	844	572	428	
174320	Cerebelum_4_5_R	0	0	0	0	0	0	0	0	0	0	0	0	0	0	0	0	0	0	0	0	0	0	0	0	0	0	0	0	0	0	0	0	0	0	0	158	0	1590	0	1706	0	0	0	0	0	0	426	6498	0	0	0	0	0	0	208	5240	0	0	0	0	0	0	0	0	0	0	0	388	0	0	0	0	0	0	0	0	0	252	0	0	0	0	0	0	0	0	0	0	0	98	722	17386	176	3406	0	4148	1808	0	1564	23830	0	0	0	2074	0	694	0	220	0	1668	9946	1690	404	354	506	0	
375340	Cerebelum_6_L	0	0	0	0	0	0	0	0	0	0	0	0	0	0	0	0	0	0	0	0	0	0	0	0	0	0	0	0	0	0	0	0	0	0	0	0	0	0	88	0	0	0	0	0	0	0	10226	8506	0	0	260	0	342	0	19470	2384	0	0	0	0	0	0	0	0	0	0	0	0	0	0	0	0	0	0	0	0	0	0	0	0	0	0	0	0	0	0	0	0	1110	0	48170	2958	10980	1060	1746	0	28334	1564	0	5690	2222	0	3856	656	1512	682	170	0	440	966	11910	15366	4718	1002	672	610	
374896	Cerebelum_6_R	0	0	0	0	0	0	0	0	0	0	0	0	0	0	0	0	0	0	0	0	0	0	0	0	0	0	0	0	0	0	0	0	0	0	0	0	0	360	0	222	0	0	0	0	0	0	1066	11230	0	0	0	0	0	0	396	15588	0	0	0	0	0	0	0	0	0	0	0	0	0	0	0	0	0	0	0	0	0	0	0	0	0	0	0	0	0	0	0	0	0	108	3760	51952	2356	11046	0	3852	3310	23830	5690	0	142	426	294	6174	0	2276	0	786	248	1766	11906	11302	11780	2342	2182	1058	
174304	Cerebelum_7b_L	0	0	0	0	0	0	0	0	0	0	0	0	0	0	0	0	0	0	0	0	0	0	0	0	0	0	0	0	0	0	0	0	0	0	0	0	0	0	0	0	0	0	0	0	0	0	0	0	0	0	0	0	0	0	222	0	0	0	0	0	0	0	0	0	0	0	0	0	0	0	0	0	0	0	0	0	0	0	0	0	0	0	0	0	0	0	0	0	146	0	9604	422	28650	1860	0	0	502	0	2222	142	0	614	27750	2764	2086	816	1042	0	0	0	0	156	3876	3462	714	102	
72760	Cerebelum_7b_R	0	0	0	0	0	0	0	0	0	0	0	0	0	0	0	0	0	0	0	0	0	0	0	0	0	0	0	0	0	0	0	0	0	0	0	0	0	0	0	0	0	0	0	0	0	0	0	0	0	0	0	0	0	0	0	0	0	0	0	0	0	0	0	0	0	0	0	0	0	0	0	0	0	0	0	0	0	0	0	0	0	0	0	0	0	0	0	0	0	0	208	670	1512	13948	0	0	0	0	0	426	614	0	424	14850	0	980	0	0	0	0	0	0	1990	758	0	0	
226132	Cerebelum_8_L	0	0	0	0	0	0	0	0	0	0	0	0	0	0	0	0	0	0	0	0	0	0	0	0	0	0	0	0	0	0	0	0	0	0	0	0	0	0	0	0	0	0	0	0	0	0	168	0	0	0	0	0	0	0	612	0	0	0	0	0	0	0	0	0	0	0	0	0	0	0	0	0	0	0	0	0	0	0	0	0	0	0	0	0	0	0	0	0	148	0	12772	934	25416	2042	126	0	2364	0	3856	294	27750	424	0	3916	11640	1812	3476	0	0	0	96	196	5088	7172	2502	262	
234300	Cerebelum_8_R	0	0	0	0	0	0	0	0	0	0	0	0	0	0	0	0	0	0	0	0	0	0	0	0	0	0	0	0	0	0	0	0	0	0	0	0	0	0	0	0	0	0	0	0	0	0	0	362	0	0	0	0	0	0	0	528	0	0	0	0	0	0	0	0	0	0	0	0	0	0	0	0	0	0	0	0	0	0	0	0	0	0	0	0	0	0	0	0	0	0	1728	11384	2744	26398	0	2204	636	2074	656	6174	2764	14850	3916	0	476	14932	0	1548	284	1434	2524	714	5834	7568	4750	668	
66952	Cerebelum_9_L	0	0	0	0	0	0	0	0	0	0	0	0	0	0	0	0	0	0	0	0	0	0	0	0	0	0	0	0	0	0	0	0	0	0	0	0	0	0	0	0	0	0	0	0	0	0	0	0	0	0	0	0	0	0	0	0	0	0	0	0	0	0	0	0	0	0	0	0	0	0	0	0	0	0	0	0	0	0	0	0	0	0	0	0	0	0	0	0	0	0	1196	174	1584	374	390	0	2462	0	1512	0	2086	0	11640	476	0	1016	4626	0	0	0	168	476	1044	2216	1574	462	
111064	Cerebelum_9_R	0	0	0	0	0	0	0	0	0	0	0	0	0	0	0	0	0	0	0	0	0	0	0	0	0	0	0	0	0	0	0	0	0	0	0	0	0	0	0	0	0	0	0	0	0	0	0	148	0	0	0	0	0	0	0	120	0	0	0	0	0	0	0	0	0	0	0	0	0	0	0	0	0	0	0	0	0	0	0	0	0	0	0	0	0	0	0	0	0	0	1072	2626	992	4972	126	866	374	694	682	2276	816	980	1812	14932	1016	0	0	1032	188	716	1126	1620	3512	4900	5664	2270	
21856	Cerebelum_10_L	0	0	0	0	0	0	0	0	0	0	0	0	0	0	0	0	0	0	0	0	0	0	0	0	0	0	0	0	0	0	0	0	0	0	0	0	0	0	0	0	0	0	0	0	0	0	0	0	0	0	0	0	0	0	0	0	0	0	0	0	0	0	0	0	0	0	0	0	0	0	0	0	0	0	0	0	0	0	0	0	0	0	0	0	0	0	0	0	0	0	214	0	848	0	0	0	148	0	170	0	1042	0	3476	0	4626	0	0	0	0	0	0	0	0	198	206	0	
10620	Cerebelum_10_R	0	0	0	0	0	0	0	0	0	0	0	0	0	0	0	0	0	0	0	0	0	0	0	0	0	0	0	0	0	0	0	0	0	0	0	0	0	0	0	0	0	0	0	0	0	0	0	0	0	0	0	0	0	0	0	0	0	0	0	0	0	0	0	0	0	0	0	0	0	0	0	0	0	0	0	0	0	0	0	0	0	0	0	0	0	0	0	0	0	0	0	540	0	842	0	0	0	220	0	786	0	0	0	1548	0	1032	0	0	0	0	0	0	0	112	230	0	
18348	Vermis_1_2	0	0	0	0	0	0	0	0	0	0	0	0	0	0	0	0	0	0	0	0	0	0	0	0	0	0	0	0	0	0	0	0	0	0	0	0	0	0	0	0	0	0	0	0	0	0	0	172	0	0	0	0	0	0	0	0	0	0	0	0	0	0	0	0	0	0	0	0	0	0	0	0	0	0	0	0	0	0	0	0	0	0	0	0	0	0	0	0	0	0	162	156	94	184	548	266	992	0	440	248	0	0	0	284	0	188	0	0	0	3514	1060	212	166	240	248	0	
50160	Vermis_3	0	0	0	0	0	0	0	0	0	0	0	0	0	0	0	0	0	0	0	0	0	0	0	0	0	0	0	0	0	0	0	0	0	0	0	0	166	0	192	0	0	0	0	0	0	0	0	486	0	0	0	0	0	0	0	130	0	0	0	0	0	0	0	0	0	0	0	0	0	0	0	0	0	0	0	0	0	0	0	0	0	0	0	0	0	0	0	0	0	0	252	1264	148	1470	638	3038	1906	1668	966	1766	0	0	0	1434	0	716	0	0	3514	0	3034	500	374	576	842	0	
