data	data	771688	387568	1.39843e+06	1.03608e+06	176040	176052	558380	311608	82832	11660	458432	246616	416896	187352	238748	70672	357768	146324	923384	936344	78072	76560	539012	739048	35856	207276	82228	69004	851628	351908	619276	722844	245228	564624	166240	157108	357572	370368	178516	235004	52600	63948	198676	249960	122064	396924	321024	342920	148104	383824	446684	243364	201548	97752	462888	478256	305772	227140	164504	111512	272984	117048	129112	124348	210452	133388	380048	491044	383224	182360	480456	391720	556636	371980	66308	70156	190120	216948	95904	40560	307604	172344	197100	80188	324112	260472	37416	15876	303936	288432	513756	405168	369884	312432	46036	108820	379948	231452	476712	403932	260476	140624	313592	344528	104520	172216	20776	6660	27092	78700	200024	196748	315928	143472	133048	36456	
data	data	Precentral_L	Precentral_R	Frontal_Sup_L	Frontal_Sup_R	Frontal_Sup_Orb_L	Frontal_Sup_Orb_R	Frontal_Mid_L	Frontal_Mid_R	Frontal_Mid_Orb_L	Frontal_Mid_Orb_R	Frontal_Inf_Oper_L	Frontal_Inf_Oper_R	Frontal_Inf_Tri_L	Frontal_Inf_Tri_R	Frontal_Inf_Orb_L	Frontal_Inf_Orb_R	Rolandic_Oper_L	Rolandic_Oper_R	Supp_Motor_Area_L	Supp_Motor_Area_R	Olfactory_L	Olfactory_R	Frontal_Sup_Medial_L	Frontal_Sup_Medial_R	Frontal_Med_Orb_L	Frontal_Med_Orb_R	Rectus_L	Rectus_R	Insula_L	Insula_R	Cingulum_Ant_L	Cingulum_Ant_R	Cingulum_Mid_L	Cingulum_Mid_R	Cingulum_Post_L	Cingulum_Post_R	Hippocampus_L	Hippocampus_R	ParaHippocampal_L	ParaHippocampal_R	Amygdala_L	Amygdala_R	Calcarine_L	Calcarine_R	Cuneus_L	Cuneus_R	Lingual_L	Lingual_R	Occipital_Sup_L	Occipital_Sup_R	Occipital_Mid_L	Occipital_Mid_R	Occipital_Inf_L	Occipital_Inf_R	Fusiform_L	Fusiform_R	Postcentral_L	Postcentral_R	Parietal_Sup_L	Parietal_Sup_R	Parietal_Inf_L	Parietal_Inf_R	SupraMarginal_L	SupraMarginal_R	Angular_L	Angular_R	Precuneus_L	Precuneus_R	Paracentral_Lobule_L	Paracentral_Lobule_R	Caudate_L	Caudate_R	Putamen_L	Putamen_R	Pallidum_L	Pallidum_R	Thalamus_L	Thalamus_R	Heschl_L	Heschl_R	Temporal_Sup_L	Temporal_Sup_R	Temporal_Pole_Sup_L	Temporal_Pole_Sup_R	Temporal_Mid_L	Temporal_Mid_R	Temporal_Pole_Mid_L	Temporal_Pole_Mid_R	Temporal_Inf_L	Temporal_Inf_R	Cerebelum_Crus1_L	Cerebelum_Crus1_R	Cerebelum_Crus2_L	Cerebelum_Crus2_R	Cerebelum_3_L	Cerebelum_3_R	Cerebelum_4_5_L	Cerebelum_4_5_R	Cerebelum_6_L	Cerebelum_6_R	Cerebelum_7b_L	Cerebelum_7b_R	Cerebelum_8_L	Cerebelum_8_R	Cerebelum_9_L	Cerebelum_9_R	Cerebelum_10_L	Cerebelum_10_R	Vermis_1_2	Vermis_3	Vermis_4_5	Vermis_6	Vermis_7	Vermis_8	Vermis_9	Vermis_10	
771688	Precentral_L	0	3698	57506	4724	0	0	29662	1446	0	0	23396	0	8670	0	150	0	16228	0	43346	12734	0	0	672	640	0	0	0	0	15616	0	818	228	592	2330	2384	1304	7470	586	942	0	0	0	514	0	0	0	558	0	0	0	5136	0	2002	0	922	0	36990	264	210	0	4502	0	4008	0	480	0	588	0	40640	1896	3294	558	6010	0	3338	0	10928	2350	6426	0	8806	0	1092	0	5750	0	0	0	3440	0	0	0	0	0	0	0	0	0	0	0	0	0	0	0	0	0	0	0	0	0	0	0	0	0	0	0	
387568	Precentral_R	3698	0	4000	21716	0	0	204	14682	0	0	0	6928	0	0	0	0	0	3684	5230	15842	0	0	0	0	0	0	0	0	546	3992	376	138	0	598	1994	1794	2318	7274	904	792	0	0	0	542	0	1972	628	236	0	1588	0	318	0	1360	494	3644	270	18240	384	1328	160	2156	120	5394	0	1402	1750	3038	3236	6354	1524	5658	970	4500	384	1974	2158	10402	342	576	110	2186	0	0	162	4782	0	0	152	6438	0	142	0	0	0	0	0	0	0	0	0	0	0	0	0	0	0	0	0	0	0	0	0	0	0	0	
1.39843e+06	Frontal_Sup_L	57506	4000	0	14352	7646	238	76112	3792	2936	0	23076	1364	39484	544	10760	0	14024	190	104750	24794	0	0	51022	18834	1268	1168	804	0	43746	374	34740	11740	6738	8554	1432	728	6612	474	1444	0	0	0	0	0	0	0	152	0	0	0	644	0	282	0	1036	0	11228	134	0	0	1062	0	1464	0	0	0	194	0	24860	374	15556	4166	28604	2812	6016	224	9226	1876	1308	0	6712	0	4118	0	662	0	0	0	1260	0	0	0	0	0	0	0	0	0	0	0	0	0	0	0	0	0	0	0	0	0	0	0	0	0	0	0	
1.03608e+06	Frontal_Sup_R	4724	21716	14352	0	1286	14012	4436	39428	0	468	2548	13828	1038	14494	450	4946	2038	8082	12540	68128	0	486	13824	61788	0	11318	640	1162	6996	15836	10464	47940	5062	28646	938	556	1686	3866	792	780	0	0	0	182	0	194	556	162	0	178	0	0	0	302	470	1206	550	790	112	316	0	360	0	804	0	200	224	440	1166	114	8704	19138	3950	15076	0	5218	1874	6932	238	802	1284	474	596	1298	0	870	0	0	144	1824	0	0	0	0	0	0	0	0	0	0	0	0	0	0	0	0	0	0	0	0	0	0	0	0	0	0	
176040	Frontal_Sup_Orb_L	0	0	7646	1286	0	158	1318	506	9294	0	944	0	1060	0	9462	0	514	0	426	1086	1538	546	3228	790	4812	682	9106	0	8852	0	6632	658	0	0	0	0	174	0	182	0	268	0	0	0	0	0	0	0	0	0	0	0	0	0	0	0	0	0	0	0	0	0	0	0	0	0	0	0	0	0	5082	144	10058	0	0	0	150	0	0	0	0	0	1418	0	0	0	0	0	0	0	0	0	0	0	0	0	0	0	0	0	0	0	0	0	0	0	0	0	0	0	0	0	0	0	0	0	
176052	Frontal_Sup_Orb_R	0	0	238	14012	158	0	0	778	0	2304	0	2362	0	2380	0	5664	112	274	0	3060	188	840	364	8190	208	11864	0	6312	248	6918	730	9666	0	568	0	0	0	0	0	0	0	0	0	0	0	0	0	0	0	0	0	0	0	0	0	0	0	0	0	0	0	0	0	0	0	0	0	0	0	0	526	5390	158	4130	0	0	0	250	0	0	0	0	0	134	0	0	0	0	0	0	0	0	0	0	0	0	0	0	0	0	0	0	0	0	0	0	0	0	0	0	0	0	0	0	0	0	
558380	Frontal_Mid_L	29662	204	76112	4436	1318	0	0	1064	3654	0	16034	0	50498	0	15460	0	2522	0	8660	4848	0	0	9288	2294	0	0	0	0	19382	0	8152	1446	1064	1764	0	0	1662	0	772	0	0	0	0	0	0	0	0	0	0	0	232	0	0	0	0	0	4290	0	0	0	832	0	938	0	0	0	0	0	388	0	1938	144	3602	0	502	0	828	116	1196	0	1312	0	1990	0	392	0	0	0	194	0	0	0	0	0	0	0	0	0	0	0	0	0	0	0	0	0	0	0	0	0	0	0	0	0	0	0	
311608	Frontal_Mid_R	1446	14682	3792	39428	506	778	1064	0	0	576	154	10164	0	17498	0	3574	150	1714	3510	7256	0	116	1480	10602	0	264	206	150	3258	3312	2974	3136	110	4088	0	0	0	642	0	174	0	0	0	0	0	0	0	0	0	0	0	0	0	0	0	296	154	132	0	0	0	210	0	288	0	0	0	0	0	0	7656	2398	1902	2868	350	1892	0	518	0	110	0	0	0	0	0	0	0	0	0	226	0	0	0	0	0	0	0	0	0	0	0	0	0	0	0	0	0	0	0	0	0	0	0	0	0	0	
82832	Frontal_Mid_Orb_L	0	0	2936	0	9294	0	3654	0	0	0	0	0	1960	0	15676	0	0	0	0	0	200	196	0	0	600	0	1728	0	1128	0	200	0	0	0	0	0	0	0	0	0	0	0	0	0	0	0	0	0	0	0	0	0	0	0	0	0	0	0	0	0	0	0	0	0	0	0	0	0	0	0	618	0	944	0	0	0	0	0	0	0	0	0	2282	0	0	0	0	0	0	0	0	0	0	0	0	0	0	0	0	0	0	0	0	0	0	0	0	0	0	0	0	0	0	0	0	0	
11660	Frontal_Mid_Orb_R	0	0	0	468	0	2304	0	576	0	0	0	0	0	0	0	2036	0	0	0	0	0	0	0	0	0	142	0	198	0	0	0	0	0	0	0	0	0	0	0	0	0	0	0	0	0	0	0	0	0	0	0	0	0	0	0	0	0	0	0	0	0	0	0	0	0	0	0	0	0	0	0	106	0	0	0	0	0	0	0	0	0	0	0	0	0	0	0	0	0	0	0	0	0	0	0	0	0	0	0	0	0	0	0	0	0	0	0	0	0	0	0	0	0	0	0	0	
458432	Frontal_Inf_Oper_L	23396	0	23076	2548	944	0	16034	154	0	0	0	186	21456	0	712	0	23156	232	9672	2948	0	0	6456	1570	0	338	294	0	28832	278	11822	1350	750	480	0	0	1172	0	254	0	0	0	0	0	0	0	0	0	0	0	0	0	0	0	194	0	7186	0	0	0	124	0	120	0	0	0	0	0	454	0	10128	598	10842	440	228	0	2404	0	860	0	9728	0	7654	0	0	0	0	0	146	0	0	0	0	0	0	0	0	0	0	0	0	0	0	0	0	0	0	0	0	0	0	0	0	0	0	0	
246616	Frontal_Inf_Oper_R	0	6928	1364	13828	0	2362	0	10164	0	0	186	0	0	14032	0	182	158	7918	906	7442	0	0	474	4604	0	2366	0	0	1356	15566	1234	3976	110	934	0	0	0	1288	0	692	0	0	0	0	0	196	0	0	0	146	0	0	0	0	0	406	0	2956	0	204	0	352	0	826	0	138	184	344	0	0	3522	2972	634	6506	0	1100	208	318	0	1126	0	310	0	2352	0	224	0	0	0	214	0	0	0	0	0	0	0	0	0	0	0	0	0	0	0	0	0	0	0	0	0	0	0	0	0	0	
416896	Frontal_Inf_Tri_L	8670	0	39484	1038	1060	0	50498	0	1960	0	21456	0	0	0	19376	0	564	0	4686	1446	0	0	9602	2718	0	0	138	0	24406	0	10460	1310	496	1010	0	0	0	0	0	0	0	0	0	0	0	0	0	0	0	0	0	0	0	0	0	0	682	0	0	0	0	0	0	0	0	0	0	0	0	0	2422	0	3924	0	0	0	0	0	0	0	154	0	888	0	0	0	0	0	0	0	0	0	0	0	0	0	0	0	0	0	0	0	0	0	0	0	0	0	0	0	0	0	0	0	0	0	
187352	Frontal_Inf_Tri_R	0	0	544	14494	0	2380	0	17498	0	0	0	14032	0	0	0	6564	0	872	626	2814	0	0	612	7238	0	2142	0	0	0	9558	756	5984	132	1682	0	0	0	0	0	0	0	0	0	0	0	0	0	0	0	0	0	0	0	0	0	0	0	0	0	0	0	0	0	0	0	0	0	0	0	0	1100	3786	336	340	0	0	0	0	0	186	0	0	0	0	0	0	0	0	0	0	0	0	0	0	0	0	0	0	0	0	0	0	0	0	0	0	0	0	0	0	0	0	0	0	0	0	
238748	Frontal_Inf_Orb_L	150	0	10760	450	9462	0	15460	0	15676	0	712	0	19376	0	0	0	0	0	244	398	1902	200	2340	746	0	0	1720	0	20042	0	2494	686	294	614	0	0	312	0	470	0	440	0	0	0	0	0	0	0	0	0	0	0	0	0	114	0	0	0	0	0	0	0	0	0	0	0	0	0	0	0	1292	0	5186	0	0	0	0	0	0	0	0	0	7834	0	0	0	0	0	0	0	0	0	0	0	0	0	0	0	0	0	0	0	0	0	0	0	0	0	0	0	0	0	0	0	0	0	
70672	Frontal_Inf_Orb_R	0	0	0	4946	0	5664	0	3574	0	2036	0	182	0	6564	0	0	0	0	0	124	0	626	0	930	0	642	0	956	0	6244	114	864	0	0	0	0	0	0	0	0	0	0	0	0	0	0	0	0	0	0	0	0	0	0	0	142	0	0	0	0	0	0	0	0	0	0	0	0	0	0	0	478	0	1050	0	0	0	0	0	0	0	0	0	200	0	0	0	0	0	0	0	0	0	0	0	0	0	0	0	0	0	0	0	0	0	0	0	0	0	0	0	0	0	0	0	0	
357768	Rolandic_Oper_L	16228	0	14024	2038	514	112	2522	150	0	0	23156	158	564	0	0	0	0	128	12452	2092	0	0	628	610	0	302	184	0	32760	176	1588	866	670	328	332	0	1776	0	226	0	0	0	430	0	0	0	176	0	0	0	1914	0	482	0	308	0	10404	0	0	0	256	0	2024	0	116	0	304	0	1044	0	5502	570	4744	416	196	0	2258	0	3590	0	18738	0	7462	0	1812	0	0	0	1554	0	0	0	0	0	0	0	0	0	0	0	0	0	0	0	0	0	0	0	0	0	0	0	0	0	0	0	
146324	Rolandic_Oper_R	0	3684	190	8082	0	274	0	1714	0	0	232	7918	0	872	0	0	128	0	160	7336	0	0	0	612	0	160	0	0	288	12794	122	462	0	154	0	0	0	758	0	220	0	0	0	0	0	348	0	0	0	382	0	0	0	0	0	264	0	3930	0	370	0	640	0	5900	0	644	298	644	0	0	310	472	168	2742	0	416	0	0	0	3308	0	3100	0	2212	0	494	0	0	0	360	0	0	0	0	0	0	0	0	0	0	0	0	0	0	0	0	0	0	0	0	0	0	0	0	0	0	
923384	Supp_Motor_Area_L	43346	5230	104750	12540	426	0	8660	3510	0	0	9672	906	4686	626	244	0	12452	160	0	43872	0	0	12346	9172	0	236	210	0	17884	300	9662	7622	14512	19632	2508	1358	5110	602	792	190	0	0	0	0	0	0	142	0	0	0	706	0	336	0	1012	0	9180	164	0	0	650	0	1012	0	0	0	320	0	24814	690	11822	4370	22176	3370	6146	480	9172	1748	1026	0	5652	0	1498	0	734	0	0	0	1256	0	0	0	0	0	0	0	0	0	0	0	0	0	0	0	0	0	0	0	0	0	0	0	0	0	0	0	
936344	Supp_Motor_Area_R	12734	15842	24794	68128	1086	3060	4848	7256	0	0	2948	7442	1446	2814	398	124	2092	7336	43872	0	0	0	6836	27616	0	2948	564	0	6024	8502	5572	23396	10394	44668	3748	4164	2058	4648	650	738	0	0	0	326	0	832	486	0	0	656	0	172	0	642	442	1374	892	3120	0	230	0	264	0	590	0	390	638	1942	11210	12584	6884	20114	4020	13734	0	3986	854	14160	378	762	1154	1198	430	1232	178	1806	0	0	204	1542	0	0	0	0	0	0	0	0	0	0	0	0	0	0	0	0	0	0	0	0	0	0	0	0	0	0	
78072	Olfactory_L	0	0	0	0	1538	188	0	0	200	0	0	0	0	0	1902	0	0	0	0	0	0	6432	0	0	162	242	2190	1442	2054	0	2522	1990	0	0	0	0	316	0	528	0	704	0	0	0	0	0	0	0	0	0	0	0	0	0	116	0	0	0	0	0	0	0	0	0	0	0	0	0	0	0	7582	2800	4620	550	292	0	0	0	0	0	0	0	666	0	0	0	0	0	0	0	0	0	0	0	0	0	0	0	0	0	0	0	0	0	0	0	0	0	0	0	0	0	0	0	0	0	
76560	Olfactory_R	0	0	0	486	546	840	0	116	196	0	0	0	0	0	200	626	0	0	0	0	6432	0	0	0	108	510	1462	2584	0	1900	1938	2042	0	0	0	0	0	0	0	274	0	754	0	0	0	0	0	0	0	0	0	0	0	0	0	0	0	0	0	0	0	0	0	0	0	0	0	0	0	0	7620	3920	4030	1052	644	0	0	0	0	0	0	0	0	0	0	0	0	0	0	0	0	0	0	0	0	0	0	0	0	0	0	0	0	0	0	0	0	0	0	0	0	0	0	0	0	0	
539012	Frontal_Sup_Medial_L	672	0	51022	13824	3228	364	9288	1480	0	0	6456	474	9602	612	2340	0	628	0	12346	6836	0	0	0	39192	1248	1762	572	0	8110	222	39950	23562	10292	15608	0	0	0	0	0	0	0	0	0	0	0	0	0	0	0	0	0	0	0	0	0	0	144	0	0	0	0	0	0	0	0	0	0	0	0	0	3474	578	4596	260	0	0	160	0	0	0	224	0	380	0	0	0	0	0	0	0	0	0	0	0	0	0	0	0	0	0	0	0	0	0	0	0	0	0	0	0	0	0	0	0	0	0	
739048	Frontal_Sup_Medial_R	640	0	18834	61788	790	8190	2294	10602	0	0	1570	4604	2718	7238	746	930	610	612	9172	27616	0	0	39192	0	332	15880	152	1318	2452	4794	22006	61020	7982	32724	0	0	0	140	0	0	0	0	0	0	0	0	0	0	0	0	0	0	0	0	0	0	128	0	0	0	0	0	0	0	0	0	0	0	0	0	2626	10634	1676	5384	0	170	118	1220	0	0	384	0	238	0	0	0	0	0	0	0	0	0	0	0	0	0	0	0	0	0	0	0	0	0	0	0	0	0	0	0	0	0	0	0	0	0	
35856	Frontal_Med_Orb_L	0	0	1268	0	4812	208	0	0	600	0	0	0	0	0	0	0	0	0	0	0	162	108	1248	332	0	1180	1972	0	0	0	4236	382	0	0	0	0	0	0	0	0	0	0	0	0	0	0	0	0	0	0	0	0	0	0	0	0	0	0	0	0	0	0	0	0	0	0	0	0	0	0	546	0	874	0	0	0	0	0	0	0	0	0	0	0	0	0	0	0	0	0	0	0	0	0	0	0	0	0	0	0	0	0	0	0	0	0	0	0	0	0	0	0	0	0	0	0	
207276	Frontal_Med_Orb_R	0	0	1168	11318	682	11864	0	264	0	142	338	2366	0	2142	0	642	302	160	236	2948	242	510	1762	15880	1180	0	136	6430	458	4526	3646	16546	0	284	0	0	0	136	0	0	0	0	0	0	0	0	0	0	0	0	0	0	0	0	0	0	0	0	0	0	0	0	0	0	0	0	0	0	0	0	972	7690	442	6602	0	0	0	1168	0	0	230	0	226	0	0	0	0	0	0	0	0	0	0	0	0	0	0	0	0	0	0	0	0	0	0	0	0	0	0	0	0	0	0	0	0	0	
82228	Rectus_L	0	0	804	640	9106	0	0	206	1728	0	294	0	138	0	1720	0	184	0	210	564	2190	1462	572	152	1972	136	0	426	3468	0	3106	644	0	0	0	0	0	0	122	0	126	0	0	0	0	0	0	0	0	0	0	0	0	0	0	0	0	0	0	0	0	0	0	0	0	0	0	0	0	0	5094	148	5672	0	0	0	0	0	0	0	0	0	230	0	0	0	0	0	0	0	0	0	0	0	0	0	0	0	0	0	0	0	0	0	0	0	0	0	0	0	0	0	0	0	0	0	
69004	Rectus_R	0	0	0	1162	0	6312	0	150	0	198	0	0	0	0	0	956	0	0	0	0	1442	2584	0	1318	0	6430	426	0	0	1356	1062	3410	0	0	0	0	0	0	0	0	0	114	0	0	0	0	0	0	0	0	0	0	0	0	0	0	0	0	0	0	0	0	0	0	0	0	0	0	0	0	1520	3296	994	1772	0	0	0	0	0	0	0	0	0	0	0	0	0	0	0	0	0	0	0	0	0	0	0	0	0	0	0	0	0	0	0	0	0	0	0	0	0	0	0	0	0	0	
851628	Insula_L	15616	546	43746	6996	8852	248	19382	3258	1128	0	28832	1356	24406	0	20042	0	32760	288	17884	6024	2054	0	8110	2452	0	458	3468	0	0	378	15802	2634	1362	1232	738	154	13472	182	3578	0	3520	0	786	0	0	0	308	0	0	0	3022	0	870	0	5506	0	6594	0	0	0	528	0	862	110	130	0	572	0	2534	0	21304	1232	35986	616	620	0	6144	594	7628	0	16900	0	12852	0	3954	0	0	0	5204	0	0	0	0	0	0	0	0	0	0	0	0	0	0	0	0	0	0	0	0	0	0	0	0	0	0	0	
351908	Insula_R	0	3992	374	15836	0	6918	0	3312	0	0	278	15566	0	9558	0	6244	176	12794	300	8502	0	1900	222	4794	0	4526	0	1356	378	0	440	6118	0	336	110	0	110	9196	0	4346	0	1900	0	0	0	148	0	0	0	0	0	0	0	276	0	5810	0	1904	0	246	0	138	0	612	0	0	0	422	0	172	830	3574	320	19570	0	912	0	658	0	3790	0	7506	0	3460	0	1330	0	0	0	4694	0	0	0	0	0	0	0	0	0	0	0	0	0	0	0	0	0	0	0	0	0	0	0	0	0	0	
619276	Cingulum_Ant_L	818	376	34740	10464	6632	730	8152	2974	200	0	11822	1234	10460	756	2494	114	1588	122	9662	5572	2522	1938	39950	22006	4236	3646	3106	1062	15802	440	0	31712	9240	10296	606	0	0	0	0	0	0	0	0	0	0	0	0	0	0	0	0	0	0	0	0	0	110	108	0	0	0	0	0	0	0	0	0	0	0	0	21478	5448	21948	2914	0	0	646	238	0	0	456	0	820	0	0	0	0	0	0	0	0	0	0	0	0	0	0	0	0	0	0	0	0	0	0	0	0	0	0	0	0	0	0	0	0	0	
722844	Cingulum_Ant_R	228	138	11740	47940	658	9666	1446	3136	0	0	1350	3976	1310	5984	686	864	866	462	7622	23396	1990	2042	23562	61020	382	16546	644	3410	2634	6118	31712	0	8448	32860	0	0	0	238	0	130	0	0	0	0	0	0	0	0	0	0	0	0	0	0	0	0	0	0	0	0	0	0	0	0	0	0	0	0	0	0	5986	23242	3836	11654	0	246	398	1916	0	0	478	0	340	122	0	0	0	0	0	0	0	0	0	0	0	0	0	0	0	0	0	0	0	0	0	0	0	0	0	0	0	0	0	0	0	0	
245228	Cingulum_Mid_L	592	0	6738	5062	0	0	1064	110	0	0	750	110	496	132	294	0	670	0	14512	10394	0	0	10292	7982	0	0	0	0	1362	0	9240	8448	0	24216	3502	864	0	0	0	0	0	0	186	0	122	250	0	0	1548	172	2178	0	488	0	0	0	280	0	324	0	368	0	128	0	306	0	4018	1132	2162	308	786	0	544	0	0	0	0	0	0	0	484	0	0	0	0	0	0	0	0	0	0	0	0	0	0	0	0	0	0	0	0	0	0	0	0	0	0	0	0	0	0	0	0	0	0	0	
564624	Cingulum_Mid_R	2330	598	8554	28646	0	568	1764	4088	0	0	480	934	1010	1682	614	0	328	154	19632	44668	0	0	15608	32724	0	284	0	0	1232	336	10296	32860	24216	0	1880	5228	0	0	0	0	0	0	0	868	0	3588	0	538	0	2536	0	416	0	326	0	334	0	3718	108	0	0	0	0	0	0	0	2410	8590	4720	9272	620	1144	314	298	0	122	0	0	0	0	174	484	0	0	0	564	0	0	0	454	0	0	0	0	0	0	0	0	0	0	0	0	0	0	0	0	0	0	0	0	0	0	0	0	0	0	
166240	Cingulum_Post_L	2384	1994	1432	938	0	0	0	0	0	0	0	0	0	0	0	0	332	0	2508	3748	0	0	0	0	0	0	0	0	738	110	606	0	3502	1880	0	11042	5514	4278	2520	1058	0	0	2868	422	1038	866	3350	1158	298	424	1472	122	692	0	1536	534	180	1326	0	0	0	0	0	0	0	0	6430	2466	4792	2274	0	0	0	126	0	0	180	3846	342	0	352	0	0	0	984	0	0	0	290	0	0	0	0	0	0	0	0	0	0	0	0	0	0	0	0	0	0	0	0	0	168	0	0	0	0	0	
157108	Cingulum_Post_R	1304	1794	728	556	0	0	0	0	0	0	0	0	0	0	0	0	0	0	1358	4164	0	0	0	0	0	0	0	0	154	0	0	0	864	5228	11042	0	3952	5500	1544	1674	0	0	204	2480	0	1574	1552	3820	0	694	0	388	0	1528	944	2550	0	1678	0	0	0	0	0	0	0	0	2110	8552	1452	3132	0	0	0	0	0	0	254	2970	238	0	0	270	0	0	142	270	0	0	164	872	0	180	0	0	0	0	0	0	0	0	0	0	0	0	0	0	0	0	0	0	674	0	0	0	0	0	
357572	Hippocampus_L	7470	2318	6612	1686	174	0	1662	0	0	0	1172	0	0	0	312	0	1776	0	5110	2058	316	0	0	0	0	0	0	0	13472	110	0	0	0	0	5514	3952	0	4180	23454	1066	8972	0	894	0	0	0	6178	970	0	0	424	0	712	0	20612	410	1714	0	0	0	216	0	148	0	0	0	1876	426	3874	0	318	154	10180	144	480	0	5310	5702	1832	0	3708	0	1626	0	3250	0	0	0	11794	0	1162	0	168	0	250	0	1250	0	1318	0	146	0	154	0	0	0	0	0	0	0	0	0	0	0	0	0	
370368	Hippocampus_R	586	7274	474	3866	0	0	0	642	0	0	0	1288	0	0	0	0	0	758	602	4648	0	0	0	140	0	136	0	0	182	9196	0	238	0	0	4278	5500	4180	0	1794	31050	0	10100	114	1818	0	0	1610	7208	0	0	0	0	0	1062	1024	30292	0	402	0	0	0	0	0	0	0	0	538	4746	390	452	0	154	0	14222	0	2086	440	6612	286	1200	0	3052	0	3322	158	980	0	112	182	12172	0	632	0	0	0	342	0	1692	0	254	0	0	0	0	0	160	0	0	0	148	390	0	0	0	0	0	
178516	ParaHippocampal_L	942	904	1444	792	182	0	772	0	0	0	254	0	0	0	470	0	226	0	792	650	528	0	0	0	0	0	122	0	3578	0	0	0	0	0	2520	1544	23454	1794	0	552	4978	0	0	0	0	0	5380	538	0	0	134	0	260	0	13878	254	354	0	0	0	0	0	0	0	0	0	474	130	198	0	180	0	4470	136	0	0	1528	2574	0	0	484	0	1758	0	224	0	906	0	2282	0	1206	0	206	0	918	0	2034	0	1712	0	170	0	240	0	0	0	0	0	0	132	0	0	0	0	0	0	
235004	ParaHippocampal_R	0	792	0	780	0	0	0	174	0	0	0	692	0	0	0	0	0	220	190	738	0	274	0	0	0	0	0	0	0	4346	0	130	0	0	1058	1674	1066	31050	552	0	0	7170	0	846	0	0	556	7354	0	0	0	0	0	214	262	23456	0	0	0	0	0	0	0	0	0	0	394	3176	0	0	0	126	0	6646	0	1518	0	2354	0	558	0	1240	0	3624	0	490	0	724	0	6646	0	668	0	0	0	542	0	3332	0	682	0	0	0	214	0	278	0	0	0	134	252	0	0	144	166	0	
52600	Amygdala_L	0	0	0	0	268	0	0	0	0	0	0	0	0	0	440	0	0	0	0	0	704	0	0	0	0	0	126	0	3520	0	0	0	0	0	0	0	8972	0	4978	0	0	0	0	0	0	0	0	0	0	0	0	0	0	0	3714	0	0	0	0	0	0	0	0	0	0	0	0	0	0	0	258	0	1434	0	0	0	0	0	0	0	0	0	1266	0	0	0	0	0	620	0	0	0	0	0	0	0	0	0	0	0	0	0	0	0	0	0	0	0	0	0	0	0	0	0	0	0	
63948	Amygdala_R	0	0	0	0	0	0	0	0	0	0	0	0	0	0	0	0	0	0	0	0	0	754	0	0	0	0	0	114	0	1900	0	0	0	0	0	0	0	10100	0	7170	0	0	0	0	0	0	0	0	0	0	0	0	0	0	0	5922	0	0	0	0	0	0	0	0	0	0	0	0	0	0	0	0	0	2160	0	0	0	0	0	0	0	0	0	2950	0	0	0	108	0	796	0	0	0	0	0	0	0	0	0	0	0	0	0	0	0	0	0	0	0	0	0	0	0	0	0	0	
198676	Calcarine_L	514	0	0	0	0	0	0	0	0	0	0	0	0	0	0	0	430	0	0	0	0	0	0	0	0	0	0	0	786	0	0	0	186	0	2868	204	894	114	0	0	0	0	0	5006	11560	2654	13576	2284	5756	422	21428	0	8330	0	1308	0	146	0	186	0	208	0	0	0	152	0	13074	816	976	0	0	0	0	0	0	0	0	0	550	0	232	0	0	0	3526	0	0	0	712	0	0	0	0	0	0	0	268	0	0	0	0	0	0	0	0	0	0	0	0	0	172	0	0	0	0	0	
249960	Calcarine_R	0	542	0	182	0	0	0	0	0	0	0	0	0	0	0	0	0	0	0	326	0	0	0	0	0	0	0	0	0	0	0	0	0	868	422	2480	0	1818	0	846	0	0	5006	0	2700	16754	760	22132	234	14346	0	11112	0	3692	0	6644	0	768	176	212	0	0	0	0	0	0	2302	16780	0	1242	0	0	0	0	0	0	0	0	0	0	0	0	0	0	0	6792	0	0	0	5274	0	254	0	0	0	0	0	0	0	156	0	0	0	0	0	0	0	0	0	0	160	0	0	0	0	0	
122064	Cuneus_L	0	0	0	0	0	0	0	0	0	0	0	0	0	0	0	0	0	0	0	0	0	0	0	0	0	0	0	0	0	0	0	0	122	0	1038	0	0	0	0	0	0	0	11560	2700	0	4276	2824	490	15620	760	9044	0	1794	0	224	0	0	0	1206	0	0	0	0	0	0	0	8210	758	0	0	0	0	0	0	0	0	0	0	0	0	0	0	0	0	296	0	0	0	110	0	0	0	0	0	0	0	0	0	0	0	0	0	0	0	0	0	0	0	0	0	0	0	0	0	0	0	
396924	Cuneus_R	0	1972	0	194	0	0	0	0	0	0	0	196	0	0	0	0	0	348	0	832	0	0	0	0	0	0	0	0	0	148	0	0	250	3588	866	1574	0	0	0	0	0	0	2654	16754	4276	0	216	6242	608	46582	218	10352	0	478	0	800	0	5116	4310	4316	106	664	0	486	106	1574	18950	42636	0	4954	0	0	0	0	0	0	0	0	0	0	0	4092	0	0	0	8752	0	0	0	3252	0	0	0	0	0	0	0	0	0	0	0	0	0	0	0	0	0	0	0	0	0	0	0	0	0	0	
321024	Lingual_L	558	628	152	556	0	0	0	0	0	0	0	0	0	0	0	0	176	0	142	486	0	0	0	0	0	0	0	0	308	0	0	0	0	0	3350	1552	6178	1610	5380	556	0	0	13576	760	2824	216	0	4854	2748	0	15538	0	11352	0	18476	582	0	0	0	0	0	0	0	0	156	0	5912	308	860	0	0	0	0	108	0	0	774	1914	0	0	0	0	0	0	934	0	0	0	708	0	7200	1612	990	242	108	0	13368	2040	15154	2744	206	0	180	0	0	0	0	0	0	0	6766	4238	1030	0	0	402	
342920	Lingual_R	0	236	0	162	0	0	0	0	0	0	0	0	0	0	0	0	0	0	0	0	0	0	0	0	0	0	0	0	0	0	0	0	0	538	1158	3820	970	7208	538	7354	0	0	2284	22132	490	6242	4854	0	0	7870	0	6014	0	5388	1378	19574	0	0	0	0	0	0	0	0	0	0	844	9460	0	232	0	0	0	0	0	0	0	1334	0	0	0	0	0	0	0	560	0	0	0	1542	3996	4330	684	0	0	0	4354	6952	6472	11516	162	0	410	0	0	0	0	0	0	114	8242	9364	2682	0	0	0	
148104	Occipital_Sup_L	0	0	0	0	0	0	0	0	0	0	0	0	0	0	0	0	0	0	0	0	0	0	0	0	0	0	0	0	0	0	0	0	1548	0	298	0	0	0	0	0	0	0	5756	234	15620	608	2748	0	0	150	23202	0	3114	0	0	0	0	0	6810	0	1602	0	0	0	290	0	10734	848	262	0	0	0	0	0	0	0	0	0	0	0	0	0	0	0	122	106	0	0	0	0	0	0	0	0	0	0	0	0	0	0	0	0	0	0	0	0	0	0	0	0	0	0	0	0	0	0	
383824	Occipital_Sup_R	0	1588	0	178	0	0	0	0	0	0	0	146	0	0	0	0	0	382	0	656	0	0	0	0	0	0	0	0	0	0	0	0	172	2536	424	694	0	0	0	0	0	0	422	14346	760	46582	0	7870	150	0	0	20302	0	608	0	1084	0	5358	2928	9084	0	2634	0	448	0	5700	12488	34896	0	5068	0	0	0	0	0	0	0	0	0	0	0	3162	0	0	0	8230	0	0	0	3016	0	0	0	0	0	0	0	0	0	0	0	0	0	0	0	0	0	0	0	0	0	0	0	0	0	0	
446684	Occipital_Mid_L	5136	0	644	0	0	0	232	0	0	0	0	0	0	0	0	0	1914	0	706	0	0	0	0	0	0	0	0	0	3022	0	0	0	2178	0	1472	0	424	0	134	0	0	0	21428	0	9044	218	15538	0	23202	0	0	0	30550	0	5754	0	1170	0	10062	0	15738	0	574	0	22684	0	15356	448	10500	0	0	0	0	0	0	0	0	0	1438	0	1266	0	0	0	18260	0	0	0	2898	0	280	0	0	0	0	0	422	0	512	0	0	0	0	0	0	0	0	0	0	0	138	0	0	0	0	0	
243364	Occipital_Mid_R	0	318	0	0	0	0	0	0	0	0	0	0	0	0	0	0	0	0	0	172	0	0	0	0	0	0	0	0	0	0	0	0	0	416	122	388	0	0	0	0	0	0	0	11112	0	10352	0	6014	0	20302	0	0	0	6680	0	4524	0	1554	1494	3980	0	5138	0	0	0	11774	3660	10038	0	1462	0	0	0	0	0	0	0	0	0	0	0	622	0	0	0	15054	0	0	0	3346	290	596	0	0	0	0	148	0	186	848	0	0	0	0	0	0	0	0	0	0	154	672	266	0	0	0	
201548	Occipital_Inf_L	2002	0	282	0	0	0	0	0	0	0	0	0	0	0	0	0	482	0	336	0	0	0	0	0	0	0	0	0	870	0	0	0	488	0	692	0	712	0	260	0	0	0	8330	0	1794	0	11352	0	3114	0	30550	0	0	0	11448	0	0	0	200	0	1492	0	120	0	1724	0	4146	118	2870	0	0	0	0	0	0	0	0	0	226	0	348	0	0	0	6214	0	0	0	8488	0	810	0	0	0	0	0	548	0	758	0	0	0	0	0	0	0	0	0	0	0	0	0	0	0	0	0	
97752	Occipital_Inf_R	0	1360	0	302	0	0	0	0	0	0	0	0	0	0	0	0	0	0	0	642	0	0	0	0	0	0	0	0	0	276	0	0	0	326	0	1528	0	1062	0	214	0	0	0	3692	0	478	0	5388	0	608	0	6680	0	0	0	9786	0	312	0	0	0	0	0	0	0	0	158	2490	0	918	0	0	0	0	0	0	0	0	0	150	0	0	0	0	0	2074	0	0	0	5662	318	968	0	0	0	0	162	156	198	1370	0	0	0	0	0	0	0	0	0	0	182	1010	406	0	0	0	
462888	Fusiform_L	922	494	1036	470	0	0	0	0	0	0	194	0	0	0	114	0	308	0	1012	442	116	0	0	0	0	0	0	0	5506	0	0	0	0	0	1536	944	20612	1024	13878	262	3714	0	1308	0	224	0	18476	1378	0	0	5754	0	11448	0	0	288	0	0	0	0	250	0	0	0	402	0	810	0	1082	0	0	0	3804	0	0	0	360	1374	228	0	2316	0	4732	0	3288	0	2408	0	21448	0	25722	576	3486	296	482	122	20498	370	33124	906	1852	0	2454	260	512	160	132	0	0	112	2704	1804	1068	210	258	374	
478256	Fusiform_R	0	3644	0	1206	0	0	0	296	0	0	0	406	0	0	0	142	0	264	0	1374	0	0	0	0	0	0	0	0	0	5810	0	0	0	334	534	2550	410	30292	254	23456	0	5922	0	6644	0	800	582	19574	0	1084	0	4524	0	9786	288	0	0	524	0	0	0	0	0	0	0	0	280	4222	0	1224	0	0	0	5636	0	596	0	2044	0	1258	0	5088	0	9492	0	1876	0	2136	0	20224	2214	14288	498	262	0	1466	1142	11506	1606	21696	148	0	418	388	0	134	0	0	0	200	2532	3850	1888	0	116	0	
305772	Postcentral_L	36990	270	11228	550	0	0	4290	154	0	0	7186	0	682	0	0	0	10404	0	9180	892	0	0	144	128	0	0	0	0	6594	0	110	0	280	0	180	0	1714	0	354	0	0	0	146	0	0	0	0	0	0	0	1170	0	0	0	0	0	0	0	5722	0	19944	0	11312	0	2458	0	1670	0	8040	0	332	0	1244	0	0	0	720	190	2736	0	3776	0	532	0	848	0	0	0	716	0	0	0	0	0	0	0	0	0	0	0	0	0	0	0	0	0	0	0	0	0	0	0	0	0	0	0	
227140	Postcentral_R	264	18240	134	790	0	0	0	132	0	0	0	2956	0	0	0	0	0	3930	164	3120	0	0	0	0	0	0	0	0	0	1904	108	0	0	3718	1326	1678	0	402	0	0	0	0	0	768	0	5116	0	0	0	5358	0	1554	0	312	0	524	0	0	340	4918	0	5946	0	13360	0	1792	1728	9176	532	15380	194	0	0	1612	0	266	0	306	0	178	0	1738	0	0	0	1846	0	0	0	1760	0	0	0	0	0	0	0	0	0	0	0	0	0	0	0	0	0	0	0	0	0	0	0	0	0	0	
164504	Parietal_Sup_L	210	384	0	112	0	0	0	0	0	0	0	0	0	0	0	0	0	0	0	0	0	0	0	0	0	0	0	0	0	0	0	0	324	108	0	0	0	0	0	0	0	0	186	176	1206	4310	0	0	6810	2928	10062	1494	200	0	0	0	5722	340	0	204	15006	132	154	0	7952	306	14832	5316	2496	232	0	0	0	0	0	0	0	0	0	0	0	278	0	0	106	516	0	0	0	150	0	0	0	0	0	0	0	0	0	0	0	0	0	0	0	0	0	0	0	0	0	0	0	0	0	0	
111512	Parietal_Sup_R	0	1328	0	316	0	0	0	0	0	0	0	204	0	0	0	0	0	370	0	230	0	0	0	0	0	0	0	0	0	246	0	0	0	0	0	0	0	0	0	0	0	0	0	212	0	4316	0	0	0	9084	0	3980	0	0	0	0	0	4918	204	0	0	9960	0	3338	0	8290	682	6388	0	256	0	0	0	0	0	0	0	0	0	0	0	854	0	0	0	416	0	0	0	164	0	0	0	0	0	0	0	0	0	0	0	0	0	0	0	0	0	0	0	0	0	0	0	0	0	0	
272984	Parietal_Inf_L	4502	160	1062	0	0	0	832	0	0	0	124	0	0	0	0	0	256	0	650	0	0	0	0	0	0	0	0	0	528	0	0	0	368	0	0	0	216	0	0	0	0	0	208	0	0	106	0	0	1602	0	15738	0	1492	0	250	0	19944	0	15006	0	0	0	16304	0	32772	0	4000	110	5782	0	0	0	0	0	0	0	0	0	0	0	2170	0	0	0	7410	0	0	0	4900	0	0	0	0	0	0	0	0	0	0	0	0	0	0	0	0	0	0	0	0	0	0	0	0	0	0	0	
117048	Parietal_Inf_R	0	2156	0	360	0	0	0	210	0	0	0	352	0	0	0	0	0	640	0	264	0	0	0	0	0	0	0	0	0	138	0	0	0	0	0	0	0	0	0	0	0	0	0	0	0	664	0	0	0	2634	0	5138	0	0	0	0	0	5946	132	9960	0	0	0	11086	0	13690	382	1010	0	226	0	0	0	0	0	0	0	0	0	168	0	838	0	0	0	1174	0	0	0	1356	0	0	0	0	0	0	0	0	0	0	0	0	0	0	0	0	0	0	0	0	0	0	0	0	0	0	
129112	SupraMarginal_L	4008	120	1464	0	0	0	938	0	0	0	120	0	0	0	0	0	2024	0	1012	0	0	0	0	0	0	0	0	0	862	0	0	0	128	0	0	0	148	0	0	0	0	0	0	0	0	0	0	0	0	0	574	0	120	0	0	0	11312	0	154	0	16304	0	0	0	7688	0	0	0	1670	0	0	0	0	0	0	0	0	0	242	0	6996	0	0	0	5494	0	0	0	3178	0	0	0	0	0	0	0	0	0	0	0	0	0	0	0	0	0	0	0	0	0	0	0	0	0	0	0	
124348	SupraMarginal_R	0	5394	0	804	0	0	0	288	0	0	0	826	0	0	0	0	0	5900	0	590	0	0	0	0	0	0	0	0	110	612	0	0	0	0	0	0	0	0	0	0	0	0	0	0	0	486	0	0	0	448	0	0	0	0	0	0	0	13360	0	3338	0	11086	0	0	0	5950	362	664	0	140	216	0	0	0	0	0	0	0	0	108	0	5818	0	0	0	1760	0	0	0	3914	0	0	0	0	0	0	0	0	0	0	0	0	0	0	0	0	0	0	0	0	0	0	0	0	0	0	
210452	Angular_L	480	0	0	0	0	0	0	0	0	0	0	0	0	0	0	0	116	0	0	0	0	0	0	0	0	0	0	0	130	0	0	0	306	0	0	0	0	0	0	0	0	0	152	0	0	106	156	0	290	0	22684	0	1724	0	402	0	2458	0	7952	0	32772	0	7688	0	0	0	4278	110	3296	0	0	0	0	0	0	0	0	0	124	0	1862	0	0	0	12570	0	0	0	5570	0	0	0	0	0	0	0	0	0	0	0	0	0	0	0	0	0	0	0	0	0	0	0	0	0	0	0	
133388	Angular_R	0	1402	0	200	0	0	0	0	0	0	0	138	0	0	0	0	0	644	0	390	0	0	0	0	0	0	0	0	0	0	0	0	0	0	0	0	0	0	0	0	0	0	0	0	0	1574	0	0	0	5700	0	11774	0	0	0	0	0	1792	306	8290	0	13690	0	5950	0	0	808	1960	0	414	0	0	0	0	0	0	0	0	0	0	0	3614	0	0	0	6058	0	0	0	1990	0	0	0	0	0	0	0	0	0	0	0	0	0	0	0	0	0	0	0	0	0	0	0	0	0	0	
380048	Precuneus_L	588	1750	194	224	0	0	0	0	0	0	0	184	0	0	0	0	304	298	320	638	0	0	0	0	0	0	0	0	572	0	0	0	4018	2410	6430	2110	1876	538	474	394	0	0	13074	2302	8210	18950	5912	844	10734	12488	15356	3660	4146	158	810	280	1670	1728	14832	682	4000	382	0	362	4278	808	0	24466	2546	1184	0	0	0	0	0	0	0	190	306	0	248	2656	0	0	2150	4722	0	0	540	1852	0	0	0	0	0	0	176	0	0	0	0	0	0	0	0	0	0	0	0	0	0	0	0	0	0	0	
491044	Precuneus_R	0	3038	0	440	0	0	0	0	0	0	0	344	0	0	0	0	0	644	0	1942	0	0	0	0	0	0	0	0	0	422	0	0	1132	8590	2466	8552	426	4746	130	3176	0	0	816	16780	758	42636	308	9460	848	34896	448	10038	118	2490	0	4222	0	9176	5316	6388	110	1010	0	664	110	1960	24466	0	0	9160	0	0	0	0	0	0	0	252	0	108	0	5226	0	0	0	12308	0	0	0	7762	0	350	0	0	0	0	0	440	0	156	0	0	0	0	0	0	0	0	0	0	694	0	0	0	0	0	
383224	Paracentral_Lobule_L	40640	3236	24860	1166	0	0	388	0	0	0	454	0	0	0	0	0	1044	0	24814	11210	0	0	0	0	0	0	0	0	2534	0	0	0	2162	4720	4792	1452	3874	390	198	0	0	0	976	0	0	0	860	0	262	0	10500	0	2870	0	1082	0	8040	532	2496	0	5782	0	1670	0	3296	0	2546	0	0	4682	150	312	0	0	0	0	6670	1806	376	0	850	0	0	0	5522	0	0	0	2398	0	0	0	0	0	0	0	0	0	0	0	0	0	0	0	0	0	0	0	0	0	0	0	0	0	0	0	
182360	Paracentral_Lobule_R	1896	6354	374	114	0	0	0	0	0	0	0	0	0	0	0	0	0	0	690	12584	0	0	0	0	0	0	0	0	0	172	0	0	308	9272	2274	3132	0	452	0	0	0	0	0	1242	0	4954	0	232	0	5068	0	1462	0	918	0	1224	0	15380	232	256	0	226	0	140	0	414	1184	9160	4682	0	0	0	0	0	0	0	0	0	0	0	0	1508	0	0	0	2830	0	0	0	2446	0	0	0	0	0	0	0	0	0	0	0	0	0	0	0	0	0	0	0	0	0	0	0	0	0	0	
480456	Caudate_L	3294	1524	15556	8704	5082	526	1938	7656	618	0	10128	3522	2422	1100	1292	0	5502	310	11822	6884	7582	7620	3474	2626	546	972	5094	1520	21304	830	21478	5986	786	620	0	0	318	0	180	0	258	0	0	0	0	0	0	0	0	0	0	0	0	0	0	0	332	194	0	0	0	0	0	216	0	0	0	0	150	0	0	9116	36372	3250	3270	318	12436	450	0	0	2552	0	2498	0	0	0	0	0	0	0	0	0	0	0	0	0	0	0	0	0	0	0	0	0	0	0	0	0	0	0	0	0	0	0	0	0	
391720	Caudate_R	558	5658	4166	19138	144	5390	144	2398	0	106	598	2972	0	3786	0	478	570	472	4370	20114	2800	3920	578	10634	0	7690	148	3296	1232	3574	5448	23242	0	1144	0	0	154	154	0	126	0	0	0	0	0	0	0	0	0	0	0	0	0	0	0	0	0	0	0	0	0	0	0	0	0	0	0	0	312	0	9116	0	4682	22122	616	5518	1472	16102	0	0	388	0	330	0	0	0	0	0	0	0	0	0	0	0	0	0	0	0	0	0	0	0	0	0	0	0	0	0	0	0	0	0	0	0	0	0	
556636	Putamen_L	6010	970	28604	3950	10058	158	3602	1902	944	0	10842	634	3924	336	5186	0	4744	168	22176	4020	4620	4030	4596	1676	874	442	5672	994	35986	320	21948	3836	544	314	0	0	10180	0	4470	0	1434	0	0	0	0	0	0	0	0	0	0	0	0	0	3804	0	1244	0	0	0	0	0	0	0	0	0	0	0	0	0	36372	4682	0	1910	7746	126	5078	108	0	0	1580	0	3090	0	124	0	0	0	2290	0	0	0	0	0	0	0	0	0	0	0	0	0	0	0	0	0	0	0	0	0	0	0	0	0	0	0	
371980	Putamen_R	0	4500	2812	15076	0	4130	0	2868	0	0	440	6506	0	340	0	1050	416	2742	3370	13734	550	1052	260	5384	0	6602	0	1772	616	19570	2914	11654	0	298	126	0	144	14222	136	6646	0	2160	0	0	0	0	108	0	0	0	0	0	0	0	0	5636	0	1612	0	0	0	0	0	0	0	0	0	0	0	0	3250	22122	1910	0	190	7620	258	5208	0	0	288	920	244	1396	0	130	0	0	0	3008	0	0	0	0	0	0	0	0	0	0	0	0	0	0	0	0	0	0	0	0	0	0	0	0	0	0	
66308	Pallidum_L	3338	384	6016	0	0	0	502	350	0	0	228	0	0	0	0	0	196	0	6146	0	292	644	0	0	0	0	0	0	620	0	0	0	0	0	0	0	480	0	0	0	0	0	0	0	0	0	0	0	0	0	0	0	0	0	0	0	0	0	0	0	0	0	0	0	0	0	0	0	0	0	3270	616	7746	190	0	0	2136	0	0	0	0	0	0	0	0	0	0	0	0	0	0	0	0	0	0	0	0	0	0	0	0	0	0	0	0	0	0	0	0	0	0	0	0	0	0	0	
70156	Pallidum_R	0	1974	224	5218	0	0	0	1892	0	0	0	1100	0	0	0	0	0	416	480	3986	0	0	0	170	0	0	0	0	0	912	0	246	0	122	0	0	0	2086	0	1518	0	0	0	0	0	0	0	0	0	0	0	0	0	0	0	596	0	266	0	0	0	0	0	0	0	0	0	0	0	0	318	5518	126	7620	0	0	0	290	0	0	0	0	0	0	0	0	0	0	0	0	0	0	0	0	0	0	0	0	0	0	0	0	0	0	0	0	0	0	0	0	0	0	0	0	0	0	
190120	Thalamus_L	10928	2158	9226	1874	150	0	828	0	0	0	2404	208	0	0	0	0	2258	0	9172	854	0	0	160	118	0	0	0	0	6144	0	646	398	0	0	180	254	5310	440	1528	0	0	0	0	0	0	0	774	0	0	0	0	0	0	0	360	0	720	0	0	0	0	0	0	0	0	0	0	0	6670	0	12436	1472	5078	258	2136	0	0	5900	834	0	1202	0	1030	0	426	0	0	0	526	0	0	0	0	0	0	0	0	0	0	0	0	0	0	0	0	0	0	0	0	0	0	0	0	0	0	0	
216948	Thalamus_R	2350	10402	1876	6932	0	250	116	518	0	0	0	318	0	0	0	0	0	0	1748	14160	0	0	0	1220	0	1168	0	0	594	658	238	1916	0	0	3846	2970	5702	6612	2574	2354	0	0	0	0	0	0	1914	1334	0	0	0	0	0	0	1374	2044	190	306	0	0	0	0	0	0	0	0	190	252	1806	0	450	16102	108	5208	0	290	5900	0	678	0	166	0	0	0	304	0	0	0	348	656	0	0	0	0	0	0	0	154	0	0	0	0	0	0	0	0	0	0	0	178	0	0	0	0	0	0	
95904	Heschl_L	6426	342	1308	238	0	0	1196	0	0	0	860	0	0	0	0	0	3590	0	1026	378	0	0	0	0	0	0	0	0	7628	0	0	0	0	0	342	238	1832	286	0	0	0	0	550	0	0	0	0	0	0	0	1438	0	226	0	228	0	2736	0	0	0	0	0	242	0	124	0	306	0	376	0	0	0	0	0	0	0	834	678	0	0	6076	0	470	0	5954	0	0	0	2024	0	0	0	0	0	0	0	0	0	0	0	0	0	0	0	0	0	0	0	0	0	0	0	0	0	0	0	
40560	Heschl_R	0	576	0	802	0	0	0	110	0	0	0	1126	0	186	0	0	0	3308	0	762	0	0	0	0	0	0	0	0	0	3790	0	0	0	0	0	0	0	1200	0	558	0	0	0	0	0	0	0	0	0	0	0	0	0	150	0	1258	0	178	0	0	0	168	0	108	0	0	0	108	0	0	0	0	0	0	0	0	0	0	0	0	0	3964	0	0	0	494	0	0	0	1434	0	0	0	0	0	0	0	0	0	0	0	0	0	0	0	0	0	0	0	0	0	0	0	0	0	0	
307604	Temporal_Sup_L	8806	110	6712	1284	0	0	1312	0	0	0	9728	0	154	0	0	0	18738	0	5652	1154	0	0	224	384	0	230	0	0	16900	0	456	478	484	174	352	0	3708	0	484	0	0	0	232	0	0	0	0	0	0	0	1266	0	348	0	2316	0	3776	0	0	0	2170	0	6996	0	1862	0	248	0	850	0	2552	388	1580	288	0	0	1202	166	6076	0	0	0	9350	0	23610	0	0	0	11002	0	0	0	0	0	0	0	0	0	0	0	0	0	0	0	0	0	0	0	0	0	0	0	0	0	0	0	
172344	Temporal_Sup_R	0	2186	0	474	0	0	0	0	0	0	0	310	0	0	0	0	0	3100	0	1198	0	0	0	0	0	0	0	0	0	7506	0	0	0	484	0	270	0	3052	0	1240	0	0	0	0	0	4092	0	0	0	3162	0	622	0	0	0	5088	0	1738	278	854	0	838	0	5818	0	3614	2656	5226	0	1508	0	0	0	920	0	0	0	0	0	3964	0	0	0	2180	0	16380	0	0	0	7414	0	0	0	0	0	0	0	0	0	0	0	0	0	0	0	0	0	0	0	0	0	0	0	0	0	0	
197100	Temporal_Pole_Sup_L	1092	0	4118	596	1418	0	1990	0	2282	0	7654	0	888	0	7834	0	7462	0	1498	430	666	0	380	238	0	226	230	0	12852	0	820	340	0	0	0	0	1626	0	1758	0	1266	0	0	0	0	0	0	0	0	0	0	0	0	0	4732	0	532	0	0	0	0	0	0	0	0	0	0	0	0	0	2498	330	3090	244	0	0	1030	0	470	0	9350	0	0	0	7070	0	4316	0	7224	0	0	0	0	0	0	0	0	0	0	0	0	0	0	0	0	0	0	0	0	0	0	0	0	0	0	0	
80188	Temporal_Pole_Sup_R	0	0	0	1298	0	134	0	0	0	0	0	2352	0	0	0	200	0	2212	0	1232	0	0	0	0	0	0	0	0	0	3460	0	122	0	0	0	0	0	3322	0	3624	0	2950	0	0	0	0	0	0	0	0	0	0	0	0	0	9492	0	0	0	0	0	0	0	0	0	0	0	0	0	0	0	0	0	1396	0	0	0	0	0	0	0	2180	0	0	0	878	0	2542	0	2700	0	0	0	0	0	0	0	0	0	0	0	0	0	0	0	0	0	0	0	0	0	0	0	0	0	0	
324112	Temporal_Mid_L	5750	162	662	0	0	0	392	0	0	0	0	0	0	0	0	0	1812	0	734	178	0	0	0	0	0	0	0	0	3954	0	0	0	0	0	984	142	3250	158	224	0	0	0	3526	0	296	0	934	0	122	0	18260	0	6214	0	3288	0	848	0	106	0	7410	0	5494	0	12570	0	2150	0	5522	0	0	0	124	0	0	0	426	304	5954	0	23610	0	7070	0	0	0	5326	0	34100	0	0	0	0	0	0	0	0	0	0	0	0	0	0	0	0	0	0	0	0	0	0	0	0	0	0	0	
260472	Temporal_Mid_R	0	4782	0	870	0	0	0	0	0	0	0	224	0	0	0	0	0	494	0	1806	0	0	0	0	0	0	0	0	0	1330	0	0	0	564	0	270	0	980	0	490	0	0	0	6792	0	8752	0	560	106	8230	0	15054	0	2074	0	1876	0	1846	516	416	0	1174	0	1760	0	6058	4722	12308	0	2830	0	0	0	130	0	0	0	0	0	494	0	16380	0	878	0	0	0	836	0	24634	0	0	0	0	0	0	0	0	0	0	0	0	0	0	0	0	0	0	0	0	0	0	0	0	0	0	
37416	Temporal_Pole_Mid_L	0	0	0	0	0	0	0	0	0	0	0	0	0	0	0	0	0	0	0	0	0	0	0	0	0	0	0	0	0	0	0	0	0	0	0	0	0	0	906	0	0	0	0	0	0	0	0	0	0	0	0	0	0	0	2408	0	0	0	0	0	0	0	0	0	0	0	0	0	0	0	0	0	0	0	0	0	0	0	0	0	0	0	4316	0	5326	0	0	0	5752	0	0	0	0	0	0	0	0	0	0	0	0	0	0	0	0	0	0	0	0	0	0	0	0	0	0	0	
15876	Temporal_Pole_Mid_R	0	0	0	0	0	0	0	0	0	0	0	0	0	0	0	0	0	0	0	0	0	0	0	0	0	0	0	0	0	0	0	0	0	0	0	0	0	112	0	724	0	108	0	0	0	0	0	0	0	0	0	0	0	0	0	2136	0	0	0	0	0	0	0	0	0	0	0	0	0	0	0	0	0	0	0	0	0	0	0	0	0	0	0	2542	0	836	0	0	0	1480	0	0	0	0	0	0	0	0	0	0	0	0	0	0	0	0	0	0	0	0	0	0	0	0	0	0	
303936	Temporal_Inf_L	3440	152	1260	144	0	0	194	0	0	0	146	0	0	0	0	0	1554	0	1256	204	0	0	0	0	0	0	0	0	5204	0	0	0	0	0	290	164	11794	182	2282	0	620	0	712	0	110	0	708	0	0	0	2898	0	8488	0	21448	0	716	0	0	0	4900	0	3178	0	5570	0	540	0	2398	0	0	0	2290	0	0	0	526	348	2024	0	11002	0	7224	0	34100	0	5752	0	0	0	4958	0	850	0	0	0	248	0	1572	0	310	0	212	0	0	0	0	0	0	0	0	0	0	0	0	0	
288432	Temporal_Inf_R	0	6438	0	1824	0	0	0	226	0	0	0	214	0	0	0	0	0	360	0	1542	0	0	0	0	0	0	0	0	0	4694	0	0	0	454	0	872	0	12172	0	6646	0	796	0	5274	0	3252	0	1542	0	3016	0	3346	0	5662	0	20224	0	1760	150	164	0	1356	0	3914	0	1990	1852	7762	0	2446	0	0	0	3008	0	0	0	656	0	1434	0	7414	0	2700	0	24634	0	1480	0	0	0	2010	0	322	0	0	0	0	0	370	0	0	0	240	0	0	0	0	0	0	0	0	0	0	0	0	
513756	Cerebelum_Crus1_L	0	0	0	0	0	0	0	0	0	0	0	0	0	0	0	0	0	0	0	0	0	0	0	0	0	0	0	0	0	0	0	0	0	0	0	0	1162	0	1206	0	0	0	0	0	0	0	7200	3996	0	0	280	290	810	318	25722	2214	0	0	0	0	0	0	0	0	0	0	0	0	0	0	0	0	0	0	0	0	0	0	0	0	0	0	0	0	0	0	0	0	4958	0	0	6552	30890	7246	1238	1710	30236	1800	56974	7182	12502	1510	11342	3816	1294	2058	394	0	232	1856	4610	9628	12554	1158	1650	290	
405168	Cerebelum_Crus1_R	0	142	0	0	0	0	0	0	0	0	0	0	0	0	0	0	0	0	0	0	0	0	0	0	0	0	0	0	0	0	0	0	0	0	0	180	0	632	0	668	0	0	0	254	0	0	1612	4330	0	0	0	596	0	968	576	14288	0	0	0	0	0	0	0	0	0	0	0	350	0	0	0	0	0	0	0	0	0	0	0	0	0	0	0	0	0	0	0	0	0	2010	6552	0	2904	27722	0	5058	3532	18756	4474	48564	218	2580	560	21664	118	3004	0	138	414	1196	7016	8042	9552	1186	1836	892	
369884	Cerebelum_Crus2_L	0	0	0	0	0	0	0	0	0	0	0	0	0	0	0	0	0	0	0	0	0	0	0	0	0	0	0	0	0	0	0	0	0	0	0	0	168	0	206	0	0	0	0	0	0	0	990	684	0	0	0	0	0	0	3486	498	0	0	0	0	0	0	0	0	0	0	0	0	0	0	0	0	0	0	0	0	0	0	0	0	0	0	0	0	0	0	0	0	850	0	30890	2904	0	17438	362	922	4296	546	7968	1410	36298	7836	27854	7878	2838	1990	256	0	160	744	1056	1390	17460	3856	1708	0	
312432	Cerebelum_Crus2_R	0	0	0	0	0	0	0	0	0	0	0	0	0	0	0	0	0	0	0	0	0	0	0	0	0	0	0	0	0	0	0	0	0	0	0	0	0	0	0	0	0	0	0	0	0	0	242	0	0	0	0	0	0	0	296	262	0	0	0	0	0	0	0	0	0	0	0	0	0	0	0	0	0	0	0	0	0	0	0	0	0	0	0	0	0	0	0	0	0	322	7246	27722	17438	0	0	486	286	944	644	2884	5238	19738	4048	38970	130	4786	0	206	130	256	0	436	19074	2444	1988	0	
46036	Cerebelum_3_L	0	0	0	0	0	0	0	0	0	0	0	0	0	0	0	0	0	0	0	0	0	0	0	0	0	0	0	0	0	0	0	0	0	0	0	0	250	0	918	0	0	0	0	0	0	0	108	0	0	0	0	0	0	0	482	0	0	0	0	0	0	0	0	0	0	0	0	0	0	0	0	0	0	0	0	0	0	0	0	0	0	0	0	0	0	0	0	0	0	0	1238	0	362	0	0	370	6626	0	2014	0	396	0	2026	398	2232	432	0	0	798	1794	734	144	720	516	460	0	
108820	Cerebelum_3_R	0	0	0	0	0	0	0	0	0	0	0	0	0	0	0	0	0	0	0	0	0	0	0	0	0	0	0	0	0	0	0	0	0	0	0	0	0	342	0	542	0	0	0	0	0	0	0	0	0	0	0	0	0	0	122	1466	0	0	0	0	0	0	0	0	0	0	0	0	0	0	0	0	0	0	0	0	0	0	0	0	0	0	0	0	0	0	0	0	0	0	1710	5058	922	486	370	0	2000	7890	1692	8002	638	0	1314	2278	396	3390	0	0	794	3990	2480	522	2496	2512	2998	0	
379948	Cerebelum_4_5_L	0	0	0	0	0	0	0	0	0	0	0	0	0	0	0	0	0	0	0	0	0	0	0	0	0	0	0	0	0	0	0	0	0	0	0	0	1250	0	2034	0	0	0	268	0	0	0	13368	4354	0	0	422	148	548	162	20498	1142	0	0	0	0	0	0	0	0	0	0	176	0	0	0	0	0	0	0	0	0	0	0	0	0	0	0	0	0	0	0	0	0	248	0	30236	3532	4296	286	6626	2000	0	3944	45308	5868	2298	0	5746	1024	4460	1048	594	0	564	2888	13368	5252	2428	1166	1240	1184	
231452	Cerebelum_4_5_R	0	0	0	0	0	0	0	0	0	0	0	0	0	0	0	0	0	0	0	0	0	0	0	0	0	0	0	0	0	0	0	0	0	0	0	0	0	1692	0	3332	0	0	0	0	0	0	2040	6952	0	0	0	0	0	156	370	11506	0	0	0	0	0	0	0	0	0	0	0	440	0	0	0	0	0	0	0	0	0	154	0	0	0	0	0	0	0	0	0	0	0	0	1800	18756	546	944	0	7890	3944	0	2816	29408	140	0	172	2376	0	1898	0	318	152	1296	10358	1224	1658	1410	1832	146	
476712	Cerebelum_6_L	0	0	0	0	0	0	0	0	0	0	0	0	0	0	0	0	0	0	0	0	0	0	0	0	0	0	0	0	0	0	0	0	0	0	0	0	1318	0	1712	0	0	0	0	0	0	0	15154	6472	0	0	512	186	758	198	33124	1606	0	0	0	0	0	0	0	0	0	0	0	0	0	0	0	0	0	0	0	0	0	0	0	0	0	0	0	0	0	0	0	0	1572	0	56974	4474	7968	644	2014	1692	45308	2816	0	7908	4546	0	5214	1086	1972	1092	706	0	304	1812	9600	12130	4178	1044	1294	968	
403932	Cerebelum_6_R	0	0	0	0	0	0	0	0	0	0	0	0	0	0	0	0	0	0	0	0	0	0	0	0	0	0	0	0	0	0	0	0	0	0	0	0	0	254	0	682	0	0	0	156	0	0	2744	11516	0	0	0	848	0	1370	906	21696	0	0	0	0	0	0	0	0	0	0	0	156	0	0	0	0	0	0	0	0	0	0	0	0	0	0	0	0	0	0	0	0	0	370	7182	48564	1410	2884	0	8002	5868	29408	7908	0	280	0	766	5188	128	2452	0	666	588	1526	10776	14178	7854	1770	2570	1300	
260476	Cerebelum_7b_L	0	0	0	0	0	0	0	0	0	0	0	0	0	0	0	0	0	0	0	0	0	0	0	0	0	0	0	0	0	0	0	0	0	0	0	0	146	0	170	0	0	0	0	0	0	0	206	162	0	0	0	0	0	0	1852	148	0	0	0	0	0	0	0	0	0	0	0	0	0	0	0	0	0	0	0	0	0	0	0	0	0	0	0	0	0	0	0	0	310	0	12502	218	36298	5238	396	638	2298	140	4546	280	0	4270	31104	6602	4290	2264	676	0	144	618	208	336	7066	4904	2096	112	
140624	Cerebelum_7b_R	0	0	0	0	0	0	0	0	0	0	0	0	0	0	0	0	0	0	0	0	0	0	0	0	0	0	0	0	0	0	0	0	0	0	0	0	0	0	0	0	0	0	0	0	0	0	0	0	0	0	0	0	0	0	0	0	0	0	0	0	0	0	0	0	0	0	0	0	0	0	0	0	0	0	0	0	0	0	0	0	0	0	0	0	0	0	0	0	0	0	1510	2580	7836	19738	0	0	0	0	0	0	4270	0	2900	19176	0	1422	0	0	0	0	0	0	7240	3436	204	0	
313592	Cerebelum_8_L	0	0	0	0	0	0	0	0	0	0	0	0	0	0	0	0	0	0	0	0	0	0	0	0	0	0	0	0	0	0	0	0	0	0	0	0	154	0	240	0	0	0	0	0	0	0	180	410	0	0	0	0	0	0	2454	418	0	0	0	0	0	0	0	0	0	0	0	0	0	0	0	0	0	0	0	0	0	0	0	0	0	0	0	0	0	0	0	0	212	0	11342	560	27854	4048	2026	1314	5746	172	5214	766	31104	2900	0	7274	19834	5088	2670	0	254	1262	572	1248	8520	7664	4618	678	
344528	Cerebelum_8_R	0	0	0	0	0	0	0	0	0	0	0	0	0	0	0	0	0	0	0	0	0	0	0	0	0	0	0	0	0	0	0	0	0	0	0	0	0	0	0	214	0	0	0	0	0	0	0	0	0	0	0	0	0	0	260	388	0	0	0	0	0	0	0	0	0	0	0	0	0	0	0	0	0	0	0	0	0	0	0	0	0	0	0	0	0	0	0	0	0	240	3816	21664	7878	38970	398	2278	1024	2376	1086	5188	6602	19176	7274	0	1136	18926	424	776	678	1418	640	1370	14042	7386	6054	582	
104520	Cerebelum_9_L	0	0	0	0	0	0	0	0	0	0	0	0	0	0	0	0	0	0	0	0	0	0	0	0	0	0	0	0	0	0	0	0	0	0	0	0	0	0	0	0	0	0	0	0	0	0	0	0	0	0	0	0	0	0	512	0	0	0	0	0	0	0	0	0	0	0	0	0	0	0	0	0	0	0	0	0	0	0	0	0	0	0	0	0	0	0	0	0	0	0	1294	118	2838	130	2232	396	4460	0	1972	128	4290	0	19834	1136	0	2322	3938	0	0	256	222	418	1600	1736	1904	524	
172216	Cerebelum_9_R	0	0	0	0	0	0	0	0	0	0	0	0	0	0	0	0	0	0	0	0	0	0	0	0	0	0	0	0	0	0	0	0	0	0	0	0	0	160	0	278	0	0	0	0	0	0	0	0	0	0	0	0	0	0	160	134	0	0	0	0	0	0	0	0	0	0	0	0	0	0	0	0	0	0	0	0	0	0	0	0	0	0	0	0	0	0	0	0	0	0	2058	3004	1990	4786	432	3390	1048	1898	1092	2452	2264	1422	5088	18926	2322	0	598	1226	1102	2682	980	1698	6494	6964	9826	1634	
20776	Cerebelum_10_L	0	0	0	0	0	0	0	0	0	0	0	0	0	0	0	0	0	0	0	0	0	0	0	0	0	0	0	0	0	0	0	0	0	0	0	0	0	0	0	0	0	0	0	0	0	0	0	0	0	0	0	0	0	0	132	0	0	0	0	0	0	0	0	0	0	0	0	0	0	0	0	0	0	0	0	0	0	0	0	0	0	0	0	0	0	0	0	0	0	0	394	0	256	0	0	0	594	0	706	0	676	0	2670	424	3938	598	0	0	0	0	0	0	0	0	0	0	
6660	Cerebelum_10_R	0	0	0	0	0	0	0	0	0	0	0	0	0	0	0	0	0	0	0	0	0	0	0	0	0	0	0	0	0	0	0	0	0	0	0	0	0	0	0	0	0	0	0	0	0	0	0	0	0	0	0	0	0	0	0	0	0	0	0	0	0	0	0	0	0	0	0	0	0	0	0	0	0	0	0	0	0	0	0	0	0	0	0	0	0	0	0	0	0	0	0	138	0	206	0	0	0	318	0	666	0	0	0	776	0	1226	0	0	0	0	0	0	0	0	0	0	
27092	Vermis_1_2	0	0	0	0	0	0	0	0	0	0	0	0	0	0	0	0	0	0	0	0	0	0	0	0	0	0	0	0	0	0	0	0	0	0	0	0	0	0	0	0	0	0	0	0	0	0	0	0	0	0	0	0	0	0	0	0	0	0	0	0	0	0	0	0	0	0	0	0	0	0	0	0	0	0	0	0	0	0	0	0	0	0	0	0	0	0	0	0	0	0	232	414	160	130	798	794	564	152	304	588	144	0	254	678	0	1102	0	0	0	4040	768	210	492	506	884	332	
