data	data	438728	307760	997804	930216	105600	86728	401128	241620	103104	35060	198136	174364	193608	194336	177420	99404	233508	92496	680952	899068	78656	117396	351688	341872	32596	86488	62096	72556	610704	318948	300248	468612	189800	425404	323380	208268	253116	371260	142540	262792	44908	87116	325344	363712	211236	262504	302988	387052	228908	239868	514248	208244	147880	97616	427580	436228	240884	194140	93096	129192	214496	131980	138636	113140	204340	113472	406768	370516	246796	175420	285788	413912	365568	383304	51368	41444	252520	238792	91996	32780	248788	122540	109880	62960	389388	172736	37148	37140	297236	247640	467664	445756	377660	288132	43304	44288	252512	275660	434064	489892	287468	150600	283436	332232	87736	116604	34240	27236	23996	72252	224456	221768	300968	187948	112316	33316	
data	data	Precentral_L	Precentral_R	Frontal_Sup_L	Frontal_Sup_R	Frontal_Sup_Orb_L	Frontal_Sup_Orb_R	Frontal_Mid_L	Frontal_Mid_R	Frontal_Mid_Orb_L	Frontal_Mid_Orb_R	Frontal_Inf_Oper_L	Frontal_Inf_Oper_R	Frontal_Inf_Tri_L	Frontal_Inf_Tri_R	Frontal_Inf_Orb_L	Frontal_Inf_Orb_R	Rolandic_Oper_L	Rolandic_Oper_R	Supp_Motor_Area_L	Supp_Motor_Area_R	Olfactory_L	Olfactory_R	Frontal_Sup_Medial_L	Frontal_Sup_Medial_R	Frontal_Med_Orb_L	Frontal_Med_Orb_R	Rectus_L	Rectus_R	Insula_L	Insula_R	Cingulum_Ant_L	Cingulum_Ant_R	Cingulum_Mid_L	Cingulum_Mid_R	Cingulum_Post_L	Cingulum_Post_R	Hippocampus_L	Hippocampus_R	ParaHippocampal_L	ParaHippocampal_R	Amygdala_L	Amygdala_R	Calcarine_L	Calcarine_R	Cuneus_L	Cuneus_R	Lingual_L	Lingual_R	Occipital_Sup_L	Occipital_Sup_R	Occipital_Mid_L	Occipital_Mid_R	Occipital_Inf_L	Occipital_Inf_R	Fusiform_L	Fusiform_R	Postcentral_L	Postcentral_R	Parietal_Sup_L	Parietal_Sup_R	Parietal_Inf_L	Parietal_Inf_R	SupraMarginal_L	SupraMarginal_R	Angular_L	Angular_R	Precuneus_L	Precuneus_R	Paracentral_Lobule_L	Paracentral_Lobule_R	Caudate_L	Caudate_R	Putamen_L	Putamen_R	Pallidum_L	Pallidum_R	Thalamus_L	Thalamus_R	Heschl_L	Heschl_R	Temporal_Sup_L	Temporal_Sup_R	Temporal_Pole_Sup_L	Temporal_Pole_Sup_R	Temporal_Mid_L	Temporal_Mid_R	Temporal_Pole_Mid_L	Temporal_Pole_Mid_R	Temporal_Inf_L	Temporal_Inf_R	Cerebelum_Crus1_L	Cerebelum_Crus1_R	Cerebelum_Crus2_L	Cerebelum_Crus2_R	Cerebelum_3_L	Cerebelum_3_R	Cerebelum_4_5_L	Cerebelum_4_5_R	Cerebelum_6_L	Cerebelum_6_R	Cerebelum_7b_L	Cerebelum_7b_R	Cerebelum_8_L	Cerebelum_8_R	Cerebelum_9_L	Cerebelum_9_R	Cerebelum_10_L	Cerebelum_10_R	Vermis_1_2	Vermis_3	Vermis_4_5	Vermis_6	Vermis_7	Vermis_8	Vermis_9	Vermis_10	
438728	Precentral_L	0	6190	29022	6286	0	0	16598	266	0	0	9364	0	702	0	0	0	11378	0	10114	8680	0	0	202	0	0	0	0	0	6916	0	680	250	418	1558	4998	2276	4386	1926	500	1228	108	0	168	362	212	0	174	792	312	0	5208	0	1192	0	374	152	23404	0	0	0	1940	0	1458	0	544	0	2242	860	10588	548	5660	790	4138	0	724	0	15378	2018	3514	0	3304	0	0	0	5210	0	0	0	3724	0	0	0	0	0	0	0	0	328	0	0	0	0	0	0	0	0	0	0	0	0	0	0	0	0	0	0	
307760	Precentral_R	6190	0	2800	15954	0	0	476	9620	0	0	0	5562	0	380	0	0	0	3578	3006	7714	0	0	0	0	0	0	0	0	396	3356	290	588	440	1048	3148	1104	0	3436	0	770	0	0	0	838	168	180	0	116	0	494	228	690	0	466	0	1236	1840	12780	0	0	234	144	192	1124	114	0	1858	832	4252	10802	674	11532	704	2546	474	378	2546	23178	0	390	0	890	0	0	152	314	0	0	0	1658	0	0	0	0	0	0	0	0	0	0	0	0	0	0	0	0	0	0	0	0	0	0	0	0	0	0	
997804	Frontal_Sup_L	29022	2800	0	19812	4912	0	54862	196	3362	0	10650	138	12942	170	6670	0	10452	0	86798	30614	0	0	41528	4018	1196	0	1096	0	51698	0	16398	5086	1770	5974	866	152	7352	0	630	0	226	0	0	112	0	0	0	0	0	0	200	0	134	0	1806	0	3970	0	0	0	818	0	1494	0	0	0	392	182	7740	268	11452	396	28220	0	4278	0	15968	340	1648	0	3266	0	1876	0	1300	0	0	0	1652	0	0	0	0	0	0	0	0	0	0	0	0	0	0	0	0	0	0	0	0	0	0	0	0	0	0	0	
930216	Frontal_Sup_R	6286	15954	19812	0	130	3984	7940	31320	0	1558	1292	12556	756	18274	270	5336	806	3594	17330	94646	170	858	14014	36660	0	2802	0	2032	3414	12762	7200	33480	5042	18478	202	0	154	4742	0	2196	0	438	0	0	0	0	0	0	0	0	0	0	0	0	0	1270	744	836	0	0	0	0	0	132	0	0	116	0	1302	276	9702	24446	2342	17202	312	3976	1712	12684	0	136	410	502	0	230	182	0	0	0	0	108	0	0	0	0	0	0	0	0	0	0	0	0	0	0	0	0	0	0	0	0	0	0	0	0	0	0	
105600	Frontal_Sup_Orb_L	0	0	4912	130	0	0	572	0	9304	0	0	0	1250	0	8352	0	0	0	438	136	1278	0	1162	0	2822	0	6362	0	7474	0	396	0	0	0	0	0	0	0	0	0	0	0	0	0	0	0	0	0	0	0	0	0	0	0	0	0	0	0	0	0	0	0	0	0	0	0	0	0	0	0	1582	0	5672	0	0	0	0	0	0	0	0	0	958	0	0	0	0	0	0	0	0	0	0	0	0	0	0	0	0	0	0	0	0	0	0	0	0	0	0	0	0	0	0	0	0	0	
86728	Frontal_Sup_Orb_R	0	0	0	3984	0	0	0	246	0	2116	0	160	0	180	0	1804	0	0	0	790	0	2064	0	4200	0	6462	0	8666	0	1438	0	1602	0	0	0	0	0	148	0	0	0	246	0	0	0	0	0	0	0	0	0	0	0	0	0	0	0	0	0	0	0	0	0	0	0	0	0	0	0	0	0	4352	0	4718	0	0	0	0	0	0	0	0	0	188	0	0	0	0	0	0	0	0	0	0	0	0	0	0	0	0	0	0	0	0	0	0	0	0	0	0	0	0	0	0	0	0	
401128	Frontal_Mid_L	16598	476	54862	7940	572	0	0	0	2454	0	6158	0	20564	0	6268	0	1836	0	16154	8530	0	0	10034	588	0	0	0	0	11286	0	4962	1098	448	466	6064	1340	830	1092	296	750	0	0	0	1422	376	272	234	518	0	0	0	0	0	0	0	172	142	0	0	0	0	0	0	0	0	0	2946	1894	710	96	2456	0	238	0	0	0	5452	1290	0	0	274	0	0	0	198	0	0	0	0	0	0	0	0	0	0	0	0	208	0	0	0	0	0	0	0	0	0	0	0	0	0	0	0	0	0	0	
241620	Frontal_Mid_R	266	9620	196	31320	0	246	0	0	0	1108	0	10702	0	19358	0	2892	0	728	1482	5102	0	0	750	5916	0	200	0	0	0	5500	926	5416	544	2554	0	0	0	2252	0	504	0	0	0	0	0	0	0	0	0	0	0	0	0	0	0	340	250	206	0	0	0	0	0	0	0	0	0	0	0	0	614	4148	360	3092	126	98	596	3004	0	0	0	394	0	0	0	0	0	0	0	0	0	0	0	0	0	0	0	0	0	0	0	0	0	0	0	0	0	0	0	0	0	0	0	0	0	0	
103104	Frontal_Mid_Orb_L	0	0	3362	0	9304	0	2454	0	0	0	0	0	2854	0	15242	0	0	0	210	0	208	0	778	0	146	0	2044	0	8342	0	300	0	0	0	0	0	0	0	0	0	0	0	0	0	0	0	0	0	0	0	0	0	0	0	0	0	0	0	0	0	0	0	0	0	0	0	0	0	0	0	304	0	5660	0	0	0	0	0	0	0	0	0	344	0	0	0	0	0	0	0	0	0	0	0	0	0	0	0	0	0	0	0	0	0	0	0	0	0	0	0	0	0	0	0	0	0	
35060	Frontal_Mid_Orb_R	0	0	0	1558	0	2116	0	1108	0	0	0	0	0	1234	0	6584	0	0	0	176	0	106	0	260	0	0	0	376	0	1828	0	268	0	0	0	0	0	0	0	0	0	0	0	0	0	0	0	0	0	0	0	0	0	0	0	0	0	0	0	0	0	0	0	0	0	0	0	0	0	0	0	436	0	1480	0	0	0	0	0	0	0	0	0	0	0	0	0	0	0	0	0	0	0	0	0	0	0	0	0	0	0	0	0	0	0	0	0	0	0	0	0	0	0	0	0	0	
198136	Frontal_Inf_Oper_L	9364	0	10650	1292	0	0	6158	0	0	0	0	0	11354	0	546	0	15574	0	5606	1360	0	0	2842	0	0	0	0	0	14580	0	1246	334	0	0	0	0	292	0	0	0	0	0	0	0	0	0	0	0	0	0	0	0	0	0	0	0	4204	0	0	0	0	0	0	0	0	0	0	0	0	0	546	0	628	0	0	0	0	0	1292	0	6790	0	2186	0	2124	0	0	0	100	0	0	0	0	0	0	0	0	0	0	0	0	0	0	0	0	0	0	0	0	0	0	0	0	0	0	0	
174364	Frontal_Inf_Oper_R	0	5562	138	12556	0	160	0	10702	0	0	0	0	0	14934	0	734	0	5320	196	7876	0	0	186	1514	0	0	0	0	0	11754	378	3068	256	854	0	100	0	1096	0	130	0	0	0	0	0	0	0	0	0	0	0	0	0	0	0	0	0	2114	0	0	0	0	0	0	0	0	0	0	0	0	392	1254	194	4112	0	0	108	240	0	196	0	574	0	484	0	0	0	0	0	0	0	0	0	0	0	0	0	0	0	0	0	0	0	0	0	0	0	0	0	0	0	0	0	0	0	0	
193608	Frontal_Inf_Tri_L	702	0	12942	756	1250	0	20564	0	2854	0	11354	0	0	0	14464	0	1004	0	3902	778	0	0	1186	0	0	0	0	0	21618	0	544	104	0	0	0	0	0	0	0	0	0	0	0	0	0	0	0	0	0	0	0	0	0	0	0	0	250	0	0	0	0	0	0	0	0	0	0	0	0	0	156	0	480	0	0	0	0	0	0	0	656	0	1104	0	136	0	0	0	0	0	0	0	0	0	0	0	0	0	0	0	0	0	0	0	0	0	0	0	0	0	0	0	0	0	0	0	
194336	Frontal_Inf_Tri_R	0	380	170	18274	0	180	0	19358	0	1234	0	14934	0	0	0	7294	0	280	242	7352	0	0	210	3920	0	0	0	0	0	10926	458	5308	278	1268	0	0	0	134	0	0	0	0	0	0	0	0	0	0	0	0	0	0	0	0	0	0	0	0	0	0	0	0	0	0	0	0	0	0	0	0	792	2110	228	1194	0	0	0	0	0	0	0	320	0	324	0	0	0	0	0	0	0	0	0	0	0	0	0	0	0	0	0	0	0	0	0	0	0	0	0	0	0	0	0	0	0	0	
177420	Frontal_Inf_Orb_L	0	0	6670	270	8352	0	6268	0	15242	0	546	0	14464	0	0	0	0	0	1256	270	1288	0	1012	0	180	0	1912	0	19674	0	392	0	0	0	0	0	466	0	122	0	458	0	0	0	0	0	0	0	0	0	0	0	0	0	0	0	0	0	0	0	0	0	0	0	0	0	0	0	0	0	1474	0	6804	0	0	0	0	0	0	0	0	0	1590	0	0	0	0	0	0	0	0	0	0	0	0	0	0	0	0	0	0	0	0	0	0	0	0	0	0	0	0	0	0	0	0	0	
99404	Frontal_Inf_Orb_R	0	0	0	5336	0	1804	0	2892	0	6584	0	734	0	7294	0	0	0	0	0	1470	0	1510	0	1294	0	0	0	1292	0	10158	0	1120	0	128	0	0	0	0	0	144	0	304	0	0	0	0	0	0	0	0	0	0	0	0	0	0	0	0	0	0	0	0	0	0	0	0	0	0	0	0	0	1456	0	5446	0	0	0	0	0	0	0	116	0	620	0	0	0	0	0	0	0	0	0	0	0	0	0	0	0	0	0	0	0	0	0	0	0	0	0	0	0	0	0	0	0	0	
233508	Rolandic_Oper_L	11378	0	10452	806	0	0	1836	0	0	0	15574	0	1004	0	0	0	0	0	7042	836	0	0	1102	0	0	0	0	0	16188	0	508	174	0	0	124	0	814	0	0	0	0	0	0	0	0	0	0	0	0	0	304	0	0	0	196	0	11814	0	126	0	626	0	4804	0	0	0	520	0	1448	0	346	0	276	0	0	0	0	0	6490	0	16256	0	1556	0	3528	0	0	0	626	0	0	0	0	0	0	0	0	0	0	0	0	0	0	0	0	0	0	0	0	0	0	0	0	0	0	0	
92496	Rolandic_Oper_R	0	3578	0	3594	0	0	0	728	0	0	0	5320	0	280	0	0	0	0	0	3068	0	0	0	0	0	0	0	0	0	9126	0	0	0	0	0	0	0	690	0	108	0	0	0	0	0	0	0	0	0	0	0	0	0	0	0	138	0	7508	0	0	0	410	0	3552	0	0	0	0	0	350	0	284	0	1164	0	0	0	482	0	1790	0	3898	0	180	0	0	0	0	0	0	0	0	0	0	0	0	0	0	0	0	0	0	0	0	0	0	0	0	0	0	0	0	0	0	0	0	
680952	Supp_Motor_Area_L	10114	3006	86798	17330	438	0	16154	1482	210	0	5606	196	3902	242	1256	0	7042	0	0	43730	0	0	10832	3254	0	0	0	0	26362	0	8490	5554	7766	15350	1176	664	4958	0	302	0	110	0	160	0	0	0	0	0	0	0	556	0	0	0	1720	0	2082	0	0	0	808	0	1792	0	0	0	858	234	10486	1544	7452	258	19738	0	3934	0	222	0	1028	0	1898	0	1194	0	760	0	0	0	1428	0	0	0	0	0	0	0	0	0	0	0	0	0	0	0	0	0	0	0	0	0	0	0	0	0	0	0	
899068	Supp_Motor_Area_R	8680	7714	30614	94646	136	790	8530	5102	0	176	1360	7876	778	7352	270	1470	836	3068	43730	0	148	520	5922	10808	0	608	0	408	3926	10022	7522	22642	7466	36186	6550	3250	292	5052	0	2116	0	364	0	1110	288	290	0	172	160	0	300	0	0	0	0	1620	244	930	0	0	0	0	0	140	98	0	3638	2058	10796	16316	12436	20946	3490	17062	1020	4162	1064	1766	0	106	382	552	0	210	394	186	0	0	0	668	0	0	0	0	0	0	0	0	0	0	0	0	0	0	0	0	0	0	0	0	0	0	0	0	0	0	
78656	Olfactory_L	0	0	0	170	1278	0	0	0	208	0	0	0	0	0	1288	0	0	0	0	148	0	4116	0	0	860	136	1948	0	2646	0	3632	1704	0	0	0	0	766	0	976	120	1576	130	0	0	0	0	0	0	0	0	0	0	0	0	252	0	0	0	0	0	0	0	0	0	0	0	0	0	0	0	6680	3248	3372	2150	190	0	0	0	0	0	0	0	1430	0	0	0	304	0	0	0	0	0	0	0	0	0	0	0	0	0	0	0	0	0	0	0	0	0	0	0	0	0	0	0	0	0	
117396	Olfactory_R	0	0	0	858	0	2064	0	0	0	106	0	0	0	0	0	1510	0	0	0	520	4116	0	0	528	0	2436	778	2648	96	2734	2248	2504	0	0	0	0	0	730	0	1160	0	2360	0	0	0	0	0	0	0	0	0	0	0	0	0	128	0	0	0	0	0	0	0	0	0	0	0	0	0	0	7836	10738	3622	6094	500	1050	0	0	0	0	0	0	0	1334	0	0	0	0	0	0	0	0	0	0	0	0	0	0	0	0	0	0	0	0	0	0	0	0	0	0	0	0	0	0	0	0	
351688	Frontal_Sup_Medial_L	202	0	41528	14014	1162	0	10034	750	778	0	2842	186	1186	210	1012	0	1102	0	10832	5922	0	0	0	17664	1624	326	1278	0	8694	0	15724	12546	5014	10452	0	0	0	0	0	0	0	0	0	0	0	0	0	0	0	0	0	0	0	0	0	0	0	0	0	0	0	0	0	0	0	0	0	0	0	0	1836	176	7046	0	0	0	0	0	0	0	784	0	650	0	270	0	0	0	0	0	0	0	0	0	0	0	0	0	0	0	0	0	0	0	0	0	0	0	0	0	0	0	0	0	0	0	
341872	Frontal_Sup_Medial_R	0	0	4018	36660	0	4200	588	5916	0	260	0	1514	0	3920	0	1294	0	0	3254	10808	0	528	17664	0	0	5372	0	2888	298	3008	5442	26262	2346	16138	0	0	0	0	0	0	0	0	0	0	0	0	0	0	0	0	0	0	0	0	0	0	0	0	0	0	0	0	0	0	0	0	0	0	0	0	514	11300	352	6392	0	0	0	0	0	0	0	0	0	0	0	0	0	0	0	0	0	0	0	0	0	0	0	0	0	0	0	0	0	0	0	0	0	0	0	0	0	0	0	0	0	0	
32596	Frontal_Med_Orb_L	0	0	1196	0	2822	0	0	0	146	0	0	0	0	0	180	0	0	0	0	0	860	0	1624	0	0	306	2818	0	312	0	2314	0	0	0	0	0	0	0	0	0	0	0	0	0	0	0	0	0	0	0	0	0	0	0	0	0	0	0	0	0	0	0	0	0	0	0	0	0	0	0	1672	134	1818	96	0	0	0	0	0	0	0	0	0	0	0	0	0	0	0	0	0	0	0	0	0	0	0	0	0	0	0	0	0	0	0	0	0	0	0	0	0	0	0	0	0	0	
86488	Frontal_Med_Orb_R	0	0	0	2802	0	6462	0	200	0	0	0	0	0	0	0	0	0	0	0	608	136	2436	326	5372	306	0	0	7002	0	158	1202	5050	0	0	0	0	0	0	0	0	0	0	0	0	0	0	0	0	0	0	0	0	0	0	0	0	0	0	0	0	0	0	0	0	0	0	0	0	0	0	110	6116	0	4958	0	0	0	0	0	0	0	0	0	0	0	0	0	0	0	0	0	0	0	0	0	0	0	0	0	0	0	0	0	0	0	0	0	0	0	0	0	0	0	0	0	0	
62096	Rectus_L	0	0	1096	0	6362	0	0	0	2044	0	0	0	0	0	1912	0	0	0	0	0	1948	778	1278	0	2818	0	0	0	1176	0	3482	982	0	0	0	0	0	0	0	0	0	0	0	0	0	0	0	0	0	0	0	0	0	0	0	0	0	0	0	0	0	0	0	0	0	0	0	0	0	0	3006	746	2296	642	0	0	0	0	0	0	0	0	482	0	0	0	0	0	0	0	0	0	0	0	0	0	0	0	0	0	0	0	0	0	0	0	0	0	0	0	0	0	0	0	0	0	
72556	Rectus_R	0	0	0	2032	0	8666	0	0	0	376	0	0	0	0	0	1292	0	0	0	408	0	2648	0	2888	0	7002	0	0	0	830	246	2288	0	0	0	0	0	0	0	0	0	0	0	0	0	0	0	0	0	0	0	0	0	0	0	0	0	0	0	0	0	0	0	0	0	0	0	0	0	0	0	3926	0	3676	0	0	0	0	0	0	0	0	0	0	0	0	0	0	0	0	0	0	0	0	0	0	0	0	0	0	0	0	0	0	0	0	0	0	0	0	0	0	0	0	0	0	
610704	Insula_L	6916	396	51698	3414	7474	0	11286	0	8342	0	14580	0	21618	0	19674	0	16188	0	26362	3926	2646	96	8694	298	312	0	1176	0	0	0	1754	454	0	224	554	470	12790	338	800	176	1882	0	0	0	0	0	0	0	0	0	492	0	368	0	4612	0	2806	0	0	0	394	0	1492	0	0	0	232	0	2752	0	5196	104	19382	0	854	0	5422	190	6740	0	10294	0	8238	0	4628	0	432	0	6186	0	0	0	0	0	0	0	0	0	0	0	0	0	0	0	0	0	0	0	0	0	0	0	0	0	0	0	
318948	Insula_R	0	3356	0	12762	0	1438	0	5500	0	1828	0	11754	0	10926	0	10158	0	9126	0	10022	0	2734	0	3008	0	158	0	830	0	0	420	2682	0	174	238	404	0	12208	0	2608	0	2232	0	104	0	0	0	0	0	0	0	0	0	0	0	4516	0	2248	0	0	0	238	0	370	0	0	130	108	0	472	0	2488	0	21930	0	0	536	3510	0	3788	0	7216	0	2676	0	1678	0	0	0	2900	0	0	0	0	0	0	0	0	0	0	0	0	0	0	0	0	0	0	0	0	0	0	0	0	0	0	
300248	Cingulum_Ant_L	680	290	16398	7200	396	0	4962	926	300	0	1246	378	544	458	392	0	508	0	8490	7522	3632	2248	15724	5442	2314	1202	3482	246	1754	420	0	23062	4654	5760	670	0	0	0	0	0	0	0	0	0	0	0	0	0	0	0	0	0	0	0	0	0	0	0	0	0	0	0	0	0	0	0	0	0	0	0	8014	6312	11004	2686	146	0	0	102	0	0	348	0	0	0	212	0	0	0	0	0	0	0	0	0	0	0	0	0	0	0	0	0	0	0	0	0	0	0	0	0	0	0	0	0	0	0	
468612	Cingulum_Ant_R	250	588	5086	33480	0	1602	1098	5416	0	268	334	3068	104	5308	0	1120	174	0	5554	22642	1704	2504	12546	26262	0	5050	982	2288	454	2682	23062	0	6452	23834	0	0	0	0	0	0	0	0	0	0	0	0	0	0	0	0	0	0	0	0	0	0	0	0	0	0	0	0	0	0	0	0	0	0	0	0	3626	24066	2954	9628	0	0	0	0	0	0	120	0	0	0	0	0	0	0	0	0	0	0	0	0	0	0	0	0	0	0	0	0	0	0	0	0	0	0	0	0	0	0	0	0	0	0	
189800	Cingulum_Mid_L	418	440	1770	5042	0	0	448	544	0	0	0	256	0	278	0	0	0	0	7766	7466	0	0	5014	2346	0	0	0	0	0	0	4654	6452	0	13832	10286	488	0	0	0	0	0	0	630	662	210	378	0	0	790	0	2928	220	0	0	0	0	286	0	388	0	676	0	0	0	1160	0	8952	1824	5478	1676	0	100	0	0	0	0	252	0	0	0	0	0	0	0	654	0	0	0	136	0	0	0	0	0	0	0	0	0	0	0	0	0	0	0	0	0	0	0	0	0	0	0	0	0	0	0	
425404	Cingulum_Mid_R	1558	1048	5974	18478	0	0	466	2554	0	0	0	854	0	1268	0	128	0	0	15350	36186	0	0	10452	16138	0	0	0	0	224	174	5760	23834	13832	0	5902	6596	0	162	0	0	0	0	0	4046	266	1870	0	850	0	456	128	1168	0	274	0	232	0	2018	0	0	0	0	0	0	0	0	3202	11186	5812	12600	0	354	0	156	0	0	0	0	0	0	0	0	0	0	124	370	0	0	0	652	0	0	0	0	0	0	0	0	0	0	0	0	0	0	0	0	0	0	0	0	0	0	0	0	0	0	
323380	Cingulum_Post_L	4998	3148	866	202	0	0	6064	0	0	0	0	0	0	0	0	0	124	0	1176	6550	0	0	0	0	0	0	0	0	554	238	670	0	10286	5902	0	11196	5960	5004	2586	2972	0	0	7136	3508	4494	916	2508	1672	2520	0	4694	0	758	0	576	632	1230	284	0	0	160	0	0	0	816	0	23642	6892	5876	5608	154	0	0	0	0	0	10810	3430	728	0	100	0	0	0	2530	0	0	0	842	0	0	0	0	0	0	0	0	678	0	0	0	0	0	0	0	0	0	0	0	0	0	0	0	0	0	0	
208268	Cingulum_Post_R	2276	1104	152	0	0	0	1340	0	0	0	0	100	0	0	0	0	0	0	664	3250	0	0	0	0	0	0	0	0	470	404	0	0	488	6596	11196	0	3350	9004	1114	4650	0	0	0	3642	426	1614	400	7778	0	1154	0	744	0	478	122	2624	154	2112	0	404	0	250	0	0	0	150	2230	13580	734	3626	0	0	0	0	0	0	5816	4652	722	0	0	0	0	0	0	448	0	0	0	1864	0	0	0	0	0	0	0	984	0	0	0	0	0	0	0	0	0	0	0	0	1268	0	0	0	0	0	
253116	Hippocampus_L	4386	0	7352	154	0	0	830	0	0	0	292	0	0	0	466	0	814	0	4958	292	766	0	0	0	0	0	0	0	12790	0	0	0	0	0	5960	3350	0	2766	14506	1714	7230	0	2646	0	118	0	5386	944	0	0	388	0	486	0	13572	258	270	0	0	0	0	0	174	0	0	0	3480	228	312	0	460	0	6210	0	706	0	5354	1288	3238	0	1434	0	2192	0	352	0	934	0	6218	0	236	0	0	0	0	0	286	384	232	0	0	0	0	0	0	0	0	0	0	146	0	0	0	0	0	0	
371260	Hippocampus_R	1926	3436	0	4742	0	148	1092	2252	0	0	0	1096	0	134	0	0	0	690	0	5052	0	730	0	0	0	0	0	0	338	12208	0	0	0	162	5004	9004	2766	0	1016	32802	0	9956	0	980	128	146	248	9332	0	0	0	108	0	114	114	24878	196	1230	0	0	0	0	0	178	0	0	922	5670	102	1458	0	428	0	14274	0	1070	5200	9486	552	292	0	516	0	1732	0	302	0	612	0	4954	0	250	0	0	0	0	0	3948	0	314	0	0	0	0	0	0	0	0	0	0	1342	0	0	0	0	0	
142540	ParaHippocampal_L	500	0	630	0	0	0	296	0	0	0	0	0	0	0	122	0	0	0	302	0	976	0	0	0	0	0	0	0	800	0	0	0	0	0	2586	1114	14506	1016	0	824	4170	0	1080	0	0	0	6956	574	0	0	534	0	522	0	12448	0	0	0	0	0	0	0	0	0	0	0	1504	106	0	0	0	0	724	0	0	0	2238	368	0	0	98	0	1418	0	168	0	1306	0	1616	0	2946	0	294	0	356	122	2736	306	3312	0	870	0	234	0	0	0	0	0	0	592	0	0	0	0	0	0	
262792	ParaHippocampal_R	1228	770	0	2196	0	0	750	504	0	0	0	130	0	0	0	144	0	108	0	2116	120	1160	0	0	0	0	0	0	176	2608	0	0	0	0	2972	4650	1714	32802	824	0	0	10024	0	500	98	0	270	9102	0	0	0	0	0	0	108	20408	0	190	0	0	0	0	0	0	0	0	568	3054	0	408	0	318	0	6788	0	888	3506	5526	308	156	0	194	0	2764	0	108	0	1624	0	1790	0	448	0	0	0	458	0	4904	0	542	0	0	0	0	0	0	0	0	158	308	906	0	0	0	0	0	
44908	Amygdala_L	108	0	226	0	0	0	0	0	0	0	0	0	0	0	458	0	0	0	110	0	1576	0	0	0	0	0	0	0	1882	0	0	0	0	0	0	0	7230	0	4170	0	0	0	0	0	0	0	0	0	0	0	0	0	0	0	2580	0	0	0	0	0	0	0	0	0	0	0	0	0	0	0	226	0	290	0	0	0	0	0	0	0	0	0	1880	0	132	0	1110	0	476	0	0	0	0	0	0	0	0	0	0	0	0	0	0	0	0	0	0	0	0	0	0	0	0	0	0	0	
87116	Amygdala_R	0	0	0	438	0	246	0	0	0	0	0	0	0	0	0	304	0	0	0	364	130	2360	0	0	0	0	0	0	0	2232	0	0	0	0	0	0	0	9956	0	10024	0	0	0	0	0	0	0	0	0	0	0	0	0	0	0	6594	0	0	0	0	0	0	0	0	0	0	0	0	0	0	0	358	0	2094	0	0	0	232	0	0	0	0	0	3930	0	0	0	1696	0	2600	0	0	0	0	0	0	0	0	0	0	0	0	0	0	0	0	0	0	0	0	0	0	0	0	0	0	
325344	Calcarine_L	168	0	0	0	0	0	0	0	0	0	0	0	0	0	0	0	0	0	160	0	0	0	0	0	0	0	0	0	0	0	0	0	630	0	7136	0	2646	0	1080	0	0	0	0	11674	21332	9948	17426	3814	12996	4634	27960	888	4416	0	1034	284	150	0	126	380	102	0	0	0	1142	0	19870	704	910	0	0	0	0	0	0	0	122	0	0	0	0	0	0	0	6530	0	0	0	1390	0	100	362	0	0	0	0	210	248	536	474	0	0	0	0	0	0	0	0	0	0	622	308	160	0	0	0	
363712	Calcarine_R	362	838	112	0	0	0	1422	0	0	0	0	0	0	0	0	0	0	0	0	1110	0	0	0	0	0	0	0	0	0	104	0	0	662	4046	3508	3642	0	980	0	500	0	0	11674	0	2308	22352	4434	24910	0	16678	0	18094	0	4072	0	6204	0	1474	0	1336	0	262	0	196	0	214	4370	25580	136	2226	0	0	0	0	0	0	1690	652	0	0	0	386	0	0	0	7156	0	0	0	7296	0	0	0	0	0	0	0	196	0	0	0	0	0	0	0	0	0	0	0	0	370	304	0	0	0	0	
211236	Cuneus_L	212	168	0	0	0	0	376	0	0	0	0	0	0	0	0	0	0	0	0	288	0	0	0	0	0	0	0	0	0	0	0	0	210	266	4494	426	118	128	0	98	0	0	21332	2308	0	6554	1856	134	21148	572	15386	0	870	0	116	0	120	0	934	0	164	0	0	0	1934	0	15500	3664	450	250	0	0	0	0	0	0	492	138	0	0	0	0	0	0	4342	0	0	0	570	0	0	0	0	0	0	0	0	0	0	0	0	0	0	0	0	0	0	0	0	0	0	0	0	0	0	0	
262504	Cuneus_R	0	180	0	0	0	0	272	0	0	0	0	0	0	0	0	0	0	0	0	290	0	0	0	0	0	0	0	0	0	0	0	0	378	1870	916	1614	0	146	0	0	0	0	9948	22352	6554	0	1468	4784	290	28872	182	6544	0	612	0	900	0	3606	0	10052	0	2830	0	198	0	1248	2260	19326	0	936	0	0	0	0	0	0	344	118	0	0	0	210	0	0	0	882	0	0	0	1070	0	0	0	0	0	0	0	0	0	0	0	0	0	0	0	0	0	0	0	0	0	0	0	0	0	0	
302988	Lingual_L	174	0	0	0	0	0	234	0	0	0	0	0	0	0	0	0	0	0	0	0	0	0	0	0	0	0	0	0	0	0	0	0	0	0	2508	400	5386	248	6956	270	0	0	17426	4434	1856	1468	0	3762	3240	934	15810	602	9162	0	20724	816	0	0	0	0	0	0	0	0	0	0	5176	264	0	0	0	0	0	0	0	0	1234	120	0	0	0	0	0	0	330	0	0	0	410	0	5698	1082	1180	370	136	96	9526	1460	13234	1562	0	0	0	252	236	100	142	0	224	470	5134	3914	1778	462	256	238	
387052	Lingual_R	792	116	0	0	0	0	518	0	0	0	0	0	0	0	0	0	0	0	0	172	0	0	0	0	0	0	0	0	0	0	0	0	0	850	1672	7778	944	9332	574	9102	0	0	3814	24910	134	4784	3762	0	0	5448	0	6568	0	3656	396	24500	0	370	0	454	0	190	0	0	0	96	396	13966	0	460	0	0	0	104	0	0	2162	3658	148	0	0	122	0	0	0	1782	0	0	0	2280	650	6644	502	728	0	286	1694	11044	1582	11296	0	0	0	264	162	462	120	0	226	434	8180	8162	3558	514	764	244	
228908	Occipital_Sup_L	312	0	0	0	0	0	0	0	0	0	0	0	0	0	0	0	0	0	0	160	0	0	0	0	0	0	0	0	0	0	0	0	790	0	2520	0	0	0	0	0	0	0	12996	0	21148	290	3240	0	0	0	35196	0	860	0	180	0	196	0	4402	0	2744	0	0	0	6522	0	12308	326	790	172	0	0	0	0	0	0	0	0	0	0	0	0	0	0	8780	0	0	0	416	0	0	0	0	0	0	0	0	0	106	0	0	0	0	0	0	0	0	0	0	0	0	0	0	0	0	0	
239868	Occipital_Sup_R	0	494	0	0	0	0	0	0	0	0	0	0	0	0	0	0	0	0	0	0	0	0	0	0	0	0	0	0	0	0	0	0	0	456	0	1154	0	0	0	0	0	0	4634	16678	572	28872	934	5448	0	0	0	17438	0	492	0	1264	0	3838	0	12004	0	4326	0	846	0	4974	0	9612	0	430	0	0	0	0	0	0	0	0	0	102	0	1552	0	0	0	2156	0	0	0	1562	0	0	0	0	0	0	0	0	0	0	0	0	0	0	0	0	0	0	0	0	0	96	0	0	0	0	
514248	Occipital_Mid_L	5208	228	200	0	0	0	0	0	0	0	0	0	0	0	0	0	304	0	556	300	0	0	0	0	0	0	0	0	492	0	0	0	2928	128	4694	0	388	0	534	0	0	0	27960	0	15386	182	15810	0	35196	0	0	0	20170	0	6658	0	3456	0	8708	0	12854	0	504	0	23954	0	18044	0	6596	330	0	0	0	0	0	0	474	0	216	0	936	0	0	0	33204	0	0	0	9500	0	296	0	0	0	0	0	114	0	616	0	0	0	0	0	0	0	0	0	0	0	0	0	0	0	0	0	
208244	Occipital_Mid_R	0	690	0	0	0	0	0	0	0	0	0	0	0	0	0	0	0	0	0	0	0	0	0	0	0	0	0	0	0	0	0	0	220	1168	0	744	0	108	0	0	0	0	888	18094	0	6544	602	6568	0	17438	0	0	0	4472	0	3626	0	2180	0	1794	0	1772	0	560	0	10150	120	6628	0	1242	0	0	0	0	0	0	0	0	0	0	0	1004	0	0	0	12042	0	0	0	5468	0	0	0	0	0	0	0	0	0	0	0	0	0	0	0	0	0	0	0	0	0	0	0	0	0	0	
147880	Occipital_Inf_L	1192	0	134	0	0	0	0	0	0	0	0	0	0	0	0	0	0	0	0	0	0	0	0	0	0	0	0	0	368	0	0	0	0	0	758	0	486	0	522	0	0	0	4416	0	870	0	9162	0	860	0	20170	0	0	0	11784	0	260	0	0	0	0	0	0	0	0	0	1660	0	378	0	0	0	0	0	0	0	122	0	726	0	510	0	0	0	4812	0	0	0	9738	0	1868	0	186	0	0	0	170	0	2372	0	0	0	0	0	0	0	0	0	0	0	0	298	118	0	0	0	
97616	Occipital_Inf_R	0	466	0	0	0	0	0	0	0	0	0	0	0	0	0	0	0	0	0	0	0	0	0	0	0	0	0	0	0	0	0	0	0	274	0	478	0	114	0	0	0	0	0	4072	0	612	0	3656	0	492	0	4472	0	0	0	5442	0	730	0	326	0	1152	0	776	0	2038	0	1482	0	528	0	0	0	0	0	0	0	0	0	484	0	1420	0	0	0	3828	0	0	0	14250	0	226	0	0	0	0	0	102	0	598	0	0	0	0	0	0	0	0	0	0	104	444	242	0	0	0	
427580	Fusiform_L	374	0	1806	0	0	0	0	0	0	0	0	0	0	0	0	0	196	0	1720	0	252	0	0	0	0	0	0	0	4612	0	0	0	0	0	576	122	13572	114	12448	108	2580	0	1034	0	116	0	20724	396	180	0	6658	0	11784	0	0	140	0	0	0	0	0	0	0	0	0	0	682	0	0	0	0	0	1600	0	0	0	950	0	1668	0	2884	0	3398	0	2738	0	1954	0	20476	0	27034	298	3458	452	250	0	16098	220	36646	400	2860	292	1972	342	610	0	294	0	0	160	1638	2644	1716	544	0	0	
436228	Fusiform_R	152	1236	0	1270	0	0	172	340	0	0	0	0	0	0	0	0	0	138	0	1620	0	128	0	0	0	0	0	0	0	4516	0	0	0	232	632	2624	258	24878	0	20408	0	6594	284	6204	0	900	816	24500	0	1264	0	3626	0	5442	140	0	0	300	0	0	0	0	0	0	0	0	224	2422	0	1566	0	0	0	6186	0	506	580	1752	0	282	0	584	0	2514	0	1100	0	2336	0	15162	526	16936	742	1204	0	112	1218	11666	1186	21026	0	96	0	1332	154	556	120	0	270	374	5502	6344	3030	660	960	212	
240884	Postcentral_L	23404	1840	3970	744	0	0	142	250	0	0	4204	0	250	0	0	0	11814	0	2082	244	0	0	0	0	0	0	0	0	2806	0	0	0	286	0	1230	154	270	196	0	0	0	0	150	0	120	0	0	0	196	0	3456	0	260	0	0	0	0	96	4096	0	16706	0	10542	0	4010	0	3710	98	9122	120	184	514	140	0	0	0	428	338	3856	0	6122	0	0	0	1460	0	0	0	832	0	0	0	0	0	0	0	0	0	0	0	0	0	0	0	0	0	0	0	0	0	0	0	0	0	0	0	
194140	Postcentral_R	0	12780	0	836	0	0	0	206	0	0	0	2114	0	0	0	0	0	7508	0	930	0	0	0	0	0	0	0	0	0	2248	0	0	0	2018	284	2112	0	1230	0	190	0	0	0	1474	0	3606	0	370	0	3838	0	2180	0	730	0	300	96	0	0	11406	0	8098	0	11998	0	2116	0	7570	0	4610	0	586	0	224	0	0	294	874	0	404	0	1834	0	0	0	236	0	0	0	1770	0	0	0	0	0	0	0	0	0	0	0	0	0	0	0	0	0	0	0	0	0	0	0	0	0	0	
93096	Parietal_Sup_L	0	0	0	0	0	0	0	0	0	0	0	0	0	0	0	0	126	0	0	0	0	0	0	0	0	0	0	0	0	0	0	0	388	0	0	0	0	0	0	0	0	0	126	0	934	0	0	0	4402	0	8708	0	0	0	0	0	4096	0	0	0	8788	0	170	0	4222	0	12292	0	1370	0	0	0	0	0	0	0	0	0	0	0	142	0	0	0	616	0	0	0	168	0	0	0	0	0	0	0	0	0	0	0	0	0	0	0	0	0	0	0	0	0	0	0	0	0	0	0	
129192	Parietal_Sup_R	0	0	0	0	0	0	0	0	0	0	0	0	0	0	0	0	0	0	0	0	0	0	0	0	0	0	0	0	0	0	0	0	0	0	0	404	0	0	0	0	0	0	380	1336	0	10052	0	454	0	12004	0	1794	0	326	0	0	0	11406	0	0	0	8780	0	1658	0	4326	0	9506	0	610	0	0	0	0	0	0	0	0	0	0	0	342	0	0	0	604	0	0	0	614	0	0	0	0	0	0	0	0	0	0	0	0	0	0	0	0	0	0	0	0	0	0	0	0	0	0	
214496	Parietal_Inf_L	1940	234	818	0	0	0	0	0	0	0	0	0	0	0	0	0	626	0	808	0	0	0	0	0	0	0	0	0	394	0	0	0	676	0	160	0	0	0	0	0	0	0	102	0	164	0	0	0	2744	0	12854	0	0	0	0	0	16706	0	8788	0	0	0	15588	0	21352	0	3020	0	5614	0	0	0	0	0	0	0	106	0	142	0	3736	0	0	0	7512	0	0	0	3164	0	0	0	0	0	0	0	0	0	0	0	0	0	0	0	0	0	0	0	0	0	0	0	0	0	0	0	
131980	Parietal_Inf_R	0	144	0	0	0	0	0	0	0	0	0	0	0	0	0	0	0	410	0	0	0	0	0	0	0	0	0	0	0	238	0	0	0	0	0	250	0	0	0	0	0	0	0	262	0	2830	0	190	0	4326	0	1772	0	1152	0	0	0	8098	0	8780	0	0	0	16722	0	12490	0	2136	0	136	0	0	0	0	0	0	0	0	0	136	0	2004	0	0	0	1022	0	0	0	2892	0	0	0	0	0	0	0	0	0	0	0	0	0	0	0	0	0	0	0	0	0	0	0	0	0	0	
138636	SupraMarginal_L	1458	192	1494	0	0	0	0	0	0	0	0	0	0	0	0	0	4804	0	1792	0	0	0	0	0	0	0	0	0	1492	0	0	0	0	0	0	0	174	0	0	0	0	0	0	0	0	0	0	0	0	0	504	0	0	0	0	0	10542	0	170	0	15588	0	0	0	5550	0	298	0	1280	0	0	0	0	0	0	0	0	0	1152	0	13292	0	0	0	7018	0	0	0	2518	0	0	0	0	0	0	0	0	0	0	0	0	0	0	0	0	0	0	0	0	0	0	0	0	0	0	0	
113140	SupraMarginal_R	0	1124	0	132	0	0	0	0	0	0	0	0	0	0	0	0	0	3552	0	140	0	0	0	0	0	0	0	0	0	370	0	0	0	0	0	0	0	178	0	0	0	0	0	196	0	198	0	0	0	846	0	560	0	776	0	0	0	11998	0	1658	0	16722	0	0	0	6232	0	452	0	104	0	148	0	0	0	0	0	194	0	424	0	6108	0	0	0	1168	0	0	0	3290	0	0	0	0	0	0	0	0	0	0	0	0	0	0	0	0	0	0	0	0	0	0	0	0	0	0	
204340	Angular_L	544	114	0	0	0	0	0	0	0	0	0	0	0	0	0	0	0	0	0	98	0	0	0	0	0	0	0	0	0	0	0	0	1160	0	816	0	0	0	0	0	0	0	1142	0	1934	0	0	0	6522	0	23954	0	0	0	0	0	4010	0	4222	0	21352	0	5550	0	0	0	5634	0	5162	114	0	0	0	0	0	0	108	0	0	0	2464	0	0	0	14572	0	0	0	2698	0	0	0	0	0	0	0	0	0	0	0	0	0	0	0	0	0	0	0	0	0	0	0	0	0	0	0	
113472	Angular_R	0	0	0	0	0	0	0	0	0	0	0	0	0	0	0	0	0	0	0	0	0	0	0	0	0	0	0	0	0	0	0	0	0	0	0	150	0	0	0	0	0	0	0	214	0	1248	0	96	0	4974	0	10150	0	2038	0	0	0	2116	0	4326	0	12490	0	6232	0	0	0	1010	0	140	0	0	0	0	0	0	0	0	0	0	0	2890	0	0	0	4746	0	0	0	3916	0	0	0	0	0	0	0	0	0	0	0	0	0	0	0	0	0	0	0	0	0	0	0	0	0	0	
406768	Precuneus_L	2242	1858	392	116	0	0	2946	0	0	0	0	0	0	0	0	0	520	0	858	3638	0	0	0	0	0	0	0	0	232	130	0	0	8952	3202	23642	2230	3480	922	1504	568	0	0	19870	4370	15500	2260	5176	396	12308	0	18044	120	1660	0	682	224	3710	0	12292	0	3020	0	298	0	5634	0	0	10114	10502	3088	108	0	0	0	0	0	4476	1086	0	0	542	0	0	0	9036	0	0	0	1436	0	0	0	0	0	0	0	0	0	0	0	0	0	0	0	0	0	0	0	0	0	0	0	0	0	0	0	
370516	Precuneus_R	860	832	182	0	0	0	1894	0	0	0	0	0	0	0	0	0	0	0	234	2058	0	0	0	0	0	0	0	0	0	108	0	0	1824	11186	6892	13580	228	5670	106	3054	0	0	704	25580	3664	19326	264	13966	326	9612	0	6628	0	1482	0	2422	98	7570	0	9506	0	2136	0	452	0	1010	10114	0	318	7166	0	0	0	0	0	0	2828	1692	0	0	0	260	0	0	0	3002	0	0	0	4336	0	0	0	0	0	0	0	618	0	0	0	0	0	0	0	0	0	0	0	0	1470	0	0	0	0	0	
246796	Paracentral_Lobule_L	10588	4252	7740	1302	0	0	710	0	0	0	0	0	0	0	0	0	1448	0	10486	10796	0	0	0	0	0	0	0	0	2752	0	0	0	5478	5812	5876	734	312	102	0	0	0	0	910	136	450	0	0	0	790	0	6596	0	378	0	0	0	9122	0	1370	0	5614	0	1280	0	5162	0	10502	318	0	3280	0	254	1272	0	804	0	1468	408	412	0	1098	0	0	0	2214	0	0	0	1172	0	0	0	0	0	0	0	0	0	0	0	0	0	0	0	0	0	0	0	0	0	0	0	0	0	0	0	
175420	Paracentral_Lobule_R	548	10802	268	276	0	0	96	0	0	0	0	0	0	0	0	0	0	350	1544	16316	0	0	0	0	0	0	0	0	0	472	0	0	1676	12600	5608	3626	0	1458	0	408	0	0	0	2226	250	936	0	460	172	430	330	1242	0	528	0	1566	120	4610	0	610	0	136	0	104	114	140	3088	7166	3280	0	0	120	0	0	0	0	0	0	0	246	0	408	0	0	252	692	0	0	0	2436	0	0	0	0	0	0	0	0	0	0	0	0	0	0	0	0	0	0	0	0	0	0	0	0	0	0	
285788	Caudate_L	5660	674	11452	9702	1582	0	2456	614	304	0	546	392	156	792	1474	0	346	0	7452	12436	6680	7836	1836	514	1672	110	3006	0	5196	0	8014	3626	0	0	154	0	460	0	0	0	226	0	0	0	0	0	0	0	0	0	0	0	0	0	0	0	184	0	0	0	0	0	0	0	0	0	108	0	0	0	0	13502	18528	6430	1834	1160	4342	704	0	0	202	0	532	0	0	0	0	0	0	0	0	0	0	0	0	0	0	0	0	0	0	0	0	0	0	0	0	0	0	0	0	0	0	0	0	0	
413912	Caudate_R	790	11532	396	24446	0	4352	0	4148	0	436	0	1254	0	2110	0	1456	0	284	258	20946	3248	10738	176	11300	134	6116	746	3926	104	2488	6312	24066	100	354	0	0	0	428	0	318	0	358	0	0	0	0	0	0	0	0	0	0	0	0	0	0	514	586	0	0	0	0	0	148	0	0	0	0	254	120	13502	0	5362	23648	532	3410	2178	13110	0	0	0	0	0	272	0	0	0	0	0	0	0	0	0	0	0	0	0	0	0	0	0	0	0	0	0	0	0	0	0	0	0	0	0	0	0	0	
365568	Putamen_L	4138	704	28220	2342	5672	0	238	360	5660	0	628	194	480	228	6804	0	276	0	19738	3490	3372	3622	7046	352	1818	0	2296	0	19382	0	11004	2954	0	0	0	0	6210	0	724	0	290	0	0	0	0	0	0	0	0	0	0	0	0	0	1600	0	140	0	0	0	0	0	0	0	0	0	0	0	1272	0	18528	5362	0	3872	7476	312	1842	0	0	0	216	0	3018	0	142	0	0	0	762	0	0	0	0	0	0	0	0	0	0	0	0	0	0	0	0	0	0	0	0	0	0	0	0	0	0	0	
383304	Putamen_R	0	2546	0	17202	0	4718	0	3092	0	1480	0	4112	0	1194	0	5446	0	1164	0	17062	2150	6094	0	6392	96	4958	642	3676	0	21930	2686	9628	0	156	0	0	0	14274	0	6788	0	2094	0	0	0	0	0	104	0	0	0	0	0	0	0	6186	0	224	0	0	0	0	0	0	0	0	0	0	0	0	6430	23648	3872	0	406	3600	0	2844	0	0	0	1296	0	1256	0	162	0	206	0	1546	0	0	0	0	0	0	0	292	0	0	0	0	0	0	0	0	0	0	0	0	0	0	0	0	0	0	
51368	Pallidum_L	724	474	4278	312	0	0	0	126	0	0	0	0	0	0	0	0	0	0	3934	1020	190	500	0	0	0	0	0	0	854	0	146	0	0	0	0	0	706	0	0	0	0	0	0	0	0	0	0	0	0	0	0	0	0	0	0	0	0	0	0	0	0	0	0	0	0	0	0	0	804	0	1834	532	7476	406	0	0	1368	0	0	0	0	0	0	0	0	0	0	0	0	0	0	0	0	0	0	0	0	0	0	0	0	0	0	0	0	0	0	0	0	0	0	0	0	0	0	0	
41444	Pallidum_R	0	378	0	3976	0	0	0	98	0	0	0	0	0	0	0	0	0	0	0	4162	0	1050	0	0	0	0	0	0	0	0	0	0	0	0	0	0	0	1070	0	888	0	0	0	0	0	0	0	0	0	0	0	0	0	0	0	506	0	0	0	0	0	0	0	0	0	0	0	0	0	0	1160	3410	312	3600	0	0	0	0	0	0	0	0	0	0	0	0	0	0	0	0	0	0	0	0	0	0	0	112	0	0	0	0	0	0	0	0	0	0	0	0	0	0	0	0	0	0	
252520	Thalamus_L	15378	2546	15968	1712	0	0	5452	596	0	0	0	108	0	0	0	0	0	0	222	1064	0	0	0	0	0	0	0	0	5422	536	0	0	252	0	10810	5816	5354	5200	2238	3506	0	0	122	1690	492	344	1234	2162	0	0	474	0	122	0	950	580	428	294	0	0	106	0	0	0	108	0	4476	2828	1468	0	4342	2178	1842	0	1368	0	0	13942	798	0	110	0	0	0	376	0	0	0	278	0	0	0	0	0	0	0	0	968	0	0	0	0	0	0	0	0	0	0	0	0	0	0	0	0	0	0	
238792	Thalamus_R	2018	23178	340	12684	0	0	1290	3004	0	0	0	240	0	0	0	0	0	482	0	1766	0	0	0	0	0	0	0	0	190	3510	102	0	0	0	3430	4652	1288	9486	368	5526	0	232	0	652	138	118	120	3658	0	0	0	0	0	0	0	1752	338	874	0	0	0	0	0	194	0	0	1086	1692	408	0	704	13110	0	2844	0	0	13942	0	232	174	0	878	0	0	0	454	0	0	0	474	0	0	0	0	0	0	0	1604	0	0	0	0	0	0	0	0	0	0	0	0	164	0	0	0	0	0	
91996	Heschl_L	3514	0	1648	0	0	0	0	0	0	0	1292	0	0	0	0	0	6490	0	1028	0	0	0	0	0	0	0	0	0	6740	0	0	0	0	0	728	722	3238	552	0	308	0	0	0	0	0	0	0	148	0	0	216	0	726	0	1668	0	3856	0	0	0	142	0	1152	0	0	0	0	0	412	0	0	0	0	0	0	0	798	232	0	0	6080	0	0	0	2078	0	0	0	2230	0	0	0	0	0	0	0	0	0	0	0	0	0	0	0	0	0	0	0	0	0	0	0	0	0	0	0	
32780	Heschl_R	0	390	0	136	0	0	0	0	0	0	0	196	0	0	0	0	0	1790	0	106	0	0	0	0	0	0	0	0	0	3788	0	0	0	0	0	0	0	292	0	156	0	0	0	0	0	0	0	0	0	102	0	0	0	484	0	282	0	404	0	0	0	136	0	424	0	0	0	0	0	246	0	0	0	0	0	0	0	174	0	0	0	6026	0	0	0	542	0	0	0	716	0	0	0	0	0	0	0	0	0	0	0	0	0	0	0	0	0	0	0	0	0	0	0	0	0	0	
248788	Temporal_Sup_L	3304	0	3266	410	0	0	274	0	0	0	6790	0	656	0	0	0	16256	0	1898	382	0	0	784	0	0	0	0	0	10294	0	348	120	0	0	100	0	1434	0	98	0	0	0	0	0	0	0	0	0	0	0	936	0	510	0	2884	0	6122	0	142	0	3736	0	13292	0	2464	0	542	0	1098	0	202	0	216	0	0	0	110	0	6080	0	0	0	3180	0	22006	0	0	0	14460	0	0	0	0	0	0	0	0	0	0	0	0	0	0	0	0	0	0	0	0	0	0	0	0	0	0	0	
122540	Temporal_Sup_R	0	890	0	502	0	0	0	394	0	0	0	574	0	320	0	116	0	3898	0	552	0	0	0	0	0	0	0	0	0	7216	0	0	0	0	0	0	0	516	0	194	0	0	0	386	0	210	0	122	0	1552	0	1004	0	1420	0	584	0	1834	0	342	0	2004	0	6108	0	2890	0	260	0	408	0	0	0	1296	0	0	0	878	0	6026	0	0	0	1264	0	12182	0	716	0	4612	0	0	0	0	0	0	0	0	0	0	0	0	0	0	0	0	0	0	0	0	0	0	0	0	0	0	
109880	Temporal_Pole_Sup_L	0	0	1876	0	958	0	0	0	344	0	2186	0	1104	0	1590	0	1556	0	1194	0	1430	0	650	0	0	0	482	0	8238	0	0	0	0	0	0	0	2192	0	1418	0	1880	0	0	0	0	0	0	0	0	0	0	0	0	0	3398	0	0	0	0	0	0	0	0	0	0	0	0	0	0	0	532	0	3018	0	0	0	0	0	0	0	3180	0	0	0	4974	0	5870	0	6870	0	0	0	0	0	0	0	0	0	0	0	0	0	0	0	0	0	0	0	0	0	0	0	0	0	0	0	
62960	Temporal_Pole_Sup_R	0	0	0	230	0	188	0	0	0	0	0	484	0	324	0	620	0	180	0	210	0	1334	0	0	0	0	0	0	0	2676	0	0	0	0	0	0	0	1732	0	2764	0	3930	0	0	0	0	0	0	0	0	0	0	0	0	0	2514	0	0	0	0	0	0	0	0	0	0	0	0	0	0	0	272	0	1256	0	0	0	0	0	0	0	1264	0	0	0	2108	0	4910	0	4484	0	0	0	0	0	0	0	0	0	0	0	0	0	0	0	0	0	0	0	0	0	0	0	0	0	0	
389388	Temporal_Mid_L	5210	152	1300	182	0	0	198	0	0	0	2124	0	136	0	0	0	3528	0	760	394	0	0	270	0	0	0	0	0	4628	0	212	0	654	124	2530	0	352	0	168	0	132	0	6530	0	4342	0	330	0	8780	0	33204	0	4812	0	2738	0	1460	0	616	0	7512	0	7018	0	14572	0	9036	0	2214	252	0	0	142	0	0	0	376	0	2078	0	22006	0	4974	0	0	0	2450	0	36198	0	0	0	0	0	0	0	0	0	0	0	0	0	0	0	0	0	0	0	0	0	0	0	0	0	0	0	
172736	Temporal_Mid_R	0	314	0	0	0	0	0	0	0	0	0	0	0	0	0	0	0	0	0	186	0	0	0	0	0	0	0	0	0	1678	0	0	0	370	0	448	0	302	0	108	0	0	0	7156	0	882	0	1782	0	2156	0	12042	0	3828	0	1100	0	236	0	604	0	1022	0	1168	0	4746	0	3002	0	692	0	0	0	162	0	0	0	454	0	542	0	12182	0	2108	0	0	0	2734	0	24364	0	0	0	0	0	0	0	0	0	0	0	0	0	0	0	0	0	0	0	0	0	0	0	0	0	0	
37148	Temporal_Pole_Mid_L	0	0	0	0	0	0	0	0	0	0	0	0	0	0	0	0	0	0	0	0	304	0	0	0	0	0	0	0	432	0	0	0	0	0	0	0	934	0	1306	0	1110	0	0	0	0	0	0	0	0	0	0	0	0	0	1954	0	0	0	0	0	0	0	0	0	0	0	0	0	0	0	0	0	0	0	0	0	0	0	0	0	0	0	5870	0	2450	0	0	0	4214	0	0	0	0	0	0	0	0	0	0	0	0	0	0	0	0	0	0	0	0	0	0	0	0	0	0	0	
37140	Temporal_Pole_Mid_R	0	0	0	0	0	0	0	0	0	0	0	0	0	0	0	0	0	0	0	0	0	0	0	0	0	0	0	0	0	0	0	0	0	0	0	0	0	612	0	1624	0	1696	0	0	0	0	0	0	0	0	0	0	0	0	0	2336	0	0	0	0	0	0	0	0	0	0	0	0	0	0	0	0	0	206	0	0	0	0	0	0	0	716	0	4910	0	2734	0	0	0	3736	0	0	0	0	0	0	0	0	0	0	0	0	0	0	0	0	0	0	0	0	0	0	0	0	0	0	
297236	Temporal_Inf_L	3724	0	1652	0	0	0	0	0	0	0	100	0	0	0	0	0	626	0	1428	0	0	0	0	0	0	0	0	0	6186	0	0	0	136	0	842	0	6218	0	1616	0	476	0	1390	0	570	0	410	0	416	0	9500	0	9738	0	20476	0	832	0	168	0	3164	0	2518	0	2698	0	1436	0	1172	0	0	0	762	0	0	0	278	0	2230	0	14460	0	6870	0	36198	0	4214	0	0	0	4126	0	584	0	0	0	0	0	758	0	540	0	106	0	0	0	0	0	0	0	0	0	0	0	0	0	
247640	Temporal_Inf_R	0	1658	0	108	0	0	0	0	0	0	0	0	0	0	0	0	0	0	0	668	0	0	0	0	0	0	0	0	0	2900	0	0	0	652	0	1864	0	4954	0	1790	0	2600	0	7296	0	1070	0	2280	0	1562	0	5468	0	14250	0	15162	0	1770	0	614	0	2892	0	3290	0	3916	0	4336	0	2436	0	0	0	1546	0	0	0	474	0	716	0	4612	0	4484	0	24364	0	3736	0	0	0	352	0	0	0	0	0	0	0	0	0	0	0	0	0	0	0	0	0	0	0	0	0	0	0	0	
467664	Cerebelum_Crus1_L	0	0	0	0	0	0	0	0	0	0	0	0	0	0	0	0	0	0	0	0	0	0	0	0	0	0	0	0	0	0	0	0	0	0	0	0	236	0	2946	0	0	0	100	0	0	0	5698	650	0	0	296	0	1868	0	27034	526	0	0	0	0	0	0	0	0	0	0	0	0	0	0	0	0	0	0	0	0	0	0	0	0	0	0	0	0	0	0	0	0	4126	0	0	2084	38394	3064	1724	0	19524	0	56662	2270	21158	1704	16662	2486	2896	0	1930	0	0	584	1276	3648	9818	3504	742	222	
445756	Cerebelum_Crus1_R	0	0	0	0	0	0	0	0	0	0	0	0	0	0	0	0	0	0	0	0	0	0	0	0	0	0	0	0	0	0	0	0	0	0	0	0	0	250	0	448	0	0	362	0	0	0	1082	6644	0	0	0	0	0	226	298	16936	0	0	0	0	0	0	0	0	0	0	0	0	0	0	0	0	0	0	0	0	0	0	0	0	0	0	0	0	0	0	0	0	0	352	2084	0	4934	34696	0	2522	824	23760	2180	58848	0	3778	0	24742	0	1504	0	306	272	1430	8076	9704	11010	3074	2170	366	
377660	Cerebelum_Crus2_L	0	0	0	0	0	0	0	0	0	0	0	0	0	0	0	0	0	0	0	0	0	0	0	0	0	0	0	0	0	0	0	0	0	0	0	0	0	0	294	0	0	0	0	0	0	0	1180	502	0	0	0	0	186	0	3458	742	0	0	0	0	0	0	0	0	0	0	0	0	0	0	0	0	0	0	0	0	0	0	0	0	0	0	0	0	0	0	0	0	584	0	38394	4934	0	9452	0	176	936	1018	8458	4420	41892	6004	33114	6166	2864	114	558	0	0	96	110	2008	14118	6380	506	166	
288132	Cerebelum_Crus2_R	0	0	0	0	0	0	0	0	0	0	0	0	0	0	0	0	0	0	0	0	0	0	0	0	0	0	0	0	0	0	0	0	0	0	0	0	0	0	0	0	0	0	0	0	0	0	370	728	0	0	0	0	0	0	452	1204	0	0	0	0	0	0	0	0	0	0	0	0	0	0	0	0	0	0	0	0	0	0	0	0	0	0	0	0	0	0	0	0	0	0	3064	34696	9452	0	0	372	252	1940	1528	11560	2030	22254	1620	32406	0	2366	0	98	0	230	588	1866	10468	4088	434	0	
43304	Cerebelum_3_L	0	0	0	0	0	0	0	0	0	0	0	0	0	0	0	0	0	0	0	0	0	0	0	0	0	0	0	0	0	0	0	0	0	0	0	0	0	0	356	0	0	0	0	0	0	0	136	0	0	0	0	0	0	0	250	0	0	0	0	0	0	0	0	0	0	0	0	0	0	0	0	0	0	0	0	0	0	0	0	0	0	0	0	0	0	0	0	0	0	0	1724	0	0	0	0	420	7692	182	2444	122	224	0	180	0	0	0	0	0	1006	4952	1964	0	0	0	0	0	
44288	Cerebelum_3_R	0	0	0	0	0	0	0	0	0	0	0	0	0	0	0	0	0	0	0	0	0	0	0	0	0	0	0	0	0	0	0	0	0	0	0	0	0	0	122	458	0	0	0	0	0	0	96	286	0	0	0	0	0	0	0	112	0	0	0	0	0	0	0	0	0	0	0	0	0	0	0	0	0	0	0	0	0	0	0	0	0	0	0	0	0	0	0	0	0	0	0	2522	176	372	420	0	182	5086	0	4812	0	0	0	860	0	0	0	0	642	3932	1500	226	0	110	230	0	
252512	Cerebelum_4_5_L	0	0	0	0	0	0	0	0	0	0	0	0	0	0	0	0	0	0	0	0	0	0	0	0	0	0	0	0	0	0	0	0	0	0	0	0	286	0	2736	0	0	0	210	0	0	0	9526	1694	0	0	114	0	170	0	16098	1218	0	0	0	0	0	0	0	0	0	0	0	0	0	0	0	0	0	0	0	0	0	0	0	0	0	0	0	0	0	0	0	0	0	0	19524	824	936	252	7692	182	0	2060	32776	1888	2514	188	1656	348	1890	0	446	0	638	3894	12944	2010	422	254	350	516	
275660	Cerebelum_4_5_R	328	0	0	0	0	0	208	0	0	0	0	0	0	0	0	0	0	0	0	0	0	0	0	0	0	0	0	0	0	0	0	0	0	0	678	984	384	3948	306	4904	0	0	248	196	0	0	1460	11044	0	0	0	0	0	102	220	11666	0	0	0	0	0	0	0	0	0	0	0	618	0	0	0	0	0	292	0	112	968	1604	0	0	0	0	0	0	0	0	0	0	0	0	0	23760	1018	1940	182	5086	2060	0	1046	33730	0	118	0	5938	180	594	134	280	366	3054	13596	2042	768	700	732	236	
434064	Cerebelum_6_L	0	0	0	0	0	0	0	0	0	0	0	0	0	0	0	0	0	0	0	0	0	0	0	0	0	0	0	0	0	0	0	0	0	0	0	0	232	0	3312	0	0	0	536	0	0	0	13234	1582	106	0	616	0	2372	0	36646	1186	0	0	0	0	0	0	0	0	0	0	0	0	0	0	0	0	0	0	0	0	0	0	0	0	0	0	0	0	0	0	0	0	758	0	56662	2180	8458	1528	2444	0	32776	1046	0	3040	7842	524	7688	774	3836	166	2404	0	290	1468	7248	7948	5946	1418	474	292	
489892	Cerebelum_6_R	0	0	0	0	0	0	0	0	0	0	0	0	0	0	0	0	0	0	0	0	0	0	0	0	0	0	0	0	0	0	0	0	0	0	0	0	0	314	0	542	0	0	474	0	0	0	1562	11296	0	0	0	0	0	598	400	21026	0	0	0	0	0	0	0	0	0	0	0	0	0	0	0	0	0	0	0	0	0	0	0	0	0	0	0	0	0	0	0	0	0	0	2270	58848	4420	11560	122	4812	1888	33730	3040	0	0	710	0	16746	160	5278	116	2578	900	3084	13190	16304	15400	6590	6204	784	
287468	Cerebelum_7b_L	0	0	0	0	0	0	0	0	0	0	0	0	0	0	0	0	0	0	0	0	0	0	0	0	0	0	0	0	0	0	0	0	0	0	0	0	0	0	870	0	0	0	0	0	0	0	0	0	0	0	0	0	0	0	2860	0	0	0	0	0	0	0	0	0	0	0	0	0	0	0	0	0	0	0	0	0	0	0	0	0	0	0	0	0	0	0	0	0	540	0	21158	0	41892	2030	224	0	2514	0	7842	0	0	2562	42646	3194	3780	104	814	0	0	0	212	0	4390	5346	602	154	
150600	Cerebelum_7b_R	0	0	0	0	0	0	0	0	0	0	0	0	0	0	0	0	0	0	0	0	0	0	0	0	0	0	0	0	0	0	0	0	0	0	0	0	0	0	0	0	0	0	0	0	0	0	0	0	0	0	0	0	0	0	292	96	0	0	0	0	0	0	0	0	0	0	0	0	0	0	0	0	0	0	0	0	0	0	0	0	0	0	0	0	0	0	0	0	0	0	1704	3778	6004	22254	0	0	188	118	524	710	2562	0	1938	22252	0	3144	0	0	0	0	0	0	5630	4106	0	0	
283436	Cerebelum_8_L	0	0	0	0	0	0	0	0	0	0	0	0	0	0	0	0	0	0	0	0	0	0	0	0	0	0	0	0	0	0	0	0	0	0	0	0	0	0	234	0	0	0	0	0	0	0	0	0	0	0	0	0	0	0	1972	0	0	0	0	0	0	0	0	0	0	0	0	0	0	0	0	0	0	0	0	0	0	0	0	0	0	0	0	0	0	0	0	0	106	0	16662	0	33114	1620	180	0	1656	0	7688	0	42646	1938	0	3274	13720	572	2592	0	0	0	0	0	5170	6594	1710	270	
332232	Cerebelum_8_R	0	0	0	0	0	0	0	0	0	0	0	0	0	0	0	0	0	0	0	0	0	0	0	0	0	0	0	0	0	0	0	0	0	0	0	0	0	0	0	0	0	0	0	0	0	0	252	264	0	0	0	0	0	0	342	1332	0	0	0	0	0	0	0	0	0	0	0	0	0	0	0	0	0	0	0	0	0	0	0	0	0	0	0	0	0	0	0	0	0	0	2486	24742	6166	32406	0	860	348	5938	774	16746	3194	22252	3274	0	148	16436	0	1822	134	748	1826	974	10840	9296	2516	0	
87736	Cerebelum_9_L	0	0	0	0	0	0	0	0	0	0	0	0	0	0	0	0	0	0	0	0	0	0	0	0	0	0	0	0	0	0	0	0	0	0	0	0	0	0	0	0	0	0	0	0	0	0	236	162	0	0	0	0	0	0	610	154	0	0	0	0	0	0	0	0	0	0	0	0	0	0	0	0	0	0	0	0	0	0	0	0	0	0	0	0	0	0	0	0	0	0	2896	0	2864	0	0	0	1890	180	3836	160	3780	0	13720	148	0	660	5138	0	0	0	1422	1120	1554	1296	1424	618	
116604	Cerebelum_9_R	0	0	0	0	0	0	0	0	0	0	0	0	0	0	0	0	0	0	0	0	0	0	0	0	0	0	0	0	0	0	0	0	0	0	0	0	0	0	0	0	0	0	0	0	0	0	100	462	0	0	0	0	0	0	0	556	0	0	0	0	0	0	0	0	0	0	0	0	0	0	0	0	0	0	0	0	0	0	0	0	0	0	0	0	0	0	0	0	0	0	0	1504	114	2366	0	0	0	594	166	5278	104	3144	572	16436	660	0	0	2512	0	0	1168	4264	5110	5670	6428	1094	
34240	Cerebelum_10_L	0	0	0	0	0	0	0	0	0	0	0	0	0	0	0	0	0	0	0	0	0	0	0	0	0	0	0	0	0	0	0	0	0	0	0	0	0	0	0	0	0	0	0	0	0	0	142	120	0	0	0	0	0	0	294	120	0	0	0	0	0	0	0	0	0	0	0	0	0	0	0	0	0	0	0	0	0	0	0	0	0	0	0	0	0	0	0	0	0	0	1930	0	558	0	0	0	446	134	2404	116	814	0	2592	0	5138	0	0	0	0	0	290	446	686	518	372	0	
27236	Cerebelum_10_R	0	0	0	0	0	0	0	0	0	0	0	0	0	0	0	0	0	0	0	0	0	0	0	0	0	0	0	0	0	0	0	0	0	0	0	0	0	0	0	0	0	0	0	0	0	0	0	0	0	0	0	0	0	0	0	0	0	0	0	0	0	0	0	0	0	0	0	0	0	0	0	0	0	0	0	0	0	0	0	0	0	0	0	0	0	0	0	0	0	0	0	306	0	98	0	0	0	280	0	2578	0	0	0	1822	0	2512	0	0	0	0	0	498	1980	1824	1720	0	
23996	Vermis_1_2	0	0	0	0	0	0	0	0	0	0	0	0	0	0	0	0	0	0	0	0	0	0	0	0	0	0	0	0	0	0	0	0	0	0	0	0	0	0	0	158	0	0	0	0	0	0	224	226	0	0	0	0	0	0	0	270	0	0	0	0	0	0	0	0	0	0	0	0	0	0	0	0	0	0	0	0	0	0	0	0	0	0	0	0	0	0	0	0	0	0	0	272	0	0	1006	642	638	366	290	900	0	0	0	134	0	0	0	0	0	4264	1596	618	0	0	394	0	
72252	Vermis_3	0	0	0	0	0	0	0	0	0	0	0	0	0	0	0	0	0	0	0	0	0	0	0	0	0	0	0	0	0	0	0	0	0	0	0	0	146	0	592	308	0	0	0	0	0	0	470	434	0	0	0	0	0	0	160	374	0	0	0	0	0	0	0	0	0	0	0	0	0	0	0	0	0	0	0	0	0	0	0	0	0	0	0	0	0	0	0	0	0	0	584	1430	96	230	4952	3932	3894	3054	1468	3084	0	0	0	748	0	0	0	0	4264	0	5054	476	0	0	376	0	
224456	Vermis_4_5	0	0	0	0	0	0	0	0	0	0	0	0	0	0	0	0	0	0	0	0	0	0	0	0	0	0	0	0	0	0	0	0	0	0	0	1268	0	1342	0	906	0	0	622	370	0	0	5134	8180	0	0	0	0	0	104	1638	5502	0	0	0	0	0	0	0	0	0	0	0	1470	0	0	0	0	0	0	0	0	0	164	0	0	0	0	0	0	0	0	0	0	0	0	1276	8076	110	588	1964	1500	12944	13596	7248	13190	212	0	0	1826	1422	1168	290	0	1596	5054	0	7924	900	692	1754	2198	
221768	Vermis_6	0	0	0	0	0	0	0	0	0	0	0	0	0	0	0	0	0	0	0	0	0	0	0	0	0	0	0	0	0	0	0	0	0	0	0	0	0	0	0	0	0	0	308	304	0	0	3914	8162	0	96	0	0	298	444	2644	6344	0	0	0	0	0	0	0	0	0	0	0	0	0	0	0	0	0	0	0	0	0	0	0	0	0	0	0	0	0	0	0	0	0	0	3648	9704	2008	1866	0	226	2010	2042	7948	16304	0	0	0	974	1120	4264	446	498	618	476	7924	0	11698	4792	6506	3298	
