data	data	254700	149636	807400	752640	172036	141764	388084	179608	51236	14856	109448	61388	160884	86400	194300	80604	195656	124148	451968	654688	143192	156104	208300	249148	23540	105728	145448	139888	564604	243344	138260	287428	133080	305592	138984	157356	235884	329368	52668	119844	35668	73812	159192	266572	168472	317348	219460	258116	166004	341412	489644	267400	95236	70668	251740	376120	181288	125996	100620	42540	198008	96512	108588	88116	133024	100728	350136	369788	58176	97408	282944	312684	286860	251592	29868	9124	233332	172396	77504	19324	205152	110840	90032	118236	384764	246580	24768	54016	267296	266044	377432	346476	312476	219436	23380	55984	196224	201672	349024	356216	279000	135280	327864	210032	197792	92148	20556	11400	13936	51860	159644	174052	147296	81164	54640	49616	
data	data	Precentral_L	Precentral_R	Frontal_Sup_L	Frontal_Sup_R	Frontal_Sup_Orb_L	Frontal_Sup_Orb_R	Frontal_Mid_L	Frontal_Mid_R	Frontal_Mid_Orb_L	Frontal_Mid_Orb_R	Frontal_Inf_Oper_L	Frontal_Inf_Oper_R	Frontal_Inf_Tri_L	Frontal_Inf_Tri_R	Frontal_Inf_Orb_L	Frontal_Inf_Orb_R	Rolandic_Oper_L	Rolandic_Oper_R	Supp_Motor_Area_L	Supp_Motor_Area_R	Olfactory_L	Olfactory_R	Frontal_Sup_Medial_L	Frontal_Sup_Medial_R	Frontal_Med_Orb_L	Frontal_Med_Orb_R	Rectus_L	Rectus_R	Insula_L	Insula_R	Cingulum_Ant_L	Cingulum_Ant_R	Cingulum_Mid_L	Cingulum_Mid_R	Cingulum_Post_L	Cingulum_Post_R	Hippocampus_L	Hippocampus_R	ParaHippocampal_L	ParaHippocampal_R	Amygdala_L	Amygdala_R	Calcarine_L	Calcarine_R	Cuneus_L	Cuneus_R	Lingual_L	Lingual_R	Occipital_Sup_L	Occipital_Sup_R	Occipital_Mid_L	Occipital_Mid_R	Occipital_Inf_L	Occipital_Inf_R	Fusiform_L	Fusiform_R	Postcentral_L	Postcentral_R	Parietal_Sup_L	Parietal_Sup_R	Parietal_Inf_L	Parietal_Inf_R	SupraMarginal_L	SupraMarginal_R	Angular_L	Angular_R	Precuneus_L	Precuneus_R	Paracentral_Lobule_L	Paracentral_Lobule_R	Caudate_L	Caudate_R	Putamen_L	Putamen_R	Pallidum_L	Pallidum_R	Thalamus_L	Thalamus_R	Heschl_L	Heschl_R	Temporal_Sup_L	Temporal_Sup_R	Temporal_Pole_Sup_L	Temporal_Pole_Sup_R	Temporal_Mid_L	Temporal_Mid_R	Temporal_Pole_Mid_L	Temporal_Pole_Mid_R	Temporal_Inf_L	Temporal_Inf_R	Cerebelum_Crus1_L	Cerebelum_Crus1_R	Cerebelum_Crus2_L	Cerebelum_Crus2_R	Cerebelum_3_L	Cerebelum_3_R	Cerebelum_4_5_L	Cerebelum_4_5_R	Cerebelum_6_L	Cerebelum_6_R	Cerebelum_7b_L	Cerebelum_7b_R	Cerebelum_8_L	Cerebelum_8_R	Cerebelum_9_L	Cerebelum_9_R	Cerebelum_10_L	Cerebelum_10_R	Vermis_1_2	Vermis_3	Vermis_4_5	Vermis_6	Vermis_7	Vermis_8	Vermis_9	Vermis_10	
254700	Precentral_L	0	1520	9200	826	0	0	10450	0	0	0	8706	0	192	0	0	0	8960	0	3466	648	0	0	0	0	0	0	0	0	6512	0	0	0	2390	0	5620	204	2784	142	122	0	0	0	484	0	2724	0	86	0	1874	0	7284	0	618	0	140	0	20906	0	502	0	7592	0	2830	0	1958	0	1724	0	4308	0	708	218	1900	0	0	0	1938	182	2712	0	958	0	0	0	2946	0	0	0	1016	0	0	0	0	0	0	0	0	0	0	0	0	0	0	0	0	0	0	0	0	0	0	0	0	0	0	0	
149636	Precentral_R	1520	0	3714	4208	0	0	1486	2892	0	0	0	2194	0	0	0	0	150	202	2430	7930	0	0	0	0	0	0	0	0	166	160	0	0	136	4130	88	3758	160	2054	0	0	0	0	0	0	0	942	0	0	0	558	0	1282	0	0	0	300	168	13552	0	476	0	638	0	2326	0	156	614	2106	254	5008	478	632	410	182	88	0	1082	634	0	0	0	342	0	0	0	3040	0	0	0	2172	0	0	0	0	0	0	0	0	0	0	0	0	0	0	0	0	0	0	0	0	0	0	0	0	0	0	
807400	Frontal_Sup_L	9200	3714	0	18670	8026	208	60088	2256	2994	0	5338	0	11984	162	9860	0	5146	0	73120	21098	1062	624	34286	268	1348	334	2012	280	31804	230	9904	2042	4364	1134	1546	702	7798	696	464	0	0	0	0	0	0	0	0	0	0	0	596	0	0	0	0	0	2648	0	0	0	392	0	288	0	384	0	138	0	1980	0	14198	2372	24310	778	1360	0	18904	926	580	0	254	0	128	0	418	0	0	0	284	0	0	0	0	0	0	0	0	0	0	0	0	0	0	0	0	0	0	0	0	0	0	0	0	0	0	0	
752640	Frontal_Sup_R	826	4208	18670	0	1332	9324	8296	31922	0	552	1002	5122	1236	5766	1068	2046	400	3966	14538	84972	1938	2986	3086	29114	0	3372	1688	3460	7574	10882	1448	26922	3336	16624	594	900	1208	2076	0	224	0	0	0	0	0	166	0	0	0	124	0	106	0	0	0	132	0	154	0	0	0	0	0	128	0	0	148	232	0	0	9980	19976	3208	14076	0	780	1928	11722	0	92	0	0	0	0	0	256	0	0	0	434	0	0	0	0	0	0	0	0	0	0	0	0	0	0	0	0	0	0	0	0	0	0	0	0	0	0	
172036	Frontal_Sup_Orb_L	0	0	8026	1332	0	1746	334	0	6902	0	0	0	350	0	12060	0	0	0	0	0	7434	3642	2784	1276	2586	1206	12946	2354	5340	0	3096	664	0	0	0	0	0	0	0	0	558	0	0	0	0	0	0	0	0	0	0	0	0	0	0	0	0	0	0	0	0	0	0	0	0	0	0	0	0	0	6012	2602	2452	0	0	0	0	0	0	0	0	0	316	0	0	0	0	0	0	0	0	0	0	0	0	0	0	0	0	0	0	0	0	0	0	0	0	0	0	0	0	0	0	0	0	0	
141764	Frontal_Sup_Orb_R	0	0	208	9324	1746	0	0	622	0	3236	0	0	0	0	1344	2864	0	0	0	0	2522	4862	86	7636	0	8266	2162	10966	488	324	514	3410	0	0	0	0	0	0	0	0	0	0	0	0	0	0	0	0	0	0	0	0	0	0	0	0	0	0	0	0	0	0	0	0	0	0	0	0	0	0	2272	6214	122	1694	0	0	0	0	0	0	0	0	0	0	0	0	0	0	0	0	0	0	0	0	0	0	0	0	0	0	0	0	0	0	0	0	0	0	0	0	0	0	0	0	0	0	
388084	Frontal_Mid_L	10450	1486	60088	8296	334	0	0	922	2948	0	5096	0	22220	0	8924	0	2264	0	9526	7304	0	0	12866	0	0	0	0	0	17734	0	1590	368	1580	0	1544	1112	2890	688	0	0	0	0	0	0	0	0	0	0	0	0	134	0	0	0	0	0	578	0	0	0	266	0	130	0	0	0	0	0	0	0	3408	600	2088	0	0	0	5168	714	240	0	166	0	0	0	214	0	0	0	106	0	0	0	0	0	0	0	0	0	0	0	0	0	0	0	0	0	0	0	0	0	0	0	0	0	0	0	
179608	Frontal_Mid_R	0	2892	2256	31922	0	622	922	0	0	1056	210	4694	584	6980	0	3646	118	642	1488	7790	0	0	276	1336	0	0	0	92	1640	5222	316	2078	366	1652	224	228	160	1204	0	0	0	0	0	0	0	0	0	0	0	0	0	0	0	0	0	0	0	0	0	0	0	0	0	0	0	0	0	0	0	0	1318	2106	402	2266	0	0	1116	1980	0	0	0	0	0	0	0	0	0	0	0	0	0	0	0	0	0	0	0	0	0	0	0	0	0	0	0	0	0	0	0	0	0	0	0	0	0	0	
51236	Frontal_Mid_Orb_L	0	0	2994	0	6902	0	2948	0	0	0	0	0	2238	0	8158	0	0	0	0	0	88	88	0	0	188	0	1926	0	0	0	0	0	0	0	0	0	0	0	0	0	0	0	0	0	0	0	0	0	0	0	0	0	0	0	0	0	0	0	0	0	0	0	0	0	0	0	0	0	0	0	88	0	0	0	0	0	0	0	0	0	0	0	0	0	0	0	0	0	0	0	0	0	0	0	0	0	0	0	0	0	0	0	0	0	0	0	0	0	0	0	0	0	0	0	0	0	
14856	Frontal_Mid_Orb_R	0	0	0	552	0	3236	0	1056	0	0	0	0	0	0	0	2176	0	0	0	0	0	0	0	0	0	0	0	408	0	0	0	0	0	0	0	0	0	0	0	0	0	0	0	0	0	0	0	0	0	0	0	0	0	0	0	0	0	0	0	0	0	0	0	0	0	0	0	0	0	0	0	0	0	0	0	0	0	0	0	0	0	0	0	0	0	0	0	0	0	0	0	0	0	0	0	0	0	0	0	0	0	0	0	0	0	0	0	0	0	0	0	0	0	0	0	0	
109448	Frontal_Inf_Oper_L	8706	0	5338	1002	0	0	5096	210	0	0	0	0	4302	0	0	0	6184	0	2256	878	0	0	720	0	0	0	0	0	7914	0	90	0	0	0	0	0	1526	0	0	0	0	0	0	0	0	0	0	0	0	0	646	0	0	0	0	0	2274	0	0	0	1434	0	0	0	0	0	0	0	0	0	196	0	704	0	0	0	1024	0	1594	0	626	0	146	0	1340	0	0	0	518	0	0	0	0	0	0	0	0	0	0	0	0	0	0	0	0	0	0	0	0	0	0	0	0	0	0	0	
61388	Frontal_Inf_Oper_R	0	2194	0	5122	0	0	0	4694	0	0	0	0	0	4084	0	154	0	2874	0	4828	0	0	0	0	0	0	0	0	0	3586	0	0	0	0	0	0	0	282	0	0	0	0	0	0	0	0	0	0	0	0	0	0	0	0	0	0	0	314	0	0	0	0	0	160	0	0	0	0	0	0	0	270	256	788	0	0	782	138	0	168	0	0	0	0	0	0	0	0	0	0	0	0	0	0	0	0	0	0	0	0	0	0	0	0	0	0	0	0	0	0	0	0	0	0	0	0	
160884	Frontal_Inf_Tri_L	192	0	11984	1236	350	0	22220	584	2238	0	4302	0	0	0	13878	0	470	0	1516	1234	0	0	1254	0	0	0	0	0	17870	0	0	0	0	0	0	0	0	0	0	0	0	0	0	0	0	0	0	0	0	0	0	0	0	0	0	0	0	0	0	0	0	0	0	0	0	0	0	0	0	0	114	0	1000	0	0	0	0	0	0	0	0	0	0	0	0	0	0	0	0	0	0	0	0	0	0	0	0	0	0	0	0	0	0	0	0	0	0	0	0	0	0	0	0	0	0	0	
86400	Frontal_Inf_Tri_R	0	0	162	5766	0	0	0	6980	0	0	0	4084	0	0	0	2762	0	0	150	3558	0	0	812	1250	0	0	0	0	0	13258	0	776	110	2010	0	0	0	0	0	0	0	0	0	0	0	0	0	0	0	0	0	0	0	0	0	0	0	0	0	0	0	0	0	0	0	0	0	0	0	0	176	994	0	352	0	0	0	0	0	0	0	0	0	0	0	0	0	0	0	0	0	0	0	0	0	0	0	0	0	0	0	0	0	0	0	0	0	0	0	0	0	0	0	0	0	0	
194300	Frontal_Inf_Orb_L	0	0	9860	1068	12060	1344	8924	0	8158	0	0	0	13878	0	0	0	0	0	0	0	5294	2626	118	918	0	720	5792	1668	14158	0	788	190	0	0	0	0	0	0	0	0	0	0	0	0	0	0	0	0	0	0	0	0	0	0	0	0	0	0	0	0	0	0	0	0	0	0	0	0	0	0	5094	2026	1950	0	0	0	0	0	0	0	0	0	516	0	0	0	0	0	0	0	0	0	0	0	0	0	0	0	0	0	0	0	0	0	0	0	0	0	0	0	0	0	0	0	0	0	
80604	Frontal_Inf_Orb_R	0	0	0	2046	0	2864	0	3646	0	2176	0	154	0	2762	0	0	0	612	0	206	0	962	0	862	0	0	0	914	0	6810	0	0	0	0	0	0	0	856	0	270	0	0	0	0	0	0	0	0	0	0	0	0	0	0	0	294	0	0	0	0	0	0	0	0	0	0	0	0	0	0	0	436	0	1834	0	0	0	0	0	222	0	4500	0	6694	0	506	0	346	0	330	0	0	0	0	0	0	0	0	0	0	0	0	0	0	0	0	0	0	0	0	0	0	0	0	0	0	
195656	Rolandic_Oper_L	8960	150	5146	400	0	0	2264	118	0	0	6184	0	470	0	0	0	0	0	2546	306	0	0	304	0	0	0	0	0	20260	0	0	0	0	0	206	170	2448	162	162	0	0	0	0	0	0	0	0	0	0	0	2576	0	134	0	104	0	9148	0	88	0	1570	0	5658	0	1036	0	344	0	0	0	246	0	2030	0	0	0	1390	140	5430	0	9556	0	970	0	5168	0	0	0	1984	0	0	0	0	0	0	0	0	0	0	0	0	0	0	0	0	0	0	0	0	0	0	0	0	0	0	0	
124148	Rolandic_Oper_R	0	202	0	3966	0	0	0	642	0	0	0	2874	0	0	0	612	0	0	0	3084	0	0	0	0	0	0	0	0	0	9490	0	0	0	0	0	0	0	5520	0	1332	0	0	0	0	0	648	0	0	0	330	0	266	0	0	0	1356	0	5784	0	204	0	2488	0	5714	0	354	294	670	0	0	0	100	0	3258	0	0	0	2192	0	980	0	2350	0	718	0	3064	0	0	0	3582	0	0	0	0	0	0	0	0	0	0	0	0	0	0	0	0	0	0	0	0	0	0	0	0	0	0	
451968	Supp_Motor_Area_L	3466	2430	73120	14538	0	0	9526	1488	0	0	2256	0	1516	150	0	0	2546	0	0	23604	0	0	7128	504	0	0	0	0	8760	476	2988	2150	7794	6292	726	0	2250	172	374	0	0	0	0	0	0	0	0	0	0	0	0	0	0	0	0	0	374	0	0	0	0	0	0	0	0	0	0	0	4238	0	7038	2684	14576	1662	4306	242	14092	1494	766	0	258	0	0	0	0	0	0	0	0	0	0	0	0	0	0	0	0	0	0	0	0	0	0	0	0	0	0	0	0	0	0	0	0	0	0	0	
654688	Supp_Motor_Area_R	648	7930	21098	84972	0	0	7304	7790	0	0	878	4828	1234	3558	0	206	306	3084	23604	0	0	0	1020	3360	0	0	0	0	7626	7344	918	7778	4480	36072	466	7580	1810	1712	0	256	0	0	0	198	0	1456	0	0	0	566	0	286	0	0	0	164	92	1518	0	568	0	204	0	550	0	102	890	4866	0	12404	6822	15570	3234	10436	114	964	2756	14348	0	92	0	0	0	0	0	572	0	0	0	710	0	0	0	0	0	0	0	0	0	0	0	0	0	0	0	0	0	0	0	0	0	0	0	0	0	0	
143192	Olfactory_L	0	0	1062	1938	7434	2522	0	0	88	0	0	0	0	0	5294	0	0	0	0	0	0	7538	122	1858	190	1982	8272	3970	4850	0	3430	2346	0	0	0	0	278	0	160	0	1262	0	0	0	0	0	0	0	0	0	0	0	0	0	142	0	0	0	0	0	0	0	0	0	0	0	0	0	0	0	9752	4956	1622	0	0	0	0	0	0	0	0	0	528	0	0	0	0	0	0	0	0	0	0	0	0	0	0	0	0	0	0	0	0	0	0	0	0	0	0	0	0	0	0	0	0	0	
156104	Olfactory_R	0	0	624	2986	3642	4862	0	0	88	0	0	0	0	0	2626	962	0	0	0	0	7538	0	122	2754	116	4036	5638	9468	1072	1270	3080	4450	0	0	0	0	0	258	0	450	0	416	0	0	0	0	0	0	0	0	0	0	0	0	0	0	0	0	0	0	0	0	0	0	0	0	0	0	0	0	8110	10438	1588	994	0	0	0	0	0	0	0	0	0	266	0	0	0	198	0	0	0	0	0	0	0	0	0	0	0	0	0	0	0	0	0	0	0	0	0	0	0	0	0	0	0	0	
208300	Frontal_Sup_Medial_L	0	0	34286	3086	2784	86	12866	276	0	0	720	0	1254	812	118	0	304	0	7128	1020	122	122	0	7540	1614	268	650	0	2208	652	8150	5550	3132	4226	0	0	118	0	0	0	0	0	0	0	0	0	0	0	0	0	0	0	0	0	0	0	0	0	0	0	0	0	0	0	0	0	0	0	0	0	824	222	3894	0	0	0	118	0	0	0	0	0	0	0	0	0	0	0	0	0	0	0	0	0	0	0	0	0	0	0	0	0	0	0	0	0	0	0	0	0	0	0	0	0	0	0	
249148	Frontal_Sup_Medial_R	0	0	268	29114	1276	7636	0	1336	0	0	0	0	0	1250	918	862	0	0	504	3360	1858	2754	7540	0	220	5720	1610	3334	344	1140	1270	23790	342	14462	0	0	0	0	0	0	0	0	0	0	0	0	0	0	0	0	0	0	0	0	0	0	0	0	0	0	0	0	0	0	0	0	0	0	0	0	1758	8302	124	3482	0	0	0	0	0	0	0	0	0	0	0	0	0	0	0	0	0	0	0	0	0	0	0	0	0	0	0	0	0	0	0	0	0	0	0	0	0	0	0	0	0	0	
23540	Frontal_Med_Orb_L	0	0	1348	0	2586	0	0	0	188	0	0	0	0	0	0	0	0	0	0	0	190	116	1614	220	0	554	2432	184	0	0	2062	182	0	0	0	0	0	0	0	0	0	0	0	0	0	0	0	0	0	0	0	0	0	0	0	0	0	0	0	0	0	0	0	0	0	0	0	0	0	0	94	0	0	0	0	0	0	0	0	0	0	0	0	0	0	0	0	0	0	0	0	0	0	0	0	0	0	0	0	0	0	0	0	0	0	0	0	0	0	0	0	0	0	0	0	0	
105728	Frontal_Med_Orb_R	0	0	334	3372	1206	8266	0	0	0	0	0	0	0	0	720	0	0	0	0	0	1982	4036	268	5720	554	0	1858	11504	284	0	1036	5206	0	0	0	0	0	0	0	0	0	0	0	0	0	0	0	0	0	0	0	0	0	0	0	0	0	0	0	0	0	0	0	0	0	0	0	0	0	0	1848	4268	184	218	0	0	0	0	0	0	0	0	0	0	0	0	0	0	0	0	0	0	0	0	0	0	0	0	0	0	0	0	0	0	0	0	0	0	0	0	0	0	0	0	0	0	
145448	Rectus_L	0	0	2012	1688	12946	2162	0	0	1926	0	0	0	0	0	5792	0	0	0	0	0	8272	5638	650	1610	2432	1858	0	3414	2390	0	5032	1796	0	0	0	0	0	0	0	0	0	0	0	0	0	0	0	0	0	0	0	0	0	0	0	0	0	0	0	0	0	0	0	0	0	0	0	0	0	0	8018	3714	1184	0	0	0	0	0	0	0	0	0	190	0	0	0	0	0	0	0	0	0	0	0	0	0	0	0	0	0	0	0	0	0	0	0	0	0	0	0	0	0	0	0	0	0	
139888	Rectus_R	0	0	280	3460	2354	10966	0	92	0	408	0	0	0	0	1668	914	0	0	0	0	3970	9468	0	3334	184	11504	3414	0	568	602	1854	4826	0	0	0	0	0	0	0	0	0	0	0	0	0	0	0	0	0	0	0	0	0	0	0	0	0	0	0	0	0	0	0	0	0	0	0	0	0	0	3422	5838	216	602	0	0	0	0	0	0	0	0	0	0	0	0	0	0	0	0	0	0	0	0	0	0	0	0	0	0	0	0	0	0	0	0	0	0	0	0	0	0	0	0	0	0	
564604	Insula_L	6512	166	31804	7574	5340	488	17734	1640	0	0	7914	0	17870	0	14158	0	20260	0	8760	7626	4850	1072	2208	344	0	284	2390	568	0	0	790	284	148	214	528	512	16208	502	1208	0	1434	0	0	0	0	0	0	0	0	0	2844	0	274	0	3270	0	2578	0	0	0	1156	0	2818	0	386	0	156	92	0	0	7472	1396	20360	158	0	0	7288	408	9148	0	13626	0	1688	0	11036	0	178	0	14580	0	0	0	0	0	0	0	0	0	0	0	0	0	0	0	0	0	0	0	0	0	0	0	0	0	0	0	
243344	Insula_R	0	160	230	10882	0	324	0	5222	0	0	0	3586	0	13258	0	6810	0	9490	476	7344	0	1270	652	1140	0	0	0	602	0	0	0	582	0	1592	0	0	0	7134	0	1280	0	0	0	0	0	0	0	0	0	0	0	0	0	0	0	2984	0	1758	0	0	0	1596	0	2924	0	0	0	0	0	0	154	1604	0	18420	0	0	188	1276	0	1660	0	7392	0	2352	0	3788	0	0	0	3542	0	0	0	0	0	0	0	0	0	0	0	0	0	0	0	0	0	0	0	0	0	0	0	0	0	0	
138260	Cingulum_Ant_L	0	0	9904	1448	3096	514	1590	316	0	0	90	0	0	0	788	0	0	0	2988	918	3430	3080	8150	1270	2062	1036	5032	1854	790	0	0	6088	3968	1404	0	0	0	0	0	0	0	0	0	0	0	0	0	0	0	0	0	0	0	0	0	0	0	0	0	0	0	0	0	0	0	0	0	0	0	0	4234	1566	3514	0	0	0	0	0	0	0	0	0	0	0	0	0	0	0	0	0	0	0	0	0	0	0	0	0	0	0	0	0	0	0	0	0	0	0	0	0	0	0	0	0	0	0	
287428	Cingulum_Ant_R	0	0	2042	26922	664	3410	368	2078	0	0	0	0	0	776	190	0	0	0	2150	7778	2346	4450	5550	23790	182	5206	1796	4826	284	582	6088	0	1382	15970	0	0	164	0	0	0	0	0	0	0	0	0	0	0	0	0	0	0	0	0	0	0	0	0	0	0	0	0	0	0	0	0	0	0	0	0	2444	15386	252	6476	0	0	162	0	0	0	0	0	0	0	0	0	0	0	0	0	0	0	0	0	0	0	0	0	0	0	0	0	0	0	0	0	0	0	0	0	0	0	0	0	0	0	
133080	Cingulum_Mid_L	2390	136	4364	3336	0	0	1580	366	0	0	0	0	0	110	0	0	0	0	7794	4480	0	0	3132	342	0	0	0	0	148	0	3968	1382	0	6944	7464	782	0	0	0	0	0	0	122	0	742	0	0	0	2048	0	2928	0	0	0	0	0	94	0	246	0	168	0	0	0	0	0	3350	312	5108	316	544	0	86	0	0	0	0	164	0	0	240	0	0	0	946	0	0	0	408	0	0	0	0	0	0	0	0	0	0	0	0	0	0	0	0	0	0	0	0	0	0	0	0	0	0	0	
305592	Cingulum_Mid_R	0	4130	1134	16624	0	0	0	1652	0	0	0	0	0	2010	0	0	0	0	6292	36072	0	0	4226	14462	0	0	0	0	214	1592	1404	15970	6944	0	148	7218	210	0	0	0	0	0	0	686	0	1562	0	158	0	876	0	592	0	0	0	0	0	2246	0	998	0	1452	0	0	0	742	958	9146	0	12050	120	104	0	0	0	0	212	498	0	0	0	94	0	0	0	0	0	0	0	0	0	0	0	0	0	0	0	0	0	0	0	0	0	0	0	0	0	0	0	0	0	0	0	0	0	0	
138984	Cingulum_Post_L	5620	88	1546	594	0	0	1544	224	0	0	0	0	0	0	0	0	206	0	726	466	0	0	0	0	0	0	0	0	528	0	0	0	7464	148	0	8834	6416	5440	1340	0	0	0	2236	0	304	0	1100	0	1174	0	1468	86	0	0	0	0	210	0	134	0	0	0	0	0	124	0	7372	1246	2366	0	716	0	574	0	0	0	5708	3390	0	0	0	0	0	0	100	0	0	0	0	0	0	0	0	0	0	0	0	0	0	0	0	0	0	0	0	0	0	0	0	0	0	0	0	0	0	0	
157356	Cingulum_Post_R	204	3758	702	900	0	0	1112	228	0	0	0	0	0	0	0	0	170	0	0	7580	0	0	0	0	0	0	0	0	512	0	0	0	782	7218	8834	0	3504	8876	614	0	0	0	0	952	0	442	0	1646	0	288	0	930	0	0	0	0	106	432	0	0	0	0	0	0	0	0	572	7476	0	4548	92	0	526	96	0	0	6918	5538	0	0	0	0	0	0	0	2098	0	0	0	1024	0	0	0	0	0	0	0	0	0	0	0	0	0	0	0	0	0	0	0	0	0	0	0	0	0	0	
235884	Hippocampus_L	2784	160	7798	1208	0	0	2890	160	0	0	1526	0	0	0	0	0	2448	0	2250	1810	278	0	118	0	0	0	0	0	16208	0	0	164	0	210	6416	3504	0	2900	7796	0	6700	0	1038	0	0	0	902	0	0	0	128	0	126	0	6094	0	1092	0	0	0	128	0	0	0	0	0	2784	628	0	0	934	124	8348	160	606	0	10170	1306	906	0	2216	0	160	0	2458	0	0	0	10306	0	0	0	0	0	0	0	0	0	0	0	0	0	0	0	0	0	0	0	0	0	0	0	0	0	0	0	
329368	Hippocampus_R	142	2054	696	2076	0	0	688	1204	0	0	0	282	0	0	0	856	162	5520	172	1712	0	258	0	0	0	0	0	0	502	7134	0	0	0	0	5440	8876	2900	0	518	15016	0	9730	0	734	0	112	0	1750	0	96	0	114	0	0	0	24778	98	4026	0	0	0	396	0	1568	0	0	176	4138	0	0	0	430	520	15572	0	0	4724	5840	0	0	0	542	0	3114	0	4436	0	794	0	24290	0	498	0	0	0	0	0	0	0	0	0	0	0	0	0	0	0	0	0	0	0	0	0	0	0	0	
52668	ParaHippocampal_L	122	0	464	0	0	0	0	0	0	0	0	0	0	0	0	0	162	0	374	0	160	0	0	0	0	0	0	0	1208	0	0	0	0	0	1340	614	7796	518	0	0	1502	0	280	0	0	0	664	0	0	0	0	0	412	0	3894	0	116	0	0	0	0	0	0	0	0	0	898	100	0	0	0	0	1890	0	154	0	436	212	0	0	0	0	1304	0	0	0	1030	0	494	0	0	0	0	0	0	0	0	0	0	0	0	0	0	0	0	0	0	0	0	190	0	0	0	0	0	0	
119844	ParaHippocampal_R	0	0	0	224	0	0	0	0	0	0	0	0	0	0	0	270	0	1332	0	256	0	450	0	0	0	0	0	0	0	1280	0	0	0	0	0	0	0	15016	0	0	0	5476	0	358	0	0	0	1500	0	0	0	550	0	0	0	12532	0	124	0	0	0	0	0	116	0	0	0	352	0	0	0	248	0	5268	0	0	0	426	0	0	0	0	0	4734	0	336	0	4630	0	4444	0	0	0	0	0	0	0	0	0	0	0	0	0	0	0	0	0	0	0	0	0	0	0	0	0	0	
35668	Amygdala_L	0	0	0	0	558	0	0	0	0	0	0	0	0	0	0	0	0	0	0	0	1262	0	0	0	0	0	0	0	1434	0	0	0	0	0	0	0	6700	0	1502	0	0	0	0	0	0	0	0	0	0	0	0	0	0	0	3702	0	0	0	0	0	0	0	0	0	0	0	0	0	0	0	0	0	630	0	0	0	0	0	0	0	0	0	146	0	0	0	140	0	1760	0	0	0	0	0	0	0	0	0	0	0	0	0	0	0	0	0	0	0	0	0	0	0	0	0	0	0	
73812	Amygdala_R	0	0	0	0	0	0	0	0	0	0	0	0	0	0	0	0	0	0	0	0	0	416	0	0	0	0	0	0	0	0	0	0	0	0	0	0	0	9730	0	5476	0	0	0	0	0	0	0	0	0	0	0	0	0	0	0	7642	0	0	0	0	0	0	0	0	0	0	0	0	0	0	0	118	0	2428	0	0	0	114	0	0	0	0	0	5406	0	0	0	2894	0	2682	0	0	0	0	0	0	0	0	0	0	0	0	0	0	0	0	0	0	0	0	0	0	0	0	0	0	
159192	Calcarine_L	484	0	0	0	0	0	0	0	0	0	0	0	0	0	0	0	0	0	0	0	0	0	0	0	0	0	0	0	0	0	0	0	122	0	2236	0	1038	0	280	0	0	0	0	4696	9402	3296	10546	2460	8070	2920	21828	232	2008	0	480	0	134	0	0	0	0	0	0	0	0	0	7922	130	352	0	0	0	0	0	0	0	0	0	0	0	0	0	0	0	702	0	0	0	0	0	0	0	0	0	0	0	0	0	104	0	0	0	0	0	0	0	0	0	0	0	0	154	0	0	0	0	
266572	Calcarine_R	0	0	0	0	0	0	0	0	0	0	0	0	0	0	0	0	0	0	0	198	0	0	0	0	0	0	0	0	0	0	0	0	0	686	0	952	0	734	0	358	0	0	4696	0	4812	22300	186	26362	0	24340	0	17728	0	1790	0	3550	0	0	0	0	0	0	0	0	0	0	2646	16726	0	232	0	0	0	0	0	0	0	0	0	0	0	0	0	0	0	3776	0	0	0	920	0	0	0	0	0	0	0	0	0	0	0	0	0	0	0	0	0	0	0	0	294	0	0	0	0	0	
168472	Cuneus_L	2724	0	0	0	0	0	0	0	0	0	0	0	0	0	0	0	0	0	0	0	0	0	0	0	0	0	0	0	0	0	0	0	742	0	304	0	0	0	0	0	0	0	9402	4812	0	4750	614	1218	19448	2800	16012	158	1268	0	0	0	824	0	712	0	116	0	0	0	134	0	13594	138	2086	0	0	0	0	0	0	0	0	0	0	0	0	0	0	0	2282	0	0	0	98	0	0	0	0	0	0	0	0	0	0	0	0	0	0	0	0	0	0	0	0	0	0	0	0	0	0	0	
317348	Cuneus_R	0	942	0	166	0	0	0	0	0	0	0	0	0	0	0	0	0	648	0	1456	0	0	0	0	0	0	0	0	0	0	0	0	0	1562	0	442	0	112	0	0	0	0	3296	22300	4750	0	0	8038	0	41622	0	10270	0	164	0	666	0	452	0	1658	0	1414	0	0	0	1460	17332	31242	0	852	0	0	0	0	0	0	0	168	0	0	0	424	0	0	0	5644	0	0	0	1502	0	0	0	0	0	0	0	0	0	0	0	0	0	0	0	0	0	0	0	0	92	0	0	0	0	0	
219460	Lingual_L	86	0	0	0	0	0	0	0	0	0	0	0	0	0	0	0	0	0	0	0	0	0	0	0	0	0	0	0	0	0	0	0	0	0	1100	0	902	0	664	0	0	0	10546	186	614	0	0	2476	3220	0	18948	0	8842	292	15534	776	0	0	0	0	0	0	0	0	0	0	2654	0	100	0	0	0	0	0	0	0	0	0	0	0	0	0	0	0	608	0	0	0	530	0	4708	0	554	0	0	172	7336	1352	15694	2034	0	0	0	0	0	394	0	0	0	194	4218	4658	0	0	0	338	
258116	Lingual_R	0	0	0	0	0	0	0	0	0	0	0	0	0	0	0	0	0	0	0	0	0	0	0	0	0	0	0	0	0	0	0	0	0	158	0	1646	0	1750	0	1500	0	0	2460	26362	1218	8038	2476	0	0	11330	0	7918	0	3196	1074	13096	0	0	0	0	0	0	0	0	0	0	1048	6344	0	0	0	0	0	0	0	0	0	0	0	0	0	0	0	0	0	1302	0	0	0	1474	1132	2890	170	0	0	944	1938	4722	3506	8070	98	0	174	0	572	330	0	0	0	928	3966	5294	806	0	410	718	
166004	Occipital_Sup_L	1874	0	0	0	0	0	0	0	0	0	0	0	0	0	0	0	0	0	0	0	0	0	0	0	0	0	0	0	0	0	0	0	2048	0	1174	0	0	0	0	0	0	0	8070	0	19448	0	3220	0	0	0	25790	0	802	0	0	0	542	0	4520	0	340	0	0	0	0	0	13256	0	1256	0	0	0	0	0	0	0	0	0	0	0	0	0	0	0	662	0	0	0	0	0	0	0	0	0	0	0	0	0	0	0	0	0	0	0	0	0	0	0	0	0	0	0	0	0	0	0	
341412	Occipital_Sup_R	0	558	0	124	0	0	0	0	0	0	0	0	0	0	0	0	0	330	0	566	0	0	0	0	0	0	0	0	0	0	0	0	0	876	0	288	0	96	0	0	0	0	2920	24340	2800	41622	0	11330	0	0	0	20374	0	538	0	1008	0	88	0	3242	0	3046	0	0	0	5248	16202	27946	0	302	0	0	0	0	0	0	0	102	0	0	0	304	0	0	0	5136	0	0	0	1320	0	0	0	0	0	0	0	0	0	0	0	0	0	0	0	0	0	0	0	0	0	0	0	0	0	0	
489644	Occipital_Mid_L	7284	0	596	0	0	0	134	0	0	0	646	0	0	0	0	0	2576	0	0	0	0	0	0	0	0	0	0	0	2844	0	0	0	2928	0	1468	0	128	0	0	0	0	0	21828	0	16012	0	18948	0	25790	0	0	0	18252	0	4456	0	3634	0	12046	0	16796	0	2266	0	17322	0	19560	0	1400	0	0	0	164	0	0	0	0	0	1850	0	4396	0	0	0	32412	0	0	0	8678	0	0	0	0	0	0	0	0	0	296	0	0	0	0	0	0	0	0	0	0	0	0	112	0	0	0	0	
267400	Occipital_Mid_R	0	1282	0	106	0	0	0	0	0	0	0	0	0	0	0	0	0	266	0	286	0	0	0	0	0	0	0	0	0	0	0	0	0	592	86	930	0	114	0	550	0	0	232	17728	158	10270	0	7918	0	20374	0	0	0	6500	0	4326	0	0	0	570	0	4250	0	0	0	14558	4198	17086	0	100	0	0	0	0	0	0	0	0	0	0	0	1002	0	0	0	16996	0	0	0	3076	0	0	0	0	0	0	0	0	0	0	0	0	0	0	0	0	0	0	0	0	146	0	0	0	0	0	
95236	Occipital_Inf_L	618	0	0	0	0	0	0	0	0	0	0	0	0	0	0	0	134	0	0	0	0	0	0	0	0	0	0	0	274	0	0	0	0	0	0	0	126	0	412	0	0	0	2008	0	1268	0	8842	0	802	0	18252	0	0	0	7352	0	108	0	0	0	0	0	0	0	0	0	1314	0	0	0	0	0	0	0	0	0	0	0	108	0	0	0	0	0	2076	0	0	0	2496	0	186	0	0	0	0	0	0	0	1004	0	0	0	0	0	0	0	0	0	0	0	0	238	0	0	0	0	
70668	Occipital_Inf_R	0	0	0	0	0	0	0	0	0	0	0	0	0	0	0	0	0	0	0	0	0	0	0	0	0	0	0	0	0	0	0	0	0	0	0	0	0	0	0	0	0	0	0	1790	0	164	292	3196	0	538	0	6500	0	0	114	10162	0	0	0	0	0	0	0	0	0	0	0	122	0	0	0	0	0	0	0	0	0	0	0	0	0	0	0	0	0	588	0	0	0	1944	782	660	314	0	0	0	0	630	790	3202	286	0	274	0	0	0	0	0	0	154	228	1822	782	0	0	0	
251740	Fusiform_L	140	0	0	0	0	0	0	0	0	0	0	0	0	0	0	0	104	0	0	0	142	0	0	0	0	0	0	0	3270	0	0	0	0	0	0	0	6094	0	3894	0	3702	0	480	0	0	0	15534	1074	0	0	4456	0	7352	114	0	332	102	0	0	0	0	0	0	0	0	0	0	0	0	0	0	0	1512	0	0	0	0	0	352	0	120	0	3248	0	738	0	1198	0	10110	0	13902	0	458	0	0	162	12198	828	26970	796	134	0	208	0	144	0	128	0	0	174	3524	2176	0	0	0	0	
376120	Fusiform_R	0	300	0	132	0	0	0	0	0	0	0	0	0	0	0	294	0	1356	0	164	0	0	0	0	0	0	0	0	0	2984	0	0	0	0	0	0	0	24778	0	12532	0	7642	0	3550	0	666	776	13096	0	1008	0	4326	0	10162	332	0	0	998	0	0	0	0	0	432	0	0	0	164	0	0	0	0	0	4832	0	0	0	142	0	0	0	152	0	8240	0	2172	0	4772	0	26664	1088	6640	396	0	0	1782	278	10242	1844	17572	300	0	280	0	138	602	0	0	0	2088	4448	5506	880	0	620	690	
181288	Postcentral_L	20906	168	2648	0	0	0	578	0	0	0	2274	0	0	0	0	0	9148	0	374	92	0	0	0	0	0	0	0	0	2578	0	0	0	94	0	210	106	1092	98	116	0	0	0	134	0	824	0	0	0	542	0	3634	0	108	0	102	0	0	0	4756	0	21708	0	6108	0	2058	0	1538	0	1890	0	0	98	1306	0	0	0	650	136	1294	0	2098	0	0	0	818	0	0	0	360	0	0	0	0	0	0	0	0	0	0	0	0	0	0	0	0	0	0	0	0	0	0	0	0	0	0	0	
125996	Postcentral_R	0	13552	0	154	0	0	0	0	0	0	0	314	0	0	0	0	0	5784	0	1518	0	0	0	0	0	0	0	0	0	1758	0	0	0	2246	0	432	0	4026	0	124	0	0	0	0	0	452	0	0	0	88	0	0	0	0	0	998	0	0	0	1746	0	7922	0	12958	0	384	0	406	0	4596	0	0	0	0	0	0	0	444	0	150	0	334	0	0	0	638	0	0	0	1974	0	0	0	0	0	0	0	0	0	0	0	0	0	0	0	0	0	0	0	0	0	0	0	0	0	0	
100620	Parietal_Sup_L	502	0	0	0	0	0	0	0	0	0	0	0	0	0	0	0	88	0	0	0	0	0	0	0	0	0	0	0	0	0	0	0	246	0	134	0	0	0	0	0	0	0	0	0	712	0	0	0	4520	0	12046	0	0	0	0	0	4756	0	0	0	9646	0	0	0	3710	0	10960	0	110	0	0	0	0	0	0	0	0	0	0	0	192	0	0	0	1958	0	0	0	730	0	0	0	0	0	0	0	0	0	0	0	0	0	0	0	0	0	0	0	0	0	0	0	0	0	0	0	
42540	Parietal_Sup_R	0	476	0	0	0	0	0	0	0	0	0	0	0	0	0	0	0	204	0	568	0	0	0	0	0	0	0	0	0	0	0	0	0	998	0	0	0	0	0	0	0	0	0	0	0	1658	0	0	0	3242	0	570	0	0	0	0	0	1746	0	0	0	2180	0	0	0	2452	194	5270	0	578	0	0	0	0	0	0	0	0	0	0	0	372	0	0	0	162	0	0	0	600	0	0	0	0	0	0	0	0	0	0	0	0	0	0	0	0	0	0	0	0	0	0	0	0	0	0	
198008	Parietal_Inf_L	7592	0	392	0	0	0	266	0	0	0	1434	0	0	0	0	0	1570	0	0	0	0	0	0	0	0	0	0	0	1156	0	0	0	168	0	0	0	128	0	0	0	0	0	0	0	116	0	0	0	340	0	16796	0	0	0	0	0	21708	0	9646	0	0	0	10544	0	16440	0	1932	0	460	0	0	0	0	0	0	0	0	0	290	0	1574	0	0	0	5330	0	0	0	1122	0	0	0	0	0	0	0	0	0	0	0	0	0	0	0	0	0	0	0	0	0	0	0	0	0	0	0	
96512	Parietal_Inf_R	0	638	0	0	0	0	0	0	0	0	0	0	0	0	0	0	0	2488	0	204	0	0	0	0	0	0	0	0	0	1596	0	0	0	1452	0	0	0	396	0	0	0	0	0	0	0	1414	0	0	0	3046	0	4250	0	0	0	0	0	7922	0	2180	0	0	0	8002	0	11496	408	1680	0	388	0	0	0	0	0	0	0	0	0	146	0	312	0	0	0	0	0	0	0	238	0	0	0	0	0	0	0	0	0	0	0	0	0	0	0	0	0	0	0	0	0	0	0	0	0	0	
108588	SupraMarginal_L	2830	0	288	0	0	0	130	0	0	0	0	0	0	0	0	0	5658	0	0	0	0	0	0	0	0	0	0	0	2818	0	0	0	0	0	0	0	0	0	0	0	0	0	0	0	0	0	0	0	0	0	2266	0	0	0	0	0	6108	0	0	0	10544	0	0	0	6034	0	268	0	0	0	0	0	0	0	0	0	0	0	470	0	8094	0	0	0	8346	0	0	0	440	0	0	0	0	0	0	0	0	0	0	0	0	0	0	0	0	0	0	0	0	0	0	0	0	0	0	0	
88116	SupraMarginal_R	0	2326	0	128	0	0	0	0	0	0	0	160	0	0	0	0	0	5714	0	550	0	0	0	0	0	0	0	0	0	2924	0	0	0	0	0	0	0	1568	0	116	0	0	0	0	0	0	0	0	0	0	0	0	0	0	0	432	0	12958	0	0	0	8002	0	0	0	3458	0	0	0	848	0	0	0	0	0	0	0	398	0	396	0	2940	0	0	0	234	0	0	0	906	0	0	0	0	0	0	0	0	0	0	0	0	0	0	0	0	0	0	0	0	0	0	0	0	0	0	
133024	Angular_L	1958	0	384	0	0	0	0	0	0	0	0	0	0	0	0	0	1036	0	0	0	0	0	0	0	0	0	0	0	386	0	0	0	0	0	124	0	0	0	0	0	0	0	0	0	134	0	0	0	0	0	17322	0	0	0	0	0	2058	0	3710	0	16440	0	6034	0	0	0	1454	0	1096	0	0	0	0	0	0	0	0	0	0	0	3138	0	0	0	9768	0	0	0	1470	0	0	0	0	0	0	0	0	0	0	0	0	0	0	0	0	0	0	0	0	0	0	0	0	0	0	0	
100728	Angular_R	0	156	0	0	0	0	0	0	0	0	0	0	0	0	0	0	0	354	0	102	0	0	0	0	0	0	0	0	0	0	0	0	0	742	0	0	0	0	0	0	0	0	0	0	0	1460	0	0	0	5248	0	14558	0	0	0	0	0	384	0	2452	0	11496	0	3458	0	0	432	1844	0	370	0	0	0	0	0	0	0	0	0	0	0	2608	0	0	0	4432	0	0	0	268	0	0	0	0	0	0	0	0	0	0	0	0	0	0	0	0	0	0	0	0	0	0	0	0	0	0	
350136	Precuneus_L	1724	614	138	148	0	0	0	0	0	0	0	0	0	0	0	0	344	294	0	890	0	0	0	0	0	0	0	0	156	0	0	0	3350	958	7372	572	2784	176	898	0	0	0	7922	2646	13594	17332	2654	1048	13256	16202	19560	4198	1314	0	0	0	1538	0	10960	194	1932	408	268	0	1454	432	0	20664	1968	552	0	0	0	0	0	0	0	120	134	0	650	250	0	0	5760	3874	0	0	2692	1074	0	0	0	0	0	0	0	0	0	0	0	0	0	0	0	0	0	0	0	0	0	0	0	0	0	0	
369788	Precuneus_R	0	2106	0	232	0	0	0	0	0	0	0	0	0	0	0	0	0	670	0	4866	0	0	0	0	0	0	0	0	92	0	0	0	312	9146	1246	7476	628	4138	100	352	0	0	130	16726	138	31242	0	6344	0	27946	0	17086	0	122	0	164	0	406	0	5270	0	1680	0	0	0	1844	20664	0	0	5464	0	0	92	0	0	0	1038	934	0	92	0	784	0	0	0	11374	0	0	0	3414	0	0	0	0	0	0	0	0	0	0	0	0	0	0	0	0	0	0	0	0	576	0	0	0	0	0	
58176	Paracentral_Lobule_L	4308	254	1980	0	0	0	0	0	0	0	0	0	0	0	0	0	0	0	4238	0	0	0	0	0	0	0	0	0	0	0	0	0	5108	0	2366	0	0	0	0	0	0	0	352	0	2086	0	100	0	1256	0	1400	0	0	0	0	0	1890	0	110	0	460	0	0	0	1096	0	1968	0	0	0	0	0	0	0	0	0	0	0	0	0	0	0	0	0	116	0	0	0	0	0	0	0	0	0	0	0	0	0	0	0	0	0	0	0	0	0	0	0	0	0	0	0	0	0	0	0	
97408	Paracentral_Lobule_R	0	5008	0	0	0	0	0	0	0	0	0	0	0	0	0	0	0	0	0	12404	0	0	0	0	0	0	0	0	0	0	0	0	316	12050	0	4548	0	0	0	0	0	0	0	232	0	852	0	0	0	302	0	100	0	0	0	0	0	4596	0	578	0	388	0	848	0	370	552	5464	0	0	0	0	0	0	0	0	0	0	0	0	0	96	0	0	0	0	0	0	0	0	0	0	0	0	0	0	0	0	0	0	0	0	0	0	0	0	0	0	0	0	0	0	0	0	0	0	
282944	Caudate_L	708	478	14198	9980	6012	2272	3408	1318	88	0	196	0	114	176	5094	0	246	0	7038	6822	9752	8110	824	1758	94	1848	8018	3422	7472	154	4234	2444	544	120	716	92	934	0	0	0	0	0	0	0	0	0	0	0	0	0	0	0	0	0	0	0	0	0	0	0	0	0	0	0	0	0	0	0	0	0	0	8296	14530	102	1706	0	6732	174	124	0	180	0	270	0	170	0	0	0	504	0	0	0	0	0	0	0	0	0	0	0	0	0	0	0	0	0	0	0	0	0	0	0	0	0	0	0	
312684	Caudate_R	218	632	2372	19976	2602	6214	600	2106	0	0	0	270	0	994	2026	436	0	100	2684	15570	4956	10438	222	8302	0	4268	3714	5838	1396	1604	1566	15386	0	104	0	0	124	430	0	248	0	118	0	0	0	0	0	0	0	0	0	0	0	0	0	0	98	0	0	0	0	0	0	0	0	0	0	0	0	0	8296	0	1806	14294	0	1200	794	14340	0	0	0	0	0	0	0	0	0	0	0	0	0	0	0	0	0	0	0	0	0	0	0	0	0	0	0	0	0	0	0	0	0	0	0	0	0	0	
286860	Putamen_L	1900	410	24310	3208	2452	122	2088	402	0	0	704	256	1000	0	1950	0	2030	0	14576	3234	1622	1588	3894	124	0	184	1184	216	20360	0	3514	252	86	0	574	526	8348	520	1890	0	630	0	0	0	0	0	0	0	0	0	164	0	0	0	1512	0	1306	0	0	0	0	0	0	0	0	0	0	92	0	0	14530	1806	0	276	4694	0	8338	518	1028	0	968	0	144	0	1072	0	88	0	2740	0	0	0	0	0	0	0	0	0	0	0	0	0	0	0	0	0	0	0	0	0	0	0	0	0	0	0	
251592	Putamen_R	0	182	778	14076	0	1694	0	2266	0	0	0	788	0	352	0	1834	0	3258	1662	10436	0	994	0	3482	0	218	0	602	158	18420	0	6476	0	0	0	96	160	15572	0	5268	0	2428	0	0	0	0	0	0	0	0	0	0	0	0	0	4832	0	0	0	0	0	0	0	0	0	0	0	0	0	0	102	14294	276	0	0	1002	578	4338	0	0	0	86	0	1418	0	1882	0	730	0	5058	0	0	0	0	0	0	0	0	0	0	0	0	0	0	0	0	0	0	0	0	0	0	0	0	0	0	
29868	Pallidum_L	0	88	1360	0	0	0	0	0	0	0	0	0	0	0	0	0	0	0	4306	114	0	0	0	0	0	0	0	0	0	0	0	0	0	0	0	0	606	0	154	0	0	0	0	0	0	0	0	0	0	0	0	0	0	0	0	0	0	0	0	0	0	0	0	0	0	0	0	0	0	0	1706	0	4694	0	0	0	1906	0	0	0	0	0	0	0	0	0	0	0	0	0	0	0	0	0	0	0	0	0	0	0	0	0	0	0	0	0	0	0	0	0	0	0	0	0	0	0	
9124	Pallidum_R	0	0	0	780	0	0	0	0	0	0	0	0	0	0	0	0	0	0	242	964	0	0	0	0	0	0	0	0	0	0	0	0	0	0	0	0	0	0	0	0	0	0	0	0	0	0	0	0	0	0	0	0	0	0	0	0	0	0	0	0	0	0	0	0	0	0	0	0	0	0	0	1200	0	1002	0	0	132	242	0	0	0	0	0	0	0	0	0	0	0	0	0	0	0	0	0	0	0	0	0	0	0	0	0	0	0	0	0	0	0	0	0	0	0	0	0	0	
233332	Thalamus_L	1938	1082	18904	1928	0	0	5168	1116	0	0	1024	782	0	0	0	0	1390	0	14092	2756	0	0	118	0	0	0	0	0	7288	188	0	162	0	212	5708	6918	10170	4724	436	0	0	0	0	0	0	0	0	0	0	0	0	0	0	0	0	0	650	0	0	0	0	0	0	0	0	0	0	1038	0	0	6732	794	8338	578	1906	132	0	10174	0	0	0	0	0	0	100	0	0	0	120	0	0	0	0	0	0	0	0	0	0	0	0	0	0	0	0	0	0	0	0	0	0	0	0	0	0	0	
172396	Thalamus_R	182	634	926	11722	0	0	714	1980	0	0	0	138	0	0	0	0	140	2192	1494	14348	0	0	0	0	0	0	0	0	408	1276	0	0	164	498	3390	5538	1306	5840	212	426	0	114	0	0	0	168	0	0	0	102	0	0	0	0	0	142	136	444	0	0	0	0	0	398	0	0	120	934	0	0	174	14340	518	4338	0	242	10174	0	0	0	0	0	0	0	0	94	0	0	0	232	0	0	0	0	0	0	0	0	0	0	0	0	0	0	0	0	0	0	0	0	0	0	0	0	0	0	
77504	Heschl_L	2712	0	580	0	0	0	240	0	0	0	1594	0	0	0	0	0	5430	0	766	0	0	0	0	0	0	0	0	0	9148	0	0	0	0	0	0	0	906	0	0	0	0	0	0	0	0	0	0	0	0	0	1850	0	108	0	352	0	1294	0	0	0	290	0	470	0	0	0	134	0	0	0	124	0	1028	0	0	0	0	0	0	0	2748	0	0	0	6198	0	0	0	2780	0	0	0	0	0	0	0	0	0	0	0	0	0	0	0	0	0	0	0	0	0	0	0	0	0	0	0	
19324	Heschl_R	0	0	0	92	0	0	0	0	0	0	0	168	0	0	0	222	0	980	0	92	0	0	0	0	0	0	0	0	0	1660	0	0	0	0	0	0	0	0	0	0	0	0	0	0	0	0	0	0	0	0	0	0	0	0	0	0	0	150	0	0	0	146	0	396	0	0	0	92	0	0	0	0	0	0	0	0	0	0	0	0	0	4782	0	558	0	324	0	0	0	0	0	0	0	0	0	0	0	0	0	0	0	0	0	0	0	0	0	0	0	0	0	0	0	0	0	0	
205152	Temporal_Sup_L	958	0	254	0	0	0	166	0	0	0	626	0	0	0	0	0	9556	0	258	0	0	0	0	0	0	0	0	0	13626	0	0	0	240	0	0	0	2216	0	0	0	0	0	0	0	0	0	0	0	0	0	4396	0	0	0	120	0	2098	0	192	0	1574	0	8094	0	3138	0	650	0	0	0	180	0	968	0	0	0	0	0	2748	0	0	0	5990	0	32430	0	0	0	12098	0	0	0	0	0	0	0	0	0	0	0	0	0	0	0	0	0	0	0	0	0	0	0	0	0	0	0	
110840	Temporal_Sup_R	0	342	0	0	0	0	0	0	0	0	0	0	0	0	0	4500	0	2350	0	0	0	0	0	0	0	0	0	0	0	7392	0	0	0	94	0	0	0	542	0	0	0	0	0	0	0	424	0	0	0	304	0	1002	0	0	0	152	0	334	0	372	0	312	0	2940	0	2608	250	784	0	96	0	0	0	86	0	0	0	0	0	4782	0	0	0	8674	0	13632	0	368	0	3080	0	0	0	0	0	0	0	0	0	0	0	0	0	0	0	0	0	0	0	0	0	0	0	0	0	0	
90032	Temporal_Pole_Sup_L	0	0	128	0	316	0	0	0	0	0	146	0	0	0	516	0	970	0	0	0	528	0	0	0	0	0	190	0	1688	0	0	0	0	0	0	0	160	0	1304	0	146	0	0	0	0	0	0	0	0	0	0	0	0	0	3248	0	0	0	0	0	0	0	0	0	0	0	0	0	0	0	270	0	144	0	0	0	0	0	0	0	5990	0	0	0	11650	0	5434	0	12188	0	0	0	0	0	0	0	0	0	0	0	0	0	0	0	0	0	0	0	0	0	0	0	0	0	0	0	
118236	Temporal_Pole_Sup_R	0	0	0	0	0	0	0	0	0	0	0	0	0	0	0	6694	0	718	0	0	0	266	0	0	0	0	0	0	0	2352	0	0	0	0	0	0	0	3114	0	4734	0	5406	0	0	0	0	0	0	0	0	0	0	0	0	0	8240	0	0	0	0	0	0	0	0	0	0	0	0	0	0	0	0	0	1418	0	0	0	0	0	558	0	8674	0	0	0	4654	0	7446	0	4844	0	0	0	0	0	0	0	0	0	0	0	0	0	0	0	0	0	0	0	0	0	0	0	0	0	0	
384764	Temporal_Mid_L	2946	0	418	0	0	0	214	0	0	0	1340	0	0	0	0	0	5168	0	0	0	0	0	0	0	0	0	0	0	11036	0	0	0	946	0	100	0	2458	0	0	0	0	0	702	0	2282	0	608	0	662	0	32412	0	2076	0	738	0	818	0	1958	0	5330	0	8346	0	9768	0	5760	0	116	0	170	0	1072	0	0	0	100	0	6198	0	32430	0	11650	0	0	0	3178	0	41382	0	0	0	0	0	0	0	0	0	0	0	0	0	0	0	0	0	0	0	0	0	0	0	0	0	0	0	
246580	Temporal_Mid_R	0	3040	0	256	0	0	0	0	0	0	0	0	0	0	0	506	0	3064	0	572	0	0	0	0	0	0	0	0	0	3788	0	0	0	0	0	2098	0	4436	0	336	0	0	0	3776	0	5644	0	1302	0	5136	0	16996	0	588	0	2172	0	638	0	162	0	0	0	234	0	4432	3874	11374	0	0	0	0	0	1882	0	0	0	94	0	324	0	13632	0	4654	0	0	0	1268	0	26924	0	0	0	0	0	0	0	0	0	0	0	0	0	0	0	0	0	0	0	0	88	0	0	0	0	0	
24768	Temporal_Pole_Mid_L	0	0	0	0	0	0	0	0	0	0	0	0	0	0	0	0	0	0	0	0	0	0	0	0	0	0	0	0	178	0	0	0	0	0	0	0	0	0	1030	0	140	0	0	0	0	0	0	0	0	0	0	0	0	0	1198	0	0	0	0	0	0	0	0	0	0	0	0	0	0	0	0	0	88	0	0	0	0	0	0	0	0	0	5434	0	3178	0	0	0	1138	0	0	0	0	0	0	0	0	0	0	0	0	0	0	0	0	0	0	0	0	0	0	0	0	0	0	0	
54016	Temporal_Pole_Mid_R	0	0	0	0	0	0	0	0	0	0	0	0	0	0	0	346	0	0	0	0	0	198	0	0	0	0	0	0	0	0	0	0	0	0	0	0	0	794	0	4630	0	2894	0	0	0	0	0	0	0	0	0	0	0	0	0	4772	0	0	0	0	0	0	0	0	0	0	0	0	0	0	0	0	0	730	0	0	0	0	0	0	0	368	0	7446	0	1268	0	0	0	3562	0	0	0	0	0	0	0	0	0	0	0	0	0	0	0	0	0	0	0	0	0	0	0	0	0	0	
267296	Temporal_Inf_L	1016	0	284	0	0	0	106	0	0	0	518	0	0	0	0	0	1984	0	0	0	0	0	0	0	0	0	0	0	14580	0	0	0	408	0	0	0	10306	0	494	0	1760	0	0	0	98	0	530	0	0	0	8678	0	2496	0	10110	0	360	0	730	0	1122	0	440	0	1470	0	2692	0	0	0	504	0	2740	0	0	0	120	0	2780	0	12098	0	12188	0	41382	0	1138	0	0	0	516	0	0	0	0	0	0	0	0	0	0	0	0	0	0	0	0	0	0	0	0	0	0	0	0	0	
266044	Temporal_Inf_R	0	2172	0	434	0	0	0	0	0	0	0	0	0	0	0	330	0	3582	0	710	0	0	0	0	0	0	0	0	0	3542	0	0	0	0	0	1024	0	24290	0	4444	0	2682	0	920	0	1502	0	1474	0	1320	0	3076	0	1944	0	26664	0	1974	0	600	0	238	0	906	0	268	1074	3414	0	0	0	0	0	5058	0	0	0	232	0	0	0	3080	0	4844	0	26924	0	3562	0	0	0	738	0	0	0	0	0	0	0	0	0	0	0	0	0	0	0	0	0	0	0	0	0	0	0	0	
377432	Cerebelum_Crus1_L	0	0	0	0	0	0	0	0	0	0	0	0	0	0	0	0	0	0	0	0	0	0	0	0	0	0	0	0	0	0	0	0	0	0	0	0	0	0	0	0	0	0	0	0	0	0	4708	1132	0	0	0	0	186	782	13902	1088	0	0	0	0	0	0	0	0	0	0	0	0	0	0	0	0	0	0	0	0	0	0	0	0	0	0	0	0	0	0	0	0	516	0	0	3170	34470	378	0	0	11720	0	40206	3014	22110	172	26820	282	10622	0	1036	0	0	0	336	4938	5356	474	678	620	
346476	Cerebelum_Crus1_R	0	0	0	0	0	0	0	0	0	0	0	0	0	0	0	0	0	0	0	0	0	0	0	0	0	0	0	0	0	0	0	0	0	0	0	0	0	498	0	0	0	0	0	0	0	0	0	2890	0	0	0	0	0	660	0	6640	0	0	0	0	0	0	0	0	0	0	0	0	0	0	0	0	0	0	0	0	0	0	0	0	0	0	0	0	0	0	0	0	0	738	3170	0	4744	27734	98	4634	204	17534	966	50078	2868	8562	1596	21420	534	3416	0	0	0	1258	1148	2762	8012	622	360	92	
312476	Cerebelum_Crus2_L	0	0	0	0	0	0	0	0	0	0	0	0	0	0	0	0	0	0	0	0	0	0	0	0	0	0	0	0	0	0	0	0	0	0	0	0	0	0	0	0	0	0	0	0	0	0	554	170	0	0	0	0	0	314	458	396	0	0	0	0	0	0	0	0	0	0	0	0	0	0	0	0	0	0	0	0	0	0	0	0	0	0	0	0	0	0	0	0	0	0	34470	4744	0	3042	0	0	188	0	4244	1678	42100	1114	36822	698	14132	0	192	0	0	0	0	1250	8384	992	178	118	
219436	Cerebelum_Crus2_R	0	0	0	0	0	0	0	0	0	0	0	0	0	0	0	0	0	0	0	0	0	0	0	0	0	0	0	0	0	0	0	0	0	0	0	0	0	0	0	0	0	0	0	0	0	0	0	0	0	0	0	0	0	0	0	0	0	0	0	0	0	0	0	0	0	0	0	0	0	0	0	0	0	0	0	0	0	0	0	0	0	0	0	0	0	0	0	0	0	0	378	27734	3042	0	0	0	0	0	0	4190	3324	23570	4514	25458	1608	2720	0	0	0	0	0	1006	7066	4726	382	0	
23380	Cerebelum_3_L	0	0	0	0	0	0	0	0	0	0	0	0	0	0	0	0	0	0	0	0	0	0	0	0	0	0	0	0	0	0	0	0	0	0	0	0	0	0	0	0	0	0	0	0	0	0	0	0	0	0	0	0	0	0	0	0	0	0	0	0	0	0	0	0	0	0	0	0	0	0	0	0	0	0	0	0	0	0	0	0	0	0	0	0	0	0	0	0	0	0	0	98	0	0	0	198	4078	648	556	558	94	0	108	0	1948	0	222	0	796	1148	1238	0	0	0	0	0	
55984	Cerebelum_3_R	0	0	0	0	0	0	0	0	0	0	0	0	0	0	0	0	0	0	0	0	0	0	0	0	0	0	0	0	0	0	0	0	0	0	0	0	0	0	0	0	0	0	0	0	0	0	172	944	0	0	0	0	0	0	162	1782	0	0	0	0	0	0	0	0	0	0	0	0	0	0	0	0	0	0	0	0	0	0	0	0	0	0	0	0	0	0	0	0	0	0	0	4634	0	0	198	0	386	7548	146	7466	0	0	0	0	0	0	0	0	408	2856	1290	0	0	0	0	0	
196224	Cerebelum_4_5_L	0	0	0	0	0	0	0	0	0	0	0	0	0	0	0	0	0	0	0	0	0	0	0	0	0	0	0	0	0	0	0	0	0	0	0	0	0	0	0	0	0	0	0	0	0	0	7336	1938	0	0	0	0	0	0	12198	278	0	0	0	0	0	0	0	0	0	0	0	0	0	0	0	0	0	0	0	0	0	0	0	0	0	0	0	0	0	0	0	0	0	0	11720	204	188	0	4078	386	0	3734	25502	1574	586	0	768	0	4818	1548	784	98	406	1026	13348	2612	0	0	380	2602	
201672	Cerebelum_4_5_R	0	0	0	0	0	0	0	0	0	0	0	0	0	0	0	0	0	0	0	0	0	0	0	0	0	0	0	0	0	0	0	0	0	0	0	0	0	0	0	0	0	0	0	0	0	0	1352	4722	0	0	0	0	0	630	828	10242	0	0	0	0	0	0	0	0	0	0	0	0	0	0	0	0	0	0	0	0	0	0	0	0	0	0	0	0	0	0	0	0	0	0	0	17534	0	0	648	7548	3734	0	1484	29882	0	0	0	0	690	554	0	0	634	4788	11134	2258	282	282	488	1122	
349024	Cerebelum_6_L	0	0	0	0	0	0	0	0	0	0	0	0	0	0	0	0	0	0	0	0	0	0	0	0	0	0	0	0	0	0	0	0	0	0	0	0	0	0	0	0	0	0	104	0	0	0	15694	3506	0	0	296	0	1004	790	26970	1844	0	0	0	0	0	0	0	0	0	0	0	0	0	0	0	0	0	0	0	0	0	0	0	0	0	0	0	0	0	0	0	0	0	0	40206	966	4244	0	556	146	25502	1484	0	4700	5426	0	9476	0	6256	466	2776	0	0	158	6610	9858	1836	336	1426	1876	
356216	Cerebelum_6_R	0	0	0	0	0	0	0	0	0	0	0	0	0	0	0	0	0	0	0	0	0	0	0	0	0	0	0	0	0	0	0	0	0	0	0	0	0	0	0	0	0	0	0	0	0	0	2034	8070	0	0	0	0	0	3202	796	17572	0	0	0	0	0	0	0	0	0	0	0	0	0	0	0	0	0	0	0	0	0	0	0	0	0	0	0	0	0	0	0	0	0	0	3014	50078	1678	4190	558	7466	1574	29882	4700	0	862	672	1122	7920	952	1578	0	0	464	4434	7330	10330	4786	744	1284	816	
279000	Cerebelum_7b_L	0	0	0	0	0	0	0	0	0	0	0	0	0	0	0	0	0	0	0	0	0	0	0	0	0	0	0	0	0	0	0	0	0	0	0	0	0	0	0	0	0	0	0	0	0	0	0	98	0	0	0	0	0	286	134	300	0	0	0	0	0	0	0	0	0	0	0	0	0	0	0	0	0	0	0	0	0	0	0	0	0	0	0	0	0	0	0	0	0	0	22110	2868	42100	3324	94	0	586	0	5426	862	0	1526	36502	286	12714	0	1420	0	0	0	172	972	6576	1034	110	0	
135280	Cerebelum_7b_R	0	0	0	0	0	0	0	0	0	0	0	0	0	0	0	0	0	0	0	0	0	0	0	0	0	0	0	0	0	0	0	0	0	0	0	0	0	0	0	0	0	0	0	0	0	0	0	0	0	0	0	0	0	0	0	0	0	0	0	0	0	0	0	0	0	0	0	0	0	0	0	0	0	0	0	0	0	0	0	0	0	0	0	0	0	0	0	0	0	0	172	8562	1114	23570	0	0	0	0	0	672	1526	0	2580	18824	1040	882	0	0	0	0	0	722	3738	3788	450	0	
327864	Cerebelum_8_L	0	0	0	0	0	0	0	0	0	0	0	0	0	0	0	0	0	0	0	0	0	0	0	0	0	0	0	0	0	0	0	0	0	0	0	0	0	0	0	0	0	0	0	0	0	0	0	174	0	0	0	0	0	274	208	280	0	0	0	0	0	0	0	0	0	0	0	0	0	0	0	0	0	0	0	0	0	0	0	0	0	0	0	0	0	0	0	0	0	0	26820	1596	36822	4514	108	0	768	0	9476	1122	36502	2580	0	308	25814	472	1644	0	0	0	272	2086	6392	4272	1154	274	
210032	Cerebelum_8_R	0	0	0	0	0	0	0	0	0	0	0	0	0	0	0	0	0	0	0	0	0	0	0	0	0	0	0	0	0	0	0	0	0	0	0	0	0	0	0	0	0	0	0	0	0	0	0	0	0	0	0	0	0	0	0	0	0	0	0	0	0	0	0	0	0	0	0	0	0	0	0	0	0	0	0	0	0	0	0	0	0	0	0	0	0	0	0	0	0	0	282	21420	698	25458	0	0	0	0	0	7920	286	18824	308	0	1074	15526	0	2018	0	0	0	1152	2838	5048	2164	0	
197792	Cerebelum_9_L	0	0	0	0	0	0	0	0	0	0	0	0	0	0	0	0	0	0	0	0	0	0	0	0	0	0	0	0	0	0	0	0	0	0	0	0	0	0	0	0	0	0	0	0	0	0	0	572	0	0	0	0	0	0	144	138	0	0	0	0	0	0	0	0	0	0	0	0	0	0	0	0	0	0	0	0	0	0	0	0	0	0	0	0	0	0	0	0	0	0	10622	534	14132	1608	1948	0	4818	690	6256	952	12714	1040	25814	1074	0	1134	1740	0	118	192	2776	1914	2284	3494	1604	584	
92148	Cerebelum_9_R	0	0	0	0	0	0	0	0	0	0	0	0	0	0	0	0	0	0	0	0	0	0	0	0	0	0	0	0	0	0	0	0	0	0	0	0	0	0	0	0	0	0	0	0	0	0	394	330	0	0	0	0	0	0	0	602	0	0	0	0	0	0	0	0	0	0	0	0	0	0	0	0	0	0	0	0	0	0	0	0	0	0	0	0	0	0	0	0	0	0	0	3416	0	2720	0	0	1548	554	466	1578	0	882	472	15526	1134	0	0	2406	0	0	2808	2792	322	1550	3442	3132	
20556	Cerebelum_10_L	0	0	0	0	0	0	0	0	0	0	0	0	0	0	0	0	0	0	0	0	0	0	0	0	0	0	0	0	0	0	0	0	0	0	0	0	0	0	0	0	0	0	0	0	0	0	0	0	0	0	0	0	0	0	128	0	0	0	0	0	0	0	0	0	0	0	0	0	0	0	0	0	0	0	0	0	0	0	0	0	0	0	0	0	0	0	0	0	0	0	1036	0	192	0	222	0	784	0	2776	0	1420	0	1644	0	1740	0	0	0	0	0	336	0	0	0	0	0	
11400	Cerebelum_10_R	0	0	0	0	0	0	0	0	0	0	0	0	0	0	0	0	0	0	0	0	0	0	0	0	0	0	0	0	0	0	0	0	0	0	0	0	0	0	0	0	0	0	0	0	0	0	0	0	0	0	0	0	0	0	0	0	0	0	0	0	0	0	0	0	0	0	0	0	0	0	0	0	0	0	0	0	0	0	0	0	0	0	0	0	0	0	0	0	0	0	0	0	0	0	0	0	98	0	0	0	0	0	0	2018	0	2406	0	0	0	0	116	348	246	252	0	216	
13936	Vermis_1_2	0	0	0	0	0	0	0	0	0	0	0	0	0	0	0	0	0	0	0	0	0	0	0	0	0	0	0	0	0	0	0	0	0	0	0	0	0	0	0	0	0	0	0	0	0	0	0	0	0	0	0	0	0	0	0	0	0	0	0	0	0	0	0	0	0	0	0	0	0	0	0	0	0	0	0	0	0	0	0	0	0	0	0	0	0	0	0	0	0	0	0	0	0	0	796	408	406	634	0	464	0	0	0	0	118	0	0	0	0	3458	684	0	0	0	0	0	
51860	Vermis_3	0	0	0	0	0	0	0	0	0	0	0	0	0	0	0	0	0	0	0	0	0	0	0	0	0	0	0	0	0	0	0	0	0	0	0	0	0	0	190	0	0	0	0	0	0	0	194	928	0	0	0	0	0	154	174	2088	0	0	0	0	0	0	0	0	0	0	0	0	0	0	0	0	0	0	0	0	0	0	0	0	0	0	0	0	0	0	0	0	0	0	0	1258	0	0	1148	2856	1026	4788	158	4434	0	0	0	0	192	0	0	0	3458	0	2884	0	0	0	0	0	
159644	Vermis_4_5	0	0	0	0	0	0	0	0	0	0	0	0	0	0	0	0	0	0	0	0	0	0	0	0	0	0	0	0	0	0	0	0	0	0	0	0	0	0	0	0	0	0	0	294	0	92	4218	3966	0	0	0	146	0	228	3524	4448	0	0	0	0	0	0	0	0	0	0	0	576	0	0	0	0	0	0	0	0	0	0	0	0	0	0	0	0	0	88	0	0	0	0	336	1148	0	0	1238	1290	13348	11134	6610	7330	172	0	272	0	2776	2808	336	116	684	2884	0	4384	0	220	872	4284	
174052	Vermis_6	0	0	0	0	0	0	0	0	0	0	0	0	0	0	0	0	0	0	0	0	0	0	0	0	0	0	0	0	0	0	0	0	0	0	0	0	0	0	0	0	0	0	154	0	0	0	4658	5294	0	0	112	0	238	1822	2176	5506	0	0	0	0	0	0	0	0	0	0	0	0	0	0	0	0	0	0	0	0	0	0	0	0	0	0	0	0	0	0	0	0	0	0	4938	2762	1250	1006	0	0	2612	2258	9858	10330	972	722	2086	1152	1914	2792	0	348	0	0	4384	0	5556	3312	4236	4578	
147296	Vermis_7	0	0	0	0	0	0	0	0	0	0	0	0	0	0	0	0	0	0	0	0	0	0	0	0	0	0	0	0	0	0	0	0	0	0	0	0	0	0	0	0	0	0	0	0	0	0	0	806	0	0	0	0	0	782	0	880	0	0	0	0	0	0	0	0	0	0	0	0	0	0	0	0	0	0	0	0	0	0	0	0	0	0	0	0	0	0	0	0	0	0	5356	8012	8384	7066	0	0	0	282	1836	4786	6576	3738	6392	2838	2284	322	0	246	0	0	0	5556	0	5684	1664	158	
81164	Vermis_8	0	0	0	0	0	0	0	0	0	0	0	0	0	0	0	0	0	0	0	0	0	0	0	0	0	0	0	0	0	0	0	0	0	0	0	0	0	0	0	0	0	0	0	0	0	0	0	0	0	0	0	0	0	0	0	0	0	0	0	0	0	0	0	0	0	0	0	0	0	0	0	0	0	0	0	0	0	0	0	0	0	0	0	0	0	0	0	0	0	0	474	622	992	4726	0	0	0	282	336	744	1034	3788	4272	5048	3494	1550	0	252	0	0	220	3312	5684	0	3290	462	
54640	Vermis_9	0	0	0	0	0	0	0	0	0	0	0	0	0	0	0	0	0	0	0	0	0	0	0	0	0	0	0	0	0	0	0	0	0	0	0	0	0	0	0	0	0	0	0	0	0	0	0	410	0	0	0	0	0	0	0	620	0	0	0	0	0	0	0	0	0	0	0	0	0	0	0	0	0	0	0	0	0	0	0	0	0	0	0	0	0	0	0	0	0	0	678	360	178	382	0	0	380	488	1426	1284	110	450	1154	2164	1604	3442	0	0	0	0	872	4236	1664	3290	0	2128	
49616	Vermis_10	0	0	0	0	0	0	0	0	0	0	0	0	0	0	0	0	0	0	0	0	0	0	0	0	0	0	0	0	0	0	0	0	0	0	0	0	0	0	0	0	0	0	0	0	0	0	338	718	0	0	0	0	0	0	0	690	0	0	0	0	0	0	0	0	0	0	0	0	0	0	0	0	0	0	0	0	0	0	0	0	0	0	0	0	0	0	0	0	0	0	620	92	118	0	0	0	2602	1122	1876	816	0	0	274	0	584	3132	0	216	0	0	4284	4578	158	462	2128	0	
