data	data	493232	408764	998140	959916	158840	89980	390016	356640	63324	60660	192484	281760	297184	183912	147344	100760	230632	183020	801496	739952	61900	85380	404956	405996	42296	100212	53156	69084	583540	478856	342004	495344	173684	449268	141064	183456	257024	409900	144640	291860	31000	52752	184568	246568	147184	403328	249324	220544	134716	414720	460792	328436	113860	108284	405084	581436	295824	256164	118996	152960	249432	146956	160572	101988	176144	181628	283216	478588	252336	348564	269640	415300	374332	540860	49808	54932	190836	203576	98672	39600	227244	156312	117404	103528	320428	222072	43364	30212	195668	201504	474836	480968	409208	420008	25476	80052	300664	277892	457724	466036	275844	172240	312532	315004	120628	159104	34508	14528	25768	58584	195832	258356	289000	164392	120548	23040	
data	data	Precentral_L	Precentral_R	Frontal_Sup_L	Frontal_Sup_R	Frontal_Sup_Orb_L	Frontal_Sup_Orb_R	Frontal_Mid_L	Frontal_Mid_R	Frontal_Mid_Orb_L	Frontal_Mid_Orb_R	Frontal_Inf_Oper_L	Frontal_Inf_Oper_R	Frontal_Inf_Tri_L	Frontal_Inf_Tri_R	Frontal_Inf_Orb_L	Frontal_Inf_Orb_R	Rolandic_Oper_L	Rolandic_Oper_R	Supp_Motor_Area_L	Supp_Motor_Area_R	Olfactory_L	Olfactory_R	Frontal_Sup_Medial_L	Frontal_Sup_Medial_R	Frontal_Med_Orb_L	Frontal_Med_Orb_R	Rectus_L	Rectus_R	Insula_L	Insula_R	Cingulum_Ant_L	Cingulum_Ant_R	Cingulum_Mid_L	Cingulum_Mid_R	Cingulum_Post_L	Cingulum_Post_R	Hippocampus_L	Hippocampus_R	ParaHippocampal_L	ParaHippocampal_R	Amygdala_L	Amygdala_R	Calcarine_L	Calcarine_R	Cuneus_L	Cuneus_R	Lingual_L	Lingual_R	Occipital_Sup_L	Occipital_Sup_R	Occipital_Mid_L	Occipital_Mid_R	Occipital_Inf_L	Occipital_Inf_R	Fusiform_L	Fusiform_R	Postcentral_L	Postcentral_R	Parietal_Sup_L	Parietal_Sup_R	Parietal_Inf_L	Parietal_Inf_R	SupraMarginal_L	SupraMarginal_R	Angular_L	Angular_R	Precuneus_L	Precuneus_R	Paracentral_Lobule_L	Paracentral_Lobule_R	Caudate_L	Caudate_R	Putamen_L	Putamen_R	Pallidum_L	Pallidum_R	Thalamus_L	Thalamus_R	Heschl_L	Heschl_R	Temporal_Sup_L	Temporal_Sup_R	Temporal_Pole_Sup_L	Temporal_Pole_Sup_R	Temporal_Mid_L	Temporal_Mid_R	Temporal_Pole_Mid_L	Temporal_Pole_Mid_R	Temporal_Inf_L	Temporal_Inf_R	Cerebelum_Crus1_L	Cerebelum_Crus1_R	Cerebelum_Crus2_L	Cerebelum_Crus2_R	Cerebelum_3_L	Cerebelum_3_R	Cerebelum_4_5_L	Cerebelum_4_5_R	Cerebelum_6_L	Cerebelum_6_R	Cerebelum_7b_L	Cerebelum_7b_R	Cerebelum_8_L	Cerebelum_8_R	Cerebelum_9_L	Cerebelum_9_R	Cerebelum_10_L	Cerebelum_10_R	Vermis_1_2	Vermis_3	Vermis_4_5	Vermis_6	Vermis_7	Vermis_8	Vermis_9	Vermis_10	
493232	Precentral_L	0	8504	12418	4836	0	0	13106	1896	0	0	12092	0	3978	0	0	0	8848	0	19696	12562	0	0	264	0	0	0	0	0	7870	112	404	194	4690	9384	2134	1896	1886	2544	464	554	0	0	122	0	0	172	158	0	452	164	4648	0	212	0	620	2210	28658	2152	1302	174	6830	0	3054	0	1074	0	2264	892	27652	4074	3536	658	1914	1260	894	172	10016	4148	2456	0	1970	0	782	0	852	0	0	0	274	310	0	0	0	0	0	0	0	158	0	0	0	0	0	0	0	0	0	0	0	0	0	0	0	0	0	0	
408764	Precentral_R	8504	0	3956	28266	232	0	1304	29384	0	0	296	10370	0	0	0	0	520	3670	4276	8908	0	0	0	152	0	0	0	0	810	11598	100	380	230	2062	328	940	430	4526	0	1688	0	0	0	430	0	1678	0	98	0	1536	122	784	0	226	0	3666	3504	8838	0	1108	922	1758	420	334	0	556	116	2590	3036	5556	2648	6220	1780	7154	666	1406	3428	13578	218	506	0	1670	0	114	0	1234	0	0	0	3006	0	156	0	0	0	0	0	158	0	232	0	0	0	0	0	0	0	0	0	0	0	0	0	0	0	0	
998140	Frontal_Sup_L	12418	3956	0	17428	11684	0	58062	898	2632	0	12098	992	22642	860	8126	0	12412	824	95000	12786	0	0	48872	10538	848	106	160	0	37936	844	19240	10856	5128	3374	210	274	3640	518	850	182	0	0	0	0	0	0	328	0	0	0	268	0	0	0	2688	234	5726	460	130	0	478	0	616	0	0	0	148	0	1734	124	13882	6498	29442	1738	3606	922	3668	718	1056	0	3334	118	2548	0	460	0	0	0	446	0	256	0	152	0	0	0	172	0	494	0	104	0	128	0	0	0	0	0	0	0	0	0	0	0	0	0	
959916	Frontal_Sup_R	4836	28266	17428	0	476	4656	1686	30262	0	2038	140	17994	384	10904	138	4462	236	10258	18512	73412	0	704	10176	43092	0	3624	0	986	1044	19944	5802	37628	1258	16474	0	148	140	4682	0	2556	0	210	0	154	0	240	0	96	0	202	0	132	0	0	0	2124	1986	1258	0	230	134	354	0	128	0	258	0	420	1102	172	3788	36108	1356	26142	232	3678	2240	19382	0	592	0	638	0	730	0	246	0	0	0	392	0	210	0	0	0	0	0	312	0	366	0	0	0	0	0	0	0	0	0	0	0	0	0	0	0	0	
158840	Frontal_Sup_Orb_L	0	232	11684	476	0	0	1826	0	11690	0	0	0	2072	0	11504	0	0	0	3368	118	528	0	2778	352	2702	0	4484	0	5866	0	3614	334	96	0	0	0	198	0	0	0	132	0	0	0	0	0	0	0	0	0	0	0	0	0	0	0	0	132	0	0	0	0	0	0	0	0	0	0	0	0	2754	408	11328	186	106	0	0	0	0	0	0	0	452	0	0	0	0	0	0	0	0	0	0	0	0	0	0	0	0	0	0	0	0	0	0	0	0	0	0	0	0	0	0	0	0	0	
89980	Frontal_Sup_Orb_R	0	0	0	4656	0	0	0	2088	0	6906	0	0	0	554	0	3200	0	0	0	574	0	332	196	3196	148	7418	0	7850	0	900	302	778	0	0	0	0	0	0	0	0	0	0	0	0	0	0	0	0	0	0	0	0	0	0	0	0	0	0	0	0	0	0	0	0	0	0	0	0	0	0	0	2322	0	3570	0	0	0	0	0	0	0	0	0	0	0	0	0	0	0	0	0	0	0	0	0	0	0	0	0	0	0	0	0	0	0	0	0	0	0	0	0	0	0	0	0	0	
390016	Frontal_Mid_L	13106	1304	58062	1686	1826	0	0	524	2420	0	5838	120	27048	0	4700	0	1262	0	11910	1132	0	0	21554	2150	0	0	106	0	12190	0	5716	1194	824	944	142	334	1898	222	518	0	0	0	0	0	0	0	148	0	0	0	164	0	0	0	918	0	1622	132	0	0	194	0	0	0	0	0	0	0	312	0	3416	1220	3836	194	494	148	1846	320	674	0	338	0	162	0	0	0	0	0	140	0	0	0	0	0	0	0	0	0	0	0	0	0	0	0	0	0	0	0	0	0	0	0	0	0	0	0	
356640	Frontal_Mid_R	1896	29384	898	30262	0	2088	524	0	0	3282	0	14028	0	17362	0	4938	0	4038	1352	5208	0	520	282	4606	0	0	0	128	210	18178	152	2568	0	3910	0	262	0	2826	0	1534	0	222	0	212	0	438	0	0	0	420	0	282	0	104	0	2470	1620	636	0	280	0	400	0	0	0	370	0	792	0	420	898	806	254	9660	190	832	0	742	138	582	0	1182	0	472	0	816	0	0	0	2006	0	184	0	0	0	0	0	180	0	276	0	0	0	0	0	0	0	0	0	0	0	0	0	0	0	0	
63324	Frontal_Mid_Orb_L	0	0	2632	0	11690	0	2420	0	0	0	0	0	2560	0	10084	0	0	0	214	0	0	0	0	0	0	0	510	0	896	0	0	0	0	0	0	0	0	0	0	0	0	0	0	0	0	0	0	0	0	0	0	0	0	0	0	0	0	0	0	0	0	0	0	0	0	0	0	0	0	0	0	0	420	0	0	0	0	0	0	0	0	0	236	0	0	0	0	0	0	0	0	0	0	0	0	0	0	0	0	0	0	0	0	0	0	0	0	0	0	0	0	0	0	0	0	0	
60660	Frontal_Mid_Orb_R	0	0	0	2038	0	6906	0	3282	0	0	0	0	0	1670	0	7902	0	0	0	660	0	324	0	300	0	538	0	1152	0	1688	0	0	0	0	0	0	0	264	0	122	0	124	0	0	0	0	0	0	0	0	0	0	0	0	0	0	0	0	0	0	0	0	0	0	0	0	0	0	0	0	0	518	0	2656	0	0	0	0	0	0	0	0	0	186	0	0	0	0	0	0	0	0	0	0	0	0	0	0	0	0	0	0	0	0	0	0	0	0	0	0	0	0	0	0	0	0	
192484	Frontal_Inf_Oper_L	12092	296	12098	140	0	0	5838	0	0	0	0	0	17684	0	288	0	7640	0	8898	0	0	0	1366	0	0	0	0	0	15120	0	1368	250	0	0	0	0	192	0	0	0	0	0	0	0	0	0	0	0	0	0	0	0	0	0	164	0	6378	0	0	0	120	0	128	0	0	0	0	0	0	0	280	262	1864	0	0	0	190	0	226	0	934	0	2324	0	102	0	0	0	0	0	0	0	0	0	0	0	0	0	0	0	0	0	0	0	0	0	0	0	0	0	0	0	0	0	0	0	
281760	Frontal_Inf_Oper_R	0	10370	992	17994	0	0	120	14028	0	0	0	0	130	15952	0	696	0	8490	1312	12178	0	0	668	1696	0	0	0	0	198	20768	928	4892	122	3372	0	0	0	2590	0	2320	0	0	0	0	0	0	0	0	0	0	0	0	0	0	0	2172	0	1210	0	0	0	0	0	0	0	0	0	0	0	0	636	1542	368	10414	0	1498	0	170	0	492	0	256	0	916	0	0	0	0	0	0	0	370	0	0	0	0	0	496	0	524	0	0	0	0	0	0	0	0	0	0	0	0	0	0	0	0	
297184	Frontal_Inf_Tri_L	3978	0	22642	384	2072	0	27048	0	2560	0	17684	130	0	140	9806	0	1132	0	9300	100	0	0	8826	370	130	0	0	0	26932	0	4436	678	822	0	0	0	514	0	0	0	0	0	0	0	0	0	0	0	0	0	0	0	0	0	488	0	1952	0	0	0	0	0	0	0	0	0	0	0	0	0	1752	1314	1952	154	0	0	242	0	0	0	136	0	686	0	0	0	0	0	0	0	98	0	0	0	0	0	0	0	134	0	0	0	0	0	0	0	0	0	0	0	0	0	0	0	0	0	
183912	Frontal_Inf_Tri_R	0	0	860	10904	0	554	0	17362	0	1670	0	15952	140	0	0	3406	0	360	1020	6404	0	0	830	1976	0	0	0	0	200	10522	1086	5366	132	4256	0	0	0	1018	0	984	0	0	0	0	0	0	0	0	0	0	0	0	0	0	0	966	0	0	0	0	0	0	0	0	0	0	0	0	0	0	542	666	360	3638	0	0	0	0	0	0	0	0	0	148	0	0	0	0	0	0	0	190	0	0	0	0	0	176	0	268	0	0	0	0	0	0	0	0	0	0	0	0	0	0	0	0	
147344	Frontal_Inf_Orb_L	0	0	8126	138	11504	0	4700	0	10084	0	288	0	9806	0	0	0	0	0	2404	0	776	0	1426	134	0	0	254	0	11368	0	510	104	0	0	0	0	732	0	0	0	350	0	0	0	0	0	0	0	0	0	0	0	0	0	294	0	0	0	0	0	0	0	0	0	0	0	0	0	0	0	496	100	6256	0	132	0	0	0	0	0	0	0	3202	0	128	0	360	0	0	0	0	0	0	0	0	0	0	0	0	0	0	0	0	0	0	0	0	0	0	0	0	0	0	0	0	0	
100760	Frontal_Inf_Orb_R	0	0	0	4462	0	3200	0	4938	0	7902	0	696	0	3406	0	0	0	274	130	2258	0	514	0	0	0	0	0	486	0	8280	0	0	0	202	0	0	0	990	0	794	0	264	0	0	0	0	0	0	0	0	0	0	0	0	0	668	0	0	0	0	0	0	0	0	0	0	0	0	0	0	0	580	0	7804	0	206	0	0	0	0	0	416	0	1420	0	156	0	0	0	0	0	0	0	0	0	0	0	334	0	0	0	0	0	0	0	0	0	0	0	0	0	0	0	0	0	0	
230632	Rolandic_Oper_L	8848	520	12412	236	0	0	1262	0	0	0	7640	0	1132	0	0	0	0	0	11286	332	0	0	146	0	0	0	0	0	22774	0	300	0	0	148	368	304	502	0	248	0	0	0	0	0	0	0	134	0	0	0	1244	0	456	0	652	286	9548	0	0	0	1432	0	4408	0	866	0	380	0	162	0	142	164	1536	0	392	0	768	0	6400	0	10972	0	3020	0	3138	0	0	0	758	0	0	0	0	0	0	0	0	0	0	0	0	0	0	0	0	0	0	0	0	0	0	0	0	0	0	0	
183020	Rolandic_Oper_R	0	3670	824	10258	0	0	0	4038	0	0	0	8490	0	360	0	274	0	0	1050	5878	0	0	0	0	0	0	0	0	0	23002	0	174	0	138	0	0	0	386	0	312	0	0	0	0	0	244	0	0	0	250	0	0	0	0	0	312	0	5324	0	926	0	1196	0	3342	0	942	0	576	0	402	152	776	0	6740	0	1060	0	260	0	4242	0	3542	0	1702	0	190	0	0	0	124	0	144	0	0	0	0	0	0	0	210	0	0	0	0	0	0	0	0	0	0	0	0	0	0	0	0	
801496	Supp_Motor_Area_L	19696	4276	95000	18512	3368	0	11910	1352	214	0	8898	1312	9300	1020	2404	130	11286	1050	0	37310	0	0	8230	4260	0	0	0	0	26388	1606	7084	7610	11404	17050	922	428	3194	368	374	178	0	0	0	0	0	0	108	0	230	0	1292	0	0	0	2202	234	5658	542	142	0	530	0	586	0	160	0	820	0	10562	1454	11412	4736	22248	1876	4238	782	5832	440	1008	0	3110	126	2016	0	634	0	0	0	396	0	244	0	146	0	0	0	152	0	478	0	98	0	122	0	0	0	0	0	0	0	0	0	0	0	0	0	
739952	Supp_Motor_Area_R	12562	8908	12786	73412	118	574	1132	5208	0	660	0	12178	100	6404	0	2258	332	5878	37310	0	0	0	852	9260	0	0	0	0	644	13682	1874	14576	5188	42526	424	1524	334	3222	0	1968	0	0	0	276	0	1016	0	0	102	918	1082	490	0	0	0	2378	3074	5146	206	0	1236	0	542	152	234	0	490	1754	11468	17764	1908	14906	868	15410	110	658	1884	7234	112	406	0	412	0	334	104	368	0	0	0	410	0	162	0	0	0	0	0	170	0	298	0	0	0	0	0	0	0	0	0	0	0	0	0	0	0	0	
61900	Olfactory_L	0	0	0	0	528	0	0	0	0	0	0	0	0	0	776	0	0	0	0	0	0	5344	122	0	946	278	2700	712	1010	0	3396	1962	0	0	0	0	136	0	0	0	258	0	0	0	0	0	0	0	0	0	0	0	0	0	0	0	0	0	0	0	0	0	0	0	0	0	0	0	0	0	5460	3144	3158	632	388	0	0	0	0	0	0	0	0	0	0	0	0	0	0	0	0	0	0	0	0	0	0	0	0	0	0	0	0	0	0	0	0	0	0	0	0	0	0	0	0	0	
85380	Olfactory_R	0	0	0	704	0	332	0	520	0	324	0	0	0	0	0	514	0	0	0	0	5344	0	118	0	412	998	2494	1826	0	1752	3084	3064	0	0	0	0	0	0	0	0	0	832	0	0	0	0	0	0	0	0	0	0	0	0	0	0	0	0	0	0	0	0	0	0	0	0	0	0	0	0	7368	6388	3826	1524	536	0	0	462	0	0	0	0	0	268	0	0	0	0	0	0	0	0	0	0	0	0	0	0	0	0	0	0	0	0	0	0	0	0	0	0	0	0	0	0	0	0	
404956	Frontal_Sup_Medial_L	264	0	48872	10176	2778	196	21554	282	0	0	1366	668	8826	830	1426	0	146	0	8230	852	122	118	0	21944	3844	996	656	0	5036	0	29006	13734	7286	6736	0	0	0	0	0	0	0	0	0	0	0	0	0	0	0	0	0	0	0	0	0	0	0	0	0	0	0	0	0	0	0	0	0	0	0	0	1638	814	3616	466	0	0	0	0	0	0	0	0	0	0	0	0	0	0	0	0	0	0	0	0	0	0	0	0	0	0	0	0	0	0	0	0	0	0	0	0	0	0	0	0	0	0	
405996	Frontal_Sup_Medial_R	0	152	10538	43092	352	3196	2150	4606	0	300	0	1696	370	1976	134	0	0	0	4260	9260	0	0	21944	0	890	7436	0	1638	528	304	8416	35500	584	15068	0	0	0	0	0	0	0	0	0	0	0	0	0	0	0	0	0	0	0	0	0	0	0	0	0	0	0	0	0	0	0	0	0	0	0	0	1666	16864	208	8796	0	222	146	706	0	0	0	0	0	0	0	0	0	0	0	0	0	0	0	0	0	0	0	0	0	0	0	0	0	0	0	0	0	0	0	0	0	0	0	0	0	0	
42296	Frontal_Med_Orb_L	0	0	848	0	2702	148	0	0	0	0	0	0	130	0	0	0	0	0	0	0	946	412	3844	890	0	1070	2266	182	198	0	5396	654	0	0	0	0	0	0	0	0	0	0	0	0	0	0	0	0	0	0	0	0	0	0	0	0	0	0	0	0	0	0	0	0	0	0	0	0	0	0	756	278	428	0	0	0	0	0	0	0	0	0	0	0	0	0	0	0	0	0	0	0	0	0	0	0	0	0	0	0	0	0	0	0	0	0	0	0	0	0	0	0	0	0	0	0	
100212	Frontal_Med_Orb_R	0	0	106	3624	0	7418	0	0	0	538	0	0	0	0	0	0	0	0	0	0	278	998	996	7436	1070	0	418	10090	0	0	2884	7186	0	0	0	0	0	0	0	0	0	0	0	0	0	0	0	0	0	0	0	0	0	0	0	0	0	0	0	0	0	0	0	0	0	0	0	0	0	0	426	3926	0	2712	0	0	0	0	0	0	0	0	0	0	0	0	0	0	0	0	0	0	0	0	0	0	0	0	0	0	0	0	0	0	0	0	0	0	0	0	0	0	0	0	0	0	
53156	Rectus_L	0	0	160	0	4484	0	106	0	510	0	0	0	0	0	254	0	0	0	0	0	2700	2494	656	0	2266	418	0	642	130	0	4148	1290	164	0	0	0	0	0	0	0	0	0	0	0	0	0	0	0	0	0	0	0	0	0	0	0	0	0	0	0	0	0	0	0	0	0	0	0	0	0	3044	1210	1562	340	0	0	0	0	0	0	0	0	0	0	0	0	0	0	0	0	0	0	0	0	0	0	0	0	0	0	0	0	0	0	0	0	0	0	0	0	0	0	0	0	0	0	
69084	Rectus_R	0	0	0	986	0	7850	0	128	0	1152	0	0	0	0	0	486	0	0	0	0	712	1826	0	1638	182	10090	642	0	0	340	862	4182	0	0	0	0	0	0	0	0	0	0	0	0	0	0	0	0	0	0	0	0	0	0	0	0	0	0	0	0	0	0	0	0	0	0	0	0	0	0	796	1456	250	964	0	0	0	0	0	0	0	0	0	0	0	0	0	0	0	0	0	0	0	0	0	0	0	0	0	0	0	0	0	0	0	0	0	0	0	0	0	0	0	0	0	0	
583540	Insula_L	7870	810	37936	1044	5866	0	12190	210	896	0	15120	198	26932	200	11368	0	22774	0	26388	644	1010	0	5036	528	198	0	130	0	0	146	5324	1060	586	290	1502	1376	7930	328	768	0	1484	0	0	0	0	0	224	0	0	0	1712	0	628	0	6458	930	2888	124	418	0	1602	0	3396	0	1372	0	700	0	272	96	3798	2528	19176	310	564	0	5088	406	9226	0	11712	0	9130	0	5356	0	910	0	2946	0	334	0	200	0	0	0	100	0	704	0	148	0	172	0	0	0	0	0	0	0	0	0	0	0	0	0	
478856	Insula_R	112	11598	844	19944	0	900	0	18178	0	1688	0	20768	0	10522	0	8280	0	23002	1606	13682	0	1752	0	304	0	0	0	340	146	0	286	1260	0	1024	118	312	0	10262	0	7876	0	820	0	182	0	708	0	0	0	726	0	404	0	0	0	8810	0	1068	0	574	0	838	0	344	0	648	0	1158	0	656	666	1310	338	29962	0	1336	190	1044	0	4018	0	9288	0	8348	0	4080	0	0	0	2374	0	1392	0	0	0	0	0	1320	0	2022	0	0	0	0	0	0	0	0	0	0	0	0	0	0	0	0	
342004	Cingulum_Ant_L	404	100	19240	5802	3614	302	5716	152	0	0	1368	928	4436	1086	510	0	300	0	7084	1874	3396	3084	29006	8416	5396	2884	4148	862	5324	286	0	18550	10364	3634	0	0	120	0	0	0	0	0	0	0	0	0	0	0	0	0	0	0	0	0	112	0	98	0	0	0	0	0	0	0	0	0	0	0	0	0	7060	5476	6368	3160	0	0	202	0	0	0	140	0	0	0	0	0	0	0	0	0	0	0	0	0	0	0	0	0	0	0	0	0	0	0	0	0	0	0	0	0	0	0	0	0	0	0	
495344	Cingulum_Ant_R	194	380	10856	37628	334	778	1194	2568	0	0	250	4892	678	5366	104	0	0	174	7610	14576	1962	3064	13734	35500	654	7186	1290	4182	1060	1260	18550	0	3044	21506	0	0	0	114	0	0	0	0	0	0	0	0	0	0	0	0	0	0	0	0	0	98	0	0	0	0	0	0	0	0	0	0	0	0	0	0	4516	25988	1606	13454	0	350	224	748	0	0	0	0	0	0	0	0	0	0	0	0	0	0	0	0	0	0	0	0	0	0	0	0	0	0	0	0	0	0	0	0	0	0	0	0	0	0	
173684	Cingulum_Mid_L	4690	230	5128	1258	96	0	824	0	0	0	0	122	822	132	0	0	0	0	11404	5188	0	0	7286	584	0	0	164	0	586	0	10364	3044	0	11034	1906	722	0	0	0	0	0	0	0	0	0	0	0	0	170	0	3378	0	190	0	0	0	108	924	200	0	1028	0	0	0	1042	0	5068	792	5540	1640	200	0	188	0	0	0	0	0	0	0	0	0	0	0	580	0	0	0	210	0	0	0	0	0	0	0	0	0	0	0	0	0	0	0	0	0	0	0	0	0	0	0	0	0	0	0	
449268	Cingulum_Mid_R	9384	2062	3374	16474	0	0	944	3910	0	0	0	3372	0	4256	0	202	148	138	17050	42526	0	0	6736	15068	0	0	0	0	290	1024	3634	21506	11034	0	1132	4146	130	326	0	0	0	0	0	976	0	2850	0	0	98	2336	1444	722	0	0	0	624	1088	6638	126	294	1100	0	590	0	198	214	1022	6708	9084	15834	146	754	156	958	0	0	458	506	0	108	0	156	0	0	98	224	0	0	0	258	0	0	0	0	0	0	0	0	0	0	0	0	0	0	0	0	0	0	0	0	0	0	0	0	0	0	
141064	Cingulum_Post_L	2134	328	210	0	0	0	142	0	0	0	0	0	0	0	0	0	368	0	922	424	0	0	0	0	0	0	0	0	1502	118	0	0	1906	1132	0	14126	3978	2298	2806	386	0	0	1732	0	952	276	1444	122	172	242	1874	288	278	226	2124	5352	1398	2990	130	0	776	0	438	0	562	0	3876	1158	2432	3492	0	0	0	446	0	0	872	282	650	0	106	0	0	0	992	238	0	0	538	952	0	0	0	0	0	0	204	0	0	0	0	0	0	0	0	0	0	0	0	0	138	0	0	0	0	0	
183456	Cingulum_Post_R	1896	940	274	148	0	0	334	262	0	0	0	0	0	0	0	0	304	0	428	1524	0	0	0	0	0	0	0	0	1376	312	0	0	722	4146	14126	0	3346	5210	2460	708	0	0	166	1596	0	1920	1072	1236	0	1538	894	1006	142	560	1028	8572	1920	3954	120	0	568	0	300	0	336	0	880	8554	1354	5186	168	0	0	620	0	0	2748	1746	842	0	0	0	0	0	346	726	0	0	178	1636	0	0	0	0	0	0	282	216	0	0	0	0	0	0	0	0	0	0	0	0	802	0	0	0	0	0	
257024	Hippocampus_L	1886	430	3640	140	198	0	1898	0	0	0	192	0	514	0	732	0	502	0	3194	334	136	0	0	0	0	0	0	0	7930	0	120	0	0	130	3978	3346	0	2638	18872	124	6080	0	1542	0	0	0	6682	112	0	0	416	0	414	0	19892	0	136	150	0	0	0	0	120	0	0	0	2688	332	760	102	374	384	8544	0	524	0	8612	1198	1330	0	1128	0	3656	0	408	0	738	0	3990	0	1230	0	456	0	0	0	2360	0	2326	0	314	0	392	0	0	0	0	0	0	0	188	0	0	0	0	0	
409900	Hippocampus_R	2544	4526	518	4682	0	0	222	2826	0	264	0	2590	0	1018	0	990	0	386	368	3222	0	0	0	0	0	0	0	0	328	10262	0	114	0	326	2298	5210	2638	0	1870	35982	0	7654	0	658	0	184	938	4284	0	144	202	0	0	138	290	38592	328	102	114	0	284	0	0	0	0	0	110	3100	1300	444	424	108	116	23412	0	1976	4012	8420	420	106	0	1368	0	1810	0	1738	0	206	144	4868	0	2700	0	0	0	176	282	4698	0	4688	0	0	0	0	0	0	0	0	0	142	1086	0	0	0	0	0	
144640	ParaHippocampal_L	464	0	850	0	0	0	518	0	0	0	0	0	0	0	0	0	248	0	374	0	0	0	0	0	0	0	0	0	768	0	0	0	0	0	2806	2460	18872	1870	0	140	2022	0	704	0	0	0	6826	100	0	0	534	0	602	0	12404	402	0	0	0	0	0	0	150	0	0	0	1498	272	234	0	0	0	2302	0	284	0	3722	554	334	0	244	0	536	0	176	0	466	0	516	0	926	0	100	0	632	0	4116	104	2026	0	0	0	0	0	0	0	0	0	0	0	164	0	0	0	0	0	
291860	ParaHippocampal_R	554	1688	182	2556	0	0	0	1534	0	122	0	2320	0	984	0	794	0	312	178	1968	0	0	0	0	0	0	0	0	0	7876	0	0	0	0	386	708	124	35982	140	0	0	7010	0	374	0	0	0	3878	0	0	0	0	0	0	0	32320	114	0	0	0	0	0	0	0	0	0	0	942	268	128	174	0	0	15586	0	1778	466	3218	0	0	0	744	0	2970	0	824	0	1520	0	1676	0	2756	0	0	0	518	0	5116	0	4854	0	0	0	0	0	0	0	0	0	106	182	0	0	0	0	0	
31000	Amygdala_L	0	0	0	0	132	0	0	0	0	0	0	0	0	0	350	0	0	0	0	0	258	0	0	0	0	0	0	0	1484	0	0	0	0	0	0	0	6080	0	2022	0	0	0	0	0	0	0	0	0	0	0	0	0	0	0	1484	0	0	0	0	0	0	0	0	0	0	0	0	0	0	0	0	0	376	0	0	0	118	0	0	0	0	0	2290	0	0	0	354	0	552	0	0	0	0	0	0	0	0	0	0	0	0	0	0	0	0	0	0	0	0	0	0	0	0	0	0	0	
52752	Amygdala_R	0	0	0	210	0	0	0	222	0	124	0	0	0	0	0	264	0	0	0	0	0	832	0	0	0	0	0	0	0	820	0	0	0	0	0	0	0	7654	0	7010	0	0	0	0	0	0	0	0	0	0	0	0	0	0	0	3794	0	0	0	0	0	0	0	0	0	0	0	0	0	0	0	0	0	734	0	0	132	686	0	0	0	0	0	3396	0	0	0	498	0	0	0	0	0	0	0	0	0	0	0	0	0	0	0	0	0	0	0	0	0	0	0	0	0	0	0	0	
184568	Calcarine_L	122	0	0	0	0	0	0	0	0	0	0	0	0	0	0	0	0	0	0	0	0	0	0	0	0	0	0	0	0	0	0	0	0	0	1732	166	1542	0	704	0	0	0	0	7042	10104	5208	7576	1208	7072	3714	20166	1320	6300	152	3754	146	0	120	182	0	144	0	0	0	132	0	8912	1064	310	162	0	0	0	0	0	0	0	0	0	0	0	0	0	0	2494	0	0	0	636	0	100	0	0	0	0	0	0	0	0	0	0	0	0	0	0	0	0	0	0	0	0	0	0	0	0	0	
246568	Calcarine_R	0	430	0	154	0	0	0	212	0	0	0	0	0	0	0	0	0	0	0	276	0	0	0	0	0	0	0	0	0	182	0	0	0	976	0	1596	0	658	0	374	0	0	7042	0	3950	19626	204	10630	0	17976	0	17980	0	5400	0	5536	0	584	0	406	0	96	0	0	0	242	1220	20706	0	866	0	0	0	100	0	0	0	0	0	0	0	0	0	0	0	3742	0	0	0	1798	0	0	0	0	0	0	0	182	0	0	0	0	0	0	0	0	0	0	0	0	140	0	0	0	0	0	
147184	Cuneus_L	0	0	0	0	0	0	0	0	0	0	0	0	0	0	0	0	0	0	0	0	0	0	0	0	0	0	0	0	0	0	0	0	0	0	952	0	0	0	0	0	0	0	10104	3950	0	7426	148	136	13792	4334	10628	1318	3050	118	1034	0	0	0	1848	158	0	0	0	0	0	0	11316	2498	0	0	0	0	0	0	0	0	0	0	0	0	0	0	0	0	350	0	0	0	432	0	0	0	0	0	0	0	0	0	0	0	0	0	0	0	0	0	0	0	0	0	0	0	0	0	0	0	
403328	Cuneus_R	172	1678	0	240	0	0	0	438	0	0	0	0	0	0	0	0	0	244	0	1016	0	0	0	0	0	0	0	0	0	708	0	0	0	2850	276	1920	0	184	0	0	0	0	5208	19626	7426	0	0	2044	464	48986	186	21906	0	620	0	444	162	4396	0	5618	142	2500	0	1504	0	2284	4864	39906	106	16156	0	0	0	0	0	0	0	0	0	176	0	1812	0	0	0	3968	0	0	0	1434	0	0	0	0	0	0	0	0	0	0	0	0	0	0	0	0	0	0	0	0	0	0	0	0	0	0	
249324	Lingual_L	158	0	328	0	0	0	148	0	0	0	0	0	0	0	0	0	134	0	108	0	0	0	0	0	0	0	0	0	224	0	0	0	0	0	1444	1072	6682	938	6826	0	0	0	7576	204	148	0	0	1388	1036	0	7140	0	4372	184	16022	458	0	0	0	0	0	0	0	0	0	0	4016	0	98	0	0	0	734	0	100	0	1996	232	148	0	0	0	0	0	112	0	0	0	378	0	12002	1362	670	512	478	146	15376	1244	17536	2572	410	0	414	0	240	0	0	0	0	126	3494	3186	490	0	0	0	
220544	Lingual_R	0	98	0	96	0	0	0	0	0	0	0	0	0	0	0	0	0	0	0	0	0	0	0	0	0	0	0	0	0	0	0	0	0	0	122	1236	112	4284	100	3878	0	0	1208	10630	136	2044	1388	0	0	3390	0	3392	0	7046	338	18242	0	0	0	0	0	0	0	0	0	0	0	7994	0	0	0	0	0	270	0	164	0	506	0	0	0	0	0	0	0	1454	0	0	0	1134	2688	6490	1086	730	0	644	744	6098	3284	9732	0	0	0	0	0	0	0	0	0	332	3804	4506	872	0	0	0	
134716	Occipital_Sup_L	452	0	0	0	0	0	0	0	0	0	0	0	0	0	0	0	0	0	230	102	0	0	0	0	0	0	0	0	0	0	0	0	170	98	172	0	0	0	0	0	0	0	7072	0	13792	464	1036	0	0	0	21436	0	1092	0	152	0	0	0	5274	0	586	0	0	0	710	0	12094	354	566	102	0	0	0	0	0	0	0	0	0	0	0	0	0	0	1404	0	0	0	0	0	0	0	0	0	0	0	0	0	0	0	0	0	0	0	0	0	0	0	0	0	0	0	0	0	0	0	
414720	Occipital_Sup_R	164	1536	0	202	0	0	0	420	0	0	0	0	0	0	0	0	0	250	0	918	0	0	0	0	0	0	0	0	0	726	0	0	0	2336	242	1538	0	144	0	0	0	0	3714	17976	4334	48986	0	3390	0	0	0	31992	0	990	0	906	142	4088	0	8946	110	2690	0	1430	0	6022	2196	36316	110	16154	0	0	0	0	0	0	0	0	0	144	0	1768	0	0	0	5004	0	0	0	1476	0	0	0	0	0	0	0	0	0	0	0	0	0	0	0	0	0	0	0	0	0	0	0	0	0	0	
460792	Occipital_Mid_L	4648	122	268	0	0	0	164	0	0	0	0	0	0	0	0	0	1244	0	1292	1082	0	0	0	0	0	0	0	0	1712	0	0	0	3378	1444	1874	894	416	202	534	0	0	0	20166	0	10628	186	7140	0	21436	0	0	0	18710	0	5058	878	2676	428	16168	0	15026	0	2684	0	21426	0	27824	406	6040	1236	0	0	0	138	0	0	116	0	902	0	1338	0	0	0	27748	0	0	0	2764	0	0	0	0	0	0	0	0	0	0	0	0	0	0	0	0	0	0	0	0	0	0	0	0	0	0	0	
328436	Occipital_Mid_R	0	784	0	132	0	0	0	282	0	0	0	0	0	0	0	0	0	0	0	490	0	0	0	0	0	0	0	0	0	404	0	0	0	722	288	1006	0	0	0	0	0	0	1320	17980	1318	21906	0	3392	0	31992	0	0	0	4866	0	2148	0	1426	0	5884	0	4910	0	344	0	15446	1562	21376	0	6194	0	0	0	0	0	0	0	0	0	0	0	1558	0	0	0	14378	0	0	0	2110	0	0	0	0	0	0	0	0	0	0	0	0	0	0	0	0	0	0	0	0	0	0	0	0	0	0	
113860	Occipital_Inf_L	212	0	0	0	0	0	0	0	0	0	0	0	0	0	0	0	456	0	0	0	0	0	0	0	0	0	0	0	628	0	0	0	190	0	278	142	414	0	602	0	0	0	6300	0	3050	0	4372	0	1092	0	18710	0	0	0	7216	98	0	0	140	0	388	0	352	0	288	0	1596	0	230	0	0	0	0	0	0	0	0	0	942	0	326	0	0	0	4636	0	0	0	3552	0	508	0	0	0	0	0	0	0	212	0	0	0	0	0	0	0	0	0	0	0	0	0	0	0	0	0	
108284	Occipital_Inf_R	0	226	0	0	0	0	0	104	0	0	0	0	0	0	0	0	0	0	0	0	0	0	0	0	0	0	0	0	0	0	0	0	0	0	226	560	0	138	0	0	0	0	152	5400	118	620	184	7046	0	990	0	4866	0	0	110	11972	0	0	0	0	0	0	0	0	0	0	0	1862	0	120	0	0	0	0	0	0	0	0	0	0	0	186	0	0	0	2974	0	0	0	11172	490	444	124	176	0	0	0	378	468	1358	0	0	0	0	0	0	0	0	0	0	316	1104	258	0	0	0	
405084	Fusiform_L	620	0	2688	0	0	0	918	0	0	0	164	0	488	0	294	0	652	0	2202	0	0	0	0	0	0	0	0	0	6458	0	112	0	0	0	2124	1028	19892	290	12404	0	1484	0	3754	0	1034	0	16022	338	152	0	5058	0	7216	110	0	770	122	0	0	0	0	0	222	0	0	0	1818	0	200	0	0	362	5402	0	196	0	2156	248	1652	0	4636	0	3250	0	6672	0	2330	0	19422	0	20894	396	2574	150	152	0	10672	366	26792	676	1226	0	1818	0	0	0	0	0	0	0	526	1116	224	0	0	0	
581436	Fusiform_R	2210	3666	234	2124	0	0	0	2470	0	0	0	2172	0	966	0	668	286	312	234	2378	0	0	0	0	0	0	0	0	930	8810	0	98	0	624	5352	8572	0	38592	402	32320	0	3794	146	5536	0	444	458	18242	0	906	878	2148	98	11972	770	0	484	336	334	0	696	0	282	0	372	0	478	6726	1708	1022	490	0	128	19676	0	698	944	2018	244	110	0	1874	0	6608	142	5646	0	3386	0	17916	1016	19288	348	2106	0	170	0	8660	900	22744	0	154	0	612	0	0	0	0	0	0	792	2252	546	0	0	0	
295824	Postcentral_L	28658	3504	5726	1986	0	0	1622	1620	0	0	6378	0	1952	0	0	0	9548	0	5658	3074	0	0	0	0	0	0	0	0	2888	0	98	0	108	1088	1398	1920	136	328	0	114	0	0	0	0	0	162	0	0	0	142	2676	0	0	0	122	484	0	4216	5002	0	21454	0	9706	0	638	0	2772	360	6306	3370	1122	296	288	204	0	0	516	1510	2106	0	4538	0	172	0	1416	0	0	0	322	208	0	0	0	0	0	0	0	0	0	0	0	0	0	0	0	0	0	0	0	0	0	0	0	0	0	0	
256164	Postcentral_R	2152	8838	460	1258	132	0	132	636	0	0	0	1210	0	0	0	0	0	5324	542	5146	0	0	0	0	0	0	0	0	124	1068	0	0	924	6638	2990	3954	150	102	0	0	0	0	120	584	0	4396	0	0	0	4088	428	1426	0	0	0	336	4216	0	0	10688	1636	9764	780	7210	0	1932	156	7236	4838	20280	1024	0	446	362	0	308	1800	0	0	316	0	664	0	0	174	434	0	0	0	660	0	0	0	0	0	0	0	0	0	0	0	0	0	0	0	0	0	0	0	0	0	0	0	0	0	0	
118996	Parietal_Sup_L	1302	0	130	0	0	0	0	0	0	0	0	0	0	0	0	0	0	0	142	206	0	0	0	0	0	0	0	0	418	0	0	0	200	126	130	120	0	114	0	0	0	0	182	0	1848	0	0	0	5274	0	16168	0	140	0	0	334	5002	0	0	0	8706	0	222	0	3484	0	13500	0	1234	238	0	0	0	0	0	0	0	0	0	0	0	0	0	0	278	0	0	0	0	0	0	0	0	0	0	0	0	0	0	0	0	0	0	0	0	0	0	0	0	0	0	0	0	0	0	0	
152960	Parietal_Sup_R	174	1108	0	230	0	0	0	280	0	0	0	0	0	0	0	0	0	926	0	0	0	0	0	0	0	0	0	0	0	574	0	0	0	294	0	0	0	0	0	0	0	0	0	406	158	5618	0	0	0	8946	0	5884	0	0	0	0	0	10688	0	0	0	14348	0	3828	0	8946	0	10242	0	2636	0	0	0	0	0	0	0	0	0	226	0	132	0	0	0	836	0	0	0	0	0	0	0	0	0	0	0	0	0	0	0	0	0	0	0	0	0	0	0	0	0	0	0	0	0	0	
249432	Parietal_Inf_L	6830	922	478	134	0	0	194	0	0	0	120	0	0	0	0	0	1432	0	530	1236	0	0	0	0	0	0	0	0	1602	0	0	0	1028	1100	776	568	0	284	0	0	0	0	144	0	0	142	0	0	586	110	15026	0	388	0	0	696	21454	1636	8706	0	0	0	15242	0	23734	0	6148	288	2544	1404	140	0	0	214	0	0	0	368	1104	0	1728	0	0	0	5572	0	0	0	108	0	0	0	0	0	0	0	0	0	0	0	0	0	0	0	0	0	0	0	0	0	0	0	0	0	0	0	
146956	Parietal_Inf_R	0	1758	0	354	0	0	0	400	0	0	0	0	0	0	0	0	0	1196	0	0	0	0	0	0	0	0	0	0	0	838	0	0	0	0	0	0	0	0	0	0	0	0	0	96	0	2500	0	0	0	2690	0	4910	0	0	0	0	0	9764	0	14348	0	0	0	8182	0	18962	0	2454	0	1874	0	0	0	0	0	122	0	0	0	270	0	900	0	0	0	650	0	0	0	1210	0	0	0	0	0	0	0	0	0	0	0	0	0	0	0	0	0	0	0	0	0	0	0	0	0	0	
160572	SupraMarginal_L	3054	420	616	0	0	0	0	0	0	0	128	0	0	0	0	0	4408	0	586	542	0	0	0	0	0	0	0	0	3396	0	0	0	0	590	438	300	120	0	150	0	0	0	0	0	0	0	0	0	0	0	2684	0	352	0	222	282	9706	780	222	0	15242	0	0	0	9664	0	426	152	1730	428	0	0	100	0	0	0	0	0	1740	0	12596	0	0	0	9084	0	0	0	128	0	0	0	0	0	0	0	0	0	0	0	0	0	0	0	0	0	0	0	0	0	0	0	0	0	0	0	
101988	SupraMarginal_R	0	334	0	128	0	0	0	0	0	0	0	0	0	0	0	0	0	3342	0	152	0	0	0	0	0	0	0	0	0	344	0	0	0	0	0	0	0	0	0	0	0	0	0	0	0	1504	0	0	0	1430	0	344	0	0	0	0	0	7210	0	3828	0	8182	0	0	0	10866	0	1654	0	1534	0	0	0	0	0	0	0	0	0	136	0	5524	0	0	0	2688	0	0	0	1794	0	0	0	0	0	0	0	0	0	0	0	0	0	0	0	0	0	0	0	0	0	0	0	0	0	0	
176144	Angular_L	1074	0	0	0	0	0	0	0	0	0	0	0	0	0	0	0	866	0	160	234	0	0	0	0	0	0	0	0	1372	0	0	0	1042	198	562	336	0	0	0	0	0	0	132	0	0	0	0	0	710	0	21426	0	288	0	0	372	638	0	3484	0	23734	0	9664	0	0	0	5004	0	432	226	0	0	0	0	0	0	0	0	740	0	3518	0	0	0	11860	0	0	0	0	0	0	0	0	0	0	0	0	0	0	0	0	0	0	0	0	0	0	0	0	0	0	0	0	0	0	0	
181628	Angular_R	0	556	0	258	0	0	0	370	0	0	0	0	0	0	0	0	0	942	0	0	0	0	0	0	0	0	0	0	0	648	0	0	0	214	0	0	0	0	0	0	0	0	0	242	0	2284	0	0	0	6022	0	15446	0	0	0	0	0	1932	0	8946	0	18962	0	10866	0	0	0	2922	0	1952	0	0	0	0	0	216	0	0	0	124	0	6942	0	0	0	7778	0	0	0	3192	0	0	0	0	0	0	0	0	0	0	0	0	0	0	0	0	0	0	0	0	0	0	0	0	0	0	
283216	Precuneus_L	2264	116	148	0	0	0	0	0	0	0	0	0	0	0	0	0	380	0	820	490	0	0	0	0	0	0	0	0	700	0	0	0	5068	1022	3876	880	2688	110	1498	0	0	0	8912	1220	11316	4864	4016	0	12094	2196	27824	1562	1596	0	1818	478	2772	156	13500	0	6148	0	426	0	5004	0	0	5668	4744	814	0	0	0	0	0	0	108	0	208	0	308	0	0	0	2414	174	0	0	982	0	0	0	0	0	0	0	226	0	0	0	0	0	0	0	0	0	0	0	0	0	0	0	0	0	0	0	
478588	Precuneus_R	892	2590	0	420	0	0	0	792	0	0	0	0	0	0	0	0	0	576	0	1754	0	0	0	0	0	0	0	0	0	1158	0	0	792	6708	1158	8554	332	3100	272	942	0	0	1064	20706	2498	39906	0	7994	354	36316	406	21376	0	1862	0	6726	360	7236	0	10242	288	2454	152	1654	0	2922	5668	0	426	23316	0	0	0	160	0	0	232	254	0	266	0	2036	0	0	0	6436	0	0	0	2522	0	0	0	0	0	0	0	1336	0	0	0	0	0	0	0	0	0	0	0	248	1838	0	0	0	0	0	
252336	Paracentral_Lobule_L	27652	3036	1734	1102	0	0	312	0	0	0	0	0	0	0	0	0	162	0	10562	11468	0	0	0	0	0	0	0	0	272	0	0	0	5540	9084	2432	1354	760	1300	234	268	0	0	310	0	0	106	98	0	566	110	6040	0	230	0	200	1708	6306	4838	1234	0	2544	0	1730	0	432	0	4744	426	0	9470	158	0	336	1000	0	0	3076	274	0	0	982	0	0	0	1684	0	0	0	110	184	0	0	0	0	0	0	0	0	0	0	0	0	0	0	0	0	0	0	0	0	0	0	0	0	0	0	
348564	Paracentral_Lobule_R	4074	5556	124	172	0	0	0	420	0	0	0	0	0	0	0	0	0	402	1454	17764	0	0	0	0	0	0	0	0	96	656	0	0	1640	15834	3492	5186	102	444	0	128	0	0	162	866	0	16156	0	0	102	16154	1236	6194	0	120	0	1022	3370	20280	238	2636	1404	1874	428	1534	226	1952	814	23316	9470	0	0	0	0	318	0	0	632	0	0	298	0	1742	0	0	272	2420	0	0	0	1502	0	0	0	0	0	0	0	0	0	0	0	0	0	0	0	0	0	0	0	0	0	0	0	0	0	0	
269640	Caudate_L	3536	2648	13882	3788	2754	0	3416	898	0	0	280	636	1752	542	496	0	142	152	11412	1908	5460	7368	1638	1666	756	426	3044	796	3798	666	7060	4516	200	146	0	168	374	424	0	174	0	0	0	0	0	0	0	0	0	0	0	0	0	0	0	490	1122	1024	0	0	140	0	0	0	0	0	0	0	158	0	0	11634	19930	2576	2888	268	6128	1030	510	0	0	0	0	0	0	0	0	0	0	0	0	0	0	0	0	0	0	0	0	0	0	0	0	0	0	0	0	0	0	0	0	0	0	0	0	0	
415300	Caudate_R	658	6220	6498	36108	408	2322	1220	806	0	518	262	1542	1314	666	100	580	164	776	4736	14906	3144	6388	814	16864	278	3926	1210	1456	2528	1310	5476	25988	0	754	0	0	384	108	0	0	0	0	0	0	0	0	0	0	0	0	0	0	0	0	362	0	296	0	0	0	0	0	0	0	0	0	0	0	0	0	11634	0	4438	20582	514	2438	2188	14766	0	0	0	0	0	0	0	0	0	0	0	0	0	0	0	0	0	0	0	0	0	0	0	0	0	0	0	0	0	0	0	0	0	0	0	0	0	0	
374332	Putamen_L	1914	1780	29442	1356	11328	0	3836	254	420	0	1864	368	1952	360	6256	0	1536	0	22248	868	3158	3826	3616	208	428	0	1562	250	19176	338	6368	1606	188	156	0	0	8544	116	2302	0	376	0	0	0	0	0	734	0	0	0	0	0	0	0	5402	128	288	446	0	0	0	0	100	0	0	0	0	0	336	0	19930	4438	0	924	6440	0	2738	248	170	0	1050	0	2100	0	780	0	0	0	514	0	512	0	256	0	0	0	354	0	884	0	178	0	216	0	0	0	0	0	0	0	0	0	0	0	0	0	
540860	Putamen_R	1260	7154	1738	26142	186	3570	194	9660	0	2656	0	10414	154	3638	0	7804	0	6740	1876	15410	632	1524	466	8796	0	2712	340	964	310	29962	3160	13454	0	958	446	620	0	23412	0	15586	0	734	0	100	0	0	0	270	0	0	138	0	0	0	0	19676	204	362	0	0	214	0	0	0	0	0	0	160	1000	318	2576	20582	924	0	0	5890	342	2162	0	376	0	1114	0	2038	0	660	0	0	0	1796	0	1626	0	0	0	0	0	2484	0	2746	0	0	0	0	0	0	0	0	0	0	0	0	0	0	0	0	
49808	Pallidum_L	894	666	3606	232	106	0	494	190	0	0	0	0	0	0	132	0	392	0	4238	110	388	536	0	0	0	0	0	0	564	0	0	0	0	0	0	0	524	0	284	0	0	0	0	0	0	0	100	0	0	0	0	0	0	0	196	0	0	0	0	0	0	0	0	0	0	0	0	0	0	0	2888	514	6440	0	0	0	1410	0	0	0	0	0	0	0	0	0	0	0	0	0	0	0	0	0	0	0	0	0	0	0	0	0	0	0	0	0	0	0	0	0	0	0	0	0	0	0	
54932	Pallidum_R	172	1406	922	3678	0	0	148	832	0	0	0	1498	0	0	0	206	0	1060	782	658	0	0	0	222	0	0	0	0	0	1336	0	350	0	0	0	0	0	1976	0	1778	0	0	0	0	0	0	0	164	0	0	0	0	0	0	0	698	0	308	0	0	0	122	0	0	0	216	0	0	0	0	268	2438	0	5890	0	0	0	230	0	0	0	0	0	0	0	0	0	0	0	0	0	0	0	0	0	0	0	108	0	0	0	0	0	0	0	0	0	0	0	0	0	0	0	0	0	0	
190836	Thalamus_L	10016	3428	3668	2240	0	0	1846	0	0	0	190	0	242	0	0	0	768	0	5832	1884	0	0	0	146	0	0	0	0	5088	190	202	224	0	458	872	2748	8612	4012	3722	466	118	132	0	0	0	0	1996	0	0	0	116	0	0	0	2156	944	516	1800	0	0	0	0	0	0	0	0	108	232	3076	632	6128	2188	2738	342	1410	0	0	9004	1714	0	744	0	0	0	558	0	0	0	818	0	158	0	0	0	0	0	590	180	166	0	0	0	0	0	0	0	0	0	0	0	0	0	0	0	0	0	
203576	Thalamus_R	4148	13578	718	19382	0	0	320	742	0	0	0	170	0	0	0	0	0	260	440	7234	0	462	0	706	0	0	0	0	406	1044	0	748	0	506	282	1746	1198	8420	554	3218	0	686	0	0	0	0	232	506	0	0	0	0	0	0	248	2018	1510	0	0	0	368	0	0	0	0	0	0	254	274	0	1030	14766	248	2162	0	230	9004	0	474	0	0	0	0	200	0	0	0	0	148	0	0	214	0	0	0	0	0	524	0	410	0	0	0	0	0	0	0	0	0	0	0	0	0	0	0	0	
98672	Heschl_L	2456	218	1056	0	0	0	674	138	0	0	226	0	0	0	0	0	6400	0	1008	112	0	0	0	0	0	0	0	0	9226	0	0	0	0	0	650	842	1330	420	334	0	0	0	0	0	0	0	148	0	0	0	902	0	942	0	1652	244	2106	0	0	0	1104	0	1740	0	740	0	208	0	0	0	510	0	170	0	0	0	1714	474	0	0	6236	0	0	0	3658	0	0	0	1698	0	0	0	0	0	0	0	0	0	0	0	0	0	0	0	0	0	0	0	0	0	0	0	0	0	0	0	
39600	Heschl_R	0	506	0	592	0	0	0	582	0	0	0	492	0	0	0	0	0	4242	0	406	0	0	0	0	0	0	0	0	0	4018	0	0	0	108	0	0	0	106	0	0	0	0	0	0	0	176	0	0	0	144	0	0	0	0	0	110	0	316	0	226	0	270	0	136	0	124	0	266	0	298	0	0	0	376	0	0	0	0	0	0	0	4626	0	814	0	450	0	0	0	416	0	0	0	0	0	0	0	0	0	0	0	0	0	0	0	0	0	0	0	0	0	0	0	0	0	0	
227244	Temporal_Sup_L	1970	0	3334	0	0	0	338	0	0	0	934	0	136	0	0	0	10972	0	3110	0	0	0	0	0	0	0	0	0	11712	0	140	0	0	0	106	0	1128	0	244	0	0	0	0	0	0	0	0	0	0	0	1338	0	326	0	4636	0	4538	0	0	0	1728	0	12596	0	3518	0	308	0	982	0	0	0	1050	0	0	0	744	0	6236	0	0	0	3684	0	27694	0	312	0	9706	0	0	0	0	0	0	0	0	0	102	0	0	0	0	0	0	0	0	0	0	0	0	0	0	0	0	0	
156312	Temporal_Sup_R	0	1670	118	638	0	0	0	1182	0	0	0	256	0	0	0	416	0	3542	126	412	0	0	0	0	0	0	0	0	0	9288	0	0	0	156	0	0	0	1368	0	744	0	0	0	0	0	1812	0	0	0	1768	0	1558	0	186	0	1874	0	664	0	132	0	900	0	5524	0	6942	0	2036	0	1742	0	0	0	1114	0	0	0	0	0	4626	0	0	0	6358	0	17982	0	198	0	2480	0	140	0	0	0	0	0	0	0	204	0	0	0	0	0	0	0	0	0	0	0	0	0	0	0	0	
117404	Temporal_Pole_Sup_L	782	0	2548	0	452	0	162	0	236	0	2324	0	686	0	3202	0	3020	0	2016	0	0	0	0	0	0	0	0	0	9130	0	0	0	0	0	0	0	3656	0	536	0	2290	0	0	0	0	0	0	0	0	0	0	0	0	0	3250	0	172	0	0	0	0	0	0	0	0	0	0	0	0	0	0	0	2100	0	0	0	0	0	0	0	3684	0	0	0	6686	0	6726	0	4940	0	0	0	0	0	0	0	0	0	104	0	0	0	0	0	0	0	0	0	0	0	0	0	0	0	0	0	
103528	Temporal_Pole_Sup_R	0	114	0	730	0	0	0	472	0	186	0	916	0	148	0	1420	0	1702	0	334	0	268	0	0	0	0	0	0	0	8348	0	0	0	0	0	0	0	1810	0	2970	0	3396	0	0	0	0	0	0	0	0	0	0	0	0	0	6608	0	0	0	0	0	0	0	0	0	0	0	0	0	0	0	0	0	2038	0	0	0	200	0	814	0	6358	0	0	0	4732	0	5058	0	3142	0	0	0	0	0	0	0	0	0	0	0	0	0	0	0	0	0	0	0	0	0	0	0	0	0	0	
320428	Temporal_Mid_L	852	0	460	0	0	0	0	0	0	0	102	0	0	0	128	0	3138	0	634	104	0	0	0	0	0	0	0	0	5356	0	0	0	580	98	992	346	408	0	176	0	0	0	2494	0	350	0	112	0	1404	0	27748	0	4636	0	6672	142	1416	174	278	0	5572	0	9084	0	11860	0	2414	0	1684	272	0	0	780	0	0	0	558	0	3658	0	27694	0	6686	0	0	0	4854	0	26298	0	0	0	0	0	0	0	0	0	0	0	0	0	0	0	0	0	0	0	0	0	0	0	0	0	0	0	
222072	Temporal_Mid_R	0	1234	0	246	0	0	0	816	0	0	0	0	0	0	0	156	0	190	0	368	0	0	0	0	0	0	0	0	0	4080	0	0	0	224	238	726	0	1738	0	824	0	0	0	3742	0	3968	0	1454	0	5004	0	14378	0	2974	0	5646	0	434	0	836	0	650	0	2688	0	7778	174	6436	0	2420	0	0	0	660	0	0	0	0	0	450	0	17982	0	4732	0	0	0	1584	0	16206	0	0	0	0	0	0	0	0	0	0	0	0	0	0	0	0	0	0	0	0	0	0	0	0	0	0	
43364	Temporal_Pole_Mid_L	0	0	0	0	0	0	0	0	0	0	0	0	0	0	360	0	0	0	0	0	0	0	0	0	0	0	0	0	910	0	0	0	0	0	0	0	738	0	466	0	354	0	0	0	0	0	0	0	0	0	0	0	0	0	2330	0	0	0	0	0	0	0	0	0	0	0	0	0	0	0	0	0	0	0	0	0	0	0	0	0	312	0	6726	0	4854	0	0	0	4632	0	0	0	0	0	0	0	0	0	0	0	0	0	0	0	0	0	0	0	0	0	0	0	0	0	0	0	
30212	Temporal_Pole_Mid_R	0	0	0	0	0	0	0	0	0	0	0	0	0	0	0	0	0	0	0	0	0	0	0	0	0	0	0	0	0	0	0	0	0	0	0	0	0	206	0	1520	0	498	0	0	0	0	0	0	0	0	0	0	0	0	0	3386	0	0	0	0	0	0	0	0	0	0	0	0	0	0	0	0	0	0	0	0	0	0	0	0	0	198	0	5058	0	1584	0	0	0	2656	0	0	0	0	0	0	0	0	0	0	0	0	0	0	0	0	0	0	0	0	0	0	0	0	0	0	
195668	Temporal_Inf_L	274	0	446	0	0	0	140	0	0	0	0	0	0	0	0	0	758	0	396	0	0	0	0	0	0	0	0	0	2946	0	0	0	210	0	538	178	3990	144	516	0	552	0	636	0	432	0	378	0	0	0	2764	0	3552	0	19422	0	322	0	0	0	108	0	128	0	0	0	982	0	110	0	0	0	514	0	0	0	818	148	1698	0	9706	0	4940	0	26298	0	4632	0	0	0	4574	0	1248	0	0	0	522	0	1674	0	498	0	642	0	0	0	0	0	0	0	0	0	0	0	0	0	
201504	Temporal_Inf_R	310	3006	0	392	0	0	0	2006	0	0	0	0	0	0	0	0	0	124	0	410	0	0	0	0	0	0	0	0	0	2374	0	0	0	258	952	1636	0	4868	0	1676	0	0	0	1798	0	1434	0	1134	0	1476	0	2110	0	11172	0	17916	208	660	0	0	0	1210	0	1794	0	3192	0	2522	184	1502	0	0	0	1796	0	0	0	0	0	416	0	2480	0	3142	0	16206	0	2656	0	0	0	5006	0	522	0	0	0	318	0	1346	0	140	0	400	0	0	0	0	0	0	0	0	0	0	0	0	
474836	Cerebelum_Crus1_L	0	0	256	0	0	0	0	0	0	0	0	0	98	0	0	0	0	0	244	0	0	0	0	0	0	0	0	0	334	0	0	0	0	0	0	0	1230	0	926	0	0	0	100	0	0	0	12002	2688	0	0	0	0	508	490	20894	1016	0	0	0	0	0	0	0	0	0	0	0	0	0	0	0	0	512	0	0	0	158	0	0	0	0	0	0	0	0	0	0	0	4574	0	0	5296	36378	5608	450	894	18698	982	54424	6342	11748	884	13064	1266	1896	1342	504	0	316	888	2162	11694	12668	1890	1702	292	
480968	Cerebelum_Crus1_R	0	156	0	210	0	0	0	184	0	0	0	370	0	190	0	0	0	144	0	162	0	0	0	0	0	0	0	0	0	1392	0	0	0	0	0	0	0	2700	0	2756	0	0	0	0	0	0	1362	6490	0	0	0	0	0	444	396	19288	0	0	0	0	0	0	0	0	0	0	0	0	0	0	0	0	0	1626	0	0	0	214	0	0	0	140	0	0	0	0	0	0	0	5006	5296	0	3428	36982	100	3206	2502	19976	5066	58528	596	4724	614	20166	0	3858	0	1092	0	518	6944	8666	9796	3060	2136	0	
409208	Cerebelum_Crus2_L	0	0	152	0	0	0	0	0	0	0	0	0	0	0	0	0	0	0	146	0	0	0	0	0	0	0	0	0	200	0	0	0	0	0	0	0	456	0	100	0	0	0	0	0	0	0	670	1086	0	0	0	0	0	124	2574	348	0	0	0	0	0	0	0	0	0	0	0	0	0	0	0	0	256	0	0	0	0	0	0	0	0	0	0	0	0	0	0	0	1248	0	36378	3428	0	14864	152	558	2450	318	9772	2708	39650	5986	36640	4298	5132	1076	2916	0	224	596	298	4998	18328	4862	1612	0	
420008	Cerebelum_Crus2_R	0	0	0	0	0	0	0	0	0	0	0	0	0	0	0	0	0	0	0	0	0	0	0	0	0	0	0	0	0	0	0	0	0	0	0	0	0	0	0	0	0	0	0	0	0	0	512	730	0	0	0	0	0	176	150	2106	0	0	0	0	0	0	0	0	0	0	0	0	0	0	0	0	0	0	0	0	0	0	0	0	0	0	0	0	0	0	0	0	0	522	5608	36982	14864	0	0	2072	482	4254	2234	12630	7320	23702	6116	40934	202	7586	0	1326	0	402	1202	4876	21488	7866	3662	0	
25476	Cerebelum_3_L	0	0	0	0	0	0	0	0	0	0	0	0	0	0	0	0	0	0	0	0	0	0	0	0	0	0	0	0	0	0	0	0	0	0	0	0	0	0	632	0	0	0	0	0	0	0	478	0	0	0	0	0	0	0	152	0	0	0	0	0	0	0	0	0	0	0	0	0	0	0	0	0	0	0	0	0	0	0	0	0	0	0	0	0	0	0	0	0	0	0	450	100	152	0	0	134	4676	242	916	228	0	0	0	0	740	158	0	0	708	780	1230	472	172	132	186	0	
80052	Cerebelum_3_R	0	0	0	0	0	0	0	0	0	0	0	0	0	0	0	0	0	0	0	0	0	0	0	0	0	0	0	0	0	0	0	0	0	0	0	0	0	176	0	518	0	0	0	0	0	0	146	644	0	0	0	0	0	0	0	170	0	0	0	0	0	0	0	0	0	0	0	0	0	0	0	0	0	0	0	0	0	0	0	0	0	0	0	0	0	0	0	0	0	0	894	3206	558	2072	134	0	1494	5896	1636	4964	0	0	0	380	248	2000	0	0	432	3118	2000	3142	2276	1978	1944	0	
300664	Cerebelum_4_5_L	0	0	172	0	0	0	0	0	0	0	0	0	0	0	0	0	0	0	152	0	0	0	0	0	0	0	0	0	100	0	0	0	0	0	204	282	2360	282	4116	0	0	0	0	0	0	0	15376	744	0	0	0	0	0	0	10672	0	0	0	0	0	0	0	0	0	0	0	226	0	0	0	0	0	354	0	0	0	590	0	0	0	0	0	0	0	0	0	0	0	522	0	18698	2502	2450	482	4676	1494	0	5196	33182	4842	1028	0	1794	164	5752	1648	352	0	1388	1962	13292	7716	1092	546	1628	2296	
277892	Cerebelum_4_5_R	158	158	0	312	0	0	0	180	0	0	0	496	0	176	0	334	0	0	0	170	0	0	0	0	0	0	0	0	0	1320	0	0	0	0	0	216	0	4698	104	5116	0	0	0	182	0	0	1244	6098	0	0	0	0	0	378	366	8660	0	0	0	0	0	0	0	0	0	0	0	1336	0	0	0	0	0	2484	0	108	180	524	0	0	0	0	0	0	0	0	0	0	0	318	982	19976	318	4254	242	5896	5196	0	3580	30924	0	0	104	2062	488	2692	0	0	0	1768	13060	4134	3294	2244	2294	122	
457724	Cerebelum_6_L	0	0	494	0	0	0	0	0	0	0	0	0	134	0	0	0	0	0	478	0	0	0	0	0	0	0	0	0	704	0	0	0	0	0	0	0	2326	0	2026	0	0	0	0	0	0	0	17536	3284	0	0	0	0	212	468	26792	900	0	0	0	0	0	0	0	0	0	0	0	0	0	0	0	0	884	0	0	0	166	0	0	0	102	0	104	0	0	0	0	0	1674	0	54424	5066	9772	2234	916	1636	33182	3580	0	9150	3616	0	3898	0	3740	2024	366	0	760	1700	8066	16584	5736	1044	2002	1082	
466036	Cerebelum_6_R	0	232	0	366	0	0	0	276	0	0	0	524	0	268	0	0	0	210	0	298	0	0	0	0	0	0	0	0	0	2022	0	0	0	0	0	0	0	4688	0	4854	0	0	0	0	0	0	2572	9732	0	0	0	0	0	1358	676	22744	0	0	0	0	0	0	0	0	0	0	0	0	0	0	0	0	0	2746	0	0	0	410	0	0	0	204	0	0	0	0	0	0	0	1346	6342	58528	2708	12630	228	4964	4842	30924	9150	0	0	688	0	5550	458	1984	0	260	98	998	12214	13592	7206	2226	1902	0	
275844	Cerebelum_7b_L	0	0	104	0	0	0	0	0	0	0	0	0	0	0	0	0	0	0	98	0	0	0	0	0	0	0	0	0	148	0	0	0	0	0	0	0	314	0	0	0	0	0	0	0	0	0	410	0	0	0	0	0	0	0	1226	0	0	0	0	0	0	0	0	0	0	0	0	0	0	0	0	0	178	0	0	0	0	0	0	0	0	0	0	0	0	0	0	0	498	0	11748	596	39650	7320	0	0	1028	0	3616	0	0	4234	38570	5094	5456	272	2824	0	0	0	0	492	7722	5680	644	0	
172240	Cerebelum_7b_R	0	0	0	0	0	0	0	0	0	0	0	0	0	0	0	0	0	0	0	0	0	0	0	0	0	0	0	0	0	0	0	0	0	0	0	0	0	0	0	0	0	0	0	0	0	0	0	0	0	0	0	0	0	0	0	154	0	0	0	0	0	0	0	0	0	0	0	0	0	0	0	0	0	0	0	0	0	0	0	0	0	0	0	0	0	0	0	0	0	140	884	4724	5986	23702	0	0	0	0	0	688	4234	0	2932	26440	142	5280	0	256	0	0	0	0	5988	3870	700	0	
312532	Cerebelum_8_L	0	0	128	0	0	0	0	0	0	0	0	0	0	0	0	0	0	0	122	0	0	0	0	0	0	0	0	0	172	0	0	0	0	0	0	0	392	0	0	0	0	0	0	0	0	0	414	0	0	0	0	0	0	0	1818	0	0	0	0	0	0	0	0	0	0	0	0	0	0	0	0	0	216	0	0	0	0	0	0	0	0	0	0	0	0	0	0	0	642	0	13064	614	36640	6116	0	0	1794	104	3898	0	38570	2932	0	6282	17868	1542	5186	0	0	0	0	546	6782	7866	2558	0	
315004	Cerebelum_8_R	0	0	0	0	0	0	0	0	0	0	0	0	0	0	0	0	0	0	0	0	0	0	0	0	0	0	0	0	0	0	0	0	0	0	0	0	0	0	0	0	0	0	0	0	0	0	0	0	0	0	0	0	0	0	0	612	0	0	0	0	0	0	0	0	0	0	0	0	0	0	0	0	0	0	0	0	0	0	0	0	0	0	0	0	0	0	0	0	0	400	1266	20166	4298	40934	0	380	164	2062	0	5550	5094	26440	6282	0	774	19056	0	1758	0	0	452	308	8344	8916	4246	0	
120628	Cerebelum_9_L	0	0	0	0	0	0	0	0	0	0	0	0	0	0	0	0	0	0	0	0	0	0	0	0	0	0	0	0	0	0	0	0	0	0	0	0	0	0	0	0	0	0	0	0	0	0	240	0	0	0	0	0	0	0	0	0	0	0	0	0	0	0	0	0	0	0	0	0	0	0	0	0	0	0	0	0	0	0	0	0	0	0	0	0	0	0	0	0	0	0	1896	0	5132	202	740	248	5752	488	3740	458	5456	142	17868	774	0	1742	5106	0	374	434	2114	2540	236	1632	2272	728	
159104	Cerebelum_9_R	0	0	0	0	0	0	0	0	0	0	0	0	0	0	0	0	0	0	0	0	0	0	0	0	0	0	0	0	0	0	0	0	0	0	0	0	0	0	0	0	0	0	0	0	0	0	0	0	0	0	0	0	0	0	0	0	0	0	0	0	0	0	0	0	0	0	0	0	0	0	0	0	0	0	0	0	0	0	0	0	0	0	0	0	0	0	0	0	0	0	1342	3858	1076	7586	158	2000	1648	2692	2024	1984	272	5280	1542	19056	1742	0	0	2572	872	1946	1552	4378	2750	4562	7368	1292	
34508	Cerebelum_10_L	0	0	0	0	0	0	0	0	0	0	0	0	0	0	0	0	0	0	0	0	0	0	0	0	0	0	0	0	0	0	0	0	0	0	0	0	0	0	0	0	0	0	0	0	0	0	0	0	0	0	0	0	0	0	0	0	0	0	0	0	0	0	0	0	0	0	0	0	0	0	0	0	0	0	0	0	0	0	0	0	0	0	0	0	0	0	0	0	0	0	504	0	2916	0	0	0	352	0	366	0	2824	0	5186	0	5106	0	0	0	0	0	0	0	0	0	0	0	
14528	Cerebelum_10_R	0	0	0	0	0	0	0	0	0	0	0	0	0	0	0	0	0	0	0	0	0	0	0	0	0	0	0	0	0	0	0	0	0	0	0	0	0	0	0	0	0	0	0	0	0	0	0	0	0	0	0	0	0	0	0	0	0	0	0	0	0	0	0	0	0	0	0	0	0	0	0	0	0	0	0	0	0	0	0	0	0	0	0	0	0	0	0	0	0	0	0	1092	0	1326	0	0	0	0	0	260	0	256	0	1758	0	2572	0	0	0	0	0	0	0	0	0	0	
25768	Vermis_1_2	0	0	0	0	0	0	0	0	0	0	0	0	0	0	0	0	0	0	0	0	0	0	0	0	0	0	0	0	0	0	0	0	0	0	0	0	0	0	0	0	0	0	0	0	0	0	0	0	0	0	0	0	0	0	0	0	0	0	0	0	0	0	0	0	0	0	0	0	0	0	0	0	0	0	0	0	0	0	0	0	0	0	0	0	0	0	0	0	0	0	316	0	224	0	708	432	1388	0	760	98	0	0	0	0	374	872	0	0	0	3750	1702	954	306	348	652	0	
