data	data	534576	237260	944480	894460	170956	111800	457372	281404	94668	30968	145768	149660	208196	163088	171200	143904	182412	136364	875060	793060	80944	69396	376432	393416	29576	106592	62744	64412	478320	373088	396064	573308	158192	413144	230164	288952	279228	333908	79256	144020	52528	46440	249696	311956	160524	249616	196632	230892	150052	216020	467680	148040	125968	45092	303152	304284	246348	208564	234748	139812	154276	113900	93556	93352	101128	104268	325164	384724	157828	139140	310768	446212	374176	303476	81740	33628	267292	280684	76172	12568	181988	67388	83688	34308	366404	142412	19716	14484	238364	165784	333080	253876	182080	169312	31244	78644	224464	148312	319808	280812	129700	82328	180612	175672	94832	124668	8968	5612	35528	31504	141472	138252	107740	97488	90456	27564	
data	data	Precentral_L	Precentral_R	Frontal_Sup_L	Frontal_Sup_R	Frontal_Sup_Orb_L	Frontal_Sup_Orb_R	Frontal_Mid_L	Frontal_Mid_R	Frontal_Mid_Orb_L	Frontal_Mid_Orb_R	Frontal_Inf_Oper_L	Frontal_Inf_Oper_R	Frontal_Inf_Tri_L	Frontal_Inf_Tri_R	Frontal_Inf_Orb_L	Frontal_Inf_Orb_R	Rolandic_Oper_L	Rolandic_Oper_R	Supp_Motor_Area_L	Supp_Motor_Area_R	Olfactory_L	Olfactory_R	Frontal_Sup_Medial_L	Frontal_Sup_Medial_R	Frontal_Med_Orb_L	Frontal_Med_Orb_R	Rectus_L	Rectus_R	Insula_L	Insula_R	Cingulum_Ant_L	Cingulum_Ant_R	Cingulum_Mid_L	Cingulum_Mid_R	Cingulum_Post_L	Cingulum_Post_R	Hippocampus_L	Hippocampus_R	ParaHippocampal_L	ParaHippocampal_R	Amygdala_L	Amygdala_R	Calcarine_L	Calcarine_R	Cuneus_L	Cuneus_R	Lingual_L	Lingual_R	Occipital_Sup_L	Occipital_Sup_R	Occipital_Mid_L	Occipital_Mid_R	Occipital_Inf_L	Occipital_Inf_R	Fusiform_L	Fusiform_R	Postcentral_L	Postcentral_R	Parietal_Sup_L	Parietal_Sup_R	Parietal_Inf_L	Parietal_Inf_R	SupraMarginal_L	SupraMarginal_R	Angular_L	Angular_R	Precuneus_L	Precuneus_R	Paracentral_Lobule_L	Paracentral_Lobule_R	Caudate_L	Caudate_R	Putamen_L	Putamen_R	Pallidum_L	Pallidum_R	Thalamus_L	Thalamus_R	Heschl_L	Heschl_R	Temporal_Sup_L	Temporal_Sup_R	Temporal_Pole_Sup_L	Temporal_Pole_Sup_R	Temporal_Mid_L	Temporal_Mid_R	Temporal_Pole_Mid_L	Temporal_Pole_Mid_R	Temporal_Inf_L	Temporal_Inf_R	Cerebelum_Crus1_L	Cerebelum_Crus1_R	Cerebelum_Crus2_L	Cerebelum_Crus2_R	Cerebelum_3_L	Cerebelum_3_R	Cerebelum_4_5_L	Cerebelum_4_5_R	Cerebelum_6_L	Cerebelum_6_R	Cerebelum_7b_L	Cerebelum_7b_R	Cerebelum_8_L	Cerebelum_8_R	Cerebelum_9_L	Cerebelum_9_R	Cerebelum_10_L	Cerebelum_10_R	Vermis_1_2	Vermis_3	Vermis_4_5	Vermis_6	Vermis_7	Vermis_8	Vermis_9	Vermis_10	
534576	Precentral_L	0	4934	23214	4304	0	0	24608	1612	0	0	8704	746	2378	684	0	164	7012	102	22538	12062	0	0	152	636	0	0	0	0	7868	818	690	1370	1274	1912	13102	9150	6690	5296	558	564	0	0	994	0	1038	0	690	246	0	0	2494	0	518	0	1452	192	21544	478	670	0	2298	0	256	0	0	0	4500	514	11250	2482	7864	2500	6488	1326	4648	0	19258	7564	296	0	406	0	0	0	1410	0	0	0	770	0	0	0	0	0	0	0	0	0	0	0	0	0	0	0	0	0	0	0	0	0	0	0	0	0	0	0	
237260	Precentral_R	4934	0	998	7654	0	0	356	7046	0	0	0	6614	0	0	0	0	0	2846	1800	4706	0	0	0	0	0	0	0	0	176	4088	0	0	0	0	2220	6220	942	7250	0	736	0	0	0	1734	0	598	0	828	0	160	0	174	0	0	0	2604	0	16650	0	102	0	156	0	1388	0	0	0	3906	712	2866	426	4608	0	2970	0	0	4170	12398	0	160	0	230	0	0	0	750	0	0	0	2454	0	0	0	0	0	0	0	0	0	0	0	0	0	0	0	0	0	0	0	0	0	0	0	0	0	0	
944480	Frontal_Sup_L	23214	998	0	16498	10768	0	75570	2400	4326	0	9162	130	17124	0	8072	188	7360	588	100646	18314	0	0	39654	5916	1098	126	694	0	28518	670	20300	7444	5162	4056	726	540	3384	488	158	0	0	0	0	0	0	0	0	0	0	0	0	0	0	0	434	0	970	468	0	0	0	0	108	0	0	0	106	0	1314	0	10696	1096	25230	376	6530	124	8238	822	582	0	440	0	138	0	0	0	0	0	276	0	0	0	0	0	0	0	0	0	0	0	0	0	0	0	0	0	0	0	0	0	0	0	0	0	0	0	
894460	Frontal_Sup_R	4304	7654	16498	0	0	3980	3246	43618	0	0	104	9362	0	8980	0	5176	0	8734	27794	77896	638	170	13442	41254	0	3974	0	878	552	16628	8440	41088	2722	17106	772	1080	452	3952	0	758	0	0	0	140	0	0	0	0	0	0	0	0	0	0	0	584	154	2224	0	0	0	0	0	414	0	0	102	610	1816	0	4188	27682	874	15140	196	1354	1798	17862	0	0	0	0	0	390	0	144	0	0	0	306	0	0	0	0	0	0	0	0	0	0	0	0	0	0	0	0	0	0	0	0	0	0	0	0	0	0	
170956	Frontal_Sup_Orb_L	0	0	10768	0	0	0	2076	0	16370	0	0	0	934	0	17256	0	0	0	266	0	3856	0	3588	234	3660	0	7696	0	6192	0	4724	0	0	0	0	0	0	0	212	0	1918	0	0	0	0	0	0	0	0	0	0	0	0	0	0	0	0	0	0	0	0	0	0	0	0	0	0	0	0	0	662	0	3902	0	0	0	0	0	0	0	0	0	1164	0	0	0	0	0	0	0	0	0	0	0	0	0	0	0	0	0	0	0	0	0	0	0	0	0	0	0	0	0	0	0	0	0	
111800	Frontal_Sup_Orb_R	0	0	0	3980	0	0	0	1756	0	6160	0	110	0	362	0	3900	0	0	116	306	0	1792	838	6152	0	9436	0	8128	0	992	822	3902	0	0	0	0	0	0	0	130	0	346	0	0	0	0	0	0	0	0	0	0	0	0	0	0	0	0	0	0	0	0	0	0	0	0	0	0	0	0	358	4970	160	1062	0	0	0	122	0	0	0	0	0	0	0	0	0	0	0	0	0	0	0	0	0	0	0	0	0	0	0	0	0	0	0	0	0	0	0	0	0	0	0	0	0	0	
457372	Frontal_Mid_L	24608	356	75570	3246	2076	0	0	1770	4574	0	8120	940	26522	932	5608	222	1098	0	16630	1914	0	0	12654	1592	0	0	0	0	9174	1050	5012	1910	1162	648	490	500	1398	406	0	0	0	0	0	0	0	0	0	0	0	0	0	0	0	0	174	0	290	102	0	0	0	0	0	0	0	0	162	0	324	0	4366	1358	2762	556	178	0	6366	1494	0	0	188	0	0	0	0	0	0	0	184	0	0	0	0	0	0	0	0	0	0	0	0	0	0	0	0	0	0	0	0	0	0	0	0	0	0	0	
281404	Frontal_Mid_R	1612	7046	2400	43618	0	1756	1770	0	0	1814	0	7374	0	15058	0	8058	0	1556	2740	5494	0	0	736	4786	0	0	0	0	154	10286	1260	4624	278	1598	322	414	220	1824	0	210	0	0	0	0	0	0	0	0	0	0	0	0	0	0	0	108	0	598	0	0	0	0	0	178	0	0	0	0	0	0	734	2324	196	6720	0	284	908	1644	0	0	0	0	0	0	0	0	0	0	0	0	0	0	0	0	0	0	0	0	0	0	0	0	0	0	0	0	0	0	0	0	0	0	0	0	0	0	
94668	Frontal_Mid_Orb_L	0	0	4326	0	16370	0	4574	0	0	0	0	0	1530	0	14742	0	0	0	0	0	546	0	0	0	120	0	2074	0	786	0	154	0	0	0	0	0	0	0	0	0	484	0	0	0	0	0	0	0	0	0	0	0	0	0	0	0	0	0	0	0	0	0	0	0	0	0	0	0	0	0	0	0	694	0	0	0	0	0	0	0	0	0	934	0	0	0	0	0	0	0	0	0	0	0	0	0	0	0	0	0	0	0	0	0	0	0	0	0	0	0	0	0	0	0	0	0	
30968	Frontal_Mid_Orb_R	0	0	0	0	0	6160	0	1814	0	0	0	0	0	132	0	3262	0	0	0	0	0	0	0	190	0	662	0	1708	0	122	0	0	0	0	0	0	0	0	0	0	0	0	0	0	0	0	0	0	0	0	0	0	0	0	0	0	0	0	0	0	0	0	0	0	0	0	0	0	0	0	0	1076	0	358	0	0	0	0	0	0	0	0	0	0	0	0	0	0	0	0	0	0	0	0	0	0	0	0	0	0	0	0	0	0	0	0	0	0	0	0	0	0	0	0	0	0	
145768	Frontal_Inf_Oper_L	8704	0	9162	104	0	0	8120	0	0	0	0	0	11374	0	256	0	7746	0	7248	0	0	0	0	0	0	0	0	0	12818	0	380	0	0	0	140	0	354	0	0	0	0	0	0	0	0	0	0	0	0	0	0	0	0	0	0	0	1552	0	0	0	0	0	0	0	0	0	0	0	0	0	192	0	1302	0	0	0	0	0	0	0	1828	0	1114	0	490	0	0	0	0	0	0	0	0	0	0	0	0	0	0	0	0	0	0	0	0	0	0	0	0	0	0	0	0	0	0	0	
149660	Frontal_Inf_Oper_R	746	6614	130	9362	0	110	940	7374	0	0	0	0	0	9994	0	244	0	5162	1770	6932	0	0	0	254	0	0	0	0	0	12960	252	946	0	274	136	208	0	1322	0	208	0	0	0	0	0	0	0	0	0	0	0	0	0	0	0	170	0	734	0	0	0	0	0	0	0	0	0	0	0	0	494	638	0	5094	0	0	180	696	0	142	0	0	0	744	0	0	0	0	0	0	0	0	0	0	0	0	0	0	0	0	0	0	0	0	0	0	0	0	0	0	0	0	0	0	0	0	
208196	Frontal_Inf_Tri_L	2378	0	17124	0	934	0	26522	0	1530	0	11374	0	0	0	9778	0	1694	0	7308	0	0	0	1282	0	0	0	0	0	17804	0	862	124	128	0	0	0	238	0	0	0	0	0	0	0	0	0	0	0	0	0	0	0	0	0	150	0	138	0	0	0	0	0	0	0	0	0	0	0	0	0	354	0	2058	0	0	0	0	0	0	0	996	0	882	0	262	0	0	0	178	0	0	0	0	0	0	0	0	0	0	0	0	0	0	0	0	0	0	0	0	0	0	0	0	0	0	0	
163088	Frontal_Inf_Tri_R	684	0	0	8980	0	362	932	15058	0	132	0	9994	0	0	0	9098	0	386	926	2136	0	0	114	1984	0	160	0	0	0	20182	586	2404	0	808	0	108	0	632	0	0	0	0	0	0	0	0	0	0	0	0	0	0	0	0	0	0	0	0	0	0	0	0	0	0	0	0	0	0	0	0	572	926	166	3816	0	0	202	196	0	0	0	0	0	0	0	0	0	0	0	0	0	0	0	0	0	0	0	0	0	0	0	0	0	0	0	0	0	0	0	0	0	0	0	0	0	0	
171200	Frontal_Inf_Orb_L	0	0	8072	0	17256	0	5608	0	14742	0	256	0	9778	0	0	0	0	0	1058	0	3548	0	0	0	0	0	3034	0	11224	0	502	0	0	0	0	0	206	0	320	0	1472	0	0	0	0	0	0	0	0	0	0	0	0	0	0	0	0	0	0	0	0	0	0	0	0	0	0	0	0	0	650	0	5104	0	0	0	0	0	0	0	294	0	2324	0	152	0	0	0	0	0	0	0	0	0	0	0	0	0	0	0	0	0	0	0	0	0	0	0	0	0	0	0	0	0	0	0	
143904	Frontal_Inf_Orb_R	164	0	188	5176	0	3900	222	8058	0	3262	0	244	0	9098	0	0	0	208	594	1488	0	1976	1152	2954	0	0	0	1632	0	13908	370	1804	120	2804	0	0	0	286	0	374	0	602	0	0	0	0	0	0	0	0	0	0	0	0	0	0	0	0	0	0	0	0	0	0	0	0	0	0	0	0	224	5328	0	3454	0	0	114	526	0	0	0	634	0	1088	0	0	0	0	0	0	0	0	0	0	0	0	0	0	0	0	0	0	0	0	0	0	0	0	0	0	0	0	0	0	0	0	
182412	Rolandic_Oper_L	7012	0	7360	0	0	0	1098	0	0	0	7746	0	1694	0	0	0	0	0	5196	0	0	0	0	0	0	0	0	0	18096	0	0	0	0	0	314	286	790	286	0	0	0	0	298	0	0	0	0	0	0	0	976	0	296	0	802	0	8560	0	1406	0	2266	0	5358	0	354	0	674	0	236	0	0	0	1136	0	502	0	190	102	5442	0	7458	0	1396	0	3116	0	0	0	760	0	0	0	0	0	0	0	0	0	0	0	0	0	0	0	0	0	0	0	0	0	0	0	0	0	0	0	
136364	Rolandic_Oper_R	102	2846	588	8734	0	0	0	1556	0	0	0	5162	0	386	0	208	0	0	2626	7798	0	0	0	0	0	0	0	0	0	17158	116	292	0	288	0	122	0	1642	0	350	0	0	0	200	0	0	0	0	0	0	0	0	0	0	0	1428	0	4098	0	0	0	0	0	2936	0	0	0	312	0	0	112	522	0	2754	0	252	0	336	0	662	0	2120	0	1008	0	412	0	0	0	1056	0	0	0	0	0	0	0	0	0	0	0	0	0	0	0	0	0	0	0	0	0	0	0	0	0	0	
875060	Supp_Motor_Area_L	22538	1800	100646	27794	266	116	16630	2740	0	0	7248	1770	7308	926	1058	594	5196	2626	0	60758	0	0	11088	4246	0	0	0	0	18520	2672	10890	13212	12412	21484	2956	1304	3748	484	302	0	0	0	0	0	166	0	0	0	0	0	0	0	0	0	538	0	2032	766	0	0	0	0	108	0	0	0	280	156	9082	626	12300	6484	17100	1686	7246	686	13038	630	566	0	372	0	0	0	0	0	0	0	336	0	0	0	0	0	0	0	0	0	0	0	0	0	0	0	0	0	0	0	0	0	0	0	0	0	0	0	
793060	Supp_Motor_Area_R	12062	4706	18314	77896	0	306	1914	5494	0	0	0	6932	0	2136	0	1488	0	7798	60758	0	0	0	1954	7238	0	162	0	0	184	8748	5010	19740	6604	36596	3682	12992	304	2868	0	560	0	0	0	718	0	196	0	902	0	0	0	0	0	0	0	2044	696	2192	0	0	0	120	0	360	0	0	0	5572	10746	13042	1356	23656	356	7944	152	1714	1172	15292	0	0	0	0	0	364	0	116	0	0	0	1374	0	0	0	0	0	0	0	0	0	0	0	0	0	0	0	0	0	0	0	0	0	0	0	0	0	0	
80944	Olfactory_L	0	0	0	638	3856	0	0	0	546	0	0	0	0	0	3548	0	0	0	0	0	0	3306	0	654	134	0	2828	118	3732	0	2884	1490	0	0	0	0	0	0	446	0	3568	0	0	0	0	0	0	0	0	0	0	0	0	0	0	0	0	0	0	0	0	0	0	0	0	0	0	0	0	0	6590	2962	2766	0	0	0	0	0	0	0	0	0	406	0	0	0	0	0	0	0	0	0	0	0	0	0	0	0	0	0	0	0	0	0	0	0	0	0	0	0	0	0	0	0	0	0	
69396	Olfactory_R	0	0	0	170	0	1792	0	0	0	0	0	0	0	0	0	1976	0	0	0	0	3306	0	0	172	0	422	0	2808	198	2166	1442	2126	0	0	0	0	0	326	0	796	574	1486	0	0	0	0	0	0	0	0	0	0	0	0	0	0	0	0	0	0	0	0	0	0	0	0	0	0	0	0	5238	5364	3518	818	0	0	0	0	0	0	0	0	0	0	0	0	0	0	0	0	0	0	0	0	0	0	0	0	0	0	0	0	0	0	0	0	0	0	0	0	0	0	0	0	0	0	
376432	Frontal_Sup_Medial_L	152	0	39654	13442	3588	838	12654	736	0	0	0	0	1282	114	0	1152	0	0	11088	1954	0	0	0	26254	1424	1778	660	0	1928	294	25096	19082	4602	13656	0	0	0	0	0	0	0	0	0	0	0	0	0	0	0	0	0	0	0	0	0	0	0	0	0	0	0	0	0	0	0	0	0	0	0	0	1220	262	5198	108	0	0	0	0	0	0	0	0	0	0	0	0	0	0	0	0	0	0	0	0	0	0	0	0	0	0	0	0	0	0	0	0	0	0	0	0	0	0	0	0	0	0	
393416	Frontal_Sup_Medial_R	636	0	5916	41254	234	6152	1592	4786	0	190	0	254	0	1984	0	2954	0	0	4246	7238	654	172	26254	0	142	9732	164	1738	374	2708	8284	33090	788	16036	0	0	0	0	0	0	0	0	0	0	0	0	0	0	0	0	0	0	0	0	0	0	0	0	0	0	0	0	0	0	0	0	0	0	0	0	2976	11842	1162	2794	0	0	0	362	0	0	0	0	0	0	0	0	0	0	0	0	0	0	0	0	0	0	0	0	0	0	0	0	0	0	0	0	0	0	0	0	0	0	0	0	0	0	
29576	Frontal_Med_Orb_L	0	0	1098	0	3660	0	0	0	120	0	0	0	0	0	0	0	0	0	0	0	134	0	1424	142	0	272	2952	0	0	0	4232	146	0	0	0	0	0	0	0	0	0	0	0	0	0	0	0	0	0	0	0	0	0	0	0	0	0	0	0	0	0	0	0	0	0	0	0	0	0	0	294	0	314	0	0	0	0	0	0	0	0	0	0	0	0	0	0	0	0	0	0	0	0	0	0	0	0	0	0	0	0	0	0	0	0	0	0	0	0	0	0	0	0	0	0	0	
106592	Frontal_Med_Orb_R	0	0	126	3974	0	9436	0	0	0	662	0	0	0	160	0	0	0	0	0	162	0	422	1778	9732	272	0	0	7664	0	252	1846	8940	0	0	0	0	0	0	0	0	0	0	0	0	0	0	0	0	0	0	0	0	0	0	0	0	0	0	0	0	0	0	0	0	0	0	0	0	0	0	314	6264	172	1120	0	0	0	0	0	0	0	0	0	0	0	0	0	0	0	0	0	0	0	0	0	0	0	0	0	0	0	0	0	0	0	0	0	0	0	0	0	0	0	0	0	0	
62744	Rectus_L	0	0	694	0	7696	0	0	0	2074	0	0	0	0	0	3034	0	0	0	0	0	2828	0	660	164	2952	0	0	0	1648	0	4424	452	0	0	0	0	0	0	0	0	1768	0	0	0	0	0	0	0	0	0	0	0	0	0	0	0	0	0	0	0	0	0	0	0	0	0	0	0	0	0	1554	0	1232	0	0	0	0	0	0	0	0	0	192	0	0	0	0	0	0	0	0	0	0	0	0	0	0	0	0	0	0	0	0	0	0	0	0	0	0	0	0	0	0	0	0	0	
64412	Rectus_R	0	0	0	878	0	8128	0	0	0	1708	0	0	0	0	0	1632	0	0	0	0	118	2808	0	1738	0	7664	0	0	0	816	188	2844	0	0	0	0	0	0	0	284	0	542	0	0	0	0	0	0	0	0	0	0	0	0	0	0	0	0	0	0	0	0	0	0	0	0	0	0	0	0	142	2218	0	498	0	0	0	0	0	0	0	0	0	0	0	0	0	0	0	0	0	0	0	0	0	0	0	0	0	0	0	0	0	0	0	0	0	0	0	0	0	0	0	0	0	0	
478320	Insula_L	7868	176	28518	552	6192	0	9174	154	786	0	12818	0	17804	0	11224	0	18096	0	18520	184	3732	198	1928	374	0	0	1648	0	0	126	1956	740	800	0	2394	1914	12328	1906	1060	396	2802	0	702	0	0	0	206	220	0	0	1596	0	834	0	5350	0	6728	0	534	0	482	0	1336	0	0	0	1382	0	0	0	2026	580	16498	196	252	0	1908	714	9668	0	8370	0	2314	0	4842	0	0	0	5806	0	0	0	0	0	0	0	102	0	146	0	0	0	0	0	0	0	0	0	0	0	0	0	0	0	0	0	
373088	Insula_R	818	4088	670	16628	0	992	1050	10286	0	122	0	12960	0	20182	0	13908	0	17158	2672	8748	0	2166	294	2708	0	252	0	816	126	0	674	3642	0	1358	180	406	144	9240	0	3902	0	2570	0	238	0	0	0	0	0	0	0	0	0	0	0	6128	0	2554	0	0	0	0	0	102	0	0	0	296	0	0	1080	3026	190	19082	0	154	330	788	0	1472	0	3560	0	2564	0	2084	0	140	0	3996	0	0	0	0	0	0	0	0	0	0	0	0	0	0	0	0	0	0	0	0	0	0	0	0	0	0	
396064	Cingulum_Ant_L	690	0	20300	8440	4724	822	5012	1260	154	0	380	252	862	586	502	370	0	116	10890	5010	2884	1442	25096	8284	4232	1846	4424	188	1956	674	0	29834	8802	7756	908	0	0	0	0	0	972	0	0	0	0	0	0	0	0	0	0	0	0	0	0	0	0	0	0	0	0	0	0	0	0	0	0	0	0	0	13020	7660	13870	2910	0	0	608	296	0	0	0	0	0	0	0	0	0	0	0	0	0	0	0	0	0	0	0	0	0	0	0	0	0	0	0	0	0	0	0	0	0	0	0	0	0	0	
573308	Cingulum_Ant_R	1370	0	7444	41088	0	3902	1910	4624	0	0	0	946	124	2404	0	1804	0	292	13212	19740	1490	2126	19082	33090	146	8940	452	2844	740	3642	29834	0	4710	24970	110	0	0	0	0	0	208	0	0	0	0	0	0	0	0	0	0	0	0	0	0	0	160	0	0	0	0	0	0	0	0	0	0	0	0	0	7884	30088	3672	12002	0	0	694	910	0	0	0	0	0	0	0	0	0	0	0	0	0	0	0	0	0	0	0	0	0	0	0	0	0	0	0	0	0	0	0	0	0	0	0	0	0	0	
158192	Cingulum_Mid_L	1274	0	5162	2722	0	0	1162	278	0	0	0	0	128	0	0	120	0	0	12412	6604	0	0	4602	788	0	0	0	0	800	0	8802	4710	0	12524	4212	986	0	0	0	0	0	0	106	0	1242	182	0	0	0	0	0	0	0	0	0	0	1680	0	0	0	0	0	0	0	0	0	2970	528	4034	404	0	0	344	0	0	0	320	0	0	0	0	0	0	0	0	0	0	0	0	0	0	0	0	0	0	0	0	0	0	0	0	0	0	0	0	0	0	0	0	0	0	0	0	0	0	0	
413144	Cingulum_Mid_R	1912	0	4056	17106	0	0	648	1598	0	0	0	274	0	808	0	2804	0	288	21484	36596	0	0	13656	16036	0	0	0	0	0	1358	7756	24970	12524	0	1408	10942	0	0	0	0	0	0	0	1824	0	1344	0	1854	0	0	0	186	0	0	0	0	192	1392	0	0	0	0	0	0	0	0	572	9154	3486	9150	0	376	0	408	0	0	0	0	0	0	0	0	0	0	0	0	0	0	0	0	0	0	0	0	0	0	0	0	0	0	0	0	0	0	0	0	0	0	0	0	410	0	0	0	0	0	
230164	Cingulum_Post_L	13102	2220	726	772	0	0	490	322	0	0	140	136	0	0	0	0	314	0	2956	3682	0	0	0	0	0	0	0	0	2394	180	908	110	4212	1408	0	13178	11526	8370	1540	1098	0	0	2694	0	2350	0	2294	732	0	0	0	0	130	0	598	218	4756	158	0	0	0	0	0	0	0	0	9356	698	8128	1754	0	0	152	778	0	0	4682	4722	786	0	172	0	0	0	140	0	0	0	0	0	0	0	0	0	0	0	0	0	0	0	0	0	0	0	0	0	0	0	0	0	0	0	0	0	0	0	
288952	Cingulum_Post_R	9150	6220	540	1080	0	0	500	414	0	0	0	208	0	108	0	0	286	122	1304	12992	0	0	0	0	0	0	0	0	1914	406	0	0	986	10942	13178	0	7114	13090	770	2242	0	0	0	3696	0	252	348	5370	0	0	0	0	0	0	392	1058	814	1214	0	0	0	0	0	0	0	0	392	13616	1482	11072	120	772	176	1194	0	0	8490	8820	406	0	0	0	0	0	104	0	0	0	0	842	0	0	0	0	0	0	0	0	0	0	0	0	0	0	0	0	0	0	0	0	280	0	0	0	0	0	
279228	Hippocampus_L	6690	942	3384	452	0	0	1398	220	0	0	354	0	238	0	206	0	790	0	3748	304	0	0	0	0	0	0	0	0	12328	144	0	0	0	0	11526	7114	0	6868	10634	966	5340	0	1360	0	0	0	4078	714	0	0	232	0	494	0	16204	136	1544	128	0	0	388	0	634	0	0	0	4374	464	0	0	0	0	8972	612	1022	0	7504	2996	3332	0	1276	0	714	0	432	0	0	0	5370	0	548	0	238	0	0	0	1242	0	960	0	0	0	0	0	0	0	0	0	0	0	0	0	0	0	0	0	
333908	Hippocampus_R	5296	7250	488	3952	0	0	406	1824	0	0	0	1322	0	632	0	286	286	1642	484	2868	0	326	0	0	0	0	0	0	1906	9240	0	0	0	0	8370	13090	6868	0	734	22436	0	7216	0	1274	0	0	330	4340	0	0	0	0	0	0	388	22316	354	1180	0	0	0	0	0	112	0	0	0	3926	0	276	0	178	160	12496	0	446	6274	10342	406	478	0	570	0	132	102	240	0	0	0	3466	0	0	0	0	0	0	0	144	0	0	0	0	0	0	0	0	0	0	0	0	102	0	0	0	0	0	
79256	ParaHippocampal_L	558	0	158	0	212	0	0	0	0	0	0	0	0	0	320	0	0	0	302	0	446	0	0	0	0	0	0	0	1060	0	0	0	0	0	1540	770	10634	734	0	0	1074	0	308	0	0	0	3372	0	0	0	0	0	0	0	6550	0	170	0	0	0	0	0	0	0	0	0	888	124	0	0	0	0	1146	0	0	0	1242	234	0	0	0	0	834	0	0	0	440	0	260	0	960	0	380	0	282	220	2368	0	1784	0	0	0	132	0	0	0	0	0	0	126	0	0	0	0	0	0	
144020	ParaHippocampal_R	564	736	0	758	0	130	0	210	0	0	0	208	0	0	0	374	0	350	0	560	0	796	0	0	0	0	0	284	396	3902	0	0	0	0	1098	2242	966	22436	0	0	0	4428	0	504	0	0	0	3164	0	0	0	0	0	0	138	13088	0	374	0	0	0	0	0	0	0	0	0	1288	0	0	0	0	0	4976	0	412	1346	3704	0	200	0	140	0	776	0	0	0	294	0	880	0	0	0	0	0	0	0	288	0	0	0	0	0	0	0	0	0	0	0	0	0	0	0	0	0	0	
52528	Amygdala_L	0	0	0	0	1918	0	0	0	484	0	0	0	0	0	1472	0	0	0	0	0	3568	574	0	0	0	0	1768	0	2802	0	972	208	0	0	0	0	5340	0	1074	0	0	0	0	0	0	0	0	0	0	0	0	0	0	0	1652	0	0	0	0	0	0	0	0	0	0	0	0	0	0	0	1378	536	1666	0	0	0	0	0	0	0	0	0	404	0	0	0	0	0	448	0	0	0	0	0	0	0	0	0	0	0	0	0	0	0	0	0	0	0	0	0	0	0	0	0	0	0	
46440	Amygdala_R	0	0	0	0	0	346	0	0	0	0	0	0	0	0	0	602	0	0	0	0	0	1486	0	0	0	0	0	542	0	2570	0	0	0	0	0	0	0	7216	0	4428	0	0	0	0	0	0	0	0	0	0	0	0	0	0	0	4002	0	0	0	0	0	0	0	0	0	0	0	0	0	0	0	0	0	1142	0	0	0	0	0	0	0	0	0	886	0	0	0	0	0	0	0	0	0	0	0	0	0	0	0	0	0	0	0	0	0	0	0	0	0	0	0	0	0	0	0	0	
249696	Calcarine_L	994	0	0	0	0	0	0	0	0	0	0	0	0	0	0	0	298	0	0	0	0	0	0	0	0	0	0	0	702	0	0	0	106	0	2694	0	1360	0	308	0	0	0	0	3776	10864	1280	14574	1346	10614	184	34460	0	9420	176	2488	274	2766	0	2070	0	314	0	0	0	444	0	15516	0	968	0	0	0	0	0	0	0	0	0	372	0	160	0	0	0	4314	0	0	0	2006	0	0	0	0	0	0	0	0	0	0	0	0	0	0	0	0	0	0	0	0	0	0	0	0	0	0	0	
311956	Calcarine_R	0	1734	0	140	0	0	0	0	0	0	0	0	0	0	0	0	0	200	0	718	0	0	0	0	0	0	0	0	0	238	0	0	0	1824	0	3696	0	1274	0	504	0	0	3776	0	1702	28222	896	19856	0	17760	0	10742	0	6126	0	8096	0	5324	0	1356	0	1030	0	200	0	288	660	25996	0	3020	0	0	0	0	0	0	0	0	0	0	0	0	0	0	0	4900	0	0	0	5212	0	0	0	0	0	0	0	0	0	0	0	0	0	0	0	0	0	0	0	0	488	0	0	0	0	0	
160524	Cuneus_L	1038	0	0	0	0	0	0	0	0	0	0	0	0	0	0	0	0	0	166	0	0	0	0	0	0	0	0	0	0	0	0	0	1242	0	2350	0	0	0	0	0	0	0	10864	1702	0	3124	456	0	17058	414	14488	0	322	0	534	0	3508	0	3256	0	0	0	0	0	394	0	14086	852	2744	0	0	0	0	0	0	0	0	0	0	0	0	0	0	0	1260	0	0	0	404	0	0	0	0	0	0	0	0	0	0	0	0	0	0	0	0	0	0	0	0	0	0	0	0	0	0	0	
249616	Cuneus_R	0	598	0	0	0	0	0	0	0	0	0	0	0	0	0	0	0	0	0	196	0	0	0	0	0	0	0	0	0	0	0	0	182	1344	0	252	0	0	0	0	0	0	1280	28222	3124	0	0	3064	0	29524	0	4570	0	222	0	964	0	4560	0	9246	0	1260	0	196	0	542	2652	28702	0	860	0	0	0	0	0	0	0	0	0	0	0	0	0	0	0	1980	0	0	0	1268	0	0	0	0	0	0	0	0	0	0	0	0	0	0	0	0	0	0	0	0	0	0	0	0	0	0	
196632	Lingual_L	690	0	0	0	0	0	0	0	0	0	0	0	0	0	0	0	0	0	0	0	0	0	0	0	0	0	0	0	206	0	0	0	0	0	2294	348	4078	330	3372	0	0	0	14574	896	456	0	0	1426	440	0	12328	0	8870	0	11310	202	340	0	0	0	0	0	0	0	0	0	3634	104	130	0	0	0	242	0	0	0	398	0	136	0	0	0	0	0	0	0	0	0	110	0	6124	0	0	0	0	172	7566	772	10228	918	0	0	238	0	0	160	0	0	170	230	3534	990	0	0	112	188	
230892	Lingual_R	246	828	0	0	0	0	0	0	0	0	0	0	0	0	0	0	0	0	0	902	0	0	0	0	0	0	0	0	220	0	0	0	0	1854	732	5370	714	4340	0	3164	0	0	1346	19856	0	3064	1426	0	0	4296	0	2678	148	3128	436	14398	0	968	0	0	0	0	0	0	0	0	0	9654	142	2858	0	0	0	0	0	0	816	910	0	0	0	0	0	0	0	0	0	0	0	194	512	2856	130	0	114	206	2080	4950	1896	9050	0	0	0	0	230	210	0	0	0	0	3866	4176	212	0	0	270	
150052	Occipital_Sup_L	0	0	0	0	0	0	0	0	0	0	0	0	0	0	0	0	0	0	0	0	0	0	0	0	0	0	0	0	0	0	0	0	0	0	0	0	0	0	0	0	0	0	10614	0	17058	0	440	0	0	0	26952	0	222	0	0	0	112	0	10424	0	396	0	0	0	534	0	6982	0	0	0	0	0	0	0	0	0	0	0	0	0	0	0	0	0	1292	0	0	0	0	0	0	0	0	0	0	0	0	0	0	0	0	0	0	0	0	0	0	0	0	0	0	0	0	0	0	0	
216020	Occipital_Sup_R	0	160	0	0	0	0	0	0	0	0	0	0	0	0	0	0	0	0	0	0	0	0	0	0	0	0	0	0	0	0	0	0	0	0	0	0	0	0	0	0	0	0	184	17760	414	29524	0	4296	0	0	0	13000	0	452	0	1640	0	1376	0	15774	0	3784	0	0	0	6126	168	12694	0	0	0	0	0	0	0	0	0	0	0	0	0	0	0	0	0	658	0	0	0	0	0	0	0	0	0	0	0	0	0	0	0	0	0	0	0	0	0	0	0	0	0	0	0	0	0	0	
467680	Occipital_Mid_L	2494	0	0	0	0	0	0	0	0	0	0	0	0	0	0	0	976	0	0	0	0	0	0	0	0	0	0	0	1596	0	0	0	0	0	0	0	232	0	0	0	0	0	34460	0	14488	0	12328	0	26952	0	0	0	18472	0	3038	0	3404	0	25496	0	9514	0	626	0	12052	0	21064	0	728	0	0	0	0	0	0	0	0	0	836	0	1550	0	0	0	33772	0	0	0	9594	0	168	0	0	0	0	0	0	0	0	0	0	0	0	0	0	0	0	0	0	0	0	0	0	0	0	0	
148040	Occipital_Mid_R	0	174	0	0	0	0	0	0	0	0	0	0	0	0	0	0	0	0	0	0	0	0	0	0	0	0	0	0	0	0	0	0	0	186	0	0	0	0	0	0	0	0	0	10742	0	4570	0	2678	0	13000	0	0	0	4120	0	1452	0	1178	0	2968	0	4270	0	1136	0	11454	122	4396	0	336	0	0	0	0	0	0	0	0	0	0	0	222	0	0	0	7896	0	0	0	2974	0	0	0	0	0	0	0	0	0	0	0	0	0	0	0	0	0	0	0	0	146	0	0	0	0	0	
125968	Occipital_Inf_L	518	0	0	0	0	0	0	0	0	0	0	0	0	0	0	0	296	0	0	0	0	0	0	0	0	0	0	0	834	0	0	0	0	0	130	0	494	0	0	0	0	0	9420	0	322	0	8870	148	222	0	18472	0	0	0	8038	0	600	0	0	0	0	0	0	0	0	0	2066	0	0	0	0	0	0	0	0	0	0	0	1464	0	614	0	0	0	3866	0	0	0	4822	0	546	0	0	0	0	0	350	132	486	0	0	0	0	0	0	0	0	0	0	0	274	0	0	0	0	0	
45092	Occipital_Inf_R	0	0	0	0	0	0	0	0	0	0	0	0	0	0	0	0	0	0	0	0	0	0	0	0	0	0	0	0	0	0	0	0	0	0	0	0	0	0	0	0	0	0	176	6126	0	222	0	3128	0	452	0	4120	0	0	0	4232	0	0	0	0	0	0	0	0	0	0	0	634	0	0	0	0	0	0	0	0	0	0	0	0	0	0	0	0	0	736	0	0	0	2720	0	0	0	0	0	0	0	0	0	0	0	0	0	0	0	0	0	0	0	0	0	0	0	0	0	0	
303152	Fusiform_L	1452	0	434	0	0	0	174	0	0	0	0	0	150	0	0	0	802	0	538	0	0	0	0	0	0	0	0	0	5350	0	0	0	0	0	598	392	16204	388	6550	138	1652	0	2488	0	534	0	11310	436	0	0	3038	0	8038	0	0	0	772	0	0	0	544	0	1216	0	0	0	1754	0	412	0	0	0	2368	0	0	0	500	138	2210	0	2738	0	4684	0	3122	0	494	0	18198	0	14896	0	776	0	0	0	11666	300	20726	216	328	0	636	0	258	0	0	0	0	0	1666	292	0	0	0	0	
304284	Fusiform_R	192	2604	0	584	0	0	0	108	0	0	0	170	0	0	0	0	0	1428	0	2044	0	0	0	0	0	0	0	0	0	6128	0	0	0	0	218	1058	136	22316	0	13088	0	4002	274	8096	0	964	202	14398	0	1640	0	1452	0	4232	0	0	0	668	0	0	0	0	0	430	0	0	0	2158	0	1278	0	0	0	3934	0	276	184	1682	0	420	0	1246	0	3434	0	1566	0	2014	0	16824	222	7144	0	386	0	0	438	6168	594	11586	0	0	0	0	0	0	0	0	0	0	1296	2438	422	0	0	0	
246348	Postcentral_L	21544	0	970	154	0	0	290	0	0	0	1552	0	138	0	0	0	8560	0	2032	696	0	0	0	0	0	0	0	0	6728	0	0	160	1680	192	4756	814	1544	354	170	0	0	0	2766	0	3508	0	340	0	112	0	3404	0	600	0	772	0	0	0	5202	0	13494	0	8224	0	452	0	7240	0	10520	466	676	216	1696	0	336	0	924	798	4128	0	2422	0	0	0	1900	0	0	0	644	0	0	0	0	0	0	0	0	0	0	0	0	0	0	0	0	0	0	0	0	0	0	0	0	0	0	0	
208564	Postcentral_R	478	16650	468	2224	0	0	102	598	0	0	0	734	0	0	0	0	0	4098	766	2192	0	0	0	0	0	0	0	0	0	2554	0	0	0	1392	158	1214	128	1180	0	374	0	0	0	5324	0	4560	0	968	0	1376	0	1178	0	0	0	668	0	0	0	6424	0	10110	0	12904	0	1478	0	15724	172	3536	0	104	0	1426	0	0	176	830	0	0	0	176	0	0	0	780	0	0	0	700	0	0	0	0	0	0	0	0	0	0	0	0	0	0	0	0	0	0	0	0	358	0	0	0	0	0	
234748	Parietal_Sup_L	670	0	0	0	0	0	0	0	0	0	0	0	0	0	0	0	1406	0	0	0	0	0	0	0	0	0	0	0	534	0	0	0	0	0	0	0	0	0	0	0	0	0	2070	0	3256	0	0	0	10424	0	25496	0	0	0	0	0	5202	0	0	0	13132	0	2268	0	6274	0	24000	0	1226	0	0	0	0	0	0	0	0	0	0	0	2610	0	0	0	15558	0	0	0	3248	0	0	0	0	0	0	0	0	0	0	0	0	0	0	0	0	0	0	0	0	0	0	0	0	0	0	0	
139812	Parietal_Sup_R	0	102	0	0	0	0	0	0	0	0	0	0	0	0	0	0	0	0	0	0	0	0	0	0	0	0	0	0	0	0	0	0	0	0	0	0	0	0	0	0	0	0	0	1356	0	9246	0	0	0	15774	0	2968	0	0	0	0	0	6424	0	0	0	9558	0	2112	0	7358	150	14582	0	174	0	0	0	0	0	0	0	0	0	0	0	0	0	0	0	102	0	0	0	0	0	0	0	0	0	0	0	0	0	0	0	0	0	0	0	0	0	0	0	0	0	0	0	0	0	0	
154276	Parietal_Inf_L	2298	0	0	0	0	0	0	0	0	0	0	0	0	0	0	0	2266	0	0	0	0	0	0	0	0	0	0	0	482	0	0	0	0	0	0	0	388	0	0	0	0	0	314	0	0	0	0	0	396	0	9514	0	0	0	544	0	13494	0	13132	0	0	0	10870	0	14814	0	1826	0	334	0	0	0	0	0	0	0	0	0	0	0	2156	0	0	0	4108	0	0	0	202	0	0	0	0	0	0	0	0	0	0	0	0	0	0	0	0	0	0	0	0	0	0	0	0	0	0	0	
113900	Parietal_Inf_R	0	156	0	0	0	0	0	0	0	0	0	0	0	0	0	0	0	0	0	120	0	0	0	0	0	0	0	0	0	0	0	0	0	0	0	0	0	0	0	0	0	0	0	1030	0	1260	0	0	0	3784	0	4270	0	0	0	0	0	10110	0	9558	0	0	0	10524	0	12210	0	3416	0	0	0	0	0	0	0	0	0	0	0	0	0	0	0	0	0	216	0	0	0	296	0	0	0	0	0	0	0	0	0	0	0	0	0	0	0	0	0	0	0	0	0	0	0	0	0	0	
93556	SupraMarginal_L	256	0	108	0	0	0	0	0	0	0	0	0	0	0	0	0	5358	0	108	0	0	0	0	0	0	0	0	0	1336	0	0	0	0	0	0	0	634	0	0	0	0	0	0	0	0	0	0	0	0	0	626	0	0	0	1216	0	8224	0	2268	0	10870	0	0	0	3502	0	1376	0	180	0	0	0	0	0	0	0	0	0	1030	0	5490	0	0	0	4196	0	0	0	0	0	0	0	0	0	0	0	0	0	0	0	0	0	0	0	0	0	0	0	0	0	0	0	0	0	0	0	
93352	SupraMarginal_R	0	1388	0	414	0	0	0	178	0	0	0	0	0	0	0	0	0	2936	0	360	0	0	0	0	0	0	0	0	0	102	0	0	0	0	0	0	0	112	0	0	0	0	0	200	0	196	0	0	0	0	0	1136	0	0	0	430	0	12904	0	2112	0	10524	0	0	0	6024	0	2332	0	0	0	0	0	0	0	0	0	0	0	0	0	2346	0	0	0	1592	0	0	0	1390	0	0	0	0	0	0	0	0	0	0	0	0	0	0	0	0	0	0	0	0	0	0	0	0	0	0	
101128	Angular_L	0	0	0	0	0	0	0	0	0	0	0	0	0	0	0	0	354	0	0	0	0	0	0	0	0	0	0	0	0	0	0	0	0	0	0	0	0	0	0	0	0	0	444	0	394	0	0	0	534	0	12052	0	0	0	0	0	452	0	6274	0	14814	0	3502	0	0	0	2092	0	0	0	0	0	0	0	0	0	0	0	0	0	808	0	0	0	8844	0	0	0	0	0	0	0	0	0	0	0	0	0	0	0	0	0	0	0	0	0	0	0	0	0	0	0	0	0	0	0	
104268	Angular_R	0	0	0	0	0	0	0	0	0	0	0	0	0	0	0	0	0	0	0	0	0	0	0	0	0	0	0	0	0	0	0	0	0	0	0	0	0	0	0	0	0	0	0	288	0	542	0	0	0	6126	0	11454	0	0	0	0	0	1478	0	7358	0	12210	0	6024	0	0	0	368	0	0	0	0	0	0	0	0	0	0	0	0	0	2412	0	0	0	3580	0	0	0	294	0	0	0	0	0	0	0	0	0	0	0	0	0	0	0	0	0	0	0	0	0	0	0	0	0	0	
325164	Precuneus_L	4500	0	106	102	0	0	162	0	0	0	0	0	0	0	0	0	674	0	280	0	0	0	0	0	0	0	0	0	1382	0	0	0	2970	572	9356	392	4374	0	888	0	0	0	15516	660	14086	2652	3634	0	6982	168	21064	122	2066	0	1754	0	7240	0	24000	150	1826	0	1376	0	2092	0	0	4586	5578	0	102	104	0	0	0	0	0	0	634	0	1864	0	0	0	14856	0	0	0	3712	0	0	0	0	0	0	0	0	0	0	0	0	0	0	0	0	0	0	0	0	0	0	0	0	0	0	0	
384724	Precuneus_R	514	3906	0	610	0	0	0	0	0	0	0	0	0	0	0	0	0	312	156	5572	0	0	0	0	0	0	0	0	0	296	0	0	528	9154	698	13616	464	3926	124	1288	0	0	0	25996	852	28702	104	9654	0	12694	0	4396	0	634	0	2158	0	15724	0	14582	0	3416	0	2332	0	368	4586	0	524	11552	0	0	104	0	0	0	702	650	0	0	0	312	0	0	0	3678	0	0	0	4738	0	0	0	0	0	0	0	0	0	0	0	0	0	0	0	0	0	0	0	0	2740	0	0	0	0	0	
157828	Paracentral_Lobule_L	11250	712	1314	1816	0	0	324	0	0	0	0	0	0	0	0	0	236	0	9082	10746	0	0	0	0	0	0	0	0	0	0	0	0	4034	3486	8128	1482	0	0	0	0	0	0	968	0	2744	0	130	142	0	0	728	0	0	0	412	0	10520	172	1226	0	334	0	180	0	0	0	5578	524	0	2332	0	0	0	0	0	0	0	0	0	0	0	0	0	0	314	0	0	0	0	0	0	0	0	0	0	0	0	0	0	0	0	0	0	0	0	0	0	0	0	0	0	0	0	0	0	0	
139140	Paracentral_Lobule_R	2482	2866	0	0	0	0	0	0	0	0	0	0	0	0	0	0	0	0	626	13042	0	0	0	0	0	0	0	0	0	0	0	0	404	9150	1754	11072	0	276	0	0	0	0	0	3020	0	860	0	2858	0	0	0	336	0	0	0	1278	466	3536	0	174	0	0	0	0	0	0	0	11552	2332	0	0	0	0	0	0	0	0	0	0	0	0	0	0	0	0	132	0	0	0	954	0	0	0	0	0	0	0	0	0	0	0	0	0	0	0	0	0	0	0	0	400	0	0	0	0	0	
310768	Caudate_L	7864	426	10696	4188	662	358	4366	734	0	0	192	494	354	572	650	224	0	112	12300	1356	6590	5238	1220	2976	294	314	1554	142	2026	1080	13020	7884	0	0	0	120	0	0	0	0	1378	0	0	0	0	0	0	0	0	0	0	0	0	0	0	0	676	0	0	0	0	0	0	0	0	0	102	0	0	0	0	15892	26650	1840	5448	2072	10606	2714	0	0	0	0	0	0	0	0	0	0	0	0	0	0	0	0	0	0	0	0	0	0	0	0	0	0	0	0	0	0	0	0	0	0	0	0	0	0	
446212	Caudate_R	2500	4608	1096	27682	0	4970	1358	2324	0	1076	0	638	0	926	0	5328	0	522	6484	23656	2962	5364	262	11842	0	6264	0	2218	580	3026	7660	30088	0	376	0	772	0	178	0	0	536	0	0	0	0	0	0	0	0	0	0	0	0	0	0	0	216	104	0	0	0	0	0	0	0	0	104	0	0	0	15892	0	7000	19762	2194	3320	2704	16514	0	0	0	0	0	0	0	0	0	0	0	0	0	0	0	0	0	0	0	0	0	0	0	0	0	0	0	0	0	0	0	0	0	0	0	0	0	0	
374176	Putamen_L	6488	0	25230	874	3902	160	2762	196	694	0	1302	0	2058	166	5104	0	1136	0	17100	356	2766	3518	5198	1162	314	172	1232	0	16498	190	13870	3672	344	0	152	176	8972	160	1146	0	1666	0	0	0	0	0	242	0	0	0	0	0	0	0	2368	0	1696	0	0	0	0	0	0	0	0	0	0	104	0	0	26650	7000	0	1314	7918	1764	6352	556	0	0	568	0	478	0	0	0	0	0	1066	0	0	0	0	0	0	0	144	0	132	0	0	0	0	0	0	0	0	0	0	0	0	0	0	0	0	0	
303476	Putamen_R	1326	2970	376	15140	0	1062	556	6720	0	358	0	5094	0	3816	0	3454	0	2754	1686	7944	0	818	108	2794	0	1120	0	498	196	19082	2910	12002	0	408	778	1194	612	12496	0	4976	0	1142	0	0	0	0	0	0	0	0	0	0	0	0	0	3934	0	1426	0	0	0	0	0	0	0	0	0	0	0	0	1840	19762	1314	0	472	2756	980	3872	0	236	0	220	0	0	0	0	0	0	0	536	0	0	0	0	0	0	0	0	0	0	0	0	0	0	0	0	0	0	0	0	0	0	0	0	0	0	
81740	Pallidum_L	4648	0	6530	196	0	0	178	0	0	0	0	0	0	0	0	0	502	0	7246	152	0	0	0	0	0	0	0	0	252	0	0	0	0	0	0	0	1022	0	0	0	0	0	0	0	0	0	0	0	0	0	0	0	0	0	0	0	336	0	0	0	0	0	0	0	0	0	0	0	0	0	5448	2194	7918	472	0	1200	2432	144	0	0	0	0	0	0	0	0	0	0	0	0	0	0	0	0	0	0	0	0	0	0	0	0	0	0	0	0	0	0	0	0	0	0	0	0	0	0	
33628	Pallidum_R	0	0	124	1354	0	0	0	284	0	0	0	0	0	0	0	0	0	252	686	1714	0	0	0	0	0	0	0	0	0	154	0	0	0	0	0	0	0	446	0	412	0	0	0	0	0	0	0	0	0	0	0	0	0	0	0	276	0	0	0	0	0	0	0	0	0	0	0	0	0	0	2072	3320	1764	2756	1200	0	0	0	0	0	0	0	0	0	0	0	0	0	0	0	0	0	0	0	0	0	0	0	0	0	0	0	0	0	0	0	0	0	0	0	0	0	0	0	0	0	
267292	Thalamus_L	19258	4170	8238	1798	0	0	6366	908	0	0	0	180	0	202	0	114	190	0	13038	1172	0	0	0	0	0	0	0	0	1908	330	608	694	320	0	4682	8490	7504	6274	1242	1346	0	0	0	0	0	0	398	816	0	0	0	0	0	0	500	184	924	176	0	0	0	0	0	0	0	0	0	702	0	0	10606	2704	6352	980	2432	0	0	17644	0	0	0	0	0	0	0	0	0	0	196	0	0	0	0	0	0	0	0	0	0	0	0	0	0	0	0	0	0	0	0	0	0	0	0	0	0	0	
280684	Thalamus_R	7564	12398	822	17862	0	122	1494	1644	0	0	0	696	0	196	0	526	102	336	630	15292	0	0	0	362	0	0	0	0	714	788	296	910	0	0	4722	8820	2996	10342	234	3704	0	0	0	0	0	0	0	910	0	0	0	0	0	0	138	1682	798	830	0	0	0	0	0	0	0	0	0	650	0	0	2714	16514	556	3872	144	0	17644	0	0	0	0	0	0	0	0	0	0	0	0	318	0	0	0	0	0	0	0	0	0	0	0	0	0	0	0	0	0	0	0	0	0	0	0	0	0	0	
76172	Heschl_L	296	0	582	0	0	0	0	0	0	0	0	0	0	0	0	0	5442	0	566	0	0	0	0	0	0	0	0	0	9668	0	0	0	0	0	786	406	3332	406	0	0	0	0	372	0	0	0	136	0	0	0	836	0	1464	0	2210	0	4128	0	0	0	0	0	1030	0	0	0	634	0	0	0	0	0	0	0	0	0	0	0	0	0	2764	0	0	0	2266	0	0	0	762	0	0	0	0	0	0	0	0	0	0	0	0	0	0	0	0	0	0	0	0	0	0	0	0	0	0	0	
12568	Heschl_R	0	160	0	0	0	0	0	0	0	0	0	142	0	0	0	0	0	662	0	0	0	0	0	0	0	0	0	0	0	1472	0	0	0	0	0	0	0	478	0	200	0	0	0	0	0	0	0	0	0	0	0	0	0	0	0	420	0	0	0	0	0	0	0	0	0	0	0	0	0	0	0	0	0	236	0	0	0	0	0	0	0	1860	0	0	0	518	0	0	0	136	0	0	0	0	0	0	0	0	0	0	0	0	0	0	0	0	0	0	0	0	0	0	0	0	0	0	
181988	Temporal_Sup_L	406	0	440	0	0	0	188	0	0	0	1828	0	996	0	294	0	7458	0	372	0	0	0	0	0	0	0	0	0	8370	0	0	0	0	0	172	0	1276	0	0	0	0	0	160	0	0	0	0	0	0	0	1550	0	614	0	2738	0	2422	0	2610	0	2156	0	5490	0	808	0	1864	0	0	0	0	0	568	0	0	0	0	0	2764	0	0	0	4576	0	27848	0	0	0	13026	0	0	0	0	0	0	0	0	0	0	0	0	0	0	0	0	0	0	0	0	0	0	0	0	0	0	0	
67388	Temporal_Sup_R	0	230	0	0	0	0	0	0	0	0	0	0	0	0	0	634	0	2120	0	0	0	0	0	0	0	0	0	0	0	3560	0	0	0	0	0	0	0	570	0	140	0	0	0	0	0	0	0	0	0	0	0	222	0	0	0	1246	0	176	0	0	0	0	0	2346	0	2412	0	312	0	0	0	0	0	220	0	0	0	0	0	1860	0	0	0	2270	0	12294	0	338	0	2744	0	0	0	0	0	0	0	0	0	0	0	0	0	0	0	0	0	0	0	0	0	0	0	0	0	0	
83688	Temporal_Pole_Sup_L	0	0	138	0	1164	0	0	0	934	0	1114	0	882	0	2324	0	1396	0	0	0	406	0	0	0	0	0	192	0	2314	0	0	0	0	0	0	0	714	0	834	0	404	0	0	0	0	0	0	0	0	0	0	0	0	0	4684	0	0	0	0	0	0	0	0	0	0	0	0	0	0	0	0	0	478	0	0	0	0	0	0	0	4576	0	0	0	7384	0	4452	0	7454	0	0	0	0	0	0	0	0	0	0	0	0	0	0	0	0	0	0	0	0	0	0	0	0	0	0	0	
34308	Temporal_Pole_Sup_R	0	0	0	390	0	0	0	0	0	0	0	744	0	0	0	1088	0	1008	0	364	0	0	0	0	0	0	0	0	0	2564	0	0	0	0	0	0	0	132	0	776	0	886	0	0	0	0	0	0	0	0	0	0	0	0	0	3434	0	0	0	0	0	0	0	0	0	0	0	0	0	0	0	0	0	0	0	0	0	0	0	0	0	2270	0	0	0	1048	0	1928	0	522	0	0	0	0	0	0	0	0	0	0	0	0	0	0	0	0	0	0	0	0	0	0	0	0	0	0	
366404	Temporal_Mid_L	1410	0	0	0	0	0	0	0	0	0	490	0	262	0	152	0	3116	0	0	0	0	0	0	0	0	0	0	0	4842	0	0	0	0	0	140	104	432	102	0	0	0	0	4314	0	1260	0	0	0	1292	0	33772	0	3866	0	3122	0	1900	0	15558	0	4108	0	4196	0	8844	0	14856	0	314	0	0	0	0	0	0	0	0	0	2266	0	27848	0	7384	0	0	0	2518	0	34734	0	0	0	0	0	0	0	0	0	0	0	0	0	0	0	0	0	0	0	0	0	0	0	0	0	0	0	
142412	Temporal_Mid_R	0	750	0	144	0	0	0	0	0	0	0	0	0	0	0	0	0	412	0	116	0	0	0	0	0	0	0	0	0	2084	0	0	0	0	0	0	0	240	0	0	0	0	0	4900	0	1980	0	0	0	658	0	7896	0	736	0	1566	0	780	0	102	0	216	0	1592	0	3580	0	3678	0	132	0	0	0	0	0	0	0	0	0	518	0	12294	0	1048	0	0	0	1306	0	24296	0	0	0	0	0	0	0	0	0	0	0	0	0	0	0	0	0	0	0	0	182	0	0	0	0	0	
19716	Temporal_Pole_Mid_L	0	0	0	0	0	0	0	0	0	0	0	0	0	0	0	0	0	0	0	0	0	0	0	0	0	0	0	0	0	0	0	0	0	0	0	0	0	0	440	0	0	0	0	0	0	0	0	0	0	0	0	0	0	0	494	0	0	0	0	0	0	0	0	0	0	0	0	0	0	0	0	0	0	0	0	0	0	0	0	0	0	0	4452	0	2518	0	0	0	1954	0	0	0	0	0	0	0	0	0	0	0	0	0	0	0	0	0	0	0	0	0	0	0	0	0	0	0	
14484	Temporal_Pole_Mid_R	0	0	0	0	0	0	0	0	0	0	0	0	0	0	0	0	0	0	0	0	0	0	0	0	0	0	0	0	0	140	0	0	0	0	0	0	0	0	0	294	0	0	0	0	0	0	0	0	0	0	0	0	0	0	0	2014	0	0	0	0	0	0	0	0	0	0	0	0	0	0	0	0	0	0	0	0	0	0	0	0	0	338	0	1928	0	1306	0	0	0	1222	0	0	0	0	0	0	0	0	0	0	0	0	0	0	0	0	0	0	0	0	0	0	0	0	0	0	
238364	Temporal_Inf_L	770	0	276	0	0	0	184	0	0	0	0	0	178	0	0	0	760	0	336	0	0	0	0	0	0	0	0	0	5806	0	0	0	0	0	0	0	5370	0	260	0	448	0	2006	0	404	0	110	0	0	0	9594	0	4822	0	18198	0	644	0	3248	0	202	0	0	0	0	0	3712	0	0	0	0	0	1066	0	0	0	196	0	762	0	13026	0	7454	0	34734	0	1954	0	0	0	1994	0	0	0	0	0	0	0	668	0	0	0	0	0	0	0	0	0	0	0	0	0	0	0	0	0	
165784	Temporal_Inf_R	0	2454	0	306	0	0	0	0	0	0	0	0	0	0	0	0	0	1056	0	1374	0	0	0	0	0	0	0	0	0	3996	0	0	0	0	0	842	0	3466	0	880	0	0	0	5212	0	1268	0	194	0	0	0	2974	0	2720	0	16824	0	700	0	0	0	296	0	1390	0	294	0	4738	0	954	0	0	0	536	0	0	0	318	0	136	0	2744	0	522	0	24296	0	1222	0	0	0	526	0	356	0	0	0	0	0	0	0	0	0	0	0	0	0	0	0	0	298	0	0	0	0	0	
333080	Cerebelum_Crus1_L	0	0	0	0	0	0	0	0	0	0	0	0	0	0	0	0	0	0	0	0	0	0	0	0	0	0	0	0	0	0	0	0	0	0	0	0	548	0	960	0	0	0	0	0	0	0	6124	512	0	0	168	0	546	0	14896	222	0	0	0	0	0	0	0	0	0	0	0	0	0	0	0	0	0	0	0	0	0	0	0	0	0	0	0	0	0	0	0	0	1994	0	0	1120	25894	376	922	1500	14528	542	43188	2884	10632	0	15230	672	2486	2346	0	0	754	186	2600	5548	3580	2698	2498	386	
253876	Cerebelum_Crus1_R	0	0	0	0	0	0	0	0	0	0	0	0	0	0	0	0	0	0	0	0	0	0	0	0	0	0	0	0	0	0	0	0	0	0	0	0	0	0	0	0	0	0	0	0	0	0	0	2856	0	0	0	0	0	0	0	7144	0	0	0	0	0	0	0	0	0	0	0	0	0	0	0	0	0	0	0	0	0	0	0	0	0	0	0	0	0	0	0	0	0	526	1120	0	286	26340	0	2372	0	13148	1034	35704	0	5448	196	14856	0	2514	0	332	184	120	884	3150	5524	1838	1362	0	
182080	Cerebelum_Crus2_L	0	0	0	0	0	0	0	0	0	0	0	0	0	0	0	0	0	0	0	0	0	0	0	0	0	0	0	0	0	0	0	0	0	0	0	0	238	0	380	0	0	0	0	0	0	0	0	130	0	0	0	0	0	0	776	0	0	0	0	0	0	0	0	0	0	0	0	0	0	0	0	0	0	0	0	0	0	0	0	0	0	0	0	0	0	0	0	0	0	0	25894	286	0	1444	196	574	1760	0	8460	764	18836	720	15594	1474	2354	1112	0	0	236	0	362	2132	2928	2922	1180	288	
169312	Cerebelum_Crus2_R	0	0	0	0	0	0	0	0	0	0	0	0	0	0	0	0	0	0	0	0	0	0	0	0	0	0	0	0	0	0	0	0	0	0	0	0	0	0	0	0	0	0	0	0	0	0	0	0	0	0	0	0	0	0	0	386	0	0	0	0	0	0	0	0	0	0	0	0	0	0	0	0	0	0	0	0	0	0	0	0	0	0	0	0	0	0	0	0	0	356	376	26340	1444	0	0	740	0	890	0	7048	916	14082	952	21314	0	1856	0	212	0	0	0	412	3718	2850	764	0	
31244	Cerebelum_3_L	0	0	0	0	0	0	0	0	0	0	0	0	0	0	0	0	0	0	0	0	0	0	0	0	0	0	0	0	0	0	0	0	0	0	0	0	0	0	282	0	0	0	0	0	0	0	0	114	0	0	0	0	0	0	0	0	0	0	0	0	0	0	0	0	0	0	0	0	0	0	0	0	0	0	0	0	0	0	0	0	0	0	0	0	0	0	0	0	0	0	922	0	196	0	0	1236	6052	128	1402	0	0	0	390	0	1312	154	0	0	704	1560	736	258	0	0	176	0	
78644	Cerebelum_3_R	0	0	0	0	0	0	0	0	0	0	0	0	0	0	0	0	0	0	0	0	0	0	0	0	0	0	0	0	0	0	0	0	0	0	0	0	0	0	220	0	0	0	0	0	0	0	172	206	0	0	0	0	0	0	0	0	0	0	0	0	0	0	0	0	0	0	0	0	0	0	0	0	0	0	0	0	0	0	0	0	0	0	0	0	0	0	0	0	0	0	1500	2372	574	740	1236	0	1692	4678	956	5034	102	0	806	894	402	3508	0	0	1532	2228	722	2610	2006	2222	2788	122	
224464	Cerebelum_4_5_L	0	0	0	0	0	0	0	0	0	0	0	0	0	0	0	0	0	0	0	0	0	0	0	0	0	0	0	0	102	0	0	0	0	0	0	0	1242	0	2368	0	0	0	0	0	0	0	7566	2080	0	0	0	0	350	0	11666	438	0	0	0	0	0	0	0	0	0	0	0	0	0	0	0	0	144	0	0	0	0	0	0	0	0	0	0	0	0	0	0	0	0	0	14528	0	1760	0	6052	1692	0	3102	26988	2958	740	0	2408	0	5218	952	134	0	962	1548	11936	2472	328	372	1164	962	
148312	Cerebelum_4_5_R	0	0	0	0	0	0	0	0	0	0	0	0	0	0	0	0	0	0	0	0	0	0	0	0	0	0	0	0	0	0	0	0	0	0	0	0	0	144	0	288	0	0	0	0	0	0	772	4950	0	0	0	0	132	0	300	6168	0	0	0	0	0	0	0	0	0	0	0	0	0	0	0	0	0	0	0	0	0	0	0	0	0	0	0	0	0	0	0	0	0	0	542	13148	0	890	128	4678	3102	0	1580	24232	0	0	0	1000	318	864	0	0	0	280	8244	1060	258	254	378	446	
319808	Cerebelum_6_L	0	0	0	0	0	0	0	0	0	0	0	0	0	0	0	0	0	0	0	0	0	0	0	0	0	0	0	0	146	0	0	0	0	0	0	0	960	0	1784	0	0	0	0	0	0	0	10228	1896	0	0	0	0	486	0	20726	594	0	0	0	0	0	0	0	0	0	0	0	0	0	0	0	0	132	0	0	0	0	0	0	0	0	0	0	0	0	0	0	0	668	0	43188	1034	8460	0	1402	956	26988	1580	0	4514	3796	0	5316	130	2344	1538	150	0	296	390	7564	6530	1996	1478	1998	636	
280812	Cerebelum_6_R	0	0	0	0	0	0	0	0	0	0	0	0	0	0	0	0	0	0	0	0	0	0	0	0	0	0	0	0	0	0	0	0	0	0	0	0	0	0	0	0	0	0	0	0	0	0	918	9050	0	0	0	0	0	0	216	11586	0	0	0	0	0	0	0	0	0	0	0	0	0	0	0	0	0	0	0	0	0	0	0	0	0	0	0	0	0	0	0	0	0	0	2884	35704	764	7048	0	5034	2958	24232	4514	0	0	914	0	5492	310	2994	0	408	250	396	8034	8670	4272	1456	1990	312	
129700	Cerebelum_7b_L	0	0	0	0	0	0	0	0	0	0	0	0	0	0	0	0	0	0	0	0	0	0	0	0	0	0	0	0	0	0	0	0	0	0	0	0	0	0	0	0	0	0	0	0	0	0	0	0	0	0	0	0	0	0	328	0	0	0	0	0	0	0	0	0	0	0	0	0	0	0	0	0	0	0	0	0	0	0	0	0	0	0	0	0	0	0	0	0	0	0	10632	0	18836	916	0	102	740	0	3796	0	0	528	18630	1008	4760	228	320	0	0	0	0	210	1556	2048	212	0	
82328	Cerebelum_7b_R	0	0	0	0	0	0	0	0	0	0	0	0	0	0	0	0	0	0	0	0	0	0	0	0	0	0	0	0	0	0	0	0	0	0	0	0	0	0	0	0	0	0	0	0	0	0	0	0	0	0	0	0	0	0	0	0	0	0	0	0	0	0	0	0	0	0	0	0	0	0	0	0	0	0	0	0	0	0	0	0	0	0	0	0	0	0	0	0	0	0	0	5448	720	14082	0	0	0	0	0	914	528	0	306	15072	0	1712	0	0	0	0	0	0	1038	1344	0	0	
180612	Cerebelum_8_L	0	0	0	0	0	0	0	0	0	0	0	0	0	0	0	0	0	0	0	0	0	0	0	0	0	0	0	0	0	0	0	0	0	0	0	0	0	0	132	0	0	0	0	0	0	0	238	0	0	0	0	0	0	0	636	0	0	0	0	0	0	0	0	0	0	0	0	0	0	0	0	0	0	0	0	0	0	0	0	0	0	0	0	0	0	0	0	0	0	0	15230	196	15594	952	390	806	2408	0	5316	0	18630	306	0	1416	16086	1214	1322	0	558	0	138	1130	2308	3830	1332	138	
175672	Cerebelum_8_R	0	0	0	0	0	0	0	0	0	0	0	0	0	0	0	0	0	0	0	0	0	0	0	0	0	0	0	0	0	0	0	0	0	0	0	0	0	0	0	0	0	0	0	0	0	0	0	0	0	0	0	0	0	0	0	0	0	0	0	0	0	0	0	0	0	0	0	0	0	0	0	0	0	0	0	0	0	0	0	0	0	0	0	0	0	0	0	0	0	0	672	14856	1474	21314	0	894	0	1000	130	5492	1008	15072	1416	0	254	14000	0	1056	118	0	130	238	2986	3876	1850	0	
94832	Cerebelum_9_L	0	0	0	0	0	0	0	0	0	0	0	0	0	0	0	0	0	0	0	0	0	0	0	0	0	0	0	0	0	0	0	0	0	0	0	0	0	0	0	0	0	0	0	0	0	0	0	230	0	0	0	0	0	0	258	0	0	0	0	0	0	0	0	0	0	0	0	0	0	0	0	0	0	0	0	0	0	0	0	0	0	0	0	0	0	0	0	0	0	0	2486	0	2354	0	1312	402	5218	318	2344	310	4760	0	16086	254	0	1380	2558	0	398	102	1772	1218	762	766	1518	610	
124668	Cerebelum_9_R	0	0	0	0	0	0	0	0	0	0	0	0	0	0	0	0	0	0	0	0	0	0	0	0	0	0	0	0	0	0	0	0	0	0	0	0	0	0	0	0	0	0	0	0	0	0	160	210	0	0	0	0	0	0	0	0	0	0	0	0	0	0	0	0	0	0	0	0	0	0	0	0	0	0	0	0	0	0	0	0	0	0	0	0	0	0	0	0	0	0	2346	2514	1112	1856	154	3508	952	864	1538	2994	228	1712	1214	14000	1380	0	0	798	1138	458	1460	4706	3876	4266	6894	1996	
8968	Cerebelum_10_L	0	0	0	0	0	0	0	0	0	0	0	0	0	0	0	0	0	0	0	0	0	0	0	0	0	0	0	0	0	0	0	0	0	0	0	0	0	0	0	0	0	0	0	0	0	0	0	0	0	0	0	0	0	0	0	0	0	0	0	0	0	0	0	0	0	0	0	0	0	0	0	0	0	0	0	0	0	0	0	0	0	0	0	0	0	0	0	0	0	0	0	0	0	0	0	0	134	0	150	0	320	0	1322	0	2558	0	0	0	0	0	0	0	0	0	0	0	
5612	Cerebelum_10_R	0	0	0	0	0	0	0	0	0	0	0	0	0	0	0	0	0	0	0	0	0	0	0	0	0	0	0	0	0	0	0	0	0	0	0	0	0	0	0	0	0	0	0	0	0	0	0	0	0	0	0	0	0	0	0	0	0	0	0	0	0	0	0	0	0	0	0	0	0	0	0	0	0	0	0	0	0	0	0	0	0	0	0	0	0	0	0	0	0	0	0	332	0	212	0	0	0	0	0	408	0	0	0	1056	0	798	0	0	0	0	0	0	0	0	0	0	
35528	Vermis_1_2	0	0	0	0	0	0	0	0	0	0	0	0	0	0	0	0	0	0	0	0	0	0	0	0	0	0	0	0	0	0	0	0	0	0	0	0	0	0	0	0	0	0	0	0	0	0	170	0	0	0	0	0	0	0	0	0	0	0	0	0	0	0	0	0	0	0	0	0	0	0	0	0	0	0	0	0	0	0	0	0	0	0	0	0	0	0	0	0	0	0	754	184	236	0	704	1532	962	0	296	250	0	0	558	118	398	1138	0	0	0	5464	1050	1062	896	948	1044	0	
31504	Vermis_3	0	0	0	0	0	0	0	0	0	0	0	0	0	0	0	0	0	0	0	0	0	0	0	0	0	0	0	0	0	0	0	0	0	0	0	0	0	0	126	0	0	0	0	0	0	0	230	0	0	0	0	0	0	0	0	0	0	0	0	0	0	0	0	0	0	0	0	0	0	0	0	0	0	0	0	0	0	0	0	0	0	0	0	0	0	0	0	0	0	0	186	120	0	0	1560	2228	1548	280	390	396	0	0	0	0	102	458	0	0	5464	0	1416	560	0	188	500	0	
141472	Vermis_4_5	0	0	0	0	0	0	0	0	0	0	0	0	0	0	0	0	0	0	0	0	0	0	0	0	0	0	0	0	0	0	0	0	0	410	0	280	0	102	0	0	0	0	0	488	0	0	3534	3866	0	0	0	146	274	0	1666	1296	0	358	0	0	0	0	0	0	0	0	0	2740	0	400	0	0	0	0	0	0	0	0	0	0	0	0	0	0	0	182	0	0	0	298	2600	884	362	0	736	722	11936	8244	7564	8034	0	0	138	130	1772	1460	0	0	1050	1416	0	4026	120	198	1496	1808	
138252	Vermis_6	0	0	0	0	0	0	0	0	0	0	0	0	0	0	0	0	0	0	0	0	0	0	0	0	0	0	0	0	0	0	0	0	0	0	0	0	0	0	0	0	0	0	0	0	0	0	990	4176	0	0	0	0	0	0	292	2438	0	0	0	0	0	0	0	0	0	0	0	0	0	0	0	0	0	0	0	0	0	0	0	0	0	0	0	0	0	0	0	0	0	0	5548	3150	2132	412	258	2610	2472	1060	6530	8670	210	0	1130	238	1218	4706	0	0	1062	560	4026	0	4306	3490	5088	2354	
107740	Vermis_7	0	0	0	0	0	0	0	0	0	0	0	0	0	0	0	0	0	0	0	0	0	0	0	0	0	0	0	0	0	0	0	0	0	0	0	0	0	0	0	0	0	0	0	0	0	0	0	212	0	0	0	0	0	0	0	422	0	0	0	0	0	0	0	0	0	0	0	0	0	0	0	0	0	0	0	0	0	0	0	0	0	0	0	0	0	0	0	0	0	0	3580	5524	2928	3718	0	2006	328	258	1996	4272	1556	1038	2308	2986	762	3876	0	0	896	0	120	4306	0	5884	4310	584	
97488	Vermis_8	0	0	0	0	0	0	0	0	0	0	0	0	0	0	0	0	0	0	0	0	0	0	0	0	0	0	0	0	0	0	0	0	0	0	0	0	0	0	0	0	0	0	0	0	0	0	0	0	0	0	0	0	0	0	0	0	0	0	0	0	0	0	0	0	0	0	0	0	0	0	0	0	0	0	0	0	0	0	0	0	0	0	0	0	0	0	0	0	0	0	2698	1838	2922	2850	0	2222	372	254	1478	1456	2048	1344	3830	3876	766	4266	0	0	948	188	198	3490	5884	0	4854	962	
90456	Vermis_9	0	0	0	0	0	0	0	0	0	0	0	0	0	0	0	0	0	0	0	0	0	0	0	0	0	0	0	0	0	0	0	0	0	0	0	0	0	0	0	0	0	0	0	0	0	0	112	0	0	0	0	0	0	0	0	0	0	0	0	0	0	0	0	0	0	0	0	0	0	0	0	0	0	0	0	0	0	0	0	0	0	0	0	0	0	0	0	0	0	0	2498	1362	1180	764	176	2788	1164	378	1998	1990	212	0	1332	1850	1518	6894	0	0	1044	500	1496	5088	4310	4854	0	1720	
