data	data	535960	388012	1.13829e+06	869684	243992	221076	748264	306684	106620	26588	325200	262432	350984	213628	180020	106604	264752	156176	759564	839412	62816	71660	402276	485688	46688	155244	49692	35372	668824	486764	429572	621092	202136	654872	153572	260108	321184	390664	193560	238036	40444	59976	254408	464236	162888	422036	446904	433192	288772	406860	609916	341108	269468	150540	589856	562136	355028	354488	188740	111448	283688	80968	136328	125328	183340	233676	415920	693296	236344	389192	382132	483660	482100	369996	174944	43224	286972	207220	167896	24648	277312	158752	109920	61584	399644	256152	33216	19552	391188	341028	511056	406916	429768	377104	53696	68516	297044	191648	462412	382768	318744	165556	405816	351964	184804	189428	32908	8400	17068	72588	274816	180328	209064	164044	109696	21888	
data	data	Precentral_L	Precentral_R	Frontal_Sup_L	Frontal_Sup_R	Frontal_Sup_Orb_L	Frontal_Sup_Orb_R	Frontal_Mid_L	Frontal_Mid_R	Frontal_Mid_Orb_L	Frontal_Mid_Orb_R	Frontal_Inf_Oper_L	Frontal_Inf_Oper_R	Frontal_Inf_Tri_L	Frontal_Inf_Tri_R	Frontal_Inf_Orb_L	Frontal_Inf_Orb_R	Rolandic_Oper_L	Rolandic_Oper_R	Supp_Motor_Area_L	Supp_Motor_Area_R	Olfactory_L	Olfactory_R	Frontal_Sup_Medial_L	Frontal_Sup_Medial_R	Frontal_Med_Orb_L	Frontal_Med_Orb_R	Rectus_L	Rectus_R	Insula_L	Insula_R	Cingulum_Ant_L	Cingulum_Ant_R	Cingulum_Mid_L	Cingulum_Mid_R	Cingulum_Post_L	Cingulum_Post_R	Hippocampus_L	Hippocampus_R	ParaHippocampal_L	ParaHippocampal_R	Amygdala_L	Amygdala_R	Calcarine_L	Calcarine_R	Cuneus_L	Cuneus_R	Lingual_L	Lingual_R	Occipital_Sup_L	Occipital_Sup_R	Occipital_Mid_L	Occipital_Mid_R	Occipital_Inf_L	Occipital_Inf_R	Fusiform_L	Fusiform_R	Postcentral_L	Postcentral_R	Parietal_Sup_L	Parietal_Sup_R	Parietal_Inf_L	Parietal_Inf_R	SupraMarginal_L	SupraMarginal_R	Angular_L	Angular_R	Precuneus_L	Precuneus_R	Paracentral_Lobule_L	Paracentral_Lobule_R	Caudate_L	Caudate_R	Putamen_L	Putamen_R	Pallidum_L	Pallidum_R	Thalamus_L	Thalamus_R	Heschl_L	Heschl_R	Temporal_Sup_L	Temporal_Sup_R	Temporal_Pole_Sup_L	Temporal_Pole_Sup_R	Temporal_Mid_L	Temporal_Mid_R	Temporal_Pole_Mid_L	Temporal_Pole_Mid_R	Temporal_Inf_L	Temporal_Inf_R	Cerebelum_Crus1_L	Cerebelum_Crus1_R	Cerebelum_Crus2_L	Cerebelum_Crus2_R	Cerebelum_3_L	Cerebelum_3_R	Cerebelum_4_5_L	Cerebelum_4_5_R	Cerebelum_6_L	Cerebelum_6_R	Cerebelum_7b_L	Cerebelum_7b_R	Cerebelum_8_L	Cerebelum_8_R	Cerebelum_9_L	Cerebelum_9_R	Cerebelum_10_L	Cerebelum_10_R	Vermis_1_2	Vermis_3	Vermis_4_5	Vermis_6	Vermis_7	Vermis_8	Vermis_9	Vermis_10	
535960	Precentral_L	0	3360	26146	5592	672	246	22940	678	188	0	15694	918	3542	0	556	0	14076	504	10418	6610	0	0	722	426	0	208	0	0	12828	1440	1868	1324	134	1586	3554	4378	6796	2198	1706	668	0	0	652	0	148	0	1894	0	410	0	2456	0	998	0	806	222	33588	526	680	0	5424	0	738	192	736	0	1030	166	10046	268	9354	2756	7928	1338	5808	466	14892	2706	4434	0	2780	0	478	0	1296	0	0	0	788	0	0	0	0	0	0	0	0	0	0	0	0	0	0	0	0	0	0	0	0	0	0	0	0	0	0	0	
388012	Precentral_R	3360	0	4946	15074	0	0	2038	11872	0	0	506	1762	0	0	0	0	220	1594	3774	8284	0	0	0	0	0	0	0	0	0	1884	106	198	0	6014	524	2578	220	8572	0	2396	0	0	0	5310	0	2614	0	2064	0	1722	0	1972	0	4138	0	7114	0	26588	0	786	0	1414	0	3034	0	1534	0	8710	2684	18424	1408	1254	700	934	650	0	3246	8026	0	318	0	1494	0	0	0	4452	0	0	0	7214	0	0	0	0	0	0	0	0	0	0	0	0	0	0	0	0	0	0	0	0	280	0	0	0	0	0	
1.13829e+06	Frontal_Sup_L	26146	4946	0	23070	20086	446	91014	3544	5312	0	15284	780	24042	274	6236	92	6312	786	79806	35758	0	0	39644	6136	1270	410	588	0	27770	2390	21050	10994	6050	10926	460	976	3290	914	984	374	0	0	136	0	162	0	634	0	0	0	168	0	168	176	1168	444	2476	940	0	0	382	0	234	346	136	0	330	92	5496	166	15734	7658	21720	3432	8708	1008	10902	3064	1322	0	1116	116	506	0	306	136	0	0	980	622	0	0	0	0	0	0	0	0	0	0	0	0	0	0	0	0	0	0	0	0	0	0	0	0	0	0	
869684	Frontal_Sup_R	5592	15074	23070	0	94	10254	6354	29278	0	494	2516	14972	1402	12584	0	4208	578	5248	26696	58510	0	0	10238	43470	0	3864	0	0	1080	23460	5960	34442	1818	19038	0	310	0	4604	0	2122	0	194	0	280	0	0	0	0	0	0	0	0	0	468	0	1392	286	176	0	0	0	0	0	0	0	0	0	106	3116	152	2482	23480	918	16560	572	626	2816	12838	120	0	0	164	0	422	0	0	0	0	0	240	0	0	0	0	0	0	0	0	0	104	0	0	0	0	0	0	0	0	0	0	0	0	0	0	0	0	
243992	Frontal_Sup_Orb_L	672	0	20086	94	0	0	9518	0	13466	0	1608	0	10026	0	13886	0	198	0	894	0	1944	0	9800	126	2634	0	4928	0	14270	0	6070	376	412	132	0	0	274	0	152	0	422	0	0	0	0	0	0	0	0	0	0	0	0	0	130	0	0	0	0	0	0	0	0	0	0	0	0	0	0	0	452	192	8556	0	0	0	0	0	100	0	0	0	578	0	0	0	0	0	0	0	0	0	0	0	0	0	0	0	0	0	0	0	0	0	0	0	0	0	0	0	0	0	0	0	0	0	
221076	Frontal_Sup_Orb_R	246	0	446	10254	0	0	378	4304	0	6772	246	4258	0	3492	0	5324	0	248	1256	2774	0	570	684	12780	0	13820	0	4992	0	5464	718	11372	166	2280	0	0	0	250	0	138	0	0	0	0	0	0	0	0	0	0	0	0	0	0	0	0	114	0	0	0	0	0	0	0	0	0	0	0	0	0	0	9736	0	7254	0	0	0	0	0	0	0	0	0	202	0	0	0	0	0	0	0	0	0	0	0	0	0	0	0	0	0	0	0	0	0	0	0	0	0	0	0	0	0	0	0	0	
748264	Frontal_Mid_L	22940	2038	91014	6354	9518	378	0	1844	4970	0	16920	732	33798	196	6800	0	4192	550	19066	7800	0	0	12694	1492	218	350	510	0	24680	2348	11098	4070	1682	1408	316	538	2384	730	574	322	0	0	146	0	0	0	334	0	0	0	268	0	138	116	836	310	4264	1142	0	0	586	0	106	512	0	0	134	0	302	0	13204	5882	18372	3556	10088	1298	12018	2096	1414	0	798	0	398	0	164	94	0	0	650	382	0	0	0	0	0	0	0	0	0	0	0	0	0	0	0	0	0	0	0	0	0	0	0	0	0	0	
306684	Frontal_Mid_R	678	11872	3544	29278	0	4304	1844	0	0	1726	478	10634	0	17144	0	6836	220	1734	4592	2972	0	0	1212	6128	0	482	0	0	118	14602	620	5548	420	5016	124	328	0	2692	0	1196	0	0	0	202	0	0	0	138	0	0	0	0	0	446	0	1360	0	482	0	0	0	0	0	98	0	0	0	244	0	122	568	1440	342	6080	312	0	578	2432	0	0	0	166	0	0	0	388	0	0	0	1602	0	0	0	0	0	0	0	0	0	0	0	0	0	0	0	0	0	0	0	0	0	0	0	0	0	0	
106620	Frontal_Mid_Orb_L	188	0	5312	0	13466	0	4970	0	0	0	128	0	3054	0	15044	0	0	0	128	0	0	0	740	0	542	0	1146	0	4226	0	154	0	0	0	0	0	0	0	0	0	0	0	0	0	0	0	0	0	0	0	0	0	0	0	0	0	0	0	0	0	0	0	0	0	0	0	0	0	0	0	0	0	4042	0	0	0	0	0	0	0	0	0	170	0	0	0	0	0	0	0	0	0	0	0	0	0	0	0	0	0	0	0	0	0	0	0	0	0	0	0	0	0	0	0	0	0	
26588	Frontal_Mid_Orb_R	0	0	0	494	0	6772	0	1726	0	0	0	102	0	516	0	2896	0	0	0	0	0	0	0	0	0	0	0	0	0	210	0	94	0	0	0	0	0	0	0	0	0	0	0	0	0	0	0	0	0	0	0	0	0	0	0	0	0	0	0	0	0	0	0	0	0	0	0	0	0	0	0	0	0	484	0	0	0	0	0	0	0	0	0	0	0	0	0	0	0	0	0	0	0	0	0	0	0	0	0	0	0	0	0	0	0	0	0	0	0	0	0	0	0	0	0	0	
325200	Frontal_Inf_Oper_L	15694	506	15284	2516	1608	246	16920	478	128	0	0	1938	21430	0	1746	0	11916	872	5094	2386	0	0	3218	638	368	218	556	0	20000	1914	8476	3432	156	684	0	0	552	212	0	116	0	0	0	0	0	0	0	0	0	0	0	0	0	0	306	0	3246	374	0	0	110	0	0	100	0	0	0	0	0	0	4512	3946	3258	590	986	0	496	334	706	0	1484	0	2088	260	138	0	0	0	364	0	0	0	0	0	0	0	0	0	0	0	0	0	0	0	0	0	0	0	0	0	0	0	0	0	0	0	
262432	Frontal_Inf_Oper_R	918	1762	780	14972	0	4258	732	10634	0	102	1938	0	916	17564	0	2976	132	6714	3482	5186	0	0	490	8846	0	1838	0	0	112	19324	1140	11688	264	3988	0	0	0	400	0	210	0	0	0	0	0	0	0	0	0	0	0	0	0	0	0	0	0	860	0	0	0	0	0	0	0	0	0	0	0	0	196	3040	118	2730	0	0	0	154	0	178	0	600	0	1868	0	106	0	0	0	0	0	0	0	0	0	0	0	0	0	0	0	0	0	0	0	0	0	0	0	0	0	0	0	0	0	0	
350984	Frontal_Inf_Tri_L	3542	0	24042	1402	10026	0	33798	0	3054	0	21430	916	0	92	11102	0	2094	404	4134	1844	0	0	7376	530	282	0	1064	0	22124	946	11674	4276	802	1032	0	0	0	0	0	0	0	0	0	0	0	0	0	0	0	0	0	0	0	0	0	0	276	0	0	0	0	0	0	0	0	0	0	0	0	0	718	1684	2516	188	224	0	0	0	0	0	322	0	1430	148	0	0	0	0	0	0	0	0	0	0	0	0	0	0	0	0	0	0	0	0	0	0	0	0	0	0	0	0	0	0	0	0	
213628	Frontal_Inf_Tri_R	0	0	274	12584	0	3492	196	17144	0	516	0	17564	92	0	0	8160	0	294	2650	2786	0	0	920	7686	0	934	0	0	0	13534	410	8244	434	4716	0	0	0	192	0	94	0	0	0	0	0	0	0	0	0	0	0	0	0	0	0	0	0	0	0	0	0	0	0	0	0	0	0	0	0	0	0	1786	0	1752	0	0	0	0	0	0	0	0	0	360	0	0	0	0	0	0	0	0	0	0	0	0	0	0	0	0	0	0	0	0	0	0	0	0	0	0	0	0	0	0	0	0	
180020	Frontal_Inf_Orb_L	556	0	6236	0	13886	0	6800	0	15044	0	1746	0	11102	0	0	0	438	0	324	0	1908	0	1112	0	196	0	962	0	15078	0	800	162	96	92	0	0	1060	0	386	0	776	0	0	0	0	0	0	0	0	0	0	0	0	0	478	0	0	0	0	0	0	0	0	0	0	0	0	0	0	0	204	128	7242	0	0	0	0	0	0	0	114	0	2258	0	286	0	326	0	214	0	0	0	0	0	0	0	0	0	0	0	0	0	0	0	0	0	0	0	0	0	0	0	0	0	0	0	
106604	Frontal_Inf_Orb_R	0	0	92	4208	0	5324	0	6836	0	2896	0	2976	0	8160	0	0	0	0	720	550	0	948	224	2248	0	190	0	774	0	9246	0	2010	264	1756	0	0	0	126	0	0	0	184	0	0	0	0	0	0	0	0	0	0	0	0	0	146	0	0	0	0	0	0	0	0	0	0	0	0	0	0	0	284	0	1506	0	0	0	0	0	0	0	92	0	1104	0	124	0	98	0	216	0	0	0	0	0	0	0	0	0	0	0	0	0	0	0	0	0	0	0	0	0	0	0	0	0	0	
264752	Rolandic_Oper_L	14076	220	6312	578	198	0	4192	220	0	0	11916	132	2094	0	438	0	0	0	3934	446	0	0	432	186	0	0	142	0	21858	138	1668	930	0	282	0	0	928	94	212	0	0	0	332	0	0	0	360	0	220	0	1910	0	764	0	1408	0	11690	0	1050	0	2182	0	2770	0	700	0	234	0	158	0	2620	1386	708	208	362	0	232	298	9458	0	12748	0	2802	0	4002	0	0	0	2054	0	94	0	0	0	0	0	0	0	0	0	0	0	0	0	0	0	0	0	0	0	0	0	0	0	0	0	
156176	Rolandic_Oper_R	504	1594	786	5248	0	248	550	1734	0	0	872	6714	404	294	0	0	0	0	768	3598	0	0	96	1260	0	156	0	0	0	16432	254	1050	0	1416	0	392	0	1990	0	828	0	0	0	1126	0	110	0	308	0	104	0	144	0	318	0	954	0	6428	0	0	0	0	0	3808	0	466	0	1232	0	748	160	256	0	2734	0	0	150	1234	0	1708	0	5412	0	1566	0	558	0	0	0	1252	0	0	0	0	0	0	0	0	0	0	0	0	0	0	0	0	0	0	0	0	124	0	0	0	0	0	
759564	Supp_Motor_Area_L	10418	3774	79806	26696	894	1256	19066	4592	128	0	5094	3482	4134	2650	324	720	3934	768	0	58610	0	0	6318	5610	260	502	130	0	10984	2692	9886	12114	11162	31184	1134	534	1378	430	380	138	0	0	488	0	1080	0	0	0	1608	0	1620	0	232	0	982	172	1942	128	0	0	554	0	310	0	638	0	1232	322	10098	354	8542	5104	11836	2356	1616	0	1704	1266	932	0	1020	0	382	0	934	0	0	0	896	252	0	0	0	0	0	0	0	0	0	0	0	0	0	0	0	0	0	0	0	0	0	0	0	0	0	0	
839412	Supp_Motor_Area_R	6610	8284	35758	58510	0	2774	7800	2972	0	0	2386	5186	1844	2786	0	550	446	3598	58610	0	0	0	2476	10314	0	2184	0	0	1292	6016	3754	14928	4768	50664	866	4052	0	2940	0	1274	0	108	128	3992	248	2152	0	2380	0	894	104	1430	0	2768	0	4120	266	4642	0	0	0	0	0	108	0	162	356	8676	10740	21192	3838	18826	1550	7504	1422	552	4964	5978	136	0	0	390	0	318	0	1216	0	0	0	3506	0	108	0	0	0	0	0	0	0	0	0	0	0	0	0	0	0	0	0	0	1290	0	0	0	0	0	
62816	Olfactory_L	0	0	0	0	1944	0	0	0	0	0	0	0	0	0	1908	0	0	0	0	0	0	3546	0	0	694	344	1590	0	2742	0	2554	578	0	0	0	0	696	0	334	0	1360	0	0	0	0	0	0	0	0	0	0	0	0	0	302	0	0	0	0	0	0	0	0	0	0	0	0	0	0	0	5262	2770	3572	466	0	0	0	0	0	0	0	0	746	0	0	0	0	0	0	0	0	0	0	0	0	0	0	0	0	0	0	0	0	0	0	0	0	0	0	0	0	0	0	0	0	0	
71660	Olfactory_R	0	0	0	0	0	570	0	0	0	0	0	0	0	0	0	948	0	0	0	0	3546	0	0	0	148	1936	252	1208	0	2298	2172	2344	0	0	0	0	0	214	0	114	0	1318	0	0	0	0	0	0	0	0	0	0	0	0	0	124	0	0	0	0	0	0	0	0	0	0	0	0	0	0	4940	6414	4132	2002	0	812	0	138	0	0	0	0	0	200	0	0	0	0	0	0	0	0	0	0	0	0	0	0	0	0	0	0	0	0	0	0	0	0	0	0	0	0	0	0	0	0	
402276	Frontal_Sup_Medial_L	722	0	39644	10238	9800	684	12694	1212	740	0	3218	490	7376	920	1112	224	432	96	6318	2476	0	0	0	22190	2830	586	518	0	8882	500	24954	18658	8766	9792	0	0	0	0	0	0	0	0	0	0	0	0	0	0	0	0	0	0	0	0	0	0	0	0	0	0	0	0	0	0	0	0	0	0	0	0	588	1748	2142	492	0	0	0	0	0	0	0	0	96	0	0	0	0	0	0	0	0	0	0	0	0	0	0	0	0	0	0	0	0	0	0	0	0	0	0	0	0	0	0	0	0	0	
485688	Frontal_Sup_Medial_R	426	0	6136	43470	126	12780	1492	6128	0	0	638	8846	530	7686	0	2248	186	1260	5610	10314	0	0	22190	0	382	10196	0	664	508	10178	8012	43392	2158	17304	0	0	0	560	0	268	0	0	0	0	0	0	0	0	0	0	0	0	0	0	0	102	144	0	0	0	0	0	0	0	0	0	0	0	0	0	282	11504	152	6664	0	0	0	0	0	0	0	0	0	308	0	0	0	0	0	0	0	0	0	0	0	0	0	0	0	0	0	0	0	0	0	0	0	0	0	0	0	0	0	0	0	0	
46688	Frontal_Med_Orb_L	0	0	1270	0	2634	0	218	0	542	0	368	0	282	0	196	0	0	0	260	0	694	148	2830	382	0	406	2300	0	1050	0	5124	526	0	0	0	0	0	0	0	0	108	0	0	0	0	0	0	0	0	0	0	0	0	0	0	0	0	0	0	0	0	0	0	0	0	0	0	0	0	0	1736	194	2076	0	0	0	0	0	0	0	0	0	0	0	0	0	0	0	0	0	0	0	0	0	0	0	0	0	0	0	0	0	0	0	0	0	0	0	0	0	0	0	0	0	0	0	
155244	Frontal_Med_Orb_R	208	0	410	3864	0	13820	350	482	0	0	218	1838	0	934	0	190	0	156	502	2184	344	1936	586	10196	406	0	0	5122	0	2056	792	10722	0	814	0	0	0	0	0	0	0	0	0	0	0	0	0	0	0	0	0	0	0	0	0	0	94	0	0	0	0	0	0	0	0	0	0	0	0	0	224	12638	0	6388	0	0	0	0	0	0	0	0	0	148	0	0	0	0	0	0	0	0	0	0	0	0	0	0	0	0	0	0	0	0	0	0	0	0	0	0	0	0	0	0	0	0	
49692	Rectus_L	0	0	588	0	4928	0	510	0	1146	0	556	0	1064	0	962	0	142	0	130	0	1590	252	518	0	2300	0	0	0	2440	0	3590	212	0	0	0	0	0	0	0	0	350	0	0	0	0	0	0	0	0	0	0	0	0	0	0	0	0	0	0	0	0	0	0	0	0	0	0	0	0	0	1144	226	2198	0	0	0	0	0	0	0	0	0	0	0	0	0	0	0	0	0	0	0	0	0	0	0	0	0	0	0	0	0	0	0	0	0	0	0	0	0	0	0	0	0	0	0	
35372	Rectus_R	0	0	0	0	0	4992	0	0	0	0	0	0	0	0	0	774	0	0	0	0	0	1208	0	664	0	5122	0	0	0	724	0	918	0	0	0	0	0	0	0	0	0	0	0	0	0	0	0	0	0	0	0	0	0	0	0	0	0	0	0	0	0	0	0	0	0	0	0	0	0	0	0	1942	0	1342	0	0	0	0	0	0	0	0	0	0	0	0	0	0	0	0	0	0	0	0	0	0	0	0	0	0	0	0	0	0	0	0	0	0	0	0	0	0	0	0	0	0	
668824	Insula_L	12828	0	27770	1080	14270	0	24680	118	4226	0	20000	112	22124	0	15078	0	21858	0	10984	1292	2742	0	8882	508	1050	0	2440	0	0	246	14120	3168	662	726	374	380	13886	312	3566	150	1774	0	912	0	0	0	850	0	110	0	2082	0	1244	0	10480	0	7616	0	610	0	2580	0	258	0	376	0	586	0	174	0	5396	3162	16206	464	276	0	1632	360	13020	0	10512	0	8498	0	4932	0	426	0	9048	0	512	0	0	0	0	0	148	0	536	0	0	0	0	0	0	0	0	0	0	0	0	0	0	0	0	0	
486764	Insula_R	1440	1884	2390	23460	0	5464	2348	14602	0	210	1914	19324	946	13534	0	9246	138	16432	2692	6016	0	2298	500	10178	0	2056	0	724	246	0	856	11102	246	3156	0	632	0	12176	0	4738	0	1780	0	1032	0	0	0	538	0	0	0	116	0	198	0	7616	296	2156	0	0	0	0	0	374	0	0	0	1154	0	834	654	4344	256	27200	108	0	426	3954	0	1972	0	6110	0	3180	0	2142	0	410	0	4092	0	338	0	0	0	0	0	422	0	518	0	0	0	102	0	0	0	0	0	0	112	0	0	0	0	0	
429572	Cingulum_Ant_L	1868	106	21050	5960	6070	718	11098	620	154	0	8476	1140	11674	410	800	0	1668	254	9886	3754	2554	2172	24954	8012	5124	792	3590	0	14120	856	0	25528	6416	5128	0	0	126	0	0	0	112	0	0	0	0	0	0	0	0	0	0	0	0	0	0	0	0	0	0	0	0	0	0	0	0	0	0	0	0	0	7528	7232	10508	3344	0	310	210	294	0	0	0	0	170	0	0	0	0	0	0	0	0	0	0	0	0	0	0	0	0	0	0	0	0	0	0	0	0	0	0	0	0	0	0	0	0	0	
621092	Cingulum_Ant_R	1324	198	10994	34442	376	11372	4070	5548	0	94	3432	11688	4276	8244	162	2010	930	1050	12114	14928	578	2344	18658	43392	526	10722	212	918	3168	11102	25528	0	4084	25644	0	0	0	460	0	226	0	0	0	0	0	0	0	0	0	0	0	0	0	0	0	92	156	0	0	0	0	0	0	0	0	0	0	0	0	0	2234	20232	2456	9790	0	132	132	192	0	0	0	0	0	316	0	0	0	0	0	0	0	0	0	0	0	0	0	0	0	0	0	0	0	0	0	0	0	0	0	0	0	0	0	0	0	0	
202136	Cingulum_Mid_L	134	0	6050	1818	412	166	1682	420	0	0	156	264	802	434	96	264	0	0	11162	4768	0	0	8766	2158	0	0	0	0	662	246	6416	4084	0	16364	3502	806	0	0	0	0	0	0	838	130	1670	394	0	162	3008	322	2894	294	172	0	0	0	220	0	388	0	780	0	0	0	1790	204	7292	2182	5134	226	0	0	0	0	0	0	0	0	0	0	0	0	0	0	920	208	0	0	0	0	0	0	0	0	0	0	0	0	0	0	0	0	0	0	0	0	0	0	0	0	208	0	0	0	0	0	
654872	Cingulum_Mid_R	1586	6014	10926	19038	132	2280	1408	5016	0	0	684	3988	1032	4716	92	1756	282	1416	31184	50664	0	0	9792	17304	0	814	0	0	726	3156	5128	25644	16364	0	1722	9576	0	716	0	166	0	0	212	4816	268	4560	0	3666	0	3120	0	3724	0	1928	0	2722	0	4968	0	358	0	0	0	100	0	1750	1824	18018	8490	21988	1524	852	0	208	0	0	658	0	0	0	0	374	0	0	0	2784	0	0	0	3272	0	0	0	0	0	0	0	0	0	0	0	0	0	0	0	0	0	0	0	0	1930	0	0	0	0	0	
153572	Cingulum_Post_L	3554	524	460	0	0	0	316	124	0	0	0	0	0	0	0	0	0	0	1134	866	0	0	0	0	0	0	0	0	374	0	0	0	3502	1722	0	10632	5664	3104	2668	900	0	0	4604	332	2068	124	3116	304	828	0	1156	110	216	0	646	944	420	266	0	0	0	0	0	0	346	0	9250	2130	4218	762	98	0	136	0	136	0	2950	1666	792	0	0	0	0	0	416	0	0	0	0	142	500	0	158	0	0	0	1010	0	820	0	0	0	0	0	0	0	0	0	0	0	578	0	0	0	0	0	
260108	Cingulum_Post_R	4378	2578	976	310	0	0	538	328	0	0	0	0	0	0	0	0	0	392	534	4052	0	0	0	0	0	0	0	0	380	632	0	0	806	9576	10632	0	3734	9222	1112	2494	0	0	460	3940	586	1020	954	7118	0	340	0	440	0	700	0	4814	612	1966	0	0	0	98	0	0	0	0	3160	18092	2396	4932	612	0	638	0	692	0	7426	5022	808	0	0	410	0	0	0	374	0	0	0	2806	0	0	0	0	0	0	0	324	0	0	0	0	0	0	0	0	0	0	0	0	6640	0	0	0	0	0	
321184	Hippocampus_L	6796	220	3290	0	274	0	2384	0	0	0	552	0	0	0	1060	0	928	0	1378	0	696	0	0	0	0	0	0	0	13886	0	126	0	0	0	5664	3734	0	1530	23870	526	6552	0	3430	0	108	0	13610	0	0	0	800	0	860	0	21688	302	972	0	0	0	104	0	0	0	0	0	7028	186	0	0	878	0	6440	0	1222	0	4812	718	3898	0	2868	0	2906	0	1174	0	180	0	8274	0	1076	0	140	0	0	0	1666	0	1586	0	0	0	0	0	0	0	0	0	0	0	200	0	0	0	0	0	
390664	Hippocampus_R	2198	8572	914	4604	0	250	730	2692	0	0	212	400	0	192	0	126	94	1990	430	2940	0	214	0	560	0	0	0	0	312	12176	0	460	0	716	3104	9222	1530	0	344	30666	0	7826	0	1998	0	0	346	6498	0	0	0	0	0	0	0	34386	314	1460	0	0	0	0	0	172	0	0	294	5004	196	750	944	1678	942	13414	632	1164	4894	9832	322	300	0	702	0	698	0	0	0	0	0	6526	0	1290	0	128	0	432	0	2748	0	2002	0	0	0	282	0	0	0	0	0	0	1510	0	0	0	0	0	
193560	ParaHippocampal_L	1706	0	984	0	152	0	574	0	0	0	0	0	0	0	386	0	212	0	380	0	334	0	0	0	0	0	0	0	3566	0	0	0	0	0	2668	1112	23870	344	0	118	1914	0	3320	0	104	0	13678	0	0	0	762	0	834	0	16632	106	268	0	0	0	0	0	0	0	0	0	4942	0	0	0	0	0	2802	0	180	0	964	132	404	0	1020	0	1084	0	426	0	414	0	3536	0	1432	0	146	0	298	0	2384	0	2136	0	0	0	0	0	184	0	0	0	0	112	160	0	0	0	0	0	
238036	ParaHippocampal_R	668	2396	374	2122	0	138	322	1196	0	0	116	210	0	94	0	0	0	828	138	1274	0	114	0	268	0	0	0	0	150	4738	0	226	0	166	900	2494	526	30666	118	0	0	4846	0	606	0	0	138	5546	0	0	0	0	0	0	0	19956	108	492	0	0	0	0	0	0	0	0	0	2178	0	140	368	904	298	8352	150	910	1112	2800	0	0	0	0	0	696	0	0	0	254	0	2302	0	2524	0	794	0	1492	0	3888	0	3170	0	110	0	1748	102	1482	0	140	0	430	740	0	0	0	0	0	
40444	Amygdala_L	0	0	0	0	422	0	0	0	0	0	0	0	0	0	776	0	0	0	0	0	1360	0	0	0	108	0	350	0	1774	0	112	0	0	0	0	0	6552	0	1914	0	0	0	0	0	0	0	0	0	0	0	0	0	0	0	3248	0	0	0	0	0	0	0	0	0	0	0	0	0	0	0	318	0	458	0	0	0	0	0	0	0	0	0	1084	0	166	0	118	0	1462	0	0	0	0	0	0	0	0	0	0	0	0	0	0	0	0	0	0	0	0	0	0	0	0	0	0	0	
59976	Amygdala_R	0	0	0	194	0	0	0	0	0	0	0	0	0	0	0	184	0	0	0	108	0	1318	0	0	0	0	0	0	0	1780	0	0	0	0	0	0	0	7826	0	4846	0	0	0	0	0	0	0	0	0	0	0	0	0	0	0	7006	0	0	0	0	0	0	0	0	0	0	0	0	0	0	0	316	0	1334	0	0	0	360	0	0	0	0	0	1762	0	0	0	0	0	2518	0	0	0	0	0	182	0	254	0	0	0	0	0	0	0	0	0	0	0	0	0	0	0	0	0	0	
254408	Calcarine_L	652	0	136	0	0	0	146	0	0	0	0	0	0	0	0	0	332	0	488	128	0	0	0	0	0	0	0	0	912	0	0	0	838	212	4604	460	3430	0	3320	0	0	0	0	5890	16568	2614	16452	3060	9198	696	16902	0	4014	200	3920	178	870	0	92	0	230	0	0	0	192	0	19900	862	2738	0	0	0	0	0	0	0	0	0	2524	0	0	0	0	0	456	0	0	0	288	0	650	0	208	0	0	0	1328	0	1092	0	0	0	0	0	0	0	0	0	0	0	424	0	0	0	0	0	
464236	Calcarine_R	0	5310	0	280	0	0	0	202	0	0	0	0	0	0	0	0	0	1126	0	3992	0	0	0	0	0	0	0	0	0	1032	0	0	130	4816	332	3940	0	1998	0	606	0	0	5890	0	2694	27194	1708	35968	0	21902	0	15310	0	9770	0	14118	0	6308	0	838	0	98	0	642	0	1764	1398	36784	262	7540	0	0	0	0	0	0	0	0	0	178	0	2644	0	0	0	3562	0	0	0	9902	0	186	0	0	0	0	0	324	0	268	0	0	0	0	0	0	0	0	0	0	832	150	120	0	0	0	
162888	Cuneus_L	148	0	162	0	0	0	0	0	0	0	0	0	0	0	0	0	0	0	1080	248	0	0	0	0	0	0	0	0	0	0	0	0	1670	268	2068	586	108	0	104	0	0	0	16568	2694	0	6574	948	148	13788	1490	8690	0	1120	0	696	0	212	0	982	0	432	0	0	0	698	0	12636	2988	3318	0	0	0	0	0	0	0	0	0	556	0	0	0	0	0	464	0	0	0	0	0	0	0	0	0	0	0	0	0	0	0	0	0	0	0	0	0	0	0	0	0	0	0	0	0	0	0	
422036	Cuneus_R	0	2614	0	0	0	0	0	0	0	0	0	0	0	0	0	0	0	110	0	2152	0	0	0	0	0	0	0	0	0	0	0	0	394	4560	124	1020	0	0	0	0	0	0	2614	27194	6574	0	0	9012	348	46788	0	20142	0	4608	0	1736	0	7520	0	4306	0	1402	0	438	0	9726	5052	34676	0	8756	0	0	0	0	0	0	0	0	0	0	0	268	0	0	0	6470	0	0	0	2104	0	0	0	0	0	0	0	0	0	116	0	0	0	0	0	0	0	0	0	0	194	0	0	0	0	0	
446904	Lingual_L	1894	0	634	0	0	0	334	0	0	0	0	0	0	0	0	0	360	0	0	0	0	0	0	0	0	0	0	0	850	0	0	0	0	0	3116	954	13610	346	13678	138	0	0	16452	1708	948	0	0	3688	1618	0	20800	0	14702	0	32852	1380	376	0	0	0	0	0	0	0	0	0	12260	424	648	0	0	0	804	0	164	0	874	0	1066	0	260	0	0	0	1598	0	0	0	1982	184	13616	1284	2114	730	98	0	14668	638	21412	2424	130	0	410	182	212	256	0	0	0	296	6738	4950	1588	476	386	142	
433192	Lingual_R	0	2064	0	0	0	0	0	138	0	0	0	0	0	0	0	0	0	308	0	2380	0	0	0	0	0	0	0	0	0	538	0	0	162	3666	304	7118	0	6498	0	5546	0	0	3060	35968	148	9012	3688	0	0	8064	0	10426	0	4610	212	25874	0	2508	0	102	0	104	0	114	0	590	212	23420	176	4046	0	0	0	0	0	0	0	146	0	138	0	644	0	0	0	2172	0	0	0	5120	970	8824	776	1746	112	944	210	6434	1390	11358	0	0	0	0	0	0	0	0	0	382	5032	6058	3084	0	0	0	
288772	Occipital_Sup_L	410	0	0	0	0	0	0	0	0	0	0	0	0	0	0	0	220	0	1608	0	0	0	0	0	0	0	0	0	110	0	0	0	3008	0	828	0	0	0	0	0	0	0	9198	0	13788	348	1618	0	0	0	45146	0	2554	0	636	0	2968	0	11552	0	6972	0	390	0	7152	0	17344	264	4420	0	0	0	0	0	0	0	0	0	352	0	520	0	0	0	10952	0	0	0	2028	0	0	0	0	0	0	0	0	0	0	0	0	0	0	0	0	0	0	0	0	0	0	0	0	0	0	0	
406860	Occipital_Sup_R	0	1722	0	0	0	0	0	0	0	0	0	0	0	0	0	0	0	104	0	894	0	0	0	0	0	0	0	0	0	0	0	0	322	3120	0	340	0	0	0	0	0	0	696	21902	1490	46788	0	8064	0	0	0	29208	0	5578	0	2448	0	6444	0	7974	0	2508	0	884	0	15478	3642	29564	0	6734	0	0	0	0	0	0	0	0	0	0	0	264	0	0	0	5894	0	0	0	1368	0	0	0	0	0	0	0	0	0	0	0	0	0	0	0	0	0	0	0	0	0	0	0	0	0	0	
609916	Occipital_Mid_L	2456	0	168	0	0	0	268	0	0	0	0	0	0	0	0	0	1910	0	1620	104	0	0	0	0	0	0	0	0	2082	0	0	0	2894	0	1156	0	800	0	762	0	0	0	16902	0	8690	0	20800	0	45146	0	0	0	33168	0	13978	0	10758	0	18700	0	17678	0	3312	0	17706	0	21084	246	8486	0	146	0	0	0	0	0	0	0	4792	0	2156	0	0	0	32298	0	0	0	11832	0	654	0	214	0	0	0	520	0	940	0	0	0	0	0	0	0	0	0	0	0	348	184	0	0	0	0	
341108	Occipital_Mid_R	0	1972	0	0	0	0	0	0	0	0	0	0	0	0	0	0	0	144	0	1430	0	0	0	0	0	0	0	0	0	116	0	0	294	3724	110	440	0	0	0	0	0	0	0	15310	0	20142	0	10426	0	29208	0	0	0	4718	0	3024	0	4396	0	4462	0	3174	0	1560	0	21012	1132	17510	112	6338	0	0	0	0	0	0	0	0	0	0	0	620	0	0	0	15268	0	0	0	3774	0	0	0	0	0	0	0	0	0	0	0	0	0	0	0	0	0	0	0	0	138	0	0	0	0	0	
269468	Occipital_Inf_L	998	0	168	0	0	0	138	0	0	0	0	0	0	0	0	0	764	0	232	0	0	0	0	0	0	0	0	0	1244	0	0	0	172	0	216	0	860	0	834	0	0	0	4014	0	1120	0	14702	0	2554	0	33168	0	0	0	23690	0	1418	0	432	0	1894	0	2182	0	1234	0	2520	0	2522	0	0	0	188	0	0	0	140	0	4958	0	1094	0	0	0	10592	0	0	0	14920	0	1732	0	364	0	0	0	578	0	2050	112	0	0	0	0	0	0	0	0	0	0	370	412	148	0	0	0	
150540	Occipital_Inf_R	0	4138	176	468	0	0	116	446	0	0	0	0	0	0	0	0	0	318	0	2768	0	0	0	0	0	0	0	0	0	198	0	0	0	1928	0	700	0	0	0	0	0	0	200	9770	0	4608	0	4610	0	5578	0	4718	0	0	0	7870	0	2804	0	0	0	376	0	212	0	1428	0	7874	0	4720	0	0	0	0	0	0	0	0	0	0	0	286	0	0	0	2216	0	0	0	5518	0	730	0	0	0	0	0	0	0	96	0	0	0	0	0	0	0	0	0	0	400	0	0	0	0	0	
589856	Fusiform_L	806	0	1168	0	130	0	836	0	0	0	306	0	0	0	478	0	1408	0	982	0	302	0	0	0	0	0	0	0	10480	0	0	0	0	0	646	0	21688	0	16632	0	3248	0	3920	0	696	0	32852	212	636	0	13978	0	23690	0	0	142	854	0	200	0	1218	0	984	0	322	0	4784	0	730	0	108	0	2840	0	0	0	230	0	5174	0	7812	0	3688	0	4248	0	1754	0	31076	0	30258	286	3040	316	330	0	15182	0	35456	504	748	0	1882	0	158	0	0	0	0	0	2642	1944	924	0	0	0	
562136	Fusiform_R	222	7114	444	1392	0	0	310	1360	0	0	0	0	0	0	0	146	0	954	172	4120	0	124	0	102	0	0	0	0	0	7616	0	92	0	2722	944	4814	302	34386	106	19956	0	7006	178	14118	0	1736	1380	25874	0	2448	0	3024	0	7870	142	0	0	3062	0	222	0	400	0	538	0	474	268	11394	152	4086	154	370	146	3952	0	598	124	1348	102	406	0	3156	0	3068	0	786	0	1302	0	28520	430	20632	374	2450	0	1030	0	7624	584	22894	0	206	0	1438	0	364	0	0	0	102	2944	2664	1530	0	0	0	
355028	Postcentral_L	33588	0	2476	286	0	114	4264	0	0	0	3246	0	276	0	0	0	11690	0	1942	266	0	0	0	144	0	94	0	0	7616	296	0	156	220	0	420	612	972	314	268	108	0	0	870	0	212	0	376	0	2968	0	10758	0	1418	0	854	0	0	0	13240	0	30856	0	11132	0	3366	0	5394	0	3870	0	3298	302	316	172	300	0	1766	220	4270	0	6216	0	400	0	3556	0	0	0	2016	0	0	0	0	0	0	0	0	0	0	0	0	0	0	0	0	0	0	0	0	0	0	0	0	0	0	0	
354488	Postcentral_R	526	26588	940	176	0	0	1142	482	0	0	374	860	0	0	0	0	0	6428	128	4642	0	0	0	0	0	0	0	0	0	2156	0	0	0	4968	266	1966	0	1460	0	492	0	0	0	6308	0	7520	0	2508	0	6444	0	4396	0	2804	0	3062	0	0	0	7052	0	6112	0	15548	0	3626	586	17216	516	23130	700	0	302	470	288	0	180	724	0	230	0	2376	0	0	0	5348	0	0	0	5558	0	0	0	0	0	0	0	0	0	0	0	0	0	0	0	0	0	0	0	0	646	0	0	0	0	0	
188740	Parietal_Sup_L	680	0	0	0	0	0	0	0	0	0	0	0	0	0	0	0	1050	0	0	0	0	0	0	0	0	0	0	0	610	0	0	0	388	0	0	0	0	0	0	0	0	0	92	0	982	0	0	0	11552	0	18700	0	432	0	200	0	13240	0	0	0	17042	0	1374	0	7004	0	14478	418	2004	0	96	0	0	0	0	0	0	0	188	0	726	0	0	0	2074	0	0	0	1040	0	0	0	0	0	0	0	0	0	0	0	0	0	0	0	0	0	0	0	0	0	0	0	0	0	0	0	
111448	Parietal_Sup_R	0	786	0	0	0	0	0	0	0	0	0	0	0	0	0	0	0	0	0	0	0	0	0	0	0	0	0	0	0	0	0	0	0	358	0	0	0	0	0	0	0	0	0	838	0	4306	0	102	0	7974	0	4462	0	0	0	222	0	7052	0	0	0	3914	0	160	0	7158	2032	9946	0	5572	0	0	0	0	0	0	0	0	0	0	0	0	0	0	0	518	0	0	0	324	0	0	0	0	0	0	0	0	0	0	0	0	0	0	0	0	0	0	0	0	0	0	0	0	0	0	
283688	Parietal_Inf_L	5424	0	382	0	0	0	586	0	0	0	110	0	0	0	0	0	2182	0	554	0	0	0	0	0	0	0	0	0	2580	0	0	0	780	0	0	0	104	0	0	0	0	0	230	0	432	0	0	0	6972	0	17678	0	1894	0	1218	0	30856	0	17042	0	0	0	16248	0	23040	0	4148	0	760	0	290	0	0	0	0	0	0	0	714	0	1160	0	0	0	3156	0	0	0	3304	0	0	0	0	0	0	0	0	0	0	0	0	0	0	0	0	0	0	0	0	0	0	0	0	0	0	0	
80968	Parietal_Inf_R	0	1414	0	0	0	0	0	0	0	0	0	0	0	0	0	0	0	0	0	0	0	0	0	0	0	0	0	0	0	0	0	0	0	0	0	98	0	0	0	0	0	0	0	98	0	1402	0	104	0	2508	0	3174	0	376	0	400	0	6112	0	3914	0	0	0	6650	0	11064	0	1328	0	982	0	0	0	0	0	0	0	0	0	0	0	110	0	0	0	242	0	0	0	508	0	0	0	0	0	0	0	0	0	0	0	0	0	0	0	0	0	0	0	0	0	0	0	0	0	0	
136328	SupraMarginal_L	738	0	234	0	0	0	106	0	0	0	0	0	0	0	0	0	2770	0	310	0	0	0	0	0	0	0	0	0	258	0	0	0	0	0	0	0	0	0	0	0	0	0	0	0	0	0	0	0	390	0	3312	0	2182	0	984	0	11132	0	1374	0	16248	0	0	0	7700	0	278	0	170	0	122	0	0	0	0	0	0	0	118	0	7972	0	0	0	7954	0	0	0	3812	0	0	0	0	0	0	0	0	0	0	0	0	0	0	0	0	0	0	0	0	0	0	0	0	0	0	0	
125328	SupraMarginal_R	192	3034	346	0	0	0	512	98	0	0	100	0	0	0	0	0	0	3808	0	108	0	0	0	0	0	0	0	0	0	374	0	0	0	100	0	0	0	172	0	0	0	0	0	642	0	438	0	114	0	884	0	1560	0	212	0	538	0	15548	0	160	0	6650	0	0	0	10464	0	1352	0	976	328	0	102	122	102	0	0	212	0	0	0	8746	0	0	0	1412	0	0	0	3258	0	0	0	0	0	0	0	0	0	0	0	0	0	0	0	0	0	0	0	0	0	0	0	0	0	0	
183340	Angular_L	736	0	136	0	0	0	0	0	0	0	0	0	0	0	0	0	700	0	638	0	0	0	0	0	0	0	0	0	376	0	0	0	1790	0	346	0	0	0	0	0	0	0	192	0	698	0	0	0	7152	0	17706	0	1234	0	322	0	3366	0	7004	0	23040	0	7700	0	0	0	3760	0	1200	0	0	0	0	0	0	0	0	0	0	0	1786	0	0	0	9342	0	0	0	2446	0	0	0	0	0	0	0	0	0	0	0	0	0	0	0	0	0	0	0	0	0	0	0	0	0	0	0	
233676	Angular_R	0	1534	0	0	0	0	0	0	0	0	0	0	0	0	0	0	0	466	0	162	0	0	0	0	0	0	0	0	0	0	0	0	204	1750	0	0	0	0	0	0	0	0	0	1764	0	9726	0	590	0	15478	0	21012	0	1428	0	474	0	3626	0	7158	0	11064	0	10464	0	0	572	7846	0	3208	0	0	0	0	0	0	0	98	0	0	0	5368	0	0	0	11350	0	0	0	1334	0	162	0	0	0	0	0	0	0	0	0	0	0	0	0	0	0	0	0	0	0	0	0	0	0	0	
415920	Precuneus_L	1030	0	330	0	0	0	134	0	0	0	0	0	0	0	0	0	234	0	1232	356	0	0	0	0	0	0	0	0	586	0	0	0	7292	1824	9250	3160	7028	294	4942	0	0	0	19900	1398	12636	5052	12260	212	17344	3642	21084	1132	2520	0	4784	268	5394	586	14478	2032	4148	0	278	0	3760	572	0	14690	7466	2294	0	0	0	0	0	0	0	0	1510	0	218	0	0	0	3248	568	0	0	572	0	1224	0	188	0	0	0	2252	0	2024	0	0	0	0	0	0	0	0	0	0	0	534	0	0	0	0	0	
693296	Precuneus_R	166	8710	92	106	0	0	0	244	0	0	0	0	0	0	0	0	0	1232	322	8676	0	0	0	0	0	0	0	0	0	1154	0	0	2182	18018	2130	18092	186	5004	0	2178	0	0	862	36784	2988	34676	424	23420	264	29564	246	17510	0	7874	0	11394	0	17216	418	9946	0	1328	0	1352	0	7846	14690	0	1180	25264	0	0	0	0	0	0	128	234	0	220	0	3048	0	0	0	9148	0	0	0	12216	0	164	0	0	0	0	0	1120	0	108	0	0	0	0	0	0	0	0	0	0	6524	0	0	0	0	0	
236344	Paracentral_Lobule_L	10046	2684	5496	3116	0	0	302	0	0	0	0	0	0	0	0	0	158	0	10098	10740	0	0	0	0	0	0	0	0	174	0	0	0	5134	8490	4218	2396	0	196	0	0	0	0	2738	262	3318	0	648	176	4420	0	8486	112	2522	0	730	152	3870	516	2004	0	760	0	170	0	1200	0	7466	1180	0	5188	1328	522	192	0	212	0	1388	588	780	0	182	0	0	0	2894	0	0	0	722	96	0	0	0	0	0	0	0	0	0	0	0	0	0	0	0	0	0	0	0	0	102	0	0	0	0	0	
389192	Paracentral_Lobule_R	268	18424	166	152	0	0	0	122	0	0	0	0	0	0	0	0	0	748	354	21192	0	0	0	0	0	0	0	0	0	834	0	0	226	21988	762	4932	0	750	0	140	0	0	0	7540	0	8756	0	4046	0	6734	0	6338	0	4720	0	4086	0	23130	0	5572	0	982	0	976	0	3208	2294	25264	5188	0	448	0	0	0	0	0	0	108	0	0	0	1090	0	0	0	5874	0	0	0	5772	0	0	0	0	0	0	0	0	0	0	0	0	0	0	0	0	0	0	0	0	1412	0	0	0	0	0	
382132	Caudate_L	9354	1408	15734	2482	452	0	13204	568	0	0	4512	196	718	0	204	0	2620	160	8542	3838	5262	4940	588	282	1736	224	1144	0	5396	654	7528	2234	0	1524	98	612	878	944	0	368	318	0	0	0	0	0	0	0	0	0	146	0	0	0	108	154	3298	700	96	0	290	0	122	328	0	0	0	0	1328	448	0	20244	28686	5240	9948	3074	14202	2352	712	0	354	0	364	0	150	0	0	0	0	0	0	0	0	0	0	0	0	0	0	0	0	0	0	0	0	0	0	0	0	0	0	0	0	0	0	0	
483660	Caudate_R	2756	1254	7658	23480	192	9736	5882	1440	0	0	3946	3040	1684	1786	128	284	1386	256	5104	18826	2770	6414	1748	11504	194	12638	226	1942	3162	4344	7232	20232	0	852	0	0	0	1678	0	904	0	316	0	0	0	0	0	0	0	0	0	0	0	0	0	370	302	0	0	0	0	0	0	0	0	0	0	0	522	0	20244	0	12018	20064	1146	3960	3794	13782	154	0	0	0	298	182	0	0	0	0	0	0	0	0	0	0	0	0	0	0	0	0	0	0	0	0	0	0	0	0	0	0	0	0	0	0	0	0	
482100	Putamen_L	7928	700	21720	918	8556	0	18372	342	4042	0	3258	118	2516	0	7242	0	708	0	11836	1550	3572	4132	2142	152	2076	0	2198	0	16206	256	10508	2456	0	0	136	638	6440	942	2802	298	458	0	0	0	0	0	804	0	0	0	0	0	188	0	2840	146	316	302	0	0	0	0	0	102	0	0	0	0	192	0	28686	12018	0	3480	25124	2990	13224	1020	342	0	492	0	1994	0	354	0	132	0	1086	0	0	0	0	0	0	0	0	0	0	0	0	0	0	0	0	0	0	0	0	0	0	0	0	0	0	0	
369996	Putamen_R	1338	934	3432	16560	0	7254	3556	6080	0	484	590	2730	188	1752	0	1506	208	2734	2356	7504	466	2002	492	6664	0	6388	0	1342	464	27200	3344	9790	0	208	0	0	0	13414	0	8352	0	1334	0	0	0	0	0	0	0	0	0	0	0	0	0	3952	172	470	0	0	0	0	0	122	0	0	0	0	0	0	5240	20064	3480	0	166	2606	748	3534	0	0	0	256	0	216	0	0	0	0	0	818	0	652	0	0	0	98	0	734	0	850	0	0	0	154	0	0	0	0	0	0	0	0	0	0	0	0	
174944	Pallidum_L	5808	650	8708	572	0	0	10088	312	0	0	986	0	224	0	0	0	362	0	1616	1422	0	0	0	0	0	0	0	0	276	108	0	0	0	0	136	692	1222	632	180	150	0	0	0	0	0	0	164	0	0	0	0	0	0	0	0	0	300	288	0	0	0	0	0	102	0	0	0	0	212	0	9948	1146	25124	166	0	164	14814	900	0	0	0	0	0	0	0	0	0	0	0	0	0	0	0	0	0	0	0	0	0	0	0	0	0	0	0	0	0	0	0	0	0	0	0	0	0	0	
43224	Pallidum_R	466	0	1008	626	0	0	1298	0	0	0	0	0	0	0	0	0	0	0	0	552	0	812	0	0	0	0	0	0	0	0	310	132	0	0	0	0	0	1164	0	910	0	0	0	0	0	0	0	0	0	0	0	0	0	0	0	598	0	0	0	0	0	0	0	0	0	0	0	0	0	0	3074	3960	2990	2606	164	0	822	120	0	0	0	0	0	0	0	0	0	0	0	0	0	0	0	0	0	0	0	0	0	0	0	0	0	0	0	0	0	0	0	0	0	0	0	0	0	0	
286972	Thalamus_L	14892	3246	10902	2816	0	0	12018	578	0	0	496	0	0	0	0	0	232	150	1704	4964	0	0	0	0	0	0	0	0	1632	426	210	132	0	658	2950	7426	4812	4894	964	1112	0	0	0	0	0	0	874	0	0	0	0	0	140	0	230	124	1766	180	0	0	0	0	0	0	0	0	0	128	1388	0	14202	3794	13224	748	14814	822	0	11920	1804	0	0	0	0	0	0	0	0	0	0	0	0	0	0	0	0	0	0	0	0	0	0	0	0	0	0	0	0	0	0	0	114	0	0	0	0	0	
207220	Thalamus_R	2706	8026	3064	12838	0	0	2096	2432	0	0	334	154	0	0	0	0	298	1234	1266	5978	0	138	0	0	0	0	0	0	360	3954	294	192	0	0	1666	5022	718	9832	132	2800	0	360	0	0	0	0	0	146	0	0	0	0	0	0	0	1348	220	724	0	0	0	0	0	212	0	98	0	234	588	108	2352	13782	1020	3534	900	120	11920	0	96	0	0	100	0	0	0	0	0	0	0	0	0	0	0	0	0	0	0	0	0	116	0	0	0	0	0	0	0	0	0	0	98	0	0	0	0	0	
167896	Heschl_L	4434	0	1322	120	100	0	1414	0	0	0	706	0	0	0	0	0	9458	0	932	136	0	0	0	0	0	0	0	0	13020	0	0	0	0	0	792	808	3898	322	404	0	0	0	2524	0	556	0	1066	0	352	0	4792	0	4958	0	5174	102	4270	0	188	0	714	0	118	0	0	0	1510	0	780	0	712	154	342	0	0	0	1804	96	0	0	7262	0	572	0	3740	0	0	0	4038	0	258	0	0	0	0	0	0	0	0	0	0	0	0	0	0	0	0	0	0	0	0	0	0	0	0	0	
24648	Heschl_R	0	318	0	0	0	0	0	0	0	0	0	178	0	0	0	0	0	1708	0	0	0	0	0	0	0	0	0	0	0	1972	0	0	0	0	0	0	0	300	0	0	0	0	0	178	0	0	0	138	0	0	0	0	0	0	0	406	0	230	0	0	0	0	0	0	0	0	0	220	0	0	0	0	0	0	0	0	0	0	0	0	0	4394	0	0	0	1760	0	0	0	522	0	0	0	0	0	0	0	0	0	0	0	0	0	0	0	0	0	0	0	0	0	0	0	0	0	0	
277312	Temporal_Sup_L	2780	0	1116	0	0	0	798	0	0	0	1484	0	322	0	114	0	12748	0	1020	0	0	0	0	0	0	0	0	0	10512	0	0	0	0	0	0	0	2868	0	1020	0	0	0	0	0	0	0	260	0	520	0	2156	0	1094	0	7812	0	6216	0	726	0	1160	0	7972	0	1786	0	218	0	182	0	354	0	492	0	0	0	0	0	7262	0	0	0	5648	0	36844	0	126	0	22012	0	532	0	0	0	0	0	120	0	382	0	0	0	0	0	0	0	0	0	0	0	0	0	0	0	0	0	
158752	Temporal_Sup_R	0	1494	116	164	0	0	0	166	0	0	0	600	0	0	0	92	0	5412	0	390	0	0	0	0	0	0	0	0	0	6110	0	0	0	374	0	410	0	702	0	0	0	0	0	2644	0	268	0	644	0	264	0	620	0	286	0	3156	0	2376	0	0	0	110	0	8746	0	5368	0	3048	0	1090	0	0	0	256	0	0	0	100	0	4394	0	0	0	2390	0	15878	0	644	0	10854	0	0	0	0	0	0	0	0	0	0	0	0	0	0	0	0	0	0	0	0	210	0	0	0	0	0	
109920	Temporal_Pole_Sup_L	478	0	506	0	578	0	398	0	170	0	2088	0	1430	0	2258	0	2802	0	382	0	746	0	96	0	0	0	0	0	8498	0	170	0	0	0	0	0	2906	0	1084	0	1084	0	0	0	0	0	0	0	0	0	0	0	0	0	3688	0	400	0	0	0	0	0	0	0	0	0	0	0	0	0	364	298	1994	0	0	0	0	0	572	0	5648	0	0	0	6390	0	4032	0	5900	0	0	0	0	0	0	0	0	0	0	0	0	0	0	0	0	0	0	0	0	0	0	0	0	0	0	0	
61584	Temporal_Pole_Sup_R	0	0	0	422	0	202	0	0	0	0	260	1868	148	360	0	1104	0	1566	0	318	0	200	0	308	0	148	0	0	0	3180	0	316	0	0	0	0	0	698	0	696	0	1762	0	0	0	0	0	0	0	0	0	0	0	0	0	3068	0	0	0	0	0	0	0	0	0	0	0	0	0	0	0	182	0	216	0	0	0	0	0	0	0	2390	0	0	0	3924	0	3118	0	4338	0	0	0	0	0	0	0	0	0	0	0	0	0	0	0	0	0	0	0	0	0	0	0	0	0	0	
399644	Temporal_Mid_L	1296	0	306	0	0	0	164	0	0	0	138	0	0	0	286	0	4002	0	934	0	0	0	0	0	0	0	0	0	4932	0	0	0	920	0	416	0	1174	0	426	0	166	0	456	0	464	0	1598	0	10952	0	32298	0	10592	0	4248	0	3556	0	2074	0	3156	0	7954	0	9342	0	3248	0	2894	0	150	0	354	0	0	0	0	0	3740	0	36844	0	6390	0	0	0	4748	0	39302	0	302	0	0	0	0	0	0	0	0	0	0	0	0	0	0	0	0	0	0	0	0	0	0	0	0	0	
256152	Temporal_Mid_R	0	4452	136	0	0	0	94	388	0	0	0	106	0	0	0	124	0	558	0	1216	0	0	0	0	0	0	0	0	0	2142	0	0	208	2784	0	374	0	0	0	0	0	0	0	3562	0	6470	0	2172	0	5894	0	15268	0	2216	0	786	0	5348	0	518	0	242	0	1412	0	11350	568	9148	0	5874	0	0	0	0	0	0	0	0	0	1760	0	15878	0	3924	0	0	0	2326	0	20608	0	0	0	0	0	0	0	0	0	0	0	0	0	0	0	0	0	0	0	0	170	0	0	0	0	0	
33216	Temporal_Pole_Mid_L	0	0	0	0	0	0	0	0	0	0	0	0	0	0	326	0	0	0	0	0	0	0	0	0	0	0	0	0	426	0	0	0	0	0	0	0	180	0	414	0	118	0	0	0	0	0	0	0	0	0	0	0	0	0	1754	0	0	0	0	0	0	0	0	0	0	0	0	0	0	0	0	0	132	0	0	0	0	0	0	0	126	0	4032	0	4748	0	0	0	4352	0	0	0	0	0	0	0	0	0	0	0	0	0	0	0	0	0	0	0	0	0	0	0	0	0	0	0	
19552	Temporal_Pole_Mid_R	0	0	0	0	0	0	0	0	0	0	0	0	0	0	0	98	0	0	0	0	0	0	0	0	0	0	0	0	0	410	0	0	0	0	0	0	0	0	0	254	0	0	0	0	0	0	0	0	0	0	0	0	0	0	0	1302	0	0	0	0	0	0	0	0	0	0	0	0	0	0	0	0	0	0	0	0	0	0	0	0	0	644	0	3118	0	2326	0	0	0	1624	0	0	0	0	0	0	0	0	0	0	0	0	0	0	0	0	0	0	0	0	0	0	0	0	0	0	
391188	Temporal_Inf_L	788	0	980	0	0	0	650	0	0	0	364	0	0	0	214	0	2054	0	896	0	0	0	0	0	0	0	0	0	9048	0	0	0	0	0	0	0	8274	0	3536	0	1462	0	288	0	0	0	1982	0	2028	0	11832	0	14920	0	31076	0	2016	0	1040	0	3304	0	3812	0	2446	0	572	0	722	0	0	0	1086	0	0	0	0	0	4038	0	22012	0	5900	0	39302	0	4352	0	0	0	6244	0	1952	0	0	0	772	0	2678	0	1418	0	1536	0	0	0	0	0	0	0	0	0	0	0	0	0	
341028	Temporal_Inf_R	0	7214	622	240	0	0	382	1602	0	0	0	0	0	0	0	216	0	1252	252	3506	0	0	0	0	0	0	0	0	0	4092	0	0	0	3272	142	2806	0	6526	0	2302	0	2518	0	9902	0	2104	184	5120	0	1368	0	3774	0	5518	0	28520	0	5558	0	324	0	508	0	3258	0	1334	0	12216	96	5772	0	0	0	818	0	0	0	0	0	522	0	10854	0	4338	0	20608	0	1624	0	0	0	4786	0	430	0	154	0	222	0	1236	0	164	0	688	0	126	0	0	0	0	1444	0	0	0	0	0	
511056	Cerebelum_Crus1_L	0	0	0	0	0	0	0	0	0	0	0	0	0	0	0	0	94	0	0	0	0	0	0	0	0	0	0	0	512	0	0	0	0	0	500	0	1076	0	1432	0	0	0	650	0	0	0	13616	970	0	0	654	0	1732	0	30258	430	0	0	0	0	0	0	0	0	0	0	1224	0	0	0	0	0	0	0	0	0	0	0	258	0	532	0	0	0	302	0	0	0	6244	0	0	946	36962	874	2380	242	24522	174	56274	1674	17356	0	26594	292	6894	596	1740	0	226	1082	5482	3702	4418	1006	1354	254	
406916	Cerebelum_Crus1_R	0	0	0	0	0	0	0	0	0	0	0	0	0	0	0	0	0	0	0	108	0	0	0	0	0	0	0	0	0	338	0	0	0	0	0	0	0	1290	0	2524	0	0	0	186	0	0	1284	8824	0	0	0	0	0	730	286	20632	0	0	0	0	0	0	0	0	0	162	0	164	0	0	0	0	0	652	0	0	0	0	0	0	0	0	0	0	0	0	0	0	0	4786	946	0	622	27450	0	3544	588	18570	1364	54884	180	5654	292	17978	186	3444	0	0	0	1320	9258	8640	4846	906	820	0	
429768	Cerebelum_Crus2_L	0	0	0	0	0	0	0	0	0	0	0	0	0	0	0	0	0	0	0	0	0	0	0	0	0	0	0	0	0	0	0	0	0	0	158	0	140	0	146	0	0	0	208	0	0	0	2114	776	0	0	214	0	364	0	3040	374	0	0	0	0	0	0	0	0	0	0	188	0	0	0	0	0	0	0	0	0	0	0	0	0	0	0	0	0	0	0	0	0	1952	0	36962	622	0	10562	872	414	4478	306	10194	1200	46526	3196	42556	6436	9070	2730	1434	0	174	634	1534	2168	13326	7318	2498	0	
377104	Cerebelum_Crus2_R	0	0	0	0	0	0	0	0	0	0	0	0	0	0	0	0	0	0	0	0	0	0	0	0	0	0	0	0	0	0	0	0	0	0	0	0	0	128	0	794	0	0	0	0	0	0	730	1746	0	0	0	0	0	0	316	2450	0	0	0	0	0	0	0	0	0	0	0	0	0	0	0	0	0	0	0	0	0	0	0	0	0	0	0	0	0	0	0	0	0	430	874	27450	10562	0	0	1890	446	3986	1166	12724	7012	26130	3670	41586	524	11138	0	0	0	1094	3204	5218	14018	5980	3286	0	
53696	Cerebelum_3_L	0	0	0	0	0	0	0	0	0	0	0	0	0	0	0	0	0	0	0	0	0	0	0	0	0	0	0	0	0	0	0	0	0	0	0	0	0	0	298	0	0	0	0	0	0	0	98	112	0	0	0	0	0	0	330	0	0	0	0	0	0	0	0	0	0	0	0	0	0	0	0	0	0	0	0	0	0	0	0	0	0	0	0	0	0	0	0	0	0	0	2380	0	872	0	0	268	5996	0	2230	0	262	0	1778	0	2946	162	200	0	1048	5794	1546	202	128	92	106	0	
68516	Cerebelum_3_R	0	0	0	0	0	0	0	0	0	0	0	0	0	0	0	0	0	0	0	0	0	0	0	0	0	0	0	0	0	0	0	0	0	0	0	0	0	432	0	1492	0	182	0	0	0	0	0	944	0	0	0	0	0	0	0	1030	0	0	0	0	0	0	0	0	0	0	0	0	0	0	0	0	0	98	0	0	0	0	0	0	0	0	0	0	0	0	0	0	0	154	242	3544	414	1890	268	0	300	5166	236	4786	154	0	246	1316	158	1904	0	0	544	4854	1198	308	656	818	924	0	
297044	Cerebelum_4_5_L	0	0	0	0	0	0	0	0	0	0	0	0	0	0	0	0	0	0	0	0	0	0	0	0	0	0	0	0	148	0	0	0	0	0	1010	0	1666	0	2384	0	0	0	1328	0	0	0	14668	210	0	0	520	0	578	0	15182	0	0	0	0	0	0	0	0	0	0	0	2252	0	0	0	0	0	0	0	0	0	0	0	0	0	120	0	0	0	0	0	0	0	772	0	24522	588	4478	446	5996	300	0	344	34230	774	1932	0	6668	250	5524	492	162	0	290	3080	12012	2790	552	608	858	788	
191648	Cerebelum_4_5_R	0	0	0	0	0	0	0	0	0	0	0	0	0	0	0	0	0	0	0	0	0	0	0	0	0	0	0	0	0	422	0	0	0	0	0	324	0	2748	0	3888	0	254	0	324	0	0	638	6434	0	0	0	0	0	0	0	7624	0	0	0	0	0	0	0	0	0	0	0	1120	0	0	0	0	0	734	0	0	0	0	0	0	0	0	0	0	0	0	0	0	0	222	174	18570	306	3986	0	5166	344	0	202	24110	214	592	206	3532	0	814	0	0	0	1074	9670	756	346	356	674	0	
462412	Cerebelum_6_L	0	0	0	0	0	0	0	0	0	0	0	0	0	0	0	0	0	0	0	0	0	0	0	0	0	0	0	0	536	0	0	0	0	0	820	0	1586	0	2136	0	0	0	1092	0	0	0	21412	1390	0	0	940	0	2050	0	35456	584	0	0	0	0	0	0	0	0	0	0	2024	0	0	0	0	0	0	0	0	0	0	0	0	0	382	0	0	0	0	0	0	0	2678	0	56274	1364	10194	1166	2230	236	34230	202	0	2704	4160	0	11072	472	5814	988	814	0	236	1060	9130	7892	4318	1440	1720	404	
382768	Cerebelum_6_R	0	0	0	104	0	0	0	0	0	0	0	0	0	0	0	0	0	0	0	0	0	0	0	0	0	0	0	0	0	518	0	0	0	0	0	0	0	2002	0	3170	0	0	0	268	0	116	2424	11358	0	0	0	0	112	96	504	22894	0	0	0	0	0	0	0	0	0	0	0	108	0	0	0	0	0	850	0	0	0	116	0	0	0	0	0	0	0	0	0	0	0	1236	1674	54884	1200	12724	0	4786	774	24110	2704	0	312	1126	446	7538	204	2296	0	0	0	1342	11070	11586	5040	854	838	0	
318744	Cerebelum_7b_L	0	0	0	0	0	0	0	0	0	0	0	0	0	0	0	0	0	0	0	0	0	0	0	0	0	0	0	0	0	0	0	0	0	0	0	0	0	0	0	0	0	0	0	0	0	0	130	0	0	0	0	0	0	0	748	0	0	0	0	0	0	0	0	0	0	0	0	0	0	0	0	0	0	0	0	0	0	0	0	0	0	0	0	0	0	0	0	0	1418	0	17356	180	46526	7012	262	154	1932	214	4160	312	0	3140	41216	5558	9408	1630	2080	0	0	184	576	280	7804	5858	1234	0	
165556	Cerebelum_7b_R	0	0	0	0	0	0	0	0	0	0	0	0	0	0	0	0	0	0	0	0	0	0	0	0	0	0	0	0	0	0	0	0	0	0	0	0	0	0	0	110	0	0	0	0	0	0	0	0	0	0	0	0	0	0	0	206	0	0	0	0	0	0	0	0	0	0	0	0	0	0	0	0	0	0	0	0	0	0	0	0	0	0	0	0	0	0	0	0	0	164	0	5654	3196	26130	0	0	0	592	0	1126	3140	0	2250	28776	162	5650	0	0	0	0	444	0	2156	2910	112	0	
405816	Cerebelum_8_L	0	0	0	0	0	0	0	0	0	0	0	0	0	0	0	0	0	0	0	0	0	0	0	0	0	0	0	0	0	0	0	0	0	0	0	0	0	0	0	0	0	0	0	0	0	0	410	0	0	0	0	0	0	0	1882	0	0	0	0	0	0	0	0	0	0	0	0	0	0	0	0	0	0	0	0	0	0	0	0	0	0	0	0	0	0	0	0	0	1536	0	26594	292	42556	3670	1778	246	6668	206	11072	446	41216	2250	0	6472	28150	2712	4068	0	162	798	2164	892	4760	8300	3144	464	
351964	Cerebelum_8_R	0	0	0	0	0	0	0	0	0	0	0	0	0	0	0	0	0	0	0	0	0	0	0	0	0	0	0	0	0	102	0	0	0	0	0	0	0	282	0	1748	0	0	0	0	0	0	182	0	0	0	0	0	0	0	0	1438	0	0	0	0	0	0	0	0	0	0	0	0	0	0	0	0	0	154	0	0	0	0	0	0	0	0	0	0	0	0	0	0	0	688	292	17978	6436	41586	0	1316	250	3532	472	7538	5558	28776	6472	0	1684	25164	0	1454	0	558	1554	604	6072	9828	4160	104	
184804	Cerebelum_9_L	0	0	0	0	0	0	0	0	0	0	0	0	0	0	0	0	0	0	0	0	0	0	0	0	0	0	0	0	0	0	0	0	0	0	0	0	0	0	184	102	0	0	0	0	0	0	212	0	0	0	0	0	0	0	158	0	0	0	0	0	0	0	0	0	0	0	0	0	0	0	0	0	0	0	0	0	0	0	0	0	0	0	0	0	0	0	0	0	0	0	6894	186	9070	524	2946	158	5524	0	5814	204	9408	162	28150	1684	0	1980	5840	0	158	942	2668	2260	1172	2864	2532	606	
189428	Cerebelum_9_R	0	0	0	0	0	0	0	0	0	0	0	0	0	0	0	0	0	0	0	0	0	0	0	0	0	0	0	0	0	0	0	0	0	0	0	0	0	0	0	1482	0	0	0	0	0	0	256	0	0	0	0	0	0	0	0	364	0	0	0	0	0	0	0	0	0	0	0	0	0	0	0	0	0	0	0	0	0	0	0	0	0	0	0	0	0	0	0	0	0	126	596	3444	2730	11138	162	1904	492	814	988	2296	1630	5650	2712	25164	1980	0	0	2364	334	1874	1864	2382	4586	8138	7962	1282	
32908	Cerebelum_10_L	0	0	0	0	0	0	0	0	0	0	0	0	0	0	0	0	0	0	0	0	0	0	0	0	0	0	0	0	0	0	0	0	0	0	0	0	0	0	0	0	0	0	0	0	0	0	0	0	0	0	0	0	0	0	0	0	0	0	0	0	0	0	0	0	0	0	0	0	0	0	0	0	0	0	0	0	0	0	0	0	0	0	0	0	0	0	0	0	0	0	1740	0	1434	0	200	0	162	0	814	0	2080	0	4068	0	5840	0	0	0	0	0	0	0	0	0	116	0	
