data	data	399980	323044	1.02771e+06	852352	221036	97948	452544	186712	117184	33516	237096	228196	244464	134504	209736	138112	203572	186648	612956	780536	116516	125736	324528	374772	29040	70424	73192	69216	580864	406404	284332	379196	152844	635072	127508	124096	430908	393344	169956	256036	47908	85812	239168	396276	150440	287544	303284	426780	238744	303788	535180	247024	233664	143796	564336	472728	253676	266776	175948	115360	177128	97876	88328	126996	136008	154868	326760	422224	168552	216580	303072	355496	380816	392932	37820	26384	140024	202024	107848	30472	290436	140980	98664	47328	265892	296608	19800	11852	257280	197060	543056	531564	299540	256120	62068	78128	390896	384644	552360	508136	174736	146920	216408	279052	79036	121376	10788	6668	33828	100528	330212	313472	199448	157292	101188	40060	
data	data	Precentral_L	Precentral_R	Frontal_Sup_L	Frontal_Sup_R	Frontal_Sup_Orb_L	Frontal_Sup_Orb_R	Frontal_Mid_L	Frontal_Mid_R	Frontal_Mid_Orb_L	Frontal_Mid_Orb_R	Frontal_Inf_Oper_L	Frontal_Inf_Oper_R	Frontal_Inf_Tri_L	Frontal_Inf_Tri_R	Frontal_Inf_Orb_L	Frontal_Inf_Orb_R	Rolandic_Oper_L	Rolandic_Oper_R	Supp_Motor_Area_L	Supp_Motor_Area_R	Olfactory_L	Olfactory_R	Frontal_Sup_Medial_L	Frontal_Sup_Medial_R	Frontal_Med_Orb_L	Frontal_Med_Orb_R	Rectus_L	Rectus_R	Insula_L	Insula_R	Cingulum_Ant_L	Cingulum_Ant_R	Cingulum_Mid_L	Cingulum_Mid_R	Cingulum_Post_L	Cingulum_Post_R	Hippocampus_L	Hippocampus_R	ParaHippocampal_L	ParaHippocampal_R	Amygdala_L	Amygdala_R	Calcarine_L	Calcarine_R	Cuneus_L	Cuneus_R	Lingual_L	Lingual_R	Occipital_Sup_L	Occipital_Sup_R	Occipital_Mid_L	Occipital_Mid_R	Occipital_Inf_L	Occipital_Inf_R	Fusiform_L	Fusiform_R	Postcentral_L	Postcentral_R	Parietal_Sup_L	Parietal_Sup_R	Parietal_Inf_L	Parietal_Inf_R	SupraMarginal_L	SupraMarginal_R	Angular_L	Angular_R	Precuneus_L	Precuneus_R	Paracentral_Lobule_L	Paracentral_Lobule_R	Caudate_L	Caudate_R	Putamen_L	Putamen_R	Pallidum_L	Pallidum_R	Thalamus_L	Thalamus_R	Heschl_L	Heschl_R	Temporal_Sup_L	Temporal_Sup_R	Temporal_Pole_Sup_L	Temporal_Pole_Sup_R	Temporal_Mid_L	Temporal_Mid_R	Temporal_Pole_Mid_L	Temporal_Pole_Mid_R	Temporal_Inf_L	Temporal_Inf_R	Cerebelum_Crus1_L	Cerebelum_Crus1_R	Cerebelum_Crus2_L	Cerebelum_Crus2_R	Cerebelum_3_L	Cerebelum_3_R	Cerebelum_4_5_L	Cerebelum_4_5_R	Cerebelum_6_L	Cerebelum_6_R	Cerebelum_7b_L	Cerebelum_7b_R	Cerebelum_8_L	Cerebelum_8_R	Cerebelum_9_L	Cerebelum_9_R	Cerebelum_10_L	Cerebelum_10_R	Vermis_1_2	Vermis_3	Vermis_4_5	Vermis_6	Vermis_7	Vermis_8	Vermis_9	Vermis_10	
399980	Precentral_L	0	3244	18734	886	0	0	18146	0	0	0	9322	0	3372	0	0	0	6740	0	7848	7334	0	0	0	0	0	0	0	0	7560	0	0	0	1268	5774	3494	858	10268	1058	782	780	0	0	640	0	248	0	730	200	1262	0	5686	0	2440	0	2726	304	22310	0	104	0	3900	0	1944	0	0	0	1818	0	18744	2624	4486	300	2872	0	408	0	8822	1842	3346	0	1506	0	0	0	2326	0	0	0	934	0	0	0	0	0	0	0	0	0	0	0	0	0	0	0	0	0	0	0	0	0	0	0	0	0	0	0	
323044	Precentral_R	3244	0	9986	12688	0	0	240	3734	0	0	0	4654	0	0	0	0	384	2152	9352	7932	0	0	0	0	0	0	0	0	0	4028	0	0	0	8608	316	662	148	5292	0	264	0	0	0	2376	0	2264	0	1292	0	2968	0	1702	0	3142	0	1272	496	29824	0	612	0	576	0	4602	0	358	0	5106	2442	9502	442	1060	808	2398	308	0	438	5798	140	182	0	426	0	0	0	4738	0	0	0	2566	0	0	0	0	0	0	0	0	0	0	0	0	0	0	0	0	0	0	0	0	0	0	0	0	0	0	
1.02771e+06	Frontal_Sup_L	18734	9986	0	15716	11560	240	83056	5560	3342	0	12926	1056	15612	294	7552	994	5230	474	89960	21572	1254	0	38006	6090	1400	0	1102	0	24792	672	18476	7686	6436	6558	328	288	8654	1660	1890	684	622	0	0	0	0	0	528	586	0	0	0	0	0	0	2978	210	2834	1410	0	0	98	132	174	770	0	92	0	0	946	0	9738	4244	27608	1592	3750	206	12478	3680	1562	0	3240	0	1558	0	144	122	0	0	1558	0	510	0	0	0	0	0	0	0	556	0	0	0	0	0	0	0	0	0	0	90	0	0	0	0	0	0	
852352	Frontal_Sup_R	886	12688	15716	0	144	2044	2616	24364	172	1818	476	14008	1632	8028	324	4582	148	11482	14886	78896	0	90	14688	46508	0	1898	0	0	2064	20458	4414	27822	2212	33066	0	0	260	8444	0	1926	0	0	0	0	0	0	0	114	0	102	0	0	0	0	0	1472	0	1334	0	0	0	100	0	654	0	0	0	130	670	0	1224	19524	254	17356	0	2460	310	19464	0	384	0	696	0	518	0	244	0	0	0	406	0	0	0	0	0	0	0	0	0	0	0	0	0	0	0	0	0	0	0	0	0	0	0	0	0	0	
221036	Frontal_Sup_Orb_L	0	0	11560	144	0	0	2418	252	15644	0	0	100	1660	0	18224	0	0	0	910	0	5546	1560	3934	104	2868	0	7872	0	9796	120	4848	286	102	0	0	0	0	0	1242	0	514	448	0	0	0	0	0	0	0	0	0	0	0	0	0	0	0	0	0	0	0	0	0	0	0	0	0	0	0	0	4896	1866	8888	394	0	0	114	0	0	0	0	0	3818	0	0	0	390	0	0	0	0	0	0	0	0	0	0	0	0	0	0	0	0	0	0	0	0	0	0	0	0	0	0	0	0	0	
97948	Frontal_Sup_Orb_R	0	0	240	2044	0	0	0	476	0	3798	0	0	0	288	0	6582	0	0	136	460	264	2954	0	2222	0	6202	126	7276	0	1264	934	3824	0	280	0	0	0	0	0	220	0	506	0	0	0	0	0	0	0	0	0	0	0	0	0	0	0	0	0	0	0	0	0	0	0	0	0	0	0	0	412	5156	0	2936	0	0	0	0	0	0	0	0	0	374	0	0	0	0	0	0	0	0	0	0	0	0	0	0	0	0	0	0	0	0	0	0	0	0	0	0	0	0	0	0	0	0	
452544	Frontal_Mid_L	18146	240	83056	2616	2418	0	0	464	2746	0	12826	0	25562	122	3398	98	1180	0	8750	1998	286	0	13640	2418	0	0	196	0	10010	0	4408	1968	2806	2362	236	116	5712	220	864	188	0	0	0	0	0	0	366	0	0	0	0	0	0	0	436	0	2028	0	0	0	426	0	212	0	0	0	0	0	0	0	1644	478	5300	202	448	0	2170	322	2572	0	274	0	160	0	0	0	0	0	184	0	0	0	0	0	0	0	0	0	0	0	0	0	0	0	0	0	0	0	0	0	0	0	0	0	0	0	
186712	Frontal_Mid_R	0	3734	5560	24364	252	476	464	0	376	436	498	7328	796	7928	444	1912	0	2834	4426	2942	0	0	1770	5454	0	0	0	0	1138	4506	278	2370	258	3422	0	0	92	2046	0	126	0	0	0	0	0	0	0	0	0	0	0	0	0	0	0	0	0	152	0	0	0	0	0	186	0	0	0	0	0	0	1286	644	0	3390	0	0	98	766	0	126	0	478	0	0	0	0	0	0	0	0	0	0	0	0	0	0	0	0	0	0	0	0	0	0	0	0	0	0	0	0	0	0	0	0	0	0	
117184	Frontal_Mid_Orb_L	0	0	3342	172	15644	0	2746	376	0	0	0	174	2418	0	16554	0	0	0	1012	0	664	210	160	0	0	0	1072	0	4516	168	356	90	0	0	0	0	0	0	148	0	0	0	0	0	0	0	0	0	0	0	0	0	0	0	0	0	0	0	0	0	0	0	0	0	0	0	0	0	0	0	2920	870	4294	150	0	0	134	0	0	0	0	0	402	0	0	0	0	0	0	0	0	0	0	0	0	0	0	0	0	0	0	0	0	0	0	0	0	0	0	0	0	0	0	0	0	0	
33516	Frontal_Mid_Orb_R	0	0	0	1818	0	3798	0	436	0	0	0	336	92	612	0	5784	0	0	0	318	0	210	0	332	0	0	0	212	98	606	0	160	0	170	0	0	0	0	0	0	0	0	0	0	0	0	0	0	0	0	0	0	0	0	0	0	0	0	0	0	0	0	0	0	0	0	0	0	0	0	126	808	0	842	0	0	0	0	0	0	0	0	0	0	0	0	0	0	0	0	0	0	0	0	0	0	0	0	0	0	0	0	0	0	0	0	0	0	0	0	0	0	0	0	0	0	
237096	Frontal_Inf_Oper_L	9322	0	12926	476	0	0	12826	498	0	0	0	200	17602	160	208	116	10088	0	3812	238	0	0	0	0	0	0	0	0	18798	186	252	0	100	112	0	0	3006	0	0	0	0	0	0	0	0	0	0	0	0	0	0	0	0	0	1584	0	2252	0	0	0	0	0	168	0	0	0	0	0	0	0	4980	1422	2190	356	0	0	480	0	1578	0	6728	0	2476	0	260	0	0	0	1496	0	868	0	178	0	0	0	0	0	606	0	0	0	0	0	0	0	0	0	0	0	0	0	0	0	0	0	
228196	Frontal_Inf_Oper_R	0	4654	1056	14008	100	0	0	7328	174	336	200	0	452	13022	234	1350	0	8998	884	10308	0	0	0	3534	0	0	0	0	546	20406	0	694	0	6394	0	0	0	3390	0	1028	0	0	0	0	0	0	0	0	0	0	0	0	0	0	0	1064	0	1444	0	0	0	0	0	528	0	0	0	0	0	0	682	1192	0	7232	0	0	0	540	0	200	0	992	0	782	0	110	0	0	0	0	0	0	0	0	0	0	0	114	0	122	0	0	0	0	0	0	0	0	0	0	0	0	0	0	0	0	
244464	Frontal_Inf_Tri_L	3372	0	15612	1632	1660	0	25562	796	2418	92	17602	452	0	484	6538	584	1744	0	3130	1196	0	0	496	426	0	0	0	0	19842	340	1962	646	188	866	0	0	504	0	0	0	0	0	0	0	0	0	0	0	0	0	0	0	0	0	0	0	0	0	0	0	0	0	0	0	0	0	0	0	0	0	6014	2162	1670	354	0	0	102	0	1194	0	796	0	1656	0	140	0	0	0	0	0	0	0	0	0	0	0	0	0	0	0	0	0	0	0	0	0	0	0	0	0	0	0	0	0	0	0	
134504	Frontal_Inf_Tri_R	0	0	294	8028	0	288	122	7928	0	612	160	13022	484	0	152	5098	0	424	166	4050	0	0	574	3806	0	0	0	0	574	10694	120	1028	0	4404	0	0	0	126	0	94	0	0	0	0	0	0	0	0	0	0	0	0	0	0	0	0	0	0	0	0	0	0	0	0	0	0	0	0	0	0	788	1926	0	2176	0	0	0	0	0	0	0	0	0	114	0	0	0	0	0	0	0	0	0	0	0	0	0	0	0	0	0	0	0	0	0	0	0	0	0	0	0	0	0	0	0	0	
209736	Frontal_Inf_Orb_L	0	0	7552	324	18224	0	3398	444	16554	0	208	234	6538	152	0	174	0	92	2412	156	4486	1198	250	0	0	0	2880	0	13370	224	1322	252	0	0	0	0	0	0	1104	0	172	304	0	0	0	0	0	0	0	0	0	0	0	0	0	0	0	0	0	0	0	0	0	0	0	0	0	0	0	0	7400	2100	8018	354	0	0	196	0	0	0	0	0	4258	0	0	0	518	0	0	0	0	0	0	0	0	0	0	0	0	0	0	0	0	0	0	0	0	0	0	0	0	0	0	0	0	0	
138112	Frontal_Inf_Orb_R	0	0	994	4582	0	6582	98	1912	0	5784	116	1350	584	5098	174	0	0	0	574	2524	254	2514	300	1470	0	628	0	3372	624	6416	872	1148	0	1108	0	0	0	0	0	448	0	566	0	0	0	0	0	0	0	0	0	0	0	0	0	0	0	0	0	0	0	0	0	0	0	0	0	0	0	0	1522	8720	0	6022	0	104	0	262	0	0	0	734	0	1412	0	188	0	0	0	0	0	0	0	0	0	0	0	0	0	0	0	0	0	0	0	0	0	0	0	0	0	0	0	0	0	0	
203572	Rolandic_Oper_L	6740	384	5230	148	0	0	1180	0	0	0	10088	0	1744	0	0	0	0	0	4042	0	0	0	0	0	0	0	0	0	19272	0	0	0	0	0	124	0	4254	0	0	0	0	0	298	0	0	0	0	0	384	0	3678	0	1352	0	2734	0	7568	0	0	0	0	0	1558	0	396	0	276	0	152	0	2532	232	1708	0	128	0	374	0	5510	0	13790	0	1256	0	2436	0	0	0	1636	0	366	0	0	0	0	0	0	0	216	0	0	0	0	0	0	0	0	0	0	0	0	0	0	0	0	0	
186648	Rolandic_Oper_R	0	2152	474	11482	0	0	0	2834	0	0	0	8998	0	424	92	0	0	0	370	7752	0	0	0	570	0	0	0	0	134	18784	0	0	0	1556	0	0	0	4404	0	168	0	0	0	96	0	0	0	0	0	0	0	0	0	200	0	792	0	4528	0	0	0	98	0	4814	0	180	0	170	0	222	280	354	0	2262	0	0	0	282	0	3370	0	10482	0	918	0	2834	0	0	0	1248	0	0	0	0	0	0	0	0	0	0	0	0	0	0	0	0	0	0	0	0	0	0	0	0	0	0	
612956	Supp_Motor_Area_L	7848	9352	89960	14886	910	136	8750	4426	1012	0	3812	884	3130	166	2412	574	4042	370	0	41858	0	0	4294	1444	0	0	0	0	9440	510	6480	6592	9394	18460	1054	448	966	1158	172	282	0	0	0	0	0	0	0	338	0	0	0	0	0	0	204	0	1682	1518	0	0	0	132	0	950	0	92	388	0	6132	340	5832	2962	13872	1134	3442	154	7246	2702	422	0	1412	0	182	0	0	120	0	0	0	0	0	0	0	0	0	0	0	0	0	0	0	0	0	0	0	0	0	0	0	0	0	0	0	0	0	0	
780536	Supp_Motor_Area_R	7334	7932	21572	78896	0	460	1998	2942	0	318	238	10308	1196	4050	156	2524	0	7752	41858	0	0	0	1510	17888	0	0	0	0	1496	13248	2440	13788	5330	53108	2002	4642	0	4986	0	1500	0	0	0	1090	0	190	0	868	0	166	0	0	0	570	0	1470	0	1428	0	0	0	146	0	356	0	0	124	3338	9720	14400	584	14930	96	13712	0	2358	0	9482	0	284	0	636	0	508	0	1106	0	0	0	1234	0	0	0	0	0	0	0	0	0	0	0	0	0	0	0	0	0	0	0	0	0	0	0	0	0	0	
116516	Olfactory_L	0	0	1254	0	5546	264	286	0	664	0	0	0	0	0	4486	254	0	0	0	0	0	6894	174	0	184	0	4008	310	3996	0	2650	1240	0	0	0	0	0	0	2012	0	880	958	0	0	0	0	0	0	0	0	0	0	0	0	0	0	0	0	0	0	0	0	0	0	0	0	0	0	0	0	8898	6232	3178	1646	0	0	0	0	0	0	0	0	2106	0	0	0	138	0	0	0	0	0	0	0	0	0	0	0	0	0	0	0	0	0	0	0	0	0	0	0	0	0	0	0	0	0	
125736	Olfactory_R	0	0	0	90	1560	2954	0	0	210	210	0	0	0	0	1198	2514	0	0	0	0	6894	0	0	184	102	2660	2248	6174	98	1598	3912	4164	0	0	0	0	0	118	170	1526	0	2042	0	0	0	0	0	0	0	0	0	0	0	0	0	0	0	0	0	0	0	0	0	0	0	0	0	0	0	0	6670	9074	2286	3586	0	0	0	0	0	0	0	0	0	626	0	0	0	0	0	0	0	0	0	0	0	0	0	0	0	0	0	0	0	0	0	0	0	0	0	0	0	0	0	0	0	0	
324528	Frontal_Sup_Medial_L	0	0	38006	14688	3934	0	13640	1770	160	0	0	0	496	574	250	300	0	0	4294	1510	174	0	0	23152	2336	250	1082	0	968	0	17900	14632	5726	13120	0	0	0	0	0	0	0	0	0	0	0	0	0	0	0	0	0	0	0	0	0	0	0	0	0	0	0	0	0	0	0	0	0	0	0	0	768	266	2268	0	0	0	0	0	0	0	0	0	0	0	0	0	0	0	0	0	0	0	0	0	0	0	0	0	0	0	0	0	0	0	0	0	0	0	0	0	0	0	0	0	0	0	
374772	Frontal_Sup_Medial_R	0	0	6090	46508	104	2222	2418	5454	0	332	0	3534	426	3806	0	1470	0	570	1444	17888	0	184	23152	0	142	4170	0	166	566	3366	4290	27048	938	23328	0	0	0	0	0	0	0	0	0	0	0	0	0	0	0	0	0	0	0	0	0	0	0	0	0	0	0	0	0	0	0	0	0	0	0	0	250	4686	0	2834	0	0	0	0	0	0	0	0	0	0	0	0	0	0	0	0	0	0	0	0	0	0	0	0	0	0	0	0	0	0	0	0	0	0	0	0	0	0	0	0	0	0	
29040	Frontal_Med_Orb_L	0	0	1400	0	2868	0	0	0	0	0	0	0	0	0	0	0	0	0	0	0	184	102	2336	142	0	320	1756	0	0	0	4548	352	0	0	0	0	0	0	0	0	0	0	0	0	0	0	0	0	0	0	0	0	0	0	0	0	0	0	0	0	0	0	0	0	0	0	0	0	0	0	0	108	404	0	0	0	0	0	0	0	0	0	0	0	0	0	0	0	0	0	0	0	0	0	0	0	0	0	0	0	0	0	0	0	0	0	0	0	0	0	0	0	0	0	0	0	
70424	Frontal_Med_Orb_R	0	0	0	1898	0	6202	0	0	0	0	0	0	0	0	0	628	0	0	0	0	0	2660	250	4170	320	0	144	5336	0	0	1736	6824	0	358	0	0	0	0	0	180	0	136	0	0	0	0	0	0	0	0	0	0	0	0	0	0	0	0	0	0	0	0	0	0	0	0	0	0	0	0	0	3552	0	818	0	0	0	0	0	0	0	0	0	0	0	0	0	0	0	0	0	0	0	0	0	0	0	0	0	0	0	0	0	0	0	0	0	0	0	0	0	0	0	0	0	0	
73192	Rectus_L	0	0	1102	0	7872	126	196	0	1072	0	0	0	0	0	2880	0	0	0	0	0	4008	2248	1082	0	1756	144	0	174	632	0	3334	516	0	0	0	0	0	0	0	0	0	612	0	0	0	0	0	0	0	0	0	0	0	0	0	0	0	0	0	0	0	0	0	0	0	0	0	0	0	0	3820	2130	1708	580	0	0	0	0	0	0	0	0	604	0	0	0	0	0	0	0	0	0	0	0	0	0	0	0	0	0	0	0	0	0	0	0	0	0	0	0	0	0	0	0	0	0	
69216	Rectus_R	0	0	0	0	0	7276	0	0	0	212	0	0	0	0	0	3372	0	0	0	0	310	6174	0	166	0	5336	174	0	0	1324	1526	3124	0	0	0	0	0	0	0	412	0	624	0	0	0	0	0	0	0	0	0	0	0	0	0	0	0	0	0	0	0	0	0	0	0	0	0	0	0	0	156	2388	0	1676	0	0	0	0	0	0	0	0	0	358	0	0	0	0	0	0	0	0	0	0	0	0	0	0	0	0	0	0	0	0	0	0	0	0	0	0	0	0	0	0	0	0	
580864	Insula_L	7560	0	24792	2064	9796	0	10010	1138	4516	98	18798	546	19842	574	13370	624	19272	134	9440	1496	3996	98	968	566	0	0	632	0	0	474	3628	794	228	1062	112	0	23236	0	3556	0	4328	0	0	0	0	0	674	0	108	0	526	0	748	0	11238	0	5016	0	174	0	240	0	1174	0	0	0	194	0	0	0	10910	2684	22942	400	0	0	822	0	10550	0	12996	0	7614	0	1796	0	492	0	7312	0	1950	0	346	0	0	0	208	0	1570	0	0	0	0	0	0	0	0	0	0	0	0	0	0	0	0	0	
406404	Insula_R	0	4028	672	20458	120	1264	0	4506	168	606	186	20406	340	10694	224	6416	0	18784	510	13248	0	1598	0	3366	0	0	0	1324	474	0	102	554	0	6522	0	0	0	16106	0	6744	0	4202	0	0	0	0	0	0	0	0	0	0	0	174	0	8788	0	3444	0	0	0	0	0	302	0	0	0	126	0	134	710	2500	0	25194	0	144	0	598	0	1824	0	5770	0	1886	0	2242	0	0	0	4706	0	230	0	0	0	146	0	324	0	338	0	0	0	0	0	0	0	0	0	0	0	0	0	0	0	0	
284332	Cingulum_Ant_L	0	0	18476	4414	4848	934	4408	278	356	0	252	0	1962	120	1322	872	0	0	6480	2440	2650	3912	17900	4290	4548	1736	3334	1526	3628	102	0	17858	5928	5158	680	0	0	0	0	150	0	230	0	0	0	0	0	0	0	0	0	0	0	0	0	0	0	0	0	0	0	0	0	0	0	0	0	0	0	0	6734	4212	8814	1312	0	0	0	0	0	0	0	0	302	0	0	0	0	0	0	0	0	0	0	0	0	0	0	0	0	0	0	0	0	0	0	0	0	0	0	0	0	0	0	0	0	0	
379196	Cingulum_Ant_R	0	0	7686	27822	286	3824	1968	2370	90	160	0	694	646	1028	252	1148	0	0	6592	13788	1240	4164	14632	27048	352	6824	516	3124	794	554	17858	0	2800	25714	0	0	0	0	0	0	0	100	0	0	0	0	0	0	0	0	0	0	0	0	0	0	0	0	0	0	0	0	0	0	0	0	0	0	0	0	2606	8778	640	3406	0	94	0	0	0	0	0	0	0	0	0	0	0	0	0	0	0	0	0	0	0	0	0	0	0	0	0	0	0	0	0	0	0	0	0	0	0	0	0	0	0	0	
152844	Cingulum_Mid_L	1268	0	6436	2212	102	0	2806	258	0	0	100	0	188	0	0	0	0	0	9394	5330	0	0	5726	938	0	0	0	0	228	0	5928	2800	0	12260	5856	1366	0	0	0	0	0	0	376	0	982	0	0	0	782	0	758	0	288	0	0	0	152	0	90	0	0	0	0	0	0	0	4062	692	4310	200	240	0	118	0	0	0	0	0	0	0	0	0	0	0	176	0	0	0	0	0	0	0	0	0	0	0	0	0	0	0	0	0	0	0	0	0	0	0	0	0	0	0	0	0	0	0	
635072	Cingulum_Mid_R	5774	8608	6558	33066	0	280	2362	3422	0	170	112	6394	866	4404	0	1108	0	1556	18460	53108	0	0	13120	23328	0	358	0	0	1062	6522	5158	25714	12260	0	3526	8520	0	854	0	0	0	0	0	5486	0	2292	0	2996	0	1006	0	1940	0	3106	0	410	0	5652	0	212	0	128	0	306	0	0	642	10848	8136	18946	250	686	0	832	0	0	0	0	0	0	0	444	0	156	0	4592	0	0	0	1800	0	0	0	0	0	0	0	0	0	0	0	0	0	0	0	0	0	0	0	0	0	0	0	0	0	0	
127508	Cingulum_Post_L	3494	316	328	0	0	0	236	0	0	0	0	0	0	0	0	0	124	0	1054	2002	0	0	0	0	0	0	0	0	112	0	680	0	5856	3526	0	8254	4050	2018	1556	926	0	0	4612	0	974	0	1466	108	0	0	622	0	838	0	1648	360	150	0	0	0	0	0	0	0	0	0	8216	1296	4146	1828	0	0	0	0	0	0	0	1120	342	0	410	0	0	0	498	120	0	0	276	192	0	0	0	0	0	0	0	0	0	0	0	0	0	0	0	0	0	0	0	0	0	0	0	0	0	0	
124096	Cingulum_Post_R	858	662	288	0	0	0	116	0	0	0	0	0	0	0	0	0	0	0	448	4642	0	0	0	0	0	0	0	0	0	0	0	0	1366	8520	8254	0	1678	4038	458	1372	0	0	198	2994	750	148	150	3322	356	0	0	0	0	186	0	672	0	890	0	0	0	0	0	0	0	0	1478	8894	324	5094	0	0	0	0	0	0	0	1302	0	0	0	184	0	0	0	946	0	0	0	1346	0	0	0	0	0	0	0	0	0	0	0	0	0	0	0	0	0	0	0	0	114	0	0	0	0	0	
430908	Hippocampus_L	10268	148	8654	260	0	0	5712	92	0	0	3006	0	504	0	0	0	4254	0	966	0	0	0	0	0	0	0	0	0	23236	0	0	0	0	0	4050	1678	0	2822	19496	2384	7176	0	2872	0	0	0	7726	288	0	0	798	0	3396	0	29188	842	870	0	0	0	0	0	238	0	0	0	4126	586	1330	0	964	0	20520	180	1478	0	6162	3308	6996	0	5818	0	188	0	2674	0	0	0	12418	0	2872	0	732	0	136	0	1216	0	2660	0	0	0	0	0	0	0	0	0	0	166	0	0	0	0	0	0	
393344	Hippocampus_R	1058	5292	1660	8444	0	0	220	2046	0	0	0	3390	0	126	0	0	0	4404	1158	4986	0	118	0	0	0	0	0	0	0	16106	0	0	0	854	2018	4038	2822	0	846	31740	0	10114	0	550	0	0	96	3162	0	0	0	0	0	368	106	28546	0	1994	0	0	0	0	0	1408	0	0	0	2904	112	736	0	0	124	25486	0	1170	1266	8504	0	586	0	2290	0	0	0	2372	0	0	0	7820	0	1232	0	94	0	176	0	2628	0	1328	0	0	0	0	0	0	0	0	0	0	174	0	0	0	0	0	
169956	ParaHippocampal_L	782	0	1890	0	1242	0	864	0	148	0	0	0	0	0	1104	0	0	0	172	0	2012	170	0	0	0	0	0	0	3556	0	0	0	0	0	1556	458	19496	846	0	794	3708	0	1404	0	0	0	6742	236	0	0	786	0	812	0	13262	232	0	0	0	0	0	0	0	0	0	0	2654	440	0	0	788	148	4186	0	0	0	750	740	154	0	172	0	1474	0	0	0	1170	0	560	0	2144	0	1050	0	622	0	3044	0	2410	0	0	0	0	0	92	0	0	0	0	108	0	0	0	0	0	0	
256036	ParaHippocampal_R	780	264	684	1926	0	220	188	126	0	0	0	1028	0	94	0	448	0	168	282	1500	0	1526	0	0	0	180	0	412	0	6744	150	0	0	0	926	1372	2384	31740	794	0	0	7484	0	0	0	0	0	4726	0	0	0	0	0	0	94	25122	0	0	0	0	0	0	0	0	0	0	0	2642	0	0	0	380	0	12914	0	900	1050	5014	0	0	0	0	0	1340	0	258	0	328	0	2762	0	2010	0	154	0	236	0	3934	0	2518	0	0	0	0	0	0	0	0	0	0	216	0	0	0	0	0	
47908	Amygdala_L	0	0	622	0	514	0	0	0	0	0	0	0	0	0	172	0	0	0	0	0	880	0	0	0	0	0	0	0	4328	0	0	0	0	0	0	0	7176	0	3708	0	0	0	0	0	0	0	0	0	0	0	0	0	0	0	3706	0	0	0	0	0	0	0	0	0	0	0	0	0	0	0	0	0	1576	0	0	0	0	0	0	0	264	0	412	0	0	0	340	0	166	0	0	0	0	0	0	0	90	0	0	0	0	0	0	0	0	0	0	0	0	0	0	0	0	0	0	0	
85812	Amygdala_R	0	0	0	0	448	506	0	0	0	0	0	0	0	0	304	566	0	0	0	0	958	2042	0	0	0	136	612	624	0	4202	230	100	0	0	0	0	0	10114	0	7484	0	0	0	0	0	0	0	0	0	0	0	0	0	0	0	4226	0	0	0	0	0	0	0	0	0	0	0	0	0	0	844	1768	154	6652	0	0	0	0	0	0	0	0	0	610	0	0	0	0	0	156	0	0	0	0	0	170	0	0	0	0	0	0	0	0	0	0	0	0	0	0	0	0	0	0	0	0	
239168	Calcarine_L	640	0	0	0	0	0	0	0	0	0	0	0	0	0	0	0	298	0	0	0	0	0	0	0	0	0	0	0	0	0	0	0	376	0	4612	198	2872	0	1404	0	0	0	0	9568	12602	5796	14708	3248	7340	2412	19488	226	7452	0	5392	192	92	0	240	0	0	0	0	0	98	0	15124	1788	676	0	0	0	0	0	0	0	0	0	378	0	820	0	0	0	934	0	0	0	354	0	256	0	0	0	0	0	0	0	0	0	0	0	0	0	0	0	0	0	0	0	0	0	0	0	0	0	
396276	Calcarine_R	0	2376	0	0	0	0	0	0	0	0	0	0	0	0	0	0	0	96	0	1090	0	0	0	0	0	0	0	0	0	0	0	0	0	5486	0	2994	0	550	0	0	0	0	9568	0	4230	28566	2528	26768	374	23262	206	15150	0	7704	0	6476	0	4120	0	2642	0	0	0	144	0	242	3564	31934	0	5396	0	0	0	0	0	0	0	0	0	0	0	344	0	0	0	8806	0	0	0	3258	0	0	0	0	0	0	0	0	0	0	0	0	0	0	0	0	0	0	0	0	264	0	0	0	0	0	
150440	Cuneus_L	248	0	0	0	0	0	0	0	0	0	0	0	0	0	0	0	0	0	0	0	0	0	0	0	0	0	0	0	0	0	0	0	982	0	974	750	0	0	0	0	0	0	12602	4230	0	6864	334	204	18798	1764	8582	146	322	0	94	0	0	0	2028	0	0	0	0	0	0	0	13078	2384	836	0	0	0	0	0	0	0	0	0	0	0	0	0	0	0	0	0	0	0	0	0	0	0	0	0	0	0	0	0	0	0	0	0	0	0	0	0	0	0	0	0	0	0	0	0	0	0	
287544	Cuneus_R	0	2264	0	0	0	0	0	0	0	0	0	0	0	0	0	0	0	0	0	190	0	0	0	0	0	0	0	0	0	0	0	0	0	2292	0	148	0	0	0	0	0	0	5796	28566	6864	0	0	6472	548	35754	276	8674	0	1248	0	1098	0	2580	0	5216	0	510	0	94	0	1378	4214	25816	0	1092	0	0	0	0	0	0	0	0	0	0	0	0	0	0	0	2352	0	0	0	330	0	0	0	0	0	0	0	0	0	0	0	0	0	0	0	0	0	0	0	0	0	0	0	0	0	0	
303284	Lingual_L	730	0	528	0	0	0	366	0	0	0	0	0	0	0	0	0	0	0	0	0	0	0	0	0	0	0	0	0	674	0	0	0	0	0	1466	150	7726	96	6742	0	0	0	14708	2528	334	0	0	4826	2994	0	15724	0	8136	114	18328	706	504	0	918	0	190	0	0	0	98	0	5040	314	136	0	0	0	720	0	0	0	994	0	140	0	214	0	0	0	350	0	0	0	448	0	7770	2400	878	134	500	0	11554	1668	14538	2798	0	0	0	144	200	0	0	0	0	112	4826	5884	304	270	258	462	
426780	Lingual_R	200	1292	586	114	0	0	0	0	0	0	0	0	0	0	0	0	0	0	338	868	0	0	0	0	0	0	0	0	0	0	0	0	0	2996	108	3322	288	3162	236	4726	0	0	3248	26768	204	6472	4826	0	0	9142	0	6614	0	11232	1054	26412	0	1250	0	996	0	0	0	168	0	0	556	15422	0	2476	120	0	0	134	0	0	924	1276	0	0	0	280	0	0	0	1928	0	0	0	1380	1354	11622	0	172	0	922	2486	15000	4100	13920	0	0	0	0	0	0	0	0	0	250	12800	9238	408	0	0	0	
238744	Occipital_Sup_L	1262	0	0	0	0	0	0	0	0	0	0	0	0	0	0	0	384	0	0	0	0	0	0	0	0	0	0	0	108	0	0	0	782	0	0	356	0	0	0	0	0	0	7340	374	18798	548	2994	0	0	0	37434	0	3610	0	1256	0	3056	0	12390	0	1134	0	1178	0	1264	0	18472	566	1484	0	0	0	0	0	0	0	0	0	0	0	1126	0	0	0	3028	0	0	0	428	0	0	0	0	0	0	0	0	0	0	0	0	0	0	0	0	0	0	0	0	0	0	0	0	0	0	0	
303788	Occipital_Sup_R	0	2968	0	102	0	0	0	0	0	0	0	0	0	0	0	0	0	0	0	166	0	0	0	0	0	0	0	0	0	0	0	0	0	1006	0	0	0	0	0	0	0	0	2412	23262	1764	35754	0	9142	0	0	0	20920	0	1418	0	2796	0	2950	0	8786	0	2576	0	140	0	7352	3030	21278	0	984	0	0	0	0	0	0	0	0	0	0	0	0	0	0	0	2896	0	0	0	192	0	0	0	0	0	0	0	0	0	0	0	0	0	0	0	0	0	0	0	0	0	0	0	0	0	0	
535180	Occipital_Mid_L	5686	0	0	0	0	0	0	0	0	0	0	0	0	0	0	0	3678	0	0	0	0	0	0	0	0	0	0	0	526	0	0	0	758	0	622	0	798	0	786	0	0	0	19488	206	8582	276	15724	0	37434	0	0	0	32528	0	13138	0	10966	0	19892	0	13226	0	2524	0	21550	0	21556	124	4550	0	0	0	0	0	0	0	0	0	814	0	8938	0	0	0	17686	0	0	0	3712	0	1152	92	0	0	0	0	0	0	364	100	0	0	0	0	0	0	0	0	0	0	0	114	0	0	0	0	
247024	Occipital_Mid_R	0	1702	0	0	0	0	0	0	0	0	0	0	0	0	0	0	0	0	0	0	0	0	0	0	0	0	0	0	0	0	0	0	0	1940	0	0	0	0	0	0	0	0	226	15150	146	8674	0	6614	0	20920	0	0	0	4884	0	3136	0	2312	0	4420	0	4988	0	552	0	17056	294	7534	0	1508	0	0	0	0	0	0	0	0	0	0	0	622	0	0	0	20054	0	0	0	780	0	0	0	0	0	0	0	0	0	0	0	0	0	0	0	0	0	0	0	0	0	0	0	0	0	0	
233664	Occipital_Inf_L	2440	0	0	0	0	0	0	0	0	0	0	0	0	0	0	0	1352	0	0	0	0	0	0	0	0	0	0	0	748	0	0	0	288	0	838	0	3396	0	812	0	0	0	7452	0	322	0	8136	0	3610	0	32528	0	0	0	17838	0	1618	0	2746	0	522	0	504	0	1418	0	5374	0	1294	0	0	0	0	0	0	0	0	0	2282	0	4014	0	0	0	7084	0	0	0	7614	0	2166	0	0	0	0	0	0	0	436	0	0	0	0	0	0	0	0	0	0	0	0	0	0	0	0	0	
143796	Occipital_Inf_R	0	3142	0	0	0	0	0	0	0	0	0	0	0	0	0	0	0	200	0	570	0	0	0	0	0	0	0	0	0	174	0	0	0	3106	0	186	0	368	0	0	0	0	0	7704	0	1248	114	11232	0	1418	0	4884	0	0	0	11104	0	3752	0	108	0	264	0	986	0	114	0	4552	0	3168	0	0	0	0	0	0	0	0	0	110	0	436	0	0	0	4078	0	0	0	6092	0	222	0	0	0	0	0	384	176	732	0	0	0	0	0	0	0	0	0	0	486	788	0	0	0	0	
564336	Fusiform_L	2726	0	2978	0	0	0	436	0	0	0	1584	0	0	0	0	0	2734	0	204	0	0	0	0	0	0	0	0	0	11238	0	0	0	0	0	1648	0	29188	106	13262	94	3706	0	5392	0	94	0	18328	1054	1256	0	13138	0	17838	0	0	334	1384	0	1024	0	256	0	440	0	190	0	3366	0	1758	0	0	0	6942	0	0	0	270	102	4352	0	6068	0	542	0	3712	0	1394	0	16852	0	33982	1608	4840	0	160	0	18482	1158	36880	1876	154	0	248	92	96	0	0	0	0	170	2576	3526	126	114	90	0	
472728	Fusiform_R	304	1272	210	1472	0	0	0	0	0	0	0	1064	0	0	0	0	0	792	0	1470	0	0	0	0	0	0	0	0	0	8788	0	0	0	410	360	672	842	28546	232	25122	0	4226	192	6476	0	1098	706	26412	0	2796	0	3136	0	11104	334	0	0	1848	0	164	0	0	0	352	0	0	0	5314	0	670	0	0	0	11614	0	668	266	1832	0	144	0	1360	0	2764	0	2426	0	1034	0	13032	106	17990	0	1008	0	92	1008	13632	1046	19468	0	0	0	0	0	0	0	0	0	0	6550	3848	92	0	0	0	
253676	Postcentral_L	22310	496	2834	0	0	0	2028	0	0	0	2252	0	0	0	0	0	7568	0	1682	0	0	0	0	0	0	0	0	0	5016	0	0	0	152	0	150	0	870	0	0	0	0	0	92	0	0	0	504	0	3056	0	10966	0	1618	0	1384	0	0	0	11846	0	23244	0	5826	0	3506	0	5752	0	3654	0	1954	0	168	0	106	0	2196	104	1438	0	2002	0	0	0	1710	0	0	0	354	0	0	0	0	0	0	0	0	0	0	0	0	0	0	0	0	0	0	0	0	0	0	0	0	0	0	0	
266776	Postcentral_R	0	29824	1410	1334	0	0	0	152	0	0	0	1444	0	0	0	0	0	4528	1518	1428	0	0	0	0	0	0	0	0	0	3444	0	0	0	5652	0	890	0	1994	0	0	0	0	0	4120	0	2580	0	1250	0	2950	0	2312	0	3752	0	1848	0	0	0	5848	0	4332	0	15256	0	3422	0	9354	0	10738	226	0	200	1536	0	0	0	232	0	342	0	1920	0	0	0	5508	0	0	0	2044	0	0	0	0	0	0	0	0	0	0	0	0	0	0	0	0	0	0	0	0	0	0	0	0	0	0	
175948	Parietal_Sup_L	104	0	0	0	0	0	0	0	0	0	0	0	0	0	0	0	0	0	0	0	0	0	0	0	0	0	0	0	174	0	0	0	90	0	0	0	0	0	0	0	0	0	240	0	2028	0	918	0	12390	0	19892	0	2746	0	1024	0	11846	0	0	0	12904	0	0	0	5270	0	16380	0	784	0	0	0	0	0	0	0	0	0	0	0	238	0	0	0	500	0	0	0	446	0	0	0	0	0	0	0	0	0	0	0	0	0	0	0	0	0	0	0	0	0	0	0	0	0	0	0	
115360	Parietal_Sup_R	0	612	0	0	0	0	0	0	0	0	0	0	0	0	0	0	0	0	0	0	0	0	0	0	0	0	0	0	0	0	0	0	0	212	0	0	0	0	0	0	0	0	0	2642	0	5216	0	996	0	8786	0	4420	0	108	0	164	0	5848	0	0	0	5816	0	1066	0	8466	124	9276	0	3332	0	0	0	0	0	0	0	0	0	0	0	0	0	0	0	596	0	0	0	0	0	0	0	0	0	0	0	0	0	0	0	0	0	0	0	0	0	0	0	0	0	0	0	0	0	0	
177128	Parietal_Inf_L	3900	0	98	0	0	0	426	0	0	0	0	0	0	0	0	0	0	0	0	0	0	0	0	0	0	0	0	0	240	0	0	0	0	0	0	0	0	0	0	0	0	0	0	0	0	0	190	0	1134	0	13226	0	522	0	256	0	23244	0	12904	0	0	0	9900	0	14096	0	4008	0	924	0	0	0	0	0	0	0	0	0	0	0	1050	0	0	0	2056	0	0	0	390	0	0	0	0	0	0	0	0	0	0	0	0	0	0	0	0	0	0	0	0	0	0	0	0	0	0	0	
97876	Parietal_Inf_R	0	576	132	100	0	0	0	0	0	0	0	0	0	0	0	0	0	98	132	146	0	0	0	0	0	0	0	0	0	0	0	0	0	128	0	0	0	0	0	0	0	0	0	0	0	510	0	0	0	2576	0	4988	0	264	0	0	0	4332	0	5816	0	0	0	7064	0	15544	0	2382	0	1674	0	0	0	0	0	0	0	0	0	0	0	244	0	0	0	1712	0	0	0	520	0	0	0	0	0	0	0	0	0	0	0	0	0	0	0	0	0	0	0	0	0	0	0	0	0	0	
88328	SupraMarginal_L	1944	0	174	0	0	0	212	0	0	0	168	0	0	0	0	0	1558	0	0	0	0	0	0	0	0	0	0	0	1174	0	0	0	0	0	0	0	238	0	0	0	0	0	0	0	0	0	0	0	1178	0	2524	0	504	0	440	0	5826	0	0	0	9900	0	0	0	6916	0	464	0	0	0	0	0	0	0	0	0	0	0	444	0	4918	0	0	0	4834	0	0	0	748	0	0	0	0	0	0	0	0	0	0	0	0	0	0	0	0	0	0	0	0	0	0	0	0	0	0	0	
126996	SupraMarginal_R	0	4602	770	654	0	0	0	186	0	0	0	528	0	0	0	0	0	4814	950	356	0	0	0	0	0	0	0	0	0	302	0	0	0	306	0	0	0	1408	0	0	0	0	0	144	0	94	0	168	0	140	0	552	0	986	0	352	0	15256	0	1066	0	7064	0	0	0	4822	0	504	0	258	0	100	0	0	0	0	0	100	0	256	0	6712	0	0	0	7794	0	0	0	2254	0	0	0	0	0	0	0	0	0	0	0	0	0	0	0	0	0	0	0	0	0	0	0	0	0	0	
136008	Angular_L	0	0	0	0	0	0	0	0	0	0	0	0	0	0	0	0	396	0	0	0	0	0	0	0	0	0	0	0	0	0	0	0	0	0	0	0	0	0	0	0	0	0	98	0	0	0	98	0	1264	0	21550	0	1418	0	190	0	3506	0	5270	0	14096	0	6916	0	0	0	1958	0	490	0	0	0	0	0	0	0	0	0	0	0	2468	0	0	0	7198	0	0	0	1088	0	0	0	0	0	0	0	0	0	0	0	0	0	0	0	0	0	0	0	0	0	0	0	0	0	0	0	
154868	Angular_R	0	358	92	0	0	0	0	0	0	0	0	0	0	0	0	0	0	180	92	0	0	0	0	0	0	0	0	0	0	0	0	0	0	0	0	0	0	0	0	0	0	0	0	242	0	1378	0	0	0	7352	0	17056	0	114	0	0	0	3422	0	8466	0	15544	0	4822	0	0	0	3502	0	1914	0	0	0	0	0	0	0	0	0	0	0	2940	0	0	0	9538	0	0	0	422	0	0	0	0	0	0	0	0	0	0	0	0	0	0	0	0	0	0	0	0	0	0	0	0	0	0	
326760	Precuneus_L	1818	0	0	0	0	0	0	0	0	0	0	0	0	0	0	0	276	0	388	124	0	0	0	0	0	0	0	0	194	0	0	0	4062	642	8216	1478	4126	0	2654	0	0	0	15124	3564	13078	4214	5040	556	18472	3030	21556	294	5374	0	3366	0	5752	0	16380	124	4008	0	464	0	1958	0	0	7714	3130	448	0	0	0	0	0	0	0	0	414	0	1092	0	0	0	3234	224	0	0	792	0	0	0	0	0	0	0	0	0	0	0	0	0	0	0	0	0	0	0	0	0	0	0	0	0	0	0	
422224	Precuneus_R	0	5106	0	130	0	0	0	0	0	0	0	0	0	0	0	0	0	170	0	3338	0	0	0	0	0	0	0	0	0	126	0	0	692	10848	1296	8894	586	2904	440	2642	0	0	1788	31934	2384	25816	314	15422	566	21278	124	7534	0	4552	0	5314	0	9354	0	9276	0	2382	0	504	0	3502	7714	0	94	11664	0	0	0	0	0	0	0	894	0	0	0	418	0	0	0	7140	0	0	0	2866	0	90	0	0	0	0	0	448	0	106	0	0	0	0	0	0	0	0	0	0	462	0	0	0	0	0	
168552	Paracentral_Lobule_L	18744	2442	946	670	0	0	0	0	0	0	0	0	0	0	0	0	152	0	6132	9720	0	0	0	0	0	0	0	0	0	0	0	0	4310	8136	4146	324	1330	112	0	0	0	0	676	0	836	0	136	0	1484	0	4550	0	1294	0	1758	0	3654	0	784	0	924	0	0	0	490	0	3130	94	0	4320	0	0	0	0	0	0	0	396	408	0	560	0	0	0	1270	0	0	0	348	0	0	0	0	0	0	0	0	0	0	0	0	0	0	0	0	0	0	0	0	0	0	0	0	0	0	0	
216580	Paracentral_Lobule_R	2624	9502	0	0	0	0	0	0	0	0	0	0	0	0	0	0	0	222	340	14400	0	0	0	0	0	0	0	0	0	134	0	0	200	18946	1828	5094	0	736	0	0	0	0	0	5396	0	1092	0	2476	0	984	0	1508	0	3168	0	670	0	10738	0	3332	0	1674	0	258	0	1914	448	11664	4320	0	0	0	0	0	0	0	0	0	0	0	0	236	0	0	0	2972	0	0	0	1414	0	0	0	0	0	0	0	0	0	0	0	0	0	0	0	0	0	0	0	0	0	0	0	0	0	0	
303072	Caudate_L	4486	442	9738	1224	4896	412	1644	1286	2920	126	4980	682	6014	788	7400	1522	2532	280	5832	584	8898	6670	768	250	0	0	3820	156	10910	710	6734	2606	240	250	0	0	964	0	788	0	0	844	0	0	0	0	0	120	0	0	0	0	0	0	0	0	1954	226	0	0	0	0	0	0	0	0	0	0	0	0	0	12382	13868	2050	1318	0	14078	222	0	0	1928	0	994	0	0	0	0	0	0	0	0	0	0	0	0	0	0	0	0	0	0	0	0	0	0	0	0	0	0	0	0	0	0	0	0	0	
355496	Caudate_R	300	1060	4244	19524	1866	5156	478	644	870	808	1422	1192	2162	1926	2100	8720	232	354	2962	14930	6232	9074	266	4686	108	3552	2130	2388	2684	2500	4212	8778	0	686	0	0	0	0	148	380	0	1768	0	0	0	0	0	0	0	0	0	0	0	0	0	0	0	0	0	0	0	0	0	100	0	0	0	0	0	0	12382	0	2486	17998	0	1350	456	22152	0	0	0	0	110	172	0	0	0	0	0	0	0	0	0	0	0	0	0	0	0	0	0	0	0	0	0	0	0	0	0	0	0	0	0	0	0	0	
380816	Putamen_L	2872	808	27608	254	8888	0	5300	0	4294	0	2190	0	1670	0	8018	0	1708	0	13872	96	3178	2286	2268	0	404	0	1708	0	22942	0	8814	640	118	0	0	0	20520	124	4186	0	1576	154	0	0	0	0	720	0	0	0	0	0	0	0	6942	0	168	200	0	0	0	0	0	0	0	0	0	0	0	0	13868	2486	0	558	5984	0	2346	322	144	0	2568	0	1390	0	178	0	246	0	3118	0	1124	0	194	0	124	0	176	0	916	0	0	0	0	0	0	0	0	0	0	140	0	0	0	0	0	0	
392932	Putamen_R	0	2398	1592	17356	394	2936	202	3390	150	842	356	7232	354	2176	354	6022	0	2262	1134	13712	1646	3586	0	2834	0	818	580	1676	400	25194	1312	3406	0	832	0	0	180	25486	0	12914	0	6652	0	0	0	0	0	134	0	0	0	0	0	0	0	11614	0	1536	0	0	0	0	0	0	0	0	0	0	0	0	2050	17998	558	0	0	3254	184	3710	0	156	0	556	0	690	0	0	0	0	0	1508	0	568	0	0	0	158	0	678	0	736	0	0	0	0	0	0	0	0	0	0	0	0	0	0	0	0	
37820	Pallidum_L	408	308	3750	0	0	0	448	0	0	0	0	0	0	0	0	0	128	0	3442	0	0	0	0	0	0	0	0	0	0	0	0	0	0	0	0	0	1478	0	0	0	0	0	0	0	0	0	0	0	0	0	0	0	0	0	0	0	106	0	0	0	0	0	0	0	0	0	0	0	0	0	1318	0	5984	0	0	0	1540	0	0	0	0	0	0	0	0	0	0	0	0	0	0	0	0	0	0	0	0	0	0	0	0	0	0	0	0	0	0	0	0	0	0	0	0	0	0	0	
26384	Pallidum_R	0	0	206	2460	0	0	0	0	0	0	0	0	0	0	0	104	0	0	154	2358	0	0	0	0	0	0	0	0	0	144	0	94	0	0	0	0	0	1170	0	900	0	0	0	0	0	0	0	0	0	0	0	0	0	0	0	668	0	0	0	0	0	0	0	0	0	0	0	0	0	0	0	1350	0	3254	0	0	0	124	0	0	0	0	0	0	0	0	0	0	0	0	0	0	0	0	0	0	0	114	0	92	0	0	0	0	0	0	0	0	0	0	0	0	0	0	0	0	
140024	Thalamus_L	8822	438	12478	310	114	0	2170	98	134	0	480	0	102	0	196	0	374	0	7246	0	0	0	0	0	0	0	0	0	822	0	0	0	0	0	0	0	6162	1266	750	1050	0	0	0	0	0	0	994	924	0	0	0	0	0	0	270	266	2196	0	0	0	0	0	0	0	0	0	0	0	0	0	14078	456	2346	184	1540	0	0	3018	0	0	372	0	0	0	0	0	0	0	122	0	0	0	0	0	0	108	0	0	0	0	0	0	0	0	0	0	0	0	0	126	0	0	0	0	0	0	
202024	Thalamus_R	1842	5798	3680	19464	0	0	322	766	0	0	0	540	0	0	0	262	0	282	2702	9482	0	0	0	0	0	0	0	0	0	598	0	0	0	0	1120	1302	3308	8504	740	5014	0	0	0	0	0	0	0	1276	0	0	0	0	0	0	102	1832	104	232	0	0	0	0	0	100	0	0	0	894	396	0	222	22152	322	3710	0	124	3018	0	0	0	0	0	0	0	0	0	0	0	0	92	0	0	0	0	0	0	0	610	0	0	0	0	0	0	0	0	0	0	0	0	100	0	0	0	0	0	
107848	Heschl_L	3346	140	1562	0	0	0	2572	0	0	0	1578	0	1194	0	0	0	5510	0	422	0	0	0	0	0	0	0	0	0	10550	0	0	0	0	0	342	0	6996	0	154	0	0	0	378	0	0	0	140	0	0	0	814	0	2282	0	4352	0	1438	0	0	0	0	0	444	0	0	0	414	0	408	0	0	0	144	0	0	0	0	0	0	0	4624	0	0	0	1254	0	0	0	2866	0	0	0	0	0	0	0	0	0	0	0	0	0	0	0	0	0	0	0	0	0	0	0	0	0	0	0	
30472	Heschl_R	0	182	0	384	0	0	0	126	0	0	0	200	0	0	0	0	0	3370	0	284	0	0	0	0	0	0	0	0	0	1824	0	0	0	0	0	0	0	586	0	0	0	0	0	0	0	0	0	0	0	0	0	0	0	110	0	144	0	342	0	0	0	0	0	256	0	0	0	0	0	0	0	0	0	156	0	0	0	0	0	0	0	4862	0	0	0	1622	0	0	0	788	0	0	0	0	0	0	0	0	0	0	0	0	0	0	0	0	0	0	0	0	0	0	0	0	0	0	
290436	Temporal_Sup_L	1506	0	3240	0	0	0	274	0	0	0	6728	0	796	0	0	0	13790	0	1412	0	0	0	0	0	0	0	0	0	12996	0	0	0	0	0	410	0	5818	0	172	0	264	0	820	0	0	0	214	0	1126	0	8938	0	4014	0	6068	0	2002	0	238	0	1050	0	4918	0	2468	0	1092	0	560	0	1928	0	2568	0	0	0	372	0	4624	0	0	0	4160	0	30818	0	0	0	18874	0	512	0	98	0	0	0	0	0	350	0	0	0	0	0	0	0	0	0	0	0	0	0	0	0	0	0	
140980	Temporal_Sup_R	0	426	0	696	0	0	0	478	0	0	0	992	0	0	0	734	0	10482	0	636	0	0	0	0	0	0	0	0	0	5770	0	0	0	444	0	184	0	2290	0	0	0	0	0	344	0	0	0	280	0	0	0	622	0	436	0	1360	0	1920	0	0	0	244	0	6712	0	2940	0	418	0	236	0	0	0	556	0	0	0	0	0	4862	0	0	0	3934	0	16742	0	544	0	5208	0	0	0	0	0	0	0	0	0	0	0	0	0	0	0	0	0	0	0	0	0	0	0	0	0	0	
98664	Temporal_Pole_Sup_L	0	0	1558	0	3818	0	160	0	402	0	2476	0	1656	0	4258	0	1256	0	182	0	2106	0	0	0	0	0	604	0	7614	0	302	0	0	0	0	0	188	0	1474	0	412	0	0	0	0	0	0	0	0	0	0	0	0	0	542	0	0	0	0	0	0	0	0	0	0	0	0	0	0	0	994	110	1390	0	0	0	0	0	0	0	4160	0	0	0	6952	0	1738	0	4980	0	0	0	0	0	0	0	0	0	0	0	0	0	0	0	0	0	0	0	0	0	0	0	0	0	0	0	
47328	Temporal_Pole_Sup_R	0	0	0	518	0	374	0	0	0	0	0	782	0	114	0	1412	0	918	0	508	0	626	0	0	0	0	0	358	0	1886	0	0	0	156	0	0	0	0	0	1340	0	610	0	0	0	0	0	0	0	0	0	0	0	0	0	2764	0	0	0	0	0	0	0	0	0	0	0	0	0	0	0	172	0	690	0	0	0	0	0	0	0	3934	0	0	0	2756	0	2204	0	1542	0	0	0	0	0	0	0	0	0	0	0	0	0	0	0	0	0	0	0	0	0	0	0	0	0	0	
265892	Temporal_Mid_L	2326	0	144	0	0	0	0	0	0	0	260	0	140	0	0	0	2436	0	0	0	0	0	0	0	0	0	0	0	1796	0	0	0	176	0	498	0	2674	0	0	0	0	0	934	0	0	0	350	0	3028	0	17686	0	7084	0	3712	0	1710	0	500	0	2056	0	4834	0	7198	0	3234	0	1270	0	0	0	178	0	0	0	0	0	1254	0	30818	0	6952	0	0	0	1738	0	27960	0	0	0	0	0	0	0	0	0	0	0	0	0	0	0	0	0	0	0	0	0	0	0	0	0	0	0	
296608	Temporal_Mid_R	0	4738	122	244	0	0	0	0	0	0	0	110	0	0	0	188	0	2834	120	1106	0	0	0	0	0	0	0	0	0	2242	0	0	0	4592	120	946	0	2372	0	258	0	0	0	8806	0	2352	0	1928	0	2896	0	20054	0	4078	0	2426	0	5508	0	596	0	1712	0	7794	0	9538	224	7140	0	2972	0	0	0	0	0	0	0	0	0	1622	0	16742	0	2756	0	0	0	986	0	28182	0	0	0	0	0	0	0	0	0	0	0	0	0	0	0	0	0	0	0	0	0	0	0	0	0	0	
19800	Temporal_Pole_Mid_L	0	0	0	0	390	0	0	0	0	0	0	0	0	0	518	0	0	0	0	0	138	0	0	0	0	0	0	0	492	0	0	0	0	0	0	0	0	0	1170	0	340	0	0	0	0	0	0	0	0	0	0	0	0	0	1394	0	0	0	0	0	0	0	0	0	0	0	0	0	0	0	0	0	246	0	0	0	0	0	0	0	0	0	1738	0	1738	0	0	0	1736	0	0	0	0	0	0	0	0	0	0	0	0	0	0	0	0	0	0	0	0	0	0	0	0	0	0	0	
11852	Temporal_Pole_Mid_R	0	0	0	0	0	0	0	0	0	0	0	0	0	0	0	0	0	0	0	0	0	0	0	0	0	0	0	0	0	0	0	0	0	0	0	0	0	0	0	328	0	0	0	0	0	0	0	0	0	0	0	0	0	0	0	1034	0	0	0	0	0	0	0	0	0	0	0	0	0	0	0	0	0	0	0	0	0	0	0	0	0	544	0	2204	0	986	0	0	0	830	0	0	0	0	0	0	0	0	0	0	0	0	0	0	0	0	0	0	0	0	0	0	0	0	0	0	
257280	Temporal_Inf_L	934	0	1558	0	0	0	184	0	0	0	1496	0	0	0	0	0	1636	0	0	0	0	0	0	0	0	0	0	0	7312	0	0	0	0	0	276	0	12418	0	560	0	166	0	354	0	0	0	448	0	428	0	3712	0	7614	0	16852	0	354	0	446	0	390	0	748	0	1088	0	792	0	348	0	0	0	3118	0	0	0	122	0	2866	0	18874	0	4980	0	27960	0	1736	0	0	0	5242	0	1034	0	0	0	502	0	2092	0	0	0	0	0	0	0	0	0	0	0	0	0	0	0	0	0	
197060	Temporal_Inf_R	0	2566	0	406	0	0	0	0	0	0	0	0	0	0	0	0	0	1248	0	1234	0	0	0	0	0	0	0	0	0	4706	0	0	0	1800	192	1346	0	7820	0	2762	0	156	0	3258	0	330	0	1380	0	192	0	780	0	6092	0	13032	0	2044	0	0	0	520	0	2254	0	422	0	2866	0	1414	0	0	0	1508	0	0	0	92	0	788	0	5208	0	1542	0	28182	0	830	0	0	0	1354	0	0	0	0	0	0	0	206	0	0	0	0	0	0	0	0	0	0	0	0	0	0	0	0	
543056	Cerebelum_Crus1_L	0	0	510	0	0	0	0	0	0	0	868	0	0	0	0	0	366	0	0	0	0	0	0	0	0	0	0	0	1950	0	0	0	0	0	0	0	2872	0	2144	0	0	0	256	0	0	0	7770	1354	0	0	1152	0	2166	0	33982	106	0	0	0	0	0	0	0	0	0	0	0	0	0	0	0	0	1124	0	0	0	0	0	0	0	512	0	0	0	0	0	0	0	5242	0	0	5312	37774	2718	2334	494	34066	2434	67720	5716	6322	500	6296	2344	714	640	94	0	740	1804	7802	13158	7234	1550	1144	244	
531564	Cerebelum_Crus1_R	0	0	0	0	0	0	0	0	0	0	0	0	0	0	0	0	0	0	0	0	0	0	0	0	0	0	0	0	0	230	0	0	0	0	0	0	0	1232	0	2010	0	0	0	0	0	0	2400	11622	0	0	92	0	0	222	1608	17990	0	0	0	0	0	0	0	0	0	0	0	90	0	0	0	0	0	568	0	0	0	0	0	0	0	0	0	0	0	0	0	0	0	1354	5312	0	1184	30568	264	3976	4706	38598	8464	72320	416	4496	816	8358	118	226	0	138	0	2624	18088	17380	7590	542	180	0	
299540	Cerebelum_Crus2_L	0	0	0	0	0	0	0	0	0	0	178	0	0	0	0	0	0	0	0	0	0	0	0	0	0	0	0	0	346	0	0	0	0	0	0	0	732	0	1050	0	0	0	0	0	0	0	878	0	0	0	0	0	0	0	4840	0	0	0	0	0	0	0	0	0	0	0	0	0	0	0	0	0	194	0	0	0	0	0	0	0	98	0	0	0	0	0	0	0	1034	0	37774	1184	0	3622	924	462	9576	614	14520	836	24288	2010	18158	3886	1550	900	136	0	322	692	1316	2884	8410	4518	1254	584	
256120	Cerebelum_Crus2_R	0	0	0	0	0	0	0	0	0	0	0	0	0	0	0	0	0	0	0	0	0	0	0	0	0	0	0	0	0	0	0	0	0	0	0	0	0	94	0	154	0	0	0	0	0	0	134	172	0	0	0	0	0	0	0	1008	0	0	0	0	0	0	0	0	0	0	0	0	0	0	0	0	0	0	0	0	0	0	0	0	0	0	0	0	0	0	0	0	0	0	2718	30568	3622	0	290	1796	1156	4032	1844	12014	2122	19608	2020	20884	250	3070	0	506	158	644	1674	3948	9688	2706	1050	130	
62068	Cerebelum_3_L	0	0	0	0	0	0	0	0	0	0	0	0	0	0	0	0	0	0	0	0	0	0	0	0	0	0	0	0	0	0	0	0	0	0	0	0	136	0	622	0	0	0	0	0	0	0	500	0	0	0	0	0	0	0	160	0	0	0	0	0	0	0	0	0	0	0	0	0	0	0	0	0	124	0	0	0	0	0	0	0	0	0	0	0	0	0	0	0	0	0	2334	264	924	290	0	0	6826	222	3010	246	366	0	1276	1002	1826	1086	0	0	2006	2924	838	524	832	1328	1184	184	
78128	Cerebelum_3_R	0	0	0	0	0	0	0	0	0	0	0	0	0	0	0	0	0	0	0	0	0	0	0	0	0	0	0	0	0	146	0	0	0	0	0	0	0	176	0	236	0	170	0	0	0	0	0	922	0	0	0	0	0	0	0	92	0	0	0	0	0	0	0	0	0	0	0	0	0	0	0	0	0	158	0	0	108	0	0	0	0	0	0	0	0	0	0	0	0	0	494	3976	462	1796	0	0	500	7000	530	5318	412	0	562	2568	0	2238	0	0	344	4298	928	626	1010	1882	1694	418	
390896	Cerebelum_4_5_L	0	0	0	0	0	0	0	0	0	0	0	0	0	0	0	0	0	0	0	0	0	0	0	0	0	0	0	0	208	0	0	0	0	0	0	0	1216	0	3044	0	90	0	0	0	0	0	11554	2486	0	0	0	0	0	0	18482	1008	0	0	0	0	0	0	0	0	0	0	0	0	0	0	0	0	176	0	0	0	0	0	0	0	0	0	0	0	0	0	0	0	502	0	34066	4706	9576	1156	6826	500	0	5314	44402	5586	856	0	1926	2544	2606	970	152	0	1250	3016	14080	9046	2256	2476	2048	1324	
384644	Cerebelum_4_5_R	0	0	0	0	0	0	0	0	0	0	0	114	0	0	0	0	0	0	0	0	0	0	0	0	0	0	0	0	0	324	0	0	0	0	0	0	0	2628	0	3934	0	0	0	0	0	0	1668	15000	0	0	0	0	0	384	1158	13632	0	0	0	0	0	0	0	0	0	0	0	448	0	0	0	0	0	678	0	114	0	610	0	0	0	0	0	0	0	0	0	0	0	0	2434	38598	614	4032	222	7000	5314	0	4880	46240	402	0	756	1912	0	1100	0	0	0	3958	22286	8730	1798	788	402	164	
552360	Cerebelum_6_L	0	0	556	0	0	0	0	0	0	0	606	0	0	0	0	0	216	0	0	0	0	0	0	0	0	0	0	0	1570	0	0	0	0	0	0	0	2660	0	2410	0	0	0	0	0	0	0	14538	4100	0	0	364	0	436	176	36880	1046	0	0	0	0	0	0	0	0	0	0	0	0	0	0	0	0	916	0	0	0	0	0	0	0	350	0	0	0	0	0	0	0	2092	0	67720	8464	14520	1844	3010	530	44402	4880	0	9714	1570	0	2378	2610	1176	842	0	0	948	2352	13066	18880	4188	2024	1606	540	
508136	Cerebelum_6_R	0	0	0	0	0	0	0	0	0	0	0	122	0	0	0	0	0	0	0	0	0	0	0	0	0	0	0	0	0	338	0	0	0	0	0	0	0	1328	0	2518	0	0	0	0	0	0	2798	13920	0	0	100	0	0	732	1876	19468	0	0	0	0	0	0	0	0	0	0	0	106	0	0	0	0	0	736	0	92	0	0	0	0	0	0	0	0	0	0	0	0	0	206	5716	72320	836	12014	246	5318	5586	46240	9714	0	210	292	464	2618	0	250	0	264	0	3096	20762	18336	4860	344	146	96	
174736	Cerebelum_7b_L	0	0	0	0	0	0	0	0	0	0	0	0	0	0	0	0	0	0	0	0	0	0	0	0	0	0	0	0	0	0	0	0	0	0	0	0	0	0	0	0	0	0	0	0	0	0	0	0	0	0	0	0	0	0	154	0	0	0	0	0	0	0	0	0	0	0	0	0	0	0	0	0	0	0	0	0	0	0	0	0	0	0	0	0	0	0	0	0	0	0	6322	416	24288	2122	366	412	856	402	1570	210	0	2620	23480	3910	3396	796	218	0	206	392	420	1592	5854	5646	1158	562	
146920	Cerebelum_7b_R	0	0	0	0	0	0	0	0	0	0	0	0	0	0	0	0	0	0	0	0	0	0	0	0	0	0	0	0	0	0	0	0	0	0	0	0	0	0	0	0	0	0	0	0	0	0	0	0	0	0	0	0	0	0	0	0	0	0	0	0	0	0	0	0	0	0	0	0	0	0	0	0	0	0	0	0	0	0	0	0	0	0	0	0	0	0	0	0	0	0	500	4496	2010	19608	0	0	0	0	0	292	2620	0	2342	25452	458	7994	0	478	0	0	0	274	3148	3068	720	0	
216408	Cerebelum_8_L	0	0	0	0	0	0	0	0	0	0	0	0	0	0	0	0	0	0	0	0	0	0	0	0	0	0	0	0	0	0	0	0	0	0	0	0	0	0	0	0	0	0	0	0	0	0	0	0	0	0	0	0	0	0	248	0	0	0	0	0	0	0	0	0	0	0	0	0	0	0	0	0	0	0	0	0	0	0	0	0	0	0	0	0	0	0	0	0	0	0	6296	816	18158	2020	1276	562	1926	756	2378	464	23480	2342	0	6188	13874	1548	1698	0	384	710	1314	1740	6716	9028	2946	1336	
279052	Cerebelum_8_R	0	0	0	0	0	0	0	0	0	0	0	0	0	0	0	0	0	0	0	0	0	0	0	0	0	0	0	0	0	0	0	0	0	0	0	0	0	0	0	0	0	0	0	0	0	0	144	0	0	0	0	0	0	0	92	0	0	0	0	0	0	0	0	0	0	0	0	0	0	0	0	0	0	0	0	0	0	0	0	0	0	0	0	0	0	0	0	0	0	0	2344	8358	3886	20884	1002	2568	2544	1912	2610	2618	3910	25452	6188	0	1302	17444	0	1068	1122	3118	3264	2592	7782	10118	6160	1044	
79036	Cerebelum_9_L	0	0	0	0	0	0	0	0	0	0	0	0	0	0	0	0	0	0	0	0	0	0	0	0	0	0	0	0	0	0	0	0	0	0	0	0	0	0	92	0	0	0	0	0	0	0	200	0	0	0	0	0	0	0	96	0	0	0	0	0	0	0	0	0	0	0	0	0	0	0	0	0	0	0	0	0	0	0	0	0	0	0	0	0	0	0	0	0	0	0	714	118	1550	250	1826	0	2606	0	1176	0	3396	458	13874	1302	0	1764	3096	0	196	342	386	480	1128	1982	1874	612	
121376	Cerebelum_9_R	0	0	0	0	0	0	0	0	0	0	0	0	0	0	0	0	0	0	0	0	0	0	0	0	0	0	0	0	0	0	0	0	0	0	0	0	0	0	0	0	0	0	0	0	0	0	0	0	0	0	0	0	0	0	0	0	0	0	0	0	0	0	0	0	0	0	0	0	0	0	0	0	0	0	0	0	0	0	0	0	0	0	0	0	0	0	0	0	0	0	640	226	900	3070	1086	2238	970	1100	842	250	796	7994	1548	17444	1764	0	0	880	1576	2476	420	434	1704	4476	6094	1760	
10788	Cerebelum_10_L	0	0	0	0	0	0	0	0	0	0	0	0	0	0	0	0	0	0	0	0	0	0	0	0	0	0	0	0	0	0	0	0	0	0	0	0	0	0	0	0	0	0	0	0	0	0	0	0	0	0	0	0	0	0	0	0	0	0	0	0	0	0	0	0	0	0	0	0	0	0	0	0	0	0	0	0	0	0	0	0	0	0	0	0	0	0	0	0	0	0	94	0	136	0	0	0	152	0	0	0	218	0	1698	0	3096	0	0	0	0	0	0	0	0	0	0	0	
6668	Cerebelum_10_R	0	0	0	0	0	0	0	0	0	0	0	0	0	0	0	0	0	0	0	0	0	0	0	0	0	0	0	0	0	0	0	0	0	0	0	0	0	0	0	0	0	0	0	0	0	0	0	0	0	0	0	0	0	0	0	0	0	0	0	0	0	0	0	0	0	0	0	0	0	0	0	0	0	0	0	0	0	0	0	0	0	0	0	0	0	0	0	0	0	0	0	138	0	506	0	0	0	0	0	264	0	478	0	1068	0	880	0	0	0	0	0	0	0	0	0	0	
33828	Vermis_1_2	0	0	0	0	0	0	0	0	0	0	0	0	0	0	0	0	0	0	0	0	0	0	0	0	0	0	0	0	0	0	0	0	0	0	0	0	0	0	0	0	0	0	0	0	0	0	0	0	0	0	0	0	0	0	0	0	0	0	0	0	0	0	0	0	0	0	0	0	0	0	0	0	0	0	0	0	0	0	0	0	0	0	0	0	0	0	0	0	0	0	740	0	322	158	2006	344	1250	0	948	0	206	0	384	1122	196	1576	0	0	0	3802	708	300	448	1204	1200	0	
100528	Vermis_3	0	0	90	0	0	0	0	0	0	0	0	0	0	0	0	0	0	0	0	0	0	0	0	0	0	0	0	0	0	0	0	0	0	0	0	0	166	0	108	0	0	0	0	0	0	0	112	250	0	0	0	0	0	0	170	0	0	0	0	0	0	0	0	0	0	0	0	0	0	0	0	0	140	0	0	0	126	0	0	0	0	0	0	0	0	0	0	0	0	0	1804	2624	692	644	2924	4298	3016	3958	2352	3096	392	0	710	3118	342	2476	0	0	3802	0	4280	1168	1036	3086	2958	326	
330212	Vermis_4_5	0	0	0	0	0	0	0	0	0	0	0	0	0	0	0	0	0	0	0	0	0	0	0	0	0	0	0	0	0	0	0	0	0	0	0	114	0	174	0	216	0	0	0	264	0	0	4826	12800	0	0	0	0	0	486	2576	6550	0	0	0	0	0	0	0	0	0	0	0	462	0	0	0	0	0	0	0	0	0	100	0	0	0	0	0	0	0	0	0	0	0	0	7802	18088	1316	1674	838	928	14080	22286	13066	20762	420	0	1314	3264	386	420	0	0	708	4280	0	16478	2882	2652	1794	1100	
