data	data	711092	327240	1.1947e+06	1.2533e+06	150592	97052	504432	362228	63088	14384	358588	339444	259216	251136	138048	78872	345036	166120	1.06263e+06	1.1653e+06	69556	77792	470688	336720	37016	81412	58852	46948	817644	549244	322608	349724	179436	595120	113972	155060	314880	445672	118248	292988	52588	69672	274104	406288	164820	473240	296916	317056	215696	484444	694924	429412	351356	130124	516268	610396	295780	185840	271288	178320	220668	120228	121020	122784	216676	190116	395552	518956	356268	173764	287040	522532	310964	538928	46780	38004	211636	255016	98044	35820	350380	171688	169860	67408	392328	339328	38600	17760	319016	273876	467336	508564	261852	349456	85068	77288	380292	271604	458684	466844	201788	121420	258528	275532	129364	162056	16364	10308	54164	98928	254708	195940	236280	169184	138200	33564	
data	data	Precentral_L	Precentral_R	Frontal_Sup_L	Frontal_Sup_R	Frontal_Sup_Orb_L	Frontal_Sup_Orb_R	Frontal_Mid_L	Frontal_Mid_R	Frontal_Mid_Orb_L	Frontal_Mid_Orb_R	Frontal_Inf_Oper_L	Frontal_Inf_Oper_R	Frontal_Inf_Tri_L	Frontal_Inf_Tri_R	Frontal_Inf_Orb_L	Frontal_Inf_Orb_R	Rolandic_Oper_L	Rolandic_Oper_R	Supp_Motor_Area_L	Supp_Motor_Area_R	Olfactory_L	Olfactory_R	Frontal_Sup_Medial_L	Frontal_Sup_Medial_R	Frontal_Med_Orb_L	Frontal_Med_Orb_R	Rectus_L	Rectus_R	Insula_L	Insula_R	Cingulum_Ant_L	Cingulum_Ant_R	Cingulum_Mid_L	Cingulum_Mid_R	Cingulum_Post_L	Cingulum_Post_R	Hippocampus_L	Hippocampus_R	ParaHippocampal_L	ParaHippocampal_R	Amygdala_L	Amygdala_R	Calcarine_L	Calcarine_R	Cuneus_L	Cuneus_R	Lingual_L	Lingual_R	Occipital_Sup_L	Occipital_Sup_R	Occipital_Mid_L	Occipital_Mid_R	Occipital_Inf_L	Occipital_Inf_R	Fusiform_L	Fusiform_R	Postcentral_L	Postcentral_R	Parietal_Sup_L	Parietal_Sup_R	Parietal_Inf_L	Parietal_Inf_R	SupraMarginal_L	SupraMarginal_R	Angular_L	Angular_R	Precuneus_L	Precuneus_R	Paracentral_Lobule_L	Paracentral_Lobule_R	Caudate_L	Caudate_R	Putamen_L	Putamen_R	Pallidum_L	Pallidum_R	Thalamus_L	Thalamus_R	Heschl_L	Heschl_R	Temporal_Sup_L	Temporal_Sup_R	Temporal_Pole_Sup_L	Temporal_Pole_Sup_R	Temporal_Mid_L	Temporal_Mid_R	Temporal_Pole_Mid_L	Temporal_Pole_Mid_R	Temporal_Inf_L	Temporal_Inf_R	Cerebelum_Crus1_L	Cerebelum_Crus1_R	Cerebelum_Crus2_L	Cerebelum_Crus2_R	Cerebelum_3_L	Cerebelum_3_R	Cerebelum_4_5_L	Cerebelum_4_5_R	Cerebelum_6_L	Cerebelum_6_R	Cerebelum_7b_L	Cerebelum_7b_R	Cerebelum_8_L	Cerebelum_8_R	Cerebelum_9_L	Cerebelum_9_R	Cerebelum_10_L	Cerebelum_10_R	Vermis_1_2	Vermis_3	Vermis_4_5	Vermis_6	Vermis_7	Vermis_8	Vermis_9	Vermis_10	
711092	Precentral_L	0	850	44326	9902	0	0	20752	556	0	0	15808	324	2370	0	0	136	15000	290	41808	17090	0	0	438	436	0	0	0	0	19682	718	524	324	290	7850	142	0	6696	1436	1066	1142	0	0	526	0	0	0	0	0	500	0	7748	0	3238	0	1580	1188	27134	0	3018	0	6698	0	312	0	2278	0	3420	0	22880	0	9252	5534	6664	2278	2814	438	21898	838	5086	0	5790	0	1474	0	1746	0	0	0	1258	0	0	0	0	0	0	0	0	0	0	0	0	0	0	0	0	0	0	0	0	0	0	0	0	0	0	0	
327240	Precentral_R	850	0	1340	23100	0	0	708	26434	0	0	170	8374	0	530	0	0	412	4098	1118	5138	0	0	0	698	0	0	0	0	598	7312	0	518	0	4244	332	242	0	8360	0	2182	0	0	0	222	0	756	0	0	0	1346	0	1454	0	0	0	6518	0	17318	0	350	0	638	0	1648	0	626	0	1252	446	5284	260	6778	0	12636	0	1138	138	920	0	586	258	2016	0	0	0	1298	0	0	0	2976	0	0	0	0	0	0	0	0	0	0	0	0	0	0	0	0	0	0	0	0	0	0	0	0	0	0	
1.1947e+06	Frontal_Sup_L	44326	1340	0	18382	9018	0	76070	1048	768	0	20024	502	20436	376	4858	220	13982	302	112974	26390	0	0	51676	8476	786	0	306	0	48082	1066	12404	1694	4098	9424	0	0	10140	1438	1358	1148	232	0	0	0	0	0	0	0	0	0	0	0	0	0	3678	1196	838	0	0	0	0	0	224	0	0	0	0	0	7732	0	7932	5750	21786	2278	3778	438	15440	502	3368	0	10020	0	4366	0	978	0	0	0	3702	0	0	0	0	0	0	0	0	0	0	0	0	0	0	0	0	0	0	0	0	0	0	0	0	0	0	0	
1.2533e+06	Frontal_Sup_R	9902	23100	18382	0	278	4134	3428	41014	0	0	678	21122	248	19182	0	1082	1336	9352	28512	133298	0	0	12652	35616	362	3792	286	0	4634	30816	6920	30664	2080	22112	382	0	1388	19416	382	6948	0	0	0	0	0	0	0	0	0	0	0	0	0	0	384	11720	436	406	0	0	0	0	0	0	0	0	0	146	4770	0	9556	36910	962	29460	208	1638	2142	27964	478	396	964	1290	198	1114	0	0	0	0	304	1556	0	0	0	0	0	0	0	152	0	0	0	0	0	0	0	0	0	0	0	0	0	0	0	0	0	0	
150592	Frontal_Sup_Orb_L	0	0	9018	278	0	0	3090	0	9874	0	434	0	4914	0	15678	0	0	0	696	268	1260	0	3136	0	3148	0	5172	0	10142	0	2990	0	0	0	0	0	0	0	0	0	716	0	0	0	0	0	0	0	0	0	0	0	0	0	0	0	0	0	0	0	0	0	0	0	0	0	0	0	0	0	326	0	2478	0	0	0	0	0	0	0	0	0	1678	0	0	0	0	0	0	0	0	0	0	0	0	0	0	0	0	0	0	0	0	0	0	0	0	0	0	0	0	0	0	0	0	0	
97052	Frontal_Sup_Orb_R	0	0	0	4134	0	0	0	0	0	1852	0	0	0	0	0	2852	0	0	0	186	0	1390	182	4142	0	10430	686	7032	0	812	518	4344	0	0	0	0	0	0	0	0	0	0	0	0	0	0	0	0	0	0	0	0	0	0	0	0	0	0	0	0	0	0	0	0	0	0	0	0	0	0	0	6730	0	3236	0	0	0	0	0	0	0	0	0	0	0	0	0	0	0	0	0	0	0	0	0	0	0	0	0	0	0	0	0	0	0	0	0	0	0	0	0	0	0	0	0	0	
504432	Frontal_Mid_L	20752	708	76070	3428	3090	0	0	382	2996	0	15860	184	25386	0	4266	0	7514	0	17744	2538	0	0	17382	2780	0	0	0	0	20436	176	1418	0	548	246	0	0	2376	0	596	0	0	0	0	0	0	0	0	0	0	0	1154	0	0	0	240	0	1368	0	1090	0	192	0	1052	0	604	0	1094	0	174	0	1036	1332	4636	0	1008	0	1744	0	1532	0	5162	0	1316	0	248	0	0	0	358	0	0	0	0	0	0	0	0	0	0	0	0	0	0	0	0	0	0	0	0	0	0	0	0	0	0	0	
362228	Frontal_Mid_R	556	26434	1048	41014	0	0	382	0	0	442	140	15194	0	15240	0	2704	356	4322	1646	6176	0	0	754	4464	0	0	0	0	568	13788	206	1524	0	1446	0	0	0	6198	0	2560	0	0	0	0	0	0	0	0	0	0	0	0	0	0	0	6830	0	464	0	0	0	0	0	0	0	0	0	0	0	0	680	6036	0	14926	0	1148	0	650	0	318	226	1054	0	136	0	136	0	0	0	1348	0	0	0	0	0	0	0	0	0	0	0	0	0	0	0	0	0	0	0	0	0	0	0	0	0	0	
63088	Frontal_Mid_Orb_L	0	0	768	0	9874	0	2996	0	0	0	0	0	3036	0	11502	0	0	0	0	0	0	0	0	0	0	0	1206	0	1214	0	0	0	0	0	0	0	0	0	0	0	0	0	0	0	0	0	0	0	0	0	0	0	0	0	0	0	0	0	0	0	0	0	0	0	0	0	0	0	0	0	0	0	0	0	0	0	0	0	0	0	0	0	948	0	0	0	0	0	0	0	0	0	0	0	0	0	0	0	0	0	0	0	0	0	0	0	0	0	0	0	0	0	0	0	0	0	
14384	Frontal_Mid_Orb_R	0	0	0	0	0	1852	0	442	0	0	0	0	0	138	0	3580	0	0	0	0	0	0	0	0	0	0	0	174	0	146	0	0	0	0	0	0	0	0	0	0	0	0	0	0	0	0	0	0	0	0	0	0	0	0	0	0	0	0	0	0	0	0	0	0	0	0	0	0	0	0	0	344	0	516	0	0	0	0	0	0	0	0	0	0	0	0	0	0	0	0	0	0	0	0	0	0	0	0	0	0	0	0	0	0	0	0	0	0	0	0	0	0	0	0	0	0	
358588	Frontal_Inf_Oper_L	15808	170	20024	678	434	0	15860	140	0	0	0	0	12960	0	828	0	23208	0	12066	950	0	0	4046	278	0	0	0	0	33428	0	2410	0	0	0	0	0	528	0	0	0	0	0	0	0	0	0	0	0	0	0	488	0	0	0	428	0	4918	0	484	0	220	0	1296	0	0	0	484	0	0	0	668	0	2020	0	440	0	146	0	928	0	14788	0	6852	0	456	0	0	0	862	0	0	0	0	0	0	0	0	0	0	0	0	0	0	0	0	0	0	0	0	0	0	0	0	0	0	0	
339444	Frontal_Inf_Oper_R	324	8374	502	21122	0	0	184	15194	0	0	0	0	0	22534	0	0	0	14530	782	16176	0	0	0	980	0	0	0	0	0	34908	0	396	0	0	0	0	0	2318	0	764	0	0	0	0	0	0	0	0	0	382	0	444	0	0	0	1734	0	1304	0	0	0	0	0	392	0	336	0	214	0	0	584	7138	0	10230	0	778	0	566	0	644	0	3064	0	1932	0	148	0	0	0	744	0	0	0	0	0	0	0	0	0	0	0	0	0	0	0	0	0	0	0	0	0	0	0	0	0	0	
259216	Frontal_Inf_Tri_L	2370	0	20436	248	4914	0	25386	0	3036	0	12960	0	0	0	9766	0	2412	0	5744	192	0	0	8434	280	0	0	0	0	23880	0	5600	0	0	0	0	0	0	0	0	0	0	0	0	0	0	0	0	0	0	0	0	0	0	0	0	0	166	0	0	0	0	0	0	0	0	0	0	0	0	0	704	0	0	0	0	0	0	0	0	0	1804	0	1276	0	0	0	0	0	0	0	0	0	0	0	0	0	0	0	0	0	0	0	0	0	0	0	0	0	0	0	0	0	0	0	0	0	
251136	Frontal_Inf_Tri_R	0	530	376	19182	0	0	0	15240	0	138	0	22534	0	0	0	2964	0	726	990	10022	0	0	1770	6058	0	0	0	0	0	29224	828	2920	598	2388	0	0	0	482	0	280	0	0	0	0	0	0	0	0	0	0	0	0	0	0	0	338	0	0	0	0	0	0	0	0	0	0	0	0	0	0	298	4890	0	2524	0	268	0	0	0	0	0	0	0	0	0	0	0	0	0	0	0	0	0	0	0	0	0	0	0	0	0	0	0	0	0	0	0	0	0	0	0	0	0	0	0	0	
138048	Frontal_Inf_Orb_L	0	0	4858	0	15678	0	4266	0	11502	0	828	0	9766	0	0	0	0	0	630	0	1706	0	568	0	0	0	290	0	10818	0	1096	0	0	0	0	0	236	0	412	0	1024	0	0	0	0	0	0	0	0	0	0	0	0	0	0	0	0	0	0	0	0	0	0	0	0	0	0	0	0	0	172	0	1670	0	0	0	0	0	0	0	0	0	3504	0	0	0	0	0	0	0	0	0	0	0	0	0	0	0	0	0	0	0	0	0	0	0	0	0	0	0	0	0	0	0	0	0	
78872	Frontal_Inf_Orb_R	136	0	220	1082	0	2852	0	2704	0	3580	0	0	0	2964	0	0	0	0	186	820	0	872	0	0	0	0	0	1342	0	6488	0	324	0	0	0	0	0	602	0	480	0	472	0	0	0	0	0	0	0	0	0	0	0	0	0	0	0	0	0	0	0	0	0	0	0	0	0	0	0	0	218	4674	0	9052	0	0	0	0	0	0	0	0	0	368	0	0	0	0	0	0	0	0	0	0	0	0	0	0	0	0	0	0	0	0	0	0	0	0	0	0	0	0	0	0	0	0	
345036	Rolandic_Oper_L	15000	412	13982	1336	0	0	7514	356	0	0	23208	0	2412	0	0	0	0	0	9346	1748	0	0	266	0	0	0	0	0	35364	0	0	0	0	0	0	0	1224	0	0	0	0	0	0	0	0	0	0	0	0	0	798	0	274	0	1012	0	12952	0	700	0	712	0	4592	0	0	0	576	0	0	0	1638	0	1732	0	616	0	0	0	4740	0	20944	0	6036	0	922	0	0	0	2106	0	0	0	0	0	0	0	0	0	0	0	0	0	0	0	0	0	0	0	0	0	0	0	0	0	0	0	
166120	Rolandic_Oper_R	290	4098	302	9352	0	0	0	4322	0	0	0	14530	0	726	0	0	0	0	362	5932	0	0	0	0	0	0	0	0	0	16410	0	0	0	0	0	0	0	2340	0	300	0	0	0	0	0	0	0	0	0	208	0	206	0	0	0	1434	0	2746	0	0	0	0	0	2626	0	220	0	0	0	0	0	1426	0	4234	0	204	0	386	0	2962	0	4100	0	1944	0	360	0	0	0	1040	0	0	0	0	0	0	0	0	0	0	0	0	0	0	0	0	0	0	0	0	0	0	0	0	0	0	
1.06263e+06	Supp_Motor_Area_L	41808	1118	112974	28512	696	0	17744	1646	0	0	12066	782	5744	990	630	186	9346	362	0	57658	0	0	24942	7794	180	0	170	0	27514	1670	8872	7888	12392	28572	1348	144	5826	1388	612	1118	0	0	140	0	0	0	0	0	0	0	0	0	0	0	3286	1162	612	0	0	0	0	0	0	0	0	0	516	0	27272	2104	8282	8810	14412	2312	3134	432	17134	3976	964	0	6536	0	3188	0	910	0	0	0	3442	0	0	0	0	0	0	0	0	0	0	0	0	0	0	0	0	0	0	0	0	0	0	0	0	0	0	0	
1.1653e+06	Supp_Motor_Area_R	17090	5138	26390	133298	268	186	2538	6176	0	0	950	16176	192	10022	0	820	1748	5932	57658	0	0	0	3828	8828	284	184	282	0	5166	21642	5812	15348	7516	46654	1660	646	1408	15060	382	6650	0	174	0	316	0	404	0	324	0	644	0	1332	0	0	384	9122	446	1316	0	562	0	0	0	0	0	262	532	1962	18138	12602	10634	33620	958	23128	200	966	2694	29564	484	192	1574	1032	274	984	0	440	0	0	288	1010	0	0	0	0	0	0	0	154	0	0	0	0	0	0	0	0	0	0	0	0	0	0	0	0	0	0	
69556	Olfactory_L	0	0	0	0	1260	0	0	0	0	0	0	0	0	0	1706	0	0	0	0	0	0	4900	0	0	834	0	3018	646	1988	0	2986	2294	0	0	0	0	644	0	676	0	1244	0	0	0	0	0	0	0	0	0	0	0	0	0	408	0	0	0	0	0	0	0	0	0	0	0	0	0	0	0	6150	3008	2038	292	0	0	0	0	0	0	0	0	686	0	0	0	0	0	0	0	0	0	0	0	0	0	0	0	0	0	0	0	0	0	0	0	0	0	0	0	0	0	0	0	0	0	
77792	Olfactory_R	0	0	0	0	0	1390	0	0	0	0	0	0	0	0	0	872	0	0	0	0	4900	0	0	0	0	654	1908	2918	0	2664	1522	2238	0	0	0	0	0	448	0	798	0	1410	0	0	0	0	0	0	0	0	0	0	0	0	0	0	0	0	0	0	0	0	0	0	0	0	0	0	0	0	6542	5068	2862	2424	0	0	0	0	0	0	0	0	0	278	0	0	0	0	0	0	0	0	0	0	0	0	0	0	0	0	0	0	0	0	0	0	0	0	0	0	0	0	0	0	0	0	
470688	Frontal_Sup_Medial_L	438	0	51676	12652	3136	182	17382	754	0	0	4046	0	8434	1770	568	0	266	0	24942	3828	0	0	0	23488	1266	336	340	0	14674	1714	27268	8212	8440	9416	0	0	0	0	0	0	160	0	0	0	0	0	0	0	0	0	0	0	0	0	0	0	0	0	0	0	0	0	0	0	0	0	0	0	0	0	3444	222	5864	0	0	0	0	0	0	0	168	0	258	0	0	0	0	0	0	0	0	0	0	0	0	0	0	0	0	0	0	0	0	0	0	0	0	0	0	0	0	0	0	0	0	0	
336720	Frontal_Sup_Medial_R	436	698	8476	35616	0	4142	2780	4464	0	0	278	980	280	6058	0	0	0	0	7794	8828	0	0	23488	0	180	5732	0	0	320	5828	5144	22728	1628	12110	0	0	0	0	0	0	0	0	0	0	0	0	0	0	0	0	0	0	0	0	0	0	0	0	0	0	0	0	0	0	0	0	0	0	0	0	0	7886	0	2486	0	0	0	0	0	0	0	0	0	0	0	0	0	0	0	0	0	0	0	0	0	0	0	0	0	0	0	0	0	0	0	0	0	0	0	0	0	0	0	0	0	0	
37016	Frontal_Med_Orb_L	0	0	786	362	3148	0	0	0	0	0	0	0	0	0	0	0	0	0	180	284	834	0	1266	180	0	232	3134	0	842	0	4902	278	0	0	0	0	0	0	0	0	0	0	0	0	0	0	0	0	0	0	0	0	0	0	0	0	0	0	0	0	0	0	0	0	0	0	0	0	0	0	882	158	1040	0	0	0	0	0	0	0	0	0	0	0	0	0	0	0	0	0	0	0	0	0	0	0	0	0	0	0	0	0	0	0	0	0	0	0	0	0	0	0	0	0	0	0	
81412	Frontal_Med_Orb_R	0	0	0	3792	0	10430	0	0	0	0	0	0	0	0	0	0	0	0	0	184	0	654	336	5732	232	0	386	4074	0	0	688	6312	0	0	0	0	0	0	0	0	0	0	0	0	0	0	0	0	0	0	0	0	0	0	0	0	0	0	0	0	0	0	0	0	0	0	0	0	0	0	0	5830	0	2056	0	0	0	0	0	0	0	0	0	0	0	0	0	0	0	0	0	0	0	0	0	0	0	0	0	0	0	0	0	0	0	0	0	0	0	0	0	0	0	0	0	0	
58852	Rectus_L	0	0	306	286	5172	686	0	0	1206	0	0	0	0	0	290	0	0	0	170	282	3018	1908	340	0	3134	386	0	1148	978	0	4424	1538	0	0	0	0	0	0	0	0	210	0	0	0	0	0	0	0	0	0	0	0	0	0	0	0	0	0	0	0	0	0	0	0	0	0	0	0	0	0	2010	838	1096	0	0	0	0	0	0	0	0	0	0	0	0	0	0	0	0	0	0	0	0	0	0	0	0	0	0	0	0	0	0	0	0	0	0	0	0	0	0	0	0	0	0	0	
46948	Rectus_R	0	0	0	0	0	7032	0	0	0	174	0	0	0	0	0	1342	0	0	0	0	646	2918	0	0	0	4074	1148	0	0	1268	332	1370	0	0	0	0	0	0	0	0	0	350	0	0	0	0	0	0	0	0	0	0	0	0	0	0	0	0	0	0	0	0	0	0	0	0	0	0	0	0	536	1144	272	868	0	0	0	0	0	0	0	0	0	0	0	0	0	0	0	0	0	0	0	0	0	0	0	0	0	0	0	0	0	0	0	0	0	0	0	0	0	0	0	0	0	0	
817644	Insula_L	19682	598	48082	4634	10142	0	20436	568	1214	0	33428	0	23880	0	10818	0	35364	0	27514	5166	1988	0	14674	320	842	0	978	0	0	0	10000	318	258	0	0	0	14720	0	2484	0	3384	0	0	0	0	0	0	0	0	0	2978	0	696	0	9092	0	5904	0	2868	0	166	0	1048	0	994	0	2378	0	326	0	7642	268	16598	0	628	0	2528	142	10240	0	25850	0	12364	0	3208	0	250	0	11162	0	0	0	0	0	0	0	0	0	0	0	0	0	0	0	0	0	0	0	0	0	0	0	0	0	0	0	
549244	Insula_R	718	7312	1066	30816	0	812	176	13788	0	146	0	34908	0	29224	0	6488	0	16410	1670	21642	0	2664	1714	5828	0	0	0	1268	0	0	848	2502	616	2800	0	0	0	11136	0	5538	0	4772	0	0	0	0	0	0	0	0	0	136	0	0	0	8050	0	1086	0	0	0	0	0	494	0	170	0	0	0	0	402	9462	0	32092	0	352	0	446	0	2270	0	6148	0	3806	0	1638	0	0	0	3208	0	0	0	0	0	0	0	0	0	0	0	0	0	0	0	0	0	0	0	0	0	0	0	0	0	0	
322608	Cingulum_Ant_L	524	0	12404	6920	2990	518	1418	206	0	0	2410	0	5600	828	1096	0	0	0	8872	5812	2986	1522	27268	5144	4902	688	4424	332	10000	848	0	14578	6078	6264	134	0	0	0	0	0	0	0	0	0	0	0	0	0	0	0	0	0	0	0	0	0	0	0	0	0	0	0	0	0	0	0	0	0	0	0	10320	2974	12524	562	0	0	0	0	0	0	0	0	158	0	0	0	0	0	0	0	0	0	0	0	0	0	0	0	0	0	0	0	0	0	0	0	0	0	0	0	0	0	0	0	0	0	
349724	Cingulum_Ant_R	324	518	1694	30664	0	4344	0	1524	0	0	0	396	0	2920	0	324	0	0	7888	15348	2294	2238	8212	22728	278	6312	1538	1370	318	2502	14578	0	3138	17160	0	0	0	0	0	0	0	0	0	0	0	0	0	0	0	0	0	0	0	0	0	0	0	0	0	0	0	0	0	0	0	0	0	0	0	0	3830	14266	2726	5430	0	0	0	0	0	0	0	0	0	0	0	0	0	0	0	0	0	0	0	0	0	0	0	0	0	0	0	0	0	0	0	0	0	0	0	0	0	0	0	0	0	0	
179436	Cingulum_Mid_L	290	0	4098	2080	0	0	548	0	0	0	0	0	0	598	0	0	0	0	12392	7516	0	0	8440	1628	0	0	0	0	258	616	6078	3138	0	15454	5338	362	0	0	0	0	0	0	462	0	476	372	0	0	732	362	1356	204	512	0	196	0	644	0	552	246	0	0	0	0	136	0	6564	1750	5002	1112	0	0	0	0	0	0	0	0	0	0	0	0	0	0	206	0	0	0	0	0	0	0	0	0	0	0	0	0	0	0	0	0	0	0	0	0	0	0	0	0	0	0	0	0	0	0	
595120	Cingulum_Mid_R	7850	4244	9424	22112	0	0	246	1446	0	0	0	0	0	2388	0	0	0	0	28572	46654	0	0	9416	12110	0	0	0	0	0	2800	6264	17160	15454	0	2080	5546	0	1914	0	1058	0	0	0	2246	236	7824	0	1602	0	7940	0	7124	0	0	0	1648	0	4978	0	2874	0	476	0	402	0	792	1456	15706	13060	17938	186	3250	0	2160	0	422	312	2300	0	0	0	366	0	0	0	3290	0	0	0	2044	0	0	0	0	0	0	0	0	0	0	0	0	0	0	0	0	0	0	0	0	190	0	0	0	0	0	
113972	Cingulum_Post_L	142	332	0	382	0	0	0	0	0	0	0	0	0	0	0	0	0	0	1348	1660	0	0	0	0	0	0	0	0	0	0	134	0	5338	2080	0	6980	3452	3272	1242	1834	0	0	3518	0	708	336	1838	160	312	236	378	0	2030	0	756	536	330	306	0	0	0	0	0	0	0	0	7702	1566	2886	418	0	0	0	0	0	0	0	2730	0	0	0	0	0	0	322	0	0	0	1400	150	0	0	0	0	0	0	0	0	0	0	0	0	0	0	0	0	0	0	0	0	172	0	0	0	0	0	
155060	Cingulum_Post_R	0	242	0	0	0	0	0	0	0	0	0	0	0	0	0	0	0	0	144	646	0	0	0	0	0	0	0	0	0	0	0	0	362	5546	6980	0	1474	5696	326	2302	0	0	1048	5772	260	3788	214	8370	0	3456	0	1848	0	226	0	2274	0	334	0	764	0	0	0	0	0	0	2032	15200	0	2290	0	0	0	0	0	0	0	2054	0	0	0	0	0	0	0	776	0	0	0	1720	0	0	0	0	0	0	0	0	0	0	0	0	0	0	0	0	0	0	0	0	1386	0	0	0	0	0	
314880	Hippocampus_L	6696	0	10140	1388	0	0	2376	0	0	0	528	0	0	0	236	0	1224	0	5826	1408	644	0	0	0	0	0	0	0	14720	0	0	0	0	0	3452	1474	0	2124	17680	1628	8726	0	1206	0	0	0	2906	346	0	0	0	0	412	0	21638	346	0	0	0	0	0	0	0	0	0	0	2652	160	1102	0	458	0	9538	0	322	0	6370	3048	3830	0	3538	0	2838	0	2162	0	316	0	12226	0	648	0	0	0	0	0	396	0	712	0	0	0	0	0	0	0	0	0	0	0	0	0	0	0	0	0	
445672	Hippocampus_R	1436	8360	1438	19416	0	0	0	6198	0	0	0	2318	0	482	0	602	0	2340	1388	15060	0	448	0	0	0	0	0	0	0	11136	0	0	0	1914	3272	5696	2124	0	814	34916	0	10322	752	1240	0	0	262	3716	0	0	0	142	0	0	0	35180	0	162	0	0	0	0	0	166	0	0	974	3980	0	492	0	1742	0	25240	0	2418	0	6972	0	686	0	432	0	1486	0	356	0	0	0	4368	0	236	0	0	0	0	0	1108	0	538	0	0	0	0	0	0	0	0	0	0	508	0	0	0	0	0	
118248	ParaHippocampal_L	1066	0	1358	382	0	0	596	0	0	0	0	0	0	0	412	0	0	0	612	382	676	0	0	0	0	0	0	0	2484	0	0	0	0	0	1242	326	17680	814	0	584	4020	0	0	0	0	0	2372	686	0	0	134	0	416	0	11110	0	0	0	0	0	0	0	0	0	0	0	774	0	474	0	0	0	2654	0	0	0	1404	1008	0	0	322	0	966	0	0	0	150	0	1682	0	426	0	142	0	180	0	838	0	558	0	0	0	0	0	0	0	0	0	0	194	0	0	0	0	0	0	
292988	ParaHippocampal_R	1142	2182	1148	6948	0	0	0	2560	0	0	0	764	0	280	0	480	0	300	1118	6650	0	798	0	0	0	0	0	0	0	5538	0	0	0	1058	1834	2302	1628	34916	584	0	0	8796	328	694	0	0	208	3636	0	0	0	0	0	138	0	26804	0	0	0	0	0	0	0	0	0	0	606	2260	0	0	0	828	0	12954	0	2276	0	4788	0	376	0	0	0	2682	0	180	0	580	0	2102	0	638	0	0	0	0	0	2284	0	1106	0	0	0	0	0	0	0	0	0	0	0	0	0	0	0	0	
52588	Amygdala_L	0	0	232	0	716	0	0	0	0	0	0	0	0	0	1024	0	0	0	0	0	1244	0	160	0	0	0	210	0	3384	0	0	0	0	0	0	0	8726	0	4020	0	0	0	0	0	0	0	0	0	0	0	0	0	0	0	4812	0	0	0	0	0	0	0	0	0	0	0	0	0	0	0	0	0	334	0	0	0	0	0	0	0	0	0	850	0	0	0	188	0	394	0	0	0	0	0	0	0	0	0	0	0	0	0	0	0	0	0	0	0	0	0	0	0	0	0	0	0	
69672	Amygdala_R	0	0	0	0	0	0	0	0	0	0	0	0	0	0	0	472	0	0	0	174	0	1410	0	0	0	0	0	350	0	4772	0	0	0	0	0	0	0	10322	0	8796	0	0	0	0	0	0	0	0	0	0	0	0	0	0	0	4308	0	0	0	0	0	0	0	0	0	0	0	0	0	0	0	0	0	2132	0	0	0	0	0	0	0	0	0	2100	0	0	0	0	0	0	0	0	0	0	0	0	0	0	0	0	0	0	0	0	0	0	0	0	0	0	0	0	0	0	0	0	
274104	Calcarine_L	526	0	0	0	0	0	0	0	0	0	0	0	0	0	0	0	0	0	140	0	0	0	0	0	0	0	0	0	0	0	0	0	462	0	3518	1048	1206	752	0	328	0	0	0	7054	14156	3800	15110	3886	11404	1794	25356	246	17608	226	3622	390	1262	0	2692	0	0	0	0	0	214	0	13264	838	2138	0	0	0	0	0	0	0	0	304	0	0	0	0	0	0	3352	0	0	0	356	0	0	0	0	0	0	0	0	0	0	0	0	0	0	0	0	0	0	0	0	0	0	0	0	0	0	0	
406288	Calcarine_R	0	222	0	0	0	0	0	0	0	0	0	0	0	0	0	0	0	0	0	316	0	0	0	0	0	0	0	0	0	0	0	0	0	2246	0	5772	0	1240	0	694	0	0	7054	0	7536	35140	2974	27778	0	26642	0	16990	0	11882	0	12112	0	2876	0	2578	0	0	0	0	0	228	342	25428	0	2372	0	0	0	0	0	0	0	152	0	0	0	0	0	0	0	6448	0	0	0	3382	0	0	0	0	0	0	0	188	0	334	0	0	0	0	0	0	0	0	0	0	218	0	0	0	0	0	
164820	Cuneus_L	0	0	0	0	0	0	0	0	0	0	0	0	0	0	0	0	0	0	0	0	0	0	0	0	0	0	0	0	0	0	0	0	476	236	708	260	0	0	0	0	0	0	14156	7536	0	10426	1986	770	17568	4024	8410	644	1166	434	320	442	138	0	1104	0	0	0	0	0	0	0	8194	2152	768	138	0	0	0	0	0	0	0	0	0	0	0	0	0	0	354	0	0	0	0	0	0	0	0	0	0	0	0	0	0	0	0	0	0	0	0	0	0	0	0	0	0	0	0	0	0	0	
473240	Cuneus_R	0	756	0	0	0	0	0	0	0	0	0	0	0	0	0	0	0	0	0	404	0	0	0	0	0	0	0	0	0	0	0	0	372	7824	336	3788	0	0	0	0	0	0	3800	35140	10426	0	748	7144	304	55698	206	26384	0	4836	0	2730	0	4432	0	7988	0	720	0	224	0	1214	3012	41348	178	2540	0	0	0	0	0	0	0	180	0	0	0	366	0	0	0	9180	0	0	0	4134	0	0	0	0	0	0	0	0	0	0	0	0	0	0	0	0	0	0	0	0	208	0	0	0	0	0	
296916	Lingual_L	0	0	0	0	0	0	0	0	0	0	0	0	0	0	0	0	0	0	0	0	0	0	0	0	0	0	0	0	0	0	0	0	0	0	1838	214	2906	262	2372	208	0	0	15110	2974	1986	748	0	3956	3236	664	13876	278	11156	342	20148	936	0	0	334	0	0	0	0	0	0	0	4282	0	0	0	0	0	0	0	0	0	290	244	0	0	0	0	0	0	506	0	0	0	420	0	9544	2560	442	338	460	176	13270	2008	16358	3258	0	0	0	0	0	238	0	0	174	296	4682	3658	898	138	394	280	
317056	Lingual_R	0	0	0	0	0	0	0	0	0	0	0	0	0	0	0	0	0	0	0	324	0	0	0	0	0	0	0	0	0	0	0	0	0	1602	160	8370	346	3716	686	3636	0	0	3886	27778	770	7144	3956	0	0	6260	0	4134	0	8166	254	22588	0	380	0	644	0	0	0	0	0	0	224	16146	0	1310	0	0	0	0	0	0	0	438	0	0	0	0	0	0	0	710	0	0	0	1270	970	3150	0	638	606	176	2574	4894	2030	7610	0	0	0	0	0	0	0	0	0	428	4942	4764	848	0	0	0	
215696	Occipital_Sup_L	500	0	0	0	0	0	0	0	0	0	0	0	0	0	0	0	0	0	0	0	0	0	0	0	0	0	0	0	0	0	0	0	732	0	312	0	0	0	0	0	0	0	11404	0	17568	304	3236	0	0	0	30840	0	6814	0	2318	0	2368	0	10728	0	652	0	0	0	856	0	12794	232	824	0	0	0	0	0	0	0	0	0	0	0	0	0	0	0	5220	0	0	0	146	0	0	0	0	0	0	0	0	0	0	0	0	0	0	0	0	0	0	0	0	0	0	0	0	0	0	0	
484444	Occipital_Sup_R	0	1346	0	0	0	0	0	0	0	0	0	382	0	0	0	0	0	208	0	644	0	0	0	0	0	0	0	0	0	0	0	0	362	7940	236	3456	0	0	0	0	0	0	1794	26642	4024	55698	664	6260	0	0	0	44680	0	6136	0	3018	0	3984	0	10182	0	3986	0	922	0	6728	1008	31818	236	2288	0	0	0	0	0	0	0	160	0	0	0	614	0	0	0	12160	0	0	0	4646	0	0	0	0	0	0	0	0	0	0	0	0	0	0	0	0	0	0	0	0	0	0	0	0	0	0	
694924	Occipital_Mid_L	7748	0	0	0	0	0	1154	0	0	0	488	0	0	0	0	0	798	0	0	0	0	0	0	0	0	0	0	0	2978	0	0	0	1356	0	378	0	0	0	134	0	0	0	25356	0	8410	206	13876	0	30840	0	0	0	52376	0	16272	0	14890	0	32994	0	18670	0	2234	0	28762	0	31372	0	7312	0	246	0	0	0	0	0	0	0	1438	0	2366	0	0	0	37926	0	0	0	6302	0	0	0	0	0	0	0	0	0	330	0	0	0	0	0	0	0	0	0	0	0	0	250	0	0	0	0	
429412	Occipital_Mid_R	0	1454	0	0	0	0	0	0	0	0	0	444	0	0	0	0	0	206	0	1332	0	0	0	0	0	0	0	0	0	136	0	0	204	7124	0	1848	0	142	0	0	0	0	246	16990	644	26384	278	4134	0	44680	0	0	0	9052	0	3176	0	3368	0	7374	0	6414	0	1568	0	15354	456	20882	578	2684	0	0	0	0	0	0	0	192	0	0	0	2344	0	0	0	27622	0	0	0	7232	0	0	0	0	0	0	0	0	0	164	0	0	0	0	0	0	0	0	0	0	0	0	0	0	0	0	
351356	Occipital_Inf_L	3238	0	0	0	0	0	0	0	0	0	0	0	0	0	0	0	274	0	0	0	0	0	0	0	0	0	0	0	696	0	0	0	512	0	2030	0	412	0	416	0	0	0	17608	0	1166	0	11156	0	6814	0	52376	0	0	0	24252	0	4058	0	5514	0	762	0	186	0	1260	0	8602	0	3784	0	168	0	0	0	0	0	156	0	512	0	560	0	0	0	18196	0	0	0	9190	0	502	0	0	0	0	0	0	0	1278	0	0	0	0	0	0	0	0	0	0	0	0	0	0	0	0	0	
130124	Occipital_Inf_R	0	0	0	0	0	0	0	0	0	0	0	0	0	0	0	0	0	0	0	0	0	0	0	0	0	0	0	0	0	0	0	0	0	0	0	226	0	0	0	138	0	0	226	11882	434	4836	342	8166	0	6136	0	9052	0	0	0	11624	0	0	0	0	0	0	0	0	0	0	0	1226	0	0	0	0	0	0	0	0	0	0	0	0	0	0	0	0	0	2348	0	0	0	4336	0	332	0	146	0	0	0	532	0	1596	0	0	0	0	0	0	0	0	0	0	510	974	0	0	0	0	
516268	Fusiform_L	1580	0	3678	384	0	0	240	0	0	0	428	0	0	0	0	0	1012	0	3286	384	408	0	0	0	0	0	0	0	9092	0	0	0	196	0	756	0	21638	0	11110	0	4812	0	3622	0	320	0	20148	254	2318	0	16272	0	24252	0	0	0	1458	0	968	0	200	0	0	0	332	0	2856	0	1990	0	328	0	3282	0	0	0	1948	342	1616	0	6552	0	2694	0	9154	0	858	0	24400	0	24386	498	2728	254	410	0	11994	198	29048	450	288	0	354	0	0	0	0	0	0	0	742	1170	446	0	0	0	
610396	Fusiform_R	1188	6518	1196	11720	0	0	0	6830	0	0	0	1734	0	338	0	0	0	1434	1162	9122	0	0	0	0	0	0	0	0	0	8050	0	0	0	1648	536	2274	346	35180	0	26804	0	4308	390	12112	442	2730	936	22588	0	3018	0	3176	0	11624	0	0	0	658	0	0	0	186	0	1174	0	424	0	4286	0	0	0	1774	0	21622	0	1468	0	2570	0	1072	0	1496	0	4152	0	2320	0	1350	0	23096	758	14588	0	1264	0	292	1696	11496	1266	19772	0	0	0	452	0	0	0	0	0	0	4480	3438	644	0	0	0	
295780	Postcentral_L	27134	0	838	436	0	0	1368	0	0	0	4918	0	166	0	0	0	12952	0	612	446	0	0	0	0	0	0	0	0	5904	0	0	0	644	0	330	0	0	0	0	0	0	0	1262	0	138	0	0	0	2368	0	14890	0	4058	0	1458	0	0	0	11524	0	20404	0	6356	0	4758	0	10698	0	4900	0	1558	0	0	0	0	0	434	0	1200	0	3596	0	296	0	1740	0	0	0	504	0	0	0	0	0	0	0	0	0	0	0	0	0	0	0	0	0	0	0	0	0	0	0	0	0	0	0	
185840	Postcentral_R	0	17318	0	406	0	0	0	464	0	0	0	1304	0	0	0	0	0	2746	0	1316	0	0	0	0	0	0	0	0	0	1086	0	0	0	4978	306	334	0	162	0	0	0	0	0	2876	0	4432	0	380	0	3984	0	3368	0	0	0	658	0	0	0	5240	0	3792	0	9752	0	2272	0	9360	178	8460	0	412	0	248	0	0	0	414	0	352	0	1272	0	0	0	2816	0	0	0	2234	0	0	0	0	0	0	0	0	0	0	0	0	0	0	0	0	0	0	0	0	0	0	0	0	0	0	
271288	Parietal_Sup_L	3018	0	0	0	0	0	1090	0	0	0	484	0	0	0	0	0	700	0	0	0	0	0	0	0	0	0	0	0	2868	0	0	0	552	0	0	0	0	0	0	0	0	0	2692	0	1104	0	334	0	10728	0	32994	0	5514	0	968	0	11524	0	0	0	11218	0	1658	0	10468	0	26614	0	2346	0	172	0	0	0	0	0	0	0	1378	0	924	0	0	0	4610	0	0	0	1686	0	0	0	0	0	0	0	0	0	0	0	0	0	0	0	0	0	0	0	0	0	0	0	0	0	0	0	
178320	Parietal_Sup_R	0	350	0	0	0	0	0	0	0	0	0	0	0	0	0	0	0	0	0	562	0	0	0	0	0	0	0	0	0	0	0	0	246	2874	0	764	0	0	0	0	0	0	0	2578	0	7988	0	644	0	10182	0	7374	0	0	0	0	0	5240	0	0	0	9766	0	680	0	12106	1204	19408	0	3774	0	222	0	0	0	0	0	288	0	0	0	322	0	0	0	2384	0	0	0	204	0	0	0	0	0	0	0	0	0	0	0	0	0	0	0	0	0	0	0	0	0	0	0	0	0	0	
220668	Parietal_Inf_L	6698	0	0	0	0	0	192	0	0	0	220	0	0	0	0	0	712	0	0	0	0	0	0	0	0	0	0	0	166	0	0	0	0	0	0	0	0	0	0	0	0	0	0	0	0	0	0	0	652	0	18670	0	762	0	200	0	20404	0	11218	0	0	0	12934	0	21604	0	6326	0	1640	0	330	0	0	0	0	0	312	0	0	0	1142	0	0	0	5244	0	0	0	908	0	0	0	0	0	0	0	0	0	0	0	0	0	0	0	0	0	0	0	0	0	0	0	0	0	0	0	
120228	Parietal_Inf_R	0	638	0	0	0	0	0	0	0	0	0	0	0	0	0	0	0	0	0	0	0	0	0	0	0	0	0	0	0	0	0	0	0	476	0	0	0	0	0	0	0	0	0	0	0	720	0	0	0	3986	0	6414	0	0	0	186	0	3792	0	9766	0	0	0	8488	0	19652	0	1426	0	562	0	0	0	0	0	0	0	0	0	0	0	692	0	0	0	2644	0	0	0	672	0	0	0	0	0	0	0	0	0	0	0	0	0	0	0	0	0	0	0	0	0	0	0	0	0	0	
121020	SupraMarginal_L	312	0	224	0	0	0	1052	0	0	0	1296	0	0	0	0	0	4592	0	0	0	0	0	0	0	0	0	0	0	1048	0	0	0	0	0	0	0	0	0	0	0	0	0	0	0	0	0	0	0	0	0	2234	0	186	0	0	0	6356	0	1658	0	12934	0	0	0	8572	0	1574	0	0	0	442	0	0	0	0	0	0	0	0	0	8242	0	0	0	9420	0	0	0	368	0	0	0	0	0	0	0	0	0	0	0	0	0	0	0	0	0	0	0	0	0	0	0	0	0	0	0	
122784	SupraMarginal_R	0	1648	0	0	0	0	0	0	0	0	0	392	0	0	0	0	0	2626	0	0	0	0	0	0	0	0	0	0	0	494	0	0	0	402	0	0	0	166	0	0	0	0	0	0	0	224	0	0	0	922	0	1568	0	0	0	1174	0	9752	0	680	0	8488	0	0	0	10370	0	318	0	572	0	260	0	0	0	0	0	0	0	504	0	9176	0	0	0	7276	0	0	0	4380	0	0	0	0	0	0	0	0	0	0	0	0	0	0	0	0	0	0	0	0	0	0	0	0	0	0	
216676	Angular_L	2278	0	0	0	0	0	604	0	0	0	0	0	0	0	0	0	0	0	0	0	0	0	0	0	0	0	0	0	994	0	0	0	136	0	0	0	0	0	0	0	0	0	214	0	0	0	0	0	856	0	28762	0	1260	0	332	0	4758	0	10468	0	21604	0	8572	0	0	0	7962	0	1652	0	214	0	0	0	0	0	0	0	564	0	2472	0	0	0	11582	0	0	0	3054	0	0	0	0	0	0	0	0	0	0	0	0	0	0	0	0	0	0	0	0	0	0	0	0	0	0	0	
190116	Angular_R	0	626	0	0	0	0	0	0	0	0	0	336	0	0	0	0	0	220	0	262	0	0	0	0	0	0	0	0	0	170	0	0	0	792	0	0	0	0	0	0	0	0	0	228	0	1214	0	0	0	6728	0	15354	0	0	0	424	0	2272	0	12106	0	19652	0	10370	0	0	0	1934	0	722	0	0	0	0	0	0	0	0	0	0	0	5892	0	0	0	13434	0	0	0	2322	0	0	0	0	0	0	0	0	0	0	0	0	0	0	0	0	0	0	0	0	0	0	0	0	0	0	
395552	Precuneus_L	3420	0	0	0	0	0	1094	0	0	0	484	0	0	0	0	0	576	0	516	532	0	0	0	0	0	0	0	0	2378	0	0	0	6564	1456	7702	2032	2652	974	774	606	0	0	13264	342	8194	3012	4282	224	12794	1008	31372	456	8602	0	2856	0	10698	0	26614	1204	6326	0	1574	0	7962	0	0	6696	6588	412	172	0	0	0	0	0	0	684	1228	0	890	0	0	0	6258	0	0	0	2304	0	0	0	0	0	0	0	0	0	0	0	0	0	0	0	0	0	0	0	0	0	0	0	0	0	0	0	
518956	Precuneus_R	0	1252	0	146	0	0	0	0	0	0	0	214	0	0	0	0	0	0	0	1962	0	0	0	0	0	0	0	0	0	0	0	0	1750	15706	1566	15200	160	3980	0	2260	0	0	838	25428	2152	41348	0	16146	232	31818	0	20882	0	1226	0	4286	0	9360	0	19408	0	1426	0	318	0	1934	6696	0	574	10714	0	310	0	0	0	0	0	1106	0	0	0	418	0	0	0	10494	0	0	0	6008	0	0	0	0	0	0	0	330	0	0	0	0	0	0	0	0	0	0	0	0	1830	0	0	0	0	0	
356268	Paracentral_Lobule_L	22880	446	7732	4770	0	0	174	0	0	0	0	0	0	0	0	0	0	0	27272	18138	0	0	0	0	0	0	0	0	326	0	0	0	5002	13060	2886	0	1102	0	474	0	0	0	2138	0	768	178	0	0	824	236	7312	578	3784	0	1990	0	4900	178	2346	0	1640	0	0	0	1652	0	6588	574	0	5510	3018	5322	276	138	692	0	13302	5862	0	0	134	0	0	0	2596	170	0	0	1166	0	0	0	0	0	0	0	0	0	0	0	0	0	0	0	0	0	0	0	0	0	0	0	0	0	0	0	
173764	Paracentral_Lobule_R	0	5284	0	0	0	0	0	0	0	0	0	0	0	0	0	0	0	0	2104	12602	0	0	0	0	0	0	0	0	0	0	0	0	1112	17938	418	2290	0	492	0	0	0	0	0	2372	138	2540	0	1310	0	2288	0	2684	0	0	0	0	0	8460	0	3774	0	562	0	572	0	722	412	10714	5510	0	0	0	0	0	0	0	0	1092	0	0	0	186	0	0	0	936	0	0	0	370	0	0	0	0	0	0	0	0	0	0	0	0	0	0	0	0	0	0	0	0	0	0	0	0	0	0	
287040	Caudate_L	9252	260	7932	9556	326	0	1036	680	0	0	668	584	704	298	172	218	1638	0	8282	10634	6150	6542	3444	0	882	0	2010	536	7642	402	10320	3830	0	186	0	0	458	0	0	0	0	0	0	0	0	0	0	0	0	0	246	0	168	0	328	0	1558	0	172	0	330	0	442	0	214	0	172	0	3018	0	0	10372	15756	1968	1678	150	7680	554	638	0	2200	0	258	0	336	0	0	0	640	0	0	0	0	0	0	0	0	0	0	0	0	0	0	0	0	0	0	0	0	0	0	0	0	0	0	0	
522532	Caudate_R	5534	6778	5750	36910	0	6730	1332	6036	0	344	0	7138	0	4890	0	4674	0	1426	8810	33620	3008	5068	222	7886	158	5830	838	1144	268	9462	2974	14266	0	3250	0	0	0	1742	0	828	0	0	0	0	0	0	0	0	0	0	0	0	0	0	0	1774	0	412	0	222	0	0	0	260	0	0	0	310	5322	0	10372	0	4184	26558	344	1734	536	20792	0	174	0	488	0	328	0	0	0	0	0	540	0	0	0	0	0	0	0	0	0	0	0	0	0	0	0	0	0	0	0	0	0	0	0	0	0	0	
310964	Putamen_L	6664	0	21786	962	2478	0	4636	0	0	0	2020	0	0	0	1670	0	1732	0	14412	958	2038	2862	5864	0	1040	0	1096	272	16598	0	12524	2726	0	0	0	0	9538	0	2654	0	334	0	0	0	0	0	0	0	0	0	0	0	0	0	3282	0	0	0	0	0	0	0	0	0	0	0	0	0	276	0	15756	4184	0	1324	4592	0	1808	0	0	0	2576	0	3238	0	372	0	0	0	3210	0	0	0	0	0	0	0	0	0	0	0	0	0	0	0	0	0	0	0	0	0	0	0	0	0	0	0	
538928	Putamen_R	2278	12636	2278	29460	0	3236	0	14926	0	516	0	10230	0	2524	0	9052	0	4234	2312	23128	292	2424	0	2486	0	2056	0	868	0	32092	562	5430	0	2160	0	0	0	25240	0	12954	0	2132	0	0	0	0	0	0	0	0	0	0	0	0	0	21622	0	248	0	0	0	0	0	0	0	0	0	0	138	0	1968	26558	1324	0	0	2734	0	1046	0	376	0	2484	0	1196	0	304	0	0	0	3376	0	0	0	0	0	0	0	372	0	212	0	0	0	0	0	0	0	0	0	0	0	0	0	0	0	0	
46780	Pallidum_L	2814	0	3778	208	0	0	1008	0	0	0	440	0	0	0	0	0	616	0	3134	200	0	0	0	0	0	0	0	0	628	0	0	0	0	0	0	0	322	0	0	0	0	0	0	0	0	0	0	0	0	0	0	0	0	0	0	0	0	0	0	0	0	0	0	0	0	0	0	0	692	0	1678	344	4592	0	0	0	2486	0	0	0	450	0	0	0	0	0	0	0	0	0	0	0	0	0	0	0	0	0	0	0	0	0	0	0	0	0	0	0	0	0	0	0	0	0	0	0	
38004	Pallidum_R	438	1138	438	1638	0	0	0	1148	0	0	0	778	0	268	0	0	0	204	432	966	0	0	0	0	0	0	0	0	0	352	0	0	0	422	0	0	0	2418	0	2276	0	0	0	0	0	0	0	0	0	0	0	0	0	0	0	1468	0	0	0	0	0	0	0	0	0	0	0	0	0	0	150	1734	0	2734	0	0	0	0	0	0	0	0	0	0	0	0	0	0	0	0	0	0	0	0	0	0	0	0	0	0	0	0	0	0	0	0	0	0	0	0	0	0	0	0	0	0	
211636	Thalamus_L	21898	138	15440	2142	0	0	1744	0	0	0	146	0	0	0	0	0	0	0	17134	2694	0	0	0	0	0	0	0	0	2528	0	0	0	0	312	0	0	6370	0	1404	0	0	0	0	0	0	0	290	0	0	0	0	0	156	0	1948	0	434	0	0	0	312	0	0	0	0	0	0	0	13302	0	7680	536	1808	0	2486	0	0	1370	826	0	364	0	0	0	474	0	0	0	1882	0	0	0	0	0	0	0	0	0	0	0	0	0	0	0	0	0	0	0	0	0	0	0	0	0	0	0	
255016	Thalamus_R	838	920	502	27964	0	0	0	650	0	0	0	566	0	0	0	0	0	386	3976	29564	0	0	0	0	0	0	0	0	142	446	0	0	0	2300	2730	2054	3048	6972	1008	4788	0	0	304	152	0	180	244	438	0	160	0	192	0	0	342	2570	0	414	0	288	0	0	0	0	0	0	684	1106	5862	1092	554	20792	0	1046	0	0	1370	0	186	0	0	0	0	0	0	178	0	0	0	500	0	0	0	0	0	0	0	0	0	0	0	0	0	0	0	0	0	0	0	0	0	0	0	0	0	0	
98044	Heschl_L	5086	0	3368	478	0	0	1532	0	0	0	928	0	0	0	0	0	4740	0	964	484	0	0	0	0	0	0	0	0	10240	0	0	0	0	0	0	0	3830	0	0	0	0	0	0	0	0	0	0	0	0	0	1438	0	512	0	1616	0	1200	0	1378	0	0	0	0	0	564	0	1228	0	0	0	638	0	0	0	0	0	826	186	0	0	3592	0	0	0	1192	0	0	0	3002	0	0	0	0	0	0	0	0	0	0	0	0	0	0	0	0	0	0	0	0	0	0	0	0	0	0	0	
35820	Heschl_R	0	586	0	396	0	0	0	318	0	0	0	644	0	0	0	0	0	2962	0	192	0	0	0	0	0	0	0	0	0	2270	0	0	0	0	0	0	0	686	0	376	0	0	0	0	0	0	0	0	0	0	0	0	0	0	0	1072	0	352	0	0	0	0	0	504	0	0	0	0	0	0	0	174	0	376	0	0	0	0	0	0	0	3892	0	0	0	1820	0	0	0	1290	0	0	0	0	0	0	0	0	0	0	0	0	0	0	0	0	0	0	0	0	0	0	0	0	0	0	
350380	Temporal_Sup_L	5790	258	10020	964	0	0	5162	226	0	0	14788	0	1804	0	0	0	20944	0	6536	1574	0	0	168	0	0	0	0	0	25850	0	0	0	0	0	0	0	3538	0	322	0	0	0	0	0	0	0	0	0	0	0	2366	0	560	0	6552	0	3596	0	924	0	1142	0	8242	0	2472	0	890	0	134	0	2200	0	2576	0	450	0	364	0	3592	0	0	0	7484	0	20516	0	0	0	12984	0	0	0	0	0	0	0	0	0	202	0	0	0	0	0	0	0	0	0	0	0	0	0	0	0	0	0	
171688	Temporal_Sup_R	0	2016	0	1290	0	0	0	1054	0	0	0	3064	0	0	0	0	0	4100	0	1032	0	0	0	0	0	0	0	0	0	6148	0	0	0	366	0	0	0	432	0	0	0	0	0	0	0	366	0	0	0	614	0	2344	0	0	0	1496	0	1272	0	322	0	692	0	9176	0	5892	0	418	0	186	0	488	0	2484	0	0	0	0	0	3892	0	0	0	2664	0	25030	0	0	0	9006	0	0	0	0	0	0	0	0	0	0	0	0	0	0	0	0	0	0	0	0	0	0	0	0	0	0	
169860	Temporal_Pole_Sup_L	1474	0	4366	198	1678	0	1316	0	948	0	6852	0	1276	0	3504	0	6036	0	3188	274	686	0	258	0	0	0	0	0	12364	0	158	0	0	0	0	0	2838	0	966	0	850	0	0	0	0	0	0	0	0	0	0	0	0	0	2694	0	296	0	0	0	0	0	0	0	0	0	0	0	0	0	258	0	3238	0	0	0	0	0	0	0	7484	0	0	0	7870	0	7808	0	6052	0	0	0	0	0	0	0	0	0	0	0	0	0	0	0	0	0	0	0	0	0	0	0	0	0	0	0	
67408	Temporal_Pole_Sup_R	0	0	0	1114	0	0	0	136	0	0	0	1932	0	0	0	368	0	1944	0	984	0	278	0	0	0	0	0	0	0	3806	0	0	0	0	0	0	0	1486	0	2682	0	2100	0	0	0	0	0	0	0	0	0	0	0	0	0	4152	0	0	0	0	0	0	0	0	0	0	0	0	0	0	0	328	0	1196	0	0	0	0	0	0	0	2664	0	0	0	2408	0	3028	0	3098	0	0	0	0	0	0	0	0	0	0	0	0	0	0	0	0	0	0	0	0	0	0	0	0	0	0	
392328	Temporal_Mid_L	1746	0	978	0	0	0	248	0	0	0	456	0	0	0	0	0	922	0	910	0	0	0	0	0	0	0	0	0	3208	0	0	0	206	0	322	0	2162	0	0	0	0	0	3352	0	354	0	506	0	5220	0	37926	0	18196	0	9154	0	1740	0	4610	0	5244	0	9420	0	11582	0	6258	0	2596	0	336	0	372	0	0	0	474	0	1192	0	20516	0	7870	0	0	0	5792	0	32022	0	0	0	0	0	0	0	0	0	274	0	0	0	0	0	0	0	0	0	0	0	0	0	0	0	0	0	
339328	Temporal_Mid_R	0	1298	0	0	0	0	0	136	0	0	0	148	0	0	0	0	0	360	0	440	0	0	0	0	0	0	0	0	0	1638	0	0	0	3290	0	776	0	356	0	180	0	0	0	6448	0	9180	0	710	0	12160	0	27622	0	2348	0	2320	0	2816	0	2384	0	2644	0	7276	0	13434	0	10494	170	936	0	0	0	304	0	0	0	178	0	1820	0	25030	0	2408	0	0	0	1822	0	28538	0	0	0	0	0	0	0	0	0	0	0	0	0	0	0	0	0	0	0	0	0	0	0	0	0	0	
38600	Temporal_Pole_Mid_L	0	0	0	0	0	0	0	0	0	0	0	0	0	0	0	0	0	0	0	0	0	0	0	0	0	0	0	0	250	0	0	0	0	0	0	0	316	0	150	0	188	0	0	0	0	0	0	0	0	0	0	0	0	0	858	0	0	0	0	0	0	0	0	0	0	0	0	0	0	0	0	0	0	0	0	0	0	0	0	0	0	0	7808	0	5792	0	0	0	3938	0	0	0	0	0	0	0	0	0	0	0	0	0	0	0	0	0	0	0	0	0	0	0	0	0	0	0	
17760	Temporal_Pole_Mid_R	0	0	0	0	0	0	0	0	0	0	0	0	0	0	0	0	0	0	0	0	0	0	0	0	0	0	0	0	0	0	0	0	0	0	0	0	0	0	0	580	0	0	0	0	0	0	0	0	0	0	0	0	0	0	0	1350	0	0	0	0	0	0	0	0	0	0	0	0	0	0	0	0	0	0	0	0	0	0	0	0	0	0	0	3028	0	1822	0	0	0	2100	0	0	0	0	0	0	0	0	0	0	0	0	0	0	0	0	0	0	0	0	0	0	0	0	0	0	
319016	Temporal_Inf_L	1258	0	3702	304	0	0	358	0	0	0	862	0	0	0	0	0	2106	0	3442	288	0	0	0	0	0	0	0	0	11162	0	0	0	0	0	1400	0	12226	0	1682	0	394	0	356	0	0	0	420	0	146	0	6302	0	9190	0	24400	0	504	0	1686	0	908	0	368	0	3054	0	2304	0	1166	0	640	0	3210	0	0	0	1882	0	3002	0	12984	0	6052	0	32022	0	3938	0	0	0	3418	0	280	0	0	0	330	0	1762	0	0	0	0	0	0	0	0	0	0	0	0	0	0	0	0	0	
273876	Temporal_Inf_R	0	2976	0	1556	0	0	0	1348	0	0	0	744	0	0	0	0	0	1040	0	1010	0	0	0	0	0	0	0	0	0	3208	0	0	0	2044	150	1720	0	4368	0	2102	0	0	0	3382	0	4134	0	1270	0	4646	0	7232	0	4336	0	23096	0	2234	0	204	0	672	0	4380	0	2322	0	6008	0	370	0	540	0	3376	0	0	0	500	0	1290	0	9006	0	3098	0	28538	0	2100	0	0	0	1294	0	0	0	0	0	208	0	436	0	0	0	0	0	0	0	0	0	0	0	0	0	0	0	0	
467336	Cerebelum_Crus1_L	0	0	0	0	0	0	0	0	0	0	0	0	0	0	0	0	0	0	0	0	0	0	0	0	0	0	0	0	0	0	0	0	0	0	0	0	648	0	426	0	0	0	0	0	0	0	9544	970	0	0	0	0	502	0	24386	758	0	0	0	0	0	0	0	0	0	0	0	0	0	0	0	0	0	0	0	0	0	0	0	0	0	0	0	0	0	0	0	0	3418	0	0	5864	33718	3396	3910	326	30398	1300	60240	4988	9952	0	10898	412	2466	1206	290	0	1454	1876	6034	6138	5128	1270	1542	210	
508564	Cerebelum_Crus1_R	0	0	0	0	0	0	0	0	0	0	0	0	0	0	0	0	0	0	0	0	0	0	0	0	0	0	0	0	0	0	0	0	0	0	0	0	0	236	0	638	0	0	0	0	0	0	2560	3150	0	0	0	0	0	332	498	14588	0	0	0	0	0	0	0	0	0	0	0	0	0	0	0	0	0	0	0	0	0	0	0	0	0	0	0	0	0	0	0	0	0	1294	5864	0	2326	36430	1104	5326	7992	25904	6260	57606	1296	4282	3416	19464	1166	4456	0	404	1002	3192	14176	10016	12028	3644	3038	594	
261852	Cerebelum_Crus2_L	0	0	0	0	0	0	0	0	0	0	0	0	0	0	0	0	0	0	0	0	0	0	0	0	0	0	0	0	0	0	0	0	0	0	0	0	0	0	142	0	0	0	0	0	0	0	442	0	0	0	0	0	0	0	2728	0	0	0	0	0	0	0	0	0	0	0	0	0	0	0	0	0	0	0	0	0	0	0	0	0	0	0	0	0	0	0	0	0	280	0	33718	2326	0	9498	1108	0	4022	0	8238	852	27694	3470	18668	3044	1608	0	170	0	0	0	254	806	9202	2656	0	0	
349456	Cerebelum_Crus2_R	0	0	0	0	0	0	0	0	0	0	0	0	0	0	0	0	0	0	0	0	0	0	0	0	0	0	0	0	0	0	0	0	0	0	0	0	0	0	0	0	0	0	0	0	0	0	338	638	0	0	0	0	0	146	254	1264	0	0	0	0	0	0	0	0	0	0	0	0	0	0	0	0	0	0	0	0	0	0	0	0	0	0	0	0	0	0	0	0	0	0	3396	36430	9498	0	1192	1204	1750	2166	2020	10814	5276	18782	5626	33652	1494	6076	0	324	662	1198	952	3492	16526	6240	3102	216	
85068	Cerebelum_3_L	0	0	0	0	0	0	0	0	0	0	0	0	0	0	0	0	0	0	0	0	0	0	0	0	0	0	0	0	0	0	0	0	0	0	0	0	0	0	180	0	0	0	0	0	0	0	460	606	0	0	0	0	0	0	410	0	0	0	0	0	0	0	0	0	0	0	0	0	0	0	0	0	0	0	0	0	0	0	0	0	0	0	0	0	0	0	0	0	0	0	3910	1104	1108	1192	0	202	10922	214	4252	842	230	0	1772	914	3004	756	0	0	856	2340	1346	1978	1620	1144	938	234	
77288	Cerebelum_3_R	0	0	0	0	0	0	0	0	0	0	0	0	0	0	0	0	0	0	0	0	0	0	0	0	0	0	0	0	0	0	0	0	0	0	0	0	0	0	0	0	0	0	0	0	0	0	176	176	0	0	0	0	0	0	0	292	0	0	0	0	0	0	0	0	0	0	0	0	0	0	0	0	0	0	0	0	0	0	0	0	0	0	0	0	0	0	0	0	0	0	326	5326	0	1204	202	0	646	6418	606	7944	0	0	156	784	0	1906	0	0	2006	4662	1552	672	910	1118	1562	0	
380292	Cerebelum_4_5_L	0	0	0	0	0	0	0	0	0	0	0	0	0	0	0	0	0	0	0	0	0	0	0	0	0	0	0	0	0	0	0	0	0	0	0	0	396	0	838	0	0	0	0	0	0	0	13270	2574	0	0	0	0	0	0	11994	1696	0	0	0	0	0	0	0	0	0	0	0	0	0	0	0	0	0	0	0	0	0	0	0	0	0	0	0	0	0	0	0	0	330	0	30398	7992	4022	1750	10922	646	0	6260	38574	8914	584	0	4044	1090	5806	1892	212	0	2160	3828	16418	5794	2464	1770	2224	1284	
271604	Cerebelum_4_5_R	0	0	0	152	0	0	0	0	0	0	0	0	0	0	0	0	0	0	0	154	0	0	0	0	0	0	0	0	0	0	0	0	0	0	0	0	0	1108	0	2284	0	0	0	188	0	0	2008	4894	0	0	0	0	0	532	198	11496	0	0	0	0	0	0	0	0	0	0	0	330	0	0	0	0	0	372	0	0	0	0	0	0	0	0	0	0	0	0	0	0	0	208	1300	25904	0	2166	214	6418	6260	0	2286	34992	0	272	424	2232	370	2924	0	624	272	2544	16036	1246	938	1670	2340	446	
458684	Cerebelum_6_L	0	0	0	0	0	0	0	0	0	0	0	0	0	0	0	0	0	0	0	0	0	0	0	0	0	0	0	0	0	0	0	0	0	0	0	0	712	0	558	0	0	0	0	0	0	0	16358	2030	0	0	330	0	1278	0	29048	1266	0	0	0	0	0	0	0	0	0	0	0	0	0	0	0	0	0	0	0	0	0	0	0	0	202	0	0	0	274	0	0	0	1762	0	60240	6260	8238	2020	4252	606	38574	2286	0	7546	2088	0	3760	504	3740	1920	246	0	1616	2154	9066	10816	4096	2194	2992	310	
466844	Cerebelum_6_R	0	0	0	0	0	0	0	0	0	0	0	0	0	0	0	0	0	0	0	0	0	0	0	0	0	0	0	0	0	0	0	0	0	0	0	0	0	538	0	1106	0	0	0	334	0	0	3258	7610	0	0	0	164	0	1596	450	19772	0	0	0	0	0	0	0	0	0	0	0	0	0	0	0	0	0	212	0	0	0	0	0	0	0	0	0	0	0	0	0	0	0	436	4988	57606	852	10814	842	7944	8914	34992	7546	0	454	372	1628	5584	726	3662	0	680	1178	3744	17722	13236	7642	3006	3272	542	
201788	Cerebelum_7b_L	0	0	0	0	0	0	0	0	0	0	0	0	0	0	0	0	0	0	0	0	0	0	0	0	0	0	0	0	0	0	0	0	0	0	0	0	0	0	0	0	0	0	0	0	0	0	0	0	0	0	0	0	0	0	288	0	0	0	0	0	0	0	0	0	0	0	0	0	0	0	0	0	0	0	0	0	0	0	0	0	0	0	0	0	0	0	0	0	0	0	9952	1296	27694	5276	230	0	584	0	2088	454	0	3182	25850	4936	5312	372	1144	0	0	0	0	234	6274	4942	786	0	
121420	Cerebelum_7b_R	0	0	0	0	0	0	0	0	0	0	0	0	0	0	0	0	0	0	0	0	0	0	0	0	0	0	0	0	0	0	0	0	0	0	0	0	0	0	0	0	0	0	0	0	0	0	0	0	0	0	0	0	0	0	0	0	0	0	0	0	0	0	0	0	0	0	0	0	0	0	0	0	0	0	0	0	0	0	0	0	0	0	0	0	0	0	0	0	0	0	0	4282	3470	18782	0	0	0	272	0	372	3182	0	1604	18130	158	3126	0	0	0	0	0	0	4172	2742	418	0	
258528	Cerebelum_8_L	0	0	0	0	0	0	0	0	0	0	0	0	0	0	0	0	0	0	0	0	0	0	0	0	0	0	0	0	0	0	0	0	0	0	0	0	0	0	0	0	0	0	0	0	0	0	0	0	0	0	0	0	0	0	354	0	0	0	0	0	0	0	0	0	0	0	0	0	0	0	0	0	0	0	0	0	0	0	0	0	0	0	0	0	0	0	0	0	0	0	10898	3416	18668	5626	1772	156	4044	424	3760	1628	25850	1604	0	7548	16198	1894	2792	0	298	740	438	1122	7676	8534	3548	276	
275532	Cerebelum_8_R	0	0	0	0	0	0	0	0	0	0	0	0	0	0	0	0	0	0	0	0	0	0	0	0	0	0	0	0	0	0	0	0	0	0	0	0	0	0	0	0	0	0	0	0	0	0	0	0	0	0	0	0	0	0	0	452	0	0	0	0	0	0	0	0	0	0	0	0	0	0	0	0	0	0	0	0	0	0	0	0	0	0	0	0	0	0	0	0	0	0	412	19464	3044	33652	914	784	1090	2232	504	5584	4936	18130	7548	0	1610	15126	0	762	358	712	600	702	7068	8536	3390	156	
129364	Cerebelum_9_L	0	0	0	0	0	0	0	0	0	0	0	0	0	0	0	0	0	0	0	0	0	0	0	0	0	0	0	0	0	0	0	0	0	0	0	0	0	0	0	0	0	0	0	0	0	0	0	0	0	0	0	0	0	0	0	0	0	0	0	0	0	0	0	0	0	0	0	0	0	0	0	0	0	0	0	0	0	0	0	0	0	0	0	0	0	0	0	0	0	0	2466	1166	1608	1494	3004	0	5806	370	3740	726	5312	158	16198	1610	0	2538	3034	0	416	1022	992	1908	2604	3596	4058	856	
162056	Cerebelum_9_R	0	0	0	0	0	0	0	0	0	0	0	0	0	0	0	0	0	0	0	0	0	0	0	0	0	0	0	0	0	0	0	0	0	0	0	0	0	0	0	0	0	0	0	0	0	0	238	0	0	0	0	0	0	0	0	0	0	0	0	0	0	0	0	0	0	0	0	0	0	0	0	0	0	0	0	0	0	0	0	0	0	0	0	0	0	0	0	0	0	0	1206	4456	0	6076	756	1906	1892	2924	1920	3662	372	3126	1894	15126	2538	0	0	1770	1712	2392	2220	3204	3562	6204	9684	2188	
16364	Cerebelum_10_L	0	0	0	0	0	0	0	0	0	0	0	0	0	0	0	0	0	0	0	0	0	0	0	0	0	0	0	0	0	0	0	0	0	0	0	0	0	0	0	0	0	0	0	0	0	0	0	0	0	0	0	0	0	0	0	0	0	0	0	0	0	0	0	0	0	0	0	0	0	0	0	0	0	0	0	0	0	0	0	0	0	0	0	0	0	0	0	0	0	0	290	0	170	0	0	0	212	0	246	0	1144	0	2792	0	3034	0	0	0	0	0	0	0	0	144	150	0	
10308	Cerebelum_10_R	0	0	0	0	0	0	0	0	0	0	0	0	0	0	0	0	0	0	0	0	0	0	0	0	0	0	0	0	0	0	0	0	0	0	0	0	0	0	0	0	0	0	0	0	0	0	0	0	0	0	0	0	0	0	0	0	0	0	0	0	0	0	0	0	0	0	0	0	0	0	0	0	0	0	0	0	0	0	0	0	0	0	0	0	0	0	0	0	0	0	0	404	0	324	0	0	0	624	0	680	0	0	0	762	0	1770	0	0	0	0	0	0	0	162	428	0	
54164	Vermis_1_2	0	0	0	0	0	0	0	0	0	0	0	0	0	0	0	0	0	0	0	0	0	0	0	0	0	0	0	0	0	0	0	0	0	0	0	0	0	0	0	0	0	0	0	0	0	0	174	0	0	0	0	0	0	0	0	0	0	0	0	0	0	0	0	0	0	0	0	0	0	0	0	0	0	0	0	0	0	0	0	0	0	0	0	0	0	0	0	0	0	0	1454	1002	0	662	856	2006	2160	272	1616	1178	0	0	298	358	416	1712	0	0	0	5558	2794	1008	846	1018	1406	288	
98928	Vermis_3	0	0	0	0	0	0	0	0	0	0	0	0	0	0	0	0	0	0	0	0	0	0	0	0	0	0	0	0	0	0	0	0	0	0	0	0	0	0	194	0	0	0	0	0	0	0	296	428	0	0	0	0	0	0	0	0	0	0	0	0	0	0	0	0	0	0	0	0	0	0	0	0	0	0	0	0	0	0	0	0	0	0	0	0	0	0	0	0	0	0	1876	3192	0	1198	2340	4662	3828	2544	2154	3744	0	0	740	712	1022	2392	0	0	5558	0	5334	1526	1508	1664	2082	470	
254708	Vermis_4_5	0	0	0	0	0	0	0	0	0	0	0	0	0	0	0	0	0	0	0	0	0	0	0	0	0	0	0	0	0	0	0	0	0	190	172	1386	0	508	0	0	0	0	0	218	0	208	4682	4942	0	0	0	0	0	510	742	4480	0	0	0	0	0	0	0	0	0	0	0	1830	0	0	0	0	0	0	0	0	0	0	0	0	0	0	0	0	0	0	0	0	0	0	6034	14176	254	952	1346	1552	16418	16036	9066	17722	0	0	438	600	992	2220	0	0	2794	5334	0	5152	1052	1312	2308	1728	
195940	Vermis_6	0	0	0	0	0	0	0	0	0	0	0	0	0	0	0	0	0	0	0	0	0	0	0	0	0	0	0	0	0	0	0	0	0	0	0	0	0	0	0	0	0	0	0	0	0	0	3658	4764	0	0	250	0	0	974	1170	3438	0	0	0	0	0	0	0	0	0	0	0	0	0	0	0	0	0	0	0	0	0	0	0	0	0	0	0	0	0	0	0	0	0	0	6138	10016	806	3492	1978	672	5794	1246	10816	13236	234	0	1122	702	1908	3204	0	0	1008	1526	5152	0	6076	2310	4002	2278	
