data	data	532396	364544	1.1947e+06	1.04395e+06	211572	203116	568552	245924	89360	27496	250352	249184	253696	193528	167700	114168	163652	169584	877088	1.08974e+06	106572	148608	411528	532052	70612	129340	76308	86060	701084	490288	415608	627904	205736	667380	248164	178156	508912	573480	178648	436308	50880	65424	559008	415052	372252	473864	582584	493084	251720	410400	778696	257964	376604	188424	743816	888588	366248	175544	216648	88756	224756	116316	109540	164324	172020	206416	467300	537552	291364	254060	375020	490120	469356	527544	120292	81064	194072	206608	122260	38836	236632	250580	139476	75528	369588	335788	39000	39620	497128	480548	545768	514872	399644	323528	68996	109244	472164	367172	669008	514928	221572	151136	351048	320176	177860	166216	24948	8112	54432	105364	362796	295256	260672	276356	183180	76024	
data	data	Precentral_L	Precentral_R	Frontal_Sup_L	Frontal_Sup_R	Frontal_Sup_Orb_L	Frontal_Sup_Orb_R	Frontal_Mid_L	Frontal_Mid_R	Frontal_Mid_Orb_L	Frontal_Mid_Orb_R	Frontal_Inf_Oper_L	Frontal_Inf_Oper_R	Frontal_Inf_Tri_L	Frontal_Inf_Tri_R	Frontal_Inf_Orb_L	Frontal_Inf_Orb_R	Rolandic_Oper_L	Rolandic_Oper_R	Supp_Motor_Area_L	Supp_Motor_Area_R	Olfactory_L	Olfactory_R	Frontal_Sup_Medial_L	Frontal_Sup_Medial_R	Frontal_Med_Orb_L	Frontal_Med_Orb_R	Rectus_L	Rectus_R	Insula_L	Insula_R	Cingulum_Ant_L	Cingulum_Ant_R	Cingulum_Mid_L	Cingulum_Mid_R	Cingulum_Post_L	Cingulum_Post_R	Hippocampus_L	Hippocampus_R	ParaHippocampal_L	ParaHippocampal_R	Amygdala_L	Amygdala_R	Calcarine_L	Calcarine_R	Cuneus_L	Cuneus_R	Lingual_L	Lingual_R	Occipital_Sup_L	Occipital_Sup_R	Occipital_Mid_L	Occipital_Mid_R	Occipital_Inf_L	Occipital_Inf_R	Fusiform_L	Fusiform_R	Postcentral_L	Postcentral_R	Parietal_Sup_L	Parietal_Sup_R	Parietal_Inf_L	Parietal_Inf_R	SupraMarginal_L	SupraMarginal_R	Angular_L	Angular_R	Precuneus_L	Precuneus_R	Paracentral_Lobule_L	Paracentral_Lobule_R	Caudate_L	Caudate_R	Putamen_L	Putamen_R	Pallidum_L	Pallidum_R	Thalamus_L	Thalamus_R	Heschl_L	Heschl_R	Temporal_Sup_L	Temporal_Sup_R	Temporal_Pole_Sup_L	Temporal_Pole_Sup_R	Temporal_Mid_L	Temporal_Mid_R	Temporal_Pole_Mid_L	Temporal_Pole_Mid_R	Temporal_Inf_L	Temporal_Inf_R	Cerebelum_Crus1_L	Cerebelum_Crus1_R	Cerebelum_Crus2_L	Cerebelum_Crus2_R	Cerebelum_3_L	Cerebelum_3_R	Cerebelum_4_5_L	Cerebelum_4_5_R	Cerebelum_6_L	Cerebelum_6_R	Cerebelum_7b_L	Cerebelum_7b_R	Cerebelum_8_L	Cerebelum_8_R	Cerebelum_9_L	Cerebelum_9_R	Cerebelum_10_L	Cerebelum_10_R	Vermis_1_2	Vermis_3	Vermis_4_5	Vermis_6	Vermis_7	Vermis_8	Vermis_9	Vermis_10	
532396	Precentral_L	0	1326	16204	4026	0	380	28820	0	0	0	14554	0	1766	0	0	116	6522	0	8872	7288	0	0	240	1502	0	0	0	0	10682	0	706	1570	1014	1784	3648	1940	7572	1372	1824	844	0	0	2428	0	2056	0	1912	0	1068	0	9838	0	2244	0	3404	190	35520	0	6788	0	9004	0	3084	0	1808	0	3388	260	21910	544	2088	1762	5302	0	826	0	7510	1720	3242	0	2208	0	136	0	3730	0	0	0	6894	168	460	0	0	0	0	0	0	0	134	0	0	0	0	0	0	0	0	0	0	0	0	0	0	0	0	0	
364544	Precentral_R	1326	0	1758	19098	0	0	498	10128	0	0	0	9260	0	870	0	0	0	2860	3548	21938	0	0	0	0	0	0	0	0	0	1920	0	0	180	432	470	758	416	7906	148	4214	0	0	0	1256	0	1120	154	134	0	774	0	706	0	1192	0	6516	178	16692	0	184	0	972	0	6804	0	1198	0	2362	4046	8756	3262	4100	194	7326	496	2204	3920	5472	0	248	0	3330	0	0	0	2936	0	0	0	7410	0	602	0	0	0	0	0	0	0	0	0	0	0	0	0	0	0	0	0	0	0	0	0	0	0	0	
1.1947e+06	Frontal_Sup_L	16204	1758	0	11372	17150	242	68470	1214	2686	0	16150	762	20262	752	8068	0	5822	236	104764	24904	818	246	47584	7956	1248	482	306	0	54654	750	19020	6380	7652	9940	1112	1016	13656	876	3020	510	450	0	116	0	0	0	1456	0	0	0	534	0	278	0	5960	216	3420	0	318	0	1308	0	604	0	526	0	204	0	3040	0	19844	4052	35614	534	11230	630	10386	1324	2296	0	2130	0	2404	0	1234	0	0	0	6218	170	1604	0	136	0	0	0	152	0	922	0	0	0	0	0	0	0	0	0	0	0	0	0	0	0	0	0	
1.04395e+06	Frontal_Sup_R	4026	19098	11372	0	312	12618	2434	29198	0	340	156	13050	186	13018	0	6818	0	7588	18730	92248	118	496	9702	49054	220	5318	0	404	482	25904	7746	40564	1202	25938	214	312	118	11394	0	5786	0	254	0	112	0	162	0	176	0	150	0	0	0	114	0	6128	632	950	0	0	0	0	0	762	0	0	0	456	4850	118	5434	26542	644	28164	612	5022	2828	14364	0	506	0	1566	0	420	0	708	0	0	0	3178	0	654	0	0	0	0	0	124	0	182	0	0	0	0	0	0	0	0	0	0	0	0	0	0	0	0	
211572	Frontal_Sup_Orb_L	0	0	17150	312	0	110	2598	0	13626	0	0	0	2002	0	14220	0	0	0	3808	552	1602	174	3106	256	4156	282	7602	286	13262	0	5344	404	0	0	0	0	0	0	0	0	178	0	0	0	0	0	0	0	0	0	0	0	0	0	0	0	0	0	0	0	0	0	0	0	0	0	0	0	0	0	3296	1082	9062	120	0	0	0	0	0	0	0	0	1196	0	0	0	0	0	0	0	0	0	0	0	0	0	0	0	0	0	0	0	0	0	0	0	0	0	0	0	0	0	0	0	0	0	
203116	Frontal_Sup_Orb_R	380	0	242	12618	110	0	524	3186	0	4968	0	2290	0	2868	0	7236	0	220	248	2738	1218	4114	116	10078	410	6258	656	7996	0	5764	1036	11144	0	1432	0	0	0	200	0	154	0	0	0	0	0	0	0	0	0	0	0	0	0	0	0	0	0	0	0	0	0	0	0	0	0	0	0	0	0	0	1226	6930	840	4232	126	0	0	0	0	0	0	0	0	0	0	0	0	0	0	0	0	0	0	0	0	0	0	0	0	0	0	0	0	0	0	0	0	0	0	0	0	0	0	0	0	0	
568552	Frontal_Mid_L	28820	498	68470	2434	2598	524	0	0	1852	0	16028	260	33460	294	7842	148	2204	0	10944	1808	0	0	23768	4432	0	0	0	0	25348	290	7150	3602	1310	2502	1012	1098	2550	842	520	422	0	0	0	0	0	0	416	0	0	0	240	0	234	0	1044	176	6020	0	0	0	2938	0	634	0	442	0	130	0	202	0	3040	2674	3038	0	366	0	3592	1156	2216	0	798	0	268	0	394	0	0	0	978	134	116	0	0	0	0	0	0	0	0	0	0	0	0	0	0	0	0	0	0	0	0	0	0	0	0	0	
245924	Frontal_Mid_R	0	10128	1214	29198	0	3186	0	0	0	1380	0	9196	0	14124	0	4940	0	976	1308	5418	0	0	254	5232	0	0	0	0	0	6964	232	2352	0	3494	0	0	0	4574	0	1604	0	0	0	0	0	0	0	0	0	0	0	0	0	0	0	2116	0	250	0	0	0	0	0	118	0	0	0	0	0	0	358	1814	0	8988	0	1524	0	144	0	0	0	188	0	196	0	118	0	0	0	1374	0	0	0	0	0	0	0	0	0	0	0	0	0	0	0	0	0	0	0	0	0	0	0	0	0	0	
89360	Frontal_Mid_Orb_L	0	0	2686	0	13626	0	1852	0	0	0	0	0	1642	0	12330	0	0	0	0	0	216	0	0	0	656	0	4248	0	2320	0	988	0	0	0	0	0	0	0	0	0	0	0	0	0	0	0	0	0	0	0	0	0	0	0	0	0	0	0	0	0	0	0	0	0	0	0	0	0	0	0	942	0	2528	0	0	0	0	0	0	0	0	0	646	0	0	0	0	0	0	0	0	0	0	0	0	0	0	0	0	0	0	0	0	0	0	0	0	0	0	0	0	0	0	0	0	0	
27496	Frontal_Mid_Orb_R	0	0	0	340	0	4968	0	1380	0	0	0	0	0	562	0	5354	0	0	0	0	0	0	0	0	0	138	0	0	0	348	0	0	0	0	0	0	0	0	0	0	0	0	0	0	0	0	0	0	0	0	0	0	0	0	0	0	0	0	0	0	0	0	0	0	0	0	0	0	0	0	0	298	0	360	0	0	0	0	0	0	0	0	0	0	0	0	0	0	0	0	0	0	0	0	0	0	0	0	0	0	0	0	0	0	0	0	0	0	0	0	0	0	0	0	0	0	
250352	Frontal_Inf_Oper_L	14554	0	16150	156	0	0	16028	0	0	0	0	0	12298	0	118	0	7024	0	8886	398	0	0	402	0	0	0	0	0	23496	0	446	0	0	202	414	312	1232	0	0	0	0	0	0	0	0	0	0	0	0	0	350	0	216	0	638	0	5518	0	0	0	1778	0	424	0	782	0	124	0	118	0	1330	242	2784	0	838	0	0	0	2518	0	782	0	2696	0	830	0	0	0	1092	0	0	0	0	0	0	0	0	0	0	0	0	0	0	0	0	0	0	0	0	0	0	0	0	0	0	0	
249184	Frontal_Inf_Oper_R	0	9260	762	13050	0	2290	260	9196	0	0	0	0	0	12960	0	606	0	5980	2172	6044	0	0	1180	5612	0	0	0	0	220	18056	3450	9404	0	4484	0	0	0	1684	0	670	0	0	0	0	0	0	0	0	0	0	0	0	0	0	0	778	0	1336	0	0	0	0	0	0	0	0	0	0	0	0	430	5002	0	5764	0	2282	0	404	0	0	0	0	0	700	0	0	0	0	0	556	0	0	0	0	0	0	0	0	0	0	0	0	0	0	0	0	0	0	0	0	0	0	0	0	0	0	
253696	Frontal_Inf_Tri_L	1766	0	20262	186	2002	0	33460	0	1642	0	12298	0	0	170	10942	0	492	0	6972	498	0	0	3390	196	0	0	0	0	27194	0	1076	196	502	432	0	0	134	0	0	0	0	0	0	0	0	0	0	0	0	0	0	0	0	0	0	0	226	0	0	0	0	0	0	0	0	0	0	0	0	0	662	182	976	0	0	0	0	0	328	0	0	0	664	0	0	0	0	0	0	0	0	0	0	0	0	0	0	0	0	0	0	0	0	0	0	0	0	0	0	0	0	0	0	0	0	0	
193528	Frontal_Inf_Tri_R	0	870	752	13018	0	2868	294	14124	0	562	0	12960	170	0	0	2968	0	224	2602	4812	0	0	1570	6000	0	318	0	0	220	13210	2800	8844	118	5596	0	0	0	0	0	0	0	0	0	0	0	0	0	0	0	0	0	0	0	0	0	0	0	0	0	0	0	0	0	0	0	0	0	0	0	0	0	1570	0	294	0	0	0	0	0	0	0	0	0	0	0	0	0	0	0	0	0	0	0	0	0	0	0	0	0	0	0	0	0	0	0	0	0	0	0	0	0	0	0	0	0	0	
167700	Frontal_Inf_Orb_L	0	0	8068	0	14220	0	7842	0	12330	0	118	0	10942	0	0	0	0	0	716	0	2368	0	246	0	586	0	2426	0	10978	0	954	0	0	0	0	0	1290	0	330	0	1340	0	0	0	0	0	0	0	0	0	0	0	0	0	306	0	0	0	0	0	0	0	0	0	0	0	0	0	0	0	1128	0	3894	0	0	0	0	0	0	0	0	0	3768	0	0	0	0	0	0	0	0	0	0	0	0	0	0	0	0	0	0	0	0	0	0	0	0	0	0	0	0	0	0	0	0	0	
114168	Frontal_Inf_Orb_R	116	0	0	6818	0	7236	148	4940	0	5354	0	606	0	2968	0	0	0	392	0	690	602	1328	248	2414	0	842	0	1486	0	8720	286	1852	0	332	0	0	0	0	0	0	0	190	0	0	0	0	0	0	0	0	0	0	0	0	0	0	0	0	0	0	0	0	0	0	0	0	0	0	0	0	614	2202	464	3420	0	0	0	0	0	0	0	788	0	1802	0	226	0	0	0	0	0	0	0	0	0	0	0	0	0	0	0	0	0	0	0	0	0	0	0	0	0	0	0	0	0	0	
163652	Rolandic_Oper_L	6522	0	5822	0	0	0	2204	0	0	0	7024	0	492	0	0	0	0	0	2908	0	0	0	0	0	0	0	0	0	15442	0	0	0	0	0	182	128	482	0	0	0	0	0	270	0	174	0	126	0	0	0	632	0	442	0	1352	0	7922	0	152	0	1146	0	3416	0	2888	0	244	0	358	0	710	120	948	0	544	0	0	0	4320	0	8170	0	2396	0	1826	0	0	0	2344	0	120	0	0	0	0	0	0	0	0	0	0	0	0	0	0	0	0	0	0	0	0	0	0	0	0	0	
169584	Rolandic_Oper_R	0	2860	236	7588	0	220	0	976	0	0	0	5980	0	224	0	392	0	0	1002	6868	0	0	0	914	0	0	0	0	0	15814	372	1292	0	1198	0	0	0	2166	0	1528	0	0	0	0	0	278	0	0	0	298	0	0	0	364	0	2544	0	2764	0	0	0	0	0	5454	0	194	0	322	0	436	238	1532	0	2794	0	224	0	664	0	2548	0	9546	0	654	0	1890	0	0	0	2278	0	140	0	0	0	0	0	0	0	0	0	0	0	0	0	0	0	0	0	0	0	0	0	0	0	0	
877088	Supp_Motor_Area_L	8872	3548	104764	18730	3808	248	10944	1308	0	0	8886	2172	6972	2602	716	0	2908	1002	0	53040	538	252	12568	5834	178	0	0	0	26754	2948	10848	10302	12336	31292	828	738	5364	1230	900	624	386	0	134	0	144	120	334	120	332	140	154	126	160	0	2262	900	1064	0	0	0	190	0	158	170	0	0	330	498	7100	1410	14528	2024	25866	2282	7076	670	7080	902	622	0	650	190	1748	0	702	188	0	0	2532	478	446	0	0	0	0	0	0	0	274	0	0	0	0	0	0	0	0	0	0	0	0	0	0	0	0	0	
1.08974e+06	Supp_Motor_Area_R	7288	21938	24904	92248	552	2738	1808	5418	0	0	398	6044	498	4812	0	690	0	6868	53040	0	0	472	4790	20702	0	490	0	0	1174	12522	5726	23530	7862	59468	1892	3700	0	6274	0	3686	0	248	0	2664	0	4896	0	824	0	4606	0	2670	0	1220	0	4350	752	1704	0	0	0	146	0	2868	0	628	142	9234	9030	23872	6430	31010	746	18874	700	4866	2866	15570	0	786	0	2788	0	326	0	3552	0	0	0	4454	0	244	0	0	0	0	0	152	0	120	0	0	0	0	0	0	0	0	0	0	0	0	0	0	0	0	
106572	Olfactory_L	0	0	818	118	1602	1218	0	0	216	0	0	0	0	0	2368	602	0	0	538	0	0	5768	0	330	1688	976	1758	2256	3210	238	3402	1758	0	0	0	0	1200	0	740	0	1780	0	0	0	0	0	0	0	0	0	0	0	0	0	534	0	0	0	0	0	0	0	0	0	0	0	0	0	0	0	7854	3494	5118	1458	794	0	0	0	0	0	0	0	1450	0	0	0	0	0	0	0	0	0	0	0	0	0	0	0	0	0	0	0	0	0	0	0	0	0	0	0	0	0	0	0	0	0	
148608	Olfactory_R	0	0	246	496	174	4114	0	0	0	0	0	0	0	0	0	1328	0	0	252	472	5768	0	0	998	652	4778	1242	7926	148	3332	3068	4402	0	0	0	0	0	578	0	748	0	1446	0	0	0	0	0	0	0	0	0	0	0	0	0	262	0	0	0	0	0	0	0	0	0	0	0	0	0	0	8238	10678	5394	4124	2346	970	0	0	0	0	0	0	0	124	0	0	0	0	0	0	0	0	0	0	0	0	0	0	0	0	0	0	0	0	0	0	0	0	0	0	0	0	0	0	0	0	
411528	Frontal_Sup_Medial_L	240	0	47584	9702	3106	116	23768	254	0	0	402	1180	3390	1570	246	248	0	0	12568	4790	0	0	0	21268	2768	2452	174	0	4148	1858	25224	14738	5404	12764	0	0	0	0	0	0	0	0	0	0	0	0	0	0	0	0	0	0	0	0	0	0	0	0	0	0	0	0	0	0	0	0	0	0	0	0	1788	638	3376	0	0	0	0	0	0	0	0	0	0	0	0	0	0	0	0	0	0	0	0	0	0	0	0	0	0	0	0	0	0	0	0	0	0	0	0	0	0	0	0	0	0	0	
532052	Frontal_Sup_Medial_R	1502	0	7956	49054	256	10078	4432	5232	0	0	0	5612	196	6000	0	2414	0	914	5834	20702	330	998	21268	0	1090	10062	182	1172	314	9432	9616	42818	864	20784	0	0	0	704	0	338	0	0	0	0	0	0	0	0	0	0	0	0	0	0	0	326	146	0	0	0	0	0	0	0	0	0	0	0	0	0	908	15558	332	8128	0	162	0	182	0	0	0	0	0	0	0	0	0	0	0	130	0	0	0	0	0	0	0	0	0	0	0	0	0	0	0	0	0	0	0	0	0	0	0	0	0	0	
70612	Frontal_Med_Orb_L	0	0	1248	220	4156	410	0	0	656	0	0	0	0	0	586	0	0	0	178	0	1688	652	2768	1090	0	2618	3760	616	352	0	6848	1334	0	0	0	0	0	0	0	0	0	0	0	0	0	0	0	0	0	0	0	0	0	0	0	0	0	0	0	0	0	0	0	0	0	0	0	0	0	0	2920	480	2554	172	0	0	0	0	0	0	0	0	0	0	0	0	0	0	0	0	0	0	0	0	0	0	0	0	0	0	0	0	0	0	0	0	0	0	0	0	0	0	0	0	0	0	
129340	Frontal_Med_Orb_R	0	0	482	5318	282	6258	0	0	0	138	0	0	0	318	0	842	0	0	0	490	976	4778	2452	10062	2618	0	1528	6826	0	440	2922	8212	0	0	0	0	0	0	0	0	0	0	0	0	0	0	0	0	0	0	0	0	0	0	0	0	0	0	0	0	0	0	0	0	0	0	0	0	0	0	564	4994	356	3814	0	0	0	0	0	0	0	0	0	0	0	0	0	0	0	0	0	0	0	0	0	0	0	0	0	0	0	0	0	0	0	0	0	0	0	0	0	0	0	0	0	0	
76308	Rectus_L	0	0	306	0	7602	656	0	0	4248	0	0	0	0	0	2426	0	0	0	0	0	1758	1242	174	182	3760	1528	0	1728	664	0	3688	702	0	0	0	0	0	0	0	0	0	0	0	0	0	0	0	0	0	0	0	0	0	0	0	0	0	0	0	0	0	0	0	0	0	0	0	0	0	0	3154	552	3402	160	0	0	0	0	0	0	0	0	222	0	0	0	0	0	0	0	0	0	0	0	0	0	0	0	0	0	0	0	0	0	0	0	0	0	0	0	0	0	0	0	0	0	
86060	Rectus_R	0	0	0	404	286	7996	0	0	0	0	0	0	0	0	0	1486	0	0	0	0	2256	7926	0	1172	616	6826	1728	0	0	1800	816	2360	0	0	0	0	0	0	0	162	0	332	0	0	0	0	0	0	0	0	0	0	0	0	0	0	0	0	0	0	0	0	0	0	0	0	0	0	0	0	1750	2660	1250	1068	136	0	0	0	0	0	0	0	0	0	0	0	0	0	0	0	0	0	0	0	0	0	0	0	0	0	0	0	0	0	0	0	0	0	0	0	0	0	0	0	0	0	
701084	Insula_L	10682	0	54654	482	13262	0	25348	0	2320	0	23496	220	27194	220	10978	0	15442	0	26754	1174	3210	148	4148	314	352	0	664	0	0	174	2466	392	492	614	1104	800	13748	214	1592	0	2938	0	604	0	372	0	486	0	0	0	1502	0	962	0	11466	0	6668	0	334	0	886	0	2268	0	2960	0	630	0	772	0	4032	1210	20282	0	1762	0	322	124	9942	0	8008	0	8856	0	5078	0	0	0	12958	0	1366	0	142	0	0	0	146	0	808	0	0	0	0	0	0	0	0	0	0	0	0	0	0	0	0	0	
490288	Insula_R	0	1920	750	25904	0	5764	290	6964	0	348	0	18056	0	13210	0	8720	0	15814	2948	12522	238	3332	1858	9432	0	440	0	1800	174	0	2982	12778	130	6760	0	0	0	8740	0	5524	0	2012	0	212	0	272	0	154	0	278	0	124	0	778	0	8506	0	896	0	0	0	0	0	1352	0	266	0	356	0	232	350	4724	0	20400	0	552	0	950	0	3834	0	12078	0	2638	0	7192	0	0	0	9194	0	246	0	0	0	0	0	150	0	0	0	0	0	0	0	0	0	0	0	0	0	0	0	0	0	0	
415608	Cingulum_Ant_L	706	0	19020	7746	5344	1036	7150	232	988	0	446	3450	1076	2800	954	286	0	372	10848	5726	3402	3068	25224	9616	6848	2922	3688	816	2466	2982	0	27290	7454	11240	0	0	0	0	0	0	0	0	0	0	0	0	0	0	0	0	0	0	0	0	0	0	0	0	0	0	0	0	0	0	0	0	0	0	0	0	10658	6154	12322	3218	138	0	0	0	0	0	0	0	118	0	0	0	0	0	0	0	0	0	0	0	0	0	0	0	0	0	0	0	0	0	0	0	0	0	0	0	0	0	0	0	0	0	
627904	Cingulum_Ant_R	1570	0	6380	40564	404	11144	3602	2352	0	0	0	9404	196	8844	0	1852	0	1292	10302	23530	1758	4402	14738	42818	1334	8212	702	2360	392	12778	27290	0	2390	27942	0	0	0	334	0	224	0	0	0	0	0	0	0	0	0	0	0	0	0	0	0	0	148	0	0	0	0	0	0	0	0	0	0	0	0	0	3492	26954	1802	12030	0	112	0	304	0	0	0	0	0	0	0	0	0	0	0	0	0	0	0	0	0	0	0	0	0	0	0	0	0	0	0	0	0	0	0	0	0	0	0	0	0	0	
205736	Cingulum_Mid_L	1014	180	7652	1202	0	0	1310	0	0	0	0	0	502	118	0	0	0	0	12336	7862	0	0	5404	864	0	0	0	0	492	130	7454	2390	0	17584	4390	966	228	0	0	0	0	0	1942	0	2388	130	210	0	3460	0	3914	0	324	0	150	0	300	0	1568	0	198	0	636	0	218	0	7356	818	5160	928	0	0	0	0	0	0	0	0	0	0	226	0	0	0	702	0	0	0	162	0	0	0	0	0	0	0	0	0	0	0	0	0	0	0	0	0	0	0	0	0	0	0	0	0	0	0	
667380	Cingulum_Mid_R	1784	432	9940	25938	0	1432	2502	3494	0	0	202	4484	432	5596	0	332	0	1198	31292	59468	0	0	12764	20784	0	0	0	0	614	6760	11240	27942	17584	0	2902	4756	0	1622	0	774	0	0	0	3790	0	9352	0	972	0	6742	0	3168	0	1148	0	1708	0	2956	0	0	0	198	0	182	0	284	1524	17582	2436	15540	150	1892	0	3306	0	136	110	0	0	0	0	390	0	0	0	1854	0	0	0	2002	0	0	0	0	0	0	0	0	0	0	0	0	0	0	0	0	0	0	0	0	0	0	0	0	0	0	
248164	Cingulum_Post_L	3648	470	1112	214	0	0	1012	0	0	0	414	0	0	0	0	0	182	0	828	1892	0	0	0	0	0	0	0	0	1104	0	0	0	4390	2902	0	10442	15522	3590	2350	2058	0	0	11064	0	7294	416	2830	386	1124	0	5316	0	2744	0	3546	462	2212	0	986	0	640	0	0	0	292	0	14732	2370	4812	988	0	0	0	0	0	0	2106	1544	970	0	310	0	0	0	1192	0	0	0	2788	324	234	0	0	0	0	0	0	270	0	0	0	0	0	0	0	0	0	0	0	0	0	0	0	0	0	0	
178156	Cingulum_Post_R	1940	758	1016	312	0	0	1098	0	0	0	312	0	0	0	0	0	128	0	738	3700	0	0	0	0	0	0	0	0	800	0	0	0	966	4756	10442	0	6806	8284	2006	4474	0	0	156	782	308	1164	1826	2786	0	572	0	288	0	964	554	3480	500	234	0	0	0	0	0	0	0	0	2096	8770	468	2946	110	0	0	0	0	0	4392	3022	956	0	172	0	0	0	0	292	0	0	378	2428	0	218	0	0	0	0	0	376	0	0	0	0	0	0	0	0	0	0	0	0	304	0	0	0	0	0	
508912	Hippocampus_L	7572	416	13656	118	0	0	2550	0	0	0	1232	0	134	0	1290	0	482	0	5364	0	1200	0	0	0	0	0	0	0	13748	0	0	0	228	0	15522	6806	0	5954	21016	3346	7812	0	11356	0	6196	0	12774	570	988	0	5584	0	2572	0	24712	600	4746	0	1234	0	822	0	248	0	238	0	12404	1074	2364	0	1064	0	11254	0	1112	0	6484	3536	3204	0	2214	0	2872	0	2624	0	206	0	14804	354	3820	0	252	0	0	0	756	272	2498	0	0	0	0	0	0	0	0	0	0	202	0	0	0	0	0	0	
573480	Hippocampus_R	1372	7906	876	11394	0	200	842	4574	0	0	0	1684	0	0	0	0	0	2166	1230	6274	0	578	0	704	0	0	0	0	214	8740	0	334	0	1622	3590	8284	5954	0	2416	47850	0	7688	0	1238	0	746	2174	4530	0	722	0	202	0	704	500	44870	254	1394	0	0	0	0	0	3638	0	686	340	5928	0	844	312	450	0	27178	0	1858	5612	10738	256	906	0	6082	0	2510	0	3932	0	340	282	22350	0	3574	0	118	0	138	0	2708	0	1508	0	0	0	176	0	0	0	0	0	0	450	0	0	0	0	0	
178648	ParaHippocampal_L	1824	148	3020	0	0	0	520	0	0	0	0	0	0	0	330	0	0	0	900	0	740	0	0	0	0	0	0	0	1592	0	0	0	0	0	2350	2006	21016	2416	0	1524	2888	0	2384	0	254	0	10520	238	0	0	614	0	520	0	11636	220	662	0	168	0	0	0	0	0	0	0	2618	578	264	0	202	0	2814	0	158	0	3028	1694	0	0	212	0	1896	0	180	0	864	0	1846	0	1464	0	192	0	116	0	1134	0	1410	0	0	0	0	0	0	0	0	0	0	164	0	0	0	0	0	0	
436308	ParaHippocampal_R	844	4214	510	5786	0	154	422	1604	0	0	0	670	0	0	0	0	0	1528	624	3686	0	748	0	338	0	0	0	162	0	5524	0	224	0	774	2058	4474	3346	47850	1524	0	0	7558	0	1144	0	282	1392	4158	0	254	0	0	0	200	332	37950	134	986	0	0	0	0	0	1692	0	298	154	3766	0	510	176	330	0	13878	0	1618	3366	7086	0	564	0	2408	0	4782	0	1432	0	3036	148	14672	0	5172	0	316	0	382	152	5148	0	3654	0	0	0	580	0	178	0	0	0	0	654	112	0	234	202	0	
50880	Amygdala_L	0	0	450	0	178	0	0	0	0	0	0	0	0	0	1340	0	0	0	386	0	1780	0	0	0	0	0	0	0	2938	0	0	0	0	0	0	0	7812	0	2888	0	0	0	0	0	0	0	0	0	0	0	0	0	0	0	3178	0	0	0	0	0	0	0	0	0	0	0	0	0	0	0	0	0	758	0	0	0	0	0	0	0	0	0	2590	0	226	0	250	0	666	0	0	0	0	0	0	0	0	0	0	0	0	0	0	0	0	0	0	0	0	0	0	0	0	0	0	0	
65424	Amygdala_R	0	0	0	254	0	0	0	0	0	0	0	0	0	0	0	190	0	0	0	248	0	1446	0	0	0	0	0	332	0	2012	0	0	0	0	0	0	0	7688	0	7558	0	0	0	0	0	0	0	0	0	0	0	0	0	0	0	5378	0	0	0	0	0	0	0	0	0	0	0	0	0	0	0	192	0	1622	0	0	0	238	0	0	0	0	0	4344	0	0	0	974	0	236	0	0	0	0	0	0	0	0	0	0	0	0	0	0	0	0	0	0	0	0	0	0	0	0	0	0	
559008	Calcarine_L	2428	0	116	0	0	0	0	0	0	0	0	0	0	0	0	0	270	0	134	0	0	0	0	0	0	0	0	0	604	0	0	0	1942	0	11064	156	11356	0	2384	0	0	0	0	13568	27234	10148	26872	4306	11182	5968	40520	464	21482	0	16028	872	3770	0	1628	0	1054	0	278	0	1218	0	30782	1548	6596	0	0	0	0	0	0	0	0	0	300	0	764	0	0	0	4274	0	0	0	7310	0	900	124	130	0	0	0	3608	146	4122	270	0	0	0	0	214	0	0	0	0	0	772	598	0	0	0	0	
415052	Calcarine_R	0	1256	0	112	0	0	0	0	0	0	0	0	0	0	0	0	0	0	0	2664	0	0	0	0	0	0	0	0	0	212	0	0	0	3790	0	782	0	1238	0	1144	0	0	13568	0	8754	30960	3316	28030	620	21248	378	9392	124	9276	138	13788	0	2954	0	0	0	324	0	110	0	324	610	31372	0	4766	0	0	0	118	0	0	0	0	0	0	0	188	0	0	0	3086	0	0	0	7340	168	626	0	0	0	0	214	830	674	922	0	0	0	0	0	0	0	0	0	0	1128	982	0	0	0	0	
372252	Cuneus_L	2056	0	0	0	0	0	0	0	0	0	0	0	0	0	0	0	174	0	144	0	0	0	0	0	0	0	0	0	372	0	0	0	2388	0	7294	308	6196	0	254	0	0	0	27234	8754	0	13042	8212	1370	22346	3242	20658	310	5702	0	3402	0	3250	0	5644	0	1074	0	200	0	728	0	22976	2282	6788	0	0	0	0	0	0	0	0	0	144	0	412	0	0	0	2964	0	0	0	3578	0	0	0	0	0	0	0	1162	0	1208	0	0	0	0	0	126	0	0	0	0	0	0	132	0	0	0	0	
473864	Cuneus_R	0	1120	0	162	0	0	0	0	0	0	0	0	0	0	0	0	0	278	120	4896	0	0	0	0	0	0	0	0	0	272	0	0	130	9352	416	1164	0	746	0	282	0	0	10148	30960	13042	0	2192	8152	3706	47560	2004	13904	228	2608	202	4120	0	3386	0	6240	0	2366	0	650	0	3452	6018	38498	172	8514	0	0	0	370	0	0	0	0	0	0	0	950	0	0	0	3818	0	0	0	3688	0	0	0	0	0	0	166	150	304	0	0	0	0	0	0	0	0	0	0	0	178	248	0	0	0	0	
582584	Lingual_L	1912	154	1456	0	0	0	416	0	0	0	0	0	0	0	0	0	126	0	334	0	0	0	0	0	0	0	0	0	486	0	0	0	210	0	2830	1826	12774	2174	10520	1392	0	0	26872	3316	8212	2192	0	8602	5416	1018	26162	310	19902	1020	34268	4800	928	0	538	0	238	0	106	0	388	0	11090	1034	1250	0	128	0	950	0	0	0	2720	1404	188	0	276	0	0	0	1918	0	0	0	2874	162	10276	2312	1210	140	258	114	21226	3114	27230	4394	0	0	0	0	466	152	0	0	0	184	7380	6718	688	160	138	240	
493084	Lingual_R	0	134	0	176	0	0	0	0	0	0	0	0	0	0	0	0	0	0	120	824	0	0	0	0	0	0	0	0	0	154	0	0	0	972	386	2786	570	4530	238	4158	0	0	4306	28030	1370	8152	8602	0	122	7400	670	3802	1172	8550	2064	37392	0	280	0	0	0	0	0	0	0	0	0	17200	0	812	0	0	0	242	0	0	0	356	0	0	0	0	0	0	0	728	0	0	0	3738	3346	13804	2218	2856	170	178	3374	12498	8570	18118	0	0	0	276	304	174	0	0	0	352	12010	13722	3986	188	194	168	
251720	Occipital_Sup_L	1068	0	0	0	0	0	0	0	0	0	0	0	0	0	0	0	0	0	332	0	0	0	0	0	0	0	0	0	0	0	0	0	3460	0	1124	0	988	0	0	0	0	0	11182	620	22346	3706	5416	122	0	214	34208	0	4028	0	2694	0	1118	0	8066	0	1642	0	0	0	1258	0	12458	570	1900	0	0	0	0	0	0	0	0	0	0	0	0	0	0	0	3188	0	0	0	470	0	0	0	0	0	0	0	1694	0	1694	0	0	0	0	0	138	0	0	0	0	0	0	156	0	0	0	0	
410400	Occipital_Sup_R	0	774	0	150	0	0	0	0	0	0	0	0	0	0	0	0	0	298	140	4606	0	0	0	0	0	0	0	0	0	278	0	0	0	6742	0	572	0	722	0	254	0	0	5968	21248	3242	47560	1018	7400	214	0	126	26842	0	2540	0	4092	0	2026	0	9296	0	4308	0	670	0	10382	1770	24036	188	7484	0	0	0	348	0	0	0	0	0	0	0	950	0	0	0	4902	0	0	0	2804	0	0	0	0	0	0	0	148	308	128	0	0	0	0	0	0	0	0	0	0	270	396	0	0	0	0	
778696	Occipital_Mid_L	9838	0	534	0	0	0	240	0	0	0	350	0	0	0	0	0	632	0	154	0	0	0	0	0	0	0	0	0	1502	0	0	0	3914	0	5316	0	5584	0	614	0	0	0	40520	378	20658	2004	26162	670	34208	126	0	0	41038	128	20702	402	11252	0	23160	0	18192	0	2234	0	19262	0	25360	122	11762	0	0	0	0	0	0	0	0	0	804	0	2618	0	0	0	25238	0	0	0	13704	0	866	0	118	0	0	0	7470	152	8618	244	0	0	0	0	446	0	0	0	0	0	904	1148	0	0	0	0	
257964	Occipital_Mid_R	0	706	0	0	0	0	0	0	0	0	0	0	0	0	0	0	0	0	126	2670	0	0	0	0	0	0	0	0	0	124	0	0	0	3168	0	288	0	202	0	0	0	0	464	9392	310	13904	310	3802	0	26842	0	0	0	5058	0	3004	0	1228	0	5914	0	4786	0	146	0	13548	618	10246	146	3614	0	0	0	112	0	0	0	0	0	0	0	452	0	0	0	13700	0	0	0	3610	0	0	0	0	0	0	0	0	152	0	0	0	0	0	0	0	0	0	0	0	140	200	0	0	0	0	
376604	Occipital_Inf_L	2244	0	278	0	0	0	234	0	0	0	216	0	0	0	0	0	442	0	160	0	0	0	0	0	0	0	0	0	962	0	0	0	324	0	2744	0	2572	0	520	0	0	0	21482	124	5702	228	19902	1172	4028	0	41038	0	0	272	24810	898	1088	0	672	0	278	0	218	0	408	0	8154	0	1936	0	0	0	118	0	0	0	0	0	610	0	350	0	0	0	4954	0	0	0	13228	0	2056	158	210	0	0	0	8358	386	10500	658	0	0	0	0	472	0	0	0	0	0	1392	1746	0	0	0	0	
188424	Occipital_Inf_R	0	1192	0	114	0	0	0	0	0	0	0	0	0	0	0	0	0	364	0	1220	0	0	0	0	0	0	0	0	0	778	0	0	0	1148	0	964	0	704	0	200	0	0	0	9276	0	2608	1020	8550	0	2540	128	5058	272	0	486	15172	0	632	0	0	0	1018	0	408	0	1346	0	6832	0	1542	0	0	0	0	0	0	0	0	0	248	0	476	0	0	0	1662	0	0	0	13782	772	976	548	452	0	0	462	1616	1820	2426	0	0	0	0	0	0	0	0	0	0	1980	2806	614	0	0	0	
743816	Fusiform_L	3404	0	5960	0	0	0	1044	0	0	0	638	0	0	0	306	0	1352	0	2262	0	534	0	0	0	0	0	0	0	11466	0	0	0	150	0	3546	554	24712	500	11636	332	3178	0	16028	138	3402	202	34268	2064	2694	0	20702	0	24810	486	0	1632	1604	0	298	0	298	0	620	0	296	0	7328	338	1154	0	420	0	5090	0	410	0	434	246	2340	0	2786	0	4512	0	4092	0	1710	0	31040	0	34892	434	7148	0	284	132	26034	920	45162	1272	2246	0	3248	0	624	170	0	0	0	170	2852	2686	192	162	146	118	
888588	Fusiform_R	190	6516	216	6128	0	0	176	2116	0	0	0	778	0	0	0	0	0	2544	900	4350	0	262	0	326	0	0	0	0	0	8506	0	0	0	1708	462	3480	600	44870	220	37950	0	5378	872	13788	0	4120	4800	37392	0	4092	402	3004	898	15172	1632	0	0	1684	0	0	0	0	0	4340	0	804	128	10462	0	1760	116	208	0	16834	0	840	650	1842	0	1276	0	8046	0	4274	0	7900	0	3694	0	42772	3020	27820	2084	3164	0	310	2440	19578	6540	28856	0	188	0	1386	292	430	0	0	0	160	10142	11406	3814	532	488	166	
366248	Postcentral_L	35520	178	3420	632	0	0	6020	0	0	0	5518	0	226	0	0	0	7922	0	1064	752	0	0	0	146	0	0	0	0	6668	0	0	148	300	0	2212	500	4746	254	662	134	0	0	3770	0	3250	0	928	0	1118	0	11252	0	1088	0	1604	0	0	0	12272	0	24642	0	8358	0	2476	0	5670	0	11300	0	518	200	3490	0	310	0	474	168	3138	0	3978	0	108	0	2614	0	0	0	3134	0	242	0	0	0	0	0	0	0	0	0	0	0	0	0	0	0	0	0	0	0	0	0	0	0	0	0	
175544	Postcentral_R	0	16692	0	950	0	0	0	250	0	0	0	1336	0	0	0	0	0	2764	0	1704	0	0	0	0	0	0	0	0	0	896	0	0	0	2956	0	234	0	1394	0	986	0	0	0	2954	0	3386	0	280	0	2026	0	1228	0	632	0	1684	0	0	0	3068	0	4352	0	11596	0	2234	0	8766	0	9380	0	250	0	1098	0	250	0	0	0	0	0	1328	0	0	0	1314	0	0	0	1538	0	246	0	0	0	0	0	0	0	0	0	0	0	0	0	0	0	0	0	0	0	0	0	0	0	0	
216648	Parietal_Sup_L	6788	0	318	0	0	0	0	0	0	0	0	0	0	0	0	0	152	0	0	0	0	0	0	0	0	0	0	0	334	0	0	0	1568	0	986	0	1234	0	168	0	0	0	1628	0	5644	0	538	0	8066	0	23160	0	672	0	298	0	12272	0	0	0	13550	0	1598	0	4850	0	12590	0	7692	0	0	0	0	0	0	0	0	0	218	0	920	0	0	0	1614	0	0	0	1466	0	0	0	0	0	0	0	0	0	0	0	0	0	0	0	0	0	0	0	0	0	0	0	0	0	0	0	
88756	Parietal_Sup_R	0	184	0	0	0	0	0	0	0	0	0	0	0	0	0	0	0	0	0	0	0	0	0	0	0	0	0	0	0	0	0	0	0	0	0	0	0	0	0	0	0	0	0	0	0	6240	0	0	0	9296	0	5914	0	0	0	0	0	3068	0	0	0	3488	0	604	0	8534	966	5778	0	0	0	0	0	0	0	0	0	0	0	0	0	0	0	0	0	138	0	0	0	168	0	0	0	0	0	0	0	0	0	0	0	0	0	0	0	0	0	0	0	0	0	0	0	0	0	0	
224756	Parietal_Inf_L	9004	0	1308	0	0	0	2938	0	0	0	1778	0	0	0	0	0	1146	0	190	0	0	0	0	0	0	0	0	0	886	0	0	0	198	0	640	0	822	0	0	0	0	0	1054	0	1074	0	238	0	1642	0	18192	0	278	0	298	0	24642	0	13550	0	0	0	9654	0	14270	0	2964	0	3032	0	130	0	192	0	0	0	0	0	394	0	662	0	0	0	548	0	0	0	654	0	0	0	0	0	0	0	0	0	0	0	0	0	0	0	0	0	0	0	0	0	0	0	0	0	0	0	
116316	Parietal_Inf_R	0	972	0	0	0	0	0	0	0	0	0	0	0	0	0	0	0	0	0	146	0	0	0	0	0	0	0	0	0	0	0	0	0	198	0	0	0	0	0	0	0	0	0	324	0	2366	0	0	0	4308	0	4786	0	1018	0	0	0	4352	0	3488	0	0	0	3924	0	19758	164	2242	0	432	0	0	0	0	0	0	0	0	0	0	0	820	0	0	0	5988	0	0	0	2872	0	0	0	0	0	0	0	0	0	0	0	0	0	0	0	0	0	0	0	0	0	0	0	0	0	0	
109540	SupraMarginal_L	3084	0	604	0	0	0	634	0	0	0	424	0	0	0	0	0	3416	0	158	0	0	0	0	0	0	0	0	0	2268	0	0	0	636	0	0	0	248	0	0	0	0	0	278	0	200	0	106	0	0	0	2234	0	218	0	620	0	8358	0	1598	0	9654	0	0	0	4248	0	1490	0	904	0	0	0	184	0	0	0	0	0	586	0	7922	0	0	0	2490	0	0	0	2208	0	0	0	0	0	0	0	0	0	0	0	0	0	0	0	0	0	0	0	0	0	0	0	0	0	0	0	
164324	SupraMarginal_R	0	6804	0	762	0	0	0	118	0	0	0	0	0	0	0	0	0	5454	170	2868	0	0	0	0	0	0	0	0	0	1352	0	0	0	182	0	0	0	3638	0	1692	0	0	0	110	0	650	0	0	0	670	0	146	0	408	0	4340	0	11596	0	604	0	3924	0	0	0	7332	0	688	0	2944	0	0	0	2166	0	0	0	0	0	140	0	12004	0	0	0	6440	0	0	0	4682	0	278	0	0	0	0	0	0	0	0	0	0	0	0	0	0	0	0	0	0	0	0	0	0	0	0	
172020	Angular_L	1808	0	526	0	0	0	442	0	0	0	782	0	0	0	0	0	2888	0	0	0	0	0	0	0	0	0	0	0	2960	0	0	0	218	0	292	0	238	0	0	0	0	0	1218	0	728	0	388	0	1258	0	19262	0	408	0	296	0	2476	0	4850	0	14270	0	4248	0	0	0	1914	0	1126	0	0	0	0	0	0	0	0	0	830	0	8144	0	0	0	10300	0	0	0	4140	0	0	0	0	0	0	0	0	0	0	0	0	0	0	0	0	0	0	0	0	0	0	0	0	0	0	0	
206416	Angular_R	0	1198	0	0	0	0	0	0	0	0	0	0	0	0	0	0	0	194	0	628	0	0	0	0	0	0	0	0	0	266	0	0	0	284	0	0	0	686	0	298	0	0	0	324	0	3452	0	0	0	10382	0	13548	0	1346	0	804	0	2234	0	8534	0	19758	0	7332	0	0	294	3198	0	856	0	0	0	512	0	0	0	0	0	168	0	6486	0	0	0	15874	0	0	0	4552	0	0	0	0	0	0	0	0	0	0	0	0	0	0	0	0	0	0	0	0	0	0	0	0	0	0	
467300	Precuneus_L	3388	0	204	0	0	0	130	0	0	0	124	0	0	0	0	0	244	0	330	142	0	0	0	0	0	0	0	0	630	0	0	0	7356	1524	14732	2096	12404	340	2618	154	0	0	30782	610	22976	6018	11090	0	12458	1770	25360	618	8154	0	7328	128	5670	0	12590	966	2964	164	1490	0	1914	294	0	10626	8156	160	0	0	0	0	0	0	0	0	244	0	1398	0	0	0	5418	0	0	0	6594	120	462	0	0	0	0	0	262	0	450	0	0	0	0	0	0	0	0	0	0	0	0	0	0	0	0	0	
537552	Precuneus_R	260	2362	0	456	0	0	0	0	0	0	0	0	0	0	0	0	0	322	498	9234	0	0	0	0	0	0	0	0	0	356	0	0	818	17582	2370	8770	1074	5928	578	3766	0	0	1548	31372	2282	38498	1034	17200	570	24036	122	10246	0	6832	338	10462	0	8766	0	5778	0	2242	0	688	0	3198	10626	0	396	17230	0	0	0	592	0	0	476	0	0	0	0	1400	0	0	0	4724	0	0	0	9892	0	628	0	0	0	0	172	1414	124	438	0	0	0	0	0	0	0	0	0	0	1078	0	0	0	0	0	
291364	Paracentral_Lobule_L	21910	4046	3040	4850	0	0	202	0	0	0	118	0	0	0	0	0	358	0	7100	9030	0	0	0	0	0	0	0	0	772	0	0	0	5160	2436	4812	468	2364	0	264	0	0	0	6596	0	6788	172	1250	0	1900	188	11762	146	1936	0	1154	0	11300	0	7692	0	3032	0	904	0	1126	0	8156	396	0	1504	1008	128	0	0	202	0	3582	254	242	0	558	0	0	0	2918	0	0	0	3858	0	0	0	0	0	0	0	0	0	0	0	0	0	0	0	0	0	0	0	0	0	0	0	0	0	0	0	
254060	Paracentral_Lobule_R	544	8756	0	118	0	0	0	0	0	0	0	0	0	0	0	0	0	436	1410	23872	0	0	0	0	0	0	0	0	0	232	0	0	928	15540	988	2946	0	844	0	510	0	0	0	4766	0	8514	0	812	0	7484	0	3614	0	1542	0	1760	0	9380	0	0	0	432	0	2944	0	856	160	17230	1504	0	0	0	0	206	0	0	0	0	0	0	0	1694	0	0	0	3374	0	0	0	3634	0	0	0	0	0	0	0	0	0	0	0	0	0	0	0	0	0	0	0	0	0	0	0	0	0	0	
375020	Caudate_L	2088	3262	19844	5434	3296	1226	3040	358	942	0	1330	430	662	0	1128	614	710	238	14528	6430	7854	8238	1788	908	2920	564	3154	1750	4032	350	10658	3492	0	150	0	110	1064	312	202	176	0	0	0	0	0	0	128	0	0	0	0	0	0	0	420	116	518	0	0	0	130	0	0	0	0	0	0	0	1008	0	0	17230	24308	6438	9738	2618	8638	1356	294	0	188	0	294	0	206	0	0	0	600	0	0	0	0	0	0	0	0	0	0	0	0	0	0	0	0	0	0	0	0	0	0	0	0	0	0	0	
490120	Caudate_R	1762	4100	4052	26542	1082	6930	2674	1814	0	298	242	5002	182	1570	0	2202	120	1532	2024	31010	3494	10678	638	15558	480	4994	552	2660	1210	4724	6154	26954	0	1892	0	0	0	450	0	330	0	192	0	0	0	0	0	0	0	0	0	0	0	0	0	208	200	250	0	0	0	0	0	0	0	0	0	0	128	0	17230	0	6786	22026	2814	6178	1516	13166	0	156	0	0	0	142	0	0	0	0	0	162	0	0	0	0	0	0	0	0	0	0	0	0	0	0	0	0	0	0	0	0	0	0	0	0	0	0	
469356	Putamen_L	5302	194	35614	644	9062	840	3038	0	2528	0	2784	0	976	0	3894	464	948	0	25866	746	5118	5394	3376	332	2554	356	3402	1250	20282	0	12322	1802	0	0	0	0	11254	0	2814	0	758	0	0	0	0	0	950	0	0	0	0	0	118	0	5090	0	3490	0	0	0	192	0	184	0	0	0	0	0	0	0	24308	6786	0	3200	12800	840	926	0	602	0	918	0	1316	0	1252	0	0	0	5240	0	1380	0	120	0	0	0	150	0	902	0	0	0	0	0	0	0	0	0	0	0	0	0	0	0	0	0	
527544	Putamen_R	0	7326	534	28164	120	4232	0	8988	0	360	0	5764	0	294	0	3420	0	2794	2282	18874	1458	4124	0	8128	172	3814	160	1068	0	20400	3218	12030	0	3306	0	0	0	27178	0	13878	0	1622	0	118	0	370	0	242	0	348	0	112	0	0	0	16834	0	1098	0	0	0	0	0	2166	0	512	0	592	0	206	6438	22026	3200	0	960	6236	0	562	0	236	0	4138	0	664	0	2576	0	0	0	8258	0	554	0	0	0	0	0	808	0	690	0	0	0	0	0	0	0	0	0	0	120	0	0	0	0	0	
120292	Pallidum_L	826	496	11230	612	0	126	366	0	0	0	838	0	0	0	0	0	544	0	7076	700	794	2346	0	0	0	0	0	136	1762	0	138	0	0	0	0	0	1112	0	158	0	0	0	0	0	0	0	0	0	0	0	0	0	0	0	410	0	310	0	0	0	0	0	0	0	0	0	0	0	202	0	9738	2814	12800	960	0	550	1724	108	280	0	184	0	0	0	206	0	0	0	600	0	0	0	0	0	0	0	0	0	0	0	0	0	0	0	0	0	0	0	0	0	0	0	0	0	0	0	
81064	Pallidum_R	0	2204	630	5022	0	0	0	1524	0	0	0	2282	0	0	0	0	0	224	670	4866	0	970	0	162	0	0	0	0	0	552	0	112	0	136	0	0	0	1858	0	1618	0	0	0	0	0	0	0	0	0	0	0	0	0	0	0	840	0	250	0	0	0	0	0	0	0	0	0	0	0	0	2618	6178	840	6236	550	0	0	0	0	0	0	0	0	0	0	0	0	0	0	190	0	0	0	0	0	0	0	0	0	0	0	0	0	0	0	0	0	0	0	0	0	0	0	0	0	0	
194072	Thalamus_L	7510	3920	10386	2828	0	0	3592	0	0	0	0	0	0	0	0	0	0	0	7080	2866	0	0	0	0	0	0	0	0	322	0	0	0	0	110	2106	4392	6484	5612	3028	3366	0	0	0	0	0	0	2720	0	0	0	0	0	0	0	434	650	474	0	0	0	0	0	0	0	0	0	0	476	3582	0	8638	1516	926	0	1724	0	0	11188	190	0	114	0	0	0	0	0	0	0	414	388	0	0	0	0	0	0	0	0	0	0	0	0	0	0	0	0	0	0	0	0	0	0	0	0	0	0	
206608	Thalamus_R	1720	5472	1324	14364	0	0	1156	144	0	0	0	404	0	0	0	0	0	664	902	15570	0	0	0	182	0	0	0	0	124	950	0	304	0	0	1544	3022	3536	10738	1694	7086	0	238	0	0	0	0	1404	356	0	0	0	0	0	0	246	1842	168	0	0	0	0	0	0	0	0	0	0	0	254	0	1356	13166	0	562	108	0	11188	0	130	0	0	0	0	126	0	0	0	0	198	744	0	130	0	0	0	0	0	188	0	0	0	0	0	0	0	0	0	0	0	0	0	0	0	0	0	0	
122260	Heschl_L	3242	0	2296	0	0	0	2216	0	0	0	2518	0	328	0	0	0	4320	0	622	0	0	0	0	0	0	0	0	0	9942	0	0	0	0	0	970	956	3204	256	0	0	0	0	300	0	144	0	188	0	0	0	804	0	610	0	2340	0	3138	0	218	0	394	0	586	0	830	0	244	0	242	0	294	0	602	0	280	0	190	130	0	0	7094	0	0	0	6680	0	0	0	4806	0	146	0	0	0	0	0	0	0	0	0	0	0	0	0	0	0	0	0	0	0	0	0	0	0	0	0	
38836	Heschl_R	0	248	0	506	0	0	0	0	0	0	0	0	0	0	0	0	0	2548	0	786	0	0	0	0	0	0	0	0	0	3834	0	0	0	0	0	0	0	906	0	564	0	0	0	0	0	0	0	0	0	0	0	0	0	248	0	1276	0	0	0	0	0	0	0	140	0	168	0	0	0	0	0	156	0	236	0	0	0	0	0	0	0	4068	0	0	0	1646	0	0	0	2088	0	0	0	0	0	0	0	0	0	0	0	0	0	0	0	0	0	0	0	0	0	0	0	0	0	0	
236632	Temporal_Sup_L	2208	0	2130	0	0	0	798	0	0	0	782	0	0	0	0	0	8170	0	650	0	0	0	0	0	0	0	0	0	8008	0	0	0	226	0	310	172	2214	0	212	0	0	0	764	0	412	0	276	0	0	0	2618	0	350	0	2786	0	3978	0	920	0	662	0	7922	0	8144	0	1398	0	558	0	188	0	918	0	184	0	114	0	7094	0	0	0	5396	0	30918	0	184	0	16530	0	0	0	0	0	0	0	0	0	122	0	0	0	0	0	0	0	0	0	0	0	0	0	0	0	0	0	
250580	Temporal_Sup_R	0	3330	0	1566	0	0	0	188	0	0	0	0	0	0	0	788	0	9546	190	2788	0	0	0	0	0	0	0	0	0	12078	0	0	0	390	0	0	0	6082	0	2408	0	0	0	188	0	950	0	0	0	950	0	452	0	476	0	8046	0	1328	0	0	0	820	0	12004	0	6486	0	1400	0	1694	0	0	0	4138	0	0	0	0	0	4068	0	0	0	3342	0	28214	0	548	0	10638	0	194	0	0	0	0	0	0	0	0	0	0	0	0	0	0	0	0	0	0	0	0	0	0	0	0	
139476	Temporal_Pole_Sup_L	136	0	2404	0	1196	0	268	0	646	0	2696	0	664	0	3768	0	2396	0	1748	0	1450	0	0	0	0	0	222	0	8856	0	118	0	0	0	0	0	2872	0	1896	0	2590	0	0	0	0	0	0	0	0	0	0	0	0	0	4512	0	108	0	0	0	0	0	0	0	0	0	0	0	0	0	294	0	1316	0	0	0	0	0	0	0	5396	0	0	0	9700	0	6488	0	7998	0	0	0	0	0	0	0	0	0	0	0	0	0	0	0	0	0	0	0	0	0	0	0	0	0	0	0	
75528	Temporal_Pole_Sup_R	0	0	0	420	0	0	0	196	0	0	0	700	0	0	0	1802	0	654	0	326	0	124	0	0	0	0	0	0	0	2638	0	0	0	0	0	0	0	2510	0	4782	0	4344	0	0	0	0	0	0	0	0	0	0	0	0	0	4274	0	0	0	0	0	0	0	0	0	0	0	0	0	0	0	142	0	664	0	0	0	126	0	0	0	3342	0	0	0	4116	0	4358	0	2246	0	0	0	0	0	0	0	0	0	0	0	0	0	0	0	0	0	0	0	0	0	0	0	0	0	0	
369588	Temporal_Mid_L	3730	0	1234	0	0	0	394	0	0	0	830	0	0	0	0	0	1826	0	702	0	0	0	0	0	0	0	0	0	5078	0	0	0	702	0	1192	0	2624	0	180	0	226	0	4274	0	2964	0	1918	0	3188	0	25238	0	4954	0	4092	0	2614	0	1614	0	548	0	2490	0	10300	0	5418	0	2918	0	206	0	1252	0	206	0	0	0	6680	0	30918	0	9700	0	0	0	5120	0	39222	0	0	0	0	0	0	0	120	0	122	0	0	0	0	0	0	0	0	0	0	0	0	0	0	0	0	0	
335788	Temporal_Mid_R	0	2936	0	708	0	0	0	118	0	0	0	0	0	0	0	226	0	1890	188	3552	0	0	0	0	0	0	0	0	0	7192	0	0	0	1854	0	292	0	3932	0	1432	0	0	0	3086	0	3818	0	728	0	4902	0	13700	0	1662	0	7900	0	1314	0	138	0	5988	0	6440	0	15874	0	4724	0	3374	0	0	0	2576	0	0	0	0	0	1646	0	28214	0	4116	0	0	0	3588	0	29670	0	116	0	0	0	0	0	0	0	0	0	0	0	0	0	0	0	0	0	0	0	0	0	0	0	0	
39000	Temporal_Pole_Mid_L	0	0	0	0	0	0	0	0	0	0	0	0	0	0	0	0	0	0	0	0	0	0	0	0	0	0	0	0	0	0	0	0	0	0	0	0	206	0	864	0	250	0	0	0	0	0	0	0	0	0	0	0	0	0	1710	0	0	0	0	0	0	0	0	0	0	0	0	0	0	0	0	0	0	0	0	0	0	0	0	0	184	0	6488	0	5120	0	0	0	4678	0	0	0	0	0	0	0	0	0	0	0	0	0	0	0	0	0	0	0	0	0	0	0	0	0	0	0	
39620	Temporal_Pole_Mid_R	0	0	0	0	0	0	0	0	0	0	0	0	0	0	0	0	0	0	0	0	0	0	0	0	0	0	0	0	0	0	0	0	0	0	0	0	0	340	0	3036	0	974	0	0	0	0	0	0	0	0	0	0	0	0	0	3694	0	0	0	0	0	0	0	0	0	0	0	0	0	0	0	0	0	0	0	0	0	0	0	0	0	548	0	4358	0	3588	0	0	0	3272	0	0	0	0	0	0	0	0	0	0	0	0	0	0	0	0	0	0	0	0	0	0	0	0	0	0	
497128	Temporal_Inf_L	6894	0	6218	0	0	0	978	0	0	0	1092	0	0	0	0	0	2344	0	2532	0	0	0	0	0	0	0	0	0	12958	0	0	0	162	0	2788	378	14804	282	1846	148	666	0	7310	0	3578	0	2874	0	470	0	13704	0	13228	0	31040	0	3134	0	1466	0	654	0	2208	0	4140	0	6594	0	3858	0	600	0	5240	0	600	0	414	198	4806	0	16530	0	7998	0	39222	0	4678	0	0	0	10658	0	2236	0	0	0	604	0	3948	0	984	0	1500	0	0	0	0	0	0	0	0	0	0	0	0	0	
480548	Temporal_Inf_R	168	7410	170	3178	0	0	134	1374	0	0	0	556	0	0	0	0	0	2278	478	4454	0	0	0	130	0	0	0	0	0	9194	0	0	0	2002	324	2428	354	22350	0	14672	0	236	0	7340	0	3688	162	3738	0	2804	0	3610	0	13782	0	42772	0	1538	0	168	0	2872	0	4682	0	4552	120	9892	0	3634	0	162	0	8258	0	190	388	744	0	2088	0	10638	0	2246	0	29670	0	3272	0	0	0	2954	0	166	0	0	0	546	0	1008	0	0	0	338	0	0	0	0	0	0	362	0	0	0	0	0	
545768	Cerebelum_Crus1_L	460	0	1604	0	0	0	116	0	0	0	0	0	0	0	0	0	120	0	446	0	0	0	0	0	0	0	0	0	1366	0	0	0	0	0	234	0	3820	0	1464	0	0	0	900	168	0	0	10276	3346	0	0	866	0	2056	772	34892	3020	242	0	0	0	0	0	0	0	0	0	462	0	0	0	0	0	1380	0	0	0	0	0	146	0	0	0	0	0	0	0	0	0	10658	0	0	2670	37284	1636	3656	902	27760	1082	60814	4256	10396	0	15876	622	3992	862	300	0	292	1140	4262	7016	5194	1544	1708	806	
514872	Cerebelum_Crus1_R	0	602	0	654	0	0	0	0	0	0	0	0	0	0	0	0	0	140	0	244	0	0	0	0	0	0	0	0	0	246	0	0	0	0	0	218	0	3574	0	5172	0	0	124	626	0	0	2312	13804	0	0	0	0	158	976	434	27820	0	246	0	0	0	0	0	278	0	0	0	628	0	0	0	0	0	554	0	0	0	130	0	0	0	194	0	0	0	116	0	0	0	2954	2670	0	1070	23414	536	4932	4386	29354	4258	56216	124	3326	486	16090	250	1652	0	0	876	3212	18618	9370	7910	3060	2648	774	
399644	Cerebelum_Crus2_L	0	0	136	0	0	0	0	0	0	0	0	0	0	0	0	0	0	0	0	0	0	0	0	0	0	0	0	0	142	0	0	0	0	0	0	0	252	0	192	0	0	0	130	0	0	0	1210	2218	0	0	118	0	210	548	7148	2084	0	0	0	0	0	0	0	0	0	0	0	0	0	0	0	0	120	0	0	0	0	0	0	0	0	0	0	0	0	0	0	0	2236	0	37284	1070	0	10118	1932	352	6850	240	16796	1562	32954	3248	33900	2584	7258	732	846	0	394	644	1134	3938	10860	5040	2216	1126	
323528	Cerebelum_Crus2_R	0	0	0	0	0	0	0	0	0	0	0	0	0	0	0	0	0	0	0	0	0	0	0	0	0	0	0	0	0	0	0	0	0	0	0	0	0	118	0	316	0	0	0	0	0	0	140	2856	0	0	0	0	0	452	0	3164	0	0	0	0	0	0	0	0	0	0	0	0	0	0	0	0	0	0	0	0	0	0	0	0	0	0	0	0	0	0	0	0	0	166	1636	23414	10118	0	324	2120	1456	2544	1792	7652	4062	17716	6030	30796	1850	2810	528	240	1080	1780	2766	4734	14940	8824	3742	1598	
68996	Cerebelum_3_L	0	0	0	0	0	0	0	0	0	0	0	0	0	0	0	0	0	0	0	0	0	0	0	0	0	0	0	0	0	0	0	0	0	0	0	0	0	0	116	0	0	0	0	0	0	0	258	170	0	0	0	0	0	0	284	0	0	0	0	0	0	0	0	0	0	0	0	0	0	0	0	0	0	0	0	0	0	0	0	0	0	0	0	0	0	0	0	0	0	0	3656	536	1932	324	0	724	7038	292	4240	754	282	0	622	292	1478	634	0	0	1298	3746	2074	844	732	840	810	522	
109244	Cerebelum_3_R	0	0	0	0	0	0	0	0	0	0	0	0	0	0	0	0	0	0	0	0	0	0	0	0	0	0	0	0	0	0	0	0	0	0	0	0	0	138	0	382	0	0	0	0	0	0	114	178	0	0	0	0	0	0	132	310	0	0	0	0	0	0	0	0	0	0	0	0	0	0	0	0	0	0	0	0	0	0	0	0	0	0	0	0	0	0	0	0	0	0	902	4932	352	2120	724	0	1606	6812	1288	6882	0	210	392	2170	328	2454	0	0	2242	6092	3422	878	3158	3250	3154	0	
472164	Cerebelum_4_5_L	0	0	152	0	0	0	0	0	0	0	0	0	0	0	0	0	0	0	0	0	0	0	0	0	0	0	0	0	146	0	0	0	0	0	0	0	756	0	1134	152	0	0	3608	214	1162	166	21226	3374	1694	0	7470	0	8358	462	26034	2440	0	0	0	0	0	0	0	0	0	0	262	172	0	0	0	0	150	0	0	0	0	0	0	0	0	0	0	0	120	0	0	0	604	0	27760	4386	6850	1456	7038	1606	0	5884	48432	6810	1284	266	3692	1870	4498	1626	0	0	488	2904	15626	5614	2214	2750	2178	994	
367172	Cerebelum_4_5_R	0	0	0	124	0	0	0	0	0	0	0	0	0	0	0	0	0	0	0	152	0	0	0	0	0	0	0	0	0	150	0	0	0	0	270	376	272	2708	0	5148	0	0	146	830	0	150	3114	12498	0	148	152	0	386	1616	920	19578	0	0	0	0	0	0	0	0	0	0	0	1414	0	0	0	0	0	808	0	0	0	188	0	0	0	0	0	0	0	0	0	0	0	546	1082	29354	240	2544	292	6812	5884	0	3054	38696	0	684	300	3094	536	1736	0	0	154	2042	24736	3174	2026	2442	2378	632	
669008	Cerebelum_6_L	134	0	922	0	0	0	0	0	0	0	0	0	0	0	0	0	0	0	274	0	0	0	0	0	0	0	0	0	808	0	0	0	0	0	0	0	2498	0	1410	0	0	0	4122	674	1208	304	27230	8570	1694	308	8618	152	10500	1820	45162	6540	0	0	0	0	0	0	0	0	0	0	450	124	0	0	0	0	902	0	0	0	0	0	0	0	122	0	0	0	122	0	0	0	3948	0	60814	4258	16796	1792	4240	1288	48432	3054	0	8254	3346	0	5372	1272	4132	2270	0	0	708	2228	11130	15098	4230	2828	2450	1896	
514928	Cerebelum_6_R	0	0	0	182	0	0	0	0	0	0	0	0	0	0	0	0	0	0	0	120	0	0	0	0	0	0	0	0	0	0	0	0	0	0	0	0	0	1508	0	3654	0	0	270	922	0	0	4394	18118	0	128	244	0	658	2426	1272	28856	0	0	0	0	0	0	0	0	0	0	0	438	0	0	0	0	0	690	0	0	0	0	0	0	0	0	0	0	0	0	0	0	0	1008	4256	56216	1562	7652	754	6882	6810	38696	8254	0	0	820	156	4936	580	1088	0	0	976	3954	23900	13856	6500	2012	2004	712	
221572	Cerebelum_7b_L	0	0	0	0	0	0	0	0	0	0	0	0	0	0	0	0	0	0	0	0	0	0	0	0	0	0	0	0	0	0	0	0	0	0	0	0	0	0	0	0	0	0	0	0	0	0	0	0	0	0	0	0	0	0	2246	0	0	0	0	0	0	0	0	0	0	0	0	0	0	0	0	0	0	0	0	0	0	0	0	0	0	0	0	0	0	0	0	0	984	0	10396	124	32954	4062	282	0	1284	0	3346	0	0	4574	33054	3826	3526	210	510	0	0	0	0	0	2828	6070	378	132	
151136	Cerebelum_7b_R	0	0	0	0	0	0	0	0	0	0	0	0	0	0	0	0	0	0	0	0	0	0	0	0	0	0	0	0	0	0	0	0	0	0	0	0	0	0	0	0	0	0	0	0	0	0	0	0	0	0	0	0	0	0	0	188	0	0	0	0	0	0	0	0	0	0	0	0	0	0	0	0	0	0	0	0	0	0	0	0	0	0	0	0	0	0	0	0	0	0	0	3326	3248	17716	0	210	266	684	0	820	4574	0	5582	22794	1268	3592	0	152	0	144	402	0	2136	8060	406	0	
351048	Cerebelum_8_L	0	0	0	0	0	0	0	0	0	0	0	0	0	0	0	0	0	0	0	0	0	0	0	0	0	0	0	0	0	0	0	0	0	0	0	0	0	0	0	0	0	0	0	0	0	0	0	0	0	0	0	0	0	0	3248	0	0	0	0	0	0	0	0	0	0	0	0	0	0	0	0	0	0	0	0	0	0	0	0	0	0	0	0	0	0	0	0	0	1500	0	15876	486	33900	6030	622	392	3692	300	5372	156	33054	5582	0	10472	22104	2592	2816	0	730	316	278	118	5660	14056	4938	1234	
320176	Cerebelum_8_R	0	0	0	0	0	0	0	0	0	0	0	0	0	0	0	0	0	0	0	0	0	0	0	0	0	0	0	0	0	0	0	0	0	0	0	0	0	176	0	580	0	0	0	0	0	0	0	276	0	0	0	0	0	0	0	1386	0	0	0	0	0	0	0	0	0	0	0	0	0	0	0	0	0	0	0	0	0	0	0	0	0	0	0	0	0	0	0	0	0	338	622	16090	2584	30796	292	2170	1870	3094	1272	4936	3826	22794	10472	0	4690	15242	596	958	1248	1832	2558	850	4758	15866	6686	1230	
177860	Cerebelum_9_L	0	0	0	0	0	0	0	0	0	0	0	0	0	0	0	0	0	0	0	0	0	0	0	0	0	0	0	0	0	0	0	0	0	0	0	0	0	0	0	0	0	0	214	0	126	0	466	304	138	0	446	0	472	0	624	292	0	0	0	0	0	0	0	0	0	0	0	0	0	0	0	0	0	0	0	0	0	0	0	0	0	0	0	0	0	0	0	0	0	0	3992	250	7258	1850	1478	328	4498	536	4132	580	3526	1268	22104	4690	0	2798	4238	0	520	666	1832	2764	2722	6904	4704	2210	
166216	Cerebelum_9_R	0	0	0	0	0	0	0	0	0	0	0	0	0	0	0	0	0	0	0	0	0	0	0	0	0	0	0	0	0	0	0	0	0	0	0	0	0	0	0	178	0	0	0	0	0	0	152	174	0	0	0	0	0	0	170	430	0	0	0	0	0	0	0	0	0	0	0	0	0	0	0	0	0	0	0	0	0	0	0	0	0	0	0	0	0	0	0	0	0	0	862	1652	732	2810	634	2454	1626	1736	2270	1088	210	3592	2592	15242	2798	0	218	1834	2060	2182	2096	3564	4986	10820	10676	3270	
