data	data	368652	194092	1.00431e+06	799396	108460	133496	412640	271956	73624	16332	188596	208236	219096	158388	161124	77248	170504	115428	870264	813328	74528	84324	500968	452796	19824	107596	43316	63980	535964	269720	268920	566716	197676	502980	95680	139660	250072	276868	73304	117508	38464	46988	299744	435220	313628	309216	237776	325848	253328	371372	527728	280768	122164	83784	388024	371536	278580	168688	247836	70368	318696	201996	175920	201868	206516	171520	340364	405584	170196	122008	156376	373576	233924	414256	38316	37476	90860	109088	116484	29416	207420	67444	63708	38676	303816	205336	25568	11504	255268	200440	394752	259732	280004	179624	27816	44812	221428	171996	353100	275104	221876	55692	266448	152896	118212	93488	7808	3744	15520	40840	153852	131492	113952	76492	50636	41636	
data	data	Precentral_L	Precentral_R	Frontal_Sup_L	Frontal_Sup_R	Frontal_Sup_Orb_L	Frontal_Sup_Orb_R	Frontal_Mid_L	Frontal_Mid_R	Frontal_Mid_Orb_L	Frontal_Mid_Orb_R	Frontal_Inf_Oper_L	Frontal_Inf_Oper_R	Frontal_Inf_Tri_L	Frontal_Inf_Tri_R	Frontal_Inf_Orb_L	Frontal_Inf_Orb_R	Rolandic_Oper_L	Rolandic_Oper_R	Supp_Motor_Area_L	Supp_Motor_Area_R	Olfactory_L	Olfactory_R	Frontal_Sup_Medial_L	Frontal_Sup_Medial_R	Frontal_Med_Orb_L	Frontal_Med_Orb_R	Rectus_L	Rectus_R	Insula_L	Insula_R	Cingulum_Ant_L	Cingulum_Ant_R	Cingulum_Mid_L	Cingulum_Mid_R	Cingulum_Post_L	Cingulum_Post_R	Hippocampus_L	Hippocampus_R	ParaHippocampal_L	ParaHippocampal_R	Amygdala_L	Amygdala_R	Calcarine_L	Calcarine_R	Cuneus_L	Cuneus_R	Lingual_L	Lingual_R	Occipital_Sup_L	Occipital_Sup_R	Occipital_Mid_L	Occipital_Mid_R	Occipital_Inf_L	Occipital_Inf_R	Fusiform_L	Fusiform_R	Postcentral_L	Postcentral_R	Parietal_Sup_L	Parietal_Sup_R	Parietal_Inf_L	Parietal_Inf_R	SupraMarginal_L	SupraMarginal_R	Angular_L	Angular_R	Precuneus_L	Precuneus_R	Paracentral_Lobule_L	Paracentral_Lobule_R	Caudate_L	Caudate_R	Putamen_L	Putamen_R	Pallidum_L	Pallidum_R	Thalamus_L	Thalamus_R	Heschl_L	Heschl_R	Temporal_Sup_L	Temporal_Sup_R	Temporal_Pole_Sup_L	Temporal_Pole_Sup_R	Temporal_Mid_L	Temporal_Mid_R	Temporal_Pole_Mid_L	Temporal_Pole_Mid_R	Temporal_Inf_L	Temporal_Inf_R	Cerebelum_Crus1_L	Cerebelum_Crus1_R	Cerebelum_Crus2_L	Cerebelum_Crus2_R	Cerebelum_3_L	Cerebelum_3_R	Cerebelum_4_5_L	Cerebelum_4_5_R	Cerebelum_6_L	Cerebelum_6_R	Cerebelum_7b_L	Cerebelum_7b_R	Cerebelum_8_L	Cerebelum_8_R	Cerebelum_9_L	Cerebelum_9_R	Cerebelum_10_L	Cerebelum_10_R	Vermis_1_2	Vermis_3	Vermis_4_5	Vermis_6	Vermis_7	Vermis_8	Vermis_9	Vermis_10	
368652	Precentral_L	0	3490	9770	100	0	0	16734	126	0	0	9642	0	428	0	0	0	6554	0	4620	4402	0	0	306	0	0	0	0	0	11588	0	134	0	1284	940	6412	1654	7276	198	412	0	0	0	542	0	438	0	228	0	0	0	2142	0	200	0	2272	0	33286	0	2746	0	8418	0	2050	0	978	0	2680	202	12986	1484	1170	1416	4490	0	688	0	6950	1110	6474	0	2266	0	0	0	1218	0	0	0	1822	0	0	0	0	0	0	0	0	0	0	0	0	0	0	0	0	0	0	0	0	0	0	0	0	0	0	0	
194092	Precentral_R	3490	0	2714	5928	0	0	1412	8640	0	0	118	1804	0	0	0	0	0	1894	4294	3190	0	0	0	0	0	0	0	0	0	484	0	140	0	800	702	2520	0	3858	0	304	0	0	0	576	0	334	0	572	0	398	184	410	0	208	0	1380	2580	15126	136	286	272	3256	0	4402	0	306	178	2540	364	3430	2110	3222	180	1520	148	110	642	8200	0	228	0	160	0	0	0	384	0	0	0	912	0	0	0	0	0	0	0	0	0	0	0	0	0	0	0	0	0	0	0	0	0	0	0	0	0	0	
1.00431e+06	Frontal_Sup_L	9770	2714	0	13870	5170	174	72088	8502	2724	0	16072	1584	19444	420	9910	104	6816	114	96714	19302	0	0	58262	12918	216	540	128	0	35890	376	19266	12696	13052	10590	216	142	4160	760	506	174	0	0	0	0	0	0	0	0	0	0	0	0	0	0	514	0	0	154	0	0	0	0	0	0	0	0	236	0	3324	864	6860	5174	16504	1680	2584	350	3168	378	322	0	2494	0	1766	0	122	0	0	0	276	0	0	0	0	0	0	0	0	0	0	0	0	0	0	0	0	0	0	0	0	0	0	0	0	0	0	0	
799396	Frontal_Sup_R	100	5928	13870	0	0	7028	1238	36198	0	0	0	18976	270	8404	0	3132	0	4512	22710	63964	0	0	18266	45448	0	4458	0	0	318	14764	6086	39380	1020	23280	0	0	0	8376	0	2110	0	0	0	0	0	0	0	0	0	0	0	0	0	0	0	1272	0	168	0	0	0	0	0	0	0	0	0	0	0	0	1170	15530	0	24194	0	3460	0	3296	0	100	0	0	0	388	0	0	0	0	0	284	0	0	0	0	0	0	0	0	0	0	0	0	0	0	0	0	0	0	0	0	0	0	0	0	0	0	
108460	Frontal_Sup_Orb_L	0	0	5170	0	0	0	578	0	9638	0	0	0	1100	0	9362	0	0	0	1498	0	1170	0	3494	0	2566	0	3522	0	6442	0	3652	0	0	0	0	0	0	0	0	0	0	0	0	0	0	0	0	0	0	0	0	0	0	0	0	0	0	0	0	0	0	0	0	0	0	0	0	0	0	0	368	0	5562	0	0	0	0	0	0	0	0	0	108	0	0	0	0	0	0	0	0	0	0	0	0	0	0	0	0	0	0	0	0	0	0	0	0	0	0	0	0	0	0	0	0	0	
133496	Frontal_Sup_Orb_R	0	0	174	7028	0	0	0	480	0	3324	0	0	0	0	0	2910	0	0	752	3454	0	1106	234	5568	0	8804	0	8086	0	1822	0	4348	0	174	0	0	0	0	0	0	0	0	0	0	0	0	0	0	0	0	0	0	0	0	0	0	0	0	0	0	0	0	0	0	0	0	0	0	0	0	0	7970	0	10514	0	0	0	0	0	0	0	0	0	0	0	0	0	0	0	0	0	0	0	0	0	0	0	0	0	0	0	0	0	0	0	0	0	0	0	0	0	0	0	0	0	0	
412640	Frontal_Mid_L	16734	1412	72088	1238	578	0	0	214	952	0	9380	0	23106	0	2086	0	3080	0	11632	964	0	0	20916	1722	0	0	0	0	12120	0	3246	1520	6540	1258	318	358	4330	110	116	0	0	0	0	0	0	0	0	0	0	0	0	0	0	0	392	0	148	0	0	0	0	0	0	0	0	0	0	0	152	236	844	842	3550	0	136	0	1224	344	988	0	784	0	0	0	248	0	0	0	414	0	0	0	0	0	0	0	0	0	0	0	0	0	0	0	0	0	0	0	0	0	0	0	0	0	0	0	
271956	Frontal_Mid_R	126	8640	8502	36198	0	480	214	0	0	878	0	11640	0	13098	0	4226	0	654	10288	9968	0	0	1438	3584	0	0	0	0	0	4062	814	3574	142	2670	0	0	0	3268	0	686	0	0	0	0	0	0	0	0	0	0	0	0	0	0	0	896	0	198	0	0	0	0	0	0	0	0	0	0	0	0	572	1752	0	5162	0	320	0	1634	0	0	0	0	0	0	0	0	0	0	0	294	0	0	0	0	0	0	0	0	0	0	0	0	0	0	0	0	0	0	0	0	0	0	0	0	0	0	
73624	Frontal_Mid_Orb_L	0	0	2724	0	9638	0	952	0	0	0	0	0	1464	0	13484	0	0	0	1080	0	0	0	0	0	0	0	1034	0	4640	0	0	0	0	0	0	0	0	0	0	0	0	0	0	0	0	0	0	0	0	0	0	0	0	0	0	0	0	0	0	0	0	0	0	0	0	0	0	0	0	0	0	0	1796	0	0	0	0	0	0	0	0	0	0	0	0	0	0	0	0	0	0	0	0	0	0	0	0	0	0	0	0	0	0	0	0	0	0	0	0	0	0	0	0	0	0	0	
16332	Frontal_Mid_Orb_R	0	0	0	0	0	3324	0	878	0	0	0	0	0	98	0	2714	0	0	0	0	0	0	0	0	0	214	0	780	0	0	0	0	0	0	0	0	0	0	0	0	0	0	0	0	0	0	0	0	0	0	0	0	0	0	0	0	0	0	0	0	0	0	0	0	0	0	0	0	0	0	0	0	0	158	0	0	0	0	0	0	0	0	0	0	0	0	0	0	0	0	0	0	0	0	0	0	0	0	0	0	0	0	0	0	0	0	0	0	0	0	0	0	0	0	0	0	
188596	Frontal_Inf_Oper_L	9642	118	16072	0	0	0	9380	0	0	0	0	0	8938	0	106	0	8876	0	7716	0	0	0	884	0	0	0	0	0	16874	0	332	0	0	0	0	0	2082	0	120	0	0	0	0	0	0	0	0	0	0	0	0	0	0	0	0	0	4032	0	0	0	0	0	0	0	0	0	0	0	0	0	0	0	2336	0	0	0	0	0	1264	0	3082	0	2444	0	0	0	0	0	0	0	0	0	0	0	0	0	0	0	0	0	0	0	0	0	0	0	0	0	0	0	0	0	0	0	0	0	
208236	Frontal_Inf_Oper_R	0	1804	1584	18976	0	0	0	11640	0	0	0	0	0	12632	0	0	0	4740	4850	15238	0	0	178	882	0	0	0	0	0	16944	922	1606	0	2404	0	0	0	1486	0	412	0	0	0	0	0	0	0	0	0	0	0	0	0	0	0	424	0	680	0	0	0	0	0	0	0	0	0	0	0	0	0	374	0	4736	0	170	0	774	0	264	0	0	0	398	0	0	0	0	0	0	0	0	0	0	0	0	0	0	0	0	0	0	0	0	0	0	0	0	0	0	0	0	0	0	0	0	
219096	Frontal_Inf_Tri_L	428	0	19444	270	1100	0	23106	0	1464	0	8938	0	0	0	12402	0	1356	0	6562	214	0	0	3422	308	0	0	0	0	24066	0	1010	298	1472	188	0	0	906	0	0	0	0	0	0	0	0	0	0	0	0	0	0	0	0	0	0	0	0	0	0	0	0	0	0	0	0	0	0	0	0	0	306	352	1300	0	0	0	102	0	0	0	280	0	254	0	0	0	0	0	0	0	0	0	0	0	0	0	0	0	0	0	0	0	0	0	0	0	0	0	0	0	0	0	0	0	0	0	
158388	Frontal_Inf_Tri_R	0	0	420	8404	0	0	0	13098	0	98	0	12632	0	0	0	10036	0	334	2378	5614	0	0	150	982	0	0	0	0	0	11968	474	1564	0	2336	0	0	0	1628	0	676	0	0	0	0	0	0	0	0	0	0	0	0	0	0	0	486	0	0	0	0	0	0	0	0	0	0	0	0	0	0	0	532	0	4992	0	116	0	276	0	0	0	0	0	0	0	0	0	0	0	0	0	0	0	0	0	0	0	0	0	0	0	0	0	0	0	0	0	0	0	0	0	0	0	0	0	0	
161124	Frontal_Inf_Orb_L	0	0	9910	0	9362	0	2086	0	13484	0	106	0	12402	0	0	0	0	0	4594	0	1652	0	1326	0	0	0	628	0	17570	0	0	0	1058	0	0	0	216	0	252	0	132	0	0	0	0	0	0	0	0	0	0	0	0	0	212	0	0	0	0	0	0	0	0	0	0	0	0	0	0	0	222	286	3618	0	0	0	0	0	0	0	112	0	1334	0	0	0	0	0	0	0	0	0	0	0	0	0	0	0	0	0	0	0	0	0	0	0	0	0	0	0	0	0	0	0	0	0	
77248	Frontal_Inf_Orb_R	0	0	104	3132	0	2910	0	4226	0	2714	0	0	0	10036	0	0	0	0	822	2076	0	1220	0	202	0	0	0	1114	0	5358	0	330	0	1002	0	0	0	136	0	0	0	216	0	0	0	0	0	0	0	0	0	0	0	0	0	0	0	0	0	0	0	0	0	0	0	0	0	0	0	0	0	882	0	2144	0	0	0	0	0	0	0	0	0	0	0	0	0	0	0	0	0	0	0	0	0	0	0	0	0	0	0	0	0	0	0	0	0	0	0	0	0	0	0	0	0	0	
170504	Rolandic_Oper_L	6554	0	6816	0	0	0	3080	0	0	0	8876	0	1356	0	0	0	0	0	3454	0	0	0	304	0	0	0	0	0	17974	0	220	0	0	0	0	0	1374	0	0	0	0	0	0	0	0	0	0	0	0	0	1884	0	164	0	902	0	5868	0	1670	0	954	0	2830	0	742	0	552	0	108	0	0	0	374	0	0	0	0	0	5870	0	9328	0	1336	0	1878	0	0	0	784	0	0	0	0	0	0	0	0	0	0	0	0	0	0	0	0	0	0	0	0	0	0	0	0	0	0	0	
115428	Rolandic_Oper_R	0	1894	114	4512	0	0	0	654	0	0	0	4740	0	334	0	0	0	0	228	4198	0	0	0	0	0	0	0	0	0	12722	0	0	0	0	0	0	0	2384	0	282	0	0	0	0	0	0	0	0	0	0	0	0	0	130	0	1596	0	3260	0	0	0	0	0	3482	0	0	0	138	0	0	0	0	0	5334	0	0	0	1958	0	4222	0	3480	0	466	0	186	0	0	0	1400	0	0	0	0	0	0	0	0	0	0	0	0	0	0	0	0	0	0	0	0	0	0	0	0	0	0	
870264	Supp_Motor_Area_L	4620	4294	96714	22710	1498	752	11632	10288	1080	0	7716	4850	6562	2378	4594	822	3454	228	0	51934	0	0	16718	9772	0	470	0	0	21416	2266	6768	14690	11750	29926	290	118	5548	1862	590	662	490	0	148	0	290	0	0	0	0	0	146	0	0	0	476	168	782	564	0	0	0	310	0	296	0	0	434	0	7300	1016	10936	8110	23674	4062	5954	298	8110	380	0	0	1144	0	920	0	0	0	0	0	152	0	0	0	0	0	0	0	0	0	0	0	0	0	0	0	0	0	0	0	0	0	0	0	0	0	0	0	
813328	Supp_Motor_Area_R	4402	3190	19302	63964	0	3454	964	9968	0	0	0	15238	214	5614	0	2076	0	4198	51934	0	0	0	5182	15324	0	1848	0	0	268	15038	2822	26376	6536	49948	568	3452	144	5516	0	1716	0	0	0	216	0	800	0	206	0	204	0	168	0	0	0	1014	1694	1826	0	0	0	152	0	118	0	0	484	2266	3888	14074	1062	26194	0	24826	114	3112	546	3722	0	138	0	0	0	584	0	0	0	0	0	0	0	0	0	0	0	0	0	0	0	0	0	0	0	0	0	0	0	0	0	0	0	0	0	0	0	0	
74528	Olfactory_L	0	0	0	0	1170	0	0	0	0	0	0	0	0	0	1652	0	0	0	0	0	0	7794	0	0	186	202	3462	1162	2060	0	2650	2462	0	0	0	0	204	0	300	0	492	0	0	0	0	0	0	0	0	0	0	0	0	0	0	0	0	0	0	0	0	0	0	0	0	0	0	0	0	0	7206	4556	1172	112	0	0	0	0	0	0	0	0	422	0	0	0	0	0	0	0	0	0	0	0	0	0	0	0	0	0	0	0	0	0	0	0	0	0	0	0	0	0	0	0	0	0	
84324	Olfactory_R	0	0	0	0	0	1106	0	0	0	0	0	0	0	0	0	1220	0	0	0	0	7794	0	0	0	140	1000	2920	3836	0	1810	2930	3490	0	0	0	0	0	364	0	178	0	818	0	0	0	0	0	0	0	0	0	0	0	0	0	0	0	0	0	0	0	0	0	0	0	0	0	0	0	0	7526	5332	998	594	0	0	0	0	0	0	0	0	0	106	0	0	0	0	0	0	0	0	0	0	0	0	0	0	0	0	0	0	0	0	0	0	0	0	0	0	0	0	0	0	0	0	
500968	Frontal_Sup_Medial_L	306	0	58262	18266	3494	234	20916	1438	0	0	884	178	3422	150	1326	0	304	0	16718	5182	0	0	0	29882	1926	1312	230	0	3960	0	24632	24422	12798	14300	0	0	244	910	0	212	0	0	0	0	0	0	0	0	0	0	0	0	0	0	0	0	0	0	0	0	0	0	0	0	0	0	0	0	0	0	630	0	2208	1426	0	312	0	0	0	0	0	0	0	0	0	0	0	0	0	0	0	0	0	0	0	0	0	0	0	0	0	0	0	0	0	0	0	0	0	0	0	0	0	0	0	0	
452796	Frontal_Sup_Medial_R	0	0	12918	45448	0	5568	1722	3584	0	0	0	882	308	982	0	202	0	0	9772	15324	0	0	29882	0	0	6094	0	0	374	686	8744	38892	1372	17870	0	0	0	3050	0	666	0	0	0	0	0	0	0	0	0	0	0	0	0	0	0	114	0	0	0	0	0	0	0	0	0	0	0	0	0	0	854	11270	0	8958	0	740	0	122	0	0	0	0	0	0	0	0	0	0	0	0	0	0	0	0	0	0	0	0	0	0	0	0	0	0	0	0	0	0	0	0	0	0	0	0	0	0	
19824	Frontal_Med_Orb_L	0	0	216	0	2566	0	0	0	0	0	0	0	0	0	0	0	0	0	0	0	186	140	1926	0	0	304	1086	0	0	0	3196	168	0	0	0	0	0	0	0	0	0	0	0	0	0	0	0	0	0	0	0	0	0	0	0	0	0	0	0	0	0	0	0	0	0	0	0	0	0	0	124	0	0	0	0	0	0	0	0	0	0	0	0	0	0	0	0	0	0	0	0	0	0	0	0	0	0	0	0	0	0	0	0	0	0	0	0	0	0	0	0	0	0	0	0	0	
107596	Frontal_Med_Orb_R	0	0	540	4458	0	8804	0	0	0	214	0	0	0	0	0	0	0	0	470	1848	202	1000	1312	6094	304	0	232	5848	0	0	950	8226	0	162	0	0	0	0	0	0	0	0	0	0	0	0	0	0	0	0	0	0	0	0	0	0	0	0	0	0	0	0	0	0	0	0	0	0	0	0	246	6826	0	6062	0	0	0	0	0	0	0	0	0	0	0	0	0	0	0	0	0	0	0	0	0	0	0	0	0	0	0	0	0	0	0	0	0	0	0	0	0	0	0	0	0	0	
43316	Rectus_L	0	0	128	0	3522	0	0	0	1034	0	0	0	0	0	628	0	0	0	0	0	3462	2920	230	0	1086	232	0	714	266	0	2526	1294	0	0	0	0	0	0	0	0	0	0	0	0	0	0	0	0	0	0	0	0	0	0	0	0	0	0	0	0	0	0	0	0	0	0	0	0	0	0	2658	804	154	0	0	0	0	0	0	0	0	0	0	0	0	0	0	0	0	0	0	0	0	0	0	0	0	0	0	0	0	0	0	0	0	0	0	0	0	0	0	0	0	0	0	0	
63980	Rectus_R	0	0	0	0	0	8086	0	0	0	780	0	0	0	0	0	1114	0	0	0	0	1162	3836	0	0	0	5848	714	0	0	1290	962	3282	0	0	0	0	0	148	0	0	0	286	0	0	0	0	0	0	0	0	0	0	0	0	0	0	0	0	0	0	0	0	0	0	0	0	0	0	0	0	800	2456	0	1226	0	0	0	0	0	0	0	0	0	0	0	0	0	0	0	0	0	0	0	0	0	0	0	0	0	0	0	0	0	0	0	0	0	0	0	0	0	0	0	0	0	0	
535964	Insula_L	11588	0	35890	318	6442	0	12120	0	4640	0	16874	0	24066	0	17570	0	17974	0	21416	268	2060	0	3960	374	0	0	266	0	0	0	1920	428	624	230	352	350	16764	0	1942	0	3310	0	130	0	0	0	146	0	0	0	2312	0	282	0	5588	0	7118	0	2006	0	1314	0	2464	0	780	0	706	0	274	0	238	266	14390	0	0	0	706	0	7654	0	8978	0	4990	0	2522	0	0	0	3372	0	0	0	0	0	0	0	0	0	0	0	0	0	0	0	0	0	0	0	0	0	0	0	0	0	0	0	
269720	Insula_R	0	484	376	14764	0	1822	0	4062	0	0	0	16944	0	11968	0	5358	0	12722	2266	15038	0	1810	0	686	0	0	0	1290	0	0	0	578	0	1362	0	0	0	4238	0	860	0	1818	0	0	0	0	0	0	0	0	0	0	0	118	0	3278	0	754	0	0	0	0	0	198	0	0	0	110	0	0	0	2378	0	16956	0	0	0	864	0	2172	0	1792	0	2732	0	1190	0	778	0	3094	0	0	0	0	0	0	0	0	0	0	0	0	0	0	0	0	0	0	0	0	0	0	0	0	0	0	
268920	Cingulum_Ant_L	134	0	19266	6086	3652	0	3246	814	0	0	332	922	1010	474	0	0	220	0	6768	2822	2650	2930	24632	8744	3196	950	2526	962	1920	0	0	19918	5202	3918	0	0	0	218	0	0	0	0	0	0	0	0	0	0	0	0	0	0	0	0	0	0	0	0	0	0	0	0	0	0	0	0	0	0	0	0	4926	2382	3150	490	0	0	0	0	0	0	0	0	0	0	0	0	0	0	0	0	0	0	0	0	0	0	0	0	0	0	0	0	0	0	0	0	0	0	0	0	0	0	0	0	0	0	
566716	Cingulum_Ant_R	0	140	12696	39380	0	4348	1520	3574	0	0	0	1606	298	1564	0	330	0	0	14690	26376	2462	3490	24422	38892	168	8226	1294	3282	428	578	19918	0	2552	26398	0	0	0	2362	0	390	0	0	0	0	0	0	0	0	0	0	0	0	0	0	0	112	0	0	0	0	0	0	0	0	0	0	0	0	0	0	3358	24790	0	12694	0	1020	0	0	0	0	0	0	0	0	0	0	0	0	0	0	0	0	0	0	0	0	0	0	0	0	0	0	0	0	0	0	0	0	0	0	0	0	0	0	0	0	
197676	Cingulum_Mid_L	1284	0	13052	1020	0	0	6540	142	0	0	0	0	1472	0	1058	0	0	0	11750	6536	0	0	12798	1372	0	0	0	0	624	0	5202	2552	0	10360	1426	316	0	0	0	0	0	0	812	0	1686	0	106	0	1354	0	1410	0	102	0	0	0	128	112	124	0	0	98	0	100	0	0	4148	690	8334	976	0	242	236	106	140	0	256	0	0	0	0	0	0	0	174	0	0	0	0	0	0	0	0	0	0	0	0	0	0	0	0	0	0	0	0	0	0	0	0	0	0	0	0	0	0	0	
502980	Cingulum_Mid_R	940	800	10590	23280	0	174	1258	2670	0	0	0	2404	188	2336	0	1002	0	0	29926	49948	0	0	14300	17870	0	162	0	0	230	1362	3918	26398	10360	0	708	7736	0	1292	0	362	0	0	0	1336	0	2062	0	1226	0	954	0	960	0	0	0	384	408	3388	0	138	0	242	0	130	0	276	3222	9854	908	11492	122	1602	0	2040	0	184	0	0	0	0	0	0	0	0	0	176	0	0	0	172	0	0	0	0	0	0	0	0	0	0	0	0	0	0	0	0	0	0	0	0	0	0	0	0	0	0	
95680	Cingulum_Post_L	6412	702	216	0	0	0	318	0	0	0	0	0	0	0	0	0	0	0	290	568	0	0	0	0	0	0	0	0	352	0	0	0	1426	708	0	7790	4378	1322	1720	0	0	0	1902	140	1164	0	1010	274	176	0	278	0	0	0	330	162	104	142	0	0	0	0	0	0	0	0	7292	1776	4804	748	0	0	190	0	0	0	966	0	0	0	0	0	0	0	0	0	0	0	180	0	0	0	0	0	0	0	0	0	0	0	0	0	0	0	0	0	0	0	0	0	0	0	0	0	0	0	
139660	Cingulum_Post_R	1654	2520	142	0	0	0	358	0	0	0	0	0	0	0	0	0	0	0	118	3452	0	0	0	0	0	0	0	0	350	0	0	0	316	7736	7790	0	3440	3752	1156	450	0	0	0	1866	0	350	0	3582	0	658	0	904	0	302	0	1860	220	1684	0	0	0	0	0	0	0	0	2940	13290	126	4844	0	0	172	0	0	0	1336	484	0	0	0	118	0	0	0	448	0	0	0	1412	0	0	0	0	0	0	0	0	0	0	0	0	0	0	0	0	0	0	0	0	0	0	0	0	0	0	
250072	Hippocampus_L	7276	0	4160	0	0	0	4330	0	0	0	2082	0	906	0	216	0	1374	0	5548	144	204	0	244	0	0	0	0	0	16764	0	0	0	0	0	4378	3440	0	1924	11862	360	7038	0	1758	0	116	0	2628	0	0	0	282	0	146	0	11284	0	1732	0	0	0	244	0	810	0	0	0	2910	574	532	0	112	0	8296	0	540	0	3602	0	4300	0	3146	0	898	0	1200	0	0	0	7558	0	0	0	0	0	0	0	0	0	0	0	0	0	0	0	0	0	0	0	0	118	0	0	0	0	0	0	
276868	Hippocampus_R	198	3858	760	8376	0	0	110	3268	0	0	0	1486	0	1628	0	136	0	2384	1862	5516	0	364	910	3050	0	0	0	148	0	4238	218	2362	0	1292	1322	3752	1924	0	798	18018	108	8382	0	344	0	0	0	922	0	0	0	0	0	0	0	23598	0	1486	0	0	0	0	0	202	0	0	0	2324	0	0	0	338	424	20494	108	1560	262	3828	0	524	0	592	0	824	0	336	0	244	0	3320	0	0	0	0	0	0	0	100	0	136	0	0	0	0	0	0	0	0	0	0	0	0	0	0	0	0	
73304	ParaHippocampal_L	412	0	506	0	0	0	116	0	0	0	120	0	0	0	252	0	0	0	590	0	300	0	0	0	0	0	0	0	1942	0	0	0	0	0	1720	1156	11862	798	0	0	2186	0	660	0	0	0	2656	0	0	0	344	0	104	0	4338	0	0	0	0	0	0	0	0	0	0	0	1718	484	0	0	0	0	1810	0	0	0	850	0	0	0	0	0	578	0	0	0	182	0	968	0	0	0	0	0	0	0	0	0	0	0	0	0	0	0	0	0	0	0	0	0	0	0	0	0	0	0	
117508	ParaHippocampal_R	0	304	174	2110	0	0	0	686	0	0	0	412	0	676	0	0	0	282	662	1716	0	178	212	666	0	0	0	0	0	860	0	390	0	362	0	450	360	18018	0	0	0	4002	0	0	0	0	0	1520	0	0	0	0	0	0	0	13124	0	330	0	0	0	0	0	0	0	0	0	510	0	0	0	0	284	6066	0	158	0	2452	0	0	0	0	0	1070	0	0	0	404	0	180	0	0	0	0	0	0	0	136	0	0	0	0	0	0	0	0	0	0	0	0	0	0	0	0	0	0	
38464	Amygdala_L	0	0	0	0	0	0	0	0	0	0	0	0	0	0	132	0	0	0	490	0	492	0	0	0	0	0	0	0	3310	0	0	0	0	0	0	0	7038	108	2186	0	0	0	0	0	0	0	0	0	0	0	0	0	0	0	2984	0	0	0	0	0	0	0	0	0	0	0	0	0	0	0	0	0	1108	0	0	0	0	0	0	0	0	0	452	0	0	0	0	0	932	0	0	0	0	0	0	0	0	0	0	0	0	0	0	0	0	0	0	0	0	0	0	0	0	0	0	0	
46988	Amygdala_R	0	0	0	0	0	0	0	0	0	0	0	0	0	0	0	216	0	0	0	0	0	818	0	0	0	0	0	286	0	1818	0	0	0	0	0	0	0	8382	0	4002	0	0	0	0	0	0	0	0	0	0	0	0	0	0	0	5556	0	0	0	0	0	0	0	0	0	0	0	0	0	0	0	0	0	1466	0	0	0	0	0	0	0	0	0	950	0	0	0	0	0	0	0	0	0	0	0	0	0	0	0	0	0	0	0	0	0	0	0	0	0	0	0	0	0	0	0	0	
299744	Calcarine_L	542	0	0	0	0	0	0	0	0	0	0	0	0	0	0	0	0	0	148	0	0	0	0	0	0	0	0	0	130	0	0	0	812	0	1902	0	1758	0	660	0	0	0	0	9332	24566	6644	14496	4482	17802	3030	22716	322	4470	0	6228	0	104	0	3270	0	450	0	100	0	114	0	21058	568	774	0	0	0	0	0	0	0	0	0	114	0	0	0	0	0	1116	0	0	0	2164	0	0	0	0	0	0	0	0	0	0	0	0	0	0	0	0	0	0	0	0	0	0	0	0	0	0	0	
435220	Calcarine_R	0	576	0	0	0	0	0	0	0	0	0	0	0	0	0	0	0	0	0	216	0	0	0	0	0	0	0	0	0	0	0	0	0	1336	140	1866	0	344	0	0	0	0	9332	0	12624	34822	7480	28612	306	36814	0	21276	0	7372	0	11060	0	882	0	888	0	2110	0	2840	0	1034	846	28744	0	568	0	0	0	0	0	0	0	0	0	0	0	108	0	0	0	2336	0	0	0	2724	0	0	0	0	0	0	0	0	0	202	0	0	0	0	0	0	0	0	0	0	152	0	0	0	0	0	
313628	Cuneus_L	438	0	0	0	0	0	0	0	0	0	0	0	0	0	0	0	0	0	290	0	0	0	0	0	0	0	0	0	0	0	0	0	1686	0	1164	0	116	0	0	0	0	0	24566	12624	0	15704	5740	2000	29676	8334	19542	1018	2142	0	1874	0	132	0	4670	0	412	0	0	0	292	0	19018	1010	1828	0	0	0	0	0	0	0	0	0	0	0	0	0	0	0	1378	0	0	0	1160	0	0	0	0	0	0	0	0	0	0	0	0	0	0	0	0	0	0	0	0	0	0	0	0	0	0	0	
309216	Cuneus_R	0	334	0	0	0	0	0	0	0	0	0	0	0	0	0	0	0	0	0	800	0	0	0	0	0	0	0	0	0	0	0	0	0	2062	0	350	0	0	0	0	0	0	6644	34822	15704	0	3846	5080	1068	35594	256	13200	0	922	0	956	0	610	0	1130	0	540	0	194	0	1974	1918	24446	0	1064	0	0	0	0	0	0	0	0	0	0	0	0	0	0	0	728	0	0	0	366	0	0	0	0	0	0	0	0	0	0	0	0	0	0	0	0	0	0	0	0	0	0	0	0	0	0	
237776	Lingual_L	228	0	0	0	0	0	0	0	0	0	0	0	0	0	0	0	0	0	0	0	0	0	0	0	0	0	0	0	146	0	0	0	106	0	1010	0	2628	0	2656	0	0	0	14496	7480	5740	3846	0	5196	5682	3280	11300	414	4478	0	15762	152	112	0	0	0	0	0	0	0	130	0	6384	106	170	0	0	0	0	0	0	0	166	0	0	0	0	0	0	0	212	0	0	0	328	0	4770	0	404	0	370	0	8214	156	8656	108	180	0	220	0	204	0	0	0	0	0	2294	1104	0	0	0	0	
325848	Lingual_R	0	572	0	0	0	0	0	0	0	0	0	0	0	0	0	0	0	0	0	206	0	0	0	0	0	0	0	0	0	0	0	0	0	1226	274	3582	0	922	0	1520	0	0	4482	28612	2000	5080	5196	0	0	11848	0	10290	0	3134	468	22136	0	596	0	0	0	216	0	200	0	176	470	13552	0	500	0	0	0	0	0	0	0	288	0	0	0	0	0	0	0	680	0	0	0	838	2484	5136	496	434	0	0	1966	5274	3586	9514	304	0	422	0	632	0	0	0	0	106	4778	6846	1506	0	0	376	
253328	Occipital_Sup_L	0	0	0	0	0	0	0	0	0	0	0	0	0	0	0	0	0	0	0	0	0	0	0	0	0	0	0	0	0	0	0	0	1354	0	176	0	0	0	0	0	0	0	17802	306	29676	1068	5682	0	0	536	38562	0	2348	0	1686	0	0	0	8948	0	984	0	0	0	748	0	14268	224	274	0	0	0	0	0	0	0	0	0	0	0	0	0	0	0	2022	0	0	0	0	0	0	0	0	0	0	0	0	0	0	0	0	0	0	0	0	0	0	0	0	0	0	0	0	0	0	0	
371372	Occipital_Sup_R	0	398	0	0	0	0	0	0	0	0	0	0	0	0	0	0	0	0	0	204	0	0	0	0	0	0	0	0	0	0	0	0	0	954	0	658	0	0	0	0	0	0	3030	36814	8334	35594	3280	11848	536	0	144	38524	0	1416	0	3274	0	1454	0	4382	0	2122	0	256	0	8294	850	20392	0	730	0	0	0	0	0	0	0	0	0	0	0	0	0	0	0	1736	0	0	0	462	0	0	0	0	0	0	0	0	0	0	0	0	0	0	0	0	0	0	0	0	0	0	0	0	0	0	
527728	Occipital_Mid_L	2142	184	0	0	0	0	0	0	0	0	0	0	0	0	0	0	1884	0	146	0	0	0	0	0	0	0	0	0	2312	0	0	0	1410	0	278	0	282	0	344	0	0	0	22716	0	19542	256	11300	0	38562	144	0	0	21784	0	9348	0	5576	0	25820	0	20860	0	4440	0	22266	0	21534	0	5408	0	0	0	0	0	0	0	0	0	540	0	1592	0	0	0	19470	0	0	0	3724	0	0	0	0	0	0	0	0	0	0	0	0	0	0	0	0	0	0	0	0	0	0	0	0	0	0	0	
280768	Occipital_Mid_R	0	410	0	0	0	0	0	0	0	0	0	0	0	0	0	0	0	0	0	168	0	0	0	0	0	0	0	0	0	0	0	0	0	960	0	904	0	0	0	0	0	0	322	21276	1018	13200	414	10290	0	38524	0	0	0	3840	0	4636	0	692	0	1182	0	4888	0	678	0	13222	148	13670	0	558	0	0	0	0	0	0	0	0	0	0	0	274	0	0	0	7450	0	0	0	1660	0	0	0	0	0	0	0	0	0	0	0	0	0	0	0	0	0	0	0	0	0	0	0	0	0	0	
122164	Occipital_Inf_L	200	0	0	0	0	0	0	0	0	0	0	0	0	0	0	0	164	0	0	0	0	0	0	0	0	0	0	0	282	0	0	0	102	0	0	0	146	0	104	0	0	0	4470	0	2142	0	4478	0	2348	0	21784	0	0	0	8412	0	114	0	0	0	752	0	714	0	756	0	1932	0	214	0	0	0	0	0	0	0	0	0	0	0	158	0	0	0	6602	0	0	0	5090	0	118	0	0	0	0	0	0	0	0	0	0	0	0	0	0	0	0	0	0	0	0	0	0	0	0	0	
83784	Occipital_Inf_R	0	208	0	0	0	0	0	0	0	0	0	0	0	0	0	0	0	130	0	0	0	0	0	0	0	0	0	0	0	118	0	0	0	0	0	302	0	0	0	0	0	0	0	7372	0	922	0	3134	0	1416	0	3840	0	0	0	7278	0	928	0	204	0	842	0	770	0	832	0	4038	0	142	0	0	0	0	0	0	0	0	0	0	0	0	0	0	0	2996	0	0	0	5764	0	282	0	0	0	0	0	0	0	208	0	0	0	0	0	0	0	0	0	0	0	166	0	0	0	0	
388024	Fusiform_L	2272	0	514	0	0	0	392	0	0	0	0	0	0	0	212	0	902	0	476	0	0	0	0	0	0	0	0	0	5588	0	0	0	0	0	330	0	11284	0	4338	0	2984	0	6228	0	1874	0	15762	468	1686	0	9348	0	8412	0	0	0	1214	0	172	0	1948	0	3588	0	520	0	5956	0	1034	0	0	0	638	0	0	0	240	0	3668	0	5078	0	2754	0	8006	0	2432	0	21166	0	18194	0	2922	0	0	0	9750	0	22596	0	1706	0	2398	0	524	0	0	0	0	0	2776	1494	168	0	0	0	
371536	Fusiform_R	0	1380	0	1272	0	0	0	896	0	0	0	424	0	486	0	0	0	1596	168	1014	0	0	0	114	0	0	0	0	0	3278	0	112	0	384	162	1860	0	23598	0	13124	0	5556	0	11060	0	956	152	22136	0	3274	0	4636	0	7278	0	0	0	1612	0	126	0	314	0	384	0	272	102	9384	0	332	0	146	0	4838	0	0	0	878	0	428	0	1434	0	3728	0	3088	0	576	0	19742	336	8518	0	456	0	0	458	5254	552	11160	0	0	0	212	300	0	0	0	0	0	2326	2970	616	0	0	310	
278580	Postcentral_L	33286	2580	0	0	0	0	148	0	0	0	4032	0	0	0	0	0	5868	0	782	1694	0	0	0	0	0	0	0	0	7118	0	0	0	128	408	104	220	1732	0	0	0	0	0	104	0	132	0	112	0	0	0	5576	0	114	0	1214	0	0	0	12700	0	23998	0	8046	0	5730	0	2906	126	4748	630	258	810	848	0	0	0	454	694	5996	0	3812	0	0	0	800	0	0	0	1382	0	0	0	0	0	0	0	0	0	0	0	0	0	0	0	0	0	0	0	0	0	0	0	0	0	0	0	
168688	Postcentral_R	0	15126	154	168	0	0	0	198	0	0	0	680	0	0	0	0	0	3260	564	1826	0	0	0	0	0	0	0	0	0	754	0	0	112	3388	142	1684	0	1486	0	330	0	0	0	882	0	610	0	596	0	1454	0	692	0	928	0	1612	0	0	0	4430	0	10482	0	14030	0	518	112	6746	102	5782	0	0	0	878	0	0	0	676	0	480	0	562	0	0	0	1678	0	0	0	1222	0	0	0	0	0	0	0	0	0	0	0	0	0	0	0	0	0	0	0	0	0	0	0	0	0	0	
247836	Parietal_Sup_L	2746	136	0	0	0	0	0	0	0	0	0	0	0	0	0	0	1670	0	0	0	0	0	0	0	0	0	0	0	2006	0	0	0	124	0	0	0	0	0	0	0	0	0	3270	0	4670	0	0	0	8948	0	25820	0	0	0	172	0	12700	0	0	0	23492	0	1048	0	12092	0	18312	120	4824	0	0	0	0	0	0	0	0	0	466	0	682	0	0	0	436	0	0	0	184	0	0	0	0	0	0	0	0	0	0	0	0	0	0	0	0	0	0	0	0	0	0	0	0	0	0	0	
70368	Parietal_Sup_R	0	286	0	0	0	0	0	0	0	0	0	0	0	0	0	0	0	0	0	0	0	0	0	0	0	0	0	0	0	0	0	0	0	138	0	0	0	0	0	0	0	0	0	888	0	1130	0	0	0	4382	0	1182	0	204	0	126	0	4430	0	0	0	5986	0	3018	0	3640	372	7092	0	310	0	0	0	0	0	0	0	0	0	0	0	0	0	0	0	858	0	0	0	1142	0	0	0	0	0	0	0	0	0	0	0	0	0	0	0	0	0	0	0	0	0	0	0	0	0	0	
318696	Parietal_Inf_L	8418	272	0	0	0	0	0	0	0	0	0	0	0	0	0	0	954	0	0	0	0	0	0	0	0	0	0	0	1314	0	0	0	0	0	0	0	244	0	0	0	0	0	450	0	412	0	0	0	984	0	20860	0	752	0	1948	0	23998	0	23492	0	0	0	19348	0	31046	0	2614	0	3210	0	0	0	0	0	0	0	0	0	1630	0	2818	0	0	0	10450	0	0	0	4134	0	0	0	0	0	0	0	0	0	0	0	0	0	0	0	0	0	0	0	0	0	0	0	0	0	0	0	
201996	Parietal_Inf_R	0	3256	0	0	0	0	0	0	0	0	0	0	0	0	0	0	0	0	310	152	0	0	0	0	0	0	0	0	0	0	0	0	98	242	0	0	0	0	0	0	0	0	0	2110	0	540	0	216	0	2122	0	4888	0	842	0	314	0	10482	0	5986	0	0	0	26518	0	21892	0	4518	0	316	0	0	0	0	0	0	0	0	0	0	0	248	0	0	0	11172	0	0	0	4776	0	0	0	0	0	0	0	0	0	0	0	0	0	0	0	0	0	0	0	0	0	0	0	0	0	0	
175920	SupraMarginal_L	2050	0	0	0	0	0	0	0	0	0	0	0	0	0	0	0	2830	0	0	0	0	0	0	0	0	0	0	0	2464	0	0	0	0	0	0	0	810	0	0	0	0	0	100	0	0	0	0	0	0	0	4440	0	714	0	3588	0	8046	0	1048	0	19348	0	0	0	10206	0	658	0	276	0	0	0	0	0	0	0	0	0	2380	0	9404	0	0	0	13804	0	0	0	5794	0	0	0	0	0	0	0	0	0	0	0	0	0	0	0	0	0	0	0	0	0	0	0	0	0	0	0	
201868	SupraMarginal_R	0	4402	0	0	0	0	0	0	0	0	0	0	0	0	0	0	0	3482	296	118	0	0	0	0	0	0	0	0	0	198	0	0	100	130	0	0	0	202	0	0	0	0	0	2840	0	194	0	200	0	256	0	678	0	770	0	384	0	14030	0	3018	0	26518	0	0	0	11240	0	3874	0	406	0	0	0	0	0	0	0	0	0	708	0	4866	0	0	0	13996	0	0	0	8028	0	0	0	0	0	0	0	0	0	0	0	0	0	0	0	0	0	0	0	0	0	0	0	0	0	0	
206516	Angular_L	978	0	0	0	0	0	0	0	0	0	0	0	0	0	0	0	742	0	0	0	0	0	0	0	0	0	0	0	780	0	0	0	0	0	0	0	0	0	0	0	0	0	114	0	292	0	130	0	748	0	22266	0	756	0	520	0	5730	0	12092	0	31046	0	10206	0	0	0	2054	0	892	0	0	0	0	0	0	0	0	0	230	0	1622	0	0	0	10430	0	0	0	1630	0	0	0	0	0	0	0	0	0	0	0	0	0	0	0	0	0	0	0	0	0	0	0	0	0	0	0	
171520	Angular_R	0	306	0	0	0	0	0	0	0	0	0	0	0	0	0	0	0	0	0	0	0	0	0	0	0	0	0	0	0	0	0	0	0	276	0	0	0	0	0	0	0	0	0	1034	0	1974	0	176	0	8294	0	13222	0	832	0	272	0	518	0	3640	0	21892	0	11240	0	0	0	4882	0	158	0	0	0	0	0	0	0	0	0	0	0	1248	0	0	0	11874	0	0	0	3922	0	0	0	0	0	0	0	0	0	0	0	0	0	0	0	0	0	0	0	0	0	0	0	0	0	0	
340364	Precuneus_L	2680	178	236	0	0	0	0	0	0	0	0	0	0	0	0	0	552	0	434	484	0	0	0	0	0	0	0	0	706	0	0	0	4148	3222	7292	2940	2910	0	1718	0	0	0	21058	846	19018	1918	6384	470	14268	850	21534	148	1932	0	5956	102	2906	112	18312	372	2614	0	658	0	2054	0	0	7384	7608	552	0	0	0	0	0	0	0	0	284	0	486	0	0	0	2410	0	0	0	2446	0	0	0	0	0	0	0	0	0	0	0	0	0	0	0	0	0	0	0	0	0	0	0	0	0	0	0	
405584	Precuneus_R	202	2540	0	0	0	0	0	0	0	0	0	0	0	0	0	0	0	138	0	2266	0	0	0	0	0	0	0	0	0	110	0	0	690	9854	1776	13290	574	2324	484	510	0	0	568	28744	1010	24446	106	13552	224	20392	0	13670	0	4038	0	9384	126	6746	120	7092	0	4518	0	3874	0	4882	7384	0	112	6618	0	0	0	0	0	0	0	130	0	0	0	182	0	0	0	5376	0	0	0	4548	0	0	0	0	0	0	0	0	0	0	0	0	0	0	0	0	0	0	0	0	192	0	0	0	0	0	
170196	Paracentral_Lobule_L	12986	364	3324	0	0	0	152	0	0	0	0	0	0	0	0	0	108	0	7300	3888	0	0	0	0	0	0	0	0	274	0	0	0	8334	908	4804	126	532	0	0	0	0	0	774	0	1828	0	170	0	274	0	5408	0	214	0	1034	0	4748	102	4824	0	3210	0	276	0	892	0	7608	112	0	2114	616	0	704	0	450	0	5612	0	0	0	126	0	0	0	406	0	0	0	496	0	0	0	0	0	0	0	0	0	0	0	0	0	0	0	0	0	0	0	0	0	0	0	0	0	0	0	
122008	Paracentral_Lobule_R	1484	3430	864	0	0	0	236	0	0	0	0	0	0	0	0	0	0	0	1016	14074	0	0	0	0	0	0	0	0	0	0	0	0	976	11492	748	4844	0	0	0	0	0	0	0	568	0	1064	0	500	0	730	0	558	0	142	0	332	630	5782	0	310	0	316	0	406	0	158	552	6618	2114	0	150	0	0	0	0	0	158	138	0	0	0	106	0	0	0	194	0	0	0	314	0	0	0	0	0	0	0	0	0	0	0	0	0	0	0	0	0	0	0	0	0	0	0	0	0	0	
156376	Caudate_L	1170	2110	6860	1170	368	0	844	572	0	0	0	0	306	0	222	0	0	0	10936	1062	7206	7526	630	854	124	246	2658	800	238	0	4926	3358	0	122	0	0	112	0	0	0	0	0	0	0	0	0	0	0	0	0	0	0	0	0	0	0	258	0	0	0	0	0	0	0	0	0	0	0	616	150	0	10332	6462	244	1226	0	4352	128	0	0	0	0	0	0	0	0	0	0	0	0	0	0	0	0	0	0	0	0	0	0	0	0	0	0	0	0	0	0	0	0	0	0	0	0	0	0	
373576	Caudate_R	1416	3222	5174	15530	0	7970	842	1752	0	0	0	374	352	532	286	882	0	0	8110	26194	4556	5332	0	11270	0	6826	804	2456	266	2378	2382	24790	242	1602	0	0	0	338	0	0	0	0	0	0	0	0	0	0	0	0	0	0	0	0	0	146	810	0	0	0	0	0	0	0	0	0	0	0	0	0	10332	0	1322	20492	0	1870	118	15650	0	0	0	0	0	170	0	0	0	0	0	0	0	0	0	0	0	0	0	0	0	0	0	0	0	0	0	0	0	0	0	0	0	0	0	0	0	0	
233924	Putamen_L	4490	180	16504	0	5562	0	3550	0	1796	0	2336	0	1300	0	3618	0	374	0	23674	0	1172	998	2208	0	0	0	154	0	14390	0	3150	0	236	0	190	172	8296	424	1810	284	1108	0	0	0	0	0	0	0	0	0	0	0	0	0	638	0	848	0	0	0	0	0	0	0	0	0	0	0	704	0	6462	1322	0	0	5062	0	1890	0	228	0	474	0	864	0	108	0	0	0	386	0	0	0	0	0	0	0	0	0	0	0	0	0	0	0	0	0	0	0	0	0	0	0	0	0	0	0	
414256	Putamen_R	0	1520	1680	24194	0	10514	0	5162	0	158	0	4736	0	4992	0	2144	0	5334	4062	24826	112	594	1426	8958	0	6062	0	1226	0	16956	490	12694	106	2040	0	0	0	20494	0	6066	0	1466	0	0	0	0	0	0	0	0	0	0	0	0	0	4838	0	878	0	0	0	0	0	0	0	0	0	0	0	0	244	20492	0	0	0	4958	0	4570	0	604	0	458	0	1528	0	0	0	546	0	0	0	0	0	0	0	0	0	0	0	0	0	0	0	0	0	0	0	0	0	0	0	0	0	0	0	0	
38316	Pallidum_L	688	148	2584	0	0	0	136	0	0	0	0	0	0	0	0	0	0	0	5954	114	0	0	0	0	0	0	0	0	0	0	0	0	140	0	0	0	540	108	0	0	0	0	0	0	0	0	0	0	0	0	0	0	0	0	0	0	0	0	0	0	0	0	0	0	0	0	0	0	450	0	1226	0	5062	0	0	0	2008	0	0	0	0	0	0	0	0	0	0	0	0	0	0	0	0	0	0	0	0	0	0	0	0	0	0	0	0	0	0	0	0	0	0	0	0	0	0	0	
37476	Pallidum_R	0	110	350	3460	0	0	0	320	0	0	0	170	0	116	0	0	0	0	298	3112	0	0	312	740	0	0	0	0	0	0	0	1020	0	184	0	0	0	1560	0	158	0	0	0	0	0	0	0	0	0	0	0	0	0	0	0	0	0	0	0	0	0	0	0	0	0	0	0	0	0	0	0	1870	0	4958	0	0	0	0	0	0	0	0	0	0	0	0	0	0	0	0	0	0	0	0	0	0	0	0	0	0	0	0	0	0	0	0	0	0	0	0	0	0	0	0	0	0	
90860	Thalamus_L	6950	642	3168	0	0	0	1224	0	0	0	0	0	102	0	0	0	0	0	8110	546	0	0	0	0	0	0	0	0	706	0	0	0	256	0	966	1336	3602	262	850	0	0	0	0	0	0	0	166	0	0	0	0	0	0	0	240	0	454	0	0	0	0	0	0	0	0	0	0	0	5612	158	4352	118	1890	0	2008	0	0	1266	0	0	0	0	0	0	0	0	0	0	446	0	0	0	0	0	0	0	0	0	0	0	0	0	0	0	0	0	0	0	0	0	0	0	0	0	0	0	
109088	Thalamus_R	1110	8200	378	3296	0	0	344	1634	0	0	0	774	0	276	0	0	0	1958	380	3722	0	0	0	122	0	0	0	0	0	864	0	0	0	0	0	484	0	3828	0	2452	0	0	0	0	0	0	0	288	0	0	0	0	0	0	0	878	694	676	0	0	0	0	0	0	0	0	0	130	0	138	128	15650	0	4570	0	0	1266	0	0	184	0	120	0	0	0	0	0	0	0	0	0	0	0	0	0	0	0	0	0	0	0	0	0	0	0	0	0	0	0	0	0	0	0	0	0	0	
116484	Heschl_L	6474	0	322	0	0	0	988	0	0	0	1264	0	0	0	0	0	5870	0	0	0	0	0	0	0	0	0	0	0	7654	0	0	0	0	0	0	0	4300	0	0	0	0	0	114	0	0	0	0	0	0	0	540	0	0	0	3668	0	5996	0	466	0	1630	0	2380	0	230	0	284	0	0	0	0	0	228	0	0	0	0	0	0	0	8156	0	0	0	3292	0	0	0	4386	0	0	0	0	0	0	0	0	0	0	0	0	0	0	0	0	0	0	0	0	0	0	0	0	0	0	0	
29416	Heschl_R	0	228	0	100	0	0	0	0	0	0	0	264	0	0	0	0	0	4222	0	138	0	0	0	0	0	0	0	0	0	2172	0	0	0	0	0	0	0	524	0	0	0	0	0	0	0	0	0	0	0	0	0	0	0	0	0	428	0	480	0	0	0	0	0	708	0	0	0	0	0	0	0	0	0	604	0	0	0	184	0	0	0	3368	0	0	0	562	0	0	0	726	0	0	0	0	0	0	0	0	0	0	0	0	0	0	0	0	0	0	0	0	0	0	0	0	0	0	
207420	Temporal_Sup_L	2266	0	2494	0	0	0	784	0	0	0	3082	0	280	0	112	0	9328	0	1144	0	0	0	0	0	0	0	0	0	8978	0	0	0	0	0	0	0	3146	0	0	0	0	0	0	0	0	0	0	0	0	0	1592	0	158	0	5078	0	3812	0	682	0	2818	0	9404	0	1622	0	486	0	126	0	0	0	474	0	0	0	0	0	8156	0	0	0	1984	0	23084	0	0	0	12620	0	0	0	0	0	0	0	0	0	0	0	0	0	0	0	0	0	0	0	0	0	0	0	0	0	0	0	
67444	Temporal_Sup_R	0	160	0	0	0	0	0	0	0	0	0	0	0	0	0	0	0	3480	0	0	0	0	0	0	0	0	0	0	0	1792	0	0	0	0	0	118	0	592	0	0	0	0	0	108	0	0	0	0	0	0	0	274	0	0	0	1434	0	562	0	0	0	248	0	4866	0	1248	0	182	0	106	0	0	0	458	0	0	0	120	0	3368	0	0	0	826	0	8794	0	174	0	4812	0	0	0	0	0	0	0	0	0	0	0	0	0	0	0	0	0	0	0	0	0	0	0	0	0	0	
63708	Temporal_Pole_Sup_L	0	0	1766	0	108	0	0	0	0	0	2444	0	254	0	1334	0	1336	0	920	0	422	0	0	0	0	0	0	0	4990	0	0	0	0	0	0	0	898	0	578	0	452	0	0	0	0	0	0	0	0	0	0	0	0	0	2754	0	0	0	0	0	0	0	0	0	0	0	0	0	0	0	0	0	864	0	0	0	0	0	0	0	1984	0	0	0	3948	0	2608	0	4194	0	0	0	0	0	0	0	0	0	0	0	0	0	0	0	0	0	0	0	0	0	0	0	0	0	0	0	
38676	Temporal_Pole_Sup_R	0	0	0	388	0	0	0	0	0	0	0	398	0	0	0	0	0	466	0	584	0	106	0	0	0	0	0	0	0	2732	0	0	0	0	0	0	0	824	0	1070	0	950	0	0	0	0	0	0	0	0	0	0	0	0	0	3728	0	0	0	0	0	0	0	0	0	0	0	0	0	0	0	170	0	1528	0	0	0	0	0	0	0	826	0	0	0	904	0	2086	0	2578	0	0	0	0	0	0	0	0	0	0	0	0	0	0	0	0	0	0	0	0	0	0	0	0	0	0	
303816	Temporal_Mid_L	1218	0	122	0	0	0	248	0	0	0	0	0	0	0	0	0	1878	0	0	0	0	0	0	0	0	0	0	0	2522	0	0	0	174	0	0	0	1200	0	0	0	0	0	1116	0	1378	0	212	0	2022	0	19470	0	6602	0	8006	0	800	0	436	0	10450	0	13804	0	10430	0	2410	0	406	0	0	0	108	0	0	0	0	0	3292	0	23084	0	3948	0	0	0	3246	0	33326	0	0	0	0	0	0	0	0	0	0	0	0	0	0	0	0	0	0	0	0	0	0	0	0	0	0	0	
205336	Temporal_Mid_R	0	384	0	0	0	0	0	0	0	0	0	0	0	0	0	0	0	186	0	0	0	0	0	0	0	0	0	0	0	1190	0	0	0	176	0	448	0	336	0	0	0	0	0	2336	0	728	0	680	0	1736	0	7450	0	2996	0	3088	0	1678	0	858	0	11172	0	13996	0	11874	0	5376	0	194	0	0	0	0	0	0	0	0	0	562	0	8794	0	904	0	0	0	626	0	24900	0	0	0	0	0	0	0	0	0	0	0	0	0	0	0	0	0	0	0	0	0	0	0	0	0	0	
25568	Temporal_Pole_Mid_L	0	0	0	0	0	0	0	0	0	0	0	0	0	0	0	0	0	0	0	0	0	0	0	0	0	0	0	0	0	0	0	0	0	0	0	0	0	0	182	0	0	0	0	0	0	0	0	0	0	0	0	0	0	0	2432	0	0	0	0	0	0	0	0	0	0	0	0	0	0	0	0	0	0	0	0	0	0	0	0	0	0	0	2608	0	3246	0	0	0	4316	0	0	0	0	0	0	0	0	0	0	0	0	0	0	0	0	0	0	0	0	0	0	0	0	0	0	0	
11504	Temporal_Pole_Mid_R	0	0	0	0	0	0	0	0	0	0	0	0	0	0	0	0	0	0	0	0	0	0	0	0	0	0	0	0	0	778	0	0	0	0	0	0	0	244	0	404	0	0	0	0	0	0	0	0	0	0	0	0	0	0	0	576	0	0	0	0	0	0	0	0	0	0	0	0	0	0	0	0	0	546	0	0	0	0	0	0	0	174	0	2086	0	626	0	0	0	318	0	0	0	0	0	0	0	0	0	0	0	0	0	0	0	0	0	0	0	0	0	0	0	0	0	0	
255268	Temporal_Inf_L	1822	0	276	0	0	0	414	0	0	0	0	0	0	0	0	0	784	0	152	0	0	0	0	0	0	0	0	0	3372	0	0	0	0	0	180	0	7558	0	968	0	932	0	2164	0	1160	0	328	0	0	0	3724	0	5090	0	21166	0	1382	0	184	0	4134	0	5794	0	1630	0	2446	0	496	0	0	0	386	0	0	0	446	0	4386	0	12620	0	4194	0	33326	0	4316	0	0	0	1634	0	170	0	0	0	0	0	0	0	0	0	0	0	0	0	0	0	0	0	0	0	0	0	0	0	
200440	Temporal_Inf_R	0	912	0	284	0	0	0	294	0	0	0	0	0	0	0	0	0	1400	0	0	0	0	0	0	0	0	0	0	0	3094	0	0	0	172	0	1412	0	3320	0	180	0	0	0	2724	0	366	0	838	0	462	0	1660	0	5764	0	19742	0	1222	0	1142	0	4776	0	8028	0	3922	0	4548	0	314	0	0	0	0	0	0	0	0	0	726	0	4812	0	2578	0	24900	0	318	0	0	0	310	0	0	0	0	0	0	0	0	0	0	0	0	0	0	0	0	0	0	0	0	0	0	0	0	
394752	Cerebelum_Crus1_L	0	0	0	0	0	0	0	0	0	0	0	0	0	0	0	0	0	0	0	0	0	0	0	0	0	0	0	0	0	0	0	0	0	0	0	0	0	0	0	0	0	0	0	0	0	0	4770	2484	0	0	0	0	118	0	18194	336	0	0	0	0	0	0	0	0	0	0	0	0	0	0	0	0	0	0	0	0	0	0	0	0	0	0	0	0	0	0	0	0	1634	0	0	438	34194	1696	1034	562	18158	1106	48902	1840	15338	0	20190	1440	3664	1500	184	0	168	502	3824	4978	5416	2366	1700	640	
259732	Cerebelum_Crus1_R	0	0	0	0	0	0	0	0	0	0	0	0	0	0	0	0	0	0	0	0	0	0	0	0	0	0	0	0	0	0	0	0	0	0	0	0	0	0	0	0	0	0	0	0	0	0	0	5136	0	0	0	0	0	282	0	8518	0	0	0	0	0	0	0	0	0	0	0	0	0	0	0	0	0	0	0	0	0	0	0	0	0	0	0	0	0	0	0	0	0	310	438	0	514	25194	0	1894	226	16450	506	40430	166	2682	170	12632	156	1916	0	0	0	762	2624	4894	3352	316	144	154	
280004	Cerebelum_Crus2_L	0	0	0	0	0	0	0	0	0	0	0	0	0	0	0	0	0	0	0	0	0	0	0	0	0	0	0	0	0	0	0	0	0	0	0	0	0	0	0	0	0	0	0	0	0	0	404	496	0	0	0	0	0	0	2922	0	0	0	0	0	0	0	0	0	0	0	0	0	0	0	0	0	0	0	0	0	0	0	0	0	0	0	0	0	0	0	0	0	170	0	34194	514	0	3622	264	0	3472	144	10264	550	34642	1428	34160	1120	5772	0	112	0	0	0	528	956	2512	1648	108	0	
179624	Cerebelum_Crus2_R	0	0	0	0	0	0	0	0	0	0	0	0	0	0	0	0	0	0	0	0	0	0	0	0	0	0	0	0	0	0	0	0	0	0	0	0	0	0	0	0	0	0	0	0	0	0	0	434	0	0	0	0	0	0	0	456	0	0	0	0	0	0	0	0	0	0	0	0	0	0	0	0	0	0	0	0	0	0	0	0	0	0	0	0	0	0	0	0	0	0	1696	25194	3622	0	0	116	0	744	542	6304	1056	11708	1338	22794	160	4370	0	98	0	98	150	1190	5080	2130	414	118	
27816	Cerebelum_3_L	0	0	0	0	0	0	0	0	0	0	0	0	0	0	0	0	0	0	0	0	0	0	0	0	0	0	0	0	0	0	0	0	0	0	0	0	0	0	0	0	0	0	0	0	0	0	370	0	0	0	0	0	0	0	0	0	0	0	0	0	0	0	0	0	0	0	0	0	0	0	0	0	0	0	0	0	0	0	0	0	0	0	0	0	0	0	0	0	0	0	1034	0	264	0	0	142	5196	0	2154	160	128	0	314	0	1922	0	0	0	526	632	660	406	0	0	0	0	
44812	Cerebelum_3_R	0	0	0	0	0	0	0	0	0	0	0	0	0	0	0	0	0	0	0	0	0	0	0	0	0	0	0	0	0	0	0	0	0	0	0	0	0	0	0	0	0	0	0	0	0	0	0	0	0	0	0	0	0	0	0	0	0	0	0	0	0	0	0	0	0	0	0	0	0	0	0	0	0	0	0	0	0	0	0	0	0	0	0	0	0	0	0	0	0	0	562	1894	0	116	142	0	192	4816	422	4788	0	0	0	278	150	1512	0	0	360	1932	884	256	1158	1224	1140	580	
221428	Cerebelum_4_5_L	0	0	0	0	0	0	0	0	0	0	0	0	0	0	0	0	0	0	0	0	0	0	0	0	0	0	0	0	0	0	0	0	0	0	0	0	0	0	0	0	0	0	0	0	0	0	8214	1966	0	0	0	0	0	0	9750	458	0	0	0	0	0	0	0	0	0	0	0	0	0	0	0	0	0	0	0	0	0	0	0	0	0	0	0	0	0	0	0	0	0	0	18158	226	3472	0	5196	192	0	2258	29964	1358	1964	0	2930	0	5228	540	312	0	362	846	13002	2586	98	0	162	1472	
171996	Cerebelum_4_5_R	0	0	0	0	0	0	0	0	0	0	0	0	0	0	0	0	0	0	0	0	0	0	0	0	0	0	0	0	0	0	0	0	0	0	0	0	0	100	0	136	0	0	0	0	0	0	156	5274	0	0	0	0	0	0	0	5254	0	0	0	0	0	0	0	0	0	0	0	0	0	0	0	0	0	0	0	0	0	0	0	0	0	0	0	0	0	0	0	0	0	0	1106	16450	144	744	0	4816	2258	0	1460	27836	0	0	170	760	586	904	0	0	164	2976	9730	1538	1188	912	672	664	
353100	Cerebelum_6_L	0	0	0	0	0	0	0	0	0	0	0	0	0	0	0	0	0	0	0	0	0	0	0	0	0	0	0	0	0	0	0	0	0	0	0	0	0	0	0	0	0	0	0	0	0	0	8656	3586	0	0	0	0	0	0	22596	552	0	0	0	0	0	0	0	0	0	0	0	0	0	0	0	0	0	0	0	0	0	0	0	0	0	0	0	0	0	0	0	0	0	0	48902	506	10264	542	2154	422	29964	1460	0	1738	5602	0	7564	660	5226	1102	170	0	190	580	9462	7922	3018	1430	1400	882	
275104	Cerebelum_6_R	0	0	0	0	0	0	0	0	0	0	0	0	0	0	0	0	0	0	0	0	0	0	0	0	0	0	0	0	0	0	0	0	0	0	0	0	0	136	0	0	0	0	0	202	0	0	108	9514	0	0	0	0	0	208	0	11160	0	0	0	0	0	0	0	0	0	0	0	0	0	0	0	0	0	0	0	0	0	0	0	0	0	0	0	0	0	0	0	0	0	0	1840	40430	550	6304	160	4788	1358	27836	1738	0	520	0	696	2106	634	676	0	0	456	2454	8356	8914	4626	554	370	858	
221876	Cerebelum_7b_L	0	0	0	0	0	0	0	0	0	0	0	0	0	0	0	0	0	0	0	0	0	0	0	0	0	0	0	0	0	0	0	0	0	0	0	0	0	0	0	0	0	0	0	0	0	0	180	304	0	0	0	0	0	0	1706	0	0	0	0	0	0	0	0	0	0	0	0	0	0	0	0	0	0	0	0	0	0	0	0	0	0	0	0	0	0	0	0	0	0	0	15338	166	34642	1056	128	0	1964	0	5602	520	0	0	35612	720	7490	0	108	0	0	0	356	474	2226	2346	0	0	
55692	Cerebelum_7b_R	0	0	0	0	0	0	0	0	0	0	0	0	0	0	0	0	0	0	0	0	0	0	0	0	0	0	0	0	0	0	0	0	0	0	0	0	0	0	0	0	0	0	0	0	0	0	0	0	0	0	0	0	0	0	0	0	0	0	0	0	0	0	0	0	0	0	0	0	0	0	0	0	0	0	0	0	0	0	0	0	0	0	0	0	0	0	0	0	0	0	0	2682	1428	11708	0	0	0	0	0	0	0	0	0	10602	0	1088	0	0	0	0	0	0	110	228	0	0	
266448	Cerebelum_8_L	0	0	0	0	0	0	0	0	0	0	0	0	0	0	0	0	0	0	0	0	0	0	0	0	0	0	0	0	0	0	0	0	0	0	0	0	0	0	0	0	0	0	0	0	0	0	220	422	0	0	0	0	0	0	2398	0	0	0	0	0	0	0	0	0	0	0	0	0	0	0	0	0	0	0	0	0	0	0	0	0	0	0	0	0	0	0	0	0	0	0	20190	170	34160	1338	314	0	2930	170	7564	696	35612	0	0	2040	15218	336	504	0	0	0	514	688	2870	4198	672	0	
152896	Cerebelum_8_R	0	0	0	0	0	0	0	0	0	0	0	0	0	0	0	0	0	0	0	0	0	0	0	0	0	0	0	0	0	0	0	0	0	0	0	0	0	0	0	0	0	0	0	0	0	0	0	0	0	0	0	0	0	0	0	212	0	0	0	0	0	0	0	0	0	0	0	0	0	0	0	0	0	0	0	0	0	0	0	0	0	0	0	0	0	0	0	0	0	0	1440	12632	1120	22794	0	278	0	760	660	2106	720	10602	2040	0	338	13164	0	208	0	150	0	402	2644	2996	1010	172	
118212	Cerebelum_9_L	0	0	0	0	0	0	0	0	0	0	0	0	0	0	0	0	0	0	0	0	0	0	0	0	0	0	0	0	0	0	0	0	0	0	0	0	0	0	0	0	0	0	0	0	0	0	204	632	0	0	0	0	0	0	524	300	0	0	0	0	0	0	0	0	0	0	0	0	0	0	0	0	0	0	0	0	0	0	0	0	0	0	0	0	0	0	0	0	0	0	3664	156	5772	160	1922	150	5228	586	5226	634	7490	0	15218	338	0	562	2514	0	0	224	2260	1760	750	1004	1000	828	
93488	Cerebelum_9_R	0	0	0	0	0	0	0	0	0	0	0	0	0	0	0	0	0	0	0	0	0	0	0	0	0	0	0	0	0	0	0	0	0	0	0	0	0	0	0	0	0	0	0	0	0	0	0	0	0	0	0	0	0	0	0	0	0	0	0	0	0	0	0	0	0	0	0	0	0	0	0	0	0	0	0	0	0	0	0	0	0	0	0	0	0	0	0	0	0	0	1500	1916	0	4370	0	1512	540	904	1102	676	0	1088	336	13164	562	0	0	1094	438	676	1282	1982	3156	3392	4168	2886	
7808	Cerebelum_10_L	0	0	0	0	0	0	0	0	0	0	0	0	0	0	0	0	0	0	0	0	0	0	0	0	0	0	0	0	0	0	0	0	0	0	0	0	0	0	0	0	0	0	0	0	0	0	0	0	0	0	0	0	0	0	0	0	0	0	0	0	0	0	0	0	0	0	0	0	0	0	0	0	0	0	0	0	0	0	0	0	0	0	0	0	0	0	0	0	0	0	184	0	112	0	0	0	312	0	170	0	108	0	504	0	2514	0	0	0	0	0	0	0	0	0	0	0	
3744	Cerebelum_10_R	0	0	0	0	0	0	0	0	0	0	0	0	0	0	0	0	0	0	0	0	0	0	0	0	0	0	0	0	0	0	0	0	0	0	0	0	0	0	0	0	0	0	0	0	0	0	0	0	0	0	0	0	0	0	0	0	0	0	0	0	0	0	0	0	0	0	0	0	0	0	0	0	0	0	0	0	0	0	0	0	0	0	0	0	0	0	0	0	0	0	0	0	0	98	0	0	0	0	0	0	0	0	0	208	0	1094	0	0	0	0	0	0	124	112	236	0	
15520	Vermis_1_2	0	0	0	0	0	0	0	0	0	0	0	0	0	0	0	0	0	0	0	0	0	0	0	0	0	0	0	0	0	0	0	0	0	0	0	0	0	0	0	0	0	0	0	0	0	0	0	0	0	0	0	0	0	0	0	0	0	0	0	0	0	0	0	0	0	0	0	0	0	0	0	0	0	0	0	0	0	0	0	0	0	0	0	0	0	0	0	0	0	0	168	0	0	0	526	360	362	164	190	456	0	0	0	0	0	438	0	0	0	3162	778	354	196	190	242	174	
40840	Vermis_3	0	0	0	0	0	0	0	0	0	0	0	0	0	0	0	0	0	0	0	0	0	0	0	0	0	0	0	0	0	0	0	0	0	0	0	0	118	0	0	0	0	0	0	0	0	0	0	106	0	0	0	0	0	0	0	0	0	0	0	0	0	0	0	0	0	0	0	0	0	0	0	0	0	0	0	0	0	0	0	0	0	0	0	0	0	0	0	0	0	0	502	762	0	98	632	1932	846	2976	580	2454	0	0	0	150	224	676	0	0	3162	0	2496	470	796	688	542	210	
153852	Vermis_4_5	0	0	0	0	0	0	0	0	0	0	0	0	0	0	0	0	0	0	0	0	0	0	0	0	0	0	0	0	0	0	0	0	0	0	0	0	0	0	0	0	0	0	0	152	0	0	2294	4778	0	0	0	0	0	0	2776	2326	0	0	0	0	0	0	0	0	0	0	0	192	0	0	0	0	0	0	0	0	0	0	0	0	0	0	0	0	0	0	0	0	0	0	3824	2624	528	150	660	884	13002	9730	9462	8356	356	0	514	0	2260	1282	0	0	778	2496	0	4260	334	186	364	2358	
131492	Vermis_6	0	0	0	0	0	0	0	0	0	0	0	0	0	0	0	0	0	0	0	0	0	0	0	0	0	0	0	0	0	0	0	0	0	0	0	0	0	0	0	0	0	0	0	0	0	0	1104	6846	0	0	0	0	0	166	1494	2970	0	0	0	0	0	0	0	0	0	0	0	0	0	0	0	0	0	0	0	0	0	0	0	0	0	0	0	0	0	0	0	0	0	0	4978	4894	956	1190	406	256	2586	1538	7922	8914	474	0	688	402	1760	1982	0	0	354	470	4260	0	4006	738	1148	3244	
113952	Vermis_7	0	0	0	0	0	0	0	0	0	0	0	0	0	0	0	0	0	0	0	0	0	0	0	0	0	0	0	0	0	0	0	0	0	0	0	0	0	0	0	0	0	0	0	0	0	0	0	1506	0	0	0	0	0	0	168	616	0	0	0	0	0	0	0	0	0	0	0	0	0	0	0	0	0	0	0	0	0	0	0	0	0	0	0	0	0	0	0	0	0	0	5416	3352	2512	5080	0	1158	98	1188	3018	4626	2226	110	2870	2644	750	3156	0	124	196	796	334	4006	0	5998	3648	1380	
76492	Vermis_8	0	0	0	0	0	0	0	0	0	0	0	0	0	0	0	0	0	0	0	0	0	0	0	0	0	0	0	0	0	0	0	0	0	0	0	0	0	0	0	0	0	0	0	0	0	0	0	0	0	0	0	0	0	0	0	0	0	0	0	0	0	0	0	0	0	0	0	0	0	0	0	0	0	0	0	0	0	0	0	0	0	0	0	0	0	0	0	0	0	0	2366	316	1648	2130	0	1224	0	912	1430	554	2346	228	4198	2996	1004	3392	0	112	190	688	186	738	5998	0	4128	1462	
50636	Vermis_9	0	0	0	0	0	0	0	0	0	0	0	0	0	0	0	0	0	0	0	0	0	0	0	0	0	0	0	0	0	0	0	0	0	0	0	0	0	0	0	0	0	0	0	0	0	0	0	0	0	0	0	0	0	0	0	0	0	0	0	0	0	0	0	0	0	0	0	0	0	0	0	0	0	0	0	0	0	0	0	0	0	0	0	0	0	0	0	0	0	0	1700	144	108	414	0	1140	162	672	1400	370	0	0	672	1010	1000	4168	0	236	242	542	364	1148	3648	4128	0	2050	
41636	Vermis_10	0	0	0	0	0	0	0	0	0	0	0	0	0	0	0	0	0	0	0	0	0	0	0	0	0	0	0	0	0	0	0	0	0	0	0	0	0	0	0	0	0	0	0	0	0	0	0	376	0	0	0	0	0	0	0	310	0	0	0	0	0	0	0	0	0	0	0	0	0	0	0	0	0	0	0	0	0	0	0	0	0	0	0	0	0	0	0	0	0	0	640	154	0	118	0	580	1472	664	882	858	0	0	0	172	828	2886	0	0	174	210	2358	3244	1380	1462	2050	0	
