data	data	523404	345200	1.39026e+06	1.04109e+06	155452	111804	842564	415444	116144	28120	316052	272172	317072	296560	217764	82664	254720	80668	924836	862292	118652	116712	586124	436404	55672	118120	86860	140040	763716	352920	561192	676520	295460	752284	121376	148992	300328	383444	73768	101268	52676	47224	197060	198280	118296	178824	122756	164912	119964	223092	289264	175668	160132	60540	345192	309292	321536	115236	94412	101132	207916	80212	88852	67868	162228	104180	229992	304752	143200	124404	382168	591708	480044	635908	50836	124348	135552	166368	102788	30560	181252	65516	119684	47060	228344	144012	47640	20648	322684	162672	376064	341956	283964	241400	33020	46436	266556	175212	362396	330208	159968	79752	219240	179756	72732	74964	10828	8840	26400	49132	220688	120052	142756	97200	65036	26888	
data	data	Precentral_L	Precentral_R	Frontal_Sup_L	Frontal_Sup_R	Frontal_Sup_Orb_L	Frontal_Sup_Orb_R	Frontal_Mid_L	Frontal_Mid_R	Frontal_Mid_Orb_L	Frontal_Mid_Orb_R	Frontal_Inf_Oper_L	Frontal_Inf_Oper_R	Frontal_Inf_Tri_L	Frontal_Inf_Tri_R	Frontal_Inf_Orb_L	Frontal_Inf_Orb_R	Rolandic_Oper_L	Rolandic_Oper_R	Supp_Motor_Area_L	Supp_Motor_Area_R	Olfactory_L	Olfactory_R	Frontal_Sup_Medial_L	Frontal_Sup_Medial_R	Frontal_Med_Orb_L	Frontal_Med_Orb_R	Rectus_L	Rectus_R	Insula_L	Insula_R	Cingulum_Ant_L	Cingulum_Ant_R	Cingulum_Mid_L	Cingulum_Mid_R	Cingulum_Post_L	Cingulum_Post_R	Hippocampus_L	Hippocampus_R	ParaHippocampal_L	ParaHippocampal_R	Amygdala_L	Amygdala_R	Calcarine_L	Calcarine_R	Cuneus_L	Cuneus_R	Lingual_L	Lingual_R	Occipital_Sup_L	Occipital_Sup_R	Occipital_Mid_L	Occipital_Mid_R	Occipital_Inf_L	Occipital_Inf_R	Fusiform_L	Fusiform_R	Postcentral_L	Postcentral_R	Parietal_Sup_L	Parietal_Sup_R	Parietal_Inf_L	Parietal_Inf_R	SupraMarginal_L	SupraMarginal_R	Angular_L	Angular_R	Precuneus_L	Precuneus_R	Paracentral_Lobule_L	Paracentral_Lobule_R	Caudate_L	Caudate_R	Putamen_L	Putamen_R	Pallidum_L	Pallidum_R	Thalamus_L	Thalamus_R	Heschl_L	Heschl_R	Temporal_Sup_L	Temporal_Sup_R	Temporal_Pole_Sup_L	Temporal_Pole_Sup_R	Temporal_Mid_L	Temporal_Mid_R	Temporal_Pole_Mid_L	Temporal_Pole_Mid_R	Temporal_Inf_L	Temporal_Inf_R	Cerebelum_Crus1_L	Cerebelum_Crus1_R	Cerebelum_Crus2_L	Cerebelum_Crus2_R	Cerebelum_3_L	Cerebelum_3_R	Cerebelum_4_5_L	Cerebelum_4_5_R	Cerebelum_6_L	Cerebelum_6_R	Cerebelum_7b_L	Cerebelum_7b_R	Cerebelum_8_L	Cerebelum_8_R	Cerebelum_9_L	Cerebelum_9_R	Cerebelum_10_L	Cerebelum_10_R	Vermis_1_2	Vermis_3	Vermis_4_5	Vermis_6	Vermis_7	Vermis_8	Vermis_9	Vermis_10	
523404	Precentral_L	0	4636	19546	2684	0	0	34870	192	0	0	23296	0	4600	0	0	0	14206	0	8570	8356	0	0	0	0	0	0	0	0	22574	130	120	0	0	1142	4112	3746	10958	1894	196	274	0	0	494	0	122	0	0	0	242	0	1308	0	1774	0	1652	206	44530	462	0	0	4392	0	802	0	570	0	262	0	9176	5444	2866	408	3038	376	240	0	7858	1668	4234	0	1636	0	0	0	392	0	0	0	1296	0	0	0	0	0	152	0	0	0	0	0	0	0	0	0	0	0	0	0	0	0	0	0	0	0	0	0	
345200	Precentral_R	4636	0	4600	35552	0	0	1126	19280	0	0	0	4762	0	590	0	0	0	1066	5422	7516	0	0	670	246	0	0	0	0	406	908	1282	2064	598	1204	1454	1652	2190	7092	352	1112	0	0	0	306	0	698	0	136	0	634	0	518	0	0	0	762	416	11088	0	0	0	474	0	776	0	480	0	1092	1872	3358	712	16164	2372	6860	198	3080	726	13678	0	130	0	164	0	0	0	0	0	0	0	0	0	0	0	0	0	0	0	0	0	0	0	0	0	0	0	0	0	0	0	126	0	0	0	0	0	0	
1.39026e+06	Frontal_Sup_L	19546	4600	0	14990	11248	0	115748	2786	9622	0	16380	1096	21912	2380	14396	126	8372	154	103664	32600	830	324	56088	7040	2236	332	3288	280	45494	1096	34504	17590	10144	25312	250	208	5392	2490	498	0	148	0	0	0	0	0	0	0	0	0	0	0	0	0	1050	0	4268	0	0	0	0	0	156	0	0	0	0	0	1496	864	21024	7910	34536	7180	4438	3128	9544	592	270	0	2508	0	1110	0	442	0	0	0	1452	0	0	0	0	0	0	0	0	0	0	0	0	0	0	0	0	0	0	0	0	0	0	0	0	0	0	0	
1.04109e+06	Frontal_Sup_R	2684	35552	14990	0	0	11668	5022	56170	0	2348	780	14434	730	14572	0	5156	0	1720	18870	52722	410	1792	11282	41850	180	6926	0	7562	1030	14948	6450	29488	4852	28730	922	994	1054	10752	0	1356	0	0	0	0	0	0	0	0	0	122	0	0	0	0	0	1250	332	526	0	0	0	0	0	152	0	0	0	192	1598	882	4392	41562	1382	34710	0	4508	788	18806	0	0	0	0	0	328	0	0	0	0	0	1018	0	0	0	0	0	0	0	0	0	0	0	0	0	0	0	0	0	0	0	0	0	0	0	0	0	0	
155452	Frontal_Sup_Orb_L	0	0	11248	0	0	136	2952	0	12500	0	0	0	152	0	13490	0	0	0	372	0	3684	214	2576	134	5412	584	9612	124	5004	0	3498	120	0	0	0	0	0	0	0	0	116	0	0	0	0	0	0	0	0	0	0	0	0	0	0	0	0	0	0	0	0	0	0	0	0	0	0	0	0	0	2234	0	2822	0	0	0	0	0	0	0	0	0	742	0	0	0	0	0	0	0	0	0	0	0	0	0	0	0	0	0	0	0	0	0	0	0	0	0	0	0	0	0	0	0	0	0	
111804	Frontal_Sup_Orb_R	0	0	0	11668	136	0	0	476	0	3510	0	0	0	0	0	4428	0	0	0	0	800	3440	0	2410	140	6060	172	10386	0	1360	202	886	0	0	0	0	0	0	0	0	0	0	0	0	0	0	0	0	0	0	0	0	0	0	0	0	0	0	0	0	0	0	0	0	0	0	0	0	0	0	1306	3946	688	3888	0	0	0	0	0	0	0	0	0	0	0	0	0	0	0	0	0	0	0	0	0	0	0	0	0	0	0	0	0	0	0	0	0	0	0	0	0	0	0	0	0	0	
842564	Frontal_Mid_L	34870	1126	115748	5022	2952	0	0	620	7922	0	16350	220	48718	834	18842	0	5288	0	15128	8896	754	0	18194	3076	0	0	482	0	34302	354	14372	8620	5910	13866	176	190	1442	462	130	0	0	0	342	0	0	0	0	0	0	0	0	0	0	0	0	0	10116	0	0	0	0	0	250	0	0	0	0	0	0	908	7278	2546	7360	1140	0	502	3822	236	300	0	274	0	1342	0	0	0	0	0	0	0	0	0	0	0	0	0	0	0	0	0	0	0	0	0	0	0	0	0	0	0	0	0	0	0	0	0	
415444	Frontal_Mid_R	192	19280	2786	56170	0	476	620	0	0	1070	0	12148	0	27702	0	2844	0	186	6578	12496	0	0	1740	8724	0	0	0	0	0	6660	1514	4134	1654	8276	310	306	302	4530	0	272	0	0	0	0	0	0	0	0	0	0	0	0	0	0	0	428	0	292	0	0	0	0	0	0	0	0	0	0	0	0	664	8006	150	11746	0	2866	214	2016	0	0	0	0	0	0	0	0	0	0	0	370	0	0	0	0	0	0	0	0	0	0	0	0	0	0	0	0	0	0	0	0	0	0	0	0	0	0	
116144	Frontal_Mid_Orb_L	0	0	9622	0	12500	0	7922	0	0	0	0	0	2226	0	18296	0	0	0	262	0	508	0	232	0	566	0	664	0	2862	0	290	0	0	0	0	0	0	0	0	0	0	0	0	0	0	0	0	0	0	0	0	0	0	0	0	0	0	0	0	0	0	0	0	0	0	0	0	0	0	0	442	0	970	0	0	0	0	0	0	0	0	0	710	0	0	0	0	0	0	0	0	0	0	0	0	0	0	0	0	0	0	0	0	0	0	0	0	0	0	0	0	0	0	0	0	0	
28120	Frontal_Mid_Orb_R	0	0	0	2348	0	3510	0	1070	0	0	0	0	0	598	0	5628	0	0	0	118	0	0	0	0	0	0	0	0	0	334	0	0	0	0	0	0	0	0	0	0	0	0	0	0	0	0	0	0	0	0	0	0	0	0	0	0	0	0	0	0	0	0	0	0	0	0	0	0	0	0	0	216	0	238	0	0	0	0	0	0	0	0	0	0	0	0	0	0	0	0	0	0	0	0	0	0	0	0	0	0	0	0	0	0	0	0	0	0	0	0	0	0	0	0	0	0	
316052	Frontal_Inf_Oper_L	23296	0	16380	780	0	0	16350	0	0	0	0	0	18724	0	0	0	17354	0	13442	1918	0	0	456	0	0	0	0	0	29542	0	288	138	240	1938	0	0	2236	0	348	0	0	0	0	0	0	0	0	0	0	0	0	0	0	0	402	0	6170	0	0	0	0	0	346	0	0	0	0	0	0	0	600	0	3860	0	0	0	0	0	308	0	2060	0	850	0	0	0	0	0	0	0	0	0	0	0	0	0	0	0	0	0	0	0	0	0	0	0	0	0	0	0	0	0	0	0	0	0	
272172	Frontal_Inf_Oper_R	0	4762	1096	14434	0	0	220	12148	0	0	0	0	0	15066	0	124	0	7012	2306	10420	0	0	870	182	0	0	0	0	0	26974	960	2082	0	4932	0	0	0	5142	0	380	0	0	0	0	0	0	0	0	0	0	0	0	0	0	0	2656	0	2042	0	0	0	0	0	0	0	0	0	0	0	0	328	3366	0	14354	0	750	0	0	0	136	0	0	0	776	0	0	0	0	0	2568	0	0	0	0	0	0	0	0	0	0	0	0	0	0	0	0	0	0	0	0	0	0	0	0	0	0	
317072	Frontal_Inf_Tri_L	4600	0	21912	730	152	0	48718	0	2226	0	18724	0	0	0	9968	0	1784	0	6654	2084	0	0	2404	262	0	0	0	0	25276	0	1854	980	1358	2806	0	0	0	0	0	0	0	0	0	0	0	0	0	0	0	0	0	0	0	0	0	0	1528	0	0	0	0	0	0	0	0	0	0	0	0	0	1864	156	1660	0	0	0	0	0	0	0	146	0	690	0	0	0	0	0	0	0	0	0	0	0	0	0	0	0	0	0	0	0	0	0	0	0	0	0	0	0	0	0	0	0	0	0	
296560	Frontal_Inf_Tri_R	0	590	2380	14572	0	0	834	27702	0	598	0	15066	0	0	0	4728	0	1494	4616	12094	0	0	1772	3952	0	0	0	0	0	17612	1910	5622	1510	9918	0	0	0	3466	0	340	0	0	0	0	0	0	0	0	0	0	0	0	0	0	0	2134	0	394	0	0	0	0	0	0	0	0	0	0	0	0	446	2654	0	9248	0	422	0	0	0	0	0	0	0	156	0	0	0	0	0	2050	0	0	0	0	0	0	0	0	0	0	0	0	0	0	0	0	0	0	0	0	0	0	0	0	0	0	
217764	Frontal_Inf_Orb_L	0	0	14396	0	13490	0	18842	0	18296	0	0	0	9968	0	0	0	0	0	1012	120	3766	0	430	0	320	0	2414	0	14966	0	714	146	0	202	0	0	356	0	448	0	236	0	0	0	0	0	0	0	0	0	0	0	0	0	0	0	0	0	0	0	0	0	0	0	0	0	0	0	0	0	1782	0	3442	0	0	0	0	0	0	0	0	0	3536	0	0	0	0	0	0	0	0	0	0	0	0	0	0	0	0	0	0	0	0	0	0	0	0	0	0	0	0	0	0	0	0	0	
82664	Frontal_Inf_Orb_R	0	0	126	5156	0	4428	0	2844	0	5628	0	124	0	4728	0	0	0	0	138	1002	0	1404	206	850	0	0	0	1444	0	5994	168	982	202	1298	0	0	0	234	0	0	0	0	0	0	0	0	0	0	0	0	0	0	0	0	0	0	0	0	0	0	0	0	0	0	0	0	0	0	0	0	236	2160	0	1730	0	250	0	0	0	0	0	0	0	0	0	0	0	0	0	0	0	0	0	0	0	0	0	0	0	0	0	0	0	0	0	0	0	0	0	0	0	0	0	0	0	0	
254720	Rolandic_Oper_L	14206	0	8372	0	0	0	5288	0	0	0	17354	0	1784	0	0	0	0	0	7158	174	0	0	0	0	0	0	0	0	27588	0	0	0	0	152	0	0	3434	0	290	0	0	0	188	0	0	0	0	0	0	0	686	0	1524	0	1836	0	9004	0	0	0	566	0	3744	0	380	0	150	0	0	0	132	0	3860	0	680	0	0	0	5798	0	8718	0	900	0	1406	0	0	0	1988	0	0	0	0	0	0	0	0	0	0	0	0	0	0	0	0	0	0	0	0	0	0	0	0	0	0	0	
80668	Rolandic_Oper_R	0	1066	154	1720	0	0	0	186	0	0	0	7012	0	1494	0	0	0	0	0	1788	0	0	0	0	0	0	0	0	0	8422	0	218	0	402	0	0	0	1328	0	116	0	0	0	0	0	0	0	0	0	0	0	0	0	0	0	994	0	2504	0	0	0	0	0	1164	0	0	0	176	0	0	0	1500	0	5258	0	238	0	194	0	1266	0	1608	0	790	0	0	0	0	0	736	0	0	0	0	0	0	0	0	0	0	0	0	0	0	0	0	0	0	0	0	0	0	0	0	0	0	
924836	Supp_Motor_Area_L	8570	5422	103664	18870	372	0	15128	6578	262	0	13442	2306	6654	4616	1012	138	7158	0	0	55102	0	0	15048	5778	0	0	182	0	27600	2386	5048	6548	13878	33850	286	190	4846	2252	462	0	0	0	0	0	0	0	0	0	0	0	0	0	0	0	1044	0	2366	0	0	0	0	0	160	0	0	0	140	0	4172	710	20198	6616	29890	6940	5830	2832	8262	580	240	0	2498	0	406	0	440	0	0	0	1446	0	0	0	0	0	0	0	0	0	0	0	0	0	0	0	0	0	0	0	0	0	0	0	0	0	0	0	
862292	Supp_Motor_Area_R	8356	7516	32600	52722	0	0	8896	12496	0	118	1918	10420	2084	12094	120	1002	174	1788	55102	0	0	0	8546	10824	0	0	0	0	2186	12018	6894	13002	14796	54424	2078	5482	218	3518	0	596	0	0	0	0	0	0	0	156	0	0	0	0	0	0	0	910	348	482	0	0	0	0	0	0	0	0	0	950	10806	19630	4440	23506	502	18452	0	2052	458	5482	0	0	0	138	0	482	0	0	0	0	0	364	0	0	0	0	0	0	0	0	0	0	0	0	0	0	0	0	0	0	0	0	0	0	0	0	0	0	
118652	Olfactory_L	0	0	830	410	3684	800	754	0	508	0	0	0	0	0	3766	0	0	0	0	0	0	6046	220	392	1572	876	4536	3218	4532	128	3750	2820	0	0	0	0	776	0	998	0	816	0	0	0	0	0	0	0	0	0	0	0	0	0	160	0	0	0	0	0	0	0	0	0	0	0	0	0	0	0	8866	1528	5158	348	172	0	0	0	0	0	0	0	1662	0	0	0	0	0	0	0	0	0	0	0	0	0	0	0	0	0	0	0	0	0	0	0	0	0	0	0	0	0	0	0	0	0	
116712	Olfactory_R	0	0	324	1792	214	3440	0	0	0	0	0	0	0	0	0	1404	0	0	0	0	6046	0	220	856	0	1814	1478	7568	0	2684	2446	4534	0	0	0	0	0	0	0	0	0	358	0	0	0	0	0	0	0	0	0	0	0	0	0	0	0	0	0	0	0	0	0	0	0	0	0	0	0	0	9948	5882	5896	1204	248	0	0	0	0	0	0	0	0	0	0	0	0	0	0	0	0	0	0	0	0	0	0	0	0	0	0	0	0	0	0	0	0	0	0	0	0	0	0	0	0	0	
586124	Frontal_Sup_Medial_L	0	670	56088	11282	2576	0	18194	1740	232	0	456	870	2404	1772	430	206	0	0	15048	8546	220	220	0	26648	2566	1472	1396	358	3612	420	51196	33754	12180	22592	148	0	0	596	0	0	0	0	0	0	0	0	0	0	0	0	0	0	0	0	0	0	0	0	0	0	0	0	0	0	0	0	0	0	0	0	2412	3640	4752	3368	0	998	0	0	0	0	0	0	0	0	0	0	0	0	0	0	0	0	0	0	0	0	0	0	0	0	0	0	0	0	0	0	0	0	0	0	0	0	0	0	0	0	
436404	Frontal_Sup_Medial_R	0	246	7040	41850	134	2410	3076	8724	0	0	0	182	262	3952	0	850	0	0	5778	10824	392	856	26648	0	504	8532	0	3300	174	676	12460	31238	4630	22932	124	0	0	404	0	0	0	0	0	0	0	0	0	0	0	0	0	0	0	0	0	0	0	0	0	0	0	0	0	0	0	0	0	0	0	0	892	9452	796	8382	0	482	0	0	0	0	0	0	0	0	0	0	0	0	0	0	0	0	0	0	0	0	0	0	0	0	0	0	0	0	0	0	0	0	0	0	0	0	0	0	0	0	
55672	Frontal_Med_Orb_L	0	0	2236	180	5412	140	0	0	566	0	0	0	0	0	320	0	0	0	0	0	1572	0	2566	504	0	1536	4962	0	154	0	5804	350	0	0	0	0	0	0	0	0	0	0	0	0	0	0	0	0	0	0	0	0	0	0	0	0	0	0	0	0	0	0	0	0	0	0	0	0	0	0	1064	0	470	0	0	0	0	0	0	0	0	0	0	0	0	0	0	0	0	0	0	0	0	0	0	0	0	0	0	0	0	0	0	0	0	0	0	0	0	0	0	0	0	0	0	0	
118120	Frontal_Med_Orb_R	0	0	332	6926	584	6060	0	0	0	0	0	0	0	0	0	0	0	0	0	0	876	1814	1472	8532	1536	0	372	9694	0	0	2790	7100	0	0	0	0	0	0	0	0	0	0	0	0	0	0	0	0	0	0	0	0	0	0	0	0	0	0	0	0	0	0	0	0	0	0	0	0	0	0	1030	4518	812	4612	0	0	0	0	0	0	0	0	0	0	0	0	0	0	0	0	0	0	0	0	0	0	0	0	0	0	0	0	0	0	0	0	0	0	0	0	0	0	0	0	0	0	
86860	Rectus_L	0	0	3288	0	9612	172	482	0	664	0	0	0	0	0	2414	0	0	0	182	0	4536	1478	1396	0	4962	372	0	954	1104	0	5096	1052	0	0	0	0	0	0	0	0	0	0	0	0	0	0	0	0	0	0	0	0	0	0	0	0	0	0	0	0	0	0	0	0	0	0	0	0	0	0	4114	0	1552	0	0	0	0	0	0	0	0	0	0	0	0	0	0	0	0	0	0	0	0	0	0	0	0	0	0	0	0	0	0	0	0	0	0	0	0	0	0	0	0	0	0	0	
140040	Rectus_R	0	0	280	7562	124	10386	0	0	0	0	0	0	0	0	0	1444	0	0	0	0	3218	7568	358	3300	0	9694	954	0	0	1292	2120	6220	0	0	0	0	0	0	0	0	0	0	0	0	0	0	0	0	0	0	0	0	0	0	0	0	0	0	0	0	0	0	0	0	0	0	0	0	0	0	3976	5294	2466	3764	0	0	0	0	0	0	0	0	0	0	0	0	0	0	0	0	0	0	0	0	0	0	0	0	0	0	0	0	0	0	0	0	0	0	0	0	0	0	0	0	0	0	
763716	Insula_L	22574	406	45494	1030	5004	0	34302	0	2862	0	29542	0	25276	0	14966	0	27588	0	27600	2186	4532	0	3612	174	154	0	1104	0	0	0	3090	858	582	2602	336	334	19610	406	2406	0	3488	0	464	0	134	0	0	0	224	0	1002	0	2712	0	5992	0	9820	0	0	0	888	0	1392	0	618	0	518	0	0	0	4522	782	31804	362	0	138	282	194	10784	0	10728	0	4526	0	3640	0	0	0	8012	0	0	0	0	0	202	0	0	0	0	0	0	0	0	0	0	0	0	0	0	0	0	0	0	0	0	0	
352920	Insula_R	130	908	1096	14948	0	1360	354	6660	0	334	0	26974	0	17612	0	5994	0	8422	2386	12018	128	2684	420	676	0	0	0	1292	0	0	884	1756	0	5824	250	254	252	10090	0	1658	0	1616	0	0	0	0	0	0	0	0	0	0	0	0	0	5760	0	0	0	0	0	0	0	0	0	0	0	0	0	0	508	5490	176	26802	0	692	0	456	0	1992	0	2194	0	1020	0	452	0	0	0	3938	0	0	0	0	0	0	0	0	0	0	0	0	0	0	0	0	0	0	0	0	0	0	0	0	0	0	
561192	Cingulum_Ant_L	120	1282	34504	6450	3498	202	14372	1514	290	0	288	960	1854	1910	714	168	0	0	5048	6894	3750	2446	51196	12460	5804	2790	5096	2120	3090	884	0	45740	12186	19988	0	0	0	1314	0	0	0	0	0	0	0	0	0	0	0	0	0	0	0	0	0	0	0	0	0	0	0	0	0	0	0	0	0	0	0	0	7572	7162	8188	6472	0	2270	0	0	0	0	0	0	0	0	0	0	0	0	0	0	0	0	0	0	0	0	0	0	0	0	0	0	0	0	0	0	0	0	0	0	0	0	0	0	0	0	
676520	Cingulum_Ant_R	0	2064	17590	29488	120	886	8620	4134	0	0	138	2082	980	5622	146	982	0	218	6548	13002	2820	4534	33754	31238	350	7100	1052	6220	858	1756	45740	0	10850	39556	0	0	0	2064	0	0	0	0	0	0	0	0	0	0	0	0	0	0	0	0	0	140	0	0	0	0	0	0	0	0	0	0	0	0	0	0	5398	25232	3384	19406	0	3922	126	0	0	0	0	0	0	0	0	0	0	0	0	140	0	0	0	0	0	0	0	0	0	0	0	0	0	0	0	0	0	0	0	0	0	0	0	0	0	0	
295460	Cingulum_Mid_L	0	598	10144	4852	0	0	5910	1654	0	0	240	0	1358	1510	0	202	0	0	13878	14796	0	0	12180	4630	0	0	0	0	582	0	12186	10850	0	28760	4842	1442	0	222	0	0	0	0	198	0	0	194	0	0	206	236	146	0	0	0	0	0	494	0	258	0	0	0	0	0	0	0	4158	1018	6018	814	458	764	418	1228	0	286	0	0	0	0	0	0	0	0	0	0	0	0	0	0	0	0	0	0	0	0	0	0	0	0	0	0	0	0	0	0	0	0	0	0	0	0	0	0	0	0	
752284	Cingulum_Mid_R	1142	1204	25312	28730	0	0	13866	8276	0	0	1938	4932	2806	9918	202	1298	152	402	33850	54424	0	0	22592	22932	0	0	0	0	2602	5824	19988	39556	28760	0	1158	7056	0	1362	0	0	0	0	0	316	0	906	0	0	0	656	0	262	0	0	0	228	0	540	0	116	0	0	0	0	0	0	1132	5376	2286	4896	2106	7120	928	7048	0	1262	158	392	0	0	0	0	0	0	0	132	0	0	0	0	0	0	0	0	0	0	0	0	0	0	0	0	0	0	0	0	0	0	0	0	0	0	0	0	0	0	
121376	Cingulum_Post_L	4112	1454	250	922	0	0	176	310	0	0	0	0	0	0	0	0	0	0	286	2078	0	0	148	124	0	0	0	0	336	250	0	0	4842	1158	0	9258	5662	4350	1268	510	0	0	1628	0	288	0	380	0	242	0	0	0	0	0	0	328	760	508	0	0	0	0	0	0	0	0	5000	372	6942	1854	0	0	662	616	0	0	1228	2062	176	0	148	0	0	0	0	0	0	0	0	0	0	0	0	0	0	0	0	0	0	0	0	0	0	0	0	0	0	0	0	0	0	0	0	0	0	0	
148992	Cingulum_Post_R	3746	1652	208	994	0	0	190	306	0	0	0	0	0	0	0	0	0	0	190	5482	0	0	0	0	0	0	0	0	334	254	0	0	1442	7056	9258	0	4028	7396	174	918	0	0	0	768	0	768	0	944	0	574	0	180	0	128	0	3036	200	874	0	300	0	232	0	0	0	388	526	7558	2466	4608	0	0	660	620	0	0	1778	2754	176	246	148	280	0	0	0	262	0	0	0	394	0	0	0	0	0	0	0	0	0	0	0	0	0	0	0	0	0	0	0	0	0	0	0	0	0	0	
300328	Hippocampus_L	10958	2190	5392	1054	0	0	1442	302	0	0	2236	0	0	0	356	0	3434	0	4846	218	776	0	0	0	0	0	0	0	19610	252	0	0	0	0	5662	4028	0	3680	11406	400	9480	0	1676	0	164	0	1088	0	138	0	0	0	1118	0	9514	0	4670	0	0	0	0	0	180	0	0	0	2644	0	0	0	884	0	15458	624	1278	0	3706	2032	4324	0	3122	0	1348	0	370	0	0	0	7680	0	0	0	0	0	424	0	0	0	0	0	0	0	0	0	0	0	0	0	0	0	0	0	0	0	0	0	
383444	Hippocampus_R	1894	7092	2490	10752	0	0	462	4530	0	0	0	5142	0	3466	0	234	0	1328	2252	3518	0	0	596	404	0	0	0	0	406	10090	1314	2064	222	1362	4350	7396	3680	0	176	16950	0	9212	0	574	0	144	0	1588	0	128	0	0	0	128	0	24676	168	474	0	0	0	0	0	0	0	0	0	3292	180	368	1364	5268	700	28322	0	3952	1746	4994	150	972	130	1080	0	440	0	428	0	0	0	8896	0	0	0	0	0	0	0	178	0	0	0	0	0	0	0	0	0	0	0	0	0	0	0	0	0	0	
73768	ParaHippocampal_L	196	352	498	0	0	0	130	0	0	0	348	0	0	0	448	0	290	0	462	0	998	0	0	0	0	0	0	0	2406	0	0	0	0	0	1268	174	11406	176	0	0	2862	0	1026	0	0	0	940	0	0	0	0	0	662	0	4296	0	0	0	0	0	0	0	0	0	0	0	1632	0	0	0	0	0	2508	0	0	0	124	0	0	0	236	0	1730	0	0	0	760	0	464	0	0	0	0	0	138	0	218	0	136	0	0	0	0	0	0	0	0	0	0	0	0	0	0	0	0	0	
101268	ParaHippocampal_R	274	1112	0	1356	0	0	0	272	0	0	0	380	0	340	0	0	0	116	0	596	0	0	0	0	0	0	0	0	0	1658	0	0	0	0	510	918	400	16950	0	0	0	3818	0	556	0	0	0	1106	0	0	0	0	0	0	0	10166	0	0	0	0	0	0	0	0	0	0	0	956	0	0	0	626	0	3112	0	160	198	848	0	228	0	240	0	1278	0	0	0	860	0	1316	0	0	0	0	0	0	0	284	0	0	0	0	0	0	0	0	0	0	0	0	0	0	0	0	0	0	
52676	Amygdala_L	0	0	148	0	116	0	0	0	0	0	0	0	0	0	236	0	0	0	0	0	816	0	0	0	0	0	0	0	3488	0	0	0	0	0	0	0	9480	0	2862	0	0	0	0	0	0	0	0	0	0	0	0	0	0	0	3876	0	0	0	0	0	0	0	0	0	0	0	0	0	0	0	214	0	1698	0	0	0	0	0	0	0	0	0	940	0	0	0	0	0	2464	0	0	0	0	0	0	0	0	0	0	0	0	0	0	0	0	0	0	0	0	0	0	0	0	0	0	0	
47224	Amygdala_R	0	0	0	0	0	0	0	0	0	0	0	0	0	0	0	0	0	0	0	0	0	358	0	0	0	0	0	0	0	1616	0	0	0	0	0	0	0	9212	0	3818	0	0	0	0	0	0	0	0	0	0	0	0	0	0	0	5012	0	0	0	0	0	0	0	0	0	0	0	0	0	0	0	0	0	1478	0	0	0	0	0	0	0	0	0	1500	0	0	0	0	0	618	0	0	0	0	0	0	0	0	0	0	0	0	0	0	0	0	0	0	0	0	0	0	0	0	0	0	
197060	Calcarine_L	494	0	0	0	0	0	342	0	0	0	0	0	0	0	0	0	188	0	0	0	0	0	0	0	0	0	0	0	464	0	0	0	198	0	1628	0	1676	0	1026	0	0	0	0	2510	13544	1964	5336	858	7336	726	13996	230	4348	0	1944	0	5382	0	5178	0	4962	0	382	0	1456	0	18422	570	498	0	120	0	0	0	0	0	0	0	0	0	0	0	0	0	328	0	0	0	2424	0	0	0	0	0	0	0	0	0	0	0	0	0	0	0	0	0	0	0	0	0	0	0	0	0	0	0	
198280	Calcarine_R	0	306	0	0	0	0	0	0	0	0	0	0	0	0	0	0	0	0	0	0	0	0	0	0	0	0	0	0	0	0	0	0	0	316	0	768	0	574	0	556	0	0	2510	0	654	14254	268	17904	0	14070	0	10966	0	6772	0	5032	0	1268	0	132	0	0	0	0	0	458	296	17442	0	304	0	0	0	0	0	0	0	0	0	398	0	366	0	0	0	1856	0	0	0	1670	0	0	0	0	0	0	0	0	0	0	0	0	0	0	0	0	0	0	0	0	0	0	0	0	0	0	
118296	Cuneus_L	122	0	0	0	0	0	0	0	0	0	0	0	0	0	0	0	0	0	0	0	0	0	0	0	0	0	0	0	134	0	0	0	0	0	288	0	164	0	0	0	0	0	13544	654	0	2344	670	0	13000	530	6946	0	1902	0	1078	0	1010	0	422	0	1218	0	314	0	752	0	11442	324	690	0	0	0	0	0	0	0	0	0	0	0	0	0	0	0	0	0	0	0	1600	0	0	0	0	0	0	0	0	0	0	0	0	0	0	0	0	0	0	0	0	0	0	0	0	0	0	0	
178824	Cuneus_R	0	698	0	0	0	0	0	0	0	0	0	0	0	0	0	0	0	0	0	0	0	0	0	0	0	0	0	0	0	0	0	0	194	906	0	768	0	144	0	0	0	0	1964	14254	2344	0	0	826	0	22662	0	10120	0	586	0	454	0	2044	0	2772	0	1104	0	0	0	944	3510	18672	0	346	0	0	0	0	0	0	0	0	0	0	0	0	0	0	0	4100	0	0	0	0	0	0	0	0	0	0	0	0	0	0	0	0	0	0	0	0	0	0	0	0	0	0	0	0	0	0	
122756	Lingual_L	0	0	0	0	0	0	0	0	0	0	0	0	0	0	0	0	0	0	0	0	0	0	0	0	0	0	0	0	0	0	0	0	0	0	380	0	1088	0	940	0	0	0	5336	268	670	0	0	438	3246	0	13490	0	7642	0	7192	136	0	0	0	0	0	0	0	0	0	0	2686	0	0	0	0	0	0	0	0	0	0	0	0	0	0	0	0	0	0	0	0	0	0	0	3182	0	0	0	0	0	4442	0	6942	260	0	0	0	0	0	0	0	0	0	0	1836	1048	156	0	0	0	
164912	Lingual_R	0	136	0	0	0	0	0	0	0	0	0	0	0	0	0	0	0	0	0	156	0	0	0	0	0	0	0	0	0	0	0	0	0	0	0	944	0	1588	0	1106	0	0	858	17904	0	826	438	0	0	1826	0	1004	0	3740	206	11596	0	0	0	0	0	0	0	0	0	204	0	8908	0	0	0	118	0	0	0	0	0	330	0	380	0	342	0	0	0	560	0	0	0	1498	1124	5272	0	0	0	0	560	3016	1514	8166	0	0	0	0	0	0	0	0	0	0	3806	3936	394	0	0	0	
119964	Occipital_Sup_L	242	0	0	0	0	0	0	0	0	0	0	0	0	0	0	0	0	0	0	0	0	0	0	0	0	0	0	0	224	0	0	0	206	0	242	0	138	0	0	0	0	0	7336	0	13000	0	3246	0	0	0	17962	0	752	0	344	0	608	0	3160	0	1140	0	0	0	892	0	8460	0	1152	0	0	0	0	0	0	0	0	0	0	0	0	0	0	0	756	0	0	0	122	0	0	0	0	0	0	0	0	0	0	0	0	0	0	0	0	0	0	0	0	0	0	0	0	0	0	0	
223092	Occipital_Sup_R	0	634	0	122	0	0	0	0	0	0	0	0	0	0	0	0	0	0	0	0	0	0	0	0	0	0	0	0	0	0	0	0	236	656	0	574	0	128	0	0	0	0	726	14070	530	22662	0	1826	0	0	0	18842	0	1208	0	1016	0	2088	0	8726	0	3294	0	794	0	4922	3138	18770	0	558	0	0	0	0	0	0	0	0	0	0	0	226	0	0	0	5674	0	0	0	126	0	0	0	0	0	0	0	0	0	0	0	0	0	0	0	0	0	0	0	0	0	0	0	0	0	0	
289264	Occipital_Mid_L	1308	0	0	0	0	0	0	0	0	0	0	0	0	0	0	0	686	0	0	0	0	0	0	0	0	0	0	0	1002	0	0	0	146	0	0	0	0	0	0	0	0	0	13996	0	6946	0	13490	0	17962	0	0	0	21856	0	5558	0	3122	0	8176	0	12868	0	502	0	13860	0	10012	226	1366	0	0	0	0	0	0	0	0	0	198	0	250	0	0	0	8664	0	0	0	2244	0	0	0	0	0	0	0	0	0	194	0	0	0	0	0	0	0	0	0	0	0	0	0	0	0	0	0	
175668	Occipital_Mid_R	0	518	0	0	0	0	0	0	0	0	0	0	0	0	0	0	0	0	0	0	0	0	0	0	0	0	0	0	0	0	0	0	0	262	0	180	0	0	0	0	0	0	230	10966	0	10120	0	1004	0	18842	0	0	0	5628	0	518	0	924	0	2756	0	3116	0	264	0	8120	1486	10368	0	0	0	0	0	0	0	0	0	0	0	0	0	144	0	0	0	11986	0	0	0	402	0	0	0	0	0	0	0	0	0	0	0	0	0	0	0	0	0	0	0	0	0	0	0	0	0	0	
160132	Occipital_Inf_L	1774	0	0	0	0	0	0	0	0	0	0	0	0	0	0	0	1524	0	0	0	0	0	0	0	0	0	0	0	2712	0	0	0	0	0	0	0	1118	0	662	0	0	0	4348	0	1902	0	7642	0	752	0	21856	0	0	0	17906	0	1812	0	0	0	550	0	0	0	212	0	2612	0	1148	0	0	0	0	0	0	0	0	0	2836	0	434	0	0	0	762	0	0	0	7122	0	0	0	0	0	0	0	0	0	382	0	0	0	0	0	0	0	0	0	0	0	0	0	0	0	0	0	
60540	Occipital_Inf_R	0	0	0	0	0	0	0	0	0	0	0	0	0	0	0	0	0	0	0	0	0	0	0	0	0	0	0	0	0	0	0	0	0	0	0	128	0	128	0	0	0	0	0	6772	0	586	0	3740	0	1208	0	5628	0	0	0	3508	0	0	0	0	0	0	0	0	0	0	0	2654	0	0	0	0	0	0	0	0	0	0	0	0	0	138	0	0	0	384	0	0	0	3256	134	0	0	0	0	0	0	360	168	696	0	0	0	0	0	0	0	0	0	0	572	210	0	0	0	0	
345192	Fusiform_L	1652	0	1050	0	0	0	0	0	0	0	402	0	0	0	0	0	1836	0	1044	0	160	0	0	0	0	0	0	0	5992	0	0	0	0	0	0	0	9514	0	4296	0	3876	0	1944	0	1078	0	7192	206	344	0	5558	0	17906	0	0	0	1220	0	0	0	144	0	120	0	0	0	1704	0	976	0	0	0	2448	0	0	0	0	0	3582	0	3640	0	4076	0	4556	0	2472	0	21700	0	18400	0	4540	0	0	0	12572	0	22308	186	770	0	804	0	0	0	0	0	0	0	1698	630	0	0	0	0	
309292	Fusiform_R	206	762	0	1250	0	0	0	428	0	0	0	2656	0	2134	0	0	0	994	0	910	0	0	0	0	0	0	0	0	0	5760	0	140	0	228	328	3036	0	24676	0	10166	0	5012	0	5032	0	454	136	11596	0	1016	0	518	0	3508	0	0	0	692	0	174	0	168	0	452	0	538	0	3756	144	624	0	614	0	8088	0	0	0	338	0	1932	0	3582	0	4464	0	3798	0	1948	0	15974	636	7578	0	0	0	0	304	3584	830	9376	0	0	0	0	0	0	0	0	0	0	2918	1188	0	0	0	0	
321536	Postcentral_L	44530	416	4268	332	0	0	10116	0	0	0	6170	0	1528	0	0	0	9004	0	2366	348	0	0	0	0	0	0	0	0	9820	0	0	0	494	0	760	200	4670	168	0	0	0	0	5382	0	1010	0	0	0	608	0	3122	0	1812	0	1220	0	0	0	5688	0	16472	0	5574	0	974	0	3816	0	3178	0	2440	0	2358	0	552	0	2396	0	4124	0	3244	0	0	0	338	0	0	0	1270	0	0	0	0	0	0	0	0	0	0	0	0	0	0	0	0	0	0	0	0	0	0	0	0	0	0	0	
115236	Postcentral_R	462	11088	0	526	0	0	0	292	0	0	0	2042	0	394	0	0	0	2504	0	482	0	0	0	0	0	0	0	0	0	0	0	0	0	540	508	874	0	474	0	0	0	0	0	1268	0	2044	0	0	0	2088	0	924	0	0	0	692	0	0	0	5334	0	2498	0	4724	0	666	0	11948	558	3892	0	158	0	0	0	0	0	158	0	0	0	264	0	0	0	216	0	0	0	0	0	0	0	0	0	0	0	0	0	0	0	0	0	0	0	0	0	0	0	0	0	0	0	0	0	0	
94412	Parietal_Sup_L	0	0	0	0	0	0	0	0	0	0	0	0	0	0	0	0	0	0	0	0	0	0	0	0	0	0	0	0	0	0	0	0	258	0	0	0	0	0	0	0	0	0	5178	0	422	0	0	0	3160	0	8176	0	0	0	0	0	5688	0	0	0	9588	0	0	0	2780	0	11006	0	602	0	0	0	0	0	0	0	0	0	0	0	0	0	0	0	180	0	0	0	168	0	0	0	0	0	0	0	0	0	0	0	0	0	0	0	0	0	0	0	0	0	0	0	0	0	0	0	
101132	Parietal_Sup_R	0	0	0	0	0	0	0	0	0	0	0	0	0	0	0	0	0	0	0	0	0	0	0	0	0	0	0	0	0	0	0	0	0	116	0	300	0	0	0	0	0	0	0	132	0	2772	0	0	0	8726	0	2756	0	0	0	174	0	5334	0	0	0	8738	0	1838	0	4728	382	13320	0	0	0	0	0	0	0	0	0	0	0	0	0	0	0	0	0	1250	0	0	0	0	0	0	0	0	0	0	0	0	0	0	0	0	0	0	0	0	0	0	0	0	0	0	0	0	0	0	
207916	Parietal_Inf_L	4392	0	0	0	0	0	0	0	0	0	0	0	0	0	0	0	566	0	0	0	0	0	0	0	0	0	0	0	888	0	0	0	0	0	0	0	0	0	0	0	0	0	4962	0	1218	0	0	0	1140	0	12868	0	550	0	144	0	16472	0	9588	0	0	0	9882	0	27006	0	3680	0	462	0	0	0	0	0	0	0	0	0	324	0	1258	0	0	0	3508	0	0	0	5050	0	0	0	0	0	0	0	0	0	0	0	0	0	0	0	0	0	0	0	0	0	0	0	0	0	0	0	
80212	Parietal_Inf_R	0	474	0	0	0	0	0	0	0	0	0	0	0	0	0	0	0	0	0	0	0	0	0	0	0	0	0	0	0	0	0	0	0	0	0	232	0	0	0	0	0	0	0	0	0	1104	0	0	0	3294	0	3116	0	0	0	168	0	2498	0	8738	0	0	0	8196	0	8316	0	2742	0	0	0	0	0	0	0	0	0	0	0	0	0	0	0	0	0	1228	0	0	0	0	0	0	0	0	0	0	0	0	0	0	0	0	0	0	0	0	0	0	0	0	0	0	0	0	0	0	
88852	SupraMarginal_L	802	0	156	0	0	0	250	0	0	0	346	0	0	0	0	0	3744	0	160	0	0	0	0	0	0	0	0	0	1392	0	0	0	0	0	0	0	180	0	0	0	0	0	382	0	314	0	0	0	0	0	502	0	0	0	120	0	5574	0	0	0	9882	0	0	0	6192	0	360	0	0	0	0	0	0	0	0	0	0	0	310	0	5740	0	0	0	2674	0	0	0	5346	0	0	0	0	0	0	0	0	0	0	0	0	0	0	0	0	0	0	0	0	0	0	0	0	0	0	0	
67868	SupraMarginal_R	0	776	0	152	0	0	0	0	0	0	0	0	0	0	0	0	0	1164	0	0	0	0	0	0	0	0	0	0	0	0	0	0	0	0	0	0	0	0	0	0	0	0	0	0	0	0	0	0	0	794	0	264	0	0	0	452	0	4724	0	1838	0	8196	0	0	0	8344	0	262	0	0	0	0	0	0	0	0	0	0	0	0	0	4222	0	0	0	2412	0	0	0	334	0	0	0	0	0	0	0	0	0	0	0	0	0	0	0	0	0	0	0	0	0	0	0	0	0	0	
162228	Angular_L	570	0	0	0	0	0	0	0	0	0	0	0	0	0	0	0	380	0	0	0	0	0	0	0	0	0	0	0	618	0	0	0	0	0	0	0	0	0	0	0	0	0	1456	0	752	0	0	0	892	0	13860	0	212	0	0	0	974	0	2780	0	27006	0	6192	0	0	0	1666	0	488	0	0	0	0	0	0	0	0	0	286	0	1634	0	0	0	11866	0	0	0	9482	0	0	0	0	0	0	0	0	0	0	0	0	0	0	0	0	0	0	0	0	0	0	0	0	0	0	0	
104180	Angular_R	0	480	0	0	0	0	0	0	0	0	0	0	0	0	0	0	0	0	0	0	0	0	0	0	0	0	0	0	0	0	0	0	0	0	0	388	0	0	0	0	0	0	0	458	0	944	0	204	0	4922	0	8120	0	0	0	538	0	666	0	4728	0	8316	0	8344	0	0	0	1276	0	0	0	0	0	0	0	0	0	0	0	0	0	2358	0	0	0	8242	0	0	0	2106	0	0	0	0	0	0	0	0	0	0	0	0	0	0	0	0	0	0	0	0	0	0	0	0	0	0	
229992	Precuneus_L	262	0	0	0	0	0	0	0	0	0	0	0	0	0	0	0	150	0	140	0	0	0	0	0	0	0	0	0	518	0	0	0	4158	1132	5000	526	2644	0	1632	0	0	0	18422	296	11442	3510	2686	0	8460	3138	10012	1486	2612	0	1704	0	3816	0	11006	382	3680	0	360	0	1666	0	0	6382	4276	0	0	0	0	0	0	0	0	0	0	0	0	0	0	0	272	1112	0	0	2114	0	0	0	0	0	0	0	0	0	0	0	0	0	0	0	0	0	0	0	0	0	0	0	0	0	0	0	
304752	Precuneus_R	0	1092	0	192	0	0	0	0	0	0	0	0	0	0	0	0	0	176	0	950	0	0	0	0	0	0	0	0	0	0	0	0	1018	5376	372	7558	0	3292	0	956	0	0	570	17442	324	18672	0	8908	0	18770	226	10368	0	2654	0	3756	0	11948	0	13320	0	2742	0	262	0	1276	6382	0	0	3782	0	0	0	0	0	0	0	208	0	496	0	552	0	0	0	6426	0	0	0	2114	0	0	0	0	0	0	0	0	0	0	0	0	0	0	0	0	0	0	0	0	196	0	0	0	0	0	
143200	Paracentral_Lobule_L	9176	1872	1496	1598	0	0	0	0	0	0	0	0	0	0	0	0	0	0	4172	10806	0	0	0	0	0	0	0	0	0	0	0	0	6018	2286	6942	2466	0	180	0	0	0	0	498	0	690	0	0	0	1152	0	1366	0	1148	0	976	144	3178	558	602	0	462	0	0	0	488	0	4276	0	0	8048	0	0	0	0	0	0	0	0	0	0	0	0	0	0	0	0	0	0	1002	0	0	0	0	0	0	0	0	0	0	0	0	0	0	0	0	0	0	0	0	0	0	0	0	0	0	0	
124404	Paracentral_Lobule_R	5444	3358	864	882	0	0	908	0	0	0	0	0	0	0	0	0	0	0	710	19630	0	0	0	0	0	0	0	0	0	0	0	0	814	4896	1854	4608	0	368	0	0	0	0	0	304	0	346	0	0	0	558	0	0	0	0	0	624	0	3892	0	0	0	0	0	0	0	0	0	3782	8048	0	0	0	0	0	0	0	0	0	0	156	0	156	0	0	0	0	0	0	0	0	0	0	0	0	0	0	0	0	0	0	0	0	0	0	0	0	0	0	0	0	0	0	0	0	0	0	
382168	Caudate_L	2866	712	21024	4392	2234	1306	7278	664	442	0	600	328	1864	446	1782	236	132	0	20198	4440	8866	9948	2412	892	1064	1030	4114	3976	4522	508	7572	5398	458	2106	0	0	884	1364	0	0	214	0	120	0	0	0	0	0	0	0	0	0	0	0	0	0	2440	0	0	0	0	0	0	0	0	0	0	0	0	0	0	15560	21242	4942	2722	2790	14836	160	0	0	0	0	0	0	0	0	0	0	0	0	0	0	0	0	0	0	0	0	0	0	0	0	0	0	0	0	0	0	0	0	0	0	0	0	0	0	
591708	Caudate_R	408	16164	7910	41562	0	3946	2546	8006	0	216	0	3366	156	2654	0	2160	0	1500	6616	23506	1528	5882	3640	9452	0	4518	0	5294	782	5490	7162	25232	764	7120	0	0	0	5268	0	626	0	0	0	0	0	0	0	118	0	0	0	0	0	0	0	614	0	158	0	0	0	0	0	0	0	0	0	0	0	0	15560	0	7106	39506	178	9494	756	17960	0	0	0	0	0	466	0	0	0	0	0	464	0	0	0	0	0	0	0	0	0	0	0	0	0	0	0	0	0	0	0	0	0	0	0	0	0	0	
480044	Putamen_L	3038	2372	34536	1382	2822	688	7360	150	970	0	3860	0	1660	0	3442	0	3860	0	29890	502	5158	5896	4752	796	470	812	1552	2466	31804	176	8188	3384	418	928	662	660	15458	700	2508	0	1698	0	0	0	0	0	0	0	0	0	0	0	0	0	2448	0	2358	0	0	0	0	0	0	0	0	0	0	0	0	0	21242	7106	0	1846	6832	1348	2512	170	988	0	3494	0	1424	0	606	0	0	0	2630	0	0	0	0	0	0	0	0	0	0	0	0	0	0	0	0	0	0	0	0	0	0	0	0	0	0	0	
635908	Putamen_R	376	6860	7180	34710	0	3888	1140	11746	0	238	0	14354	0	9248	0	1730	0	5258	6940	18452	348	1204	3368	8382	0	4612	0	3764	362	26802	6472	19406	1228	7048	616	620	624	28322	0	3112	0	1478	0	0	0	0	0	0	0	0	0	0	0	0	0	8088	0	0	0	0	0	0	0	0	0	0	0	0	0	0	4942	39506	1846	0	0	13752	324	2230	0	0	0	208	0	746	0	0	0	0	0	6424	0	0	0	0	0	0	0	0	0	0	0	0	0	0	0	0	0	0	0	0	0	0	0	0	0	0	
50836	Pallidum_L	240	198	4438	0	0	0	0	0	0	0	0	0	0	0	0	0	680	0	5830	0	172	248	0	0	0	0	0	0	0	0	0	0	0	0	0	0	1278	0	0	0	0	0	0	0	0	0	0	0	0	0	0	0	0	0	0	0	552	0	0	0	0	0	0	0	0	0	0	0	0	0	2722	178	6832	0	0	0	1816	0	234	0	0	0	0	0	0	0	0	0	0	0	0	0	0	0	0	0	0	0	0	0	0	0	0	0	0	0	0	0	0	0	0	0	0	0	0	0	
124348	Pallidum_R	0	3080	3128	4508	0	0	502	2866	0	0	0	750	0	422	0	250	0	238	2832	2052	0	0	998	482	0	0	0	0	138	692	2270	3922	286	1262	0	0	0	3952	0	160	0	0	0	0	0	0	0	0	0	0	0	0	0	0	0	0	0	0	0	0	0	0	0	0	0	0	0	0	0	0	2790	9494	1348	13752	0	0	0	0	0	0	0	0	0	0	0	0	0	0	0	0	0	0	0	0	0	0	0	0	0	0	0	0	0	0	0	0	0	0	0	0	0	0	0	0	0	0	
135552	Thalamus_L	7858	726	9544	788	0	0	3822	214	0	0	0	0	0	0	0	0	0	0	8262	458	0	0	0	0	0	0	0	0	282	0	0	126	0	158	1228	1778	3706	1746	124	198	0	0	0	0	0	0	0	0	0	0	0	0	0	0	0	0	2396	0	0	0	0	0	0	0	0	0	0	0	0	0	14836	756	2512	324	1816	0	0	3916	0	0	0	0	0	0	0	0	0	0	0	0	0	0	0	0	202	0	0	0	0	0	0	0	0	0	0	0	0	0	0	0	0	0	0	0	0	0	
166368	Thalamus_R	1668	13678	592	18806	0	0	236	2016	0	0	0	0	0	0	0	0	0	194	580	5482	0	0	0	0	0	0	0	0	194	456	0	0	0	392	2062	2754	2032	4994	0	848	0	0	0	0	0	0	0	330	0	0	0	0	0	0	0	338	0	158	0	0	0	0	0	0	0	0	0	208	0	0	160	17960	170	2230	0	0	3916	0	126	0	120	0	0	0	0	0	0	0	0	170	0	0	0	0	0	0	0	122	0	0	0	0	0	0	0	0	0	0	0	192	0	0	0	0	0	0	
102788	Heschl_L	4234	0	270	0	0	0	300	0	0	0	308	0	0	0	0	0	5798	0	240	0	0	0	0	0	0	0	0	0	10784	0	0	0	0	0	176	176	4324	150	0	0	0	0	0	0	0	0	0	0	0	0	198	0	2836	0	3582	0	4124	0	0	0	324	0	310	0	286	0	0	0	0	0	0	0	988	0	234	0	0	126	0	0	5058	0	0	0	3060	0	0	0	3508	0	0	0	0	0	0	0	0	0	0	0	0	0	0	0	0	0	0	0	0	0	0	0	0	0	0	0	
30560	Heschl_R	0	130	0	0	0	0	0	0	0	0	0	136	0	0	0	0	0	1266	0	0	0	0	0	0	0	0	0	0	0	1992	0	0	0	0	0	246	0	972	0	228	0	0	0	398	0	0	0	380	0	0	0	0	0	0	0	1932	0	0	0	0	0	0	0	0	0	0	0	496	0	156	0	0	0	0	0	0	0	0	0	0	0	5776	0	0	0	644	0	0	0	528	0	0	0	0	0	0	0	0	0	0	0	0	0	0	0	0	0	0	0	0	0	0	0	0	0	0	
181252	Temporal_Sup_L	1636	0	2508	0	0	0	274	0	0	0	2060	0	146	0	0	0	8718	0	2498	0	0	0	0	0	0	0	0	0	10728	0	0	0	0	0	148	148	3122	130	236	0	0	0	0	0	0	0	0	0	0	0	250	0	434	0	3640	0	3244	0	0	0	1258	0	5740	0	1634	0	0	0	0	0	0	0	3494	0	0	0	0	120	5058	0	0	0	4522	0	16850	0	0	0	12030	0	0	0	0	0	0	0	0	0	0	0	0	0	0	0	0	0	0	0	0	0	0	0	0	0	0	0	
65516	Temporal_Sup_R	0	164	0	0	0	0	0	0	0	0	0	0	0	0	0	0	0	1608	0	138	0	0	0	0	0	0	0	0	0	2194	0	0	0	0	0	280	0	1080	0	240	0	0	0	366	0	0	0	342	0	226	0	144	0	138	0	3582	0	264	0	0	0	0	0	4222	0	2358	0	552	0	156	0	0	0	208	0	0	0	0	0	5776	0	0	0	1220	0	5950	0	132	0	1418	0	0	0	0	0	0	0	0	0	0	0	0	0	0	0	0	0	0	0	0	0	0	0	0	0	0	
119684	Temporal_Pole_Sup_L	0	0	1110	0	742	0	1342	0	710	0	850	0	690	0	3536	0	900	0	406	0	1662	0	0	0	0	0	0	0	4526	0	0	0	0	0	0	0	1348	0	1730	0	940	0	0	0	0	0	0	0	0	0	0	0	0	0	4076	0	0	0	0	0	0	0	0	0	0	0	0	0	0	0	0	0	1424	0	0	0	0	0	0	0	4522	0	0	0	10996	0	7052	0	11280	0	0	0	0	0	0	0	0	0	0	0	0	0	0	0	0	0	0	0	0	0	0	0	0	0	0	0	
47060	Temporal_Pole_Sup_R	0	0	0	328	0	0	0	0	0	0	0	776	0	156	0	0	0	790	0	482	0	0	0	0	0	0	0	0	0	1020	0	0	0	0	0	0	0	440	0	1278	0	1500	0	0	0	0	0	0	0	0	0	0	0	0	0	4464	0	0	0	0	0	0	0	0	0	0	0	0	0	0	0	466	0	746	0	0	0	0	0	0	0	1220	0	0	0	866	0	4628	0	4370	0	0	0	0	0	0	0	0	0	0	0	0	0	0	0	0	0	0	0	0	0	0	0	0	0	0	
228344	Temporal_Mid_L	392	0	442	0	0	0	0	0	0	0	0	0	0	0	0	0	1406	0	440	0	0	0	0	0	0	0	0	0	3640	0	0	0	0	0	0	0	370	0	0	0	0	0	328	0	0	0	0	0	756	0	8664	0	762	0	4556	0	338	0	180	0	3508	0	2674	0	11866	0	272	0	0	0	0	0	606	0	0	0	0	0	3060	0	16850	0	10996	0	0	0	6232	0	35834	0	0	0	0	0	0	0	0	0	0	0	0	0	0	0	0	0	0	0	0	0	0	0	0	0	0	0	
144012	Temporal_Mid_R	0	0	0	0	0	0	0	0	0	0	0	0	0	0	0	0	0	0	0	0	0	0	0	0	0	0	0	0	0	452	0	0	0	132	0	262	0	428	0	0	0	0	0	1856	0	4100	0	560	0	5674	0	11986	0	384	0	3798	0	216	0	1250	0	1228	0	2412	0	8242	1112	6426	0	0	0	0	0	0	0	0	0	0	0	644	0	5950	0	866	0	0	0	370	0	13658	0	0	0	0	0	0	0	0	0	0	0	0	0	0	0	0	0	0	0	0	0	0	0	0	0	0	
47640	Temporal_Pole_Mid_L	0	0	0	0	0	0	0	0	0	0	0	0	0	0	0	0	0	0	0	0	0	0	0	0	0	0	0	0	0	0	0	0	0	0	0	0	0	0	760	0	0	0	0	0	0	0	0	0	0	0	0	0	0	0	2472	0	0	0	0	0	0	0	0	0	0	0	0	0	0	0	0	0	0	0	0	0	0	0	0	0	0	0	7052	0	6232	0	0	0	7304	0	0	0	0	0	0	0	0	0	0	0	0	0	0	0	0	0	0	0	0	0	0	0	0	0	0	0	
20648	Temporal_Pole_Mid_R	0	0	0	0	0	0	0	0	0	0	0	0	0	0	0	0	0	0	0	0	0	0	0	0	0	0	0	0	0	0	0	0	0	0	0	0	0	0	0	860	0	0	0	0	0	0	0	0	0	0	0	0	0	0	0	1948	0	0	0	0	0	0	0	0	0	0	0	0	0	0	0	0	0	0	0	0	0	0	0	0	0	132	0	4628	0	370	0	0	0	2386	0	0	0	0	0	0	0	0	0	0	0	0	0	0	0	0	0	0	0	0	0	0	0	0	0	0	
322684	Temporal_Inf_L	1296	0	1452	0	0	0	0	0	0	0	0	0	0	0	0	0	1988	0	1446	0	0	0	0	0	0	0	0	0	8012	0	0	0	0	0	0	0	7680	0	464	0	2464	0	2424	0	1600	0	0	0	122	0	2244	0	7122	0	21700	0	1270	0	168	0	5050	0	5346	0	9482	0	2114	0	1002	0	0	0	2630	0	0	0	0	0	3508	0	12030	0	11280	0	35834	0	7304	0	0	0	3234	0	400	0	0	0	170	0	506	0	0	0	0	0	0	0	0	0	0	0	0	0	0	0	0	0	
162672	Temporal_Inf_R	0	0	0	1018	0	0	0	370	0	0	0	2568	0	2050	0	0	0	736	0	364	0	0	0	0	0	0	0	0	0	3938	0	140	0	0	0	394	0	8896	0	1316	0	618	0	1670	0	0	0	1498	0	126	0	402	0	3256	0	15974	0	0	0	0	0	0	0	334	0	2106	0	2114	0	0	0	464	0	6424	0	0	0	170	0	528	0	1418	0	4370	0	13658	0	2386	0	0	0	1692	0	168	0	0	0	0	0	170	0	0	0	0	0	0	0	0	0	0	0	0	0	0	0	0	
376064	Cerebelum_Crus1_L	0	0	0	0	0	0	0	0	0	0	0	0	0	0	0	0	0	0	0	0	0	0	0	0	0	0	0	0	0	0	0	0	0	0	0	0	0	0	0	0	0	0	0	0	0	0	3182	1124	0	0	0	0	0	134	18400	636	0	0	0	0	0	0	0	0	0	0	0	0	0	0	0	0	0	0	0	0	0	0	0	0	0	0	0	0	0	0	0	0	3234	0	0	1798	33192	3616	1068	0	28360	462	55822	1866	6750	1024	7488	898	1174	192	0	0	0	0	8036	3520	5296	284	188	288	
341956	Cerebelum_Crus1_R	0	0	0	0	0	0	0	0	0	0	0	0	0	0	0	0	0	0	0	0	0	0	0	0	0	0	0	0	0	0	0	0	0	0	0	0	0	0	0	0	0	0	0	0	0	0	0	5272	0	0	0	0	0	0	0	7578	0	0	0	0	0	0	0	0	0	0	0	0	0	0	0	0	0	0	0	0	0	0	0	0	0	0	0	0	0	0	0	0	0	1692	1798	0	518	24790	0	4480	1254	23398	1274	56414	0	2410	382	8966	122	872	0	0	234	2276	11692	7858	5176	1370	900	252	
283964	Cerebelum_Crus2_L	0	0	0	0	0	0	0	0	0	0	0	0	0	0	0	0	0	0	0	0	0	0	0	0	0	0	0	0	0	0	0	0	0	0	0	0	0	0	0	0	0	0	0	0	0	0	0	0	0	0	0	0	0	0	4540	0	0	0	0	0	0	0	0	0	0	0	0	0	0	0	0	0	0	0	0	0	0	0	0	0	0	0	0	0	0	0	0	0	400	0	33192	518	0	7632	388	0	6994	0	17362	212	26518	3520	23876	2012	3468	0	394	0	0	0	604	844	7264	1722	250	272	
241400	Cerebelum_Crus2_R	0	0	0	0	0	0	0	0	0	0	0	0	0	0	0	0	0	0	0	0	0	0	0	0	0	0	0	0	0	0	0	0	0	0	0	0	0	0	0	0	0	0	0	0	0	0	0	0	0	0	0	0	0	0	0	0	0	0	0	0	0	0	0	0	0	0	0	0	0	0	0	0	0	0	0	0	0	0	0	0	0	0	0	0	0	0	0	0	0	168	3616	24790	7632	0	342	906	1118	3498	336	10748	3306	11988	4190	20614	318	2084	0	140	276	1032	3342	2666	11570	4190	1510	320	
33020	Cerebelum_3_L	152	0	0	0	0	0	0	0	0	0	0	0	0	0	0	0	0	0	0	0	0	0	0	0	0	0	0	0	202	0	0	0	0	0	0	0	424	0	138	0	0	0	0	0	0	0	0	0	0	0	0	0	0	0	0	0	0	0	0	0	0	0	0	0	0	0	0	0	0	0	0	0	0	0	0	0	202	0	0	0	0	0	0	0	0	0	0	0	0	0	1068	0	388	342	0	0	4890	0	1824	118	0	0	958	462	872	164	0	0	878	1040	1082	282	386	390	248	0	
46436	Cerebelum_3_R	0	0	0	0	0	0	0	0	0	0	0	0	0	0	0	0	0	0	0	0	0	0	0	0	0	0	0	0	0	0	0	0	0	0	0	0	0	0	0	0	0	0	0	0	0	0	0	0	0	0	0	0	0	0	0	0	0	0	0	0	0	0	0	0	0	0	0	0	0	0	0	0	0	0	0	0	0	0	0	0	0	0	0	0	0	0	0	0	0	0	0	4480	0	906	0	0	138	4346	0	5048	0	0	0	940	0	1038	0	0	966	3356	572	208	234	382	604	0	
266556	Cerebelum_4_5_L	0	0	0	0	0	0	0	0	0	0	0	0	0	0	0	0	0	0	0	0	0	0	0	0	0	0	0	0	0	0	0	0	0	0	0	0	0	0	218	0	0	0	0	0	0	0	4442	560	0	0	0	0	0	0	12572	304	0	0	0	0	0	0	0	0	0	0	0	0	0	0	0	0	0	0	0	0	0	0	0	0	0	0	0	0	0	0	0	0	170	0	28360	1254	6994	1118	4890	138	0	930	40468	1536	1192	0	3964	1328	2214	496	184	0	354	646	13058	2260	1164	1170	870	424	
175212	Cerebelum_4_5_R	0	0	0	0	0	0	0	0	0	0	0	0	0	0	0	0	0	0	0	0	0	0	0	0	0	0	0	0	0	0	0	0	0	0	0	0	0	178	0	284	0	0	0	0	0	0	0	3016	0	0	0	0	0	360	0	3584	0	0	0	0	0	0	0	0	0	0	0	0	0	0	0	0	0	0	0	0	0	122	0	0	0	0	0	0	0	0	0	0	0	0	462	23398	0	3498	0	4346	930	0	596	28532	0	0	200	2422	0	988	0	360	0	1608	11390	440	288	312	292	0	
362396	Cerebelum_6_L	0	0	0	0	0	0	0	0	0	0	0	0	0	0	0	0	0	0	0	0	0	0	0	0	0	0	0	0	0	0	0	0	0	0	0	0	0	0	136	0	0	0	0	0	0	0	6942	1514	0	0	194	0	382	168	22308	830	0	0	0	0	0	0	0	0	0	0	0	0	0	0	0	0	0	0	0	0	0	0	0	0	0	0	0	0	0	0	0	0	506	0	55822	1274	17362	336	1824	0	40468	596	0	2180	3644	0	4822	200	1374	0	0	0	0	146	11656	4618	1224	228	176	268	
330208	Cerebelum_6_R	0	0	0	0	0	0	0	0	0	0	0	0	0	0	0	0	0	0	0	0	0	0	0	0	0	0	0	0	0	0	0	0	0	0	0	0	0	0	0	0	0	0	0	0	0	0	260	8166	0	0	0	0	0	696	186	9376	0	0	0	0	0	0	0	0	0	0	0	0	0	0	0	0	0	0	0	0	0	0	0	0	0	0	0	0	0	0	0	0	0	170	1866	56414	212	10748	118	5048	1536	28532	2180	0	0	116	242	3968	0	744	0	122	248	2624	15730	9726	3820	1264	760	232	
159968	Cerebelum_7b_L	0	0	0	0	0	0	0	0	0	0	0	0	0	0	0	0	0	0	0	0	0	0	0	0	0	0	0	0	0	0	0	0	0	0	0	0	0	0	0	0	0	0	0	0	0	0	0	0	0	0	0	0	0	0	770	0	0	0	0	0	0	0	0	0	0	0	0	0	0	0	0	0	0	0	0	0	0	0	0	0	0	0	0	0	0	0	0	0	0	0	6750	0	26518	3306	0	0	1192	0	3644	0	0	2030	24172	1868	3448	0	476	0	0	0	266	156	3342	1870	176	0	
79752	Cerebelum_7b_R	0	0	0	0	0	0	0	0	0	0	0	0	0	0	0	0	0	0	0	0	0	0	0	0	0	0	0	0	0	0	0	0	0	0	0	0	0	0	0	0	0	0	0	0	0	0	0	0	0	0	0	0	0	0	0	0	0	0	0	0	0	0	0	0	0	0	0	0	0	0	0	0	0	0	0	0	0	0	0	0	0	0	0	0	0	0	0	0	0	0	1024	2410	3520	11988	0	0	0	0	0	116	2030	0	1552	11584	0	1192	0	0	0	0	0	0	3440	1020	0	0	
219240	Cerebelum_8_L	0	0	0	0	0	0	0	0	0	0	0	0	0	0	0	0	0	0	0	0	0	0	0	0	0	0	0	0	0	0	0	0	0	0	0	0	0	0	0	0	0	0	0	0	0	0	0	0	0	0	0	0	0	0	804	0	0	0	0	0	0	0	0	0	0	0	0	0	0	0	0	0	0	0	0	0	0	0	0	0	0	0	0	0	0	0	0	0	0	0	7488	382	23876	4190	958	0	3964	200	4822	242	24172	1552	0	4678	13986	804	1870	0	0	160	1962	838	4700	5844	1880	248	
179756	Cerebelum_8_R	0	0	0	0	0	0	0	0	0	0	0	0	0	0	0	0	0	0	0	0	0	0	0	0	0	0	0	0	0	0	0	0	0	0	0	0	0	0	0	0	0	0	0	0	0	0	0	0	0	0	0	0	0	0	0	0	0	0	0	0	0	0	0	0	0	0	0	0	0	0	0	0	0	0	0	0	0	0	0	0	0	0	0	0	0	0	0	0	0	0	898	8966	2012	20614	462	940	1328	2422	200	3968	1868	11584	4678	0	944	8394	0	1044	478	736	2494	1158	5108	5792	3242	548	
72732	Cerebelum_9_L	0	0	0	0	0	0	0	0	0	0	0	0	0	0	0	0	0	0	0	0	0	0	0	0	0	0	0	0	0	0	0	0	0	0	0	0	0	0	0	0	0	0	0	0	0	0	0	0	0	0	0	0	0	0	0	0	0	0	0	0	0	0	0	0	0	0	0	0	0	0	0	0	0	0	0	0	0	0	0	0	0	0	0	0	0	0	0	0	0	0	1174	122	3468	318	872	0	2214	0	1374	0	3448	0	13986	944	0	442	2490	0	0	0	676	608	638	1720	1438	434	
74964	Cerebelum_9_R	0	0	0	0	0	0	0	0	0	0	0	0	0	0	0	0	0	0	0	0	0	0	0	0	0	0	0	0	0	0	0	0	0	0	0	0	0	0	0	0	0	0	0	0	0	0	0	0	0	0	0	0	0	0	0	0	0	0	0	0	0	0	0	0	0	0	0	0	0	0	0	0	0	0	0	0	0	0	0	0	0	0	0	0	0	0	0	0	0	0	192	872	0	2084	164	1038	496	988	0	744	0	1192	804	8394	442	0	0	2638	1738	1360	908	1344	2186	3496	4630	1772	
10828	Cerebelum_10_L	0	0	0	0	0	0	0	0	0	0	0	0	0	0	0	0	0	0	0	0	0	0	0	0	0	0	0	0	0	0	0	0	0	0	0	0	0	0	0	0	0	0	0	0	0	0	0	0	0	0	0	0	0	0	0	0	0	0	0	0	0	0	0	0	0	0	0	0	0	0	0	0	0	0	0	0	0	0	0	0	0	0	0	0	0	0	0	0	0	0	0	0	394	0	0	0	184	0	0	0	476	0	1870	0	2490	0	0	0	0	0	0	0	0	0	0	0	
8840	Cerebelum_10_R	0	0	0	0	0	0	0	0	0	0	0	0	0	0	0	0	0	0	0	0	0	0	0	0	0	0	0	0	0	0	0	0	0	0	0	0	0	0	0	0	0	0	0	0	0	0	0	0	0	0	0	0	0	0	0	0	0	0	0	0	0	0	0	0	0	0	0	0	0	0	0	0	0	0	0	0	0	0	0	0	0	0	0	0	0	0	0	0	0	0	0	0	0	140	0	0	0	360	0	122	0	0	0	1044	0	2638	0	0	116	0	0	0	0	0	0	0	
26400	Vermis_1_2	0	0	0	0	0	0	0	0	0	0	0	0	0	0	0	0	0	0	0	0	0	0	0	0	0	0	0	0	0	0	0	0	0	0	0	0	0	0	0	0	0	0	0	0	0	0	0	0	0	0	0	0	0	0	0	0	0	0	0	0	0	0	0	0	0	0	0	0	0	0	0	0	0	0	0	0	0	0	0	0	0	0	0	0	0	0	0	0	0	0	0	234	0	276	878	966	354	0	0	248	0	0	0	478	0	1738	0	116	0	4466	590	316	504	740	1076	220	
49132	Vermis_3	0	126	0	0	0	0	0	0	0	0	0	0	0	0	0	0	0	0	0	0	0	0	0	0	0	0	0	0	0	0	0	0	0	0	0	0	0	0	0	0	0	0	0	0	0	0	0	0	0	0	0	0	0	0	0	0	0	0	0	0	0	0	0	0	0	0	0	0	0	0	0	0	0	0	0	0	0	192	0	0	0	0	0	0	0	0	0	0	0	0	0	2276	0	1032	1040	3356	646	1608	146	2624	0	0	160	736	0	1360	0	0	4466	0	2562	502	450	572	712	0	
220688	Vermis_4_5	0	0	0	0	0	0	0	0	0	0	0	0	0	0	0	0	0	0	0	0	0	0	0	0	0	0	0	0	0	0	0	0	0	0	0	0	0	0	0	0	0	0	0	0	0	0	1836	3806	0	0	0	0	0	572	1698	2918	0	0	0	0	0	0	0	0	0	0	0	196	0	0	0	0	0	0	0	0	0	0	0	0	0	0	0	0	0	0	0	0	0	0	8036	11692	604	3342	1082	572	13058	11390	11656	15730	266	0	1962	2494	676	908	0	0	590	2562	0	6546	1764	1930	1544	914	
120052	Vermis_6	0	0	0	0	0	0	0	0	0	0	0	0	0	0	0	0	0	0	0	0	0	0	0	0	0	0	0	0	0	0	0	0	0	0	0	0	0	0	0	0	0	0	0	0	0	0	1048	3936	0	0	0	0	0	210	630	1188	0	0	0	0	0	0	0	0	0	0	0	0	0	0	0	0	0	0	0	0	0	0	0	0	0	0	0	0	0	0	0	0	0	0	3520	7858	844	2666	282	208	2260	440	4618	9726	156	0	838	1158	608	1344	0	0	316	502	6546	0	3600	1808	1932	1784	
142756	Vermis_7	0	0	0	0	0	0	0	0	0	0	0	0	0	0	0	0	0	0	0	0	0	0	0	0	0	0	0	0	0	0	0	0	0	0	0	0	0	0	0	0	0	0	0	0	0	0	156	394	0	0	0	0	0	0	0	0	0	0	0	0	0	0	0	0	0	0	0	0	0	0	0	0	0	0	0	0	0	0	0	0	0	0	0	0	0	0	0	0	0	0	5296	5176	7264	11570	386	234	1164	288	1224	3820	3342	3440	4700	5108	638	2186	0	0	504	450	1764	3600	0	5110	2470	1094	
97200	Vermis_8	0	0	0	0	0	0	0	0	0	0	0	0	0	0	0	0	0	0	0	0	0	0	0	0	0	0	0	0	0	0	0	0	0	0	0	0	0	0	0	0	0	0	0	0	0	0	0	0	0	0	0	0	0	0	0	0	0	0	0	0	0	0	0	0	0	0	0	0	0	0	0	0	0	0	0	0	0	0	0	0	0	0	0	0	0	0	0	0	0	0	284	1370	1722	4190	390	382	1170	312	228	1264	1870	1020	5844	5792	1720	3496	0	0	740	572	1930	1808	5110	0	5316	2070	
65036	Vermis_9	0	0	0	0	0	0	0	0	0	0	0	0	0	0	0	0	0	0	0	0	0	0	0	0	0	0	0	0	0	0	0	0	0	0	0	0	0	0	0	0	0	0	0	0	0	0	0	0	0	0	0	0	0	0	0	0	0	0	0	0	0	0	0	0	0	0	0	0	0	0	0	0	0	0	0	0	0	0	0	0	0	0	0	0	0	0	0	0	0	0	188	900	250	1510	248	604	870	292	176	760	176	0	1880	3242	1438	4630	0	0	1076	712	1544	1932	2470	5316	0	2304	
