data	data	428296	143488	1.04781e+06	809592	170100	89304	482916	218384	73000	51964	299044	319108	367248	218216	208300	188860	292420	181544	999776	772992	93300	180304	440196	396708	31940	111360	41656	70336	678096	625844	305116	504656	238896	563676	88992	86788	257972	295608	82868	171360	42920	69316	201952	226640	167900	172096	220540	213912	138896	234052	472828	201308	118884	77976	266816	333716	261532	178480	205700	60200	328680	93116	127200	111260	230244	112808	188212	286340	133924	113308	294620	622312	403668	395304	47420	68612	148092	271508	61196	41932	212588	171224	96908	76452	266144	201144	22948	29376	257036	139336	435964	455136	417944	330448	19172	28440	301340	204604	399144	380512	266524	170260	330892	313988	88556	108840	16812	5836	14484	24560	221160	178848	164512	191356	69980	11212	
data	data	Precentral_L	Precentral_R	Frontal_Sup_L	Frontal_Sup_R	Frontal_Sup_Orb_L	Frontal_Sup_Orb_R	Frontal_Mid_L	Frontal_Mid_R	Frontal_Mid_Orb_L	Frontal_Mid_Orb_R	Frontal_Inf_Oper_L	Frontal_Inf_Oper_R	Frontal_Inf_Tri_L	Frontal_Inf_Tri_R	Frontal_Inf_Orb_L	Frontal_Inf_Orb_R	Rolandic_Oper_L	Rolandic_Oper_R	Supp_Motor_Area_L	Supp_Motor_Area_R	Olfactory_L	Olfactory_R	Frontal_Sup_Medial_L	Frontal_Sup_Medial_R	Frontal_Med_Orb_L	Frontal_Med_Orb_R	Rectus_L	Rectus_R	Insula_L	Insula_R	Cingulum_Ant_L	Cingulum_Ant_R	Cingulum_Mid_L	Cingulum_Mid_R	Cingulum_Post_L	Cingulum_Post_R	Hippocampus_L	Hippocampus_R	ParaHippocampal_L	ParaHippocampal_R	Amygdala_L	Amygdala_R	Calcarine_L	Calcarine_R	Cuneus_L	Cuneus_R	Lingual_L	Lingual_R	Occipital_Sup_L	Occipital_Sup_R	Occipital_Mid_L	Occipital_Mid_R	Occipital_Inf_L	Occipital_Inf_R	Fusiform_L	Fusiform_R	Postcentral_L	Postcentral_R	Parietal_Sup_L	Parietal_Sup_R	Parietal_Inf_L	Parietal_Inf_R	SupraMarginal_L	SupraMarginal_R	Angular_L	Angular_R	Precuneus_L	Precuneus_R	Paracentral_Lobule_L	Paracentral_Lobule_R	Caudate_L	Caudate_R	Putamen_L	Putamen_R	Pallidum_L	Pallidum_R	Thalamus_L	Thalamus_R	Heschl_L	Heschl_R	Temporal_Sup_L	Temporal_Sup_R	Temporal_Pole_Sup_L	Temporal_Pole_Sup_R	Temporal_Mid_L	Temporal_Mid_R	Temporal_Pole_Mid_L	Temporal_Pole_Mid_R	Temporal_Inf_L	Temporal_Inf_R	Cerebelum_Crus1_L	Cerebelum_Crus1_R	Cerebelum_Crus2_L	Cerebelum_Crus2_R	Cerebelum_3_L	Cerebelum_3_R	Cerebelum_4_5_L	Cerebelum_4_5_R	Cerebelum_6_L	Cerebelum_6_R	Cerebelum_7b_L	Cerebelum_7b_R	Cerebelum_8_L	Cerebelum_8_R	Cerebelum_9_L	Cerebelum_9_R	Cerebelum_10_L	Cerebelum_10_R	Vermis_1_2	Vermis_3	Vermis_4_5	Vermis_6	Vermis_7	Vermis_8	Vermis_9	Vermis_10	
428296	Precentral_L	0	654	18182	1488	0	0	29872	0	0	0	16518	1526	2778	0	0	0	15360	376	16128	3680	0	0	270	0	0	0	0	0	11326	1792	114	202	900	920	1340	148	3100	292	210	0	0	0	0	0	0	0	0	0	0	0	4276	0	1120	0	1056	0	22536	124	2138	0	6176	0	2512	0	3180	0	132	0	11094	796	1796	5852	3444	476	630	282	10842	3486	1272	0	2142	96	0	0	854	0	0	0	660	0	0	0	0	0	0	0	0	0	0	0	0	0	0	0	0	0	0	0	0	0	0	0	0	0	0	0	
143488	Precentral_R	654	0	716	6146	0	0	0	5232	0	0	100	5876	0	894	0	0	0	444	1666	12344	0	0	0	0	0	0	0	0	0	2140	0	0	0	600	0	0	0	2196	0	210	0	0	0	116	0	0	0	0	0	156	0	220	0	292	0	608	108	10498	0	106	0	752	0	4284	0	360	0	718	642	5730	386	388	196	318	0	0	0	578	0	380	0	1662	0	0	0	2388	0	0	0	1484	0	156	0	0	0	0	0	0	0	0	0	0	0	0	0	0	0	0	0	0	0	0	0	0	0	0	
1.04781e+06	Frontal_Sup_L	18182	716	0	11112	13066	0	60616	1912	3106	0	9308	3352	27462	340	11564	136	9456	3452	92718	13762	130	552	47728	4482	318	514	296	94	31746	6316	19398	6026	13262	7054	0	94	5528	1116	0	0	220	0	0	0	0	0	0	0	0	0	380	0	198	0	172	0	4124	920	0	0	0	0	0	414	0	0	0	0	1716	0	8466	13278	30468	3352	4978	1514	16428	6640	1042	240	3034	418	514	94	154	0	0	0	228	0	0	0	0	0	0	0	0	0	0	0	0	0	0	0	0	0	0	0	0	0	0	0	0	0	0	0	
809592	Frontal_Sup_R	1488	6146	11112	0	0	4000	790	30680	0	1874	726	7080	412	14604	0	9376	450	7532	30098	63310	0	1870	11328	38504	122	2696	0	304	724	20782	5556	31308	3630	32082	0	0	116	6194	0	626	0	0	0	0	0	0	0	0	0	0	0	0	0	0	0	240	192	4464	0	0	0	270	0	1838	0	0	0	0	816	122	806	16838	272	20308	0	4944	210	5378	0	416	0	1342	0	330	0	164	0	0	0	326	0	0	0	0	0	0	0	0	0	0	0	0	0	0	0	0	0	0	0	0	0	0	0	0	0	0	
170100	Frontal_Sup_Orb_L	0	0	13066	0	0	0	3140	0	11292	0	0	0	3452	0	13126	0	0	0	1340	0	1678	0	4800	0	2806	0	6186	0	7674	0	2064	0	0	0	0	0	94	0	0	0	356	0	0	0	0	0	0	0	0	0	0	0	0	0	0	0	0	0	0	0	0	0	0	0	0	0	0	0	0	0	2844	0	10168	0	0	0	0	0	0	0	0	0	964	0	0	0	0	0	0	0	0	0	0	0	0	0	0	0	0	0	0	0	0	0	0	0	0	0	0	0	0	0	0	0	0	0	
89304	Frontal_Sup_Orb_R	0	0	0	4000	0	0	0	2422	0	4522	0	0	0	262	0	5950	0	0	0	108	340	3464	0	1626	134	5264	0	6700	0	1262	402	2754	0	0	0	0	0	0	0	0	0	0	0	0	0	0	0	0	0	0	0	0	0	0	0	0	0	0	0	0	0	0	0	0	0	0	0	0	0	0	298	2938	270	1936	0	0	0	0	0	0	0	0	0	0	0	0	0	0	0	0	0	0	0	0	0	0	0	0	0	0	0	0	0	0	0	0	0	0	0	0	0	0	0	0	0	0	
482916	Frontal_Mid_L	29872	0	60616	790	3140	0	0	0	2360	0	10374	1962	33738	0	5700	0	7974	282	3492	872	0	0	11214	534	0	0	0	0	19582	2234	3652	532	8716	912	0	0	4370	196	110	0	0	0	0	0	0	0	0	0	0	0	1312	0	346	0	324	0	4492	222	812	0	2184	0	856	0	1192	0	0	0	402	0	790	2242	4638	544	376	138	3136	1230	830	0	1182	0	120	0	468	0	0	0	398	0	0	0	0	0	0	0	0	0	0	0	0	0	0	0	0	0	0	0	0	0	0	0	0	0	0	0	
218384	Frontal_Mid_R	0	5232	1912	30680	0	2422	0	0	0	1968	0	8094	0	12722	0	6444	0	1628	2686	4940	0	0	796	2340	0	0	0	0	0	7560	260	1106	278	2712	0	0	0	3504	0	326	0	0	0	0	0	0	0	0	0	0	0	0	0	0	0	140	0	2228	0	0	0	114	0	1716	0	0	0	0	0	0	0	376	0	4708	0	196	0	1180	0	0	0	478	0	318	0	0	0	0	0	128	0	0	0	0	0	0	0	0	0	0	0	0	0	0	0	0	0	0	0	0	0	0	0	0	0	0	
73000	Frontal_Mid_Orb_L	0	0	3106	0	11292	0	2360	0	0	0	0	0	1194	0	11248	0	0	0	0	0	342	0	222	0	312	0	1780	0	1954	0	130	0	0	0	0	0	0	0	0	0	0	0	0	0	0	0	0	0	0	0	0	0	0	0	0	0	0	0	0	0	0	0	0	0	0	0	0	0	0	0	614	0	1946	0	0	0	0	0	0	0	0	0	0	0	0	0	0	0	0	0	0	0	0	0	0	0	0	0	0	0	0	0	0	0	0	0	0	0	0	0	0	0	0	0	0	0	
51964	Frontal_Mid_Orb_R	0	0	0	1874	0	4522	0	1968	0	0	0	188	0	330	0	8660	0	0	116	504	0	354	0	310	0	302	0	486	0	1088	0	326	0	0	0	0	0	0	0	0	0	0	0	0	0	0	0	0	0	0	0	0	0	0	0	0	0	0	0	0	0	0	0	0	0	0	0	0	0	0	0	1492	0	3462	0	0	0	0	0	0	0	0	0	0	0	0	0	0	0	0	0	0	0	0	0	0	0	0	0	0	0	0	0	0	0	0	0	0	0	0	0	0	0	0	0	0	
299044	Frontal_Inf_Oper_L	16518	100	9308	726	0	0	10374	0	0	0	0	5370	15108	150	846	0	12796	500	6098	676	0	204	840	172	0	204	0	0	17074	5572	392	592	646	308	0	0	2654	212	114	0	0	0	0	0	0	0	0	0	0	0	1890	0	206	0	648	0	3468	0	1484	0	2028	0	398	0	2420	0	0	0	0	0	8942	5480	2170	440	152	0	492	1188	836	0	5668	104	3078	98	270	0	0	0	508	0	0	0	0	0	0	0	0	0	0	0	0	0	0	0	0	0	0	0	0	0	0	0	0	0	0	0	
319108	Frontal_Inf_Oper_R	1526	5876	3352	7080	0	0	1962	8094	0	188	5370	0	7004	9848	560	1464	1288	4862	4676	4894	0	478	978	994	0	476	0	106	7102	36070	1362	2384	178	2654	0	0	336	2386	0	478	0	0	0	0	0	0	0	0	0	0	100	0	0	0	0	0	440	2284	110	0	162	122	0	1850	116	0	0	0	0	0	5522	14772	1036	4930	0	0	0	1600	0	0	380	910	422	650	0	0	0	0	0	122	0	0	0	0	0	0	0	0	0	0	0	0	0	0	0	0	0	0	0	0	0	0	0	0	0	0	
367248	Frontal_Inf_Tri_L	2778	0	27462	412	3452	0	33738	0	1194	0	15108	7004	0	102	15730	0	1096	444	4778	876	0	166	6160	566	0	166	0	0	34722	7298	3524	1144	3366	1548	0	0	456	132	0	0	0	0	0	0	0	0	0	0	0	0	0	0	0	0	0	0	150	0	0	0	0	0	0	0	0	0	0	0	0	0	3028	3080	2306	464	0	0	0	254	0	0	170	0	750	0	0	0	0	0	0	0	0	0	0	0	0	0	0	0	0	0	0	0	0	0	0	0	0	0	0	0	0	0	0	0	0	0	
218216	Frontal_Inf_Tri_R	0	894	340	14604	0	262	0	12722	0	330	150	9848	102	0	0	13410	0	916	2474	6326	0	530	896	5156	0	548	0	0	152	21928	282	5960	212	4508	0	0	0	774	0	120	0	0	0	0	0	0	0	0	0	0	0	0	0	0	0	0	0	0	0	0	0	0	0	0	0	0	0	0	0	0	168	1348	0	3688	0	160	0	162	0	0	0	0	0	138	0	0	0	0	0	0	0	0	0	0	0	0	0	0	0	0	0	0	0	0	0	0	0	0	0	0	0	0	0	0	0	0	
208300	Frontal_Inf_Orb_L	0	0	11564	0	13126	0	5700	0	11248	0	846	560	15730	0	0	0	0	152	2116	0	1510	0	1954	0	0	0	1164	0	21036	722	298	0	392	106	0	0	564	0	98	0	582	0	0	0	0	0	0	0	0	0	0	0	0	0	0	0	0	0	0	0	0	0	0	0	0	0	0	0	0	0	1526	592	10520	0	0	0	0	0	0	0	0	0	2044	0	0	0	0	0	0	0	0	0	0	0	0	0	0	0	0	0	0	0	0	0	0	0	0	0	0	0	0	0	0	0	0	0	
188860	Frontal_Inf_Orb_R	0	0	136	9376	0	5950	0	6444	0	8660	0	1464	0	13410	0	0	0	0	904	2832	142	3816	810	3248	0	582	0	3434	0	15832	226	3436	178	2556	0	0	0	264	0	120	0	336	0	0	0	0	0	0	0	0	0	0	0	0	0	0	0	0	0	0	0	0	0	0	0	0	0	0	0	0	0	3278	0	5806	0	0	0	0	0	0	0	332	0	628	0	230	0	0	0	0	0	0	0	0	0	0	0	0	0	0	0	0	0	0	0	0	0	0	0	0	0	0	0	0	0	0	
292420	Rolandic_Oper_L	15360	0	9456	450	0	0	7974	0	0	0	12796	1288	1096	0	0	0	0	370	7082	498	0	108	124	0	0	108	0	0	30068	1544	0	256	162	194	0	0	3564	270	152	0	0	0	0	0	0	0	0	0	0	0	2178	0	710	0	536	0	7818	140	1376	0	1590	0	2760	0	1306	0	0	0	104	0	3298	3368	2438	362	324	96	800	2032	4070	0	13872	0	1956	0	826	0	0	0	1330	0	0	0	0	0	0	0	0	0	0	0	0	0	0	0	0	0	0	0	0	0	0	0	0	0	0	0	
181544	Rolandic_Oper_R	376	444	3452	7532	0	0	282	1628	0	0	500	4862	444	916	152	0	370	0	5212	6264	0	0	236	0	0	0	0	0	756	16750	438	0	118	958	0	0	130	2026	0	118	0	0	0	0	0	0	0	0	0	0	0	0	0	0	0	0	236	3748	0	0	0	360	0	3034	0	388	0	0	0	0	940	4722	246	5272	0	264	190	2496	0	3480	104	8256	0	2232	0	840	0	0	0	0	0	0	0	0	0	0	0	0	0	0	0	0	0	0	0	0	0	0	0	0	0	0	0	0	0	0	
999776	Supp_Motor_Area_L	16128	1666	92718	30098	1340	0	3492	2686	0	116	6098	4676	4778	2474	2116	904	7082	5212	0	67676	0	746	10864	11160	0	538	122	118	15652	8462	5190	14320	13828	30384	462	0	4228	1260	0	98	162	98	0	0	0	0	0	0	0	0	120	0	0	0	0	0	2646	1836	0	0	0	0	0	956	0	0	200	0	9136	174	7986	26440	24208	5236	6590	1764	20062	20728	832	310	2446	922	200	144	0	0	0	0	0	0	0	0	0	0	0	0	0	0	0	0	0	0	0	0	0	0	0	0	0	0	0	0	0	0	0	0	
772992	Supp_Motor_Area_R	3680	12344	13762	63310	0	108	872	4940	0	504	676	4894	876	6326	0	2832	498	6264	67676	0	0	1946	2624	13384	0	1780	0	192	866	11324	1720	14080	4182	46448	318	968	0	2586	0	502	0	98	0	440	0	100	0	0	0	154	0	190	0	132	0	348	176	4054	0	94	0	234	0	892	0	312	0	1550	4896	12468	574	25338	162	14492	0	3526	0	17620	0	626	0	2102	0	150	0	2148	0	0	0	1138	0	0	0	0	0	0	0	0	0	0	0	0	0	0	0	0	0	0	0	0	0	0	0	0	0	0	
93300	Olfactory_L	0	0	130	0	1678	340	0	0	342	0	0	0	0	0	1510	142	0	0	0	0	0	7450	0	0	1054	408	1822	668	1988	0	3124	2390	0	0	0	0	780	0	324	0	1146	0	0	0	0	0	0	0	0	0	0	0	0	0	218	0	0	0	0	0	0	0	0	0	0	0	0	0	0	0	9274	4624	6238	792	0	0	0	0	0	0	0	0	208	0	0	0	0	0	0	0	0	0	0	0	0	0	0	0	0	0	0	0	0	0	0	0	0	0	0	0	0	0	0	0	0	0	
180304	Olfactory_R	0	0	552	1870	0	3464	0	0	0	354	204	478	166	530	0	3816	108	0	746	1946	7450	0	0	604	218	9778	268	6150	232	4246	2784	11242	0	102	0	0	0	164	0	0	0	632	0	0	0	0	0	0	0	0	0	0	0	0	0	0	0	0	0	0	0	0	0	0	0	0	0	0	0	0	9486	12938	6056	2818	0	486	0	128	0	0	0	0	0	136	0	0	0	0	0	0	0	0	0	0	0	0	0	0	0	0	0	0	0	0	0	0	0	0	0	0	0	0	0	0	0	0	
440196	Frontal_Sup_Medial_L	270	0	47728	11328	4800	0	11214	796	222	0	840	978	6160	896	1954	810	124	236	10864	2624	0	0	0	21388	1060	226	276	0	6688	1482	26668	15148	18058	15834	0	0	146	0	0	0	0	0	0	0	0	0	0	0	0	0	108	0	0	0	0	0	104	0	98	0	108	0	0	0	96	0	0	0	0	0	2894	1464	5456	328	0	0	0	240	0	0	126	0	144	0	114	0	0	0	0	0	0	0	0	0	0	0	0	0	0	0	0	0	0	0	0	0	0	0	0	0	0	0	0	0	0	0	
396708	Frontal_Sup_Medial_R	0	0	4482	38504	0	1626	534	2340	0	310	172	994	566	5156	0	3248	0	0	11160	13384	0	604	21388	0	336	2416	0	406	478	5124	11072	34732	3910	23272	0	0	0	168	0	0	0	0	0	0	0	0	0	0	0	0	0	0	0	0	0	0	0	0	0	0	0	0	0	0	0	0	0	0	0	0	398	6300	188	4962	0	124	0	0	0	0	0	0	0	0	0	0	0	0	0	0	0	0	0	0	0	0	0	0	0	0	0	0	0	0	0	0	0	0	0	0	0	0	0	0	0	0	
31940	Frontal_Med_Orb_L	0	0	318	122	2806	134	0	0	312	0	0	0	0	0	0	0	0	0	0	0	1054	218	1060	336	0	554	2506	126	0	0	3414	598	0	0	0	0	0	0	0	0	0	0	0	0	0	0	0	0	0	0	0	0	0	0	0	0	0	0	0	0	0	0	0	0	0	0	0	0	0	0	1660	130	622	0	0	0	0	0	0	0	0	0	0	0	0	0	0	0	0	0	0	0	0	0	0	0	0	0	0	0	0	0	0	0	0	0	0	0	0	0	0	0	0	0	0	0	
111360	Frontal_Med_Orb_R	0	0	514	2696	0	5264	0	0	0	302	204	476	166	548	0	582	108	0	538	1780	408	9778	226	2416	554	0	0	5758	230	1254	1206	11020	0	94	0	0	0	0	0	0	0	0	0	0	0	0	0	0	0	0	0	0	0	0	0	0	0	0	0	0	0	0	0	0	0	0	0	0	0	0	314	6460	0	2440	0	344	0	0	0	0	0	0	0	0	0	0	0	0	0	0	0	0	0	0	0	0	0	0	0	0	0	0	0	0	0	0	0	0	0	0	0	0	0	0	0	0	
41656	Rectus_L	0	0	296	0	6186	0	0	0	1780	0	0	0	0	0	1164	0	0	0	122	0	1822	268	276	0	2506	0	0	208	484	0	1210	140	0	0	0	0	0	0	0	0	122	0	0	0	0	0	0	0	0	0	0	0	0	0	0	0	0	0	0	0	0	0	0	0	0	0	0	0	0	0	2752	0	1492	0	0	0	0	0	0	0	0	0	0	0	0	0	0	0	0	0	0	0	0	0	0	0	0	0	0	0	0	0	0	0	0	0	0	0	0	0	0	0	0	0	0	0	
70336	Rectus_R	0	0	94	304	0	6700	0	0	0	486	0	106	0	0	0	3434	0	0	118	192	668	6150	0	406	126	5758	208	0	0	1724	566	3028	0	0	0	0	0	0	0	0	0	126	0	0	0	0	0	0	0	0	0	0	0	0	0	0	0	0	0	0	0	0	0	0	0	0	0	0	0	0	562	2880	446	1086	0	0	0	0	0	0	0	0	0	0	0	0	0	0	0	0	0	0	0	0	0	0	0	0	0	0	0	0	0	0	0	0	0	0	0	0	0	0	0	0	0	0	
678096	Insula_L	11326	0	31746	724	7674	0	19582	0	1954	0	17074	7102	34722	152	21036	0	30068	756	15652	866	1988	232	6688	478	0	230	484	0	0	7516	3628	1320	2598	1004	0	0	21824	352	1278	0	3126	0	0	0	0	0	0	0	0	0	1820	0	890	0	3592	0	3268	198	1146	0	1276	0	434	0	1188	0	0	0	0	0	7200	5688	24484	680	242	122	1564	2490	6620	0	11152	0	5956	0	2160	0	0	0	3698	0	0	0	0	0	0	0	0	0	0	0	0	0	0	0	0	0	0	0	0	0	0	0	0	0	0	0	
625844	Insula_R	1792	2140	6316	20782	0	1262	2234	7560	0	1088	5572	36070	7298	21928	722	15832	1544	16750	8462	11324	0	4246	1482	5124	0	1254	0	1724	7516	0	1904	8148	348	5914	0	0	404	13296	0	1912	0	1694	0	0	0	0	0	0	0	0	104	0	0	0	0	1896	700	1932	114	0	168	196	0	1158	120	216	0	120	0	170	5934	21478	1124	26810	0	570	116	4548	100	4130	450	9238	486	2860	0	2734	0	0	0	1808	0	0	0	0	0	0	0	0	0	0	0	0	0	0	0	0	0	0	0	0	0	0	0	0	0	0	
305116	Cingulum_Ant_L	114	0	19398	5556	2064	402	3652	260	130	0	392	1362	3524	282	298	226	0	438	5190	1720	3124	2784	26668	11072	3414	1206	1210	566	3628	1904	0	22196	6822	5334	0	0	0	0	0	0	0	0	0	0	0	0	0	0	0	0	0	0	0	0	0	0	0	0	0	0	0	0	0	0	0	0	0	0	0	0	7532	3638	5018	1188	0	0	0	246	0	0	0	0	0	0	0	0	0	0	0	0	0	0	0	0	0	0	0	0	0	0	0	0	0	0	0	0	0	0	0	0	0	0	0	0	0	0	
504656	Cingulum_Ant_R	202	0	6026	31308	0	2754	532	1106	0	326	592	2384	1144	5960	0	3436	256	0	14320	14080	2390	11242	15148	34732	598	11020	140	3028	1320	8148	22196	0	5876	23874	0	0	0	0	0	0	0	0	0	0	0	0	0	0	0	0	0	0	0	0	0	0	0	0	0	0	0	0	0	0	0	0	0	0	0	0	3646	15258	1324	7428	0	534	0	0	0	0	0	0	0	0	0	0	0	0	0	0	0	0	0	0	0	0	0	0	0	0	0	0	0	0	0	0	0	0	0	0	0	0	0	0	0	0	
238896	Cingulum_Mid_L	900	0	13262	3630	0	0	8716	278	0	0	646	178	3366	212	392	178	162	118	13828	4182	0	0	18058	3910	0	0	0	0	2598	348	6822	5876	0	15974	1766	394	238	0	0	0	0	0	254	0	108	0	0	0	226	0	1054	0	114	0	0	0	180	0	322	0	180	0	0	0	142	0	1892	590	6994	518	0	0	188	138	0	0	0	0	0	0	180	0	0	0	190	0	0	0	146	0	0	0	0	0	0	0	0	0	0	0	0	0	0	0	0	0	0	0	0	0	0	0	0	0	0	0	
563676	Cingulum_Mid_R	920	600	7054	32082	0	0	912	2712	0	0	308	2654	1548	4508	106	2556	194	958	30384	46448	0	102	15834	23272	0	94	0	0	1004	5914	5334	23874	15974	0	674	3278	134	596	0	0	0	0	0	3986	0	2866	0	1002	0	2328	0	1638	0	0	0	0	0	2874	0	144	0	136	0	0	0	270	1012	14710	2318	8872	142	948	0	4940	0	340	0	450	0	0	0	270	0	0	0	1636	0	0	0	928	0	0	0	0	0	0	0	0	0	0	0	0	0	0	0	0	0	0	0	0	0	0	0	0	0	0	
88992	Cingulum_Post_L	1340	0	0	0	0	0	0	0	0	0	0	0	0	0	0	0	0	0	462	318	0	0	0	0	0	0	0	0	0	0	0	0	1766	674	0	8008	4092	2042	2010	114	0	0	2846	126	900	0	2076	510	0	0	1626	0	286	0	100	0	244	254	630	0	500	0	0	0	0	0	5316	2300	3502	542	0	0	0	0	0	0	460	1020	0	0	0	0	0	0	102	0	0	0	0	0	0	0	0	0	0	0	0	0	0	0	0	0	0	0	0	0	0	0	0	0	330	0	0	0	0	0	
86788	Cingulum_Post_R	148	0	94	0	0	0	0	0	0	0	0	0	0	0	0	0	0	0	0	968	0	0	0	0	0	0	0	0	0	0	0	0	394	3278	8008	0	3680	2964	2000	234	0	0	0	1072	0	0	0	3810	0	0	0	0	0	156	0	388	0	868	0	0	0	0	0	0	0	0	994	7442	106	2382	0	0	0	0	0	0	1272	1942	0	0	0	0	0	0	0	340	0	0	0	0	0	96	0	0	0	0	0	0	0	0	0	0	0	0	0	0	0	0	0	0	758	0	0	0	0	0	
257972	Hippocampus_L	3100	0	5528	116	94	0	4370	0	0	0	2654	336	456	0	564	0	3564	130	4228	0	780	0	146	0	0	0	0	0	21824	404	0	0	238	134	4092	3680	0	2846	11218	182	7546	0	1022	0	0	0	1542	628	0	0	324	0	106	0	8514	0	490	0	96	0	146	0	184	0	126	0	2104	1130	0	0	136	458	12300	156	892	0	4034	1996	3600	0	3830	0	984	0	648	0	508	0	4362	0	0	0	0	0	94	0	128	0	0	0	0	0	0	0	0	0	0	0	0	0	218	0	0	0	0	0	
295608	Hippocampus_R	292	2196	1116	6194	0	0	196	3504	0	0	212	2386	132	774	0	264	270	2026	1260	2586	0	164	0	168	0	0	0	0	352	13296	0	0	0	596	2042	2964	2846	0	1856	22778	0	10690	0	0	0	0	0	1094	0	0	0	0	0	212	0	21464	96	482	0	0	0	0	0	412	0	0	236	1372	0	138	208	1972	372	17424	0	864	1370	5298	0	1430	0	2910	0	1800	0	2052	0	344	0	4090	0	0	0	0	0	168	0	836	0	0	0	0	0	0	0	0	0	0	0	0	0	0	0	0	0	0	
82868	ParaHippocampal_L	210	0	0	0	0	0	110	0	0	0	114	0	0	0	98	0	152	0	0	0	324	0	0	0	0	0	0	0	1278	0	0	0	0	0	2010	2000	11218	1856	0	200	3228	0	344	0	0	0	2478	608	0	0	0	0	154	0	5676	0	0	0	0	0	0	0	0	0	0	0	1498	1034	0	0	0	0	1148	0	220	0	904	1258	0	0	0	0	772	0	0	0	942	0	762	0	0	0	0	0	212	0	248	0	142	0	0	0	0	0	0	0	0	0	0	124	112	0	0	0	0	0	
171360	ParaHippocampal_R	0	210	0	626	0	0	0	326	0	0	0	478	0	120	0	120	0	118	98	502	0	0	0	0	0	0	0	0	0	1912	0	0	0	0	114	234	182	22778	200	0	0	9678	0	0	0	0	0	3220	0	186	0	204	0	732	0	21300	0	0	0	0	0	0	0	0	0	0	0	1084	0	0	0	0	100	4900	0	442	194	668	0	662	0	872	0	4962	0	728	0	3088	0	3120	0	0	0	0	0	252	0	1270	0	0	0	0	0	0	0	0	0	0	0	0	0	0	0	0	0	0	
42920	Amygdala_L	0	0	220	0	356	0	0	0	0	0	0	0	0	0	582	0	0	0	162	0	1146	0	0	0	0	0	122	0	3126	0	0	0	0	0	0	0	7546	0	3228	0	0	0	0	0	0	0	0	0	0	0	0	0	0	0	2356	0	0	0	0	0	0	0	0	0	0	0	0	0	0	0	112	0	1164	0	0	0	0	0	0	0	0	0	526	0	0	0	480	0	334	0	0	0	0	0	0	0	0	0	0	0	0	0	0	0	0	0	0	0	0	0	0	0	0	0	0	0	
69316	Amygdala_R	0	0	0	0	0	0	0	0	0	0	0	0	0	0	0	336	0	0	98	98	0	632	0	0	0	0	0	126	0	1694	0	0	0	0	0	0	0	10690	0	9678	0	0	0	0	0	0	0	0	0	0	0	0	0	0	0	5056	0	0	0	0	0	0	0	0	0	0	0	0	0	0	0	170	0	2728	0	0	0	102	0	0	0	0	0	2156	0	0	0	922	0	0	0	0	0	0	0	0	0	172	0	0	0	0	0	0	0	0	0	0	0	0	0	0	0	0	0	0	
201952	Calcarine_L	0	0	0	0	0	0	0	0	0	0	0	0	0	0	0	0	0	0	0	0	0	0	0	0	0	0	0	0	0	0	0	0	254	0	2846	0	1022	0	344	0	0	0	0	4422	16802	3190	11042	422	12780	1204	20526	232	4788	106	688	174	110	0	1026	0	606	0	0	0	310	0	15542	478	1144	0	0	0	0	0	0	0	0	0	0	0	0	0	0	0	690	0	0	0	228	0	0	0	0	0	0	0	0	0	0	0	0	0	0	0	0	0	0	0	0	0	0	0	0	0	0	0	
226640	Calcarine_R	0	116	0	0	0	0	0	0	0	0	0	0	0	0	0	0	0	0	0	440	0	0	0	0	0	0	0	0	0	0	0	0	0	3986	126	1072	0	0	0	0	0	0	4422	0	3146	16794	4128	12840	0	14160	0	13664	0	5558	0	5206	0	1978	0	0	0	262	0	0	0	338	238	15252	0	2728	0	0	0	0	0	0	0	0	0	0	0	0	0	0	0	4746	0	0	0	2014	0	0	0	0	0	0	0	0	0	0	0	0	0	0	0	0	0	0	0	0	106	0	0	0	0	0	
167900	Cuneus_L	0	0	0	0	0	0	0	0	0	0	0	0	0	0	0	0	0	0	0	0	0	0	0	0	0	0	0	0	0	0	0	0	108	0	900	0	0	0	0	0	0	0	16802	3146	0	4646	2738	118	20704	914	16488	98	1566	0	450	0	150	0	2570	0	594	0	0	0	274	0	9936	342	956	0	0	0	0	0	0	0	0	0	0	0	0	0	0	0	328	0	0	0	122	0	0	0	0	0	0	0	0	0	0	0	0	0	0	0	0	0	0	0	0	0	0	0	0	0	0	0	
172096	Cuneus_R	0	0	0	0	0	0	0	0	0	0	0	0	0	0	0	0	0	0	0	100	0	0	0	0	0	0	0	0	0	0	0	0	0	2866	0	0	0	0	0	0	0	0	3190	16794	4646	0	1528	2028	0	23902	0	7868	0	390	0	226	0	410	0	2190	0	110	0	0	0	0	2482	16368	0	536	0	0	0	0	0	0	0	0	0	0	0	0	0	0	0	304	0	0	0	110	0	0	0	0	0	0	0	0	0	0	0	0	0	0	0	0	0	0	0	0	0	0	0	0	0	0	
220540	Lingual_L	0	0	0	0	0	0	0	0	0	0	0	0	0	0	0	0	0	0	0	0	0	0	0	0	0	0	0	0	0	0	0	0	0	0	2076	0	1542	0	2478	0	0	0	11042	4128	2738	1528	0	3464	1196	1370	10218	422	3092	248	13312	1240	0	0	270	0	248	0	0	0	0	0	5976	232	348	0	0	0	0	0	0	0	0	0	0	0	0	0	0	0	178	0	0	0	210	0	8450	1194	1756	662	110	0	11292	112	14132	272	0	0	0	0	0	0	0	0	0	0	892	2306	1422	0	114	0	
213912	Lingual_R	0	0	0	0	0	0	0	0	0	0	0	0	0	0	0	0	0	0	0	0	0	0	0	0	0	0	0	0	0	0	0	0	0	1002	510	3810	628	1094	608	3220	0	0	422	12840	118	2028	3464	0	0	2878	0	2950	0	4886	0	16750	0	400	0	0	0	0	0	0	0	0	322	8784	0	570	0	0	94	0	0	0	0	0	0	0	0	0	0	0	0	1352	0	0	0	1022	1170	6370	464	372	0	0	1514	3282	1242	8426	100	0	170	0	0	0	0	0	0	0	3934	6608	3552	0	0	0	
138896	Occipital_Sup_L	0	0	0	0	0	0	0	0	0	0	0	0	0	0	0	0	0	0	0	0	0	0	0	0	0	0	0	0	0	0	0	0	226	0	0	0	0	0	0	0	0	0	12780	0	20704	0	1196	0	0	0	22112	0	1208	0	96	0	0	0	3174	0	276	0	0	0	216	0	7130	0	176	0	0	0	0	0	0	0	0	0	0	0	0	0	0	0	154	0	0	0	0	0	0	0	0	0	0	0	0	0	0	0	0	0	0	0	0	0	0	0	0	0	0	0	0	0	0	0	
234052	Occipital_Sup_R	0	156	0	0	0	0	0	0	0	0	0	0	0	0	0	0	0	0	0	154	0	0	0	0	0	0	0	0	0	0	0	0	0	2328	0	0	0	0	0	186	0	0	1204	14160	914	23902	1370	2878	0	0	0	25280	0	2004	0	1682	0	704	0	7076	0	1946	0	0	0	4712	2592	20476	0	656	0	0	0	0	0	0	0	0	0	0	0	102	0	0	0	1948	0	0	0	420	0	176	0	0	0	0	0	0	0	0	0	0	0	0	0	0	0	0	0	0	0	0	0	0	0	0	
472828	Occipital_Mid_L	4276	0	380	0	0	0	1312	0	0	0	1890	100	0	0	0	0	2178	0	120	0	0	0	108	0	0	0	0	0	1820	104	0	0	1054	0	1626	0	324	0	0	0	0	0	20526	0	16488	0	10218	0	22112	0	0	0	21750	0	6142	0	9196	0	22938	0	24056	0	2036	0	22210	0	11492	0	3122	0	0	0	0	0	0	0	0	0	566	0	772	0	0	0	18942	0	0	0	8556	0	0	0	0	0	0	0	0	0	0	0	0	0	0	0	0	0	0	0	0	0	0	0	0	0	0	0	
201308	Occipital_Mid_R	0	220	0	0	0	0	0	0	0	0	0	0	0	0	0	0	0	0	0	190	0	0	0	0	0	0	0	0	0	0	0	0	0	1638	0	0	0	0	0	204	0	0	232	13664	98	7868	422	2950	0	25280	0	0	0	5332	0	2868	0	668	0	804	0	6176	0	120	0	11664	738	8670	0	698	0	0	0	0	0	0	0	0	0	0	0	264	0	0	0	8498	0	0	0	1178	0	210	0	0	0	0	0	0	0	0	0	0	0	0	0	0	0	0	0	0	0	0	0	0	0	0	
118884	Occipital_Inf_L	1120	0	198	0	0	0	346	0	0	0	206	0	0	0	0	0	710	0	0	0	0	0	0	0	0	0	0	0	890	0	0	0	114	0	286	0	106	0	154	0	0	0	4788	0	1566	0	3092	0	1208	0	21750	0	0	0	8258	0	124	0	296	0	382	0	0	0	430	0	2212	0	520	0	0	0	0	0	0	0	0	0	292	0	280	0	0	0	4590	0	0	0	5524	0	0	0	0	0	0	0	0	0	0	0	0	0	0	0	0	0	0	0	0	0	0	0	0	0	0	0	
77976	Occipital_Inf_R	0	292	0	0	0	0	0	0	0	0	0	0	0	0	0	0	0	0	0	132	0	0	0	0	0	0	0	0	0	0	0	0	0	0	0	156	0	212	0	732	0	0	106	5558	0	390	248	4886	0	2004	0	5332	0	0	0	10836	0	0	0	0	0	0	0	0	0	0	0	420	0	0	0	0	0	0	0	0	0	0	0	0	0	0	0	0	0	1806	0	0	0	3994	0	1538	0	0	0	0	0	108	0	136	0	0	0	0	0	0	0	0	0	0	102	0	0	0	0	0	
266816	Fusiform_L	1056	0	172	0	0	0	324	0	0	0	648	0	0	0	0	0	536	0	0	0	218	0	0	0	0	0	0	0	3592	0	0	0	0	0	100	0	8514	0	5676	0	2356	0	688	0	450	0	13312	0	96	0	6142	0	8258	0	0	0	0	0	0	0	94	0	0	0	114	0	400	0	424	0	0	0	422	0	0	0	0	0	1880	0	3232	0	3160	0	2550	0	2010	0	15218	0	15462	130	898	0	0	0	10570	0	22466	150	0	0	0	0	0	0	0	0	0	0	410	1550	130	0	0	0	
333716	Fusiform_R	0	608	0	240	0	0	0	140	0	0	0	0	0	0	0	0	0	0	0	348	0	0	0	0	0	0	0	0	0	1896	0	0	0	0	0	388	0	21464	0	21300	0	5056	174	5206	0	226	1240	16750	0	1682	0	2868	0	10836	0	0	0	0	0	0	0	0	0	0	0	0	0	1112	0	98	0	0	0	2014	0	134	0	100	0	756	0	4962	0	7290	0	4792	0	3690	0	12502	360	12066	280	240	0	0	818	4602	278	12526	0	0	96	0	0	0	0	0	0	0	2532	3526	1662	0	0	0	
261532	Postcentral_L	22536	108	4124	192	0	0	4492	0	0	0	3468	440	150	0	0	0	7818	236	2646	176	0	0	104	0	0	0	0	0	3268	700	0	0	180	0	244	0	490	96	0	0	0	0	110	0	150	0	0	0	0	0	9196	0	124	0	0	0	0	0	12996	0	23610	0	8028	0	9096	0	2240	0	3758	0	370	2434	260	244	0	0	280	1616	600	0	3148	98	0	0	374	0	0	0	566	0	0	0	0	0	0	0	0	0	0	0	0	0	0	0	0	0	0	0	0	0	0	0	0	0	0	0	
178480	Postcentral_R	124	10498	920	4464	0	0	222	2228	0	0	0	2284	0	0	0	0	140	3748	1836	4054	0	0	0	0	0	0	0	0	198	1932	0	0	0	2874	254	868	0	482	0	0	0	0	0	1978	0	410	0	400	0	704	0	668	0	0	0	0	0	0	0	4136	0	5436	0	16714	0	316	108	5886	0	9384	428	312	524	162	0	0	0	344	0	356	0	1200	0	0	0	1840	0	0	0	808	0	0	0	0	0	0	0	0	0	0	0	0	0	0	0	0	0	0	0	0	0	0	0	0	0	0	
205700	Parietal_Sup_L	2138	0	0	0	0	0	812	0	0	0	1484	110	0	0	0	0	1376	0	0	0	0	0	98	0	0	0	0	0	1146	114	0	0	322	0	630	0	96	0	0	0	0	0	1026	0	2570	0	270	0	3174	0	22938	0	296	0	0	0	12996	0	0	0	23812	0	1660	0	13584	0	6008	0	2376	0	0	0	0	0	0	0	0	0	374	0	566	0	0	0	992	0	0	0	1882	0	0	0	0	0	0	0	0	0	0	0	0	0	0	0	0	0	0	0	0	0	0	0	0	0	0	0	
60200	Parietal_Sup_R	0	106	0	0	0	0	0	0	0	0	0	0	0	0	0	0	0	0	0	94	0	0	0	0	0	0	0	0	0	0	0	0	0	144	0	0	0	0	0	0	0	0	0	0	0	2190	0	0	0	7076	0	804	0	0	0	0	0	4136	0	0	0	4872	0	0	0	2946	440	6432	0	104	0	0	0	0	0	0	0	0	0	0	0	268	0	0	0	316	0	0	0	172	0	0	0	0	0	0	0	0	0	0	0	0	0	0	0	0	0	0	0	0	0	0	0	0	0	0	
328680	Parietal_Inf_L	6176	0	0	0	0	0	2184	0	0	0	2028	162	0	0	0	0	1590	0	0	0	0	0	108	0	0	0	0	0	1276	168	0	0	180	0	500	0	146	0	0	0	0	0	606	0	594	0	248	0	276	0	24056	0	382	0	94	0	23610	0	23812	0	0	0	20088	0	31640	0	1428	0	1796	0	0	0	0	0	0	0	0	0	402	0	2226	0	0	0	11106	0	0	0	7458	0	0	0	0	0	0	0	0	0	0	0	0	0	0	0	0	0	0	0	0	0	0	0	0	0	0	0	
93116	Parietal_Inf_R	0	752	0	270	0	0	0	114	0	0	0	122	0	0	0	0	0	360	0	234	0	0	0	0	0	0	0	0	0	196	0	0	0	136	0	0	0	0	0	0	0	0	0	262	0	110	0	0	0	1946	0	6176	0	0	0	0	0	5436	0	4872	0	0	0	6724	0	14138	0	1822	0	0	0	0	0	0	0	0	0	0	0	0	0	750	0	0	0	1938	0	0	0	200	0	0	0	0	0	0	0	0	0	0	0	0	0	0	0	0	0	0	0	0	0	0	0	0	0	0	
127200	SupraMarginal_L	2512	0	0	0	0	0	856	0	0	0	398	0	0	0	0	0	2760	0	0	0	0	0	0	0	0	0	0	0	434	0	0	0	0	0	0	0	184	0	0	0	0	0	0	0	0	0	0	0	0	0	2036	0	0	0	0	0	8028	0	1660	0	20088	0	0	0	6470	0	0	0	0	0	0	0	0	0	0	0	0	0	0	0	5610	0	0	0	7840	0	0	0	4724	0	0	0	0	0	0	0	0	0	0	0	0	0	0	0	0	0	0	0	0	0	0	0	0	0	0	0	
111260	SupraMarginal_R	0	4284	414	1838	0	0	0	1716	0	0	0	1850	0	0	0	0	0	3034	956	892	0	0	0	0	0	0	0	0	0	1158	0	0	0	0	0	0	0	412	0	0	0	0	0	0	0	0	0	0	0	0	0	120	0	0	0	0	0	16714	0	0	0	6724	0	0	0	6286	0	194	0	0	0	180	0	0	0	0	0	158	0	348	0	5194	0	0	0	2690	0	0	0	468	0	0	0	0	0	0	0	0	0	0	0	0	0	0	0	0	0	0	0	0	0	0	0	0	0	0	
230244	Angular_L	3180	0	0	0	0	0	1192	0	0	0	2420	116	0	0	0	0	1306	0	0	0	0	0	96	0	0	0	0	0	1188	120	0	0	142	0	0	0	126	0	0	0	0	0	310	0	274	0	0	0	216	0	22210	0	430	0	114	0	9096	0	13584	0	31640	0	6470	0	0	0	426	0	968	0	0	0	0	0	0	0	0	0	380	0	2104	0	0	0	11246	0	0	0	5768	0	0	0	0	0	0	0	0	0	0	0	0	0	0	0	0	0	0	0	0	0	0	0	0	0	0	0	
112808	Angular_R	0	360	0	0	0	0	0	0	0	0	0	0	0	0	0	0	0	388	0	312	0	0	0	0	0	0	0	0	0	216	0	0	0	270	0	0	0	0	0	0	0	0	0	338	0	0	0	0	0	4712	0	11664	0	0	0	0	0	316	0	2946	0	14138	0	6286	0	0	0	1374	0	120	0	0	0	0	0	0	0	0	0	0	0	3428	0	0	0	9068	0	0	0	468	0	0	0	0	0	0	0	0	0	0	0	0	0	0	0	0	0	0	0	0	0	0	0	0	0	0	
188212	Precuneus_L	132	0	0	0	0	0	0	0	0	0	0	0	0	0	0	0	0	0	200	0	0	0	0	0	0	0	0	0	0	0	0	0	1892	1012	5316	994	2104	236	1498	0	0	0	15542	238	9936	2482	5976	322	7130	2592	11492	738	2212	0	400	0	2240	108	6008	440	1428	0	0	0	426	0	0	6204	3820	144	0	0	0	0	0	0	0	200	0	0	0	0	0	0	394	0	0	0	152	0	0	0	0	0	0	0	0	0	0	0	0	0	0	0	0	0	0	0	0	0	98	0	0	0	0	0	
286340	Precuneus_R	0	718	0	0	0	0	0	0	0	0	0	0	0	0	0	0	0	0	0	1550	0	0	0	0	0	0	0	0	0	120	0	0	590	14710	2300	7442	1130	1372	1034	1084	0	0	478	15252	342	16368	232	8784	0	20476	0	8670	0	420	0	1112	0	5886	0	6432	0	1822	0	194	0	1374	6204	0	108	7110	0	0	0	0	0	0	0	586	0	0	0	890	0	0	0	5200	0	0	0	2276	0	0	0	0	0	0	0	112	0	0	0	0	0	0	0	0	0	0	0	0	792	0	0	0	0	0	
133924	Paracentral_Lobule_L	11094	642	1716	816	0	0	402	0	0	0	0	0	0	0	0	0	104	0	9136	4896	0	0	0	0	0	0	0	0	0	0	0	0	6994	2318	3502	106	0	0	0	0	0	0	1144	0	956	0	348	0	176	0	3122	0	520	0	424	0	3758	0	2376	0	1796	0	0	0	968	0	3820	108	0	1000	0	2374	0	0	0	114	1128	720	0	0	0	0	0	0	234	0	0	0	150	0	0	0	0	0	0	0	0	0	0	0	0	0	0	0	0	0	0	0	0	0	0	0	0	0	0	0	
113308	Paracentral_Lobule_R	796	5730	0	122	0	0	0	0	0	0	0	0	0	0	0	0	0	0	174	12468	0	0	0	0	0	0	0	0	0	170	0	0	518	8872	542	2382	0	138	0	0	0	0	0	2728	0	536	0	570	0	656	0	698	0	0	0	98	0	9384	0	104	0	0	0	0	0	120	144	7110	1000	0	0	0	0	0	0	0	0	0	0	0	0	290	0	0	0	932	0	0	0	372	0	0	0	0	0	0	0	0	0	0	0	0	0	0	0	0	0	0	0	0	0	0	0	0	0	0	
294620	Caudate_L	1796	386	8466	806	2844	298	790	0	614	0	8942	5522	3028	168	1526	0	3298	940	7986	574	9274	9486	2894	398	1660	314	2752	562	7200	5934	7532	3646	0	142	0	0	136	208	0	0	112	0	0	0	0	0	0	0	0	0	0	0	0	0	0	0	370	428	0	0	0	0	0	0	0	0	0	0	0	0	0	16622	17792	1594	1032	170	2348	2552	0	0	2024	156	1840	148	0	0	0	0	0	0	0	0	0	0	0	0	0	0	0	0	0	0	0	0	0	0	0	0	0	0	0	0	0	0	0	0	
622312	Caudate_R	5852	388	13278	16838	0	2938	2242	376	0	1492	5480	14772	3080	1348	592	3278	3368	4722	26440	25338	4624	12938	1464	6300	130	6460	0	2880	5688	21478	3638	15258	0	948	0	0	458	1972	0	0	0	170	0	0	0	0	0	0	0	0	0	0	0	0	0	0	2434	312	0	0	0	0	0	180	0	0	0	0	2374	0	16622	0	6302	23058	220	6942	1038	31892	360	114	1058	780	728	514	0	0	0	0	0	0	0	0	0	0	0	0	0	0	0	0	0	0	0	0	0	0	0	0	0	0	0	0	0	0	0	0	
403668	Putamen_L	3444	196	30468	272	10168	270	4638	0	1946	0	2170	1036	2306	0	10520	0	2438	246	24208	162	6238	6056	5456	188	622	0	1492	446	24484	1124	5018	1324	188	0	0	0	12300	372	1148	100	1164	0	0	0	0	0	0	94	0	0	0	0	0	0	422	0	260	524	0	0	0	0	0	0	0	0	0	0	0	0	17792	6302	0	664	6752	0	3002	1162	0	0	410	0	1740	0	106	0	0	0	396	0	0	0	0	0	0	0	0	0	0	0	0	0	0	0	0	0	0	0	0	0	0	0	0	0	0	0	
395304	Putamen_R	476	318	3352	20308	0	1936	544	4708	0	3462	440	4930	464	3688	0	5806	362	5272	5236	14492	792	2818	328	4962	0	2440	0	1086	680	26810	1188	7428	138	4940	0	0	156	17424	0	4900	0	2728	0	0	0	0	0	0	0	0	0	0	0	0	0	2014	244	162	0	0	0	0	0	0	0	0	0	0	0	0	1594	23058	664	0	0	8214	190	4948	0	222	102	388	0	620	0	256	0	156	0	208	0	0	0	0	0	0	0	0	0	0	0	0	0	0	0	0	0	0	0	0	0	0	0	0	0	0	
47420	Pallidum_L	630	0	4978	0	0	0	376	0	0	0	152	0	0	0	0	0	324	0	6590	0	0	0	0	0	0	0	0	0	242	0	0	0	0	0	0	0	892	0	220	0	0	0	0	0	0	0	0	0	0	0	0	0	0	0	0	0	0	0	0	0	0	0	0	0	0	0	0	0	0	0	1032	220	6752	0	0	0	1152	150	0	0	0	0	0	0	0	0	0	0	0	0	0	0	0	0	0	0	0	0	0	0	0	0	0	0	0	0	0	0	0	0	0	0	0	0	0	0	
68612	Pallidum_R	282	0	1514	4944	0	0	138	196	0	0	0	0	0	160	0	0	96	264	1764	3526	0	486	0	124	0	344	0	0	122	570	0	534	0	340	0	0	0	864	0	442	0	0	0	0	0	0	0	0	0	0	0	0	0	0	0	134	0	0	0	0	0	0	0	0	0	0	0	0	114	0	170	6942	0	8214	0	0	218	1804	0	0	0	0	0	0	0	0	0	0	0	0	0	0	0	0	0	0	0	0	0	0	0	0	0	0	0	0	0	0	0	0	0	0	0	0	0	0	
148092	Thalamus_L	10842	0	16428	210	0	0	3136	0	0	0	492	0	0	0	0	0	800	190	20062	0	0	0	0	0	0	0	0	0	1564	116	0	0	0	0	460	1272	4034	1370	904	194	0	0	0	0	0	0	0	0	0	0	0	0	0	0	0	0	280	0	0	0	0	0	0	0	0	0	0	0	1128	0	2348	1038	3002	190	1152	218	0	2412	0	0	204	0	0	0	0	0	0	0	0	0	0	0	0	0	0	0	0	0	0	0	0	0	0	0	0	0	0	0	0	0	0	0	0	0	0	0	
271508	Thalamus_R	3486	578	6640	5378	0	0	1230	1180	0	0	1188	1600	254	162	0	0	2032	2496	20728	17620	0	128	240	0	0	0	0	0	2490	4548	246	0	0	450	1020	1942	1996	5298	1258	668	0	102	0	0	0	0	0	0	0	0	0	0	0	0	0	100	1616	344	0	0	0	0	0	158	0	0	200	586	720	0	2552	31892	1162	4948	150	1804	2412	0	288	200	578	510	344	232	0	0	0	0	0	0	0	0	0	0	0	0	0	0	0	0	0	0	0	0	0	0	0	0	0	0	0	0	0	0	0	0	
61196	Heschl_L	1272	0	1042	0	0	0	830	0	0	0	836	0	0	0	0	0	4070	0	832	0	0	0	0	0	0	0	0	0	6620	100	0	0	0	0	0	0	3600	0	0	0	0	0	0	0	0	0	0	0	0	0	566	0	292	0	1880	0	600	0	374	0	402	0	0	0	380	0	0	0	0	0	0	360	0	0	0	0	0	288	0	0	3548	0	0	0	630	0	0	0	2076	0	0	0	0	0	0	0	0	0	0	0	0	0	0	0	0	0	0	0	0	0	0	0	0	0	0	0	
41932	Heschl_R	0	380	240	416	0	0	0	0	0	0	0	0	0	0	0	0	0	3480	310	626	0	0	0	0	0	0	0	0	0	4130	0	0	0	0	0	0	0	1430	0	662	0	0	0	0	0	0	0	0	0	0	0	0	0	0	0	756	0	356	0	0	0	0	0	348	0	0	0	0	0	0	0	114	0	222	0	0	0	200	0	0	0	5894	0	0	0	566	0	0	0	836	0	0	0	0	0	0	0	0	0	0	0	0	0	0	0	0	0	0	0	0	0	0	0	0	0	0	
212588	Temporal_Sup_L	2142	0	3034	0	0	0	1182	0	0	0	5668	380	170	0	0	0	13872	104	2446	0	0	0	126	0	0	0	0	0	11152	450	0	0	180	0	0	0	3830	0	0	0	0	0	0	0	0	0	0	0	0	0	772	0	280	0	3232	0	3148	0	566	0	2226	0	5610	0	2104	0	0	0	0	0	2024	1058	410	102	0	0	204	578	3548	0	0	0	4124	0	19230	0	0	0	12342	0	0	0	0	0	0	0	0	0	0	0	0	0	0	0	0	0	0	0	0	0	0	0	0	0	0	0	
171224	Temporal_Sup_R	96	1662	418	1342	0	0	0	478	0	0	104	910	0	0	0	332	0	8256	922	2102	0	0	0	0	0	0	0	0	0	9238	0	0	0	270	0	0	0	2910	0	872	0	0	0	0	0	0	0	0	0	102	0	264	0	0	0	4962	98	1200	0	268	0	750	0	5194	0	3428	0	890	0	290	156	780	0	388	0	0	0	510	0	5894	0	0	0	4228	0	19086	0	314	0	6898	0	0	0	0	0	0	0	0	0	0	0	0	0	0	0	0	0	0	0	0	0	0	0	0	0	0	
96908	Temporal_Pole_Sup_L	0	0	514	0	964	0	120	0	0	0	3078	422	750	0	2044	0	1956	0	200	0	208	0	144	0	0	0	0	0	5956	486	0	0	0	0	0	0	984	0	772	0	526	0	0	0	0	0	0	0	0	0	0	0	0	0	3160	0	0	0	0	0	0	0	0	0	0	0	0	0	0	0	1840	728	1740	0	0	0	0	344	0	0	4124	0	0	0	7302	0	2806	0	7286	0	0	0	0	0	0	0	0	0	0	0	0	0	0	0	0	0	0	0	0	0	0	0	0	0	0	0	
76452	Temporal_Pole_Sup_R	0	0	94	330	0	0	0	318	0	0	98	650	0	138	0	628	0	2232	144	150	0	136	0	0	0	0	0	0	0	2860	0	0	0	0	0	0	0	1800	0	4962	0	2156	0	0	0	0	0	0	0	0	0	0	0	0	0	7290	0	0	0	0	0	0	0	0	0	0	0	0	0	0	148	514	0	620	0	0	0	232	0	0	0	4228	0	0	0	2192	0	4674	0	1632	0	0	0	0	0	0	0	0	0	0	0	0	0	0	0	0	0	0	0	0	0	0	0	0	0	0	
266144	Temporal_Mid_L	854	0	154	0	0	0	468	0	0	0	270	0	0	0	0	0	826	0	0	0	0	0	114	0	0	0	0	0	2160	0	0	0	190	0	102	0	648	0	0	0	0	0	690	0	328	0	178	0	154	0	18942	0	4590	0	2550	0	374	0	992	0	11106	0	7840	0	11246	0	394	0	234	0	0	0	106	0	0	0	0	0	630	0	19230	0	7302	0	0	0	2276	0	38124	0	0	0	0	0	0	0	0	0	0	0	0	0	0	0	0	0	0	0	0	0	0	0	0	0	0	0	
201144	Temporal_Mid_R	0	2388	0	164	0	0	0	0	0	0	0	0	0	0	0	230	0	840	0	2148	0	0	0	0	0	0	0	0	0	2734	0	0	0	1636	0	340	0	2052	0	728	0	0	0	4746	0	304	0	1352	0	1948	0	8498	0	1806	0	4792	0	1840	0	316	0	1938	0	2690	0	9068	0	5200	0	932	0	0	0	256	0	0	0	0	0	566	0	19086	0	2192	0	0	0	984	0	18672	0	126	0	0	0	0	0	0	0	0	0	0	0	0	0	0	0	0	0	0	0	0	0	0	0	0	
22948	Temporal_Pole_Mid_L	0	0	0	0	0	0	0	0	0	0	0	0	0	0	0	0	0	0	0	0	0	0	0	0	0	0	0	0	0	0	0	0	0	0	0	0	508	0	942	0	480	0	0	0	0	0	0	0	0	0	0	0	0	0	2010	0	0	0	0	0	0	0	0	0	0	0	0	0	0	0	0	0	0	0	0	0	0	0	0	0	0	0	2806	0	2276	0	0	0	2452	0	0	0	0	0	0	0	0	0	0	0	0	0	0	0	0	0	0	0	0	0	0	0	0	0	0	0	
29376	Temporal_Pole_Mid_R	0	0	0	0	0	0	0	0	0	0	0	0	0	0	0	0	0	0	0	0	0	0	0	0	0	0	0	0	0	0	0	0	0	0	0	0	0	344	0	3088	0	922	0	0	0	0	0	0	0	0	0	0	0	0	0	3690	0	0	0	0	0	0	0	0	0	0	0	0	0	0	0	0	0	156	0	0	0	0	0	0	0	314	0	4674	0	984	0	0	0	516	0	0	0	0	0	0	0	0	0	0	0	0	0	0	0	0	0	0	0	0	0	0	0	0	0	0	
257036	Temporal_Inf_L	660	0	228	0	0	0	398	0	0	0	508	0	0	0	0	0	1330	0	0	0	0	0	0	0	0	0	0	0	3698	0	0	0	146	0	0	0	4362	0	762	0	334	0	228	0	122	0	210	0	0	0	8556	0	5524	0	15218	0	566	0	1882	0	7458	0	4724	0	5768	0	152	0	150	0	0	0	396	0	0	0	0	0	2076	0	12342	0	7286	0	38124	0	2452	0	0	0	2310	0	192	0	0	0	0	0	356	0	0	0	0	0	0	0	0	0	0	0	0	0	0	0	0	0	
139336	Temporal_Inf_R	0	1484	0	326	0	0	0	128	0	0	0	122	0	0	0	0	0	0	0	1138	0	0	0	0	0	0	0	0	0	1808	0	0	0	928	0	0	0	4090	0	3120	0	0	0	2014	0	110	0	1022	0	420	0	1178	0	3994	0	12502	0	808	0	172	0	200	0	468	0	468	0	2276	0	372	0	0	0	208	0	0	0	0	0	836	0	6898	0	1632	0	18672	0	516	0	0	0	1504	0	0	0	0	0	0	0	130	0	0	0	124	0	0	0	0	0	0	0	0	0	0	0	0	
435964	Cerebelum_Crus1_L	0	0	0	0	0	0	0	0	0	0	0	0	0	0	0	0	0	0	0	0	0	0	0	0	0	0	0	0	0	0	0	0	0	0	0	0	0	0	0	0	0	0	0	0	0	0	8450	1170	0	0	0	0	0	0	15462	360	0	0	0	0	0	0	0	0	0	0	0	0	0	0	0	0	0	0	0	0	0	0	0	0	0	0	0	0	0	0	0	0	2310	0	0	4120	41596	2384	1414	0	29460	1056	63742	3634	5352	0	12466	0	2660	382	748	0	102	234	4772	6736	6194	1668	1402	108	
455136	Cerebelum_Crus1_R	0	156	0	0	0	0	0	0	0	0	0	0	0	0	0	0	0	0	0	0	0	0	0	0	0	0	0	0	0	0	0	0	0	0	0	96	0	0	0	0	0	0	0	0	0	0	1194	6370	0	176	0	210	0	1538	130	12066	0	0	0	0	0	0	0	0	0	0	0	0	0	0	0	0	0	0	0	0	0	0	0	0	0	0	0	0	0	126	0	0	0	1504	4120	0	4078	29900	0	1956	3652	25270	2922	63944	120	3352	358	22050	0	5606	0	688	346	814	14450	10180	8662	900	634	0	
417944	Cerebelum_Crus2_L	0	0	0	0	0	0	0	0	0	0	0	0	0	0	0	0	0	0	0	0	0	0	0	0	0	0	0	0	0	0	0	0	0	0	0	0	0	0	0	0	0	0	0	0	0	0	1756	464	0	0	0	0	0	0	898	280	0	0	0	0	0	0	0	0	0	0	0	0	0	0	0	0	0	0	0	0	0	0	0	0	0	0	0	0	0	0	0	0	192	0	41596	4078	0	17062	614	0	8322	834	17008	1670	33146	5668	38720	4246	5316	222	920	0	0	146	2578	1076	13622	7988	550	0	
330448	Cerebelum_Crus2_R	0	0	0	0	0	0	0	0	0	0	0	0	0	0	0	0	0	0	0	0	0	0	0	0	0	0	0	0	0	0	0	0	0	0	0	0	0	0	0	0	0	0	0	0	0	0	662	372	0	0	0	0	0	0	0	240	0	0	0	0	0	0	0	0	0	0	0	0	0	0	0	0	0	0	0	0	0	0	0	0	0	0	0	0	0	0	0	0	0	0	2384	29900	17062	0	0	0	96	134	494	4208	6868	21480	7142	41160	0	7592	0	0	0	0	234	1100	13586	9468	1042	0	
19172	Cerebelum_3_L	0	0	0	0	0	0	0	0	0	0	0	0	0	0	0	0	0	0	0	0	0	0	0	0	0	0	0	0	0	0	0	0	0	0	0	0	94	0	212	0	0	0	0	0	0	0	110	0	0	0	0	0	0	0	0	0	0	0	0	0	0	0	0	0	0	0	0	0	0	0	0	0	0	0	0	0	0	0	0	0	0	0	0	0	0	0	0	0	0	0	1414	0	614	0	0	0	4022	0	1868	0	0	0	0	0	0	0	0	0	224	608	420	0	0	0	0	0	
28440	Cerebelum_3_R	0	0	0	0	0	0	0	0	0	0	0	0	0	0	0	0	0	0	0	0	0	0	0	0	0	0	0	0	0	0	0	0	0	0	0	0	0	168	0	252	0	0	0	0	0	0	0	0	0	0	0	0	0	0	0	0	0	0	0	0	0	0	0	0	0	0	0	0	0	0	0	0	0	0	0	0	0	0	0	0	0	0	0	0	0	0	0	0	0	0	0	1956	0	0	0	0	130	4598	0	4504	0	0	0	0	0	220	0	0	282	1224	730	0	0	0	156	0	
301340	Cerebelum_4_5_L	0	0	0	0	0	0	0	0	0	0	0	0	0	0	0	0	0	0	0	0	0	0	0	0	0	0	0	0	0	0	0	0	0	0	0	0	128	0	248	0	0	0	0	0	0	0	11292	1514	0	0	0	0	0	0	10570	818	0	0	0	0	0	0	0	0	0	0	0	0	0	0	0	0	0	0	0	0	0	0	0	0	0	0	0	0	0	0	0	0	0	0	29460	3652	8322	96	4022	130	0	4542	40946	6100	358	0	524	0	2344	978	122	0	262	602	13652	5520	100	1334	2306	728	
204604	Cerebelum_4_5_R	0	0	0	0	0	0	0	0	0	0	0	0	0	0	0	0	0	0	0	0	0	0	0	0	0	0	0	0	0	0	0	0	0	0	0	0	0	836	0	1270	0	172	0	0	0	0	112	3282	0	0	0	0	0	108	0	4602	0	0	0	0	0	0	0	0	0	0	0	112	0	0	0	0	0	0	0	0	0	0	0	0	0	0	0	0	0	0	0	0	0	0	1056	25270	834	134	0	4598	4542	0	1220	35952	0	0	0	0	0	222	0	0	0	660	16456	512	0	162	190	0	
399144	Cerebelum_6_L	0	0	0	0	0	0	0	0	0	0	0	0	0	0	0	0	0	0	0	0	0	0	0	0	0	0	0	0	0	0	0	0	0	0	0	0	0	0	142	0	0	0	0	0	0	0	14132	1242	0	0	0	0	0	0	22466	278	0	0	0	0	0	0	0	0	0	0	0	0	0	0	0	0	0	0	0	0	0	0	0	0	0	0	0	0	0	0	0	0	356	0	63742	2922	17008	494	1868	0	40946	1220	0	3600	1652	0	2250	0	2302	592	494	0	130	284	6944	9480	1926	1366	1596	140	
380512	Cerebelum_6_R	0	0	0	0	0	0	0	0	0	0	0	0	0	0	0	0	0	0	0	0	0	0	0	0	0	0	0	0	0	0	0	0	0	0	0	0	0	0	0	0	0	0	0	0	0	0	272	8426	0	0	0	0	0	136	150	12526	0	0	0	0	0	0	0	0	0	0	0	0	0	0	0	0	0	0	0	0	0	0	0	0	0	0	0	0	0	0	0	0	0	130	3634	63944	1670	4208	0	4504	6100	35952	3600	0	104	322	168	3794	0	954	0	734	400	1044	19950	12176	4372	570	416	0	
266524	Cerebelum_7b_L	0	0	0	0	0	0	0	0	0	0	0	0	0	0	0	0	0	0	0	0	0	0	0	0	0	0	0	0	0	0	0	0	0	0	0	0	0	0	0	0	0	0	0	0	0	0	0	100	0	0	0	0	0	0	0	0	0	0	0	0	0	0	0	0	0	0	0	0	0	0	0	0	0	0	0	0	0	0	0	0	0	0	0	0	0	0	0	0	0	0	5352	120	33146	6868	0	0	358	0	1652	104	0	8592	43644	11312	5556	216	552	0	0	0	0	210	2898	12398	184	0	
170260	Cerebelum_7b_R	0	0	0	0	0	0	0	0	0	0	0	0	0	0	0	0	0	0	0	0	0	0	0	0	0	0	0	0	0	0	0	0	0	0	0	0	0	0	0	0	0	0	0	0	0	0	0	0	0	0	0	0	0	0	0	0	0	0	0	0	0	0	0	0	0	0	0	0	0	0	0	0	0	0	0	0	0	0	0	0	0	0	0	0	0	0	0	0	0	0	0	3352	5668	21480	0	0	0	0	0	322	8592	0	7646	24540	0	2196	0	0	0	0	0	0	1890	9324	120	0	
330892	Cerebelum_8_L	0	0	0	0	0	0	0	0	0	0	0	0	0	0	0	0	0	0	0	0	0	0	0	0	0	0	0	0	0	0	0	0	0	0	0	0	0	0	0	0	0	0	0	0	0	0	0	170	0	0	0	0	0	0	0	96	0	0	0	0	0	0	0	0	0	0	0	0	0	0	0	0	0	0	0	0	0	0	0	0	0	0	0	0	0	0	0	0	0	0	12466	358	38720	7142	0	0	524	0	2250	168	43644	7646	0	13006	16072	808	2100	0	0	0	0	354	3422	15162	1338	0	
313988	Cerebelum_8_R	0	0	0	0	0	0	0	0	0	0	0	0	0	0	0	0	0	0	0	0	0	0	0	0	0	0	0	0	0	0	0	0	0	0	0	0	0	0	0	0	0	0	0	0	0	0	0	0	0	0	0	0	0	0	0	0	0	0	0	0	0	0	0	0	0	0	0	0	0	0	0	0	0	0	0	0	0	0	0	0	0	0	0	0	0	0	0	0	0	124	0	22050	4246	41160	0	0	0	0	0	3794	11312	24540	13006	0	0	17052	0	168	0	0	142	436	2754	14270	1940	0	
88556	Cerebelum_9_L	0	0	0	0	0	0	0	0	0	0	0	0	0	0	0	0	0	0	0	0	0	0	0	0	0	0	0	0	0	0	0	0	0	0	0	0	0	0	0	0	0	0	0	0	0	0	0	0	0	0	0	0	0	0	0	0	0	0	0	0	0	0	0	0	0	0	0	0	0	0	0	0	0	0	0	0	0	0	0	0	0	0	0	0	0	0	0	0	0	0	2660	0	5316	0	0	0	2344	0	2302	0	5556	0	16072	0	0	722	3470	0	0	0	1068	1732	196	1128	1502	210	
108840	Cerebelum_9_R	0	0	0	0	0	0	0	0	0	0	0	0	0	0	0	0	0	0	0	0	0	0	0	0	0	0	0	0	0	0	0	0	0	0	0	0	0	0	0	0	0	0	0	0	0	0	0	0	0	0	0	0	0	0	0	0	0	0	0	0	0	0	0	0	0	0	0	0	0	0	0	0	0	0	0	0	0	0	0	0	0	0	0	0	0	0	0	0	0	0	382	5606	222	7592	0	220	978	222	592	954	216	2196	808	17052	722	0	0	1328	436	438	1604	2402	1106	3302	5124	918	
16812	Cerebelum_10_L	0	0	0	0	0	0	0	0	0	0	0	0	0	0	0	0	0	0	0	0	0	0	0	0	0	0	0	0	0	0	0	0	0	0	0	0	0	0	0	0	0	0	0	0	0	0	0	0	0	0	0	0	0	0	0	0	0	0	0	0	0	0	0	0	0	0	0	0	0	0	0	0	0	0	0	0	0	0	0	0	0	0	0	0	0	0	0	0	0	0	748	0	920	0	0	0	122	0	494	0	552	0	2100	0	3470	0	0	0	0	0	0	0	0	0	0	0	
5836	Cerebelum_10_R	0	0	0	0	0	0	0	0	0	0	0	0	0	0	0	0	0	0	0	0	0	0	0	0	0	0	0	0	0	0	0	0	0	0	0	0	0	0	0	0	0	0	0	0	0	0	0	0	0	0	0	0	0	0	0	0	0	0	0	0	0	0	0	0	0	0	0	0	0	0	0	0	0	0	0	0	0	0	0	0	0	0	0	0	0	0	0	0	0	0	0	688	0	0	0	0	0	0	0	734	0	0	0	168	0	1328	0	0	0	0	0	0	0	0	0	0	
14484	Vermis_1_2	0	0	0	0	0	0	0	0	0	0	0	0	0	0	0	0	0	0	0	0	0	0	0	0	0	0	0	0	0	0	0	0	0	0	0	0	0	0	0	0	0	0	0	0	0	0	0	0	0	0	0	0	0	0	0	0	0	0	0	0	0	0	0	0	0	0	0	0	0	0	0	0	0	0	0	0	0	0	0	0	0	0	0	0	0	0	0	0	0	0	102	346	0	0	224	282	262	0	130	400	0	0	0	0	0	436	0	0	0	3598	1004	136	0	126	196	0	
24560	Vermis_3	0	0	0	0	0	0	0	0	0	0	0	0	0	0	0	0	0	0	0	0	0	0	0	0	0	0	0	0	0	0	0	0	0	0	0	0	0	0	124	0	0	0	0	0	0	0	0	0	0	0	0	0	0	0	0	0	0	0	0	0	0	0	0	0	0	0	0	0	0	0	0	0	0	0	0	0	0	0	0	0	0	0	0	0	0	0	0	0	0	0	234	814	146	0	608	1224	602	660	284	1044	0	0	0	0	0	438	0	0	3598	0	2154	134	0	0	216	0	
221160	Vermis_4_5	0	0	0	0	0	0	0	0	0	0	0	0	0	0	0	0	0	0	0	0	0	0	0	0	0	0	0	0	0	0	0	0	0	0	330	758	218	0	112	0	0	0	0	106	0	0	892	3934	0	0	0	0	0	102	410	2532	0	0	0	0	0	0	0	0	0	0	98	792	0	0	0	0	0	0	0	0	0	0	0	0	0	0	0	0	0	0	0	0	0	0	4772	14450	2578	234	420	730	13652	16456	6944	19950	0	0	0	142	1068	1604	0	0	1004	2154	0	8064	114	1676	3106	1178	
178848	Vermis_6	0	0	0	0	0	0	0	0	0	0	0	0	0	0	0	0	0	0	0	0	0	0	0	0	0	0	0	0	0	0	0	0	0	0	0	0	0	0	0	0	0	0	0	0	0	0	2306	6608	0	0	0	0	0	0	1550	3526	0	0	0	0	0	0	0	0	0	0	0	0	0	0	0	0	0	0	0	0	0	0	0	0	0	0	0	0	0	0	0	0	0	0	6736	10180	1076	1100	0	0	5520	512	9480	12176	210	0	354	436	1732	2402	0	0	136	134	8064	0	6442	3328	4318	1098	
164512	Vermis_7	0	0	0	0	0	0	0	0	0	0	0	0	0	0	0	0	0	0	0	0	0	0	0	0	0	0	0	0	0	0	0	0	0	0	0	0	0	0	0	0	0	0	0	0	0	0	1422	3552	0	0	0	0	0	0	130	1662	0	0	0	0	0	0	0	0	0	0	0	0	0	0	0	0	0	0	0	0	0	0	0	0	0	0	0	0	0	0	0	0	0	0	6194	8662	13622	13586	0	0	100	0	1926	4372	2898	1890	3422	2754	196	1106	0	0	0	0	114	6442	0	5970	2236	0	
