data	data	297712	201444	1.12891e+06	793596	115924	85484	625172	316628	84900	17080	207864	352060	344364	153504	193212	64620	166688	126688	717032	911412	85452	94396	435048	415012	77768	129408	45284	58260	681696	452744	371468	633508	131688	548452	180908	233792	259288	310396	121624	141236	61752	38036	137852	271128	103728	277924	249028	242732	137792	268144	337056	113944	81044	50472	382316	385368	212532	102528	95560	141892	168056	33996	73264	50128	74252	66936	139028	341516	90500	114872	230332	456180	427276	348644	57528	31076	152452	188028	101212	14880	189816	72724	131516	28128	360280	168296	47396	14268	304624	144040	454148	350632	392192	206880	18268	36272	246292	153656	434712	380052	303620	99436	329796	203124	146236	91420	58796	5340	16372	34544	144276	212556	206060	116848	78040	18460	
data	data	Precentral_L	Precentral_R	Frontal_Sup_L	Frontal_Sup_R	Frontal_Sup_Orb_L	Frontal_Sup_Orb_R	Frontal_Mid_L	Frontal_Mid_R	Frontal_Mid_Orb_L	Frontal_Mid_Orb_R	Frontal_Inf_Oper_L	Frontal_Inf_Oper_R	Frontal_Inf_Tri_L	Frontal_Inf_Tri_R	Frontal_Inf_Orb_L	Frontal_Inf_Orb_R	Rolandic_Oper_L	Rolandic_Oper_R	Supp_Motor_Area_L	Supp_Motor_Area_R	Olfactory_L	Olfactory_R	Frontal_Sup_Medial_L	Frontal_Sup_Medial_R	Frontal_Med_Orb_L	Frontal_Med_Orb_R	Rectus_L	Rectus_R	Insula_L	Insula_R	Cingulum_Ant_L	Cingulum_Ant_R	Cingulum_Mid_L	Cingulum_Mid_R	Cingulum_Post_L	Cingulum_Post_R	Hippocampus_L	Hippocampus_R	ParaHippocampal_L	ParaHippocampal_R	Amygdala_L	Amygdala_R	Calcarine_L	Calcarine_R	Cuneus_L	Cuneus_R	Lingual_L	Lingual_R	Occipital_Sup_L	Occipital_Sup_R	Occipital_Mid_L	Occipital_Mid_R	Occipital_Inf_L	Occipital_Inf_R	Fusiform_L	Fusiform_R	Postcentral_L	Postcentral_R	Parietal_Sup_L	Parietal_Sup_R	Parietal_Inf_L	Parietal_Inf_R	SupraMarginal_L	SupraMarginal_R	Angular_L	Angular_R	Precuneus_L	Precuneus_R	Paracentral_Lobule_L	Paracentral_Lobule_R	Caudate_L	Caudate_R	Putamen_L	Putamen_R	Pallidum_L	Pallidum_R	Thalamus_L	Thalamus_R	Heschl_L	Heschl_R	Temporal_Sup_L	Temporal_Sup_R	Temporal_Pole_Sup_L	Temporal_Pole_Sup_R	Temporal_Mid_L	Temporal_Mid_R	Temporal_Pole_Mid_L	Temporal_Pole_Mid_R	Temporal_Inf_L	Temporal_Inf_R	Cerebelum_Crus1_L	Cerebelum_Crus1_R	Cerebelum_Crus2_L	Cerebelum_Crus2_R	Cerebelum_3_L	Cerebelum_3_R	Cerebelum_4_5_L	Cerebelum_4_5_R	Cerebelum_6_L	Cerebelum_6_R	Cerebelum_7b_L	Cerebelum_7b_R	Cerebelum_8_L	Cerebelum_8_R	Cerebelum_9_L	Cerebelum_9_R	Cerebelum_10_L	Cerebelum_10_R	Vermis_1_2	Vermis_3	Vermis_4_5	Vermis_6	Vermis_7	Vermis_8	Vermis_9	Vermis_10	
297712	Precentral_L	0	1300	6396	194	0	0	25126	0	0	0	12012	1836	2212	110	0	0	7248	0	3094	3134	0	0	0	0	0	0	0	0	8170	1838	242	1036	352	756	2902	1678	2502	598	156	0	0	0	0	0	0	0	0	0	106	0	1220	0	138	0	0	0	28890	0	296	0	4572	0	908	0	270	0	126	0	6356	258	1380	1226	7384	0	2696	0	2034	274	3796	0	694	0	0	0	2174	0	0	0	1166	0	0	0	0	0	0	0	0	0	0	0	0	0	0	0	0	0	0	0	0	0	0	0	0	0	0	0	
201444	Precentral_R	1300	0	608	3496	0	0	172	15106	0	0	0	6582	0	0	0	0	0	2650	3224	8444	0	0	0	0	0	0	0	0	0	1482	0	116	210	514	3000	4422	192	6248	0	1444	0	0	0	600	0	646	0	92	0	420	0	0	0	230	0	2492	0	15752	0	0	0	0	0	1564	0	0	100	1512	444	3788	150	822	0	4850	0	0	0	1396	0	0	0	286	0	0	0	2412	0	0	0	3956	0	0	0	0	0	0	0	0	0	0	0	0	0	0	0	0	0	0	0	0	0	0	0	0	0	0	
1.12891e+06	Frontal_Sup_L	6396	608	0	14850	9914	0	75228	4706	5476	0	8228	3796	29562	716	9640	0	4948	684	83376	35984	336	0	54686	8278	5736	2282	796	0	50930	3212	23502	11144	3342	9486	2092	2186	4444	2010	1102	160	216	0	0	0	0	0	0	0	0	0	0	0	0	0	384	0	1980	0	0	0	0	0	0	0	0	0	0	0	130	0	9028	4560	35810	784	7460	226	17820	1364	3734	0	700	0	424	0	0	0	0	0	0	0	0	0	0	0	0	0	0	0	0	0	0	0	0	0	0	0	0	0	0	0	0	0	0	0	0	0	
793596	Frontal_Sup_R	194	3496	14850	0	0	4810	2452	26924	0	488	570	20552	522	10786	0	4364	0	5698	20912	62246	136	290	10512	41288	90	3884	0	1158	732	24120	7108	38926	1430	23352	892	940	776	5070	0	1278	0	0	0	0	0	0	0	0	0	0	0	0	0	0	0	338	0	232	0	0	0	0	0	0	0	0	0	0	0	0	2964	18678	3020	16082	0	2812	426	11312	0	0	0	0	0	0	0	0	0	0	0	88	0	0	0	0	0	0	0	0	0	0	0	0	0	0	0	0	0	0	0	0	0	0	0	0	0	0	
115924	Frontal_Sup_Orb_L	0	0	9914	0	0	0	1668	0	10242	0	0	0	648	0	8044	0	0	0	0	0	1394	0	2582	452	3510	496	6074	0	3506	0	3176	474	0	0	0	0	0	0	0	0	316	0	0	0	0	0	0	0	0	0	0	0	0	0	0	0	0	0	0	0	0	0	0	0	0	0	0	0	0	0	372	0	4144	0	0	0	0	0	0	0	0	0	950	0	0	0	0	0	0	0	0	0	0	0	0	0	0	0	0	0	0	0	0	0	0	0	0	0	0	0	0	0	0	0	0	0	
85484	Frontal_Sup_Orb_R	0	0	0	4810	0	0	0	1238	0	3708	0	0	0	232	0	2836	0	0	0	0	212	1092	612	5160	614	8078	88	6504	0	896	636	1274	0	0	0	0	0	0	0	0	0	0	0	0	0	0	0	0	0	0	0	0	0	0	0	0	0	0	0	0	0	0	0	0	0	0	0	0	0	0	208	1192	144	3208	0	0	0	0	0	0	0	0	0	0	0	0	0	0	0	0	0	0	0	0	0	0	0	0	0	0	0	0	0	0	0	0	0	0	0	0	0	0	0	0	0	0	
625172	Frontal_Mid_L	25126	172	75228	2452	1668	0	0	1510	3782	0	15018	2226	36930	408	11140	0	4232	124	8366	2594	246	0	13384	1238	520	0	0	0	37736	2140	9562	5652	544	1102	1660	1720	5266	1670	266	252	284	0	0	0	0	0	0	0	0	0	0	0	0	0	140	0	2358	0	0	0	370	0	0	0	0	0	0	0	0	0	1488	4740	17864	494	3490	0	1908	862	3970	0	432	0	252	0	0	0	0	0	0	0	0	0	0	0	0	0	0	0	0	0	0	0	0	0	0	0	0	0	0	0	0	0	0	0	0	0	
316628	Frontal_Mid_R	0	15106	4706	26924	0	1238	1510	0	0	1334	0	16282	84	7242	0	5534	0	9190	4496	4636	0	0	636	2966	0	94	0	0	138	14952	500	3150	304	1716	360	362	308	5020	86	724	0	0	0	0	0	0	0	0	0	0	0	0	0	0	0	172	0	2514	0	0	0	0	0	516	0	0	0	0	0	0	952	3682	0	16778	0	942	0	3160	0	0	0	0	0	0	0	0	0	0	0	0	0	0	0	0	0	0	0	0	0	0	0	0	0	0	0	0	0	0	0	0	0	0	0	0	0	0	
84900	Frontal_Mid_Orb_L	0	0	5476	0	10242	0	3782	0	0	0	0	0	2042	0	13186	0	0	0	154	0	152	0	438	0	326	0	1314	0	2632	0	264	0	0	0	0	0	0	0	0	0	142	0	0	0	0	0	0	0	0	0	0	0	0	0	0	0	0	0	0	0	0	0	0	0	0	0	0	0	0	0	0	0	2076	0	0	0	0	0	0	0	0	0	224	0	0	0	0	0	0	0	0	0	0	0	0	0	0	0	0	0	0	0	0	0	0	0	0	0	0	0	0	0	0	0	0	0	
17080	Frontal_Mid_Orb_R	0	0	0	488	0	3708	0	1334	0	0	0	0	0	194	0	2816	0	0	0	0	0	0	0	0	0	0	0	0	0	0	0	0	0	0	0	0	0	0	0	0	0	0	0	0	0	0	0	0	0	0	0	0	0	0	0	0	0	0	0	0	0	0	0	0	0	0	0	0	0	0	0	0	0	0	0	0	0	0	0	0	0	0	0	0	0	0	0	0	0	0	0	0	0	0	0	0	0	0	0	0	0	0	0	0	0	0	0	0	0	0	0	0	0	0	0	0	
207864	Frontal_Inf_Oper_L	12012	0	8228	570	0	0	15018	0	0	0	0	3626	10674	0	548	0	11212	0	3460	1236	0	0	438	86	160	0	0	0	16470	3622	3534	1494	0	194	0	0	148	0	0	0	0	0	0	0	0	0	0	0	0	0	0	0	0	0	0	0	2310	0	0	0	236	0	0	0	0	0	0	0	0	0	1692	2482	1612	0	0	0	0	0	906	0	1078	0	886	0	0	0	0	0	0	0	0	0	0	0	0	0	0	0	0	0	0	0	0	0	0	0	0	0	0	0	0	0	0	0	0	0	
352060	Frontal_Inf_Oper_R	1836	6582	3796	20552	0	0	2226	16282	0	0	3626	0	558	8208	0	232	1796	9766	8338	15198	0	0	1358	2326	0	0	0	0	1498	37708	2222	7004	400	5850	0	0	0	1202	0	292	0	0	0	0	0	0	0	0	0	0	0	0	0	0	0	0	370	642	0	0	0	0	0	0	0	0	0	0	0	0	1794	3870	94	8344	0	516	0	1216	328	0	0	0	0	0	0	0	0	0	0	0	0	0	0	0	0	0	0	0	0	0	0	0	0	0	0	0	0	0	0	0	0	0	0	0	0	0	
344364	Frontal_Inf_Tri_L	2212	0	29562	522	648	0	36930	84	2042	0	10674	558	0	86	16768	0	628	0	7938	618	0	0	7962	476	402	0	0	0	44406	516	3238	574	248	262	0	0	0	0	0	0	0	0	0	0	0	0	0	0	0	0	0	0	0	0	0	0	0	0	0	0	0	0	0	0	0	0	0	0	0	0	110	588	2772	0	0	0	0	0	0	0	100	0	1258	0	0	0	0	0	0	0	0	0	0	0	0	0	0	0	0	0	0	0	0	0	0	0	0	0	0	0	0	0	0	0	0	0	
153504	Frontal_Inf_Tri_R	110	0	716	10786	0	232	408	7242	0	194	0	8208	86	0	0	3474	0	116	3510	6436	0	0	1246	5136	0	0	0	0	136	12440	610	6580	642	6458	0	0	0	0	0	0	0	0	0	0	0	0	0	0	0	0	0	0	0	0	0	0	0	0	0	0	0	0	0	0	0	0	0	0	0	0	0	1128	0	858	0	0	0	0	0	0	0	0	0	0	0	0	0	0	0	0	0	0	0	0	0	0	0	0	0	0	0	0	0	0	0	0	0	0	0	0	0	0	0	0	0	0	
193212	Frontal_Inf_Orb_L	0	0	9640	0	8044	0	11140	0	13186	0	548	0	16768	0	0	0	242	0	710	0	1868	0	90	0	198	0	1300	0	19670	0	626	0	0	0	0	0	660	0	102	0	1220	0	0	0	0	0	0	0	0	0	0	0	0	0	146	0	0	0	0	0	0	0	0	0	0	0	0	0	0	0	508	0	5178	0	0	0	0	0	0	0	0	0	4762	0	0	0	0	0	0	0	0	0	0	0	0	0	0	0	0	0	0	0	0	0	0	0	0	0	0	0	0	0	0	0	0	0	
64620	Frontal_Inf_Orb_R	0	0	0	4364	0	2836	0	5534	0	2816	0	232	0	3474	0	0	0	0	970	1484	0	662	228	670	0	0	0	776	0	4770	0	308	170	1416	0	0	0	0	0	0	0	0	0	0	0	0	0	0	0	0	0	0	0	0	0	0	0	0	0	0	0	0	0	0	0	0	0	0	0	0	0	240	0	1360	0	0	0	0	0	0	0	0	0	0	0	0	0	0	0	0	0	0	0	0	0	0	0	0	0	0	0	0	0	0	0	0	0	0	0	0	0	0	0	0	0	0	
166688	Rolandic_Oper_L	7248	0	4948	0	0	0	4232	0	0	0	11212	1796	628	0	242	0	0	0	2136	446	0	0	102	0	86	0	0	0	17396	1802	1166	620	0	302	0	0	0	0	0	0	0	0	0	0	0	0	0	0	0	0	260	0	0	0	100	0	4990	0	0	0	1452	0	1888	0	258	0	0	0	0	0	2970	864	2950	0	0	0	554	0	3700	0	4794	0	820	0	1776	0	0	0	1606	0	0	0	0	0	0	0	0	0	0	0	0	0	0	0	0	0	0	0	0	0	0	0	0	0	0	0	
126688	Rolandic_Oper_R	0	2650	684	5698	0	0	124	9190	0	0	0	9766	0	116	0	0	0	0	688	3938	0	0	0	90	0	0	0	0	0	15118	154	792	0	344	180	180	0	1880	0	96	0	0	0	0	0	0	0	0	0	0	0	0	0	0	0	98	0	1524	0	0	0	0	0	1882	0	0	0	0	0	0	0	1324	0	3532	0	520	0	158	0	490	0	1718	0	0	0	110	0	0	0	300	0	0	0	0	0	0	0	0	0	0	0	0	0	0	0	0	0	0	0	0	0	0	0	0	0	0	
717032	Supp_Motor_Area_L	3094	3224	83376	20912	0	0	8366	4496	154	0	3460	8338	7938	3510	710	970	2136	688	0	60220	0	0	13496	4430	180	0	0	0	18066	8806	5038	7614	8542	24354	3126	2854	3248	1658	1038	190	0	0	0	0	0	0	0	0	0	0	210	0	0	0	256	0	926	0	0	0	0	0	0	0	0	0	0	0	2866	122	4210	2338	12042	1140	838	190	14918	1310	2380	0	278	0	0	0	172	0	0	0	88	0	0	0	0	0	0	0	0	0	0	0	0	0	0	0	0	0	0	0	0	0	0	0	0	0	0	0	
911412	Supp_Motor_Area_R	3134	8444	35984	62246	0	0	2594	4636	0	0	1236	15198	618	6436	0	1484	446	3938	60220	0	0	0	3908	7318	0	0	0	0	1958	14300	4630	20328	6744	54632	3070	11636	696	4142	0	1148	0	0	0	652	0	2330	0	272	0	1764	0	84	0	524	0	746	964	688	0	100	0	0	0	0	0	0	248	5458	3264	14312	5176	32164	3610	7694	0	2986	1410	25090	238	0	0	216	0	0	0	3264	0	0	0	1328	0	0	0	0	0	0	0	0	0	0	0	0	0	0	0	0	0	0	0	0	0	0	0	0	0	0	
85452	Olfactory_L	0	0	336	136	1394	212	246	0	152	0	0	0	0	0	1868	0	0	0	0	0	0	5786	0	308	466	836	1952	1100	2732	0	1888	1972	0	0	0	0	520	0	410	0	2198	0	0	0	0	0	0	0	0	0	0	0	0	0	142	0	0	0	0	0	0	0	0	0	0	0	0	0	0	0	7150	4022	5198	870	120	0	0	0	0	0	0	0	560	0	0	0	152	0	0	0	0	0	0	0	0	0	0	0	0	0	0	0	0	0	0	0	0	0	0	0	0	0	0	0	0	0	
94396	Olfactory_R	0	0	0	290	0	1092	0	0	0	0	0	0	0	0	0	662	0	0	0	0	5786	0	0	624	0	1832	252	3008	0	1442	2240	3716	0	0	0	0	0	0	0	0	886	0	0	0	0	0	0	0	0	0	0	0	0	0	0	0	0	0	0	0	0	0	0	0	0	0	0	0	0	0	8254	7260	7096	2124	634	0	0	0	0	0	0	0	0	0	0	0	0	0	0	0	0	0	0	0	0	0	0	0	0	0	0	0	0	0	0	0	0	0	0	0	0	0	0	0	0	0	
435048	Frontal_Sup_Medial_L	0	0	54686	10512	2582	612	13384	636	438	0	438	1358	7962	1246	90	228	102	0	13496	3908	0	0	0	24124	5450	3370	768	0	9650	1802	22722	18876	3692	11468	0	0	0	0	0	0	0	0	0	0	0	0	0	0	0	0	0	0	0	0	0	0	0	0	0	0	0	0	0	0	0	0	0	0	0	0	344	1284	1452	844	0	0	0	0	0	0	0	0	0	0	0	0	0	0	0	0	0	0	0	0	0	0	0	0	0	0	0	0	0	0	0	0	0	0	0	0	0	0	0	0	0	0	
415012	Frontal_Sup_Medial_R	0	0	8278	41288	452	5160	1238	2966	0	0	86	2326	476	5136	0	670	0	90	4430	7318	308	624	24124	0	2456	11196	98	1976	598	5366	7602	35936	738	15816	0	0	0	0	0	0	0	0	0	0	0	0	0	0	0	0	0	0	0	0	0	0	0	0	0	0	0	0	0	0	0	0	0	0	0	0	308	9910	536	10000	0	0	0	0	0	0	0	0	0	0	0	0	0	0	0	0	0	0	0	0	0	0	0	0	0	0	0	0	0	0	0	0	0	0	0	0	0	0	0	0	0	0	
77768	Frontal_Med_Orb_L	0	0	5736	90	3510	614	520	0	326	0	160	0	402	0	198	0	86	0	180	0	466	0	5450	2456	0	4268	2006	0	914	0	8058	2328	0	0	0	0	0	0	0	0	118	0	0	0	0	0	0	0	0	0	0	0	0	0	0	0	0	0	0	0	0	0	0	0	0	0	0	0	0	0	378	0	620	0	0	0	0	0	0	0	0	0	0	0	0	0	0	0	0	0	0	0	0	0	0	0	0	0	0	0	0	0	0	0	0	0	0	0	0	0	0	0	0	0	0	0	
129408	Frontal_Med_Orb_R	0	0	2282	3884	496	8078	0	94	0	0	0	0	0	0	0	0	0	0	0	0	836	1832	3370	11196	4268	0	200	7216	118	0	4562	7554	0	0	0	0	0	0	0	0	114	0	0	0	0	0	0	0	0	0	0	0	0	0	0	0	0	0	0	0	0	0	0	0	0	0	0	0	0	0	802	3190	854	3758	0	0	0	0	0	0	0	0	0	0	0	0	0	0	0	0	0	0	0	0	0	0	0	0	0	0	0	0	0	0	0	0	0	0	0	0	0	0	0	0	0	0	
45284	Rectus_L	0	0	796	0	6074	88	0	0	1314	0	0	0	0	0	1300	0	0	0	0	0	1952	252	768	98	2006	200	0	118	774	0	3272	292	0	0	0	0	0	0	0	0	638	0	0	0	0	0	0	0	0	0	0	0	0	0	0	0	0	0	0	0	0	0	0	0	0	0	0	0	0	0	1420	106	770	0	0	0	0	0	0	0	0	0	404	0	0	0	0	0	0	0	0	0	0	0	0	0	0	0	0	0	0	0	0	0	0	0	0	0	0	0	0	0	0	0	0	0	
58260	Rectus_R	0	0	0	1158	0	6504	0	0	0	0	0	0	0	0	0	776	0	0	0	0	1100	3008	0	1976	0	7216	118	0	0	804	118	1556	0	0	0	0	0	0	0	0	188	0	0	0	0	0	0	0	0	0	0	0	0	0	0	0	0	0	0	0	0	0	0	0	0	0	0	0	0	0	1064	1458	728	1358	0	0	0	0	0	0	0	0	0	0	0	0	0	0	0	0	0	0	0	0	0	0	0	0	0	0	0	0	0	0	0	0	0	0	0	0	0	0	0	0	0	0	
681696	Insula_L	8170	0	50930	732	3506	0	37736	138	2632	0	16470	1498	44406	136	19670	0	17396	0	18066	1958	2732	0	9650	598	914	118	774	0	0	1472	6336	1994	354	838	582	518	8346	572	1544	104	2092	0	0	0	0	0	0	0	0	0	0	0	0	0	4946	0	3938	0	0	0	166	0	1026	0	0	0	0	0	0	0	4578	2584	26592	142	0	0	3082	394	11746	0	5944	0	6234	0	1814	0	360	0	4320	0	0	0	0	0	0	0	0	0	0	0	0	0	0	0	0	0	0	0	0	0	0	0	0	0	0	0	
452744	Insula_R	1838	1482	3212	24120	0	896	2140	14952	0	0	3622	37708	516	12440	0	4770	1802	15118	8806	14300	0	1442	1802	5366	0	0	0	804	1472	0	2088	10490	522	8888	360	362	154	6794	0	1210	0	496	0	0	0	0	0	0	0	0	0	0	0	0	0	3764	372	276	0	0	0	0	0	0	0	0	0	0	0	0	1842	5218	110	14764	0	520	0	666	336	286	0	3480	0	480	0	522	0	0	0	3764	0	0	0	0	0	0	0	0	0	0	0	0	0	0	0	0	0	0	0	0	0	0	0	0	0	0	
371468	Cingulum_Ant_L	242	0	23502	7108	3176	636	9562	500	264	0	3534	2222	3238	610	626	0	1166	154	5038	4630	1888	2240	22722	7602	8058	4562	3272	118	6336	2088	0	25340	4022	6224	384	0	0	84	0	0	334	0	0	0	0	0	0	0	0	0	0	0	0	0	0	0	0	0	0	0	0	0	0	0	0	0	0	0	0	0	6000	7620	8088	2450	0	0	0	0	0	0	0	0	94	0	0	0	0	0	0	0	0	0	0	0	0	0	0	0	0	0	0	0	0	0	0	0	0	0	0	0	0	0	0	0	0	0	
633508	Cingulum_Ant_R	1036	116	11144	38926	474	1274	5652	3150	0	0	1494	7004	574	6580	0	308	620	792	7614	20328	1972	3716	18876	35936	2328	7554	292	1556	1994	10490	25340	0	3910	32984	0	0	0	212	0	0	242	0	0	0	0	0	0	0	0	0	0	0	0	0	0	0	106	140	0	0	0	0	0	0	0	0	0	0	0	0	6040	33470	4564	16916	0	270	0	368	392	0	0	0	0	0	0	0	0	0	0	0	0	0	0	0	0	0	0	0	0	0	0	0	0	0	0	0	0	0	0	0	0	0	0	0	0	0	
131688	Cingulum_Mid_L	352	210	3342	1430	0	0	544	304	0	0	0	400	248	642	0	170	0	0	8542	6744	0	0	3692	738	0	0	0	0	354	522	4022	3910	0	11024	3410	1444	0	0	0	0	0	0	160	0	364	0	0	0	164	0	1520	0	0	0	0	0	1036	0	728	0	158	0	0	0	0	0	1166	1324	5530	424	92	446	0	0	0	0	0	0	0	0	0	0	0	0	604	0	0	0	84	0	0	0	0	0	0	0	0	0	0	0	0	0	0	0	0	0	0	0	0	0	0	0	0	0	0	0	
548452	Cingulum_Mid_R	756	514	9486	23352	0	0	1102	1716	0	0	194	5850	262	6458	0	1416	302	344	24354	54632	0	0	11468	15816	0	0	0	0	838	8888	6224	32984	11024	0	1876	10736	0	120	0	0	0	0	0	1156	0	2464	0	460	0	1726	0	88	0	546	0	244	0	556	0	108	0	0	0	0	0	0	452	8354	2660	10560	994	7628	320	2250	0	140	0	134	182	0	0	0	0	0	0	1904	0	0	0	588	0	0	0	0	0	0	0	0	0	0	0	0	0	0	0	0	0	0	0	0	0	0	0	0	0	0	
180908	Cingulum_Post_L	2902	3000	2092	892	0	0	1660	360	0	0	0	0	0	0	0	0	0	180	3126	3070	0	0	0	0	0	0	0	0	582	360	384	0	3410	1876	0	15348	9182	8312	3672	1698	0	0	3160	0	1022	0	1800	140	170	0	1470	0	196	0	632	296	592	92	460	0	94	0	0	0	0	0	6090	704	1388	620	146	508	114	812	0	0	2322	3738	484	0	0	0	0	0	1000	0	0	0	194	104	0	0	0	0	0	0	0	0	0	0	0	0	0	0	0	0	0	0	0	0	0	0	0	0	0	0	
233792	Cingulum_Post_R	1678	4422	2186	940	0	0	1720	362	0	0	0	0	0	0	0	0	0	180	2854	11636	0	0	0	0	0	0	0	0	518	362	0	0	1444	10736	15348	0	7352	10998	1806	2854	0	0	0	3008	0	114	220	3854	0	102	0	0	0	336	292	2098	132	92	0	98	0	0	0	0	0	0	850	10212	1194	4778	144	508	130	812	0	0	3010	4304	500	0	0	0	0	0	0	550	0	0	0	1556	0	0	0	0	0	0	0	0	0	0	0	0	0	0	0	0	0	0	0	0	606	0	0	0	0	0	
259288	Hippocampus_L	2502	192	4444	776	0	0	5266	308	0	0	148	0	0	0	660	0	0	0	3248	696	520	0	0	0	0	0	0	0	8346	154	0	0	0	0	9182	7352	0	6662	17438	1492	7050	0	1468	0	0	0	3218	442	0	0	0	0	0	0	16222	170	646	0	0	0	0	0	0	0	0	0	2808	520	0	0	154	458	6134	628	246	0	5250	4032	2284	0	1290	0	844	0	318	0	900	0	4070	0	156	0	0	0	0	0	562	0	270	0	0	0	118	0	0	0	0	0	0	0	0	0	0	0	0	0	
310396	Hippocampus_R	598	6248	2010	5070	0	0	1670	5020	0	0	0	1202	0	0	0	0	0	1880	1658	4142	0	0	0	0	0	0	0	0	572	6794	84	212	0	120	8312	10998	6662	0	1678	21542	0	5962	0	1390	0	0	188	1958	0	0	0	0	0	154	272	17270	120	956	0	0	0	0	0	160	0	0	512	4116	0	0	560	1234	128	13168	0	560	2400	7204	544	402	0	872	0	530	0	1242	0	0	0	6164	0	0	0	0	0	0	0	0	0	0	0	0	0	0	0	0	0	0	0	0	660	0	0	0	0	0	
121624	ParaHippocampal_L	156	0	1102	0	0	0	266	86	0	0	0	0	0	0	102	0	0	0	1038	0	410	0	0	0	0	0	0	0	1544	0	0	0	0	0	3672	1806	17438	1678	0	740	1998	0	1312	0	0	0	3904	476	0	0	0	0	0	0	10160	0	0	0	0	0	0	0	0	0	0	0	2838	158	0	0	102	0	1614	128	0	0	1510	960	0	0	400	0	1418	0	0	0	2228	0	398	0	152	0	0	0	0	0	622	0	278	0	0	0	118	0	0	0	0	0	0	0	0	0	0	0	0	0	
141236	ParaHippocampal_R	0	1444	160	1278	0	0	252	724	0	0	0	292	0	0	0	0	0	96	190	1148	0	0	0	0	0	0	0	0	104	1210	0	0	0	0	1698	2854	1492	21542	740	0	0	3632	0	1210	0	0	0	2420	0	0	0	0	0	104	0	14404	0	0	0	0	0	0	0	110	0	0	204	2434	0	0	0	164	0	2016	0	494	386	2358	116	148	0	0	0	1852	0	176	0	634	0	2046	0	0	0	0	0	0	0	206	0	0	0	0	0	0	0	0	0	0	0	0	280	0	0	0	0	0	
61752	Amygdala_L	0	0	216	0	316	0	284	0	142	0	0	0	0	0	1220	0	0	0	0	0	2198	886	0	0	118	114	638	188	2092	0	334	242	0	0	0	0	7050	0	1998	0	0	0	0	0	0	0	0	0	0	0	0	0	0	0	4926	0	0	0	0	0	0	0	0	0	0	0	0	0	0	0	1566	640	2160	162	0	0	0	0	0	0	0	0	524	0	0	0	908	0	1954	0	0	0	0	0	0	0	0	0	0	0	0	0	0	0	0	0	0	0	0	0	0	0	0	0	0	0	
38036	Amygdala_R	0	0	0	0	0	0	0	0	0	0	0	0	0	0	0	0	0	0	0	0	0	0	0	0	0	0	0	0	0	496	0	0	0	0	0	0	0	5962	0	3632	0	0	0	0	0	0	0	0	0	0	0	0	0	0	0	4900	0	0	0	0	0	0	0	0	0	0	0	0	0	0	0	0	0	476	0	0	0	0	0	0	0	0	0	1554	0	826	0	206	0	966	0	0	0	0	0	0	0	0	0	0	0	0	0	0	0	0	0	0	0	0	0	0	0	0	0	0	
137852	Calcarine_L	0	0	0	0	0	0	0	0	0	0	0	0	0	0	0	0	0	0	0	0	0	0	0	0	0	0	0	0	0	0	0	0	160	0	3160	0	1468	0	1312	0	0	0	0	3548	7062	1042	8492	2316	6158	488	18266	0	1826	0	826	534	0	0	190	0	0	0	0	0	98	0	7536	0	0	0	0	0	0	0	0	0	0	0	0	0	0	0	0	0	3924	0	0	0	520	0	0	0	0	0	0	0	0	0	0	0	0	0	0	0	0	0	0	0	0	0	0	0	0	0	0	0	
271128	Calcarine_R	0	600	0	0	0	0	0	0	0	0	0	0	0	0	0	0	0	0	0	652	0	0	0	0	0	0	0	0	0	0	0	0	0	1156	0	3008	0	1390	0	1210	0	0	3548	0	2794	21996	102	16838	0	16462	0	5204	0	5640	0	12238	0	0	0	8542	0	0	0	0	0	142	1010	24896	0	666	0	0	0	0	0	0	0	0	0	0	0	0	0	0	0	5142	0	0	0	2174	0	0	0	0	0	0	0	0	0	0	0	0	0	0	0	0	0	0	0	0	154	0	0	0	0	0	
103728	Cuneus_L	0	0	0	0	0	0	0	0	0	0	0	0	0	0	0	0	0	0	0	0	0	0	0	0	0	0	0	0	0	0	0	0	364	0	1022	0	0	0	0	0	0	0	7062	2794	0	4854	724	0	12732	1530	8554	0	176	0	116	0	0	0	1500	746	0	0	0	0	0	0	7578	818	124	0	0	0	0	0	0	0	0	0	0	0	0	0	0	0	1044	0	0	0	126	0	0	0	0	0	0	0	0	0	0	0	0	0	0	0	0	0	0	0	0	0	0	0	0	0	0	0	
277924	Cuneus_R	0	646	0	0	0	0	0	0	0	0	0	0	0	0	0	0	0	0	0	2330	0	0	0	0	0	0	0	0	0	0	0	0	0	2464	0	114	0	0	0	0	0	0	1042	21996	4854	0	0	2858	0	34358	0	6038	0	1348	0	6264	0	3612	0	13664	0	106	0	0	0	1102	3396	27408	0	2680	0	0	0	0	0	0	0	0	0	0	0	0	0	0	0	2248	0	0	0	434	0	0	0	0	0	0	0	0	0	0	0	0	0	0	0	0	0	0	0	0	0	0	0	0	0	0	
249028	Lingual_L	0	0	0	0	0	0	0	0	0	0	0	0	0	0	0	0	0	0	0	0	0	0	0	0	0	0	0	0	0	0	0	0	0	0	1800	220	3218	188	3904	0	0	0	8492	102	724	0	0	1532	5264	0	16954	0	8042	0	19760	478	0	0	170	0	0	0	0	0	0	0	3572	0	0	0	0	0	0	0	0	0	316	174	0	0	0	0	0	0	210	0	0	0	0	0	10848	634	638	0	0	0	11840	226	16588	1354	256	0	796	436	246	122	0	0	0	0	1054	2362	1506	240	248	0	
242732	Lingual_R	0	92	0	0	0	0	0	0	0	0	0	0	0	0	0	0	0	0	0	272	0	0	0	0	0	0	0	0	0	0	0	0	0	460	140	3854	442	1958	476	2420	0	0	2316	16838	0	2858	1532	0	0	2530	0	836	0	2188	718	17426	0	0	0	1378	0	0	0	0	0	0	138	8544	0	256	0	0	0	0	0	0	0	0	0	0	0	0	0	0	0	586	0	0	0	702	3674	5638	1604	0	138	0	1012	3180	6046	9980	478	0	272	126	1556	112	140	0	0	126	4092	11456	2360	126	172	118	
137792	Occipital_Sup_L	106	0	0	0	0	0	0	0	0	0	0	0	0	0	0	0	0	0	0	0	0	0	0	0	0	0	0	0	0	0	0	0	164	0	170	0	0	0	0	0	0	0	6158	0	12732	0	5264	0	0	0	24948	0	1480	0	892	0	2920	0	6038	0	1948	0	0	0	100	0	4260	118	268	0	0	0	0	0	0	0	0	0	0	0	0	0	0	0	762	0	0	0	568	0	0	0	0	0	0	0	0	0	0	0	0	0	0	0	0	0	0	0	0	0	0	0	0	0	0	0	
268144	Occipital_Sup_R	0	420	0	0	0	0	0	0	0	0	0	0	0	0	0	0	0	0	0	1764	0	0	0	0	0	0	0	0	0	0	0	0	0	1726	0	102	0	0	0	0	0	0	488	16462	1530	34358	0	2530	0	0	0	13662	0	844	0	8008	0	1650	0	17710	0	352	0	84	0	5384	1202	20918	0	1852	0	0	0	0	0	0	0	0	0	0	0	0	0	0	0	2758	0	0	0	268	0	0	0	0	0	0	0	0	0	0	0	0	0	0	0	0	0	0	0	0	0	0	0	0	0	0	
337056	Occipital_Mid_L	1220	0	0	0	0	0	0	0	0	0	0	0	0	0	0	0	260	0	210	0	0	0	0	0	0	0	0	0	0	0	0	0	1520	0	1470	0	0	0	0	0	0	0	18266	0	8554	0	16954	0	24948	0	0	0	12914	0	5074	0	7564	0	10460	0	10826	0	526	0	10580	0	6970	0	1908	0	0	0	0	0	0	0	0	0	106	0	148	0	0	0	20768	0	0	0	7282	0	0	0	0	0	0	0	0	0	0	0	0	0	0	0	0	0	0	0	0	0	0	0	0	0	0	0	
113944	Occipital_Mid_R	0	0	0	0	0	0	0	0	0	0	0	0	0	0	0	0	0	0	0	84	0	0	0	0	0	0	0	0	0	0	0	0	0	88	0	0	0	0	0	0	0	0	0	5204	0	6038	0	836	0	13662	0	0	0	2176	0	2946	0	0	0	3910	0	2108	0	212	0	9610	0	2644	0	0	0	0	0	0	0	0	0	0	0	0	0	152	0	0	0	7164	0	0	0	138	0	0	0	0	0	0	0	0	0	0	0	0	0	0	0	0	0	0	0	0	0	0	0	0	0	0	
81044	Occipital_Inf_L	138	0	0	0	0	0	0	0	0	0	0	0	0	0	0	0	0	0	0	0	0	0	0	0	0	0	0	0	0	0	0	0	0	0	196	0	0	0	0	0	0	0	1826	0	176	0	8042	0	1480	0	12914	0	0	0	7162	0	0	0	0	0	346	0	0	0	360	0	458	0	0	0	0	0	0	0	0	0	0	0	176	0	0	0	0	0	4188	0	0	0	2838	0	120	0	0	0	0	0	0	0	102	0	0	0	0	0	0	0	0	0	0	0	0	0	0	0	0	0	
50472	Occipital_Inf_R	0	230	0	0	0	0	0	0	0	0	0	0	0	0	0	0	0	0	0	524	0	0	0	0	0	0	0	0	0	0	0	0	0	546	0	336	0	154	0	104	0	0	0	5640	0	1348	0	2188	0	844	0	2176	0	0	0	4170	0	0	0	316	0	0	0	0	0	0	0	3022	0	504	0	0	0	0	0	0	0	0	0	0	0	0	0	0	0	1026	0	0	0	920	150	0	124	0	0	0	0	0	98	306	0	0	0	0	0	0	0	0	0	0	0	306	204	0	0	0	
382316	Fusiform_L	0	0	384	0	0	0	140	0	0	0	0	0	0	0	146	0	100	0	256	0	142	0	0	0	0	0	0	0	4946	0	0	0	0	0	632	292	16222	272	10160	0	4926	0	826	0	116	0	19760	718	892	0	5074	0	7162	0	0	194	0	0	0	0	0	0	0	0	0	0	1156	0	0	0	0	0	2528	0	0	0	608	232	0	0	1854	0	4484	0	2216	0	2990	0	11388	0	26688	210	6276	0	0	0	12978	0	30992	396	3982	0	4566	0	902	0	666	0	0	102	856	1210	518	0	0	0	
385368	Fusiform_R	0	2492	0	338	0	0	0	172	0	0	0	0	0	0	0	0	0	98	0	746	0	0	0	0	0	0	0	0	0	3764	0	0	0	244	296	2098	170	17270	0	14404	0	4900	534	12238	0	6264	478	17426	0	8008	0	2946	0	4170	194	0	0	156	0	2662	0	0	0	200	0	0	88	8552	0	302	0	0	0	882	0	360	92	706	0	180	0	1868	0	3582	0	3582	0	1532	0	12824	1284	14214	1038	128	0	104	606	4390	2834	17310	480	0	242	194	1510	112	128	0	0	0	2224	6760	1978	172	158	0	
212532	Postcentral_L	28890	0	1980	0	0	0	2358	0	0	0	2310	370	0	0	0	0	4990	0	926	964	0	0	0	0	0	0	0	0	3938	372	0	106	1036	0	592	132	646	120	0	0	0	0	0	0	0	0	0	0	2920	0	7564	0	0	0	0	0	0	0	7838	0	17822	0	5580	0	1788	0	1548	0	3498	0	456	124	338	0	0	0	530	94	1702	0	1140	0	0	0	2180	0	0	0	1414	0	0	0	0	0	0	0	0	0	0	0	0	0	0	0	0	0	0	0	0	0	0	0	0	0	0	0	
102528	Postcentral_R	0	15752	0	232	0	0	0	2514	0	0	0	642	0	0	0	0	0	1524	0	688	0	0	0	0	0	0	0	0	0	276	0	140	0	556	92	92	0	956	0	0	0	0	0	0	0	3612	0	0	0	1650	0	0	0	0	0	156	0	0	0	2078	0	1490	0	6276	0	0	202	4668	0	4902	0	224	0	422	0	0	0	112	0	0	0	122	0	0	0	772	0	0	0	1114	0	0	0	0	0	0	0	0	0	0	0	0	0	0	0	0	0	0	0	0	0	0	0	0	0	0	
95560	Parietal_Sup_L	296	0	0	0	0	0	0	0	0	0	0	0	0	0	0	0	0	0	0	0	0	0	0	0	0	0	0	0	0	0	0	0	728	0	460	0	0	0	0	0	0	0	190	0	1500	0	170	0	6038	0	10460	0	0	0	0	0	7838	0	0	0	11496	0	0	0	824	0	3860	84	3132	0	0	0	0	0	0	0	0	0	0	0	0	0	0	0	354	0	0	0	350	0	0	0	0	0	0	0	0	0	0	0	0	0	0	0	0	0	0	0	0	0	0	0	0	0	0	0	
141892	Parietal_Sup_R	0	0	0	0	0	0	0	0	0	0	0	0	0	0	0	0	0	0	0	100	0	0	0	0	0	0	0	0	0	0	0	0	0	108	0	98	0	0	0	0	0	0	0	8542	746	13664	0	1378	0	17710	0	3910	0	316	0	2662	0	2078	0	0	0	556	0	274	0	2232	554	14792	0	838	0	0	0	0	0	0	0	0	0	0	0	0	0	0	0	388	0	0	0	0	0	0	0	0	0	0	0	0	0	0	0	0	0	0	0	0	0	0	0	0	0	0	0	0	0	0	
168056	Parietal_Inf_L	4572	0	0	0	0	0	370	0	0	0	236	0	0	0	0	0	1452	0	0	0	0	0	0	0	0	0	0	0	166	0	0	0	158	0	94	0	0	0	0	0	0	0	0	0	0	0	0	0	1948	0	10826	0	346	0	0	0	17822	0	11496	0	0	0	13830	0	7342	0	0	0	3452	0	0	0	0	0	0	0	0	0	104	0	1822	0	0	0	6448	0	0	0	1544	0	0	0	0	0	0	0	0	0	0	0	0	0	0	0	0	0	0	0	0	0	0	0	0	0	0	0	
33996	Parietal_Inf_R	0	0	0	0	0	0	0	0	0	0	0	0	0	0	0	0	0	0	0	0	0	0	0	0	0	0	0	0	0	0	0	0	0	0	0	0	0	0	0	0	0	0	0	0	0	106	0	0	0	352	0	2108	0	0	0	0	0	1490	0	556	0	0	0	4796	0	6032	0	100	0	0	0	0	0	0	0	0	0	0	0	0	0	174	0	0	0	1054	0	0	0	230	0	0	0	0	0	0	0	0	0	0	0	0	0	0	0	0	0	0	0	0	0	0	0	0	0	0	
73264	SupraMarginal_L	908	0	0	0	0	0	0	0	0	0	0	0	0	0	0	0	1888	0	0	0	0	0	0	0	0	0	0	0	1026	0	0	0	0	0	0	0	0	0	0	0	0	0	0	0	0	0	0	0	0	0	526	0	0	0	0	0	5580	0	0	0	13830	0	0	0	2628	0	0	0	340	0	0	0	0	0	0	0	0	0	278	0	3804	0	0	0	5270	0	0	0	554	0	0	0	0	0	0	0	0	0	0	0	0	0	0	0	0	0	0	0	0	0	0	0	0	0	0	0	
50128	SupraMarginal_R	0	1564	0	0	0	0	0	516	0	0	0	0	0	0	0	0	0	1882	0	0	0	0	0	0	0	0	0	0	0	0	0	0	0	0	0	0	0	160	0	110	0	0	0	0	0	0	0	0	0	84	0	212	0	0	0	200	0	6276	0	274	0	4796	0	0	0	2600	0	0	0	0	0	108	0	158	0	0	0	0	0	94	0	2134	0	0	0	2806	0	0	0	1090	0	0	0	0	0	0	0	0	0	0	0	0	0	0	0	0	0	0	0	0	0	0	0	0	0	0	
74252	Angular_L	270	0	0	0	0	0	0	0	0	0	0	0	0	0	0	0	258	0	0	0	0	0	0	0	0	0	0	0	0	0	0	0	0	0	0	0	0	0	0	0	0	0	98	0	0	0	0	0	100	0	10580	0	360	0	0	0	1788	0	824	0	7342	0	2628	0	0	0	0	0	500	0	0	0	0	0	0	0	0	0	0	0	792	0	0	0	9494	0	0	0	2092	0	0	0	0	0	0	0	0	0	0	0	0	0	0	0	0	0	0	0	0	0	0	0	0	0	0	0	
66936	Angular_R	0	0	0	0	0	0	0	0	0	0	0	0	0	0	0	0	0	0	0	0	0	0	0	0	0	0	0	0	0	0	0	0	0	0	0	0	0	0	0	0	0	0	0	142	0	1102	0	0	0	5384	0	9610	0	0	0	0	0	0	0	2232	0	6032	0	2600	0	0	0	678	0	0	0	0	0	0	0	0	0	0	0	0	0	1024	0	0	0	4546	0	0	0	118	0	0	0	0	0	0	0	0	0	0	0	0	0	0	0	0	0	0	0	0	0	0	0	0	0	0	
139028	Precuneus_L	126	100	0	0	0	0	0	0	0	0	0	0	0	0	0	0	0	0	0	248	0	0	0	0	0	0	0	0	0	0	0	0	1166	452	6090	850	2808	512	2838	204	0	0	7536	1010	7578	3396	3572	138	4260	1202	6970	0	458	0	1156	88	1548	202	3860	554	0	0	0	0	0	0	0	5112	1544	200	0	0	0	0	0	0	94	0	0	0	0	0	0	0	2986	0	0	0	656	0	0	0	0	0	0	0	0	0	0	0	0	0	0	0	0	0	0	0	0	0	0	0	0	0	0	0	
341516	Precuneus_R	0	1512	0	0	0	0	0	0	0	0	0	0	0	0	0	0	0	0	0	5458	0	0	0	0	0	0	0	0	0	0	0	0	1324	8354	704	10212	520	4116	158	2434	0	0	0	24896	818	27408	0	8544	118	20918	0	2644	0	3022	0	8552	0	4668	84	14792	0	100	0	0	0	678	5112	0	298	5470	0	0	0	0	0	0	0	134	0	0	0	0	0	0	0	3962	0	0	0	2938	0	0	0	0	0	0	0	0	0	0	0	0	0	0	0	0	0	0	0	0	810	0	0	0	0	0	
90500	Paracentral_Lobule_L	6356	444	130	0	0	0	0	0	0	0	0	0	0	0	0	0	0	0	2866	3264	0	0	0	0	0	0	0	0	0	0	0	0	5530	2660	1388	1194	0	0	0	0	0	0	0	0	124	0	0	0	268	0	1908	0	0	0	0	0	3498	0	3132	0	3452	0	340	0	500	0	1544	298	0	1682	0	0	0	0	0	0	0	0	0	0	0	0	0	0	2656	340	0	0	1572	104	0	0	0	0	0	0	0	0	0	0	0	0	0	0	0	0	0	0	0	0	0	0	0	0	0	0	
114872	Paracentral_Lobule_R	258	3788	0	0	0	0	0	0	0	0	0	0	0	0	0	0	0	0	122	14312	0	0	0	0	0	0	0	0	0	0	0	0	424	10560	620	4778	0	0	0	0	0	0	0	666	0	2680	0	256	0	1852	0	0	0	504	0	302	0	4902	0	838	0	0	0	0	0	0	200	5470	1682	0	0	0	0	0	0	0	0	0	0	0	0	0	0	0	0	2268	0	0	0	954	0	0	0	0	0	0	0	0	0	0	0	0	0	0	0	0	0	0	0	0	0	0	0	0	0	0	
230332	Caudate_L	1380	150	9028	2964	372	208	1488	952	0	0	1692	1794	110	0	508	0	2970	0	4210	5176	7150	8254	344	308	378	802	1420	1064	4578	1842	6000	6040	92	994	146	144	154	560	102	0	1566	0	0	0	0	0	0	0	0	0	0	0	0	0	0	0	456	0	0	0	0	0	0	0	0	0	0	0	0	0	0	11890	17942	2088	1776	0	4260	262	1374	0	0	0	178	0	0	0	0	0	0	0	0	0	0	0	0	0	0	0	0	0	0	0	0	0	0	0	0	0	0	0	0	0	0	0	0	0	
456180	Caudate_R	1226	822	4560	18678	0	1192	4740	3682	0	0	2482	3870	588	1128	0	240	864	1324	2338	32164	4022	7260	1284	9910	0	3190	106	1458	2584	5218	7620	33470	446	7628	508	508	458	1234	0	164	640	0	0	0	0	0	0	0	0	0	0	0	0	0	0	0	124	224	0	0	0	0	0	108	0	0	0	0	0	0	11890	0	7898	23506	718	1928	982	12612	494	0	0	0	0	0	0	0	0	0	0	0	0	0	0	0	0	0	0	0	0	0	0	0	0	0	0	0	0	0	0	0	0	0	0	0	0	0	
427276	Putamen_L	7384	0	35810	3020	4144	144	17864	0	2076	0	1612	94	2772	0	5178	0	2950	0	12042	3610	5198	7096	1452	536	620	854	770	728	26592	110	8088	4564	0	320	114	130	6134	128	1614	0	2160	0	0	0	0	0	0	0	0	0	0	0	0	0	2528	0	338	0	0	0	0	0	0	0	0	0	0	0	0	0	17942	7898	0	1890	9148	0	4234	128	190	0	1082	0	782	0	208	0	186	0	1176	0	0	0	0	0	0	0	0	0	0	0	0	0	0	0	0	0	0	0	0	0	0	0	0	0	0	0	
348644	Putamen_R	0	4850	784	16082	0	3208	494	16778	0	0	0	8344	0	858	0	1360	0	3532	1140	7694	870	2124	844	10000	0	3758	0	1358	142	14764	2450	16916	0	2250	812	812	628	13168	128	2016	162	476	0	0	0	0	0	0	0	0	0	0	0	0	0	882	0	422	0	0	0	0	0	158	0	0	0	0	0	0	2088	23506	1890	0	0	3074	258	3130	0	0	0	0	0	0	0	0	0	0	0	112	0	0	0	0	0	0	0	0	0	0	0	0	0	0	0	0	0	0	0	0	0	0	0	0	0	0	
57528	Pallidum_L	2696	0	7460	0	0	0	3490	0	0	0	0	0	0	0	0	0	0	0	838	0	120	634	0	0	0	0	0	0	0	0	0	0	0	0	0	0	246	0	0	0	0	0	0	0	0	0	0	0	0	0	0	0	0	0	0	0	0	0	0	0	0	0	0	0	0	0	0	0	0	0	1776	718	9148	0	0	0	1638	0	0	0	0	0	0	0	0	0	0	0	0	0	0	0	0	0	0	0	0	0	0	0	0	0	0	0	0	0	0	0	0	0	0	0	0	0	0	0	
31076	Pallidum_R	0	0	226	2812	0	0	0	942	0	0	0	516	0	0	0	0	0	520	190	2986	0	0	0	0	0	0	0	0	0	520	0	270	0	140	0	0	0	560	0	494	0	0	0	0	0	0	0	0	0	0	0	0	0	0	0	360	0	0	0	0	0	0	0	0	0	0	0	0	0	0	0	1928	0	3074	0	0	0	0	0	0	0	0	0	0	0	0	0	0	0	0	0	0	0	0	0	0	0	0	0	0	0	0	0	0	0	0	0	0	0	0	0	0	0	0	0	0	
152452	Thalamus_L	2034	0	17820	426	0	0	1908	0	0	0	0	0	0	0	0	0	554	0	14918	1410	0	0	0	0	0	0	0	0	3082	0	0	0	0	0	2322	3010	5250	2400	1510	386	0	0	0	0	0	0	316	0	0	0	0	0	0	0	608	92	530	0	0	0	0	0	0	0	0	0	94	0	0	0	4260	982	4234	258	1638	0	0	5240	456	0	170	0	0	0	0	0	0	0	318	0	0	0	0	0	0	0	0	0	0	0	0	0	0	0	0	0	0	0	0	0	0	0	0	0	0	0	
188028	Thalamus_R	274	1396	1364	11312	0	0	862	3160	0	0	0	1216	0	0	0	0	0	158	1310	25090	0	0	0	0	0	0	0	0	394	666	0	368	0	134	3738	4304	4032	7204	960	2358	0	0	0	0	0	0	174	0	0	0	0	0	0	0	232	706	94	112	0	0	0	0	0	0	0	0	0	134	0	0	262	12612	128	3130	0	0	5240	0	348	0	0	0	0	0	0	0	0	0	0	542	0	0	0	0	0	0	0	0	0	0	0	0	0	0	0	0	0	0	0	0	0	0	0	0	0	0	
101212	Heschl_L	3796	0	3734	0	0	0	3970	0	0	0	906	328	0	0	0	0	3700	0	2380	238	0	0	0	0	0	0	0	0	11746	336	0	392	0	182	484	500	2284	544	0	116	0	0	0	0	0	0	0	0	0	0	106	0	176	0	0	0	1702	0	0	0	104	0	278	0	0	0	0	0	0	0	1374	494	190	0	0	0	456	348	0	0	1764	0	0	0	4034	0	0	0	3830	0	114	0	0	0	0	0	0	0	0	0	0	0	0	0	0	0	0	0	0	0	0	0	0	0	0	0	
14880	Heschl_R	0	0	0	0	0	0	0	0	0	0	0	0	0	0	0	0	0	490	0	0	0	0	0	0	0	0	0	0	0	286	0	0	0	0	0	0	0	402	0	148	0	0	0	0	0	0	0	0	0	0	0	0	0	0	0	180	0	0	0	0	0	0	0	94	0	0	0	0	0	0	0	0	0	0	0	0	0	0	0	0	0	2880	0	0	0	1550	0	0	0	1410	0	0	0	0	0	0	0	0	0	0	0	0	0	0	0	0	0	0	0	0	0	0	0	0	0	0	
189816	Temporal_Sup_L	694	0	700	0	0	0	432	0	0	0	1078	0	100	0	0	0	4794	0	278	0	0	0	0	0	0	0	0	0	5944	0	0	0	0	0	0	0	1290	0	400	0	0	0	0	0	0	0	0	0	0	0	148	0	0	0	1854	0	1140	0	0	0	1822	0	3804	0	792	0	0	0	0	0	0	0	1082	0	0	0	170	0	1764	0	0	0	7994	0	30794	0	124	0	27586	0	124	0	0	0	0	0	0	0	0	0	0	0	0	0	0	0	0	0	0	0	0	0	0	0	0	0	
72724	Temporal_Sup_R	0	286	0	0	0	0	0	0	0	0	0	0	0	0	0	0	0	1718	0	216	0	0	0	0	0	0	0	0	0	3480	0	0	0	0	0	0	0	872	0	0	0	0	0	0	0	0	0	0	0	0	0	152	0	0	0	1868	0	122	0	0	0	174	0	2134	0	1024	0	0	0	0	0	0	0	0	0	0	0	0	0	2880	0	0	0	1024	0	13444	0	206	0	6762	0	0	0	0	0	0	0	0	0	0	0	0	0	0	0	0	0	0	0	0	0	0	0	0	0	0	
131516	Temporal_Pole_Sup_L	0	0	424	0	950	0	252	0	224	0	886	0	1258	0	4762	0	820	0	0	0	560	0	0	0	0	0	404	0	6234	0	94	0	0	0	0	0	844	0	1418	0	524	0	0	0	0	0	0	0	0	0	0	0	0	0	4484	0	0	0	0	0	0	0	0	0	0	0	0	0	0	0	178	0	782	0	0	0	0	0	0	0	7994	0	0	0	13612	0	6940	0	12114	0	0	0	0	0	0	0	0	0	0	0	0	0	0	0	0	0	0	0	0	0	0	0	0	0	0	0	
28128	Temporal_Pole_Sup_R	0	0	0	0	0	0	0	0	0	0	0	0	0	0	0	0	0	0	0	0	0	0	0	0	0	0	0	0	0	480	0	0	0	0	0	0	0	530	0	1852	0	1554	0	0	0	0	0	0	0	0	0	0	0	0	0	3582	0	0	0	0	0	0	0	0	0	0	0	0	0	0	0	0	0	0	0	0	0	0	0	0	0	1024	0	0	0	1806	0	2826	0	410	0	0	0	0	0	0	0	0	0	0	0	0	0	0	0	0	0	0	0	0	0	0	0	0	0	0	
360280	Temporal_Mid_L	2174	0	0	0	0	0	0	0	0	0	0	0	0	0	0	0	1776	0	172	0	0	0	0	0	0	0	0	0	1814	0	0	0	604	0	1000	0	318	0	0	0	0	0	3924	0	1044	0	210	0	762	0	20768	0	4188	0	2216	0	2180	0	354	0	6448	0	5270	0	9494	0	2986	0	2656	0	0	0	208	0	0	0	0	0	4034	0	30794	0	13612	0	0	0	4568	0	56200	0	366	0	0	0	0	0	0	0	0	0	0	0	0	0	0	0	0	0	0	0	0	0	0	0	0	0	
168296	Temporal_Mid_R	0	2412	0	0	0	0	0	0	0	0	0	0	0	0	0	0	0	110	0	3264	0	0	0	0	0	0	0	0	0	522	0	0	0	1904	0	550	0	1242	0	176	0	826	0	5142	0	2248	0	586	0	2758	0	7164	0	1026	0	3582	0	772	0	388	0	1054	0	2806	0	4546	0	3962	340	2268	0	0	0	0	0	0	0	0	0	1550	0	13444	0	1806	0	0	0	1056	0	16644	0	0	0	0	0	0	0	0	0	0	0	0	0	0	0	0	0	0	0	0	0	0	0	0	0	0	
47396	Temporal_Pole_Mid_L	0	0	0	0	0	0	0	0	0	0	0	0	0	0	0	0	0	0	0	0	152	0	0	0	0	0	0	0	360	0	0	0	0	0	0	0	900	0	2228	0	908	0	0	0	0	0	0	0	0	0	0	0	0	0	2990	0	0	0	0	0	0	0	0	0	0	0	0	0	0	0	0	0	186	0	0	0	0	0	0	0	124	0	6940	0	4568	0	0	0	4342	0	0	0	0	0	0	0	0	0	0	0	0	0	0	0	0	0	0	0	0	0	0	0	0	0	0	0	
14268	Temporal_Pole_Mid_R	0	0	0	0	0	0	0	0	0	0	0	0	0	0	0	0	0	0	0	0	0	0	0	0	0	0	0	0	0	0	0	0	0	0	0	0	0	0	0	634	0	206	0	0	0	0	0	0	0	0	0	0	0	0	0	1532	0	0	0	0	0	0	0	0	0	0	0	0	0	0	0	0	0	0	0	0	0	0	0	0	0	206	0	2826	0	1056	0	0	0	674	0	0	0	0	0	0	0	0	0	0	0	0	0	0	0	0	0	0	0	0	0	0	0	0	0	0	
304624	Temporal_Inf_L	1166	0	0	0	0	0	0	0	0	0	0	0	0	0	0	0	1606	0	88	0	0	0	0	0	0	0	0	0	4320	0	0	0	84	0	194	0	4070	0	398	0	1954	0	520	0	126	0	0	0	568	0	7282	0	2838	0	11388	0	1414	0	350	0	1544	0	554	0	2092	0	656	0	1572	0	0	0	1176	0	0	0	318	0	3830	0	27586	0	12114	0	56200	0	4342	0	0	0	1710	0	142	0	0	0	0	0	0	0	110	0	0	0	0	0	0	0	0	0	0	0	0	0	0	0	
144040	Temporal_Inf_R	0	3956	0	88	0	0	0	0	0	0	0	0	0	0	0	0	0	300	0	1328	0	0	0	0	0	0	0	0	0	3764	0	0	0	588	104	1556	0	6164	0	2046	0	966	0	2174	0	434	0	702	0	268	0	138	0	920	0	12824	0	1114	0	0	0	230	0	1090	0	118	0	2938	104	954	0	0	0	112	0	0	0	542	0	1410	0	6762	0	410	0	16644	0	674	0	0	0	598	0	0	0	0	0	0	0	0	0	0	0	0	0	0	0	0	0	0	0	0	0	0	0	0	
454148	Cerebelum_Crus1_L	0	0	0	0	0	0	0	0	0	0	0	0	0	0	0	0	0	0	0	0	0	0	0	0	0	0	0	0	0	0	0	0	0	0	0	0	156	0	152	0	0	0	0	0	0	0	10848	3674	0	0	0	0	120	150	26688	1284	0	0	0	0	0	0	0	0	0	0	0	0	0	0	0	0	0	0	0	0	0	0	114	0	124	0	0	0	366	0	0	0	1710	0	0	3514	37862	240	238	0	21474	166	54194	4170	17992	0	19300	482	3666	170	2560	0	130	436	1716	6736	5902	380	360	0	
350632	Cerebelum_Crus1_R	0	0	0	0	0	0	0	0	0	0	0	0	0	0	0	0	0	0	0	0	0	0	0	0	0	0	0	0	0	0	0	0	0	0	0	0	0	0	0	0	0	0	0	0	0	0	634	5638	0	0	0	0	0	0	210	14214	0	0	0	0	0	0	0	0	0	0	0	0	0	0	0	0	0	0	0	0	0	0	0	0	0	0	0	0	0	0	0	0	0	598	3514	0	5200	25598	0	2236	964	13190	2582	46652	644	2108	458	11818	1426	2558	120	190	0	176	3828	11588	12542	3464	3166	0	
392192	Cerebelum_Crus2_L	0	0	0	0	0	0	0	0	0	0	0	0	0	0	0	0	0	0	0	0	0	0	0	0	0	0	0	0	0	0	0	0	0	0	0	0	0	0	0	0	0	0	0	0	0	0	638	1604	0	0	0	0	0	124	6276	1038	0	0	0	0	0	0	0	0	0	0	0	0	0	0	0	0	0	0	0	0	0	0	0	0	0	0	0	0	0	0	0	0	142	0	37862	5200	0	10634	0	0	2176	0	12280	4250	40844	4360	35372	3508	5226	322	2800	0	0	0	136	3804	13848	3090	562	0	
206880	Cerebelum_Crus2_R	0	0	0	0	0	0	0	0	0	0	0	0	0	0	0	0	0	0	0	0	0	0	0	0	0	0	0	0	0	0	0	0	0	0	0	0	0	0	0	0	0	0	0	0	0	0	0	0	0	0	0	0	0	0	0	128	0	0	0	0	0	0	0	0	0	0	0	0	0	0	0	0	0	0	0	0	0	0	0	0	0	0	0	0	0	0	0	0	0	0	240	25598	10634	0	0	376	92	1194	112	3954	3798	18240	1198	23540	0	796	0	0	0	0	152	0	9106	3046	1236	0	
18268	Cerebelum_3_L	0	0	0	0	0	0	0	0	0	0	0	0	0	0	0	0	0	0	0	0	0	0	0	0	0	0	0	0	0	0	0	0	0	0	0	0	0	0	0	0	0	0	0	0	0	0	0	138	0	0	0	0	0	0	0	0	0	0	0	0	0	0	0	0	0	0	0	0	0	0	0	0	0	0	0	0	0	0	0	0	0	0	0	0	0	0	0	0	0	0	238	0	0	0	0	0	4622	0	540	0	96	0	94	148	136	172	0	0	676	1482	792	0	0	0	0	0	
36272	Cerebelum_3_R	0	0	0	0	0	0	0	0	0	0	0	0	0	0	0	0	0	0	0	0	0	0	0	0	0	0	0	0	0	0	0	0	0	0	0	0	0	0	0	0	0	0	0	0	0	0	0	0	0	0	0	0	0	0	0	104	0	0	0	0	0	0	0	0	0	0	0	0	0	0	0	0	0	0	0	0	0	0	0	0	0	0	0	0	0	0	0	0	0	0	0	2236	0	376	0	0	0	6150	0	5972	0	0	0	164	0	164	0	0	308	1590	748	0	94	110	120	0	
246292	Cerebelum_4_5_L	0	0	0	0	0	0	0	0	0	0	0	0	0	0	0	0	0	0	0	0	0	0	0	0	0	0	0	0	0	0	0	0	0	0	0	0	562	0	622	0	0	0	0	0	0	0	11840	1012	0	0	0	0	0	0	12978	606	0	0	0	0	0	0	0	0	0	0	0	0	0	0	0	0	0	0	0	0	0	0	0	0	0	0	0	0	0	0	0	0	0	0	21474	964	2176	92	4622	0	0	646	35572	1710	3154	0	3608	854	4004	452	1050	0	798	2054	6672	2836	826	510	876	576	
153656	Cerebelum_4_5_R	0	0	0	0	0	0	0	0	0	0	0	0	0	0	0	0	0	0	0	0	0	0	0	0	0	0	0	0	0	0	0	0	0	0	0	0	0	0	0	206	0	0	0	0	0	0	226	3180	0	0	0	0	0	0	0	4390	0	0	0	0	0	0	0	0	0	0	0	0	0	0	0	0	0	0	0	0	0	0	0	0	0	0	0	0	0	0	0	0	0	0	166	13190	0	1194	0	6150	646	0	548	29800	0	102	0	2588	0	394	0	0	0	1276	11206	576	404	350	236	0	
434712	Cerebelum_6_L	0	0	0	0	0	0	0	0	0	0	0	0	0	0	0	0	0	0	0	0	0	0	0	0	0	0	0	0	0	0	0	0	0	0	0	0	270	0	278	0	0	0	0	0	0	0	16588	6046	0	0	0	0	102	98	30992	2834	0	0	0	0	0	0	0	0	0	0	0	0	0	0	0	0	0	0	0	0	0	0	0	0	0	0	0	0	0	0	0	0	0	0	54194	2582	12280	112	540	0	35572	548	0	4584	10434	0	11244	722	5320	704	2016	0	196	592	3692	10632	2168	810	870	336	
380052	Cerebelum_6_R	0	0	0	0	0	0	0	0	0	0	0	0	0	0	0	0	0	0	0	0	0	0	0	0	0	0	0	0	0	0	0	0	0	0	0	0	0	0	0	0	0	0	0	0	0	0	1354	9980	0	0	0	0	0	306	396	17310	0	0	0	0	0	0	0	0	0	0	0	0	0	0	0	0	0	0	0	0	0	0	0	0	0	0	0	0	0	0	0	0	0	0	4170	46652	4250	3954	0	5972	1710	29800	4584	0	730	386	468	7072	1636	3202	132	270	0	672	11240	15272	11430	3796	3282	0	
303620	Cerebelum_7b_L	0	0	0	0	0	0	0	0	0	0	0	0	0	0	0	0	0	0	0	0	0	0	0	0	0	0	0	0	0	0	0	0	0	0	0	0	0	0	0	0	0	0	0	0	0	0	256	478	0	0	0	0	0	0	3982	480	0	0	0	0	0	0	0	0	0	0	0	0	0	0	0	0	0	0	0	0	0	0	0	0	0	0	0	0	0	0	0	0	110	0	17992	644	40844	3798	96	0	3154	0	10434	730	0	2628	42836	3334	7038	420	2896	0	0	0	246	546	4068	4516	284	0	
99436	Cerebelum_7b_R	0	0	0	0	0	0	0	0	0	0	0	0	0	0	0	0	0	0	0	0	0	0	0	0	0	0	0	0	0	0	0	0	0	0	0	0	0	0	0	0	0	0	0	0	0	0	0	0	0	0	0	0	0	0	0	0	0	0	0	0	0	0	0	0	0	0	0	0	0	0	0	0	0	0	0	0	0	0	0	0	0	0	0	0	0	0	0	0	0	0	0	2108	4360	18240	0	0	0	102	0	386	2628	0	1128	14616	0	244	0	0	0	0	0	0	3126	2780	0	0	
329796	Cerebelum_8_L	0	0	0	0	0	0	0	0	0	0	0	0	0	0	0	0	0	0	0	0	0	0	0	0	0	0	0	0	0	0	0	0	0	0	0	0	118	0	118	0	0	0	0	0	0	0	796	272	0	0	0	0	0	0	4566	242	0	0	0	0	0	0	0	0	0	0	0	0	0	0	0	0	0	0	0	0	0	0	0	0	0	0	0	0	0	0	0	0	0	0	19300	458	35372	1198	94	0	3608	0	11244	468	42836	1128	0	3310	21926	1036	7012	0	0	108	436	474	2140	5592	1046	0	
203124	Cerebelum_8_R	0	0	0	0	0	0	0	0	0	0	0	0	0	0	0	0	0	0	0	0	0	0	0	0	0	0	0	0	0	0	0	0	0	0	0	0	0	0	0	0	0	0	0	0	0	0	436	126	0	0	0	0	0	0	0	194	0	0	0	0	0	0	0	0	0	0	0	0	0	0	0	0	0	0	0	0	0	0	0	0	0	0	0	0	0	0	0	0	0	0	482	11818	3508	23540	148	164	854	2588	722	7072	3334	14616	3310	0	252	12420	0	186	242	118	2396	386	5546	5252	1852	0	
146236	Cerebelum_9_L	0	0	0	0	0	0	0	0	0	0	0	0	0	0	0	0	0	0	0	0	0	0	0	0	0	0	0	0	0	0	0	0	0	0	0	0	0	0	0	0	0	0	0	0	0	0	246	1556	0	0	0	0	0	0	902	1510	0	0	0	0	0	0	0	0	0	0	0	0	0	0	0	0	0	0	0	0	0	0	0	0	0	0	0	0	0	0	0	0	0	0	3666	1426	5226	0	136	0	4004	0	5320	1636	7038	0	21926	252	0	606	9118	0	0	0	1774	3668	304	800	1138	866	
91420	Cerebelum_9_R	0	0	0	0	0	0	0	0	0	0	0	0	0	0	0	0	0	0	0	0	0	0	0	0	0	0	0	0	0	0	0	0	0	0	0	0	0	0	0	0	0	0	0	0	0	0	122	112	0	0	0	0	0	0	0	112	0	0	0	0	0	0	0	0	0	0	0	0	0	0	0	0	0	0	0	0	0	0	0	0	0	0	0	0	0	0	0	0	0	0	170	2558	322	796	172	164	452	394	704	3202	420	244	1036	12420	606	0	0	1046	282	250	1166	3806	3682	4552	5248	1672	
58796	Cerebelum_10_L	0	0	0	0	0	0	0	0	0	0	0	0	0	0	0	0	0	0	0	0	0	0	0	0	0	0	0	0	0	0	0	0	0	0	0	0	0	0	0	0	0	0	0	0	0	0	0	140	0	0	0	0	0	0	666	128	0	0	0	0	0	0	0	0	0	0	0	0	0	0	0	0	0	0	0	0	0	0	0	0	0	0	0	0	0	0	0	0	0	0	2560	120	2800	0	0	0	1050	0	2016	132	2896	0	7012	0	9118	0	0	0	0	0	292	378	0	90	0	0	
5340	Cerebelum_10_R	0	0	0	0	0	0	0	0	0	0	0	0	0	0	0	0	0	0	0	0	0	0	0	0	0	0	0	0	0	0	0	0	0	0	0	0	0	0	0	0	0	0	0	0	0	0	0	0	0	0	0	0	0	0	0	0	0	0	0	0	0	0	0	0	0	0	0	0	0	0	0	0	0	0	0	0	0	0	0	0	0	0	0	0	0	0	0	0	0	0	0	190	0	0	0	0	0	0	0	270	0	0	0	186	0	1046	0	0	0	0	0	206	260	258	254	0	
16372	Vermis_1_2	0	0	0	0	0	0	0	0	0	0	0	0	0	0	0	0	0	0	0	0	0	0	0	0	0	0	0	0	0	0	0	0	0	0	0	0	0	0	0	0	0	0	0	0	0	0	0	0	0	0	0	0	0	0	0	0	0	0	0	0	0	0	0	0	0	0	0	0	0	0	0	0	0	0	0	0	0	0	0	0	0	0	0	0	0	0	0	0	0	0	130	0	0	0	676	308	798	0	196	0	0	0	0	242	0	282	0	0	0	3566	1988	0	0	0	0	0	
34544	Vermis_3	0	0	0	0	0	0	0	0	0	0	0	0	0	0	0	0	0	0	0	0	0	0	0	0	0	0	0	0	0	0	0	0	0	0	0	0	0	0	0	0	0	0	0	0	0	0	0	126	0	0	0	0	0	0	102	0	0	0	0	0	0	0	0	0	0	0	0	0	0	0	0	0	0	0	0	0	0	0	0	0	0	0	0	0	0	0	0	0	0	0	436	176	0	0	1482	1590	2054	1276	592	672	0	0	108	118	0	250	0	0	3566	0	4148	146	122	140	168	0	
144276	Vermis_4_5	0	0	0	0	0	0	0	0	0	0	0	0	0	0	0	0	0	0	0	0	0	0	0	0	0	0	0	0	0	0	0	0	0	0	0	606	0	660	0	280	0	0	0	154	0	0	1054	4092	0	0	0	0	0	0	856	2224	0	0	0	0	0	0	0	0	0	0	0	810	0	0	0	0	0	0	0	0	0	0	0	0	0	0	0	0	0	0	0	0	0	0	1716	3828	136	152	792	748	6672	11206	3692	11240	246	0	436	2396	1774	1166	292	0	1988	4148	0	4802	288	798	1342	1544	
212556	Vermis_6	0	0	0	0	0	0	0	0	0	0	0	0	0	0	0	0	0	0	0	0	0	0	0	0	0	0	0	0	0	0	0	0	0	0	0	0	0	0	0	0	0	0	0	0	0	0	2362	11456	0	0	0	0	0	306	1210	6760	0	0	0	0	0	0	0	0	0	0	0	0	0	0	0	0	0	0	0	0	0	0	0	0	0	0	0	0	0	0	0	0	0	0	6736	11588	3804	0	0	0	2836	576	10632	15272	546	0	474	386	3668	3806	378	206	0	146	4802	0	8380	3578	4266	2104	
206060	Vermis_7	0	0	0	0	0	0	0	0	0	0	0	0	0	0	0	0	0	0	0	0	0	0	0	0	0	0	0	0	0	0	0	0	0	0	0	0	0	0	0	0	0	0	0	0	0	0	1506	2360	0	0	0	0	0	204	518	1978	0	0	0	0	0	0	0	0	0	0	0	0	0	0	0	0	0	0	0	0	0	0	0	0	0	0	0	0	0	0	0	0	0	0	5902	12542	13848	9106	0	94	826	404	2168	11430	4068	3126	2140	5546	304	3682	0	260	0	122	288	8380	0	7342	4886	0	
116848	Vermis_8	0	0	0	0	0	0	0	0	0	0	0	0	0	0	0	0	0	0	0	0	0	0	0	0	0	0	0	0	0	0	0	0	0	0	0	0	0	0	0	0	0	0	0	0	0	0	240	126	0	0	0	0	0	0	0	172	0	0	0	0	0	0	0	0	0	0	0	0	0	0	0	0	0	0	0	0	0	0	0	0	0	0	0	0	0	0	0	0	0	0	380	3464	3090	3046	0	110	510	350	810	3796	4516	2780	5592	5252	800	4552	90	258	0	140	798	3578	7342	0	5934	698	
78040	Vermis_9	0	0	0	0	0	0	0	0	0	0	0	0	0	0	0	0	0	0	0	0	0	0	0	0	0	0	0	0	0	0	0	0	0	0	0	0	0	0	0	0	0	0	0	0	0	0	248	172	0	0	0	0	0	0	0	158	0	0	0	0	0	0	0	0	0	0	0	0	0	0	0	0	0	0	0	0	0	0	0	0	0	0	0	0	0	0	0	0	0	0	360	3166	562	1236	0	120	876	236	870	3282	284	0	1046	1852	1138	5248	0	254	0	168	1342	4266	4886	5934	0	1316	
