data	data	571488	304164	930024	1.02222e+06	150760	85672	542044	396472	58844	31940	236136	192848	264028	217404	127688	109620	196288	146928	867900	957476	68380	70416	450668	590880	34344	115604	36076	54380	577656	294724	305596	516832	121300	615392	102708	143148	296392	320088	89484	188356	34532	49768	228160	324688	88460	287272	295512	252560	154096	347520	401388	223688	154400	81560	370620	399560	264788	235896	131060	102256	197324	90632	141000	126112	128176	143752	358244	458312	231292	250024	260516	422588	313096	472740	74760	35584	173488	230108	104416	16208	229084	105132	95544	108868	324008	179284	43916	28132	292508	184552	486308	502568	382700	347784	40356	74784	433524	289076	566132	466700	248640	155500	384160	360556	129948	156016	15412	14132	51288	120292	419704	265920	199788	247048	152668	59132	
data	data	Precentral_L	Precentral_R	Frontal_Sup_L	Frontal_Sup_R	Frontal_Sup_Orb_L	Frontal_Sup_Orb_R	Frontal_Mid_L	Frontal_Mid_R	Frontal_Mid_Orb_L	Frontal_Mid_Orb_R	Frontal_Inf_Oper_L	Frontal_Inf_Oper_R	Frontal_Inf_Tri_L	Frontal_Inf_Tri_R	Frontal_Inf_Orb_L	Frontal_Inf_Orb_R	Rolandic_Oper_L	Rolandic_Oper_R	Supp_Motor_Area_L	Supp_Motor_Area_R	Olfactory_L	Olfactory_R	Frontal_Sup_Medial_L	Frontal_Sup_Medial_R	Frontal_Med_Orb_L	Frontal_Med_Orb_R	Rectus_L	Rectus_R	Insula_L	Insula_R	Cingulum_Ant_L	Cingulum_Ant_R	Cingulum_Mid_L	Cingulum_Mid_R	Cingulum_Post_L	Cingulum_Post_R	Hippocampus_L	Hippocampus_R	ParaHippocampal_L	ParaHippocampal_R	Amygdala_L	Amygdala_R	Calcarine_L	Calcarine_R	Cuneus_L	Cuneus_R	Lingual_L	Lingual_R	Occipital_Sup_L	Occipital_Sup_R	Occipital_Mid_L	Occipital_Mid_R	Occipital_Inf_L	Occipital_Inf_R	Fusiform_L	Fusiform_R	Postcentral_L	Postcentral_R	Parietal_Sup_L	Parietal_Sup_R	Parietal_Inf_L	Parietal_Inf_R	SupraMarginal_L	SupraMarginal_R	Angular_L	Angular_R	Precuneus_L	Precuneus_R	Paracentral_Lobule_L	Paracentral_Lobule_R	Caudate_L	Caudate_R	Putamen_L	Putamen_R	Pallidum_L	Pallidum_R	Thalamus_L	Thalamus_R	Heschl_L	Heschl_R	Temporal_Sup_L	Temporal_Sup_R	Temporal_Pole_Sup_L	Temporal_Pole_Sup_R	Temporal_Mid_L	Temporal_Mid_R	Temporal_Pole_Mid_L	Temporal_Pole_Mid_R	Temporal_Inf_L	Temporal_Inf_R	Cerebelum_Crus1_L	Cerebelum_Crus1_R	Cerebelum_Crus2_L	Cerebelum_Crus2_R	Cerebelum_3_L	Cerebelum_3_R	Cerebelum_4_5_L	Cerebelum_4_5_R	Cerebelum_6_L	Cerebelum_6_R	Cerebelum_7b_L	Cerebelum_7b_R	Cerebelum_8_L	Cerebelum_8_R	Cerebelum_9_L	Cerebelum_9_R	Cerebelum_10_L	Cerebelum_10_R	Vermis_1_2	Vermis_3	Vermis_4_5	Vermis_6	Vermis_7	Vermis_8	Vermis_9	Vermis_10	
571488	Precentral_L	0	6616	16766	3616	0	0	20126	778	0	0	14488	90	3408	0	0	0	10448	0	12924	13600	0	0	232	198	0	0	0	0	15076	294	0	224	180	6116	2064	2910	11432	2360	1402	106	0	0	316	180	106	136	0	160	0	224	966	0	280	0	366	120	27582	2520	702	0	5226	0	1552	0	250	0	720	604	24128	7448	9814	2828	7802	446	5964	0	25694	6146	5310	0	2170	0	0	0	314	0	0	0	216	0	0	0	0	0	0	0	0	0	0	0	0	0	0	0	0	0	0	0	0	0	0	0	0	0	0	0	
304164	Precentral_R	6616	0	1586	27616	0	0	416	10684	0	0	0	4826	0	0	0	0	0	1626	5326	9246	0	0	0	180	0	0	0	0	414	2292	0	174	0	286	1294	3158	1916	10278	0	1534	0	0	0	0	0	0	0	116	0	98	0	0	0	0	0	1806	678	16170	0	536	0	338	0	1086	0	164	306	496	4122	5770	220	2832	98	3204	0	208	3780	19348	944	0	0	134	0	0	0	0	0	0	0	0	0	0	0	0	0	0	0	160	0	0	0	0	0	0	0	0	0	0	0	0	0	0	0	0	0	0	
930024	Frontal_Sup_L	16766	1586	0	13684	14592	0	85396	2412	2664	0	17266	102	28160	466	9214	432	6322	0	68456	15698	204	0	45730	13940	916	230	220	0	32784	152	16452	9708	3084	11548	0	0	1838	0	490	0	254	0	0	0	0	0	0	0	0	0	0	0	0	0	0	0	3792	0	0	0	1412	0	0	0	0	0	0	0	1892	0	5940	3452	16252	2488	4202	0	946	396	728	0	1454	0	1190	0	0	0	0	0	102	0	0	0	0	0	0	0	0	0	0	0	0	0	0	0	0	0	0	0	0	0	0	0	0	0	0	0	
1.02222e+06	Frontal_Sup_R	3616	27616	13684	0	0	6092	3850	52526	0	2536	0	16362	236	19444	0	10318	0	11812	28364	65752	0	566	15142	54454	0	5148	0	1336	934	18514	4174	28860	1232	24106	864	1404	1450	6236	0	1568	0	0	0	0	0	0	86	96	0	0	0	0	0	0	0	1104	410	1362	0	0	0	244	0	162	0	0	0	0	2286	212	4692	23674	168	29066	0	1184	1342	13774	700	0	0	410	0	1802	0	0	0	0	0	0	0	0	0	0	0	0	0	140	0	0	0	0	0	0	0	0	0	0	0	0	0	0	0	0	0	0	
150760	Frontal_Sup_Orb_L	0	0	14592	0	0	0	1260	0	9782	0	486	0	1624	0	11446	0	484	0	1516	0	616	112	2596	0	2598	0	3578	0	12168	0	1632	0	0	0	0	0	390	0	0	0	254	0	0	0	0	0	0	0	0	0	0	0	0	0	0	0	0	0	0	0	0	0	0	0	0	0	0	0	0	0	1046	92	7082	0	0	0	332	0	0	0	294	0	1400	0	0	0	0	0	0	0	0	0	0	0	0	0	0	0	0	0	0	0	0	0	0	0	0	0	0	0	0	0	0	0	0	0	
85672	Frontal_Sup_Orb_R	0	0	0	6092	0	0	0	766	0	3210	0	0	0	182	0	2526	0	0	0	136	416	870	438	3388	116	6780	374	5472	0	492	352	830	0	0	0	0	0	0	0	0	0	0	0	0	0	0	0	0	0	0	0	0	0	0	0	0	0	0	0	0	0	0	0	0	0	0	0	0	0	0	406	4646	166	5178	0	0	0	0	0	0	0	0	0	0	0	0	0	0	0	0	0	0	0	0	0	0	0	0	0	0	0	0	0	0	0	0	0	0	0	0	0	0	0	0	0	0	
542044	Frontal_Mid_L	20126	416	85396	3850	1260	0	0	698	2844	0	12332	0	36256	0	6518	134	2130	0	17194	2870	0	0	12816	3236	0	0	0	0	20464	140	5362	4370	1288	2944	0	0	2378	0	806	0	0	0	0	0	0	0	0	0	0	0	188	0	0	0	122	0	5276	0	102	0	1690	0	100	0	0	0	0	0	0	0	8256	2014	2972	1450	726	0	824	204	586	0	684	0	0	0	0	0	0	0	0	0	0	0	0	0	0	0	0	0	0	0	0	0	0	0	0	0	0	0	0	0	0	0	0	0	0	0	
396472	Frontal_Mid_R	778	10684	2412	52526	0	766	698	0	0	2558	0	8684	0	27692	0	8678	0	5248	6772	14342	0	116	1620	7658	88	472	0	0	114	9790	1122	5302	188	7978	186	292	276	1394	0	588	0	0	0	0	0	0	0	0	0	0	0	0	0	0	0	462	264	826	0	0	0	190	0	0	0	0	0	0	0	0	1558	2282	488	9884	0	706	210	1538	116	0	0	134	0	556	0	0	0	0	0	0	0	0	0	0	0	0	0	0	0	0	0	0	0	0	0	0	0	0	0	0	0	0	0	0	0	0	
58844	Frontal_Mid_Orb_L	0	0	2664	0	9782	0	2844	0	0	0	0	0	1124	0	10814	0	0	0	0	0	0	0	0	0	156	0	1310	0	518	0	124	0	0	0	0	0	0	0	0	0	0	0	0	0	0	0	0	0	0	0	0	0	0	0	0	0	0	0	0	0	0	0	0	0	0	0	0	0	0	0	0	0	0	0	0	0	0	0	0	0	0	0	86	0	0	0	0	0	0	0	0	0	0	0	0	0	0	0	0	0	0	0	0	0	0	0	0	0	0	0	0	0	0	0	0	0	
31940	Frontal_Mid_Orb_R	0	0	0	2536	0	3210	0	2558	0	0	0	0	0	644	0	5884	0	0	0	160	0	0	0	170	0	0	0	0	0	294	0	0	0	0	0	0	0	0	0	0	0	0	0	0	0	0	0	0	0	0	0	0	0	0	0	0	0	0	0	0	0	0	0	0	0	0	0	0	0	0	0	194	0	320	0	0	0	0	0	0	0	0	0	0	0	0	0	0	0	0	0	0	0	0	0	0	0	0	0	0	0	0	0	0	0	0	0	0	0	0	0	0	0	0	0	0	
236136	Frontal_Inf_Oper_L	14488	0	17266	0	486	0	12332	0	0	0	0	0	13602	0	144	0	11034	0	13652	766	0	0	860	0	0	0	0	0	17996	0	104	0	0	142	0	0	1036	0	298	0	0	0	0	0	0	0	0	0	0	0	0	0	0	0	0	0	2760	0	0	0	438	0	0	0	0	0	0	0	0	0	340	0	2170	0	90	0	300	0	736	0	4746	0	2194	0	88	0	0	0	0	0	0	0	0	0	0	0	0	0	0	0	0	0	0	0	0	0	0	0	0	0	0	0	0	0	0	0	
192848	Frontal_Inf_Oper_R	90	4826	102	16362	0	0	0	8684	0	0	0	0	0	10710	0	352	0	7206	5170	12994	0	0	0	1010	0	0	0	0	0	13348	0	120	0	1482	100	160	146	924	0	348	0	0	0	0	0	0	0	0	0	0	0	0	0	0	0	442	0	1116	0	0	0	0	0	0	0	0	0	0	0	0	0	226	0	6948	0	310	92	566	0	0	0	448	0	1938	0	0	0	0	0	204	0	0	0	0	0	0	0	0	0	0	0	0	0	0	0	0	0	0	0	0	0	0	0	0	0	0	
264028	Frontal_Inf_Tri_L	3408	0	28160	236	1624	0	36256	0	1124	0	13602	0	0	0	8690	0	610	0	6494	154	0	0	1314	306	0	0	0	0	24206	0	694	316	0	0	0	0	394	0	86	0	0	0	0	0	0	0	0	0	0	0	0	0	0	0	0	0	688	0	0	0	216	0	0	0	0	0	0	0	0	0	952	272	1008	152	204	0	178	98	94	0	194	0	284	0	0	0	0	0	0	0	0	0	0	0	0	0	0	0	0	0	0	0	0	0	0	0	0	0	0	0	0	0	0	0	0	0	
217404	Frontal_Inf_Tri_R	0	0	466	19444	0	182	0	27692	0	644	0	10710	0	0	0	5622	0	1242	3538	10138	0	0	470	3916	86	432	0	0	0	9692	816	2500	0	4514	0	0	0	94	0	0	0	0	0	0	0	0	0	0	0	0	0	0	0	0	0	0	0	130	0	0	0	0	0	0	0	0	0	0	0	0	1198	938	462	3488	0	0	0	120	0	0	0	0	0	168	0	0	0	0	0	0	0	0	0	0	0	0	0	0	0	0	0	0	0	0	0	0	0	0	0	0	0	0	0	0	0	0	
127688	Frontal_Inf_Orb_L	0	0	9214	0	11446	0	6518	0	10814	0	144	0	8690	0	0	0	0	0	488	0	668	0	566	0	230	0	188	0	8042	0	424	0	0	0	0	0	320	0	402	0	0	0	0	0	0	0	0	0	0	0	0	0	0	0	0	0	0	0	0	0	0	0	0	0	0	0	0	0	0	0	0	0	3466	0	0	0	0	0	0	0	0	0	2224	0	0	0	0	0	0	0	0	0	0	0	0	0	0	0	0	0	0	0	0	0	0	0	0	0	0	0	0	0	0	0	0	0	
109620	Frontal_Inf_Orb_R	0	0	432	10318	0	2526	134	8678	0	5884	0	352	0	5622	0	0	0	0	874	1522	0	446	1556	2944	0	0	0	238	0	5510	90	1536	0	1596	0	0	0	0	0	88	0	0	0	0	0	0	0	0	0	0	0	0	0	0	0	0	0	0	0	0	0	0	0	0	0	0	0	0	0	0	0	998	0	2166	0	0	0	0	0	0	0	346	0	848	0	106	0	0	0	0	0	0	0	0	0	0	0	0	0	0	0	0	0	0	0	0	0	0	0	0	0	0	0	0	0	0	
196288	Rolandic_Oper_L	10448	0	6322	0	484	0	2130	0	0	0	11034	0	610	0	0	0	0	0	7682	370	0	0	226	0	0	0	0	0	19962	0	0	0	0	0	246	0	1752	0	354	0	0	0	94	0	0	0	0	0	0	0	632	0	538	0	896	0	7940	0	0	0	0	0	2758	0	0	0	392	0	0	0	252	0	1450	0	0	0	0	0	4394	0	11068	0	1640	0	3154	0	0	0	1194	0	122	0	0	0	0	0	0	0	0	0	0	0	0	0	0	0	0	0	0	0	0	0	0	0	0	0	
146928	Rolandic_Oper_R	0	1626	0	11812	0	0	0	5248	0	0	0	7206	0	1242	0	0	0	0	1844	8464	0	0	0	140	0	0	0	0	0	15594	0	0	0	254	194	222	166	1832	0	216	0	0	0	0	0	0	0	0	0	0	0	0	0	160	0	1004	0	2912	0	120	0	0	0	2970	0	0	0	270	0	232	0	0	0	2258	0	0	0	402	0	1156	0	3436	0	1884	0	94	0	0	0	506	0	0	0	0	0	0	0	0	0	0	0	0	0	0	0	0	0	0	0	0	0	0	0	0	0	0	
867900	Supp_Motor_Area_L	12924	5326	68456	28364	1516	0	17194	6772	0	0	13652	5170	6494	3538	488	874	7682	1844	0	66648	0	0	13708	14024	0	624	0	0	20218	5644	11544	16624	8768	27868	1014	0	1328	0	268	0	0	0	0	0	0	0	0	0	0	110	0	0	0	0	140	0	1464	112	0	0	230	0	0	0	0	0	170	202	10008	734	8130	8556	17156	8204	4852	196	820	178	350	0	2584	0	486	694	0	0	0	0	0	0	0	0	0	0	0	0	0	0	0	0	0	0	0	0	0	0	0	0	0	0	0	0	0	0	0	0	
957476	Supp_Motor_Area_R	13600	9246	15698	65752	0	136	2870	14342	0	160	766	12994	154	10138	0	1522	370	8464	66648	0	0	0	7472	25264	0	914	0	0	844	12472	4248	21330	4998	59264	950	2854	0	1710	0	586	0	0	0	92	0	320	0	0	0	416	0	108	0	266	0	1686	862	11768	0	128	0	242	0	338	0	200	718	1222	18960	24444	1308	19244	88	19350	0	2466	496	5488	0	108	0	600	0	1178	0	120	0	0	0	756	0	0	0	0	0	0	0	0	0	0	0	0	0	0	0	0	0	0	0	0	0	0	0	0	0	0	
68380	Olfactory_L	0	0	204	0	616	416	0	0	0	0	0	0	0	0	668	0	0	0	0	0	0	5336	106	0	332	110	1686	646	2194	0	1926	930	0	0	0	0	1066	0	740	0	624	0	0	0	0	0	0	0	0	0	0	0	0	0	0	0	0	0	0	0	0	0	0	0	0	0	0	0	0	0	6168	4186	3584	1622	102	266	0	0	0	0	0	0	662	0	0	0	0	0	0	0	0	0	0	0	0	0	0	0	0	0	0	0	0	0	0	0	0	0	0	0	0	0	0	0	0	0	
70416	Olfactory_R	0	0	0	566	112	870	0	116	0	0	0	0	0	0	0	446	0	0	0	0	5336	0	92	0	204	428	1480	1280	0	1244	1430	1052	0	0	0	0	0	0	0	326	0	142	0	0	0	0	0	0	0	0	0	0	0	0	0	0	0	0	0	0	0	0	0	0	0	0	0	0	0	0	6816	5916	3612	1912	414	1098	0	0	0	0	0	0	0	316	0	0	0	0	0	0	0	0	0	0	0	0	0	0	0	0	0	0	0	0	0	0	0	0	0	0	0	0	0	0	0	0	
450668	Frontal_Sup_Medial_L	232	0	45730	15142	2596	438	12816	1620	0	0	860	0	1314	470	566	1556	226	0	13708	7472	106	92	0	35110	2540	1114	676	0	3258	286	25124	20468	4370	15028	0	0	0	0	0	0	0	0	0	0	0	0	0	0	0	0	0	0	0	0	0	0	0	0	0	0	0	0	0	0	0	0	0	0	0	0	1916	1682	5938	2368	0	0	0	144	0	0	164	0	204	0	0	0	0	0	0	0	0	0	0	0	0	0	0	0	0	0	0	0	0	0	0	0	0	0	0	0	0	0	0	0	0	0	
590880	Frontal_Sup_Medial_R	198	180	13940	54454	0	3388	3236	7658	0	170	0	1010	306	3916	0	2944	0	140	14024	25264	0	0	35110	0	334	8890	0	1818	622	1330	7676	39106	1926	25516	0	0	0	0	0	0	0	0	0	0	0	0	0	0	0	0	0	0	0	0	0	0	0	0	0	0	0	0	0	0	0	0	0	0	0	0	3592	18744	120	19218	0	0	88	522	0	0	0	0	0	0	0	0	0	0	0	0	0	0	0	0	0	0	0	0	0	0	0	0	0	0	0	0	0	0	0	0	0	0	0	0	0	0	
34344	Frontal_Med_Orb_L	0	0	916	0	2598	116	0	88	156	0	0	0	0	86	230	0	0	0	0	0	332	204	2540	334	0	792	1950	192	96	0	3912	406	0	0	0	0	0	0	0	0	0	0	0	0	0	0	0	0	0	0	0	0	0	0	0	0	0	0	0	0	0	0	0	0	0	0	0	0	0	0	530	212	1482	0	0	0	0	0	0	0	0	0	0	0	0	0	0	0	0	0	0	0	0	0	0	0	0	0	0	0	0	0	0	0	0	0	0	0	0	0	0	0	0	0	0	0	
115604	Frontal_Med_Orb_R	0	0	230	5148	0	6780	0	472	0	0	0	0	0	432	0	0	0	0	624	914	110	428	1114	8890	792	0	188	6904	144	0	1694	6316	0	280	0	0	0	0	0	0	0	0	0	0	0	0	0	0	0	0	0	0	0	0	0	0	0	0	0	0	0	0	0	0	0	0	0	0	0	0	656	8072	120	7494	0	0	0	0	0	0	0	0	0	0	0	0	0	0	0	0	0	0	0	0	0	0	0	0	0	0	0	0	0	0	0	0	0	0	0	0	0	0	0	0	0	0	
36076	Rectus_L	0	0	220	0	3578	374	0	0	1310	0	0	0	0	0	188	0	0	0	0	0	1686	1480	676	0	1950	188	0	524	0	0	1530	156	0	0	0	0	0	0	0	0	0	0	0	0	0	0	0	0	0	0	0	0	0	0	0	0	0	0	0	0	0	0	0	0	0	0	0	0	0	0	1934	714	1294	236	0	0	0	0	0	0	0	0	0	0	0	0	0	0	0	0	0	0	0	0	0	0	0	0	0	0	0	0	0	0	0	0	0	0	0	0	0	0	0	0	0	0	
54380	Rectus_R	0	0	0	1336	0	5472	0	0	0	0	0	0	0	0	0	238	0	0	0	0	646	1280	0	1818	192	6904	524	0	0	106	646	2024	0	0	0	0	0	0	0	0	0	0	0	0	0	0	0	0	0	0	0	0	0	0	0	0	0	0	0	0	0	0	0	0	0	0	0	0	0	0	650	2746	268	2340	0	0	0	0	0	0	0	0	0	0	0	0	0	0	0	0	0	0	0	0	0	0	0	0	0	0	0	0	0	0	0	0	0	0	0	0	0	0	0	0	0	0	
577656	Insula_L	15076	414	32784	934	12168	0	20464	114	518	0	17996	0	24206	0	8042	0	19962	0	20218	844	2194	0	3258	622	96	144	0	0	0	0	2872	540	0	0	694	562	16978	532	3542	0	2010	0	274	0	0	0	0	0	0	0	590	0	584	0	3346	0	8544	0	124	0	586	0	1120	0	0	0	386	0	202	0	3946	944	19536	572	136	0	4440	1024	9186	0	12362	0	5872	0	3158	0	152	0	3528	0	128	0	0	0	0	0	164	0	140	0	0	0	0	0	0	0	0	0	0	0	0	0	0	0	0	0	
294724	Insula_R	294	2292	152	18514	0	492	140	9790	0	294	0	13348	0	9692	0	5510	0	15594	5644	12472	0	1244	286	1330	0	0	0	106	0	0	0	312	0	576	346	516	472	5122	0	1614	0	272	0	0	0	0	0	0	0	0	0	0	0	0	0	2054	0	1208	0	0	0	0	0	0	0	0	0	0	0	0	112	392	0	20342	0	258	254	1034	218	932	0	6214	0	5854	0	1248	0	0	0	818	0	0	0	0	0	0	0	0	0	0	0	0	0	0	0	0	0	0	0	0	0	0	0	0	0	0	
305596	Cingulum_Ant_L	0	0	16452	4174	1632	352	5362	1122	124	0	104	0	694	816	424	90	0	0	11544	4248	1926	1430	25124	7676	3912	1694	1530	646	2872	0	0	20022	4812	8262	0	0	0	0	0	0	0	0	0	0	0	0	0	0	0	0	0	0	0	0	0	0	0	0	0	0	0	0	0	0	0	0	0	0	0	0	7582	3702	12176	1964	0	0	0	330	0	0	0	0	0	0	0	0	0	0	0	0	0	0	0	0	0	0	0	0	0	0	0	0	0	0	0	0	0	0	0	0	0	0	0	0	0	0	
516832	Cingulum_Ant_R	224	174	9708	28860	0	830	4370	5302	0	0	0	120	316	2500	0	1536	0	0	16624	21330	930	1052	20468	39106	406	6316	156	2024	540	312	20022	0	4230	25594	0	0	0	0	0	0	0	0	0	0	0	0	0	0	0	0	0	0	0	0	0	0	0	0	0	0	0	0	0	0	0	0	0	0	0	0	5106	23362	1006	15184	0	0	112	596	0	0	0	0	0	0	0	0	0	0	0	0	0	0	0	0	0	0	0	0	0	0	0	0	0	0	0	0	0	0	0	0	0	0	0	0	0	0	
121300	Cingulum_Mid_L	180	0	3084	1232	0	0	1288	188	0	0	0	0	0	0	0	0	0	0	8768	4998	0	0	4370	1926	0	0	0	0	0	0	4812	4230	0	14106	2936	136	0	0	0	0	0	0	594	0	0	96	0	0	106	126	638	0	238	0	246	0	176	0	86	0	0	0	0	0	0	0	2196	498	2918	366	0	0	0	112	0	0	0	0	0	0	0	0	0	0	0	0	0	0	0	0	0	0	0	0	0	0	0	0	0	0	0	0	0	0	0	0	0	0	0	0	0	0	0	0	0	0	
615392	Cingulum_Mid_R	6116	286	11548	24106	0	0	2944	7978	0	0	142	1482	0	4514	0	1596	0	254	27868	59264	0	0	15028	25516	0	280	0	0	0	576	8262	25594	14106	0	1002	3822	0	216	0	0	0	0	0	2628	0	2958	0	458	0	3306	0	1634	0	276	0	938	366	8120	0	0	0	0	0	124	0	222	2136	8440	11114	15210	0	1486	0	4566	0	0	0	0	0	0	0	204	0	0	0	486	0	0	0	524	0	0	0	0	0	0	0	0	0	0	0	0	0	0	0	0	0	0	0	0	0	0	0	0	0	0	
102708	Cingulum_Post_L	2064	1294	0	864	0	0	0	186	0	0	0	100	0	0	0	0	246	194	1014	950	0	0	0	0	0	0	0	0	694	346	0	0	2936	1002	0	8828	5846	3604	682	744	0	0	1632	0	484	0	986	154	0	0	208	0	350	0	1110	654	1304	830	0	0	0	0	102	0	0	0	3434	960	2240	870	0	0	0	470	0	0	304	2292	1126	0	154	0	0	0	96	0	0	0	0	0	0	0	0	0	0	0	0	0	0	0	0	0	0	0	0	0	0	0	0	0	0	0	0	0	0	0	
143148	Cingulum_Post_R	2910	3158	0	1404	0	0	0	292	0	0	0	160	0	0	0	0	0	222	0	2854	0	0	0	0	0	0	0	0	562	516	0	0	136	3822	8828	0	5512	8530	304	2374	0	0	0	356	114	436	0	994	0	454	0	88	0	220	154	3556	340	2608	0	0	0	0	0	0	0	86	1222	6168	312	2914	0	0	0	612	0	0	2708	4538	1596	0	0	0	0	0	0	0	0	0	0	382	0	0	0	0	0	0	0	0	0	0	0	0	0	0	0	0	0	0	0	0	132	0	0	0	0	0	
296392	Hippocampus_L	11432	1916	1838	1450	390	0	2378	276	0	0	1036	146	394	0	320	0	1752	166	1328	0	1066	0	0	0	0	0	0	0	16978	472	0	0	0	0	5846	5512	0	4936	14042	958	6688	0	1418	0	0	0	4014	268	0	0	530	0	228	0	10744	652	3236	0	0	0	182	0	122	0	0	0	3278	596	750	0	320	102	7206	500	1190	0	7588	3700	6128	0	2898	0	1772	0	716	0	252	0	6860	0	188	0	0	0	0	0	664	0	516	0	0	0	0	0	0	0	0	0	0	258	0	0	0	0	0	0	
320088	Hippocampus_R	2360	10278	0	6236	0	0	0	1394	0	0	0	924	0	94	0	0	0	1832	0	1710	0	0	0	0	0	0	0	0	532	5122	0	0	0	216	3604	8530	4936	0	324	26868	0	7438	0	1754	0	0	0	4934	0	110	0	0	0	148	110	29250	0	1220	0	0	0	128	0	658	0	152	246	6548	0	986	0	0	0	8110	0	954	3646	9360	1500	1028	0	1204	0	824	0	330	0	0	0	2950	0	0	0	0	0	0	0	1324	0	0	0	0	0	0	0	0	0	0	0	0	172	0	0	0	0	0	
89484	ParaHippocampal_L	1402	0	490	0	0	0	806	0	0	0	298	0	86	0	402	0	354	0	268	0	740	0	0	0	0	0	0	0	3542	0	0	0	0	0	682	304	14042	324	0	140	1342	0	514	0	0	0	3816	88	0	0	452	0	0	0	5556	98	580	0	0	0	0	0	0	0	0	0	1864	0	0	0	0	0	1566	0	0	0	408	90	0	0	224	0	1184	0	0	0	718	0	968	0	192	0	0	0	0	0	516	0	490	0	0	0	0	0	0	0	0	0	0	196	0	0	0	0	0	0	
188356	ParaHippocampal_R	106	1534	0	1568	0	0	0	588	0	0	0	348	0	0	0	88	0	216	0	586	0	326	0	0	0	0	0	0	0	1614	0	0	0	0	744	2374	958	26868	140	0	0	7794	0	518	0	0	0	3476	0	0	0	0	0	0	0	23074	0	154	0	0	0	0	0	140	0	0	140	3314	0	290	0	0	0	4638	0	898	344	2758	0	416	0	482	0	2904	0	138	0	1692	0	568	0	0	0	90	0	0	0	1986	0	108	0	0	0	0	0	0	0	0	0	0	198	0	0	0	0	0	
34532	Amygdala_L	0	0	254	0	254	0	0	0	0	0	0	0	0	0	0	0	0	0	0	0	624	0	0	0	0	0	0	0	2010	0	0	0	0	0	0	0	6688	0	1342	0	0	0	0	0	0	0	0	0	0	0	0	0	0	0	2914	0	0	0	0	0	0	0	0	0	0	0	0	0	0	0	0	0	578	0	0	0	0	0	0	0	0	0	900	0	0	0	218	0	1484	0	0	0	0	0	0	0	0	0	0	0	0	0	0	0	0	0	0	0	0	0	0	0	0	0	0	0	
49768	Amygdala_R	0	0	0	0	0	0	0	0	0	0	0	0	0	0	0	0	0	0	0	0	0	142	0	0	0	0	0	0	0	272	0	0	0	0	0	0	0	7438	0	7794	0	0	0	0	0	0	0	0	0	0	0	0	0	0	0	5772	0	0	0	0	0	0	0	0	0	0	0	0	0	0	0	0	0	558	0	0	0	0	0	0	0	0	0	2168	0	0	0	584	0	156	0	0	0	0	0	0	0	0	0	0	0	0	0	0	0	0	0	0	0	0	0	0	0	0	0	0	
228160	Calcarine_L	316	0	0	0	0	0	0	0	0	0	0	0	0	0	0	0	94	0	0	0	0	0	0	0	0	0	0	0	274	0	0	0	594	0	1632	0	1418	0	514	0	0	0	0	4572	8882	3442	7882	890	9660	1852	23272	466	7978	0	7542	0	1834	0	1254	0	1022	0	332	0	232	0	11818	102	400	0	0	0	0	0	0	0	0	0	0	0	108	0	0	0	2798	0	0	0	1604	0	668	540	94	0	0	0	1200	512	1192	570	106	0	266	0	132	0	0	0	0	0	2818	1716	0	344	472	666	
324688	Calcarine_R	180	0	0	0	0	0	0	0	0	0	0	0	0	0	0	0	0	0	0	92	0	0	0	0	0	0	0	0	0	0	0	0	0	2628	0	356	0	1754	0	518	0	0	4572	0	2758	27416	766	21890	0	28942	0	11116	0	6648	0	10570	0	418	0	1396	0	326	0	1186	0	452	3296	27940	174	1118	0	0	0	0	0	0	0	0	0	0	0	428	0	0	0	1540	0	0	0	3624	0	0	0	0	0	0	0	0	0	0	0	0	0	0	0	0	0	0	0	0	0	240	0	0	0	0	
88460	Cuneus_L	106	0	0	0	0	0	0	0	0	0	0	0	0	0	0	0	0	0	0	0	0	0	0	0	0	0	0	0	0	0	0	0	0	0	484	114	0	0	0	0	0	0	8882	2758	0	3564	558	0	9452	1612	5128	0	872	0	710	0	176	0	598	0	0	0	0	0	0	0	6710	1840	104	0	0	0	0	0	0	0	0	0	0	0	0	0	0	0	416	0	0	0	146	0	0	0	0	0	0	0	0	0	0	0	0	0	0	0	0	0	0	0	0	0	0	0	0	0	0	0	
287272	Cuneus_R	136	0	0	0	0	0	0	0	0	0	0	0	0	0	0	0	0	0	0	320	0	0	0	0	0	0	0	0	0	0	0	0	96	2958	0	436	0	0	0	0	0	0	3442	27416	3564	0	0	3406	0	36944	0	10400	0	642	0	956	0	856	0	2490	0	652	0	1484	0	1222	11046	27306	124	1194	0	0	0	0	0	0	0	0	0	0	0	496	0	0	0	3598	0	0	0	2452	0	0	0	0	0	0	0	0	0	0	0	0	0	0	0	0	0	0	0	0	0	0	0	0	0	0	
295512	Lingual_L	0	0	0	86	0	0	0	0	0	0	0	0	0	0	0	0	0	0	0	0	0	0	0	0	0	0	0	0	0	0	0	0	0	0	986	0	4014	0	3816	0	0	0	7882	766	558	0	0	2280	2922	90	8788	92	3550	0	14866	490	0	0	0	0	0	0	0	0	0	0	4560	0	0	0	0	0	0	0	0	0	124	92	0	0	0	0	0	0	672	0	0	0	198	0	17244	4208	1930	882	92	0	14302	1746	26666	4404	636	0	1138	130	146	0	0	0	0	0	6628	7574	2220	262	300	416	
252560	Lingual_R	160	116	0	96	0	0	0	0	0	0	0	0	0	0	0	0	0	0	0	0	0	0	0	0	0	0	0	0	0	0	0	0	0	458	154	994	268	4934	88	3476	0	0	890	21890	0	3406	2280	0	0	6648	0	4494	0	6564	116	13114	0	0	0	0	0	0	0	0	0	0	976	14566	104	128	0	0	0	0	0	0	0	472	0	0	0	0	0	0	0	198	0	0	0	1394	1384	5858	748	612	0	360	714	3484	3834	7158	136	0	522	0	102	0	0	0	0	106	2962	7738	2282	208	88	0	
154096	Occipital_Sup_L	0	0	0	0	0	0	0	0	0	0	0	0	0	0	0	0	0	0	0	0	0	0	0	0	0	0	0	0	0	0	0	0	106	0	0	0	0	0	0	0	0	0	9660	0	9452	0	2922	0	0	0	24946	0	1610	0	600	0	0	0	11748	0	900	0	0	0	194	0	14458	304	0	0	0	0	0	0	0	0	0	0	0	0	0	0	0	0	148	0	0	0	0	0	0	0	0	0	0	0	0	0	0	0	0	0	0	0	0	0	0	0	0	0	0	0	0	0	0	0	
347520	Occipital_Sup_R	224	98	0	0	0	0	0	0	0	0	0	0	0	0	0	0	0	0	110	416	0	0	0	0	0	0	0	0	0	0	0	0	126	3306	0	454	0	110	0	0	0	0	1852	28942	1612	36944	90	6648	0	0	0	23000	0	1316	0	1888	0	1650	0	5124	0	1294	0	1536	0	4012	13456	28744	220	2566	0	0	0	0	0	0	0	0	0	0	0	512	0	0	0	4914	0	0	0	2596	0	0	0	0	0	0	0	0	0	0	0	0	0	0	0	0	0	0	0	0	0	0	0	0	0	0	
401388	Occipital_Mid_L	966	0	0	0	0	0	188	0	0	0	0	0	0	0	0	0	632	0	0	0	0	0	0	0	0	0	0	0	590	0	0	0	638	0	208	0	530	0	452	0	0	0	23272	0	5128	0	8788	0	24946	0	0	0	23956	0	11892	0	4076	0	12760	0	12798	0	2596	0	18292	0	15596	0	402	0	0	0	0	0	0	0	0	0	0	0	1196	0	0	0	20040	0	0	0	10058	0	148	0	0	0	0	0	0	0	546	0	0	0	0	0	0	0	0	0	0	0	0	0	0	0	0	0	
223688	Occipital_Mid_R	0	0	0	0	0	0	0	0	0	0	0	0	0	0	0	0	0	0	0	108	0	0	0	0	0	0	0	0	0	0	0	0	0	1634	0	88	0	0	0	0	0	0	466	11116	0	10400	92	4494	0	23000	0	0	0	3586	0	2678	0	346	0	5378	0	2260	0	0	0	13538	5974	11638	0	816	0	0	0	0	0	0	0	0	0	0	0	274	0	0	0	11898	0	0	0	2060	0	0	0	0	0	0	0	0	0	0	0	0	0	0	0	0	0	0	0	0	0	0	0	0	0	0	
154400	Occipital_Inf_L	280	0	0	0	0	0	0	0	0	0	0	0	0	0	0	0	538	0	0	0	0	0	0	0	0	0	0	0	584	0	0	0	238	0	350	0	228	0	0	0	0	0	7978	0	872	0	3550	0	1610	0	23956	0	0	0	13312	0	1398	0	382	0	0	0	852	0	498	0	3038	0	208	0	0	0	0	0	0	0	0	0	226	0	782	0	0	0	6212	0	0	0	8248	0	922	0	0	0	0	0	0	0	938	0	0	0	0	0	0	0	0	0	0	0	0	0	0	0	0	0	
81560	Occipital_Inf_R	0	0	0	0	0	0	0	0	0	0	0	0	0	0	0	0	0	160	0	266	0	0	0	0	0	0	0	0	0	0	0	0	0	276	0	220	0	148	0	0	0	0	0	6648	0	642	0	6564	0	1316	0	3586	0	0	0	10540	0	366	0	0	0	0	0	174	0	0	222	4406	0	472	0	0	0	0	0	0	0	0	0	0	0	0	0	0	0	1374	0	0	0	3040	0	112	0	0	0	0	0	0	0	134	0	0	0	0	0	0	0	0	0	0	0	114	0	0	0	0	
370620	Fusiform_L	366	0	0	0	0	0	122	0	0	0	0	0	0	0	0	0	896	0	140	0	0	0	0	0	0	0	0	0	3346	0	0	0	246	0	1110	154	10744	110	5556	0	2914	0	7542	0	710	0	14866	116	600	0	11892	0	13312	0	0	0	884	0	0	0	0	0	1752	0	0	0	4742	0	260	0	0	0	922	0	0	0	272	0	1484	0	2242	0	2028	0	5198	0	1800	0	11368	0	24326	472	2858	146	0	0	14194	182	29536	530	902	0	890	0	354	0	0	0	0	0	1372	1398	456	0	0	0	
399560	Fusiform_R	120	1806	0	1104	0	0	0	462	0	0	0	442	0	0	0	0	0	1004	0	1686	0	0	0	0	0	0	0	0	0	2054	0	0	0	938	654	3556	652	29250	98	23074	0	5772	0	10570	0	956	490	13114	0	1888	0	2678	0	10540	0	0	0	1672	0	302	0	142	0	958	0	160	896	10492	0	2344	0	0	0	3228	0	310	208	2270	0	732	0	2462	0	9574	0	2146	0	3354	0	14218	136	10436	0	444	0	202	352	5624	560	10930	0	0	0	422	0	0	0	0	0	268	1418	612	0	0	0	0	
264788	Postcentral_L	27582	678	3792	410	0	0	5276	264	0	0	2760	0	688	0	0	0	7940	0	1464	862	0	0	0	0	0	0	0	0	8544	0	0	0	176	366	1304	340	3236	0	580	0	0	0	1834	0	176	0	0	0	0	0	4076	0	1398	0	884	0	0	414	6804	0	19036	0	9574	0	204	0	2092	0	3646	422	456	370	1870	0	254	0	1534	394	2864	0	3176	0	0	0	3044	0	0	0	1610	0	0	0	0	0	0	0	0	0	0	0	0	0	0	0	0	0	0	0	0	0	0	0	0	0	0	0	
235896	Postcentral_R	2520	16170	0	1362	0	0	0	826	0	0	0	1116	0	130	0	0	0	2912	112	11768	0	0	0	0	0	0	0	0	0	1208	0	0	0	8120	830	2608	0	1220	0	154	0	0	0	418	0	856	0	0	0	1650	0	346	0	366	0	1672	414	0	0	7098	0	8266	0	11254	0	2232	2722	4930	4154	16896	0	0	0	646	0	0	0	254	0	118	0	862	0	0	0	248	0	0	0	1490	0	0	0	0	0	0	0	0	0	0	0	0	0	0	0	0	0	0	0	0	0	0	0	0	0	0	
131060	Parietal_Sup_L	702	0	0	0	0	0	102	0	0	0	0	0	0	0	0	0	0	0	0	0	0	0	0	0	0	0	0	0	124	0	0	0	86	0	0	0	0	0	0	0	0	0	1254	0	598	0	0	0	11748	0	12760	0	382	0	0	0	6804	0	0	0	12702	0	154	0	4198	0	13264	0	652	0	0	0	0	0	0	0	0	0	0	0	0	0	0	0	0	0	0	0	0	0	0	0	0	0	0	0	0	0	0	0	0	0	0	0	0	0	0	0	0	0	0	0	0	0	0	0	
102256	Parietal_Sup_R	0	536	0	0	0	0	0	0	0	0	0	0	0	0	0	0	0	120	0	128	0	0	0	0	0	0	0	0	0	0	0	0	0	0	0	0	0	0	0	0	0	0	0	1396	0	2490	0	0	0	5124	0	5378	0	0	0	302	0	7098	0	0	0	4164	0	2516	0	6846	512	8736	0	5782	0	0	0	0	0	0	0	0	0	0	0	0	0	0	0	0	0	0	0	0	0	0	0	0	0	0	0	0	0	0	0	0	0	0	0	0	0	0	0	0	0	0	0	0	0	0	
197324	Parietal_Inf_L	5226	0	1412	0	0	0	1690	0	0	0	438	0	216	0	0	0	0	0	230	0	0	0	0	0	0	0	0	0	586	0	0	0	0	0	0	0	182	0	0	0	0	0	1022	0	0	0	0	0	900	0	12798	0	0	0	0	0	19036	0	12702	0	0	0	15964	0	15760	0	966	0	706	0	0	294	540	0	0	0	0	328	0	0	250	0	0	0	3826	0	0	0	3590	0	0	0	0	0	0	0	0	0	0	0	0	0	0	0	0	0	0	0	0	0	0	0	0	0	0	0	
90632	Parietal_Inf_R	0	338	0	244	0	0	0	190	0	0	0	0	0	0	0	0	0	0	0	242	0	0	0	0	0	0	0	0	0	0	0	0	0	0	0	0	0	128	0	0	0	0	0	326	0	652	0	0	0	1294	0	2260	0	0	0	142	0	8266	0	4164	0	0	0	8582	0	10746	1528	2710	0	528	0	0	0	0	0	0	0	0	0	0	0	172	0	0	0	1088	0	0	0	1716	0	0	0	0	0	0	0	0	0	0	0	0	0	0	0	0	0	0	0	0	0	0	0	0	0	0	
141000	SupraMarginal_L	1552	0	0	0	0	0	100	0	0	0	0	0	0	0	0	0	2758	0	0	0	0	0	0	0	0	0	0	0	1120	0	0	0	0	0	102	0	122	0	0	0	0	0	332	0	0	0	0	0	0	0	2596	0	852	0	1752	0	9574	0	154	0	15964	0	0	0	5256	0	252	0	0	0	0	286	0	0	0	0	0	298	334	0	8432	0	0	0	11376	0	0	0	7136	0	152	0	0	0	0	0	0	0	0	0	0	0	0	0	0	0	0	0	0	0	0	0	0	0	0	0	
126112	SupraMarginal_R	0	1086	0	162	0	0	0	0	0	0	0	0	0	0	0	0	0	2970	0	338	0	0	0	0	0	0	0	0	0	0	0	0	0	124	0	0	0	658	0	140	0	0	0	1186	0	1484	0	0	0	1536	0	0	0	174	0	958	0	11254	0	2516	0	8582	0	0	0	8092	926	4296	0	1366	0	0	0	0	0	0	0	0	0	286	0	4344	0	0	0	5364	0	0	0	5214	0	0	0	0	0	0	0	0	0	0	0	0	0	0	0	0	0	0	0	0	0	0	0	0	0	0	
128176	Angular_L	250	0	0	0	0	0	0	0	0	0	0	0	0	0	0	0	0	0	0	0	0	0	0	0	0	0	0	0	0	0	0	0	0	0	0	0	0	0	0	0	0	0	232	0	0	0	0	0	194	0	18292	0	498	0	0	0	204	0	4198	0	15760	0	5256	0	0	0	458	0	94	0	0	0	0	0	0	0	0	0	0	0	2500	0	0	0	10638	0	0	0	5514	0	0	0	0	0	0	0	0	0	0	0	0	0	0	0	0	0	0	0	0	0	0	0	0	0	0	0	
143752	Angular_R	0	164	0	0	0	0	0	0	0	0	0	0	0	0	0	0	0	0	0	200	0	0	0	0	0	0	0	0	0	0	0	0	0	222	0	86	0	152	0	0	0	0	0	452	0	1222	0	0	0	4012	0	13538	0	0	0	160	0	2232	0	6846	0	10746	0	8092	0	0	2072	3800	0	670	0	0	0	0	0	0	0	0	0	0	0	2040	0	0	0	9456	0	0	0	5714	0	0	0	0	0	0	0	0	0	0	0	0	0	0	0	0	0	0	0	0	0	0	0	0	0	0	
358244	Precuneus_L	720	306	0	0	0	0	0	0	0	0	0	0	0	0	0	0	392	0	170	718	0	0	0	0	0	0	0	0	386	0	0	0	2196	2136	3434	1222	3278	246	1864	140	0	0	11818	3296	6710	11046	4560	976	14458	13456	15596	5974	3038	222	4742	896	2092	2722	13264	512	966	1528	252	926	458	2072	0	23282	1818	3520	0	0	0	0	0	0	0	0	0	0	212	184	0	0	1456	2888	0	0	572	2452	280	134	0	0	0	0	578	124	294	138	0	0	0	0	0	0	0	0	0	0	1046	658	0	138	230	330	
458312	Precuneus_R	604	496	0	0	0	0	0	0	0	0	0	0	0	0	0	0	0	270	202	1222	0	0	0	0	0	0	0	0	0	0	0	0	498	8440	960	6168	596	6548	0	3314	0	0	102	27940	1840	27306	0	14566	304	28744	0	11638	0	4406	0	10492	0	4930	0	8736	0	2710	0	4296	0	3800	23282	0	556	11638	0	0	0	0	0	0	138	0	0	0	0	828	0	0	0	4584	0	0	0	6378	0	0	0	0	0	0	0	438	0	0	0	0	0	0	0	0	0	0	0	0	186	0	0	0	0	0	
231292	Paracentral_Lobule_L	24128	4122	1892	2286	0	0	0	0	0	0	0	0	0	0	0	0	0	0	10008	18960	0	0	0	0	0	0	0	0	202	0	0	0	2918	11114	2240	312	750	0	0	0	0	0	400	174	104	124	0	104	0	220	402	0	208	0	260	0	3646	4154	652	0	706	0	0	0	94	0	1818	556	0	11990	1178	234	2286	0	4432	0	2606	366	0	0	0	0	0	0	0	0	0	0	0	0	0	0	0	0	0	0	0	0	0	0	0	0	0	0	0	0	0	0	0	0	0	0	0	0	0	0	
250024	Paracentral_Lobule_R	7448	5770	0	212	0	0	0	0	0	0	0	0	0	0	0	0	0	232	734	24444	0	0	0	0	0	0	0	0	0	0	0	0	366	15210	870	2914	0	986	0	290	0	0	0	1118	0	1194	0	128	0	2566	0	816	0	472	0	2344	422	16896	0	5782	0	528	0	1366	0	670	3520	11638	11990	0	0	358	0	0	0	0	212	1306	0	0	0	434	0	0	0	398	0	0	0	1378	0	0	0	0	0	0	0	0	0	0	0	0	0	0	0	0	0	0	0	0	0	0	0	0	0	0	
260516	Caudate_L	9814	220	5940	4692	1046	406	8256	1558	0	0	340	0	952	1198	0	0	252	0	8130	1308	6168	6816	1916	3592	530	656	1934	650	3946	112	7582	5106	0	0	0	0	320	0	0	0	0	0	0	0	0	0	0	0	0	0	0	0	0	0	0	0	456	0	0	0	0	0	0	0	0	0	0	0	1178	0	0	13508	12584	4804	2452	1300	8120	2304	0	0	112	0	0	0	0	0	0	0	0	0	0	0	0	0	0	0	0	0	0	0	0	0	0	0	0	0	0	0	0	0	0	0	0	0	0	0	
422588	Caudate_R	2828	2832	3452	23674	92	4646	2014	2282	0	194	0	226	272	938	0	998	0	0	8556	19244	4186	5916	1682	18744	212	8072	714	2746	944	392	3702	23362	0	1486	0	0	102	0	0	0	0	0	0	0	0	0	0	0	0	0	0	0	0	0	0	0	370	0	0	0	294	0	286	0	0	0	0	0	234	358	13508	0	3598	27018	1010	3390	1718	15002	0	0	0	0	0	0	0	0	0	0	0	0	0	0	0	0	0	0	0	0	0	0	0	0	0	0	0	0	0	0	0	0	0	0	0	0	0	0	
313096	Putamen_L	7802	98	16252	168	7082	166	2972	488	0	0	2170	0	1008	462	3466	0	1450	0	17156	88	3584	3612	5938	120	1482	120	1294	268	19536	0	12176	1006	0	0	0	0	7206	0	1566	0	578	0	0	0	0	0	0	0	0	0	0	0	0	0	922	0	1870	0	0	0	540	0	0	0	0	0	0	0	2286	0	12584	3598	0	1266	7856	634	1996	200	98	0	1716	0	756	0	188	0	0	0	396	0	0	0	0	0	0	0	174	0	154	0	0	0	0	0	0	0	0	0	0	0	0	0	0	0	0	0	
472740	Putamen_R	446	3204	2488	29066	0	5178	1450	9884	0	320	0	6948	152	3488	0	2166	0	2258	8204	19350	1622	1912	2368	19218	0	7494	236	2340	572	20342	1964	15184	112	4566	470	612	500	8110	0	4638	0	558	0	0	0	0	0	0	0	0	0	0	0	0	0	3228	0	646	0	0	0	0	0	0	0	0	0	0	0	0	4804	27018	1266	0	0	3234	274	3802	248	0	0	1814	0	2026	0	498	0	0	0	92	0	0	0	0	0	0	0	0	0	0	0	0	0	0	0	0	0	0	0	0	0	0	0	0	0	0	
74760	Pallidum_L	5964	0	4202	0	0	0	726	0	0	0	90	0	204	0	0	0	0	0	4852	0	102	414	0	0	0	0	0	0	136	0	0	0	0	0	0	0	1190	0	0	0	0	0	0	0	0	0	0	0	0	0	0	0	0	0	0	0	254	0	0	0	0	0	0	0	0	0	0	0	4432	0	2452	1010	7856	0	0	270	2606	620	0	0	0	0	0	0	0	0	0	0	0	0	0	0	0	0	0	0	0	0	0	0	0	0	0	0	0	0	0	0	0	0	0	0	0	0	0	0	
35584	Pallidum_R	0	208	0	1184	0	0	0	706	0	0	0	310	0	0	0	0	0	0	196	2466	266	1098	0	0	0	0	0	0	0	258	0	0	0	0	0	0	0	954	0	898	0	0	0	0	0	0	0	0	0	0	0	0	0	0	0	310	0	0	0	0	0	0	0	0	0	0	0	0	0	0	1300	3390	634	3234	270	0	0	110	0	0	0	0	0	0	0	0	0	0	0	0	0	0	0	0	0	0	0	0	0	0	0	0	0	0	0	0	0	0	0	0	0	0	0	0	0	0	
173488	Thalamus_L	25694	3780	946	1342	332	0	824	210	0	0	300	92	178	0	0	0	0	0	820	496	0	0	0	88	0	0	0	0	4440	254	0	112	0	0	304	2708	7588	3646	408	344	0	0	0	0	0	0	124	0	0	0	0	0	0	0	272	208	1534	0	0	0	0	0	0	0	0	0	0	138	2606	212	8120	1718	1996	274	2606	0	0	10364	1178	0	274	0	0	0	0	0	0	0	214	0	0	0	0	0	0	0	0	0	0	0	0	0	0	0	0	0	0	0	0	0	0	0	0	0	0	0	
230108	Thalamus_R	6146	19348	396	13774	0	0	204	1538	0	0	0	566	98	120	0	0	0	402	178	5488	0	0	144	522	0	0	0	0	1024	1034	330	596	0	0	2292	4538	3700	9360	90	2758	0	0	0	0	0	0	92	472	0	0	0	0	0	0	0	2270	394	254	0	0	328	0	298	0	0	0	0	0	366	1306	2304	15002	200	3802	620	110	10364	0	1500	0	0	130	0	0	0	0	0	0	0	180	0	0	0	0	90	0	88	238	0	0	0	0	0	0	0	0	0	0	0	0	0	0	0	0	0	0	
104416	Heschl_L	5310	944	728	700	0	0	586	116	0	0	736	0	94	0	0	0	4394	0	350	0	0	0	0	0	0	0	0	0	9186	218	0	0	0	0	1126	1596	6128	1500	0	0	0	0	0	0	0	0	0	0	0	0	0	0	226	0	1484	0	2864	0	0	0	0	0	334	0	0	0	0	0	0	0	0	0	98	248	0	0	1178	1500	0	0	4616	0	158	0	2776	0	0	0	2916	0	98	0	0	0	0	0	0	0	0	0	0	0	0	0	0	0	0	0	0	0	0	0	0	0	0	0	
16208	Heschl_R	0	0	0	0	0	0	0	0	0	0	0	0	0	0	0	0	0	1156	0	108	0	0	0	0	0	0	0	0	0	932	0	0	0	0	0	0	0	1028	0	416	0	0	0	0	0	0	0	0	0	0	0	0	0	0	0	732	0	118	0	0	0	0	0	286	0	0	0	0	0	0	0	0	0	0	0	0	0	0	0	0	0	3054	0	0	0	274	0	0	0	0	0	0	0	0	0	0	0	0	0	0	0	0	0	0	0	0	0	0	0	0	0	0	0	0	0	0	
229084	Temporal_Sup_L	2170	0	1454	0	294	0	684	0	0	0	4746	0	194	0	0	0	11068	0	2584	0	0	0	164	0	0	0	0	0	12362	0	0	0	0	0	154	0	2898	0	224	0	0	0	108	0	0	0	0	0	0	0	1196	0	782	0	2242	0	3176	0	0	0	250	0	8432	0	2500	0	212	0	0	0	112	0	1716	0	0	0	274	0	4616	0	0	0	5348	0	26184	0	854	0	17176	0	248	0	0	0	0	0	0	0	120	0	0	0	0	0	0	0	0	0	0	0	0	0	0	0	0	0	
105132	Temporal_Sup_R	0	134	0	410	0	0	0	134	0	0	0	448	0	0	0	346	0	3436	0	600	0	0	0	0	0	0	0	0	0	6214	0	0	0	204	0	0	0	1204	0	482	0	0	0	428	0	496	0	0	0	512	0	274	0	0	0	2462	0	862	0	0	0	172	0	4344	0	2040	184	828	0	434	0	0	0	1814	0	0	0	130	0	3054	0	0	0	7088	0	9956	0	270	0	3606	0	0	0	0	0	0	0	0	0	0	0	0	0	0	0	0	0	0	0	0	0	0	0	0	0	0	
95544	Temporal_Pole_Sup_L	0	0	1190	0	1400	0	0	0	86	0	2194	0	284	0	2224	0	1640	0	486	0	662	0	204	0	0	0	0	0	5872	0	0	0	0	0	0	0	1772	0	1184	0	900	0	0	0	0	0	0	0	0	0	0	0	0	0	2028	0	0	0	0	0	0	0	0	0	0	0	0	0	0	0	0	0	756	0	0	0	0	0	158	0	5348	0	0	0	6972	0	6678	0	5734	0	0	0	0	0	0	0	0	0	0	0	0	0	0	0	0	0	0	0	0	0	0	0	0	0	0	0	
108868	Temporal_Pole_Sup_R	0	0	0	1802	0	0	0	556	0	0	0	1938	0	168	0	848	0	1884	694	1178	0	316	0	0	0	0	0	0	0	5854	0	0	0	0	0	0	0	824	0	2904	0	2168	0	0	0	0	0	0	0	0	0	0	0	0	0	9574	0	0	0	0	0	0	0	0	0	0	0	0	0	0	0	0	0	2026	0	0	0	0	0	0	0	7088	0	0	0	4672	0	4600	0	5340	0	0	0	0	0	0	0	0	0	0	0	0	0	0	0	0	0	0	0	0	0	0	0	0	0	0	
324008	Temporal_Mid_L	314	0	0	0	0	0	0	0	0	0	88	0	0	0	0	0	3154	0	0	0	0	0	0	0	0	0	0	0	3158	0	0	0	0	0	96	0	716	0	0	0	0	0	2798	0	416	0	672	0	148	0	20040	0	6212	0	5198	0	3044	0	0	0	3826	0	11376	0	10638	0	1456	0	0	0	0	0	188	0	0	0	0	0	2776	0	26184	0	6972	0	0	0	5656	0	46104	0	468	0	0	0	0	0	0	0	306	0	0	0	0	0	0	0	0	0	0	0	0	0	0	0	0	0	
179284	Temporal_Mid_R	0	0	0	0	0	0	0	0	0	0	0	0	0	0	0	106	0	94	0	120	0	0	0	0	0	0	0	0	0	1248	0	0	0	486	0	0	0	330	0	138	0	0	0	1540	0	3598	0	198	0	4914	0	11898	0	1374	0	2146	0	248	0	0	0	1088	0	5364	0	9456	2888	4584	0	398	0	0	0	498	0	0	0	0	0	274	0	9956	0	4672	0	0	0	1562	0	20464	0	0	0	0	0	0	0	0	0	0	0	0	0	0	0	0	0	0	0	0	0	0	0	0	0	0	
43916	Temporal_Pole_Mid_L	0	0	0	0	0	0	0	0	0	0	0	0	0	0	0	0	0	0	0	0	0	0	0	0	0	0	0	0	152	0	0	0	0	0	0	0	252	0	718	0	218	0	0	0	0	0	0	0	0	0	0	0	0	0	1800	0	0	0	0	0	0	0	0	0	0	0	0	0	0	0	0	0	0	0	0	0	0	0	0	0	854	0	6678	0	5656	0	0	0	5630	0	0	0	0	0	0	0	0	0	0	0	0	0	0	0	0	0	0	0	0	0	0	0	0	0	0	0	
28132	Temporal_Pole_Mid_R	0	0	0	0	0	0	0	0	0	0	0	0	0	0	0	0	0	0	0	0	0	0	0	0	0	0	0	0	0	0	0	0	0	0	0	0	0	0	0	1692	0	584	0	0	0	0	0	0	0	0	0	0	0	0	0	3354	0	0	0	0	0	0	0	0	0	0	0	0	0	0	0	0	0	0	0	0	0	0	0	0	0	270	0	4600	0	1562	0	0	0	2004	0	0	0	0	0	0	0	0	0	0	0	0	0	0	0	0	0	0	0	0	0	0	0	0	0	0	
292508	Temporal_Inf_L	216	0	102	0	0	0	0	0	0	0	0	0	0	0	0	0	1194	0	0	0	0	0	0	0	0	0	0	0	3528	0	0	0	0	0	0	0	6860	0	968	0	1484	0	1604	0	146	0	198	0	0	0	10058	0	8248	0	11368	0	1610	0	0	0	3590	0	7136	0	5514	0	572	0	0	0	0	0	396	0	0	0	214	0	2916	0	17176	0	5734	0	46104	0	5630	0	0	0	2136	0	238	0	0	0	312	0	1002	0	0	0	0	0	0	0	0	0	0	0	0	0	0	0	0	0	
184552	Temporal_Inf_R	0	0	0	0	0	0	0	0	0	0	0	204	0	0	0	0	0	506	0	756	0	0	0	0	0	0	0	0	0	818	0	0	0	524	0	382	0	2950	0	568	0	156	0	3624	0	2452	0	1394	0	2596	0	2060	0	3040	0	14218	0	1490	0	0	0	1716	0	5214	0	5714	2452	6378	0	1378	0	0	0	92	0	0	0	180	0	0	0	3606	0	5340	0	20464	0	2004	0	0	0	0	0	0	0	0	0	0	0	0	0	0	0	0	0	0	0	0	0	0	0	0	0	0	0	0	
486308	Cerebelum_Crus1_L	0	0	0	0	0	0	0	0	0	0	0	0	0	0	0	0	122	0	0	0	0	0	0	0	0	0	0	0	128	0	0	0	0	0	0	0	188	0	192	0	0	0	668	0	0	0	17244	1384	0	0	148	0	922	0	24326	136	0	0	0	0	0	0	152	0	0	0	280	0	0	0	0	0	0	0	0	0	0	0	98	0	248	0	0	0	468	0	0	0	2136	0	0	3046	35496	1448	276	210	33590	2080	63504	3610	10744	302	14350	1352	844	498	122	0	340	636	10674	5064	3326	1910	770	122	
502568	Cerebelum_Crus1_R	0	0	0	0	0	0	0	0	0	0	0	0	0	0	0	0	0	0	0	0	0	0	0	0	0	0	0	0	0	0	0	0	0	0	0	0	0	0	0	0	0	0	540	0	0	0	4208	5858	0	0	0	0	0	112	472	10436	0	0	0	0	0	0	0	0	0	0	134	0	0	0	0	0	0	0	0	0	0	0	0	0	0	0	0	0	0	0	0	0	0	0	3046	0	1534	31740	0	4204	4060	31372	9624	64672	726	3338	2596	14976	220	2270	0	130	0	1766	19152	18666	9118	3088	1870	1356	
382700	Cerebelum_Crus2_L	0	0	0	0	0	0	0	0	0	0	0	0	0	0	0	0	0	0	0	0	0	0	0	0	0	0	0	0	0	0	0	0	0	0	0	0	0	0	0	0	0	0	94	0	0	0	1930	748	0	0	0	0	0	0	2858	0	0	0	0	0	0	0	0	0	0	0	0	0	0	0	0	0	0	0	0	0	0	0	0	0	0	0	0	0	0	0	0	0	238	0	35496	1534	0	9384	384	180	7934	384	12390	1612	33668	5510	34866	5698	4568	942	228	0	814	1284	4564	3198	9732	9354	1504	254	
347784	Cerebelum_Crus2_R	0	0	0	0	0	0	0	0	0	0	0	0	0	0	0	0	0	0	0	0	0	0	0	0	0	0	0	0	0	0	0	0	0	0	0	0	0	0	0	90	0	0	0	0	0	0	882	612	0	0	0	0	0	0	146	444	0	0	0	0	0	0	0	0	0	0	0	0	0	0	0	0	0	0	0	0	0	0	0	0	0	0	0	0	0	0	0	0	0	0	1448	31740	9384	0	396	2984	2430	6262	2702	12420	1380	22346	3400	35034	1256	4174	0	794	226	1406	4438	4446	10500	8620	3264	668	
40356	Cerebelum_3_L	0	0	0	0	0	0	0	0	0	0	0	0	0	0	0	0	0	0	0	0	0	0	0	0	0	0	0	0	0	0	0	0	0	0	0	0	0	0	0	0	0	0	0	0	0	0	92	0	0	0	0	0	0	0	0	0	0	0	0	0	0	0	0	0	0	0	0	0	0	0	0	0	0	0	0	0	0	90	0	0	0	0	0	0	0	0	0	0	0	0	276	0	384	396	0	358	6560	0	952	0	148	332	964	586	1336	436	0	0	1230	2956	1348	0	300	672	676	86	
74784	Cerebelum_3_R	0	0	0	0	0	0	0	0	0	0	0	0	0	0	0	0	0	0	0	0	0	0	0	0	0	0	0	0	0	0	0	0	0	0	0	0	0	0	0	0	0	0	0	0	0	0	0	360	0	0	0	0	0	0	0	202	0	0	0	0	0	0	0	0	0	0	0	0	0	0	0	0	0	0	0	0	0	0	0	0	0	0	0	0	0	0	0	0	0	0	210	4204	180	2984	358	0	1190	6542	304	4318	0	686	336	2200	300	2534	0	0	202	5522	2402	0	184	1132	1042	0	
433524	Cerebelum_4_5_L	0	0	0	0	0	0	0	0	0	0	0	0	0	0	0	0	0	0	0	0	0	0	0	0	0	0	0	0	164	0	0	0	0	0	0	0	664	0	516	0	0	0	1200	0	0	0	14302	714	0	0	0	0	0	0	14194	352	0	0	0	0	0	0	0	0	0	0	578	0	0	0	0	0	174	0	0	0	0	88	0	0	0	0	0	0	0	0	0	0	312	0	33590	4060	7934	2430	6560	1190	0	3512	46612	4648	5520	1266	9488	3762	4642	2932	288	0	3452	6234	24102	2994	1072	3224	3226	766	
289076	Cerebelum_4_5_R	0	160	0	140	0	0	0	0	0	0	0	0	0	0	0	0	0	0	0	0	0	0	0	0	0	0	0	0	0	0	0	0	0	0	0	0	0	1324	0	1986	0	0	512	0	0	0	1746	3484	0	0	0	0	0	0	182	5624	0	0	0	0	0	0	0	0	0	0	124	438	0	0	0	0	0	0	0	0	0	238	0	0	0	0	0	0	0	0	0	0	0	0	2080	31372	384	6262	0	6542	3512	0	4816	35390	342	414	1090	3512	90	1388	0	0	0	3282	20254	4766	814	958	822	490	
566132	Cerebelum_6_L	0	0	0	0	0	0	0	0	0	0	0	0	0	0	0	0	0	0	0	0	0	0	0	0	0	0	0	0	140	0	0	0	0	0	0	0	516	0	490	0	0	0	1192	0	0	0	26666	3834	0	0	546	0	938	0	29536	560	0	0	0	0	0	0	0	0	0	0	294	0	0	0	0	0	154	0	0	0	0	0	0	0	120	0	0	0	306	0	0	0	1002	0	63504	9624	12390	2702	952	304	46612	4816	0	10638	6860	448	9940	1814	1612	786	288	0	584	1028	18400	14736	5612	1740	1160	222	
466700	Cerebelum_6_R	0	0	0	0	0	0	0	0	0	0	0	0	0	0	0	0	0	0	0	0	0	0	0	0	0	0	0	0	0	0	0	0	0	0	0	0	0	0	0	108	0	0	570	0	0	0	4404	7158	0	0	0	0	0	134	530	10930	0	0	0	0	0	0	0	0	0	0	138	0	0	0	0	0	0	0	0	0	0	0	0	0	0	0	0	0	0	0	0	0	0	0	3610	64672	1612	12420	0	4318	4648	35390	10638	0	814	772	2774	7324	262	1232	0	140	0	2282	22294	19656	8092	3072	1894	1462	
248640	Cerebelum_7b_L	0	0	0	0	0	0	0	0	0	0	0	0	0	0	0	0	0	0	0	0	0	0	0	0	0	0	0	0	0	0	0	0	0	0	0	0	0	0	0	0	0	0	106	0	0	0	636	136	0	0	0	0	0	0	902	0	0	0	0	0	0	0	0	0	0	0	0	0	0	0	0	0	0	0	0	0	0	0	0	0	0	0	0	0	0	0	0	0	0	0	10744	726	33668	1380	148	0	5520	342	6860	814	0	464	37086	2764	5324	740	476	0	466	726	3826	750	2236	6042	1284	154	
155500	Cerebelum_7b_R	0	0	0	0	0	0	0	0	0	0	0	0	0	0	0	0	0	0	0	0	0	0	0	0	0	0	0	0	0	0	0	0	0	0	0	0	0	0	0	0	0	0	0	0	0	0	0	0	0	0	0	0	0	0	0	0	0	0	0	0	0	0	0	0	0	0	0	0	0	0	0	0	0	0	0	0	0	0	0	0	0	0	0	0	0	0	0	0	0	0	302	3338	5510	22346	332	686	1266	414	448	772	464	0	1594	21968	576	3190	0	482	162	790	1726	264	2788	5706	2438	188	
384160	Cerebelum_8_L	0	0	0	0	0	0	0	0	0	0	0	0	0	0	0	0	0	0	0	0	0	0	0	0	0	0	0	0	0	0	0	0	0	0	0	0	0	0	0	0	0	0	266	0	0	0	1138	522	0	0	0	0	0	0	890	0	0	0	0	0	0	0	0	0	0	0	0	0	0	0	0	0	0	0	0	0	0	0	0	0	0	0	0	0	0	0	0	0	0	0	14350	2596	34866	3400	964	336	9488	1090	9940	2774	37086	1594	0	7346	21558	2172	2076	0	1388	2192	7554	3242	5568	12304	4466	914	
360556	Cerebelum_8_R	0	0	0	0	0	0	0	0	0	0	0	0	0	0	0	0	0	0	0	0	0	0	0	0	0	0	0	0	0	0	0	0	0	0	0	0	0	0	0	0	0	0	0	0	0	0	130	0	0	0	0	0	0	0	0	422	0	0	0	0	0	0	0	0	0	0	0	0	0	0	0	0	0	0	0	0	0	0	0	0	0	0	0	0	0	0	0	0	0	0	1352	14976	5698	35034	586	2200	3762	3512	1814	7324	2764	21968	7346	0	2178	21256	0	2810	958	2856	6434	1780	5730	17202	8490	1696	
129948	Cerebelum_9_L	0	0	0	0	0	0	0	0	0	0	0	0	0	0	0	0	0	0	0	0	0	0	0	0	0	0	0	0	0	0	0	0	0	0	0	0	0	0	0	0	0	0	132	0	0	0	146	102	0	0	0	0	0	0	354	0	0	0	0	0	0	0	0	0	0	0	0	0	0	0	0	0	0	0	0	0	0	0	0	0	0	0	0	0	0	0	0	0	0	0	844	220	4568	1256	1336	300	4642	90	1612	262	5324	576	21558	2178	0	1446	4072	104	760	1312	2522	792	1888	2820	2864	894	
156016	Cerebelum_9_R	0	0	0	0	0	0	0	0	0	0	0	0	0	0	0	0	0	0	0	0	0	0	0	0	0	0	0	0	0	0	0	0	0	0	0	0	0	0	0	0	0	0	0	0	0	0	0	0	0	0	0	0	0	0	0	0	0	0	0	0	0	0	0	0	0	0	0	0	0	0	0	0	0	0	0	0	0	0	0	0	0	0	0	0	0	0	0	0	0	0	498	2270	942	4174	436	2534	2932	1388	786	1232	740	3190	2172	21256	1446	0	0	2278	1980	4572	4862	666	1022	6658	7824	2150	
15412	Cerebelum_10_L	0	0	0	0	0	0	0	0	0	0	0	0	0	0	0	0	0	0	0	0	0	0	0	0	0	0	0	0	0	0	0	0	0	0	0	0	0	0	0	0	0	0	0	0	0	0	0	0	0	0	0	0	0	0	0	0	0	0	0	0	0	0	0	0	0	0	0	0	0	0	0	0	0	0	0	0	0	0	0	0	0	0	0	0	0	0	0	0	0	0	122	0	228	0	0	0	288	0	288	0	476	0	2076	0	4072	0	0	0	0	0	156	0	0	0	0	0	
14132	Cerebelum_10_R	0	0	0	0	0	0	0	0	0	0	0	0	0	0	0	0	0	0	0	0	0	0	0	0	0	0	0	0	0	0	0	0	0	0	0	0	0	0	0	0	0	0	0	0	0	0	0	0	0	0	0	0	0	0	0	0	0	0	0	0	0	0	0	0	0	0	0	0	0	0	0	0	0	0	0	0	0	0	0	0	0	0	0	0	0	0	0	0	0	0	0	130	0	794	0	0	0	0	0	140	0	482	0	2810	104	2278	0	0	0	0	136	0	0	0	192	0	
51288	Vermis_1_2	0	0	0	0	0	0	0	0	0	0	0	0	0	0	0	0	0	0	0	0	0	0	0	0	0	0	0	0	0	0	0	0	0	0	0	0	0	0	0	0	0	0	0	0	0	0	0	0	0	0	0	0	0	0	0	0	0	0	0	0	0	0	0	0	0	0	0	0	0	0	0	0	0	0	0	0	0	0	0	0	0	0	0	0	0	0	0	0	0	0	340	0	814	226	1230	202	3452	0	584	0	466	162	1388	958	760	1980	0	0	0	6976	4078	0	368	904	756	0	
120292	Vermis_3	0	0	0	0	0	0	0	0	0	0	0	0	0	0	0	0	0	0	0	0	0	0	0	0	0	0	0	0	0	0	0	0	0	0	0	0	258	0	196	0	0	0	0	0	0	0	0	106	0	0	0	0	0	0	0	268	0	0	0	0	0	0	0	0	0	0	0	0	0	0	0	0	0	0	0	0	0	0	0	0	0	0	0	0	0	0	0	0	0	0	636	1766	1284	1406	2956	5522	6234	3282	1028	2282	726	790	2192	2856	1312	4572	0	0	6976	0	8050	108	694	2410	2148	88	
419704	Vermis_4_5	0	0	0	0	0	0	0	0	0	0	0	0	0	0	0	0	0	0	0	0	0	0	0	0	0	0	0	0	0	0	0	0	0	0	0	132	0	172	0	198	0	0	2818	0	0	0	6628	2962	0	0	0	0	0	0	1372	1418	0	0	0	0	0	0	0	0	0	0	1046	186	0	0	0	0	0	0	0	0	0	0	0	0	0	0	0	0	0	0	0	0	0	0	10674	19152	4564	4438	1348	2402	24102	20254	18400	22294	3826	1726	7554	6434	2522	4862	156	136	4078	8050	0	10806	2020	5368	5428	2326	
265920	Vermis_6	0	0	0	0	0	0	0	0	0	0	0	0	0	0	0	0	0	0	0	0	0	0	0	0	0	0	0	0	0	0	0	0	0	0	0	0	0	0	0	0	0	0	1716	240	0	0	7574	7738	0	0	0	0	0	114	1398	612	0	0	0	0	0	0	0	0	0	0	658	0	0	0	0	0	0	0	0	0	0	0	0	0	0	0	0	0	0	0	0	0	0	0	5064	18666	3198	4446	0	0	2994	4766	14736	19656	750	264	3242	1780	792	666	0	0	0	108	10806	0	11038	3694	3134	3110	
