data	data	803668	407656	1.13886e+06	970080	145204	163820	729176	327224	70680	35116	377876	273428	341140	211812	162124	96708	542364	131260	1.06812e+06	1.1041e+06	102700	127964	521100	518344	44812	182396	53408	89988	824228	383936	498336	669184	277288	705088	108180	163516	337280	312296	148740	230076	51292	63536	176768	236344	143412	219188	165160	324032	138908	216484	368412	187464	121460	53336	367656	314140	601968	185244	133536	104992	281296	143532	120572	124060	150784	149148	211656	395800	315620	163860	374972	544924	495252	406056	52268	28732	198904	222544	110616	23060	467476	93704	119908	77780	286856	173376	42576	23028	231680	142532	540504	426152	388520	236848	58868	93288	361412	254032	537068	473684	246124	108048	384680	297640	180608	165700	20464	8568	41876	135172	255932	234284	163532	199920	132088	58208	
data	data	Precentral_L	Precentral_R	Frontal_Sup_L	Frontal_Sup_R	Frontal_Sup_Orb_L	Frontal_Sup_Orb_R	Frontal_Mid_L	Frontal_Mid_R	Frontal_Mid_Orb_L	Frontal_Mid_Orb_R	Frontal_Inf_Oper_L	Frontal_Inf_Oper_R	Frontal_Inf_Tri_L	Frontal_Inf_Tri_R	Frontal_Inf_Orb_L	Frontal_Inf_Orb_R	Rolandic_Oper_L	Rolandic_Oper_R	Supp_Motor_Area_L	Supp_Motor_Area_R	Olfactory_L	Olfactory_R	Frontal_Sup_Medial_L	Frontal_Sup_Medial_R	Frontal_Med_Orb_L	Frontal_Med_Orb_R	Rectus_L	Rectus_R	Insula_L	Insula_R	Cingulum_Ant_L	Cingulum_Ant_R	Cingulum_Mid_L	Cingulum_Mid_R	Cingulum_Post_L	Cingulum_Post_R	Hippocampus_L	Hippocampus_R	ParaHippocampal_L	ParaHippocampal_R	Amygdala_L	Amygdala_R	Calcarine_L	Calcarine_R	Cuneus_L	Cuneus_R	Lingual_L	Lingual_R	Occipital_Sup_L	Occipital_Sup_R	Occipital_Mid_L	Occipital_Mid_R	Occipital_Inf_L	Occipital_Inf_R	Fusiform_L	Fusiform_R	Postcentral_L	Postcentral_R	Parietal_Sup_L	Parietal_Sup_R	Parietal_Inf_L	Parietal_Inf_R	SupraMarginal_L	SupraMarginal_R	Angular_L	Angular_R	Precuneus_L	Precuneus_R	Paracentral_Lobule_L	Paracentral_Lobule_R	Caudate_L	Caudate_R	Putamen_L	Putamen_R	Pallidum_L	Pallidum_R	Thalamus_L	Thalamus_R	Heschl_L	Heschl_R	Temporal_Sup_L	Temporal_Sup_R	Temporal_Pole_Sup_L	Temporal_Pole_Sup_R	Temporal_Mid_L	Temporal_Mid_R	Temporal_Pole_Mid_L	Temporal_Pole_Mid_R	Temporal_Inf_L	Temporal_Inf_R	Cerebelum_Crus1_L	Cerebelum_Crus1_R	Cerebelum_Crus2_L	Cerebelum_Crus2_R	Cerebelum_3_L	Cerebelum_3_R	Cerebelum_4_5_L	Cerebelum_4_5_R	Cerebelum_6_L	Cerebelum_6_R	Cerebelum_7b_L	Cerebelum_7b_R	Cerebelum_8_L	Cerebelum_8_R	Cerebelum_9_L	Cerebelum_9_R	Cerebelum_10_L	Cerebelum_10_R	Vermis_1_2	Vermis_3	Vermis_4_5	Vermis_6	Vermis_7	Vermis_8	Vermis_9	Vermis_10	
803668	Precentral_L	0	4450	37266	5008	178	0	35526	1942	0	0	20956	258	5620	0	538	0	31314	154	24406	10634	0	0	836	448	0	0	0	0	18926	528	1586	1838	1146	2690	1908	554	7534	328	1790	124	0	0	282	0	326	0	456	326	192	0	2964	0	2192	0	1970	0	55084	224	0	0	9796	0	3912	110	846	0	194	0	35474	1756	5908	3290	5832	848	434	0	12034	784	2690	0	27252	0	218	0	4868	0	0	0	3086	0	0	0	0	0	0	0	0	0	0	0	0	0	0	0	0	0	0	0	0	0	0	0	0	0	0	0	
407656	Precentral_R	4450	0	1060	27794	0	0	242	13310	0	0	136	13308	0	86	0	0	2536	1724	4726	43878	0	0	0	124	0	0	0	0	3358	2730	134	396	610	1438	462	368	1144	4454	382	502	0	0	0	510	0	416	118	522	0	170	342	282	0	352	114	684	1806	15200	0	100	456	534	1294	1358	0	540	0	1218	5414	8350	2868	3036	4552	1736	3214	154	1562	10626	886	90	892	1084	0	0	326	1616	0	0	144	1766	0	0	0	0	0	0	144	0	0	0	0	0	0	0	0	0	0	0	0	0	0	0	0	0	0	0	
1.13886e+06	Frontal_Sup_L	37266	1060	0	14346	6652	194	85210	3256	782	0	21378	752	15172	462	4644	274	28224	218	85144	12730	0	0	48256	11286	1742	1134	106	0	38176	996	23156	11068	4502	8122	0	0	3340	0	214	0	0	0	0	0	0	0	0	0	0	0	478	0	340	0	1018	0	23244	258	0	0	894	0	296	0	0	0	0	0	4810	0	10652	7238	19302	1434	662	0	4946	450	852	0	20870	0	636	0	728	0	0	0	462	0	0	0	0	0	0	0	0	0	0	0	0	0	0	0	0	0	0	0	0	0	0	0	0	0	0	0	
970080	Frontal_Sup_R	5008	27794	14346	0	0	5410	2758	38726	0	1236	632	16516	778	11690	0	3580	5608	4474	24696	78248	0	0	15010	48952	0	2556	0	178	4350	13322	15540	39022	5052	30534	0	0	794	2824	180	462	0	0	0	0	0	0	112	128	0	0	314	0	0	0	134	186	4752	3010	0	0	410	88	1162	126	0	0	0	0	2046	0	4004	14848	4608	11742	3278	0	652	6550	872	0	3778	266	0	1160	276	0	0	0	110	0	0	0	0	0	0	0	152	0	0	0	0	0	0	0	0	0	0	0	0	0	0	0	0	0	0	0	
145204	Frontal_Sup_Orb_L	178	0	6652	0	0	0	1026	0	9204	0	0	0	178	0	12592	0	116	0	746	0	2156	0	5130	270	3334	396	4150	0	6398	0	4676	186	0	0	0	0	0	0	0	0	186	0	0	0	0	0	0	0	0	0	0	0	0	0	0	0	140	0	0	0	0	0	0	0	0	0	0	0	0	0	2010	94	11896	0	0	0	156	0	0	0	116	0	616	0	0	0	0	0	0	0	0	0	0	0	0	0	0	0	0	0	0	0	0	0	0	0	0	0	0	0	0	0	0	0	0	0	
163820	Frontal_Sup_Orb_R	0	0	194	5410	0	0	0	798	0	4314	0	0	0	588	0	6540	0	0	192	608	0	2354	456	5340	220	12678	182	9896	0	4512	636	5708	88	444	0	0	0	258	0	176	0	0	0	0	0	0	0	0	0	0	0	0	0	0	0	0	0	0	0	0	0	0	0	0	0	0	0	0	0	0	138	8958	0	11050	0	0	0	0	0	0	0	0	0	172	0	0	0	0	0	0	0	0	0	0	0	0	0	0	0	0	0	0	0	0	0	0	0	0	0	0	0	0	0	0	0	0	
729176	Frontal_Mid_L	35526	242	85210	2758	1026	0	0	1302	2608	0	19432	300	37726	200	7302	180	9936	90	24928	1756	0	0	19104	2502	0	0	0	0	36478	394	10138	3316	1180	2362	0	0	4844	0	752	0	0	0	0	0	0	0	152	128	0	0	398	0	366	0	1158	0	6498	0	0	0	1026	0	422	0	0	0	0	0	2512	0	6736	4376	14742	974	342	0	4642	584	1310	0	4268	0	792	0	862	0	0	0	708	0	0	0	0	0	0	0	0	0	0	0	0	0	0	0	0	0	0	0	0	0	0	0	0	0	0	0	
327224	Frontal_Mid_R	1942	13310	3256	38726	0	798	1302	0	0	1286	0	12740	0	16566	0	5134	1256	658	5282	11222	0	0	1614	6420	0	0	0	0	188	5888	894	4540	374	8018	0	0	146	204	0	0	0	0	0	0	0	0	0	0	0	0	0	0	0	0	0	0	1284	2370	0	0	94	238	0	350	0	0	0	0	180	0	4174	5524	522	4108	0	0	242	578	0	106	1208	612	0	258	0	0	0	0	0	0	0	0	0	0	0	0	0	0	0	0	0	0	0	0	0	0	0	0	0	0	0	0	0	0	0	0	
70680	Frontal_Mid_Orb_L	0	0	782	0	9204	0	2608	0	0	0	0	0	2648	0	13524	0	0	0	0	0	350	0	0	0	0	0	1070	0	2118	0	0	0	0	0	0	0	0	0	0	0	0	0	0	0	0	0	0	0	0	0	0	0	0	0	0	0	0	0	0	0	0	0	0	0	0	0	0	0	0	0	192	0	2604	0	0	0	0	0	0	0	0	0	240	0	0	0	0	0	0	0	0	0	0	0	0	0	0	0	0	0	0	0	0	0	0	0	0	0	0	0	0	0	0	0	0	0	
35116	Frontal_Mid_Orb_R	0	0	0	1236	0	4314	0	1286	0	0	0	0	0	102	0	6614	0	0	0	0	0	142	0	0	0	94	0	792	0	818	0	0	0	0	0	0	0	0	0	0	0	0	0	0	0	0	0	0	0	0	0	0	0	0	0	0	0	0	0	0	0	0	0	0	0	0	0	0	0	0	0	850	0	1310	0	0	0	0	0	0	0	0	0	0	0	0	0	0	0	0	0	0	0	0	0	0	0	0	0	0	0	0	0	0	0	0	0	0	0	0	0	0	0	0	0	0	
377876	Frontal_Inf_Oper_L	20956	136	21378	632	0	0	19432	0	0	0	0	474	20056	468	474	0	17556	0	15704	744	0	0	2466	384	0	0	0	0	30470	468	2434	1384	266	594	0	0	558	0	0	0	0	0	0	0	0	0	0	0	0	0	186	0	370	0	238	0	10690	0	0	0	480	0	374	0	0	0	0	0	160	0	3508	1024	3750	102	182	0	154	0	586	0	6386	0	2348	0	812	0	0	0	554	0	0	0	0	0	0	0	0	0	0	0	0	0	0	0	0	0	0	0	0	0	0	0	0	0	0	0	
273428	Frontal_Inf_Oper_R	258	13308	752	16516	0	0	300	12740	0	0	474	0	616	13754	0	686	182	6198	4088	15946	0	0	480	608	0	0	0	0	742	20422	374	1428	120	4538	0	0	0	314	0	0	0	0	0	0	0	0	0	0	0	0	0	0	0	0	0	0	180	4738	0	0	0	182	0	244	0	0	0	0	0	0	1488	2802	196	7996	0	334	0	500	0	120	160	1000	0	1930	0	0	0	0	0	0	0	0	0	0	0	0	0	0	0	0	0	0	0	0	0	0	0	0	0	0	0	0	0	0	0	0	
341140	Frontal_Inf_Tri_L	5620	0	15172	778	178	0	37726	0	2648	0	20056	616	0	602	10982	0	3664	0	8608	714	0	0	3028	696	0	0	0	0	30588	608	5942	2108	618	1030	0	0	282	0	0	0	0	0	0	0	0	0	0	0	0	0	0	0	0	0	176	0	3242	0	0	0	0	0	0	0	0	0	0	0	0	0	5080	1594	4238	166	0	0	0	0	0	0	2696	0	1000	0	114	0	0	0	0	0	0	0	0	0	0	0	0	0	0	0	0	0	0	0	0	0	0	0	0	0	0	0	0	0	0	0	
211812	Frontal_Inf_Tri_R	0	86	462	11690	0	588	200	16566	0	102	468	13754	602	0	0	4674	0	0	4224	10196	0	0	1118	3924	0	850	0	0	716	15652	514	4898	164	8384	0	0	0	0	0	0	0	0	0	0	0	0	0	0	0	0	0	0	0	0	0	0	0	0	0	0	0	0	0	0	0	0	0	0	0	0	902	3486	128	1558	0	0	0	0	0	0	0	0	0	0	0	0	0	0	0	0	0	0	0	0	0	0	0	0	0	0	0	0	0	0	0	0	0	0	0	0	0	0	0	0	0	0	
162124	Frontal_Inf_Orb_L	538	0	4644	0	12592	0	7302	0	13524	0	474	0	10982	0	0	0	554	0	1038	0	2688	0	0	0	0	0	1332	0	14168	0	292	0	0	0	0	0	544	0	172	0	436	0	0	0	0	0	0	0	0	0	0	0	0	0	178	0	500	0	0	0	0	0	0	0	0	0	0	0	0	0	1016	332	4850	0	0	0	0	0	0	0	540	0	2366	0	0	0	0	0	0	0	0	0	0	0	0	0	0	0	0	0	0	0	0	0	0	0	0	0	0	0	0	0	0	0	0	0	
96708	Frontal_Inf_Orb_R	0	0	274	3580	0	6540	180	5134	0	6614	0	686	0	4674	0	0	0	0	258	836	0	1194	0	438	0	298	0	1130	130	8318	0	620	0	326	0	0	0	316	0	524	0	346	0	0	0	0	0	0	0	0	0	0	0	0	0	0	0	0	0	0	0	0	0	0	0	0	0	0	0	0	294	2162	0	2138	0	0	0	0	0	0	0	270	0	972	0	102	0	0	0	0	0	0	0	0	0	0	0	0	0	0	0	0	0	0	0	0	0	0	0	0	0	0	0	0	0	0	
542364	Rolandic_Oper_L	31314	2536	28224	5608	116	0	9936	1256	0	0	17556	182	3664	0	554	0	0	0	26550	6842	0	0	920	300	0	0	0	0	32906	348	1904	1394	944	1574	110	0	1636	0	318	0	0	0	136	0	0	0	0	0	0	0	1002	0	624	0	538	0	29350	0	152	0	508	0	2118	0	222	0	96	0	1344	0	2322	1332	5140	246	1122	0	1972	0	6576	0	32938	0	2898	0	2766	0	0	0	1088	0	0	0	0	0	0	0	0	0	0	0	0	0	0	0	0	0	0	0	0	0	0	0	0	0	0	0	
131260	Rolandic_Oper_R	154	1724	218	4474	0	0	90	658	0	0	0	6198	0	0	0	0	0	0	952	6540	0	0	0	0	0	0	0	0	0	12988	0	0	0	246	0	0	0	2358	0	0	0	0	0	352	0	126	122	126	0	0	0	232	0	294	0	346	94	3106	0	0	138	122	0	4500	0	0	0	550	0	146	180	516	94	6490	0	412	0	1618	0	1502	92	3528	0	2016	0	1236	0	0	0	1092	0	0	0	0	0	0	0	0	0	0	0	0	0	0	0	0	0	0	0	0	0	0	0	0	0	0	
1.06812e+06	Supp_Motor_Area_L	24406	4726	85144	24696	746	192	24928	5282	0	0	15704	4088	8608	4224	1038	258	26550	952	0	51374	0	0	21676	5358	308	294	0	0	30724	3408	11632	10038	15128	24124	634	96	3088	368	94	182	602	0	0	0	0	0	0	0	0	0	188	0	0	0	716	110	20232	654	0	0	398	0	92	114	0	0	156	350	19634	200	13342	9458	23724	1204	726	212	10556	740	1600	0	17612	0	864	172	246	0	0	0	92	0	0	0	0	0	0	0	0	0	0	0	0	0	0	0	0	0	0	0	0	0	0	0	0	0	0	0	
1.1041e+06	Supp_Motor_Area_R	10634	43878	12730	78248	0	608	1756	11222	0	0	744	15946	714	10196	0	836	6842	6540	51374	0	0	0	6048	13362	0	1010	0	0	5328	14330	2786	14888	14958	54856	1496	4620	1364	4228	536	862	0	0	0	992	0	1286	182	550	0	842	350	1032	0	646	134	1464	5182	3902	0	0	484	464	1300	840	0	238	136	3844	14316	19372	4376	28742	5096	15408	3320	2472	1612	28780	1080	316	4002	1234	0	1034	326	982	0	0	146	2492	0	0	0	0	0	0	136	0	0	0	0	0	0	0	0	0	0	0	0	0	0	0	0	0	0	0	
102700	Olfactory_L	0	0	0	0	2156	0	0	0	350	0	0	0	0	0	2688	0	0	0	0	0	0	7150	0	0	308	226	3256	220	3554	0	3212	1878	0	0	0	0	1038	0	428	0	1450	0	0	0	0	0	0	0	0	0	0	0	0	0	336	0	0	0	0	0	0	0	0	0	0	0	0	0	0	0	8150	5728	5494	1110	0	176	372	0	0	0	0	0	2070	0	0	0	0	0	0	0	0	0	0	0	0	0	0	0	0	0	0	0	0	0	0	0	0	0	0	0	0	0	0	0	0	0	
127964	Olfactory_R	0	0	0	0	0	2354	0	0	0	142	0	0	0	0	0	1194	0	0	0	0	7150	0	0	116	330	3852	2374	3538	0	1752	3568	5496	0	0	0	0	0	1144	0	1082	0	1398	0	0	0	0	0	0	0	0	0	0	0	0	0	336	0	0	0	0	0	0	0	0	0	0	0	0	0	0	7954	11548	5028	2498	148	336	0	0	0	0	0	0	0	516	0	0	0	0	0	0	0	0	0	0	0	0	0	128	0	0	0	0	0	0	0	0	0	0	0	0	0	0	0	0	0	0	
521100	Frontal_Sup_Medial_L	836	0	48256	15010	5130	456	19104	1614	0	0	2466	480	3028	1118	0	0	920	0	21676	6048	0	0	0	32176	3534	3104	298	202	4594	580	30006	21876	7524	18868	0	0	334	0	0	0	0	0	0	0	0	0	0	0	0	0	0	0	0	0	126	0	496	0	0	0	128	0	0	0	0	0	0	0	0	0	2682	1094	4974	1208	0	0	0	0	0	0	446	0	158	0	0	0	0	0	0	0	0	0	0	0	0	0	0	0	0	0	0	0	0	0	0	0	0	0	0	0	0	0	0	0	0	0	
518344	Frontal_Sup_Medial_R	448	124	11286	48952	270	5340	2502	6420	0	0	384	608	696	3924	0	438	300	0	5358	13362	0	116	32176	0	1436	11624	0	1654	1050	2078	16758	43920	3304	22312	0	0	128	0	0	0	0	0	0	0	0	0	0	0	0	0	0	0	0	0	0	0	244	0	0	0	0	0	0	0	0	0	0	0	0	0	984	10146	538	10058	0	0	0	0	0	0	234	0	0	0	0	0	0	0	0	0	0	0	0	0	0	0	0	0	0	0	0	0	0	0	0	0	0	0	0	0	0	0	0	0	0	0	
44812	Frontal_Med_Orb_L	0	0	1742	0	3334	220	0	0	0	0	0	0	0	0	0	0	0	0	308	0	308	330	3534	1436	0	2598	1424	230	0	0	3792	714	0	0	0	0	0	0	0	0	0	0	0	0	0	0	0	0	0	0	0	0	0	0	0	0	0	0	0	0	0	0	0	0	0	0	0	0	0	0	800	352	1284	0	0	0	0	0	0	0	0	0	0	0	0	0	0	0	0	0	0	0	0	0	0	0	0	0	0	0	0	0	0	0	0	0	0	0	0	0	0	0	0	0	0	0	
182396	Frontal_Med_Orb_R	0	0	1134	2556	396	12678	0	0	0	94	0	0	0	850	0	298	0	0	294	1010	226	3852	3104	11624	2598	0	600	10086	0	590	3356	14362	130	608	0	0	0	0	0	0	0	0	0	0	0	0	0	0	0	0	0	0	0	0	0	0	0	0	0	0	0	0	0	0	0	0	0	0	0	0	248	12178	90	8236	0	0	0	0	0	0	0	0	0	0	0	0	0	0	0	0	0	0	0	0	0	0	0	0	0	0	0	0	0	0	0	0	0	0	0	0	0	0	0	0	0	0	
53408	Rectus_L	0	0	106	0	4150	182	0	0	1070	0	0	0	0	0	1332	0	0	0	0	0	3256	2374	298	0	1424	600	0	332	662	0	2016	874	0	0	0	0	0	0	0	0	0	0	0	0	0	0	0	0	0	0	0	0	0	0	0	0	0	0	0	0	0	0	0	0	0	0	0	0	0	0	3022	1880	3008	118	0	0	0	0	0	0	0	0	0	0	0	0	0	0	0	0	0	0	0	0	0	0	0	0	0	0	0	0	0	0	0	0	0	0	0	0	0	0	0	0	0	0	
89988	Rectus_R	0	0	0	178	0	9896	0	0	0	792	0	0	0	0	0	1130	0	0	0	0	220	3538	202	1654	230	10086	332	0	0	316	494	4664	0	0	0	0	0	0	0	0	0	0	0	0	0	0	0	0	0	0	0	0	0	0	0	0	0	0	0	0	0	0	0	0	0	0	0	0	0	0	178	7274	120	3690	0	0	0	0	0	0	0	0	0	0	0	0	0	0	0	0	0	0	0	0	0	0	0	0	0	0	0	0	0	0	0	0	0	0	0	0	0	0	0	0	0	0	
824228	Insula_L	18926	3358	38176	4350	6398	0	36478	188	2118	0	30470	742	30588	716	14168	130	32906	0	30724	5328	3554	0	4594	1050	0	0	662	0	0	752	7104	2654	792	1356	120	0	14220	0	1864	0	2764	0	0	0	0	0	94	200	0	0	878	0	1786	0	4832	0	13810	120	0	0	1216	0	1956	0	0	0	0	0	830	0	6790	2460	28958	208	642	0	3238	0	11542	0	16858	0	10408	0	3450	0	110	0	4478	0	0	0	0	0	0	0	0	0	0	0	0	0	0	0	0	0	0	0	0	0	0	0	0	0	0	0	
383936	Insula_R	528	2730	996	13322	0	4512	394	5888	0	818	468	20422	608	15652	0	8318	348	12988	3408	14330	0	1752	580	2078	0	590	0	316	752	0	434	3838	148	3124	0	0	94	6652	128	1782	0	400	0	160	0	0	322	366	0	0	0	176	0	778	0	3534	360	1858	0	0	0	376	0	1024	0	0	0	448	0	164	1324	4306	244	26842	0	290	0	4032	0	1994	348	6578	0	3134	0	2274	0	0	0	2404	0	0	0	0	0	0	110	124	0	0	0	0	0	0	0	0	0	0	0	0	0	0	0	0	0	0	
498336	Cingulum_Ant_L	1586	134	23156	15540	4676	636	10138	894	0	0	2434	374	5942	514	292	0	1904	0	11632	2786	3212	3568	30006	16758	3792	3356	2016	494	7104	434	0	35894	11664	15088	0	0	272	0	0	0	0	0	0	0	0	0	0	0	0	0	0	0	0	0	154	0	1326	0	0	0	88	0	0	0	0	0	0	86	0	0	10838	5242	11116	2384	0	0	0	0	0	0	1394	0	244	0	0	0	0	0	0	0	0	0	0	0	0	0	0	0	0	0	0	0	0	0	0	0	0	0	0	0	0	0	0	0	0	0	
669184	Cingulum_Ant_R	1838	396	11068	39022	186	5708	3316	4540	0	0	1384	1428	2108	4898	0	620	1394	0	10038	14888	1878	5496	21876	43920	714	14362	874	4664	2654	3838	35894	0	10762	32858	344	0	196	0	0	0	0	0	0	0	0	0	0	0	0	0	0	0	0	0	0	0	1330	0	0	0	202	0	0	0	0	0	0	0	124	0	6704	25566	2558	13746	0	0	0	0	0	0	1200	0	0	0	0	0	0	0	0	0	0	0	0	0	0	0	0	0	0	0	0	0	0	0	0	0	0	0	0	0	0	0	0	0	0	0	
277288	Cingulum_Mid_L	1146	610	4502	5052	0	88	1180	374	0	0	266	120	618	164	0	0	944	0	15128	14958	0	0	7524	3304	0	130	0	0	792	148	11664	10762	0	33094	2596	1172	0	0	0	0	0	0	354	312	374	326	0	0	224	276	456	178	0	0	0	0	1052	274	238	0	110	0	0	0	0	0	4256	4548	4622	2346	170	718	338	436	0	0	0	0	0	0	700	0	0	0	0	0	0	0	0	0	0	0	0	0	0	0	0	0	0	0	0	0	0	0	0	0	0	0	0	0	0	0	0	0	0	0	
705088	Cingulum_Mid_R	2690	1438	8122	30534	0	444	2362	8018	0	0	594	4538	1030	8384	0	326	1574	246	24124	54856	0	0	18868	22312	0	608	0	0	1356	3124	15088	32858	33094	0	1754	7516	168	292	0	174	0	0	0	2150	0	6392	0	706	104	5046	0	2814	0	138	0	188	780	1002	0	608	126	346	0	170	0	558	1358	17276	7136	11084	730	2996	358	2080	0	0	0	402	132	0	708	0	86	0	0	328	0	0	0	250	0	0	0	0	0	0	0	0	0	0	0	0	0	0	0	0	0	0	0	0	0	0	0	0	0	0	
108180	Cingulum_Post_L	1908	462	0	0	0	0	0	0	0	0	0	0	0	0	0	0	110	0	634	1496	0	0	0	0	0	0	0	0	120	0	0	344	2596	1754	0	11284	4756	2808	3388	1850	0	0	2282	446	416	88	672	1146	334	0	238	0	1082	0	1400	242	0	0	0	0	0	0	0	0	0	0	4056	1852	3262	1080	0	0	0	0	0	0	660	602	98	0	0	0	0	0	86	0	0	0	414	0	0	0	0	0	0	0	0	0	0	0	0	0	0	0	0	0	0	0	0	0	124	0	0	0	0	0	
163516	Cingulum_Post_R	554	368	0	0	0	0	0	0	0	0	0	0	0	0	0	0	0	0	96	4620	0	0	0	0	0	0	0	0	0	0	0	0	1172	7516	11284	0	4502	5938	3434	3486	0	0	158	3208	112	1512	100	5362	116	800	0	690	0	926	0	1912	0	464	0	140	0	0	0	0	0	0	1498	11470	742	4220	0	0	0	0	0	0	1374	1462	124	0	0	0	0	0	0	0	0	0	0	1762	0	0	0	0	0	0	0	156	0	0	0	0	0	0	0	0	0	0	0	0	480	0	0	0	0	0	
337280	Hippocampus_L	7534	1144	3340	794	0	0	4844	146	0	0	558	0	282	0	544	0	1636	0	3088	1364	1038	0	334	128	0	0	0	0	14220	94	272	196	0	168	4756	4502	0	4116	20946	2858	8816	0	1302	0	0	0	3822	2856	0	0	218	0	720	0	18322	306	698	0	0	0	192	0	508	0	0	0	1456	352	2042	0	580	274	10610	130	902	0	8102	2436	4600	0	3640	0	2404	0	2210	0	0	0	10968	0	174	0	0	0	112	0	386	0	246	0	0	0	0	0	0	0	0	0	0	222	132	0	0	0	0	0	
312296	Hippocampus_R	328	4454	0	2824	0	258	0	204	0	0	0	314	0	0	0	316	0	2358	368	4228	0	1144	0	0	0	0	0	0	0	6652	0	0	0	292	2808	5938	4116	0	3606	31114	0	9858	0	442	0	0	210	6900	0	0	0	0	0	1336	0	27194	0	588	0	0	124	0	0	1858	0	0	0	2744	358	744	0	104	0	9002	0	850	1548	7946	0	576	0	1288	0	1134	0	494	0	0	0	3964	0	776	0	0	0	182	0	2984	0	1086	0	0	0	0	0	0	0	122	0	92	322	0	0	0	0	0	
148740	ParaHippocampal_L	1790	382	214	180	0	0	752	0	0	0	0	0	0	0	172	0	318	0	94	536	428	0	0	0	0	0	0	0	1864	128	0	0	0	0	3388	3434	20946	3606	0	2570	4316	0	610	0	0	0	3874	2370	0	0	0	0	0	0	7000	352	86	0	0	0	0	0	160	0	0	0	702	232	664	0	0	0	1254	138	0	0	2400	2198	346	0	320	0	1082	0	110	0	456	0	2126	0	472	0	110	0	152	0	1052	0	614	0	0	0	0	0	0	0	0	0	0	274	98	0	0	0	0	0	
230076	ParaHippocampal_R	124	502	0	462	0	176	0	0	0	0	0	0	0	0	0	524	0	0	182	862	0	1082	0	0	0	0	0	0	0	1782	0	0	0	174	1850	3486	2858	31114	2570	0	0	9276	0	396	0	0	92	7792	0	0	0	0	0	1020	0	21940	0	0	0	0	0	0	0	0	0	0	0	2028	204	0	0	0	0	4424	0	652	1010	5240	0	0	0	302	0	3104	0	0	0	1098	0	2112	0	944	0	0	0	156	0	3768	0	1372	0	0	0	0	0	0	0	138	0	0	222	0	0	0	0	0	
51292	Amygdala_L	0	0	0	0	186	0	0	0	0	0	0	0	0	0	436	0	0	0	602	0	1450	0	0	0	0	0	0	0	2764	0	0	0	0	0	0	0	8816	0	4316	0	0	0	0	0	0	0	0	0	0	0	0	0	0	0	3110	0	0	0	0	0	0	0	0	0	0	0	0	0	388	0	0	0	442	0	0	0	516	0	0	0	0	0	1926	0	0	0	0	0	694	0	0	0	0	0	0	0	0	0	0	0	0	0	0	0	0	0	0	0	0	0	0	0	0	0	0	0	
63536	Amygdala_R	0	0	0	0	0	0	0	0	0	0	0	0	0	0	0	346	0	0	0	0	0	1398	0	0	0	0	0	0	0	400	0	0	0	0	0	0	0	9858	0	9276	0	0	0	0	0	0	0	0	0	0	0	0	0	0	0	5474	0	0	0	0	0	0	0	0	0	0	0	0	0	0	0	0	0	1212	0	0	0	0	0	0	0	0	0	2064	0	0	0	158	0	476	0	198	0	0	0	0	0	616	0	292	0	0	0	0	0	0	0	0	0	0	0	0	0	0	0	0	
176768	Calcarine_L	282	0	0	0	0	0	0	0	0	0	0	0	0	0	0	0	136	0	0	0	0	0	0	0	0	0	0	0	0	0	0	0	354	0	2282	158	1302	0	610	0	0	0	0	3682	11178	1580	7212	1856	9122	654	17992	100	5344	0	2074	208	2082	0	1240	0	1410	0	576	0	962	0	12046	1170	1046	0	0	0	0	0	0	0	0	0	0	0	252	0	0	0	1044	0	0	0	334	0	0	0	0	0	0	0	0	0	0	0	0	0	0	0	0	0	0	0	0	0	96	0	0	0	0	0	
236344	Calcarine_R	0	510	0	0	0	0	0	0	0	0	0	0	0	0	0	0	0	352	0	992	0	0	0	0	0	0	0	0	0	160	0	0	312	2150	446	3208	0	442	0	396	0	0	3682	0	2738	17056	788	20402	0	15276	0	10216	0	1858	0	3556	0	2252	0	1026	0	1348	0	574	0	728	910	21082	218	2556	0	0	0	0	0	0	0	0	0	0	0	106	0	0	0	1330	0	0	0	1382	0	0	0	0	0	0	0	0	0	0	0	0	0	0	0	0	0	0	0	0	120	0	0	0	0	0	
143412	Cuneus_L	326	0	0	0	0	0	0	0	0	0	0	0	0	0	0	0	0	0	0	0	0	0	0	0	0	0	0	0	0	0	0	0	374	0	416	112	0	0	0	0	0	0	11178	2738	0	5574	638	124	18228	1588	9628	152	624	0	114	0	382	0	2336	0	352	0	0	0	598	0	9644	2644	1044	0	0	0	0	0	0	0	0	0	0	0	104	0	0	0	2208	0	0	0	580	0	0	0	0	0	0	0	0	0	0	0	0	0	0	0	0	0	0	0	0	0	0	0	0	0	0	0	
219188	Cuneus_R	0	416	0	0	0	0	0	0	0	0	0	0	0	0	0	0	0	126	0	1286	0	0	0	0	0	0	0	0	0	0	0	0	326	6392	88	1512	0	0	0	0	0	0	1580	17056	5574	0	0	4726	428	25746	0	11034	0	150	0	420	0	1026	214	1378	0	296	0	550	0	952	3898	21336	0	1722	0	0	0	0	0	0	0	0	0	0	0	0	0	0	0	1222	0	0	0	140	0	0	0	0	0	0	0	0	0	0	0	0	0	0	0	0	0	0	0	0	0	0	0	0	0	0	
165160	Lingual_L	456	118	0	112	0	0	152	0	0	0	0	0	0	0	0	0	0	122	0	182	0	0	0	0	0	0	0	0	94	322	0	0	0	0	672	100	3822	210	3874	92	0	0	7212	788	638	0	0	3388	994	0	6294	0	2958	0	10318	106	0	0	0	0	0	0	0	0	0	0	2742	0	410	0	0	0	284	296	0	0	394	778	166	0	104	0	0	0	130	0	0	0	1076	0	6208	262	508	0	354	116	7826	516	10648	1260	0	0	110	128	224	0	0	0	0	204	1388	2776	546	102	0	0	
324032	Lingual_R	326	522	0	128	0	0	128	0	0	0	0	0	0	0	0	0	0	126	0	550	0	0	0	0	0	0	0	0	200	366	0	0	0	706	1146	5362	2856	6900	2370	7792	0	0	1856	20402	124	4726	3388	0	0	6118	128	3288	224	2656	2434	13320	0	1418	0	572	0	772	0	360	0	304	170	13120	272	974	0	0	268	0	0	0	1490	2902	104	0	0	0	0	0	0	436	0	0	0	634	3708	4598	286	132	0	242	1738	5864	7286	9660	0	0	144	0	126	114	0	0	96	260	5236	8594	1484	188	146	176	
138908	Occipital_Sup_L	192	0	0	0	0	0	0	0	0	0	0	0	0	0	0	0	0	0	0	0	0	0	0	0	0	0	0	0	0	0	0	0	224	104	334	116	0	0	0	0	0	0	9122	0	18228	428	994	0	0	0	17586	0	1234	0	130	0	0	0	5588	0	804	0	0	0	434	0	10676	2254	216	0	0	0	0	0	0	0	0	0	0	0	0	0	0	0	662	0	0	0	128	0	0	0	0	0	0	0	0	0	0	0	0	0	0	0	0	0	0	0	0	0	0	0	0	0	0	0	
216484	Occipital_Sup_R	0	170	0	0	0	0	0	0	0	0	0	0	0	0	0	0	0	0	0	842	0	0	0	0	0	0	0	0	0	0	0	0	276	5046	0	800	0	0	0	0	0	0	654	15276	1588	25746	0	6118	0	0	0	15822	0	506	0	1296	0	624	0	5334	0	2366	0	628	0	4708	1084	15494	0	1132	0	0	0	0	0	0	0	0	0	0	0	0	0	0	0	2080	0	0	0	652	0	0	0	0	0	0	0	0	0	0	0	0	0	0	0	0	0	0	0	0	0	0	0	0	0	0	
368412	Occipital_Mid_L	2964	342	478	314	0	0	398	0	0	0	186	0	0	0	0	0	1002	0	188	350	0	0	0	0	0	0	0	0	878	0	0	0	456	0	238	0	218	0	0	0	0	0	17992	0	9628	0	6294	128	17586	0	0	0	17270	0	3538	0	8584	0	9974	0	20554	0	2670	0	23606	0	9168	118	2630	0	0	0	0	0	0	0	0	0	520	0	2864	0	0	0	18612	0	0	0	3846	0	0	0	0	0	0	0	0	0	294	114	0	0	0	0	0	0	0	0	0	0	0	204	0	0	0	0	
187464	Occipital_Mid_R	0	282	0	0	0	0	0	0	0	0	0	0	0	0	0	0	0	232	0	1032	0	0	0	0	0	0	0	0	0	176	0	0	178	2814	0	690	0	0	0	0	0	0	100	10216	152	11034	0	3288	0	15822	0	0	0	2590	0	980	0	812	0	2482	0	6970	0	1272	0	9394	292	8474	0	1324	0	0	0	0	0	0	0	0	0	0	0	118	0	0	0	10390	0	0	0	2618	0	0	0	0	0	0	0	0	0	0	0	0	0	0	0	0	0	0	0	0	0	0	0	0	0	0	
121460	Occipital_Inf_L	2192	0	340	0	0	0	366	0	0	0	370	0	0	0	0	0	624	0	0	0	0	0	0	0	0	0	0	0	1786	0	0	0	0	0	1082	0	720	0	0	0	0	0	5344	0	624	0	2958	224	1234	0	17270	0	0	0	7096	0	1250	0	284	0	516	0	248	0	258	0	2200	0	1504	0	0	0	0	0	0	0	0	0	1606	0	1022	0	0	0	3272	0	0	0	5278	0	0	0	0	0	0	0	0	0	516	202	0	0	0	0	0	0	0	0	0	0	0	344	0	0	0	0	
53336	Occipital_Inf_R	0	352	0	0	0	0	0	0	0	0	0	0	0	0	0	0	0	294	0	646	0	0	0	0	0	0	0	0	0	778	0	0	0	138	0	926	0	1336	0	1020	0	0	0	1858	0	150	0	2656	0	506	0	2590	0	0	0	5348	0	158	0	0	0	0	0	544	0	0	0	1494	0	628	0	0	0	0	0	0	0	114	0	0	0	0	0	0	0	1004	0	0	0	4128	0	0	0	0	0	0	0	0	0	0	0	0	0	0	0	0	0	0	0	0	0	0	0	0	0	0	
367656	Fusiform_L	1970	114	1018	134	0	0	1158	0	0	0	238	0	176	0	178	0	538	0	716	134	336	0	126	0	0	0	0	0	4832	0	154	0	0	0	1400	0	18322	0	7000	0	3110	0	2074	0	114	0	10318	2434	130	0	3538	0	7096	0	0	126	556	0	0	0	152	0	214	0	0	0	808	0	1404	0	0	0	3070	0	0	0	406	0	774	0	2638	0	2898	0	4166	0	3142	0	20462	0	19488	602	5656	174	0	0	11742	744	24652	1906	1906	0	3524	0	150	0	0	0	0	0	1832	2936	342	0	0	0	
314140	Fusiform_R	0	684	0	186	0	0	0	0	0	0	0	0	0	0	0	0	0	346	110	1464	0	336	0	0	0	0	0	0	0	3534	0	0	0	188	242	1912	306	27194	352	21940	0	5474	208	3556	0	420	106	13320	0	1296	0	980	0	5348	126	0	0	356	0	0	0	0	0	632	0	0	0	3042	112	748	0	0	0	3656	0	274	176	2026	0	166	0	956	0	6198	0	846	0	1510	0	11746	296	10116	0	230	0	290	358	8960	470	11474	0	0	0	198	0	0	0	138	0	0	1806	498	164	0	0	0	
601968	Postcentral_L	55084	1806	23244	4752	140	0	6498	1284	0	0	10690	180	3242	0	500	0	29350	94	20232	5182	0	0	496	244	0	0	0	0	13810	360	1326	1330	1052	780	0	0	698	0	86	0	0	0	2082	0	382	0	0	0	0	0	8584	0	1250	0	556	0	0	0	11786	0	29328	0	11352	0	2472	0	3788	0	2764	0	2244	1424	1296	240	88	0	472	0	3886	0	29914	0	212	0	3200	0	0	0	1204	0	0	0	0	0	0	0	0	0	0	0	0	0	0	0	0	0	0	0	0	0	0	0	0	0	0	0	
185244	Postcentral_R	224	15200	258	3010	0	0	0	2370	0	0	0	4738	0	0	0	0	0	3106	654	3902	0	0	0	0	0	0	0	0	120	1858	0	0	274	1002	0	464	0	588	0	0	0	0	0	2252	0	1026	0	1418	0	624	0	812	0	158	0	356	0	0	0	5046	0	7732	0	11194	0	2250	458	9788	304	4402	248	352	334	802	0	142	0	734	0	0	0	1114	0	0	0	2420	0	0	0	888	0	0	0	0	0	0	0	0	0	0	0	0	0	0	0	0	0	0	0	0	0	0	0	0	0	0	
133536	Parietal_Sup_L	0	0	0	0	0	0	0	0	0	0	0	0	0	0	0	0	152	0	0	0	0	0	0	0	0	0	0	0	0	0	0	0	238	0	0	0	0	0	0	0	0	0	1240	0	2336	214	0	0	5588	0	9974	0	284	0	0	0	11786	0	0	0	13192	0	156	0	3402	0	14160	1756	652	0	0	0	0	0	0	0	0	0	0	0	708	0	0	0	930	0	0	0	0	0	0	0	0	0	0	0	0	0	0	0	0	0	0	0	0	0	0	0	0	0	0	0	0	0	0	0	
104992	Parietal_Sup_R	0	100	0	0	0	0	0	0	0	0	0	0	0	0	0	0	0	0	0	0	0	0	0	0	0	0	0	0	0	0	0	0	0	608	0	140	0	0	0	0	0	0	0	1026	0	1378	0	572	0	5334	0	2482	0	0	0	0	0	5046	0	0	0	11434	0	1476	0	8356	1184	11462	0	110	0	0	0	0	0	0	0	0	0	0	0	0	0	0	0	1432	0	0	0	356	0	0	0	0	0	0	0	0	0	0	0	0	0	0	0	0	0	0	0	0	0	0	0	0	0	0	
281296	Parietal_Inf_L	9796	456	894	410	0	0	1026	94	0	0	480	0	0	0	0	0	508	138	398	484	0	0	128	0	0	0	0	0	1216	0	88	202	110	126	0	0	192	124	0	0	0	0	1410	0	352	0	0	0	804	0	20554	0	516	0	152	0	29328	0	13192	0	0	0	16524	232	24588	0	1786	0	802	0	438	322	112	0	0	0	126	0	736	0	1730	0	0	0	8926	0	0	0	1148	0	0	0	0	0	0	0	0	0	0	0	0	0	0	0	0	0	0	0	0	0	0	0	0	0	0	0	
143532	Parietal_Inf_R	0	534	0	88	0	0	0	238	0	0	0	182	0	0	0	0	0	122	0	464	0	0	0	0	0	0	0	0	0	376	0	0	0	346	0	0	0	0	0	0	0	0	0	1348	0	296	0	772	0	2366	0	6970	0	0	0	0	0	7732	0	11434	0	0	0	9048	0	19034	0	5448	158	790	0	0	0	0	0	0	0	0	0	0	0	190	0	0	0	3398	0	0	0	432	0	0	0	0	0	0	0	0	0	0	0	0	0	0	0	0	0	0	0	0	0	0	0	0	0	0	
120572	SupraMarginal_L	3912	1294	296	1162	0	0	422	0	0	0	374	0	0	0	0	0	2118	0	92	1300	0	0	0	0	0	0	0	0	1956	0	0	0	0	0	0	0	508	0	160	0	0	0	576	0	0	0	0	0	0	0	2670	0	248	0	214	0	11352	0	156	0	16524	0	0	0	3966	0	0	0	760	0	0	0	0	0	0	0	0	0	1556	0	4258	0	0	0	3972	0	0	0	440	0	0	0	0	0	0	0	0	0	0	0	0	0	0	0	0	0	0	0	0	0	0	0	0	0	0	0	
124060	SupraMarginal_R	110	1358	0	126	0	0	0	350	0	0	0	244	0	0	0	0	0	4500	114	840	0	0	0	0	0	0	0	0	0	1024	0	0	0	170	0	0	0	1858	0	0	0	0	0	574	0	550	0	360	0	628	0	1272	0	544	0	632	0	11194	0	1476	232	9048	0	0	0	9108	0	1670	0	518	0	0	248	128	0	0	0	0	0	166	0	2968	0	0	0	8246	0	0	0	1774	0	0	0	0	0	0	0	0	0	0	0	0	0	0	0	0	0	0	0	0	0	0	0	0	0	0	
150784	Angular_L	846	0	0	0	0	0	0	0	0	0	0	0	0	0	0	0	222	0	0	0	0	0	0	0	0	0	0	0	0	0	0	0	0	0	0	0	0	0	0	0	0	0	962	0	598	0	0	0	434	0	23606	0	258	0	0	0	2472	0	3402	0	24588	0	3966	0	0	0	506	0	518	0	0	0	0	0	0	0	0	0	0	0	962	0	0	0	10742	0	0	0	1310	0	0	0	0	0	0	0	0	0	0	0	0	0	0	0	0	0	0	0	0	0	0	0	0	0	0	0	
149148	Angular_R	0	540	0	0	0	0	0	0	0	0	0	0	0	0	0	0	0	0	0	238	0	0	0	0	0	0	0	0	0	0	0	0	0	558	0	0	0	0	0	0	0	0	0	728	0	952	0	304	0	4708	0	9394	0	0	0	0	0	2250	0	8356	0	19034	0	9108	0	0	0	3476	152	856	0	0	0	0	0	0	0	0	0	0	0	1782	0	0	0	11682	0	0	0	456	0	0	0	0	0	0	0	0	0	0	0	0	0	0	0	0	0	0	0	0	0	0	0	0	0	0	
211656	Precuneus_L	194	0	0	0	0	0	0	0	0	0	0	0	0	0	0	0	96	0	156	136	0	0	0	0	0	0	0	0	0	0	0	0	4256	1358	4056	1498	1456	0	702	0	0	0	12046	910	9644	3898	2742	170	10676	1084	9168	292	2200	0	808	0	3788	458	14160	1184	1786	0	0	0	506	0	0	11694	2722	132	0	0	0	0	0	0	0	0	0	0	438	0	0	0	1092	0	0	0	322	0	0	0	0	0	0	0	0	0	0	0	0	0	0	0	0	0	0	0	0	0	0	0	0	0	0	0	
395800	Precuneus_R	0	1218	0	0	0	0	0	0	0	0	0	0	0	0	0	0	0	550	350	3844	0	0	0	0	0	0	0	0	0	448	86	0	4548	17276	1852	11470	352	2744	232	2028	0	0	1170	21082	2644	21336	0	13120	2254	15494	118	8474	0	1494	0	3042	0	9788	1756	11462	0	5448	0	1670	0	3476	11694	0	822	8486	0	0	88	0	0	0	0	128	0	92	0	536	0	0	0	2038	0	0	0	2466	0	0	0	0	0	0	0	364	0	0	0	0	0	0	0	0	0	0	0	0	360	0	0	0	0	0	
315620	Paracentral_Lobule_L	35474	5414	4810	2046	0	0	2512	180	0	0	160	0	0	0	0	0	1344	0	19634	14316	0	0	0	0	0	0	0	0	830	0	0	124	4622	7136	3262	742	2042	358	664	204	388	0	1046	218	1044	0	410	272	216	0	2630	0	1504	0	1404	112	2764	304	652	0	802	158	760	0	518	152	2722	822	0	3338	1274	326	1282	0	476	0	18954	1120	192	0	1226	0	0	0	3128	0	0	0	1722	0	0	0	0	0	0	0	0	0	0	0	0	0	0	0	0	0	0	0	0	0	0	0	0	0	0	0	
163860	Paracentral_Lobule_R	1756	8350	0	0	0	0	0	0	0	0	0	0	0	0	0	0	0	146	200	19372	0	0	0	0	0	0	0	0	0	164	0	0	2346	11084	1080	4220	0	744	0	0	0	0	0	2556	0	1722	0	974	0	1132	0	1324	0	628	0	748	0	4402	0	110	0	790	0	518	0	856	132	8486	3338	0	0	0	0	0	0	0	0	0	0	236	0	746	0	0	0	1174	0	0	0	2596	0	0	0	0	0	0	0	0	0	0	0	0	0	0	0	0	0	0	0	0	0	0	0	0	0	0	
374972	Caudate_L	5908	2868	10652	4004	2010	138	6736	4174	192	0	3508	1488	5080	902	1016	294	2322	180	13342	4376	8150	7954	2682	984	800	248	3022	178	6790	1324	10838	6704	170	730	0	0	580	0	0	0	0	0	0	0	0	0	0	0	0	0	0	0	0	0	0	0	2244	248	0	0	438	0	0	0	0	0	0	0	1274	0	0	24550	23956	3328	2314	750	5786	0	110	0	1936	0	96	112	0	0	0	0	0	0	0	0	0	0	0	0	0	0	0	0	0	0	0	0	0	0	0	0	0	0	0	0	0	0	0	0	
544924	Caudate_R	3290	3036	7238	14848	94	8958	4376	5524	0	850	1024	2802	1594	3486	332	2162	1332	516	9458	28742	5728	11548	1094	10146	352	12178	1880	7274	2460	4306	5242	25566	718	2996	0	0	274	104	0	0	0	0	0	0	0	0	0	0	0	0	0	0	0	0	0	0	1424	352	0	0	322	0	0	0	0	0	0	0	326	0	24550	0	8486	24014	238	2822	508	16698	0	0	1194	0	0	0	0	0	0	0	0	0	0	0	0	0	0	0	0	0	0	0	0	0	0	0	0	0	0	0	0	0	0	0	0	0	0	0	
495252	Putamen_L	5832	4552	19302	4608	11896	0	14742	522	2604	0	3750	196	4238	128	4850	0	5140	94	23724	5096	5494	5028	4974	538	1284	90	3008	120	28958	244	11116	2558	338	358	0	0	10610	0	1254	0	442	0	0	0	0	0	284	268	0	0	0	0	0	0	3070	0	1296	334	0	0	112	0	0	248	0	0	0	88	1282	0	23956	8486	0	974	6092	542	5178	110	546	0	2122	0	2214	0	862	0	0	0	1874	0	0	0	0	0	0	0	0	0	0	0	0	0	0	0	0	0	0	0	0	0	0	0	0	0	0	0	
406056	Putamen_R	848	1736	1434	11742	0	11050	974	4108	0	1310	102	7996	166	1558	0	2138	246	6490	1204	15408	1110	2498	1208	10058	0	8236	118	3690	208	26842	2384	13746	436	2080	0	0	130	9002	138	4424	0	1212	0	0	0	0	296	0	0	0	0	0	0	0	0	3656	240	802	0	0	0	0	0	128	0	0	0	0	0	0	3328	24014	974	0	0	3672	0	4368	0	768	224	2568	0	406	0	134	0	0	0	624	0	126	0	0	0	0	90	400	0	180	0	0	0	0	0	0	0	0	0	0	0	0	0	0	0	0	
52268	Pallidum_L	434	3214	662	3278	0	0	342	0	0	0	182	0	0	0	0	0	1122	0	726	3320	0	148	0	0	0	0	0	0	642	0	0	0	0	0	0	0	902	0	0	0	0	0	0	0	0	0	0	0	0	0	0	0	0	0	0	0	88	0	0	0	0	0	0	0	0	0	0	0	476	0	2314	238	6092	0	0	0	1954	0	0	0	0	0	0	0	0	0	0	0	0	0	0	0	0	0	0	0	0	0	0	0	0	0	0	0	0	0	0	0	0	0	0	0	0	0	0	0	
28732	Pallidum_R	0	154	0	0	0	0	0	0	0	0	0	334	0	0	0	0	0	412	212	2472	176	336	0	0	0	0	0	0	0	290	0	0	0	0	0	0	0	850	0	652	0	0	0	0	0	0	0	0	0	0	0	0	0	0	0	274	0	142	0	0	0	0	0	0	0	0	0	0	0	0	750	2822	542	3672	0	0	0	188	0	0	0	88	0	0	0	0	0	0	0	0	0	0	0	0	0	0	0	0	0	0	0	0	0	0	0	0	0	0	0	0	0	0	0	0	0	0	
198904	Thalamus_L	12034	1562	4946	652	156	0	4642	242	0	0	154	0	0	0	0	0	1972	0	10556	1612	372	0	0	0	0	0	0	0	3238	0	0	0	0	0	660	1374	8102	1548	2400	1010	516	0	0	0	0	0	394	1490	0	0	0	0	0	0	406	176	472	0	0	0	126	0	0	0	0	0	0	0	18954	0	5786	508	5178	0	1954	0	0	3556	956	0	858	0	224	0	284	0	0	0	382	0	0	0	0	0	0	0	0	0	0	0	0	0	0	0	0	0	0	0	0	0	0	0	0	0	0	0	
222544	Thalamus_R	784	10626	450	6550	0	0	584	578	0	0	0	500	0	0	0	0	0	1618	740	28780	0	0	0	0	0	0	0	0	0	4032	0	0	0	402	602	1462	2436	7946	2198	5240	0	0	0	0	0	0	778	2902	0	0	0	0	0	114	0	2026	0	734	0	0	0	0	0	0	0	0	0	128	1120	0	0	16698	110	4368	0	188	3556	0	0	164	0	1230	0	0	0	226	0	0	0	300	0	220	0	0	0	0	382	284	0	216	0	0	0	0	0	0	0	0	0	0	0	0	0	0	0	0	
110616	Heschl_L	2690	886	852	872	0	0	1310	0	0	0	586	0	0	0	0	0	6576	0	1600	1080	0	0	0	0	0	0	0	0	11542	0	0	0	0	132	98	124	4600	0	346	0	0	0	0	0	0	0	166	104	0	0	520	0	1606	0	774	0	3886	0	0	0	736	0	1556	0	0	0	0	0	192	0	110	0	546	0	0	0	956	0	0	0	4770	0	0	0	3856	0	0	0	2236	0	0	0	0	0	0	0	0	0	0	0	0	0	0	0	0	0	0	0	0	0	0	0	0	0	0	0	
23060	Heschl_R	0	90	0	0	0	0	0	106	0	0	0	120	0	0	0	0	0	1502	0	316	0	0	0	0	0	0	0	0	0	1994	0	0	0	0	0	0	0	576	0	0	0	0	0	0	0	0	0	0	0	0	0	0	0	0	0	166	0	0	0	0	0	0	0	166	0	0	0	92	0	236	0	0	0	768	0	0	0	164	0	0	0	3314	0	438	0	1152	0	0	0	330	0	0	0	0	0	0	0	0	0	0	0	0	0	0	0	0	0	0	0	0	0	0	0	0	0	0	
467476	Temporal_Sup_L	27252	892	20870	3778	116	0	4268	1208	0	0	6386	160	2696	0	540	0	32938	92	17612	4002	0	0	446	234	0	0	0	0	16858	348	1394	1200	700	708	0	0	3640	0	320	0	0	0	252	0	104	0	104	0	0	0	2864	0	1022	0	2638	0	29914	0	708	0	1730	0	4258	0	962	0	438	0	1226	0	1936	1194	2122	224	0	0	858	0	4770	0	0	0	4516	0	18540	0	0	0	4700	0	0	0	0	0	0	0	0	0	0	0	0	0	0	0	0	0	0	0	0	0	0	0	0	0	0	0	
93704	Temporal_Sup_R	0	1084	0	266	0	0	0	612	0	0	0	1000	0	0	0	270	0	3528	0	1234	0	0	0	0	0	0	0	0	0	6578	0	0	0	0	0	0	0	1288	0	302	0	0	0	106	0	0	0	0	0	0	0	118	0	0	0	956	0	1114	0	0	0	190	0	2968	0	1782	0	536	0	746	0	0	0	2568	0	88	0	1230	0	3314	0	0	0	2956	0	9564	0	444	0	2010	0	0	0	0	0	0	0	0	0	0	0	0	0	0	0	0	0	0	0	0	0	0	0	0	0	0	
119908	Temporal_Pole_Sup_L	218	0	636	0	616	0	792	0	240	0	2348	0	1000	0	2366	0	2898	0	864	0	2070	0	158	0	0	0	0	0	10408	0	244	0	0	86	0	0	2404	0	1082	0	1926	0	0	0	0	0	0	0	0	0	0	0	0	0	2898	0	212	0	0	0	0	0	0	0	0	0	0	0	0	0	96	0	2214	0	0	0	224	0	0	0	4516	0	0	0	6730	0	6022	0	6686	0	0	0	0	0	0	0	0	0	0	0	0	0	0	0	0	0	0	0	0	0	0	0	0	0	0	0	
77780	Temporal_Pole_Sup_R	0	0	0	1160	0	172	0	258	0	0	0	1930	0	0	0	972	0	2016	172	1034	0	516	0	0	0	0	0	0	0	3134	0	0	0	0	0	0	0	1134	0	3104	0	2064	0	0	0	0	0	0	0	0	0	0	0	0	0	6198	0	0	0	0	0	0	0	0	0	0	0	0	0	0	112	0	0	406	0	0	0	0	0	438	0	2956	0	0	0	3618	0	3540	0	3956	0	0	0	0	0	0	0	0	0	0	0	0	0	0	0	0	0	0	0	0	0	0	0	0	0	0	
286856	Temporal_Mid_L	4868	326	728	276	0	0	862	0	0	0	812	0	114	0	0	0	2766	0	246	326	0	0	0	0	0	0	0	0	3450	0	0	0	0	0	86	0	2210	0	110	0	0	0	1044	0	2208	0	130	0	662	0	18612	0	3272	0	4166	0	3200	0	930	0	8926	0	3972	0	10742	0	1092	0	3128	0	0	0	862	0	0	0	284	0	3856	0	18540	0	6730	0	0	0	5356	0	28536	0	0	0	0	0	0	0	0	0	0	0	0	0	0	0	0	0	0	0	0	0	0	0	0	0	0	0	
173376	Temporal_Mid_R	0	1616	0	0	0	0	0	0	0	0	0	0	0	0	0	102	0	1236	0	982	0	0	0	0	0	0	0	0	0	2274	0	0	0	328	0	0	0	494	0	0	0	0	0	1330	0	1222	0	436	0	2080	0	10390	0	1004	0	846	0	2420	0	1432	0	3398	0	8246	0	11682	0	2038	0	1174	0	0	0	134	0	0	0	226	0	1152	0	9564	0	3618	0	0	0	2334	0	14930	0	0	0	0	0	0	0	0	0	0	0	0	0	0	0	0	0	0	0	0	0	0	0	0	0	0	
42576	Temporal_Pole_Mid_L	0	0	0	0	0	0	0	0	0	0	0	0	0	0	0	0	0	0	0	0	0	0	0	0	0	0	0	0	110	0	0	0	0	0	0	0	0	0	456	0	0	0	0	0	0	0	0	0	0	0	0	0	0	0	3142	0	0	0	0	0	0	0	0	0	0	0	0	0	0	0	0	0	0	0	0	0	0	0	0	0	0	0	6022	0	5356	0	0	0	6202	0	0	0	0	0	0	0	0	0	0	0	0	0	0	0	0	0	0	0	0	0	0	0	0	0	0	0	
23028	Temporal_Pole_Mid_R	0	0	0	0	0	0	0	0	0	0	0	0	0	0	0	0	0	0	0	0	0	0	0	0	0	0	0	0	0	0	0	0	0	0	0	0	0	0	0	1098	0	158	0	0	0	0	0	0	0	0	0	0	0	0	0	1510	0	0	0	0	0	0	0	0	0	0	0	0	0	0	0	0	0	0	0	0	0	0	0	0	0	444	0	3540	0	2334	0	0	0	2430	0	0	0	0	0	0	0	0	0	0	0	0	0	0	0	0	0	0	0	0	0	0	0	0	0	0	
231680	Temporal_Inf_L	3086	144	462	110	0	0	708	0	0	0	554	0	0	0	0	0	1088	0	92	146	0	0	0	0	0	0	0	0	4478	0	0	0	0	0	414	0	10968	0	2126	0	694	0	334	0	580	0	1076	0	128	0	3846	0	5278	0	20462	0	1204	0	0	0	1148	0	440	0	1310	0	322	0	1722	0	0	0	1874	0	0	0	382	0	2236	0	4700	0	6686	0	28536	0	6202	0	0	0	1082	0	312	0	0	0	180	0	384	0	174	0	172	0	0	0	0	0	0	0	0	0	0	0	0	0	
142532	Temporal_Inf_R	0	1766	0	0	0	0	0	0	0	0	0	0	0	0	0	0	0	1092	0	2492	0	0	0	0	0	0	0	0	0	2404	0	0	0	250	0	1762	0	3964	0	2112	0	476	0	1382	0	140	0	634	0	652	0	2618	0	4128	0	11746	0	888	0	356	0	432	0	1774	0	456	0	2466	0	2596	0	0	0	624	0	0	0	300	0	330	0	2010	0	3956	0	14930	0	2430	0	0	0	100	0	0	0	0	0	0	0	0	0	0	0	0	0	0	0	0	0	0	0	0	0	0	0	0	
540504	Cerebelum_Crus1_L	0	0	0	0	0	0	0	0	0	0	0	0	0	0	0	0	0	0	0	0	0	0	0	0	0	0	0	0	0	0	0	0	0	0	0	0	174	0	472	0	0	0	0	0	0	0	6208	3708	0	0	0	0	0	0	19488	296	0	0	0	0	0	0	0	0	0	0	0	0	0	0	0	0	0	0	0	0	0	0	0	0	0	0	0	0	0	0	0	0	1082	0	0	7490	38622	2766	3050	1216	31462	2714	60524	11832	11648	156	20970	2342	4616	948	710	0	1670	4626	9412	10808	6800	2796	1056	590	
426152	Cerebelum_Crus1_R	0	0	0	0	0	0	0	0	0	0	0	0	0	0	0	0	0	0	0	0	0	0	0	0	0	0	0	0	0	0	0	0	0	0	0	0	0	776	0	944	0	198	0	0	0	0	262	4598	0	0	0	0	0	0	602	10116	0	0	0	0	0	0	0	0	0	0	0	0	0	0	0	0	0	126	0	0	0	220	0	0	0	0	0	0	0	0	0	0	0	100	7490	0	3074	27220	188	4510	4194	25776	9426	55640	198	6516	1000	16854	428	2042	0	230	130	2236	12114	10912	4098	234	330	294	
388520	Cerebelum_Crus2_L	0	0	0	0	0	0	0	0	0	0	0	0	0	0	0	0	0	0	0	0	0	0	0	0	0	0	0	0	0	0	0	0	0	0	0	0	0	0	110	0	0	0	0	0	0	0	508	286	0	0	0	0	0	0	5656	0	0	0	0	0	0	0	0	0	0	0	0	0	0	0	0	0	0	0	0	0	0	0	0	0	0	0	0	0	0	0	0	0	312	0	38622	3074	0	8738	586	250	6782	520	13854	3294	38318	3186	40206	3280	7054	700	1038	0	380	936	1588	1242	7510	5124	772	334	
236848	Cerebelum_Crus2_R	0	0	0	0	0	0	0	0	0	0	0	0	0	0	0	0	0	0	0	0	0	0	0	0	0	0	0	0	0	0	0	0	0	0	0	0	0	0	0	0	0	0	0	0	0	0	0	132	0	0	0	0	0	0	174	230	0	0	0	0	0	0	0	0	0	0	0	0	0	0	0	0	0	0	0	0	0	0	0	0	0	0	0	0	0	0	0	0	0	0	2766	27220	8738	0	0	386	1042	1308	2578	9198	1498	15988	2380	26588	560	3072	0	118	134	444	1534	2152	5620	3896	542	126	
58868	Cerebelum_3_L	0	0	0	0	0	0	0	0	0	0	0	0	0	0	0	0	0	0	0	0	0	0	0	0	0	0	0	0	0	0	0	0	0	0	0	0	112	0	152	0	0	0	0	0	0	0	354	0	0	0	0	0	0	0	0	0	0	0	0	0	0	0	0	0	0	0	0	0	0	0	0	0	0	0	0	0	0	0	0	0	0	0	0	0	0	0	0	0	0	0	3050	188	586	0	0	1408	7546	0	3668	616	284	0	642	468	1370	542	0	0	1742	4304	504	342	610	598	348	0	
93288	Cerebelum_3_R	0	0	0	0	0	0	0	0	0	0	0	0	0	0	0	0	0	0	0	0	0	0	0	0	0	0	0	0	0	0	0	0	0	0	0	0	0	182	0	156	0	0	0	0	0	0	116	242	0	0	0	0	0	0	0	290	0	0	0	0	0	0	0	0	0	0	0	0	0	0	0	0	0	0	0	0	0	0	0	0	0	0	0	0	0	0	0	0	0	0	1216	4510	250	386	1408	0	1934	5806	1372	8576	0	0	198	1770	126	1902	0	0	616	8350	1472	914	1420	1868	1332	232	
361412	Cerebelum_4_5_L	0	144	0	152	0	0	0	0	0	0	0	0	0	0	0	0	0	0	0	136	0	0	0	0	0	0	0	0	0	110	0	0	0	0	0	0	386	0	1052	0	0	0	0	0	0	0	7826	1738	0	0	0	0	0	0	11742	358	0	0	0	0	0	0	0	0	0	0	0	0	0	0	0	0	0	90	0	0	0	382	0	0	0	0	0	0	0	0	0	0	180	0	31462	4194	6782	1042	7546	1934	0	3950	41926	6844	2366	0	6696	1686	3976	972	140	0	2564	6912	14432	4962	1790	2016	870	1348	
254032	Cerebelum_4_5_R	0	0	0	0	0	0	0	0	0	0	0	0	0	0	0	0	0	0	0	0	0	128	0	0	0	0	0	0	0	124	0	0	0	0	0	156	0	2984	0	3768	0	616	0	0	0	0	516	5864	0	0	0	0	0	0	744	8960	0	0	0	0	0	0	0	0	0	0	0	364	0	0	0	0	0	400	0	0	0	284	0	0	0	0	0	0	0	0	0	0	0	0	2714	25776	520	1308	0	5806	3950	0	4954	33750	118	0	816	566	224	172	0	202	122	2492	14492	3742	0	128	0	256	
537068	Cerebelum_6_L	0	0	0	0	0	0	0	0	0	0	0	0	0	0	0	0	0	0	0	0	0	0	0	0	0	0	0	0	0	0	0	0	0	0	0	0	246	0	614	0	0	0	0	0	0	0	10648	7286	0	0	294	0	516	0	24652	470	0	0	0	0	0	0	0	0	0	0	0	0	0	0	0	0	0	0	0	0	0	0	0	0	0	0	0	0	0	0	0	0	384	0	60524	9426	13854	2578	3668	1372	41926	4954	0	15650	3720	0	10018	1882	4434	930	384	0	2042	5296	14868	17090	4820	2068	922	998	
473684	Cerebelum_6_R	0	0	0	0	0	0	0	0	0	0	0	0	0	0	0	0	0	0	0	0	0	0	0	0	0	0	0	0	0	0	0	0	0	0	0	0	0	1086	0	1372	0	292	0	0	0	0	1260	9660	0	0	114	0	202	0	1906	11474	0	0	0	0	0	0	0	0	0	0	0	0	0	0	0	0	0	180	0	0	0	216	0	0	0	0	0	0	0	0	0	0	0	0	11832	55640	3294	9198	616	8576	6844	33750	15650	0	322	854	1602	5356	632	1834	0	500	390	5506	18244	18078	6622	1568	988	1184	
246124	Cerebelum_7b_L	0	0	0	0	0	0	0	0	0	0	0	0	0	0	0	0	0	0	0	0	0	0	0	0	0	0	0	0	0	0	0	0	0	0	0	0	0	0	0	0	0	0	0	0	0	0	0	0	0	0	0	0	0	0	1906	0	0	0	0	0	0	0	0	0	0	0	0	0	0	0	0	0	0	0	0	0	0	0	0	0	0	0	0	0	0	0	0	0	174	0	11648	198	38318	1498	284	0	2366	118	3720	322	0	358	40196	1444	10228	762	1062	0	160	316	478	148	2272	4060	850	176	
108048	Cerebelum_7b_R	0	0	0	0	0	0	0	0	0	0	0	0	0	0	0	0	0	0	0	0	0	0	0	0	0	0	0	0	0	0	0	0	0	0	0	0	0	0	0	0	0	0	0	0	0	0	0	0	0	0	0	0	0	0	0	0	0	0	0	0	0	0	0	0	0	0	0	0	0	0	0	0	0	0	0	0	0	0	0	0	0	0	0	0	0	0	0	0	0	0	156	6516	3186	15988	0	0	0	0	0	854	358	0	604	18838	368	2978	0	0	0	0	0	0	1256	2188	574	160	
384680	Cerebelum_8_L	0	0	0	0	0	0	0	0	0	0	0	0	0	0	0	0	0	0	0	0	0	0	0	0	0	0	0	0	0	0	0	0	0	0	0	0	0	0	0	0	0	0	0	0	0	0	110	144	0	0	0	0	0	0	3524	0	0	0	0	0	0	0	0	0	0	0	0	0	0	0	0	0	0	0	0	0	0	0	0	0	0	0	0	0	0	0	0	0	172	0	20970	1000	40206	2380	642	198	6696	816	10018	1602	40196	604	0	5280	24738	4266	2526	0	344	760	2210	690	4052	11412	5624	1160	
297640	Cerebelum_8_R	0	0	0	0	0	0	0	0	0	0	0	0	0	0	0	0	0	0	0	0	0	0	0	0	0	0	0	0	0	0	0	0	0	0	0	0	0	0	0	0	0	0	0	0	0	0	128	0	0	0	0	0	0	0	0	198	0	0	0	0	0	0	0	0	0	0	0	0	0	0	0	0	0	0	0	0	0	0	0	0	0	0	0	0	0	0	0	0	0	0	2342	16854	3280	26588	468	1770	1686	566	1882	5356	1444	18838	5280	0	4386	21902	0	844	578	2626	1296	1992	5270	12796	8838	1612	
180608	Cerebelum_9_L	0	0	0	0	0	0	0	0	0	0	0	0	0	0	0	0	0	0	0	0	0	0	0	0	0	0	0	0	0	0	0	0	0	0	0	0	0	0	0	0	0	0	0	0	0	0	224	126	0	0	0	0	0	0	150	0	0	0	0	0	0	0	0	0	0	0	0	0	0	0	0	0	0	0	0	0	0	0	0	0	0	0	0	0	0	0	0	0	0	0	4616	428	7054	560	1370	126	3976	224	4434	632	10228	368	24738	4386	0	5504	4034	0	0	274	1068	1212	1580	5012	6284	1696	
165700	Cerebelum_9_R	0	0	0	0	0	0	0	0	0	0	0	0	0	0	0	0	0	0	0	0	0	0	0	0	0	0	0	0	0	0	0	0	0	0	0	0	0	0	0	0	0	0	0	0	0	0	0	114	0	0	0	0	0	0	0	0	0	0	0	0	0	0	0	0	0	0	0	0	0	0	0	0	0	0	0	0	0	0	0	0	0	0	0	0	0	0	0	0	0	0	948	2042	700	3072	542	1902	972	172	930	1834	762	2978	4266	21902	5504	0	90	982	628	2362	722	1782	2550	9678	11846	3570	
20464	Cerebelum_10_L	0	0	0	0	0	0	0	0	0	0	0	0	0	0	0	0	0	0	0	0	0	0	0	0	0	0	0	0	0	0	0	0	0	0	0	0	0	0	0	0	0	0	0	0	0	0	0	0	0	0	0	0	0	0	0	0	0	0	0	0	0	0	0	0	0	0	0	0	0	0	0	0	0	0	0	0	0	0	0	0	0	0	0	0	0	0	0	0	0	0	710	0	1038	0	0	0	140	0	384	0	1062	0	2526	0	4034	90	0	0	0	0	0	0	0	150	98	0	
8568	Cerebelum_10_R	0	0	0	0	0	0	0	0	0	0	0	0	0	0	0	0	0	0	0	0	0	0	0	0	0	0	0	0	0	0	0	0	0	0	0	0	0	122	0	138	0	0	0	0	0	0	0	0	0	0	0	0	0	0	0	138	0	0	0	0	0	0	0	0	0	0	0	0	0	0	0	0	0	0	0	0	0	0	0	0	0	0	0	0	0	0	0	0	0	0	0	230	0	118	0	0	0	202	0	500	0	0	0	844	0	982	0	0	0	0	0	0	110	492	408	0	
41876	Vermis_1_2	0	0	0	0	0	0	0	0	0	0	0	0	0	0	0	0	0	0	0	0	0	0	0	0	0	0	0	0	0	0	0	0	0	0	0	0	0	0	0	0	0	0	0	0	0	0	0	96	0	0	0	0	0	0	0	0	0	0	0	0	0	0	0	0	0	0	0	0	0	0	0	0	0	0	0	0	0	0	0	0	0	0	0	0	0	0	0	0	0	0	1670	130	380	134	1742	616	2564	122	2042	390	160	0	344	578	0	628	0	0	0	5540	1642	400	468	754	430	108	
