data	data	430640	213684	917052	924216	201600	132016	372888	283496	109176	44072	173352	225020	208280	189764	155752	129928	212964	149968	736780	668844	76156	103828	387916	393032	35432	87768	88864	96236	524420	337664	260968	467624	131936	347092	114688	146944	202860	295640	54360	157196	31508	72736	242576	304808	200476	336416	268104	262048	159736	358012	556564	271812	163136	113204	329120	371444	283584	150092	176344	85712	253712	111380	171176	105992	215324	129808	262800	393496	200808	55092	276832	457872	276208	325972	42060	28788	173796	152084	66276	29884	227272	129068	71700	60756	293020	249216	16132	43580	232960	235860	433884	323596	240732	276416	31508	46832	291400	221368	460584	369620	203148	131600	298968	296464	111728	129160	17808	18412	36048	80880	268680	250700	239676	125480	89464	49436	
data	data	Precentral_L	Precentral_R	Frontal_Sup_L	Frontal_Sup_R	Frontal_Sup_Orb_L	Frontal_Sup_Orb_R	Frontal_Mid_L	Frontal_Mid_R	Frontal_Mid_Orb_L	Frontal_Mid_Orb_R	Frontal_Inf_Oper_L	Frontal_Inf_Oper_R	Frontal_Inf_Tri_L	Frontal_Inf_Tri_R	Frontal_Inf_Orb_L	Frontal_Inf_Orb_R	Rolandic_Oper_L	Rolandic_Oper_R	Supp_Motor_Area_L	Supp_Motor_Area_R	Olfactory_L	Olfactory_R	Frontal_Sup_Medial_L	Frontal_Sup_Medial_R	Frontal_Med_Orb_L	Frontal_Med_Orb_R	Rectus_L	Rectus_R	Insula_L	Insula_R	Cingulum_Ant_L	Cingulum_Ant_R	Cingulum_Mid_L	Cingulum_Mid_R	Cingulum_Post_L	Cingulum_Post_R	Hippocampus_L	Hippocampus_R	ParaHippocampal_L	ParaHippocampal_R	Amygdala_L	Amygdala_R	Calcarine_L	Calcarine_R	Cuneus_L	Cuneus_R	Lingual_L	Lingual_R	Occipital_Sup_L	Occipital_Sup_R	Occipital_Mid_L	Occipital_Mid_R	Occipital_Inf_L	Occipital_Inf_R	Fusiform_L	Fusiform_R	Postcentral_L	Postcentral_R	Parietal_Sup_L	Parietal_Sup_R	Parietal_Inf_L	Parietal_Inf_R	SupraMarginal_L	SupraMarginal_R	Angular_L	Angular_R	Precuneus_L	Precuneus_R	Paracentral_Lobule_L	Paracentral_Lobule_R	Caudate_L	Caudate_R	Putamen_L	Putamen_R	Pallidum_L	Pallidum_R	Thalamus_L	Thalamus_R	Heschl_L	Heschl_R	Temporal_Sup_L	Temporal_Sup_R	Temporal_Pole_Sup_L	Temporal_Pole_Sup_R	Temporal_Mid_L	Temporal_Mid_R	Temporal_Pole_Mid_L	Temporal_Pole_Mid_R	Temporal_Inf_L	Temporal_Inf_R	Cerebelum_Crus1_L	Cerebelum_Crus1_R	Cerebelum_Crus2_L	Cerebelum_Crus2_R	Cerebelum_3_L	Cerebelum_3_R	Cerebelum_4_5_L	Cerebelum_4_5_R	Cerebelum_6_L	Cerebelum_6_R	Cerebelum_7b_L	Cerebelum_7b_R	Cerebelum_8_L	Cerebelum_8_R	Cerebelum_9_L	Cerebelum_9_R	Cerebelum_10_L	Cerebelum_10_R	Vermis_1_2	Vermis_3	Vermis_4_5	Vermis_6	Vermis_7	Vermis_8	Vermis_9	Vermis_10	
430640	Precentral_L	0	964	15068	6428	0	0	19958	274	0	0	11924	122	1926	0	0	0	10840	0	11190	9372	0	0	338	0	0	0	0	0	10778	194	720	0	2676	860	5772	3010	4250	2786	0	1130	0	0	586	0	1202	0	94	430	424	0	1924	0	892	0	512	518	23198	0	618	0	4568	0	1392	0	110	0	1596	0	16162	0	6700	1348	5302	286	1316	104	16556	3302	2012	0	2286	0	248	0	246	0	0	0	808	0	0	0	0	0	0	0	0	0	0	0	0	0	0	0	0	0	0	0	0	0	0	0	0	0	0	0	
213684	Precentral_R	964	0	3170	18434	0	0	636	10548	0	0	0	3850	126	0	0	0	0	2446	1842	2276	0	0	0	0	0	0	0	0	0	2288	0	262	0	706	0	1964	0	3926	0	834	0	0	0	2116	0	1380	0	248	0	1436	0	408	0	660	0	478	0	18972	0	0	0	782	0	1614	0	0	0	4634	0	1222	962	3362	0	1298	0	192	750	10912	0	152	0	218	0	0	0	514	0	0	0	122	0	0	0	0	0	0	0	0	0	0	0	0	0	0	0	0	0	0	0	0	138	0	0	0	0	0	
917052	Frontal_Sup_L	15068	3170	0	15480	14602	0	56654	2572	4008	0	9262	2034	19578	1050	7066	248	6912	368	91368	25510	0	0	47060	6700	1950	178	0	0	29780	1236	15974	4028	3942	5194	174	178	1662	306	0	154	0	0	0	0	0	0	0	0	0	0	0	0	0	0	166	0	436	778	0	0	0	0	0	350	0	0	0	0	764	0	15428	8568	14236	1094	3478	216	13194	1186	0	0	3178	0	1546	0	0	0	0	0	442	0	0	0	0	0	0	0	0	0	0	0	0	0	0	0	0	0	0	0	0	0	0	0	0	0	0	0	
924216	Frontal_Sup_R	6428	18434	15480	0	170	6730	1592	39044	0	1046	0	18004	650	16718	0	8316	108	7162	23146	80508	104	334	9544	42586	0	2566	124	1732	970	14306	3894	37898	1124	16088	130	766	0	3480	0	920	0	0	0	0	0	142	0	0	0	0	0	0	0	0	0	642	870	1430	0	0	0	160	0	554	0	0	0	320	8382	0	3738	32124	692	16240	0	1336	1080	12724	0	0	0	606	0	702	0	0	0	0	0	264	0	0	0	0	0	0	0	0	0	0	0	0	0	0	0	0	0	0	0	0	0	0	0	0	0	0	
201600	Frontal_Sup_Orb_L	0	0	14602	170	0	344	1556	0	12590	0	574	0	2064	0	11902	0	244	0	1242	0	2992	1418	9910	1606	3482	218	8690	532	9546	0	4948	1060	0	0	0	0	0	0	0	0	184	0	0	0	0	0	0	0	0	0	0	0	0	0	0	0	0	0	0	0	0	0	0	0	0	0	0	0	0	0	1786	894	7712	140	0	0	0	0	0	0	158	0	236	0	0	0	0	0	0	0	0	0	0	0	0	0	0	0	0	0	0	0	0	0	0	0	0	0	0	0	0	0	0	0	0	0	
132016	Frontal_Sup_Orb_R	0	0	0	6730	344	0	0	1642	158	8904	0	96	0	462	144	5056	0	0	0	176	542	1524	0	4876	388	8942	538	10012	0	1324	152	3378	0	108	0	0	0	0	0	0	0	188	0	0	0	0	0	0	0	0	0	0	0	0	0	0	0	0	0	0	0	0	0	0	0	0	0	0	0	0	520	4602	0	5202	0	0	0	0	0	0	0	0	0	0	0	0	0	0	0	0	0	0	0	0	0	0	0	0	0	0	0	0	0	0	0	0	0	0	0	0	0	0	0	0	0	0	
372888	Frontal_Mid_L	19958	636	56654	1592	1556	0	0	528	3442	0	8984	230	24534	0	4952	0	3084	0	11468	1118	0	0	13290	1112	0	0	0	0	9916	106	2414	436	1066	964	118	142	902	178	0	0	0	0	0	0	0	0	0	0	0	0	0	0	0	0	118	0	444	0	0	0	182	0	0	0	0	0	0	0	0	0	5706	1150	988	290	550	102	6044	126	112	0	876	0	170	0	0	0	0	0	206	0	0	0	0	0	0	0	0	0	0	0	0	0	0	0	0	0	0	0	0	0	0	0	0	0	0	0	
283496	Frontal_Mid_R	274	10548	2572	39044	0	1642	528	0	0	2402	0	13164	0	21560	0	7956	0	3788	1636	3176	0	0	776	4782	0	0	0	0	0	8272	300	5306	192	1248	0	0	0	876	0	246	0	0	0	0	0	0	0	0	0	0	0	0	0	0	0	170	0	792	0	0	0	0	0	142	0	0	0	0	0	0	636	4866	0	3898	0	220	0	0	0	0	0	634	0	0	0	0	0	0	0	102	0	0	0	0	0	0	0	0	0	0	0	0	0	0	0	0	0	0	0	0	0	0	0	0	0	0	
109176	Frontal_Mid_Orb_L	0	0	4008	0	12590	158	3442	0	0	0	298	0	2790	0	15212	0	160	0	730	0	724	528	728	0	316	0	2862	210	5512	0	442	0	0	0	0	0	0	0	0	0	0	0	0	0	0	0	0	0	0	0	0	0	0	0	0	0	0	0	0	0	0	0	0	0	0	0	0	0	0	0	568	306	2612	0	0	0	0	0	0	0	106	0	286	0	0	0	0	0	0	0	0	0	0	0	0	0	0	0	0	0	0	0	0	0	0	0	0	0	0	0	0	0	0	0	0	0	
44072	Frontal_Mid_Orb_R	0	0	0	1046	0	8904	0	2402	0	0	0	112	0	734	0	6388	0	0	0	98	0	0	0	130	0	198	0	206	0	488	0	0	0	0	0	0	0	0	0	0	0	0	0	0	0	0	0	0	0	0	0	0	0	0	0	0	0	0	0	0	0	0	0	0	0	0	0	0	0	0	0	332	0	998	0	0	0	0	0	0	0	0	0	0	0	0	0	0	0	0	0	0	0	0	0	0	0	0	0	0	0	0	0	0	0	0	0	0	0	0	0	0	0	0	0	0	
173352	Frontal_Inf_Oper_L	11924	0	9262	0	574	0	8984	0	298	0	0	0	7634	0	502	0	12410	0	5856	0	0	0	508	0	0	0	0	0	15966	0	650	0	0	0	0	0	166	0	0	0	0	0	0	0	0	0	0	0	0	0	0	0	0	0	0	0	1476	0	0	0	0	0	0	0	0	0	0	0	0	0	698	0	1534	0	104	0	0	0	170	0	4218	0	3742	0	0	0	0	0	0	0	0	0	0	0	0	0	0	0	0	0	0	0	0	0	0	0	0	0	0	0	0	0	0	0	0	0	
225020	Frontal_Inf_Oper_R	122	3850	2034	18004	0	96	230	13164	0	112	0	0	468	21136	0	2588	0	6596	1522	6544	0	0	318	1974	0	0	0	0	692	15246	394	4240	0	508	0	0	0	494	0	248	0	0	0	0	0	0	0	0	0	0	0	0	0	0	0	102	0	1076	0	0	0	0	0	0	0	0	0	0	0	0	1032	3932	0	4484	0	170	0	0	0	0	0	354	0	780	0	0	0	0	0	0	0	0	0	0	0	0	0	0	0	0	0	0	0	0	0	0	0	0	0	0	0	0	0	0	0	0	
208280	Frontal_Inf_Tri_L	1926	126	19578	650	2064	0	24534	0	2790	0	7634	468	0	326	8572	0	172	0	8384	588	0	0	3040	126	0	0	0	0	18478	176	2218	0	0	0	0	0	0	0	0	0	0	0	0	0	0	0	0	0	0	0	0	0	0	0	0	0	0	0	0	0	0	0	0	0	0	0	0	0	0	0	1212	726	218	0	0	0	0	0	0	0	0	0	134	0	0	0	0	0	0	0	0	0	0	0	0	0	0	0	0	0	0	0	0	0	0	0	0	0	0	0	0	0	0	0	0	0	
189764	Frontal_Inf_Tri_R	0	0	1050	16718	0	462	0	21560	0	734	0	21136	326	0	0	5508	0	214	968	2946	0	0	530	2570	0	0	0	0	424	10530	200	4020	0	984	0	0	0	0	0	0	0	0	0	0	0	0	0	0	0	0	0	0	0	0	0	0	0	0	0	0	0	0	0	0	0	0	0	0	0	0	424	2300	0	1278	0	0	0	0	0	0	0	0	0	0	0	0	0	0	0	0	0	0	0	0	0	0	0	0	0	0	0	0	0	0	0	0	0	0	0	0	0	0	0	0	0	0	
155752	Frontal_Inf_Orb_L	0	0	7066	0	11902	144	4952	0	15212	0	502	0	8572	0	0	0	182	0	1762	0	2508	782	640	0	0	0	2402	256	12150	0	124	0	0	0	0	0	128	0	94	0	318	0	0	0	0	0	0	0	0	0	0	0	0	0	0	0	0	0	0	0	0	0	0	0	0	0	0	0	0	0	1150	544	4372	0	0	0	0	0	0	0	118	0	1996	0	0	0	0	0	0	0	0	0	0	0	0	0	0	0	0	0	0	0	0	0	0	0	0	0	0	0	0	0	0	0	0	0	
129928	Frontal_Inf_Orb_R	0	0	248	8316	0	5056	0	7956	0	6388	0	2588	0	5508	0	0	0	102	324	2460	174	1458	100	840	0	0	160	1490	0	9194	0	1058	0	796	0	0	0	144	0	0	0	312	0	0	0	0	0	0	0	0	0	0	0	0	0	0	0	0	0	0	0	0	0	0	0	0	0	0	0	0	190	5096	0	4876	0	0	0	0	0	0	0	0	0	130	0	0	0	0	0	0	0	0	0	0	0	0	0	0	0	0	0	0	0	0	0	0	0	0	0	0	0	0	0	0	0	0	
212964	Rolandic_Oper_L	10840	0	6912	108	244	0	3084	0	160	0	12410	0	172	0	182	0	0	0	4446	108	0	0	226	0	0	0	0	0	20882	0	322	0	0	0	0	0	748	0	0	0	0	0	0	0	124	0	0	0	0	0	3602	0	656	0	100	0	8442	0	1250	0	784	0	2216	0	330	0	508	0	176	0	326	0	3060	0	1498	0	316	0	3014	0	11890	0	3700	0	2778	0	0	0	868	0	0	0	0	0	0	0	0	0	0	0	0	0	0	0	0	0	0	0	0	0	0	0	0	0	0	0	
149968	Rolandic_Oper_R	0	2446	368	7162	0	0	0	3788	0	0	0	6596	0	214	0	102	0	0	302	4724	0	0	0	244	0	0	0	0	0	21930	0	512	0	0	0	0	0	1758	0	698	0	0	0	0	0	180	0	0	0	178	0	0	0	0	0	990	0	4014	0	0	0	0	0	2200	0	204	0	244	0	0	0	1160	0	5522	0	442	0	418	0	2938	0	3656	0	1060	0	352	0	0	0	582	0	0	0	0	0	0	0	0	0	0	0	0	0	0	0	0	0	0	0	0	0	0	0	0	0	0	
736780	Supp_Motor_Area_L	11190	1842	91368	23146	1242	0	11468	1636	730	0	5856	1522	8384	968	1762	324	4446	302	0	49974	0	0	16350	3090	0	0	0	0	20356	954	9076	6894	11352	16032	404	280	1520	160	0	0	0	0	0	0	0	0	0	0	0	0	0	0	0	0	290	0	182	740	0	0	0	0	0	336	0	0	0	0	14528	346	13146	7358	15598	1066	2260	164	2464	1026	0	0	3890	0	1268	0	142	0	0	0	958	0	0	0	0	0	0	0	0	0	0	0	0	0	0	0	0	0	0	0	0	0	0	0	0	0	0	0	
668844	Supp_Motor_Area_R	9372	2276	25510	80508	0	176	1118	3176	0	98	0	6544	588	2946	0	2460	108	4724	49974	0	0	0	2080	13046	0	150	0	100	854	8418	2572	20698	5196	30818	488	3398	0	844	0	298	0	0	0	276	0	258	0	0	0	0	0	0	0	266	0	472	904	524	0	0	0	0	0	164	0	0	164	994	13926	5854	3152	17842	506	5540	0	814	508	2550	0	0	0	360	0	606	0	0	0	0	0	204	0	0	0	0	0	0	0	0	0	0	0	0	0	0	0	0	0	0	0	0	0	0	0	0	0	0	
76156	Olfactory_L	0	0	0	104	2992	542	0	0	724	0	0	0	0	0	2508	174	0	0	0	0	0	4906	0	208	150	260	5152	1368	2846	0	1920	1632	0	0	0	0	194	0	936	0	726	0	0	0	0	0	0	0	0	0	0	0	0	0	0	0	0	0	0	0	0	0	0	0	0	0	0	0	0	0	6188	2794	824	514	0	0	0	0	0	0	0	0	416	0	0	0	0	0	0	0	0	0	0	0	0	0	0	0	0	0	0	0	0	0	0	0	0	0	0	0	0	0	0	0	0	0	
103828	Olfactory_R	0	0	0	334	1418	1524	0	0	528	0	0	0	0	0	782	1458	0	0	0	0	4906	0	0	640	0	1120	4730	4186	166	3616	2148	3068	0	0	0	0	0	432	0	506	0	1976	0	0	0	0	0	0	0	0	0	0	0	0	0	262	0	0	0	0	0	0	0	0	0	0	0	0	0	0	7558	6118	1624	2362	0	318	0	0	0	0	0	0	0	134	0	0	0	0	0	0	0	0	0	0	0	0	0	0	0	0	0	0	0	0	0	0	0	0	0	0	0	0	0	0	0	0	
387916	Frontal_Sup_Medial_L	338	0	47060	9544	9910	0	13290	776	728	0	508	318	3040	530	640	100	226	0	16350	2080	0	0	0	23664	2778	588	450	92	6424	106	22166	13716	4150	8850	0	0	0	0	0	0	0	0	0	0	0	0	0	0	0	0	0	0	0	0	0	0	0	0	0	0	0	0	0	0	0	0	0	0	0	0	1004	872	3278	280	0	0	0	0	0	0	102	0	0	0	0	0	0	0	0	0	0	0	0	0	0	0	0	0	0	0	0	0	0	0	0	0	0	0	0	0	0	0	0	0	0	0	
393032	Frontal_Sup_Medial_R	0	0	6700	42586	1606	4876	1112	4782	0	130	0	1974	126	2570	0	840	0	244	3090	13046	208	640	23664	0	1156	5712	264	2808	292	1580	5594	33920	302	15270	0	0	0	0	0	0	0	0	0	0	0	0	0	0	0	0	0	0	0	0	0	0	0	0	0	0	0	0	0	0	0	0	0	0	0	0	506	13124	0	7794	0	0	0	0	0	0	0	0	0	0	0	0	0	0	0	0	0	0	0	0	0	0	0	0	0	0	0	0	0	0	0	0	0	0	0	0	0	0	0	0	0	0	
35432	Frontal_Med_Orb_L	0	0	1950	0	3482	388	0	0	316	0	0	0	0	0	0	0	0	0	0	0	150	0	2778	1156	0	1510	1378	348	0	0	2900	988	0	0	0	0	0	0	0	0	0	0	0	0	0	0	0	0	0	0	0	0	0	0	0	0	0	0	0	0	0	0	0	0	0	0	0	0	0	0	372	0	0	0	0	0	0	0	0	0	0	0	0	0	0	0	0	0	0	0	0	0	0	0	0	0	0	0	0	0	0	0	0	0	0	0	0	0	0	0	0	0	0	0	0	0	
87768	Frontal_Med_Orb_R	0	0	178	2566	218	8942	0	0	0	198	0	0	0	0	0	0	0	0	0	150	260	1120	588	5712	1510	0	386	9046	0	0	784	6002	0	134	0	0	0	0	0	0	0	0	0	0	0	0	0	0	0	0	0	0	0	0	0	0	0	0	0	0	0	0	0	0	0	0	0	0	0	0	296	3632	0	2162	0	0	0	0	0	0	0	0	0	0	0	0	0	0	0	0	0	0	0	0	0	0	0	0	0	0	0	0	0	0	0	0	0	0	0	0	0	0	0	0	0	0	
88864	Rectus_L	0	0	0	124	8690	538	0	0	2862	0	0	0	0	0	2402	160	0	0	0	0	5152	4730	450	264	1378	386	0	1402	822	0	3546	1634	0	0	0	0	0	0	0	0	0	0	0	0	0	0	0	0	0	0	0	0	0	0	0	0	0	0	0	0	0	0	0	0	0	0	0	0	0	0	5548	2706	922	716	0	0	0	0	0	0	0	0	0	0	0	0	0	0	0	0	0	0	0	0	0	0	0	0	0	0	0	0	0	0	0	0	0	0	0	0	0	0	0	0	0	0	
96236	Rectus_R	0	0	0	1732	532	10012	0	0	210	206	0	0	0	0	256	1490	0	0	0	100	1368	4186	92	2808	348	9046	1402	0	0	1548	412	4400	0	98	0	0	0	0	0	0	0	444	0	0	0	0	0	0	0	0	0	0	0	0	0	0	0	0	0	0	0	0	0	0	0	0	0	0	0	0	1420	3208	112	2688	0	0	0	0	0	0	0	0	0	0	0	0	0	0	0	0	0	0	0	0	0	0	0	0	0	0	0	0	0	0	0	0	0	0	0	0	0	0	0	0	0	0	
524420	Insula_L	10778	0	29780	970	9546	0	9916	0	5512	0	15966	692	18478	424	12150	0	20882	0	20356	854	2846	166	6424	292	0	0	822	0	0	222	6962	204	0	0	474	484	9058	416	1452	118	2660	0	0	0	0	0	0	106	0	0	1932	0	690	0	1938	0	9264	0	266	0	826	0	1352	0	182	0	218	0	96	0	3394	1230	18736	0	420	0	1626	0	5902	0	12744	0	5350	0	2308	0	0	0	4726	0	0	0	0	0	0	0	0	0	0	0	0	0	0	0	0	0	0	0	0	0	0	0	0	0	0	0	
337664	Insula_R	194	2288	1236	14306	0	1324	106	8272	0	488	0	15246	176	10530	0	9194	0	21930	954	8418	0	3616	106	1580	0	0	0	1548	222	0	94	3844	0	368	0	122	0	5952	0	2562	0	2226	0	0	0	108	0	0	0	140	0	0	0	0	0	3676	0	1338	0	0	0	0	0	298	0	0	0	170	0	0	390	5932	0	23210	0	398	164	936	0	2752	0	6096	0	1942	0	1448	0	0	0	2932	0	0	0	0	0	0	0	0	0	0	0	0	0	0	0	0	0	0	0	0	0	0	0	0	0	0	
260968	Cingulum_Ant_L	720	0	15974	3894	4948	152	2414	300	442	0	650	394	2218	200	124	0	322	0	9076	2572	1920	2148	22166	5594	2900	784	3546	412	6962	94	0	13226	5424	3128	0	0	0	0	0	0	0	0	0	0	0	0	0	0	0	0	0	0	0	0	0	0	0	0	0	0	0	0	0	0	0	0	0	0	458	0	7090	3526	5378	1206	0	0	0	0	0	0	122	0	0	0	0	0	0	0	0	0	0	0	0	0	0	0	0	0	0	0	0	0	0	0	0	0	0	0	0	0	0	0	0	0	0	0	
467624	Cingulum_Ant_R	0	262	4028	37898	1060	3378	436	5306	0	0	0	4240	0	4020	0	1058	0	512	6894	20698	1632	3068	13716	33920	988	6002	1634	4400	204	3844	13226	0	2324	22048	0	0	0	308	0	0	0	0	0	0	0	0	0	0	0	0	0	0	0	0	0	0	0	518	0	0	0	188	0	250	0	0	0	0	0	0	3068	22084	262	10068	0	0	0	270	0	0	0	0	0	0	0	0	0	0	0	0	0	0	0	0	0	0	0	0	0	0	0	0	0	0	0	0	0	0	0	0	0	0	0	0	0	0	
131936	Cingulum_Mid_L	2676	0	3942	1124	0	0	1066	192	0	0	0	0	0	0	0	0	0	0	11352	5196	0	0	4150	302	0	0	0	0	0	0	5424	2324	0	10250	1880	260	0	0	0	0	0	0	0	0	280	194	0	0	852	108	1900	0	0	0	0	0	424	0	138	0	0	0	0	0	0	0	3488	648	7272	526	0	0	0	0	0	0	0	0	0	0	0	0	0	0	0	0	0	0	0	0	0	0	0	0	0	0	0	0	0	0	0	0	0	0	0	0	0	0	0	0	0	0	0	0	0	0	
347092	Cingulum_Mid_R	860	706	5194	16088	0	108	964	1248	0	0	0	508	0	984	0	796	0	0	16032	30818	0	0	8850	15270	0	134	0	98	0	368	3128	22048	10250	0	722	4098	0	0	0	0	0	0	0	2204	0	4546	0	0	0	1800	0	380	0	426	0	0	0	1502	0	0	0	0	0	0	0	0	1488	11580	3202	4000	0	1298	0	776	0	0	0	0	0	0	0	106	0	0	0	414	0	0	0	336	0	0	0	0	0	0	0	0	0	0	0	0	0	0	0	0	0	0	0	0	216	0	0	0	0	0	
114688	Cingulum_Post_L	5772	0	174	130	0	0	118	0	0	0	0	0	0	0	0	0	0	0	404	488	0	0	0	0	0	0	0	0	474	0	0	0	1880	722	0	7256	5852	2974	784	1316	0	0	2496	300	384	254	1024	1196	334	0	552	0	300	0	1880	298	1234	0	0	0	0	0	0	0	0	0	5506	1390	6192	324	124	0	274	0	0	0	2574	348	0	0	0	0	0	0	0	0	0	0	2016	0	0	0	0	0	0	0	0	0	0	0	0	0	0	0	0	0	0	0	0	0	0	0	0	0	0	0	
146944	Cingulum_Post_R	3010	1964	178	766	0	0	142	0	0	0	0	0	0	0	0	0	0	0	280	3398	0	0	0	0	0	0	0	0	484	122	0	0	260	4098	7256	0	4498	6236	96	2032	0	0	0	2808	0	1386	110	2726	0	156	0	0	0	1540	1678	1070	350	1810	0	0	0	108	0	286	0	0	836	11584	238	2314	0	0	316	0	0	0	4580	1690	0	0	0	0	0	0	0	0	0	0	1884	180	0	0	0	0	0	0	0	0	0	0	0	0	0	0	0	0	0	0	0	0	1002	0	0	0	0	0	
202860	Hippocampus_L	4250	0	1662	0	0	0	902	0	0	0	166	0	0	0	128	0	748	0	1520	0	194	0	0	0	0	0	0	0	9058	0	0	0	0	0	5852	4498	0	3532	7802	1248	5378	0	1122	0	0	0	2380	1168	0	0	0	0	318	0	9898	266	2708	0	0	0	0	0	0	0	0	0	2306	578	202	0	0	0	8098	0	592	0	5240	376	1712	0	1712	0	1148	0	1910	0	246	0	12512	0	0	0	0	0	0	0	0	0	0	0	0	0	0	0	0	0	0	0	0	0	0	0	0	0	0	0	
295640	Hippocampus_R	2786	3926	306	3480	0	0	178	876	0	0	0	494	0	0	0	144	0	1758	160	844	0	432	0	0	0	0	0	0	416	5952	0	308	0	0	2974	6236	3532	0	124	20298	0	9774	0	344	0	0	112	3928	0	0	0	0	0	658	1308	26206	302	206	0	0	0	0	0	394	0	0	0	2764	0	0	100	740	292	12008	0	1732	4586	6946	0	578	0	1420	0	2118	0	1532	0	1886	1440	10650	0	0	0	0	0	0	0	284	0	0	0	0	0	0	0	0	0	0	0	0	288	0	0	0	0	0	
54360	ParaHippocampal_L	0	0	0	0	0	0	0	0	0	0	0	0	0	0	94	0	0	0	0	0	936	0	0	0	0	0	0	0	1452	0	0	0	0	0	784	96	7802	124	0	0	1788	0	810	0	0	0	3344	106	0	0	300	0	294	0	4330	0	0	0	0	0	0	0	0	0	0	0	1598	0	0	0	0	0	740	0	0	0	250	0	0	0	94	0	564	0	0	0	0	0	254	0	0	0	0	0	318	0	638	0	306	0	0	0	0	0	0	0	0	0	0	158	0	0	0	0	0	0	
157196	ParaHippocampal_R	1130	834	154	920	0	0	0	246	0	0	0	248	0	0	0	0	0	698	0	298	0	506	0	0	0	0	0	0	118	2562	0	0	0	0	1316	2032	1248	20298	0	0	0	5364	0	152	0	0	0	3640	0	0	0	0	0	0	416	14900	0	0	0	0	0	0	0	0	0	0	0	1070	0	0	0	378	0	4548	0	1178	1524	4186	0	0	0	140	0	2274	0	92	0	2018	492	2958	0	0	0	0	0	0	0	520	0	0	0	0	0	0	0	0	0	0	0	0	140	0	0	0	0	0	
31508	Amygdala_L	0	0	0	0	184	0	0	0	0	0	0	0	0	0	318	0	0	0	0	0	726	0	0	0	0	0	0	0	2660	0	0	0	0	0	0	0	5378	0	1788	0	0	0	0	0	0	0	0	0	0	0	0	0	0	0	1698	0	0	0	0	0	0	0	0	0	0	0	0	0	0	0	0	0	312	0	0	0	0	0	0	0	100	0	1106	0	514	0	234	0	736	0	0	0	0	0	0	0	0	0	0	0	0	0	0	0	0	0	0	0	0	0	0	0	0	0	0	0	
72736	Amygdala_R	0	0	0	0	0	188	0	0	0	0	0	0	0	0	0	312	0	0	0	0	0	1976	0	0	0	0	0	444	0	2226	0	0	0	0	0	0	0	9774	0	5364	0	0	0	0	0	0	0	0	0	0	0	0	0	0	0	5752	0	0	0	0	0	0	0	0	0	0	0	0	0	0	0	0	0	1100	0	0	0	0	0	0	0	0	0	3670	0	0	0	2746	0	2816	0	0	0	0	0	0	0	0	0	0	0	0	0	0	0	0	0	0	0	0	0	0	0	0	0	0	
242576	Calcarine_L	586	0	0	0	0	0	0	0	0	0	0	0	0	0	0	0	0	0	0	0	0	0	0	0	0	0	0	0	0	0	0	0	0	0	2496	0	1122	0	810	0	0	0	0	7186	15068	5430	14830	1514	5796	1506	20344	930	7882	0	3154	674	1068	0	548	0	150	0	146	0	166	0	14074	470	650	0	0	0	0	0	0	0	0	0	0	0	0	0	0	0	374	0	0	0	422	0	384	940	0	0	0	96	3116	2032	1086	1756	0	0	0	0	178	0	0	0	108	270	3084	510	0	0	94	238	
304808	Calcarine_R	0	2116	0	0	0	0	0	0	0	0	0	0	0	0	0	0	0	0	0	276	0	0	0	0	0	0	0	0	0	0	0	0	0	2204	300	2808	0	344	0	152	0	0	7186	0	5458	23634	1840	17066	124	19762	168	16642	0	10314	0	4996	0	2590	0	92	0	276	0	1086	0	220	566	20348	0	242	0	0	0	0	0	0	0	0	0	210	0	634	0	0	0	6588	0	0	0	3028	0	348	0	0	0	0	0	0	0	212	0	0	0	0	0	0	0	0	0	0	574	0	0	0	0	0	
200476	Cuneus_L	1202	0	0	0	0	0	0	0	0	0	0	0	0	0	0	0	124	0	0	0	0	0	0	0	0	0	0	0	0	0	0	0	280	0	384	0	0	0	0	0	0	0	15068	5458	0	7202	1960	160	20962	2398	16340	938	896	0	254	0	3584	0	3326	0	240	0	0	0	262	0	14318	1776	2446	0	0	0	0	0	0	0	0	0	0	0	102	0	0	0	412	0	0	0	146	0	0	0	0	0	0	0	0	0	0	0	0	0	0	0	0	0	0	0	0	0	0	0	0	0	0	0	
336416	Cuneus_R	0	1380	0	142	0	0	0	0	0	0	0	0	0	0	0	0	0	180	0	258	0	0	0	0	0	0	0	0	0	108	0	0	194	4546	254	1386	0	0	0	0	0	0	5430	23634	7202	0	338	1918	300	42908	198	15704	0	1458	0	332	0	3152	0	2494	0	490	0	814	0	460	3332	35244	0	2158	0	0	0	0	0	0	0	0	0	0	0	1234	0	0	0	7778	0	0	0	3182	0	0	0	0	0	0	0	0	0	0	0	0	0	0	0	0	0	0	0	0	0	0	0	0	0	0	
268104	Lingual_L	94	0	0	0	0	0	0	0	0	0	0	0	0	0	0	0	0	0	0	0	0	0	0	0	0	0	0	0	0	0	0	0	0	0	1024	110	2380	112	3344	0	0	0	14830	1840	1960	338	0	2758	1258	130	14428	0	9154	0	16186	716	0	0	0	0	0	0	0	0	0	0	4858	0	0	0	0	0	0	0	0	0	112	0	122	0	0	0	0	0	194	0	0	0	338	0	5554	1908	468	266	704	136	14302	4536	12338	3370	432	0	686	0	262	238	0	0	160	510	8536	2022	656	0	172	510	
262048	Lingual_R	430	248	0	0	0	0	0	0	0	0	0	0	0	0	0	0	0	0	0	0	0	0	0	0	0	0	0	0	106	0	0	0	0	0	1196	2726	1168	3928	106	3640	0	0	1514	17066	160	1918	2758	0	0	6592	0	6404	0	6092	1286	18976	0	276	0	0	0	0	0	0	0	0	130	6298	0	0	0	0	0	0	0	0	704	990	0	162	0	258	0	0	0	1200	0	0	510	838	1700	6684	120	588	0	740	3060	6422	3578	8442	120	0	216	0	114	196	0	0	0	120	6292	4058	558	0	120	216	
159736	Occipital_Sup_L	424	0	0	0	0	0	0	0	0	0	0	0	0	0	0	0	0	0	0	0	0	0	0	0	0	0	0	0	0	0	0	0	852	0	334	0	0	0	0	0	0	0	5796	124	20962	300	1258	0	0	0	27800	0	472	0	338	0	788	0	6660	0	282	0	0	0	810	0	10742	926	800	0	0	0	0	0	0	0	0	0	0	0	0	0	0	0	200	0	0	0	0	0	0	0	0	0	0	0	0	0	0	0	0	0	0	0	0	0	0	0	0	0	0	0	0	0	0	0	
358012	Occipital_Sup_R	0	1436	0	0	0	0	0	0	0	0	0	0	0	0	0	0	0	178	0	0	0	0	0	0	0	0	0	0	0	140	0	0	108	1800	0	156	0	0	0	0	0	0	1506	19762	2398	42908	130	6592	0	0	0	29974	0	2734	0	1120	0	3164	0	8578	0	2904	0	1118	0	5580	1454	28530	0	2180	0	0	0	0	0	0	0	0	0	110	0	1776	0	0	0	8380	0	0	0	3836	0	272	0	0	0	0	0	0	0	182	0	0	0	0	0	0	0	0	0	0	0	0	0	0	0	0	
556564	Occipital_Mid_L	1924	0	0	0	0	0	0	0	0	0	0	0	0	0	0	0	3602	0	0	0	0	0	0	0	0	0	0	0	1932	0	0	0	1900	0	552	0	0	0	300	0	0	0	20344	168	16340	198	14428	0	27800	0	0	0	29136	0	9270	0	8342	0	23468	0	19896	0	11340	0	30612	0	19184	468	2876	0	0	0	0	0	0	0	0	0	2130	0	3960	0	0	0	23464	0	0	0	4410	0	238	0	0	0	0	0	0	0	0	0	0	0	0	0	0	0	0	0	0	0	0	0	0	0	0	0	
271812	Occipital_Mid_R	0	408	0	0	0	0	0	0	0	0	0	0	0	0	0	0	0	0	0	0	0	0	0	0	0	0	0	0	0	0	0	0	0	380	0	0	0	0	0	0	0	0	930	16642	938	15704	0	6404	0	29974	0	0	0	3526	0	1324	0	576	0	5238	0	8046	0	370	0	17330	752	7920	0	0	0	0	0	0	0	0	0	0	0	0	0	326	0	0	0	17864	0	0	0	722	0	322	0	0	0	0	0	0	0	210	0	0	0	0	0	0	0	0	0	0	0	0	0	0	0	0	
163136	Occipital_Inf_L	892	0	0	0	0	0	0	0	0	0	0	0	0	0	0	0	656	0	0	0	0	0	0	0	0	0	0	0	690	0	0	0	0	0	300	0	318	0	294	0	0	0	7882	0	896	0	9154	0	472	0	29136	0	0	0	11766	0	940	0	282	0	1248	0	2294	0	1042	0	3200	0	604	0	0	0	0	0	0	0	0	0	1346	0	784	0	0	0	2768	0	0	0	4346	0	258	0	0	0	0	0	0	0	0	0	0	0	0	0	0	0	0	0	0	0	0	0	0	0	0	0	
113204	Occipital_Inf_R	0	660	0	0	0	0	0	0	0	0	0	0	0	0	0	0	0	0	0	266	0	0	0	0	0	0	0	0	0	0	0	0	0	426	0	1540	0	658	0	0	0	0	0	10314	0	1458	0	6092	0	2734	0	3526	0	0	0	7818	0	1078	0	116	0	792	0	2766	0	124	0	6822	0	168	0	0	0	0	0	0	0	0	0	356	0	472	0	0	0	2240	0	0	0	4532	0	728	0	0	0	0	0	0	0	368	0	0	0	0	0	0	0	0	0	0	548	0	0	0	0	0	
329120	Fusiform_L	512	0	166	0	0	0	118	0	0	0	0	0	0	0	0	0	100	0	290	0	0	0	0	0	0	0	0	0	1938	0	0	0	0	0	1880	1678	9898	1308	4330	416	1698	0	3154	0	254	0	16186	1286	338	0	9270	0	11766	0	0	370	314	0	0	0	116	0	338	0	0	0	3100	320	0	0	0	0	1912	0	0	0	1486	0	1380	0	1752	0	1666	0	2982	0	1070	0	13808	0	16752	630	1462	226	224	0	13348	970	25638	906	440	0	464	0	336	122	162	0	0	114	2856	1722	666	104	126	92	
371444	Fusiform_R	518	478	0	642	0	0	0	170	0	0	0	102	0	0	0	0	0	990	0	472	0	262	0	0	0	0	0	0	0	3676	0	0	0	0	298	1070	266	26206	0	14900	0	5752	674	4996	0	332	716	18976	0	1120	0	1324	0	7818	370	0	0	230	0	0	0	0	0	874	0	0	0	1694	0	0	0	192	0	4466	0	290	652	2434	0	742	0	2860	0	4218	0	6262	0	3638	0	20970	780	12362	0	1094	0	138	768	5812	1288	14832	0	0	0	112	0	0	0	0	0	0	3482	3016	388	0	0	0	
283584	Postcentral_L	23198	0	436	870	0	0	444	0	0	0	1476	0	0	0	0	0	8442	0	182	904	0	0	0	0	0	0	0	0	9264	0	0	0	424	0	1234	350	2708	302	0	0	0	0	1068	0	3584	0	0	0	788	0	8342	0	940	0	314	0	0	0	9410	0	21466	0	13500	0	2984	0	6822	0	7900	0	956	108	4262	0	1142	0	1366	0	2650	0	1884	0	0	0	1360	0	0	0	712	0	0	0	0	0	0	0	0	0	0	0	0	0	0	0	0	0	0	0	0	0	0	0	0	0	0	0	
150092	Postcentral_R	0	18972	778	1430	0	0	0	792	0	0	0	1076	0	0	0	0	0	4014	740	524	0	0	0	0	0	0	0	0	0	1338	0	518	0	1502	0	1810	0	206	0	0	0	0	0	2590	0	3152	0	276	0	3164	0	576	0	1078	0	230	0	0	0	1868	0	4140	0	9466	0	300	0	9070	0	2220	98	1026	0	234	0	0	0	0	0	552	0	174	0	0	0	792	0	0	0	196	0	0	0	0	0	0	0	0	0	0	0	0	0	0	0	0	0	0	0	0	144	0	0	0	0	0	
176344	Parietal_Sup_L	618	0	0	0	0	0	0	0	0	0	0	0	0	0	0	0	1250	0	0	0	0	0	0	0	0	0	0	0	266	0	0	0	138	0	0	0	0	0	0	0	0	0	548	0	3326	0	0	0	6660	0	23468	0	282	0	0	0	9410	0	0	0	12810	0	1376	0	7938	0	13172	0	1954	0	0	0	0	0	0	0	0	0	452	0	1420	0	0	0	2750	0	0	0	334	0	0	0	0	0	0	0	0	0	0	0	0	0	0	0	0	0	0	0	0	0	0	0	0	0	0	0	
85712	Parietal_Sup_R	0	0	0	0	0	0	0	0	0	0	0	0	0	0	0	0	0	0	0	0	0	0	0	0	0	0	0	0	0	0	0	0	0	0	0	0	0	0	0	0	0	0	0	92	0	2494	0	0	0	8578	0	5238	0	116	0	0	0	1868	0	0	0	7960	0	1366	0	8822	0	5574	0	388	0	0	0	0	0	0	0	0	0	0	0	0	0	0	0	176	0	0	0	184	0	0	0	0	0	0	0	0	0	0	0	0	0	0	0	0	0	0	0	0	0	0	0	0	0	0	
253712	Parietal_Inf_L	4568	0	0	0	0	0	182	0	0	0	0	0	0	0	0	0	784	0	0	0	0	0	0	0	0	0	0	0	826	0	0	0	0	0	0	0	0	0	0	0	0	0	150	0	240	0	0	0	282	0	19896	0	1248	0	116	0	21466	0	12810	0	0	0	23524	0	22962	0	1714	0	1220	0	434	0	262	0	0	0	0	0	402	0	1834	0	0	0	9876	0	0	0	2060	0	0	0	0	0	0	0	0	0	0	0	0	0	0	0	0	0	0	0	0	0	0	0	0	0	0	0	
111380	Parietal_Inf_R	0	782	0	160	0	0	0	0	0	0	0	0	0	0	0	0	0	0	0	0	0	0	0	0	0	0	0	0	0	0	0	188	0	0	0	108	0	0	0	0	0	0	0	276	0	490	0	0	0	2904	0	8046	0	792	0	0	0	4140	0	7960	0	0	0	12796	0	14156	0	1270	0	0	0	252	0	0	0	0	0	0	0	0	0	264	0	0	0	820	0	0	0	286	0	0	0	0	0	0	0	0	0	0	0	0	0	0	0	0	0	0	0	0	0	0	0	0	0	0	
171176	SupraMarginal_L	1392	0	0	0	0	0	0	0	0	0	0	0	0	0	0	0	2216	0	0	0	0	0	0	0	0	0	0	0	1352	0	0	0	0	0	0	0	0	0	0	0	0	0	146	0	0	0	0	0	0	0	11340	0	2294	0	338	0	13500	0	1376	0	23524	0	0	0	9630	0	932	0	682	0	118	0	114	0	0	0	0	0	466	0	6884	0	0	0	8318	0	0	0	966	0	0	0	0	0	0	0	0	0	0	0	0	0	0	0	0	0	0	0	0	0	0	0	0	0	0	0	
105992	SupraMarginal_R	0	1614	350	554	0	0	0	142	0	0	0	0	0	0	0	0	0	2200	336	164	0	0	0	0	0	0	0	0	0	298	0	250	0	0	0	286	0	394	0	0	0	0	0	1086	0	814	0	0	0	1118	0	370	0	2766	0	874	0	9466	0	1366	0	12796	0	0	0	3282	0	1904	0	94	0	546	0	0	0	0	0	0	0	180	0	4870	0	0	0	3114	0	0	0	1762	0	0	0	0	0	0	0	0	0	0	0	0	0	0	0	0	0	0	0	0	0	0	0	0	0	0	
215324	Angular_L	110	0	0	0	0	0	0	0	0	0	0	0	0	0	0	0	330	0	0	0	0	0	0	0	0	0	0	0	182	0	0	0	0	0	0	0	0	0	0	0	0	0	166	0	262	0	0	0	810	0	30612	0	1042	0	0	0	2984	0	7938	0	22962	0	9630	0	0	0	1440	0	412	0	0	0	0	0	0	0	0	0	504	0	2726	0	0	0	21826	0	0	0	3726	0	0	0	0	0	0	0	0	0	0	0	0	0	0	0	0	0	0	0	0	0	0	0	0	0	0	0	
129808	Angular_R	0	0	0	0	0	0	0	0	0	0	0	0	0	0	0	0	0	204	0	0	0	0	0	0	0	0	0	0	0	0	0	0	0	0	0	0	0	0	0	0	0	0	0	220	0	460	0	0	0	5580	0	17330	0	124	0	0	0	300	0	8822	0	14156	0	3282	0	0	0	974	0	0	0	0	0	0	0	0	0	0	0	0	0	4568	0	0	0	7754	0	0	0	1130	0	0	0	0	0	0	0	0	0	0	0	0	0	0	0	0	0	0	0	0	0	0	0	0	0	0	
262800	Precuneus_L	1596	0	0	0	0	0	0	0	0	0	0	0	0	0	0	0	508	0	0	164	0	0	0	0	0	0	0	0	218	0	0	0	3488	1488	5506	836	2306	0	1598	0	0	0	14074	566	14318	3332	4858	130	10742	1454	19184	752	3200	0	3100	0	6822	0	13172	0	1714	0	932	0	1440	0	0	6848	4464	116	0	0	0	0	0	0	0	0	0	0	570	0	0	0	892	152	0	0	664	100	0	0	0	0	0	0	0	0	0	0	0	0	0	0	0	0	0	0	0	0	96	0	0	0	0	0	
393496	Precuneus_R	0	4634	0	320	0	0	0	0	0	0	0	0	0	0	0	0	0	244	0	994	0	0	0	0	0	0	0	0	0	170	0	0	648	11580	1390	11584	578	2764	0	1070	0	0	470	20348	1776	35244	0	6298	926	28530	468	7920	0	6822	320	1694	0	9070	0	5574	0	1270	0	1904	0	974	6848	0	142	4478	0	0	0	0	0	0	494	0	0	212	0	2380	0	0	0	7200	0	0	362	5902	0	0	0	0	0	0	0	0	0	0	0	0	0	0	0	0	0	0	0	0	3146	0	0	0	0	0	
200808	Paracentral_Lobule_L	16162	0	764	8382	0	0	0	0	0	0	0	0	0	0	0	0	176	0	14528	13926	0	0	0	0	0	0	0	0	96	0	458	0	7272	3202	6192	238	202	0	0	0	0	0	650	0	2446	0	0	0	800	0	2876	0	604	0	0	0	7900	0	1954	0	1220	0	682	0	412	0	4464	142	0	916	468	0	124	0	956	0	1378	424	0	0	150	0	0	0	130	0	0	0	110	0	0	0	0	0	0	0	0	0	0	0	0	0	0	0	0	0	0	0	0	0	0	0	0	0	0	0	
55092	Paracentral_Lobule_R	0	1222	0	0	0	0	0	0	0	0	0	0	0	0	0	0	0	0	346	5854	0	0	0	0	0	0	0	0	0	0	0	0	526	4000	324	2314	0	0	0	0	0	0	0	242	0	2158	0	0	0	2180	0	0	0	168	0	0	0	2220	0	388	0	0	0	94	0	0	116	4478	916	0	0	0	0	0	0	0	0	0	0	0	0	0	0	0	0	0	0	0	0	0	0	0	0	0	0	0	0	0	0	0	0	0	0	0	0	0	0	0	0	0	0	0	0	0	0	0	
276832	Caudate_L	6700	962	15428	3738	1786	520	5706	636	568	0	698	1032	1212	424	1150	190	326	0	13146	3152	6188	7558	1004	506	372	296	5548	1420	3394	390	7090	3068	0	0	124	0	0	100	0	0	0	0	0	0	0	0	0	0	0	0	0	0	0	0	0	0	956	98	0	0	434	0	118	0	0	0	0	0	468	0	0	17876	11914	3898	932	760	5772	628	0	0	130	0	0	0	0	0	0	0	0	0	0	0	0	0	0	0	0	0	0	0	0	0	0	0	0	0	0	0	0	0	0	0	0	0	0	0	
457872	Caudate_R	1348	3362	8568	32124	894	4602	1150	4866	306	332	0	3932	726	2300	544	5096	0	1160	7358	17842	2794	6118	872	13124	0	3632	2706	3208	1230	5932	3526	22084	0	1298	0	0	0	740	0	378	0	0	0	0	0	0	0	0	0	0	0	0	0	0	0	192	108	1026	0	0	0	252	0	546	0	0	0	0	0	0	17876	0	4626	22090	0	2494	630	14944	0	0	0	0	0	0	0	0	0	0	0	0	0	0	0	0	0	0	0	0	0	0	0	0	0	0	0	0	0	0	0	0	0	0	0	0	0	0	
276208	Putamen_L	5302	0	14236	692	7712	0	988	0	2612	0	1534	0	218	0	4372	0	3060	0	15598	506	824	1624	3278	0	0	0	922	112	18736	0	5378	262	0	0	274	316	8098	292	740	0	312	0	0	0	0	0	0	0	0	0	0	0	0	0	1912	0	4262	0	0	0	262	0	114	0	0	0	0	0	124	0	11914	4626	0	1406	5860	0	1676	0	258	0	2912	0	856	0	410	0	0	0	3514	0	0	0	0	0	0	0	0	0	0	0	0	0	0	0	0	0	0	0	0	0	0	0	0	0	0	0	
325972	Putamen_R	286	1298	1094	16240	140	5202	290	3898	0	998	0	4484	0	1278	0	4876	0	5522	1066	5540	514	2362	280	7794	0	2162	716	2688	0	23210	1206	10068	0	776	0	0	0	12008	0	4548	0	1100	0	0	0	0	0	0	0	0	0	0	0	0	0	4466	0	234	0	0	0	0	0	0	0	0	0	0	0	0	3898	22090	1406	0	0	3244	0	1564	0	112	0	1006	0	388	0	376	0	206	0	2352	0	0	0	0	0	0	0	0	0	0	0	0	0	0	0	0	0	0	0	0	0	0	0	0	0	0	
42060	Pallidum_L	1316	0	3478	0	0	0	550	0	0	0	104	0	0	0	0	0	1498	0	2260	0	0	0	0	0	0	0	0	0	420	0	0	0	0	0	0	0	592	0	0	0	0	0	0	0	0	0	0	0	0	0	0	0	0	0	0	0	1142	0	0	0	0	0	0	0	0	0	0	0	956	0	932	0	5860	0	0	0	1678	0	244	0	0	0	0	0	0	0	0	0	0	0	0	0	0	0	0	0	0	0	0	0	0	0	0	0	0	0	0	0	0	0	0	0	0	0	0	0	
28788	Pallidum_R	104	192	216	1336	0	0	102	220	0	0	0	170	0	0	0	0	0	442	164	814	0	318	0	0	0	0	0	0	0	398	0	0	0	0	0	0	0	1732	0	1178	0	0	0	0	0	0	0	0	0	0	0	0	0	0	0	290	0	0	0	0	0	0	0	0	0	0	0	0	0	0	760	2494	0	3244	0	0	0	220	0	0	0	0	0	0	0	0	0	0	0	0	0	0	0	0	0	0	0	0	0	0	0	0	0	0	0	0	0	0	0	0	0	0	0	0	0	0	
173796	Thalamus_L	16556	750	13194	1080	0	0	6044	0	0	0	0	0	0	0	0	0	316	0	2464	508	0	0	0	0	0	0	0	0	1626	164	0	0	0	0	2574	4580	5240	4586	250	1524	0	0	0	0	0	0	112	704	0	0	0	0	0	0	1486	652	1366	0	0	0	0	0	0	0	0	0	0	494	1378	0	5772	630	1676	0	1678	0	0	7466	0	0	124	0	0	0	0	0	0	0	1904	0	0	0	0	0	0	0	0	0	0	0	0	0	0	0	0	0	0	0	0	0	0	0	0	0	0	0	
152084	Thalamus_R	3302	10912	1186	12724	0	0	126	0	0	0	0	0	0	0	0	0	0	418	1026	2550	0	0	0	0	0	0	0	0	0	936	0	270	0	0	348	1690	376	6946	0	4186	0	0	0	0	0	0	0	990	0	0	0	0	0	0	0	2434	0	0	0	0	0	0	0	0	0	0	0	0	424	0	628	14944	0	1564	0	220	7466	0	0	0	0	0	0	0	0	0	0	0	0	222	0	0	0	0	0	0	0	154	0	0	0	0	0	0	0	0	0	0	0	0	0	0	0	0	0	0	
66276	Heschl_L	2012	0	0	0	0	0	112	0	0	0	170	0	0	0	0	0	3014	0	0	0	0	0	0	0	0	0	0	0	5902	0	0	0	0	0	0	0	1712	0	0	0	0	0	0	0	0	0	122	0	0	0	2130	0	1346	0	1380	0	2650	0	452	0	402	0	466	0	504	0	0	0	0	0	0	0	258	0	244	0	0	0	0	0	2604	0	0	0	4606	0	0	0	3052	0	0	0	0	0	0	0	0	0	0	0	0	0	0	0	0	0	0	0	0	0	0	0	0	0	0	0	
29884	Heschl_R	0	152	0	0	0	0	0	0	0	0	0	0	0	0	0	0	0	2938	0	0	0	0	0	0	0	0	0	0	0	2752	0	0	0	0	0	0	0	578	0	0	0	0	0	210	0	0	0	162	0	110	0	0	0	356	0	742	0	552	0	0	0	0	0	180	0	0	0	212	0	0	0	0	0	112	0	0	0	0	0	0	0	3878	0	0	0	610	0	0	0	1398	0	0	0	0	0	0	0	0	0	0	0	0	0	0	0	0	0	0	0	0	0	0	0	0	0	0	
227272	Temporal_Sup_L	2286	0	3178	0	158	0	876	0	106	0	4218	0	0	0	118	0	11890	0	3890	0	0	0	102	0	0	0	0	0	12744	0	122	0	0	0	0	0	1712	0	94	0	100	0	0	0	102	0	0	0	0	0	3960	0	784	0	1752	0	1884	0	1420	0	1834	0	6884	0	2726	0	570	0	150	0	130	0	2912	0	0	0	124	0	2604	0	0	0	5172	0	25316	0	308	0	13410	0	0	0	0	0	0	0	0	0	0	0	0	0	0	0	0	0	0	0	0	0	0	0	0	0	0	0	
129068	Temporal_Sup_R	0	218	0	606	0	0	0	634	0	0	0	354	0	0	0	0	0	3656	0	360	0	0	0	0	0	0	0	0	0	6096	0	0	0	106	0	0	0	1420	0	140	0	0	0	634	0	1234	0	258	0	1776	0	326	0	472	0	2860	0	174	0	0	0	264	0	4870	0	4568	0	2380	0	0	0	0	0	1006	0	0	0	0	0	3878	0	0	0	1876	0	15730	0	384	0	8254	0	0	0	0	0	0	0	0	0	0	0	0	0	0	0	0	0	0	0	0	0	0	0	0	0	0	
71700	Temporal_Pole_Sup_L	248	0	1546	0	236	0	170	0	286	0	3742	0	134	0	1996	0	3700	0	1268	0	416	0	0	0	0	0	0	0	5350	0	0	0	0	0	0	0	1148	0	564	0	1106	0	0	0	0	0	0	0	0	0	0	0	0	0	1666	0	0	0	0	0	0	0	0	0	0	0	0	0	0	0	0	0	856	0	0	0	0	0	0	0	5172	0	0	0	2472	0	1710	0	2064	0	0	0	0	0	0	0	0	0	0	0	0	0	0	0	0	0	0	0	0	0	0	0	0	0	0	0	
60756	Temporal_Pole_Sup_R	0	0	0	702	0	0	0	0	0	0	0	780	0	0	0	130	0	1060	0	606	0	134	0	0	0	0	0	0	0	1942	0	0	0	0	0	0	0	2118	0	2274	0	3670	0	0	0	0	0	0	0	0	0	0	0	0	0	4218	0	0	0	0	0	0	0	0	0	0	0	0	0	0	0	0	0	388	0	0	0	0	0	0	0	1876	0	0	0	1374	0	5010	0	4096	0	0	0	0	0	0	0	0	0	0	0	0	0	0	0	0	0	0	0	0	0	0	0	0	0	0	
293020	Temporal_Mid_L	246	0	0	0	0	0	0	0	0	0	0	0	0	0	0	0	2778	0	142	0	0	0	0	0	0	0	0	0	2308	0	0	0	0	0	0	0	1910	0	0	0	514	0	374	0	412	0	194	0	200	0	23464	0	2768	0	2982	0	1360	0	2750	0	9876	0	8318	0	21826	0	892	0	130	0	0	0	410	0	0	0	0	0	4606	0	25316	0	2472	0	0	0	2212	0	28050	0	0	0	0	0	0	0	0	0	0	0	0	0	0	0	0	0	0	0	0	0	0	0	0	0	0	0	
249216	Temporal_Mid_R	0	514	0	0	0	0	0	0	0	0	0	0	0	0	0	0	0	352	0	0	0	0	0	0	0	0	0	0	0	1448	0	0	0	414	0	0	0	1532	0	92	0	0	0	6588	0	7778	0	1200	0	8380	0	17864	0	2240	0	6262	0	792	0	176	0	820	0	3114	0	7754	152	7200	0	0	0	0	0	376	0	0	0	0	0	610	0	15730	0	1374	0	0	0	2122	0	29724	0	0	0	0	0	0	0	0	0	0	0	0	0	0	0	0	0	0	0	0	0	0	0	0	0	0	
16132	Temporal_Pole_Mid_L	0	0	0	0	0	0	0	0	0	0	0	0	0	0	0	0	0	0	0	0	0	0	0	0	0	0	0	0	0	0	0	0	0	0	0	0	246	0	0	0	234	0	0	0	0	0	0	0	0	0	0	0	0	0	1070	0	0	0	0	0	0	0	0	0	0	0	0	0	0	0	0	0	0	0	0	0	0	0	0	0	308	0	1710	0	2212	0	0	0	2286	0	0	0	0	0	0	0	0	0	0	0	0	0	0	0	0	0	0	0	0	0	0	0	0	0	0	0	
43580	Temporal_Pole_Mid_R	0	0	0	0	0	0	0	0	0	0	0	0	0	0	0	0	0	0	0	0	0	0	0	0	0	0	0	0	0	0	0	0	0	0	0	0	0	1886	0	2018	0	2746	0	0	0	0	0	0	0	0	0	0	0	0	0	3638	0	0	0	0	0	0	0	0	0	0	0	0	0	0	0	0	0	206	0	0	0	0	0	0	0	384	0	5010	0	2122	0	0	0	3780	0	0	0	0	0	0	0	0	0	0	0	0	0	0	0	0	0	0	0	0	0	0	0	0	0	0	
232960	Temporal_Inf_L	808	0	442	0	0	0	206	0	0	0	0	0	0	0	0	0	868	0	958	0	0	0	0	0	0	0	0	0	4726	0	0	0	0	0	2016	1884	12512	1440	254	492	736	0	422	0	146	0	338	510	0	0	4410	0	4346	0	13808	0	712	0	334	0	2060	0	966	0	3726	0	664	362	110	0	0	0	3514	0	0	0	1904	0	3052	0	13410	0	2064	0	28050	0	2286	0	0	0	1450	0	0	0	0	0	0	0	494	0	0	0	0	0	0	0	0	0	0	0	0	0	0	0	0	0	
235860	Temporal_Inf_R	0	122	0	264	0	0	0	102	0	0	0	0	0	0	0	0	0	582	0	204	0	0	0	0	0	0	0	0	0	2932	0	0	0	336	0	180	0	10650	0	2958	0	2816	0	3028	0	3182	0	838	0	3836	0	722	0	4532	0	20970	0	196	0	184	0	286	0	1762	0	1130	100	5902	0	0	0	0	0	2352	0	0	0	222	0	1398	0	8254	0	4096	0	29724	0	3780	0	0	0	290	0	0	0	0	0	0	0	0	0	0	0	0	0	0	0	0	0	0	0	0	0	0	0	0	
433884	Cerebelum_Crus1_L	0	0	0	0	0	0	0	0	0	0	0	0	0	0	0	0	0	0	0	0	0	0	0	0	0	0	0	0	0	0	0	0	0	0	0	0	0	0	0	0	0	0	384	0	0	0	5554	1700	0	0	238	0	258	0	16752	780	0	0	0	0	0	0	0	0	0	0	0	0	0	0	0	0	0	0	0	0	0	0	0	0	0	0	0	0	0	0	0	0	1450	0	0	3050	34510	7574	302	418	11996	2224	50152	4704	13686	3484	17032	7214	1204	1170	250	380	248	808	4098	10288	10974	2314	1084	662	
323596	Cerebelum_Crus1_R	0	0	0	0	0	0	0	0	0	0	0	0	0	0	0	0	0	0	0	0	0	0	0	0	0	0	0	0	0	0	0	0	0	0	0	0	0	0	0	0	0	0	940	348	0	0	1908	6684	0	272	0	322	0	728	630	12362	0	0	0	0	0	0	0	0	0	0	0	0	0	0	0	0	0	0	0	0	0	0	0	0	0	0	0	0	0	0	0	0	0	290	3050	0	400	26538	0	1116	2942	11802	4802	44332	356	2752	1070	13194	100	1150	0	198	118	960	7568	7944	5500	804	618	0	
240732	Cerebelum_Crus2_L	0	0	0	0	0	0	0	0	0	0	0	0	0	0	0	0	0	0	0	0	0	0	0	0	0	0	0	0	0	0	0	0	0	0	0	0	0	0	0	0	0	0	0	0	0	0	468	120	0	0	0	0	0	0	1462	0	0	0	0	0	0	0	0	0	0	0	0	0	0	0	0	0	0	0	0	0	0	0	0	0	0	0	0	0	0	0	0	0	0	0	34510	400	0	7274	0	0	1550	128	8482	510	23236	5378	19700	4652	528	358	202	0	0	116	282	1480	6872	2184	332	142	
276416	Cerebelum_Crus2_R	0	0	0	0	0	0	0	0	0	0	0	0	0	0	0	0	0	0	0	0	0	0	0	0	0	0	0	0	0	0	0	0	0	0	0	0	0	0	0	0	0	0	0	0	0	0	266	588	0	0	0	0	0	0	226	1094	0	0	0	0	0	0	0	0	0	0	0	0	0	0	0	0	0	0	0	0	0	0	0	0	0	0	0	0	0	0	0	0	0	0	7574	26538	7274	0	0	382	136	1478	2528	9706	5450	18364	5980	27782	94	840	0	380	0	310	384	4170	12912	3310	442	0	
31508	Cerebelum_3_L	0	0	0	0	0	0	0	0	0	0	0	0	0	0	0	0	0	0	0	0	0	0	0	0	0	0	0	0	0	0	0	0	0	0	0	0	0	0	318	0	0	0	0	0	0	0	704	0	0	0	0	0	0	0	224	0	0	0	0	0	0	0	0	0	0	0	0	0	0	0	0	0	0	0	0	0	0	0	0	0	0	0	0	0	0	0	0	0	0	0	302	0	0	0	0	178	4600	0	1488	126	0	0	148	100	1834	522	0	0	1170	1220	846	814	158	0	558	444	
46832	Cerebelum_3_R	0	0	0	0	0	0	0	0	0	0	0	0	0	0	0	0	0	0	0	0	0	0	0	0	0	0	0	0	0	0	0	0	0	0	0	0	0	0	0	0	0	0	96	0	0	0	136	740	0	0	0	0	0	0	0	138	0	0	0	0	0	0	0	0	0	0	0	0	0	0	0	0	0	0	0	0	0	0	0	0	0	0	0	0	0	0	0	0	0	0	418	1116	0	382	178	0	508	3612	932	2972	0	0	212	646	322	1510	0	140	778	3380	846	1690	522	650	1186	306	
291400	Cerebelum_4_5_L	0	0	0	0	0	0	0	0	0	0	0	0	0	0	0	0	0	0	0	0	0	0	0	0	0	0	0	0	0	0	0	0	0	0	0	0	0	0	638	0	0	0	3116	0	0	0	14302	3060	0	0	0	0	0	0	13348	768	0	0	0	0	0	0	0	0	0	0	0	0	0	0	0	0	0	0	0	0	0	0	0	0	0	0	0	0	0	0	0	0	0	0	11996	2942	1550	136	4600	508	0	8036	31562	6214	1130	0	1938	324	5226	1834	516	0	1106	1974	19126	4298	762	414	1660	2616	
221368	Cerebelum_4_5_R	0	0	0	0	0	0	0	0	0	0	0	0	0	0	0	0	0	0	0	0	0	0	0	0	0	0	0	0	0	0	0	0	0	0	0	0	0	284	0	520	0	0	2032	0	0	0	4536	6422	0	0	0	0	0	0	970	5812	0	0	0	0	0	0	0	0	0	0	0	0	0	0	0	0	0	0	0	0	0	154	0	0	0	0	0	0	0	0	0	0	0	0	2224	11802	128	1478	0	3612	8036	0	5944	24886	260	0	896	2134	322	872	0	370	212	3432	18006	2580	1156	628	538	438	
460584	Cerebelum_6_L	0	0	0	0	0	0	0	0	0	0	0	0	0	0	0	0	0	0	0	0	0	0	0	0	0	0	0	0	0	0	0	0	0	0	0	0	0	0	306	0	0	0	1086	0	0	0	12338	3578	0	0	0	0	0	0	25638	1288	0	0	0	0	0	0	0	0	0	0	0	0	0	0	0	0	0	0	0	0	0	0	0	0	0	0	0	0	0	0	0	0	494	0	50152	4802	8482	2528	1488	932	31562	5944	0	8638	3662	302	7976	3500	4174	2618	742	422	946	2188	14208	15234	8042	2520	2664	1838	
369620	Cerebelum_6_R	0	0	0	0	0	0	0	0	0	0	0	0	0	0	0	0	0	0	0	0	0	0	0	0	0	0	0	0	0	0	0	0	0	0	0	0	0	0	0	0	0	0	1756	212	0	0	3370	8442	0	182	0	210	0	368	906	14832	0	0	0	0	0	0	0	0	0	0	0	0	0	0	0	0	0	0	0	0	0	0	0	0	0	0	0	0	0	0	0	0	0	0	4704	44332	510	9706	126	2972	6214	24886	8638	0	616	0	2198	7804	616	1606	0	798	248	2818	15370	11896	5844	1624	1006	0	
203148	Cerebelum_7b_L	0	0	0	0	0	0	0	0	0	0	0	0	0	0	0	0	0	0	0	0	0	0	0	0	0	0	0	0	0	0	0	0	0	0	0	0	0	0	0	0	0	0	0	0	0	0	432	120	0	0	0	0	0	0	440	0	0	0	0	0	0	0	0	0	0	0	0	0	0	0	0	0	0	0	0	0	0	0	0	0	0	0	0	0	0	0	0	0	0	0	13686	356	23236	5450	0	0	1130	260	3662	616	0	3980	27908	5276	1156	556	438	0	0	108	382	1338	6598	3900	546	0	
131600	Cerebelum_7b_R	0	0	0	0	0	0	0	0	0	0	0	0	0	0	0	0	0	0	0	0	0	0	0	0	0	0	0	0	0	0	0	0	0	0	0	0	0	0	0	0	0	0	0	0	0	0	0	0	0	0	0	0	0	0	0	0	0	0	0	0	0	0	0	0	0	0	0	0	0	0	0	0	0	0	0	0	0	0	0	0	0	0	0	0	0	0	0	0	0	0	3484	2752	5378	18364	0	0	0	0	302	0	3980	0	2820	20456	0	722	0	0	0	0	0	124	5524	1894	0	0	
298968	Cerebelum_8_L	0	0	0	0	0	0	0	0	0	0	0	0	0	0	0	0	0	0	0	0	0	0	0	0	0	0	0	0	0	0	0	0	0	0	0	0	0	0	0	0	0	0	0	0	0	0	686	216	0	0	0	0	0	0	464	0	0	0	0	0	0	0	0	0	0	0	0	0	0	0	0	0	0	0	0	0	0	0	0	0	0	0	0	0	0	0	0	0	0	0	17032	1070	19700	5980	148	212	1938	896	7976	2198	27908	2820	0	9882	14930	2774	2500	410	110	422	1020	4822	11418	9496	2338	118	
296464	Cerebelum_8_R	0	0	0	0	0	0	0	0	0	0	0	0	0	0	0	0	0	0	0	0	0	0	0	0	0	0	0	0	0	0	0	0	0	0	0	0	0	0	0	0	0	0	0	0	0	0	0	0	0	0	0	0	0	0	0	112	0	0	0	0	0	0	0	0	0	0	0	0	0	0	0	0	0	0	0	0	0	0	0	0	0	0	0	0	0	0	0	0	0	0	7214	13194	4652	27782	100	646	324	2134	3500	7804	5276	20456	9882	0	1592	14822	0	896	176	852	654	4894	12744	7018	1344	164	
111728	Cerebelum_9_L	0	0	0	0	0	0	0	0	0	0	0	0	0	0	0	0	0	0	0	0	0	0	0	0	0	0	0	0	0	0	0	0	0	0	0	0	0	0	0	0	0	0	178	0	0	0	262	114	0	0	0	0	0	0	336	0	0	0	0	0	0	0	0	0	0	0	0	0	0	0	0	0	0	0	0	0	0	0	0	0	0	0	0	0	0	0	0	0	0	0	1204	100	528	94	1834	322	5226	322	4174	616	1156	0	14930	1592	0	2752	3672	184	412	836	1930	2970	2808	3070	2882	1360	
129160	Cerebelum_9_R	0	0	0	0	0	0	0	0	0	0	0	0	0	0	0	0	0	0	0	0	0	0	0	0	0	0	0	0	0	0	0	0	0	0	0	0	0	0	0	0	0	0	0	0	0	0	238	196	0	0	0	0	0	0	122	0	0	0	0	0	0	0	0	0	0	0	0	0	0	0	0	0	0	0	0	0	0	0	0	0	0	0	0	0	0	0	0	0	0	0	1170	1150	358	840	522	1510	1834	872	2618	1606	556	722	2774	14822	2752	0	0	1548	1788	2918	1960	4966	2694	4380	6700	2964	
17808	Cerebelum_10_L	0	0	0	0	0	0	0	0	0	0	0	0	0	0	0	0	0	0	0	0	0	0	0	0	0	0	0	0	0	0	0	0	0	0	0	0	0	0	0	0	0	0	0	0	0	0	0	0	0	0	0	0	0	0	162	0	0	0	0	0	0	0	0	0	0	0	0	0	0	0	0	0	0	0	0	0	0	0	0	0	0	0	0	0	0	0	0	0	0	0	250	0	202	0	0	0	516	0	742	0	438	0	2500	0	3672	0	0	0	0	0	96	166	160	0	0	0	
18412	Cerebelum_10_R	0	0	0	0	0	0	0	0	0	0	0	0	0	0	0	0	0	0	0	0	0	0	0	0	0	0	0	0	0	0	0	0	0	0	0	0	0	0	0	0	0	0	0	0	0	0	0	0	0	0	0	0	0	0	0	0	0	0	0	0	0	0	0	0	0	0	0	0	0	0	0	0	0	0	0	0	0	0	0	0	0	0	0	0	0	0	0	0	0	0	380	198	0	380	0	140	0	370	422	798	0	0	410	896	184	1548	0	0	94	164	122	716	706	882	796	0	
36048	Vermis_1_2	0	0	0	0	0	0	0	0	0	0	0	0	0	0	0	0	0	0	0	0	0	0	0	0	0	0	0	0	0	0	0	0	0	0	0	0	0	0	0	0	0	0	108	0	0	0	160	0	0	0	0	0	0	0	0	0	0	0	0	0	0	0	0	0	0	0	0	0	0	0	0	0	0	0	0	0	0	0	0	0	0	0	0	0	0	0	0	0	0	0	248	118	0	0	1170	778	1106	212	946	248	0	0	110	176	412	1788	0	94	0	5276	1340	1190	224	360	1088	872	
80880	Vermis_3	0	0	0	0	0	0	0	0	0	0	0	0	0	0	0	0	0	0	0	0	0	0	0	0	0	0	0	0	0	0	0	0	0	0	0	0	0	0	158	0	0	0	270	0	0	0	510	120	0	0	0	0	0	0	114	0	0	0	0	0	0	0	0	0	0	0	0	0	0	0	0	0	0	0	0	0	0	0	0	0	0	0	0	0	0	0	0	0	0	0	808	960	116	310	1220	3380	1974	3432	2188	2818	108	0	422	852	836	2918	0	164	5276	0	3212	3134	836	838	2196	1270	
268680	Vermis_4_5	0	138	0	0	0	0	0	0	0	0	0	0	0	0	0	0	0	0	0	0	0	0	0	0	0	0	0	0	0	0	0	0	0	216	0	1002	0	288	0	140	0	0	3084	574	0	0	8536	6292	0	0	0	0	0	548	2856	3482	0	144	0	0	0	0	0	0	0	0	96	3146	0	0	0	0	0	0	0	0	0	0	0	0	0	0	0	0	0	0	0	0	0	0	4098	7568	282	384	846	846	19126	18006	14208	15370	382	0	1020	654	1930	1960	96	122	1340	3212	0	6278	674	478	1772	3146	
250700	Vermis_6	0	0	0	0	0	0	0	0	0	0	0	0	0	0	0	0	0	0	0	0	0	0	0	0	0	0	0	0	0	0	0	0	0	0	0	0	0	0	0	0	0	0	510	0	0	0	2022	4058	0	0	0	0	0	0	1722	3016	0	0	0	0	0	0	0	0	0	0	0	0	0	0	0	0	0	0	0	0	0	0	0	0	0	0	0	0	0	0	0	0	0	0	10288	7944	1480	4170	814	1690	4298	2580	15234	11896	1338	124	4822	4894	2970	4966	166	716	1190	3134	6278	0	10468	3380	5068	4114	
239676	Vermis_7	0	0	0	0	0	0	0	0	0	0	0	0	0	0	0	0	0	0	0	0	0	0	0	0	0	0	0	0	0	0	0	0	0	0	0	0	0	0	0	0	0	0	0	0	0	0	656	558	0	0	0	0	0	0	666	388	0	0	0	0	0	0	0	0	0	0	0	0	0	0	0	0	0	0	0	0	0	0	0	0	0	0	0	0	0	0	0	0	0	0	10974	5500	6872	12912	158	522	762	1156	8042	5844	6598	5524	11418	12744	2808	2694	160	706	224	836	674	10468	0	7630	2158	186	
