data	data	390084	240924	1.1181e+06	998152	150440	126520	566008	372336	118200	43352	263860	162188	336420	100760	262356	133324	287836	163164	895152	837140	119000	113252	525304	516672	50172	164944	92848	90172	713352	369216	450308	560304	216620	676592	126800	92400	288672	312160	143444	184060	57592	67308	191884	281136	159036	221488	225232	275372	144680	302504	443044	309868	159048	127928	371384	359996	229752	171732	120944	95460	162428	110620	104052	103144	154292	156968	243908	370556	137844	106560	259516	488856	462092	339132	46548	36664	177468	182772	112472	29016	277160	163804	152656	68756	260928	250236	35516	28696	260308	230772	492428	398108	344388	347112	33840	66424	286984	273660	411248	402280	255704	163388	281656	257084	140608	101000	27660	6796	18564	108556	226824	179316	252104	101484	60132	33136	
data	data	Precentral_L	Precentral_R	Frontal_Sup_L	Frontal_Sup_R	Frontal_Sup_Orb_L	Frontal_Sup_Orb_R	Frontal_Mid_L	Frontal_Mid_R	Frontal_Mid_Orb_L	Frontal_Mid_Orb_R	Frontal_Inf_Oper_L	Frontal_Inf_Oper_R	Frontal_Inf_Tri_L	Frontal_Inf_Tri_R	Frontal_Inf_Orb_L	Frontal_Inf_Orb_R	Rolandic_Oper_L	Rolandic_Oper_R	Supp_Motor_Area_L	Supp_Motor_Area_R	Olfactory_L	Olfactory_R	Frontal_Sup_Medial_L	Frontal_Sup_Medial_R	Frontal_Med_Orb_L	Frontal_Med_Orb_R	Rectus_L	Rectus_R	Insula_L	Insula_R	Cingulum_Ant_L	Cingulum_Ant_R	Cingulum_Mid_L	Cingulum_Mid_R	Cingulum_Post_L	Cingulum_Post_R	Hippocampus_L	Hippocampus_R	ParaHippocampal_L	ParaHippocampal_R	Amygdala_L	Amygdala_R	Calcarine_L	Calcarine_R	Cuneus_L	Cuneus_R	Lingual_L	Lingual_R	Occipital_Sup_L	Occipital_Sup_R	Occipital_Mid_L	Occipital_Mid_R	Occipital_Inf_L	Occipital_Inf_R	Fusiform_L	Fusiform_R	Postcentral_L	Postcentral_R	Parietal_Sup_L	Parietal_Sup_R	Parietal_Inf_L	Parietal_Inf_R	SupraMarginal_L	SupraMarginal_R	Angular_L	Angular_R	Precuneus_L	Precuneus_R	Paracentral_Lobule_L	Paracentral_Lobule_R	Caudate_L	Caudate_R	Putamen_L	Putamen_R	Pallidum_L	Pallidum_R	Thalamus_L	Thalamus_R	Heschl_L	Heschl_R	Temporal_Sup_L	Temporal_Sup_R	Temporal_Pole_Sup_L	Temporal_Pole_Sup_R	Temporal_Mid_L	Temporal_Mid_R	Temporal_Pole_Mid_L	Temporal_Pole_Mid_R	Temporal_Inf_L	Temporal_Inf_R	Cerebelum_Crus1_L	Cerebelum_Crus1_R	Cerebelum_Crus2_L	Cerebelum_Crus2_R	Cerebelum_3_L	Cerebelum_3_R	Cerebelum_4_5_L	Cerebelum_4_5_R	Cerebelum_6_L	Cerebelum_6_R	Cerebelum_7b_L	Cerebelum_7b_R	Cerebelum_8_L	Cerebelum_8_R	Cerebelum_9_L	Cerebelum_9_R	Cerebelum_10_L	Cerebelum_10_R	Vermis_1_2	Vermis_3	Vermis_4_5	Vermis_6	Vermis_7	Vermis_8	Vermis_9	Vermis_10	
390084	Precentral_L	0	560	12076	228	0	0	19792	132	0	0	12254	0	3450	0	522	0	12126	0	10922	1672	0	0	268	0	0	0	0	0	9968	0	348	0	2428	568	3106	170	11344	130	1818	0	0	0	238	0	0	0	162	0	0	0	4912	0	578	0	1232	0	29156	0	4986	0	6412	0	1414	0	2786	0	1948	0	14274	206	236	362	7006	0	2166	0	2080	360	3900	0	3168	0	944	0	1184	0	0	0	1450	0	0	0	0	0	0	0	0	0	0	0	0	0	0	0	0	0	0	0	0	0	0	0	0	0	0	0	
240924	Precentral_R	560	0	1934	10766	0	0	438	6730	0	0	0	4996	0	104	0	0	96	2334	6358	8768	0	0	0	0	0	0	0	0	170	3124	0	0	328	2004	420	428	694	7786	132	1020	0	0	0	0	0	0	0	108	0	88	0	140	0	712	0	946	0	14160	0	238	0	1298	0	2388	0	338	0	472	340	2766	2172	4130	1572	2570	496	248	6384	17350	0	236	0	804	0	0	0	506	0	0	0	810	0	0	0	0	0	0	0	0	0	0	0	0	0	0	0	0	0	0	0	0	0	0	0	0	0	0	
1.1181e+06	Frontal_Sup_L	12076	1934	0	15420	5036	244	75596	3470	2948	0	16102	488	24566	218	10276	1104	9196	84	82752	13942	304	0	59600	20276	726	832	1170	0	47186	1790	32418	14782	7586	11402	1048	306	7886	790	2674	184	316	0	0	0	0	0	118	0	0	0	0	0	0	0	882	0	1844	1158	0	0	224	86	0	292	0	0	0	0	1590	374	6148	6336	32082	2000	2186	220	4340	1396	930	0	5798	0	3750	0	170	0	0	0	396	0	0	0	0	0	0	0	0	0	0	0	0	0	0	0	0	0	0	0	0	0	0	0	0	0	0	0	
998152	Frontal_Sup_R	228	10766	15420	0	188	6708	2818	49110	0	524	558	11968	1690	5118	430	5760	0	7174	21740	79064	106	354	13408	44952	166	8744	0	644	2350	19990	8824	38014	2514	42130	242	92	226	1140	0	474	0	0	0	0	0	0	0	0	0	0	0	0	0	0	0	202	140	618	0	0	0	0	0	98	0	0	0	0	0	106	5544	38488	1608	24750	542	3982	3610	12712	0	0	100	822	0	1904	0	88	0	0	0	0	0	0	0	0	0	0	0	128	0	0	0	0	0	0	0	0	0	0	0	0	0	0	0	0	0	0	
150440	Frontal_Sup_Orb_L	0	0	5036	188	0	138	612	0	13724	0	0	0	306	0	9806	0	0	0	0	0	4856	166	3160	308	3608	932	10940	150	6160	0	4848	532	0	0	0	0	0	0	242	0	1342	0	0	0	0	0	0	0	0	0	0	0	0	0	0	0	0	0	0	0	0	0	0	0	0	0	0	0	0	0	2612	0	4350	0	0	0	0	0	0	0	0	0	1204	0	0	0	0	0	0	0	0	0	0	0	0	0	0	0	0	0	0	0	0	0	0	0	0	0	0	0	0	0	0	0	0	0	
126520	Frontal_Sup_Orb_R	0	0	244	6708	138	0	0	1022	0	3506	0	0	0	0	0	3272	0	0	0	120	630	3860	630	4564	398	10280	182	9602	0	1748	1728	4540	0	0	0	0	0	0	0	84	0	184	0	0	0	0	0	0	0	0	0	0	0	0	0	0	0	0	0	0	0	0	0	0	0	0	0	0	0	0	664	5292	618	3246	0	0	0	0	0	0	0	0	0	0	0	0	0	0	0	0	0	0	0	0	0	0	0	0	0	0	0	0	0	0	0	0	0	0	0	0	0	0	0	0	0	0	
566008	Frontal_Mid_L	19792	438	75596	2818	612	0	0	244	3558	0	10826	0	38822	0	14072	254	3062	0	13998	2250	0	0	19736	5224	0	0	0	0	25430	402	9818	3178	3404	3736	776	512	3996	356	880	0	92	0	0	0	0	0	120	0	0	0	0	0	0	0	384	0	1918	0	0	0	736	0	0	0	0	0	0	0	92	120	304	116	7782	0	0	0	3074	520	870	0	964	0	1874	0	136	0	0	0	112	0	0	0	0	0	0	0	0	0	0	0	0	0	0	0	0	0	0	0	0	0	0	0	0	0	0	0	
372336	Frontal_Mid_R	132	6730	3470	49110	0	1022	244	0	0	1936	106	6786	374	13168	198	5268	0	1024	5024	14292	0	0	1066	9066	0	768	0	92	482	7024	588	7668	314	7088	0	0	90	834	0	194	0	0	0	0	0	0	0	0	0	0	0	0	0	0	0	0	104	938	0	0	0	88	0	252	0	0	0	0	0	0	3406	19918	906	12426	0	218	1234	2324	0	0	0	0	0	196	0	0	0	0	0	0	0	0	0	0	0	0	0	0	0	0	0	0	0	0	0	0	0	0	0	0	0	0	0	0	0	0	
118200	Frontal_Mid_Orb_L	0	0	2948	0	13724	0	3558	0	0	0	198	0	2856	0	16900	0	0	0	416	0	872	0	600	0	990	108	4480	0	6566	0	1112	0	0	0	0	0	0	0	0	0	430	0	0	0	0	0	0	0	0	0	0	0	0	0	0	0	0	0	0	0	0	0	0	0	0	0	0	0	0	0	582	0	2446	0	0	0	0	0	0	0	0	0	314	0	0	0	0	0	0	0	0	0	0	0	0	0	0	0	0	0	0	0	0	0	0	0	0	0	0	0	0	0	0	0	0	0	
43352	Frontal_Mid_Orb_R	0	0	0	524	0	3506	0	1936	0	0	0	0	0	1048	0	7460	0	0	0	202	0	412	0	0	0	644	0	1714	0	872	0	92	0	106	0	0	0	0	0	0	0	0	0	0	0	0	0	0	0	0	0	0	0	0	0	0	0	0	0	0	0	0	0	0	0	0	0	0	0	0	92	890	100	2078	0	0	0	0	0	0	0	0	0	0	0	0	0	0	0	0	0	0	0	0	0	0	0	0	0	0	0	0	0	0	0	0	0	0	0	0	0	0	0	0	0	0	
263860	Frontal_Inf_Oper_L	12254	0	16102	558	0	0	10826	106	198	0	0	0	16610	0	940	0	15388	0	11650	548	0	0	854	88	0	0	0	0	21870	0	868	258	0	208	0	0	994	0	118	0	0	0	0	0	0	0	0	0	0	0	0	0	0	0	0	0	6166	0	0	0	1468	0	298	0	110	0	0	0	0	0	0	216	2360	0	0	0	96	0	1044	0	2968	0	6766	0	0	0	0	0	0	0	0	0	0	0	0	0	0	0	0	0	0	0	0	0	0	0	0	0	0	0	0	0	0	0	0	0	
162188	Frontal_Inf_Oper_R	0	4996	488	11968	0	0	0	6786	0	0	0	0	0	4036	0	206	0	10896	722	8564	0	0	0	122	0	0	0	0	0	18388	0	130	0	574	0	0	0	1418	0	274	0	0	0	0	0	0	0	0	0	0	0	0	0	0	0	0	0	1006	0	0	0	0	0	0	0	0	0	0	0	0	0	2480	0	3386	0	346	0	640	0	0	0	1160	0	2508	0	0	0	0	0	0	0	0	0	0	0	0	0	0	0	0	0	0	0	0	0	0	0	0	0	0	0	0	0	0	0	0	
336420	Frontal_Inf_Tri_L	3450	0	24566	1690	306	0	38822	374	2856	0	16610	0	0	0	18878	110	1890	0	10786	1494	0	0	2714	514	0	0	0	0	32568	130	1066	476	350	526	0	0	100	0	0	0	0	0	0	0	0	0	0	0	0	0	0	0	0	0	0	0	1004	0	0	0	398	0	0	0	0	0	0	0	0	0	1004	748	1748	90	0	0	104	0	0	0	444	0	2394	0	0	0	0	0	0	0	0	0	0	0	0	0	0	0	0	0	0	0	0	0	0	0	0	0	0	0	0	0	0	0	0	0	
100760	Frontal_Inf_Tri_R	0	104	218	5118	0	0	0	13168	0	1048	0	4036	0	0	0	4422	0	420	522	4398	0	0	0	650	0	0	0	0	0	8888	0	202	0	1724	0	0	0	0	0	0	0	0	0	0	0	0	0	0	0	0	0	0	0	0	0	0	0	0	0	0	0	0	0	0	0	0	0	0	0	0	0	2294	0	2806	0	0	0	0	0	0	0	118	0	244	0	0	0	0	0	0	0	0	0	0	0	0	0	0	0	0	0	0	0	0	0	0	0	0	0	0	0	0	0	0	0	0	
262356	Frontal_Inf_Orb_L	522	0	10276	430	9806	0	14072	198	16900	0	940	0	18878	0	0	0	0	0	3760	370	5200	206	380	188	414	160	3332	0	27020	0	704	330	176	170	0	0	398	0	380	0	1824	0	0	0	0	0	0	0	0	0	0	0	0	0	0	0	0	0	0	0	0	0	0	0	0	0	0	0	0	0	2650	398	6966	0	0	0	94	0	0	0	346	0	3690	0	0	0	0	0	0	0	0	0	0	0	0	0	0	0	0	0	0	0	0	0	0	0	0	0	0	0	0	0	0	0	0	0	
133324	Frontal_Inf_Orb_R	0	0	1104	5760	0	3272	254	5268	0	7460	0	206	110	4422	0	0	0	0	1366	3834	142	2518	476	1708	0	0	0	2160	122	11552	126	462	0	3356	0	0	0	108	0	214	0	404	0	0	0	0	0	0	0	0	0	0	0	0	0	0	0	0	0	0	0	0	0	0	0	0	0	0	0	0	450	4460	326	4000	0	0	0	576	0	0	0	102	0	344	0	0	0	0	0	0	0	0	0	0	0	0	0	0	0	0	0	0	0	0	0	0	0	0	0	0	0	0	0	0	0	0	
287836	Rolandic_Oper_L	12126	96	9196	0	0	0	3062	0	0	0	15388	0	1890	0	0	0	0	0	8490	164	0	0	0	0	0	0	0	0	21336	0	0	0	0	0	0	0	3310	0	512	0	0	0	186	0	0	0	0	0	0	0	2158	0	954	0	1580	0	13012	0	526	0	2648	0	3254	0	2994	0	330	0	0	0	0	0	3268	0	0	0	204	0	8562	0	15700	0	5524	0	3224	0	0	0	4224	0	0	0	0	0	0	0	0	0	0	0	0	0	0	0	0	0	0	0	0	0	0	0	0	0	0	0	
163164	Rolandic_Oper_R	0	2334	84	7174	0	0	0	1024	0	0	0	10896	0	420	0	0	0	0	134	4274	0	0	0	0	0	0	0	0	0	17334	0	0	0	206	0	0	0	3294	0	192	0	0	0	0	0	0	0	0	0	84	0	274	0	124	0	308	0	3928	0	210	0	352	0	4078	0	626	0	188	0	166	134	308	0	4848	0	500	0	1942	0	3220	0	9198	0	2480	0	892	0	0	0	356	0	0	0	0	0	0	0	0	0	0	0	0	0	0	0	0	0	0	0	0	0	0	0	0	0	0	
895152	Supp_Motor_Area_L	10922	6358	82752	21740	0	0	13998	5024	416	0	11650	722	10786	522	3760	1366	8490	134	0	44066	0	0	13468	9546	94	0	0	0	33346	2004	7798	8812	15862	22666	3870	114	5162	768	1434	192	130	0	0	0	0	0	0	0	0	0	0	0	0	0	624	0	1562	1210	0	0	0	88	0	300	0	0	0	122	7326	1208	11150	9842	33096	2884	6696	480	11212	1774	752	0	5862	0	2918	0	168	0	0	0	330	0	0	0	0	0	0	0	0	0	0	0	0	0	0	0	0	0	0	0	0	0	0	0	0	0	0	0	
837140	Supp_Motor_Area_R	1672	8768	13942	79064	0	120	2250	14292	0	202	548	8564	1494	4398	370	3834	164	4274	44066	0	0	94	5714	15878	0	156	0	0	2514	13576	5002	18724	8704	61148	1300	1352	848	1006	278	290	0	84	0	250	0	200	0	0	0	832	0	974	0	468	0	586	0	982	0	318	0	258	0	394	0	270	90	1994	3252	14530	3808	24620	4164	14304	616	3220	8884	4708	0	116	108	1104	0	1360	0	756	0	0	0	604	0	0	0	0	0	0	0	110	0	0	0	0	0	0	0	0	0	0	0	0	0	0	0	0	0	0	
119000	Olfactory_L	0	0	304	106	4856	630	0	0	872	0	0	0	0	0	5200	142	0	0	0	0	0	5688	112	0	970	1058	4314	2226	4550	100	3026	1516	0	0	0	0	594	0	930	0	2516	0	0	0	0	0	0	0	0	0	0	0	0	0	248	0	0	0	0	0	0	0	0	0	0	0	0	0	0	0	8670	3094	6310	0	0	0	0	124	0	0	0	0	1344	0	0	0	0	0	0	0	0	0	0	0	0	0	0	0	0	0	0	0	0	0	0	0	0	0	0	0	0	0	0	0	0	0	
113252	Olfactory_R	0	0	0	354	166	3860	0	0	0	412	0	0	0	0	206	2518	0	0	0	94	5688	0	0	144	382	2196	684	6522	154	3180	2624	3668	0	0	0	0	0	196	0	360	186	734	0	0	0	0	0	0	0	0	0	0	0	0	0	0	0	0	0	0	0	0	0	0	0	0	0	0	0	0	8346	7696	5172	388	168	0	0	228	0	0	0	0	0	300	0	0	0	0	0	0	0	0	0	0	0	0	0	0	0	0	0	0	0	0	0	0	0	0	0	0	0	0	0	0	0	0	
525304	Frontal_Sup_Medial_L	268	0	59600	13408	3160	630	19736	1066	600	0	854	0	2714	0	380	476	0	0	13468	5714	112	0	0	35492	2218	2584	1678	0	4200	634	38826	25782	5526	17000	0	0	0	0	0	0	0	0	0	0	0	0	0	0	0	0	0	0	0	0	0	0	0	0	0	0	0	0	0	0	0	0	0	0	0	0	1842	552	3686	446	0	0	0	0	0	0	0	0	0	0	0	0	0	0	0	0	0	0	0	0	0	0	0	0	0	0	0	0	0	0	0	0	0	0	0	0	0	0	0	0	0	0	
516672	Frontal_Sup_Medial_R	0	0	20276	44952	308	4564	5224	9066	0	0	88	122	514	650	188	1708	0	0	9546	15878	0	144	35492	0	454	10554	118	330	1010	2556	17964	34176	1860	28794	0	0	0	0	0	0	0	0	0	0	0	0	0	0	0	0	0	0	0	0	0	0	0	0	0	0	0	0	0	0	0	0	0	0	0	0	532	6356	708	4204	0	0	0	0	0	0	0	0	0	0	0	0	0	0	0	0	0	0	0	0	0	0	0	0	0	0	0	0	0	0	0	0	0	0	0	0	0	0	0	0	0	0	
50172	Frontal_Med_Orb_L	0	0	726	166	3608	398	0	0	990	0	0	0	0	0	414	0	0	0	94	0	970	382	2218	454	0	3512	3430	454	0	0	5000	1468	0	0	0	0	0	0	0	0	0	0	0	0	0	0	0	0	0	0	0	0	0	0	0	0	0	0	0	0	0	0	0	0	0	0	0	0	0	0	490	0	312	0	0	0	0	0	0	0	0	0	0	0	0	0	0	0	0	0	0	0	0	0	0	0	0	0	0	0	0	0	0	0	0	0	0	0	0	0	0	0	0	0	0	0	
164944	Frontal_Med_Orb_R	0	0	832	8744	932	10280	0	768	108	644	0	0	0	0	160	0	0	0	0	156	1058	2196	2584	10554	3512	0	1528	6172	0	0	7186	14102	0	106	0	0	0	0	0	0	0	0	0	0	0	0	0	0	0	0	0	0	0	0	0	0	0	0	0	0	0	0	0	0	0	0	0	0	0	0	656	6072	412	3710	0	0	0	0	0	0	0	0	0	0	0	0	0	0	0	0	0	0	0	0	0	0	0	0	0	0	0	0	0	0	0	0	0	0	0	0	0	0	0	0	0	0	
92848	Rectus_L	0	0	1170	0	10940	182	0	0	4480	0	0	0	0	0	3332	0	0	0	0	0	4314	684	1678	118	3430	1528	0	896	1448	0	5450	596	0	0	0	0	0	0	0	0	588	0	0	0	0	0	0	0	0	0	0	0	0	0	0	0	0	0	0	0	0	0	0	0	0	0	0	0	0	0	2872	0	2504	0	0	0	0	0	0	0	0	0	214	0	0	0	0	0	0	0	0	0	0	0	0	0	0	0	0	0	0	0	0	0	0	0	0	0	0	0	0	0	0	0	0	0	
90172	Rectus_R	0	0	0	644	150	9602	0	92	0	1714	0	0	0	0	0	2160	0	0	0	0	2226	6522	0	330	454	6172	896	0	0	1646	1194	3502	0	0	0	0	0	0	0	0	96	0	0	0	0	0	0	0	0	0	0	0	0	0	0	0	0	0	0	0	0	0	0	0	0	0	0	0	0	0	2136	2882	1744	924	0	0	0	0	0	0	0	0	0	0	0	0	0	0	0	0	0	0	0	0	0	0	0	0	0	0	0	0	0	0	0	0	0	0	0	0	0	0	0	0	0	0	
713352	Insula_L	9968	170	47186	2350	6160	0	25430	482	6566	0	21870	0	32568	0	27020	122	21336	0	33346	2514	4550	154	4200	1010	0	0	1448	0	0	178	3200	1026	918	1128	0	0	17372	0	2962	0	4416	0	0	0	0	0	0	0	0	0	816	0	528	0	3744	0	5420	0	0	0	1090	0	436	0	304	0	0	0	0	0	1894	1026	24480	172	0	0	396	84	10288	0	12530	0	10302	0	1550	0	0	0	1966	0	0	0	0	0	0	0	0	0	0	0	0	0	0	0	0	0	0	0	0	0	0	0	0	0	0	0	
369216	Insula_R	0	3124	1790	19990	0	1748	402	7024	0	872	0	18388	130	8888	0	11552	0	17334	2004	13576	100	3180	634	2556	0	0	0	1646	178	0	298	348	86	3300	0	0	0	11398	0	2912	0	1672	0	0	0	0	0	106	0	0	0	0	0	1058	0	5284	0	3106	0	98	0	118	0	216	0	84	0	84	0	176	290	3956	232	14802	0	502	0	2272	0	1486	0	5782	0	3256	0	1688	0	156	0	3490	0	132	0	92	0	0	0	552	0	460	0	0	0	0	0	0	0	0	0	0	0	0	0	0	0	0	
450308	Cingulum_Ant_L	348	0	32418	8824	4848	1728	9818	588	1112	0	868	0	1066	0	704	126	0	0	7798	5002	3026	2624	38826	17964	5000	7186	5450	1194	3200	298	0	29194	5576	9220	0	0	0	0	0	0	146	0	0	0	0	0	0	0	0	0	0	0	0	0	0	0	0	0	0	0	86	0	0	0	0	0	0	0	0	0	9664	2674	7828	662	0	0	0	0	0	0	88	0	0	0	0	0	0	0	0	0	0	0	0	0	0	0	0	0	0	0	0	0	0	0	0	0	0	0	0	0	0	0	0	0	0	0	
560304	Cingulum_Ant_R	0	0	14782	38014	532	4540	3178	7668	0	92	258	130	476	202	330	462	0	0	8812	18724	1516	3668	25782	34176	1468	14102	596	3502	1026	348	29194	0	2378	30110	0	0	0	0	0	0	0	0	0	0	0	0	0	0	0	0	0	0	0	0	0	0	0	0	0	0	0	0	0	0	0	0	0	0	0	96	4836	16912	2604	9202	0	210	226	0	0	0	0	0	0	0	0	0	0	0	0	0	0	0	0	0	0	0	0	0	0	0	0	0	0	0	0	0	0	0	0	0	0	0	0	0	0	0	
216620	Cingulum_Mid_L	2428	328	7586	2514	0	0	3404	314	0	0	0	0	350	0	176	0	0	0	15862	8704	0	0	5526	1860	0	0	0	0	918	86	5576	2378	0	14032	9350	256	254	0	90	0	0	0	174	0	94	116	0	0	334	168	1966	142	226	0	176	0	154	0	200	0	0	0	0	0	180	0	5046	1872	8260	672	880	576	1236	270	0	110	2714	140	0	0	0	0	0	0	358	88	0	0	166	0	0	0	0	0	0	0	0	0	0	0	0	0	0	0	0	0	0	0	0	0	0	0	0	0	0	0	
676592	Cingulum_Mid_R	568	2004	11402	42130	0	0	3736	7088	0	106	208	574	526	1724	170	3356	0	206	22666	61148	0	0	17000	28794	0	106	0	0	1128	3300	9220	30110	14032	0	1832	3930	230	244	90	0	0	0	0	2900	0	2516	0	264	182	6492	126	4896	0	840	0	318	0	3354	0	1158	0	236	0	406	0	292	2538	19434	2038	9696	960	3234	1312	1398	0	0	1682	0	0	0	0	442	0	0	0	2770	0	0	0	1184	0	0	0	0	0	0	0	0	0	0	0	0	0	0	0	0	0	0	0	0	0	0	0	0	0	0	
126800	Cingulum_Post_L	3106	420	1048	242	0	0	776	0	0	0	0	0	0	0	0	0	0	0	3870	1300	0	0	0	0	0	0	0	0	0	0	0	0	9350	1832	0	4118	3344	1060	1736	0	0	0	2730	0	848	0	1430	0	864	0	2772	0	642	0	718	0	0	0	202	0	0	0	0	0	272	0	7002	704	4620	202	362	152	738	0	0	0	4390	1166	0	0	0	0	0	0	916	0	0	0	468	0	0	0	0	0	0	0	0	0	0	0	0	0	0	0	0	0	0	0	0	0	0	0	0	0	0	0	
92400	Cingulum_Post_R	170	428	306	92	0	0	512	0	0	0	0	0	0	0	0	0	0	0	114	1352	0	0	0	0	0	0	0	0	0	0	0	0	256	3930	4118	0	890	4138	156	1080	0	0	0	1884	0	666	0	3466	184	898	130	420	0	252	84	0	0	360	0	204	0	0	0	0	0	0	1050	9576	246	1258	0	0	0	0	0	0	3514	3788	0	0	0	0	0	0	0	162	0	0	0	222	0	0	0	0	0	0	0	104	0	0	0	0	0	0	0	0	0	0	0	0	190	0	0	0	0	0	
288672	Hippocampus_L	11344	694	7886	226	0	0	3996	90	0	0	994	0	100	0	398	0	3310	0	5162	848	594	0	0	0	0	0	0	0	17372	0	0	0	254	230	3344	890	0	728	17858	0	6530	0	920	0	0	0	3970	0	0	0	332	0	888	0	12976	0	1748	0	0	0	202	0	154	0	0	0	2318	0	416	156	124	286	12490	0	172	0	4446	884	9358	0	3014	0	1472	0	164	0	0	0	4496	0	96	0	0	0	0	0	184	0	132	0	0	0	0	0	0	0	0	0	0	90	0	0	0	0	0	0	
312160	Hippocampus_R	130	7786	790	1140	0	0	356	834	0	0	0	1418	0	0	0	108	0	3294	768	1006	0	196	0	0	0	0	0	0	0	11398	0	0	0	244	1060	4138	728	0	86	27010	0	11430	0	144	0	0	0	2506	0	0	0	0	0	746	0	25764	0	1812	0	120	0	120	0	158	0	110	0	2588	0	444	0	0	0	10880	0	810	1148	6114	0	968	0	2830	0	1810	0	2478	0	414	0	10126	0	1208	0	472	0	0	0	5372	0	2686	0	114	0	0	0	0	0	0	0	0	218	0	0	0	0	0	
143444	ParaHippocampal_L	1818	132	2674	0	242	0	880	0	0	0	118	0	0	0	380	0	512	0	1434	278	930	0	0	0	0	0	0	0	2962	0	0	0	90	90	1736	156	17858	86	0	0	3140	0	778	0	0	0	5738	412	0	0	842	0	1600	0	11644	0	0	0	0	0	0	0	0	0	0	0	1510	0	220	0	110	0	4734	0	0	0	1830	170	450	0	534	0	2066	0	0	0	908	0	1728	0	0	0	0	0	268	124	92	0	0	0	0	0	0	0	0	0	0	0	104	344	0	0	0	0	0	0	
184060	ParaHippocampal_R	0	1020	184	474	0	84	0	194	0	0	0	274	0	0	0	214	0	192	192	290	0	360	0	0	0	0	0	0	0	2912	0	0	0	0	0	1080	0	27010	0	0	0	8364	0	296	0	0	0	4004	0	150	0	0	0	522	0	19608	0	110	0	0	0	0	0	0	0	0	0	1980	0	0	0	0	0	3646	0	416	0	1440	0	202	0	558	0	3804	0	334	0	1314	0	3638	0	538	0	174	0	0	0	5306	0	1146	0	0	0	0	0	0	0	0	0	0	0	0	0	0	0	0	
57592	Amygdala_L	0	0	316	0	1342	0	92	0	430	0	0	0	0	0	1824	0	0	0	130	0	2516	186	0	0	0	0	588	96	4416	0	146	0	0	0	0	0	6530	0	3140	0	0	0	0	0	0	0	0	0	0	0	0	0	0	0	3362	0	0	0	0	0	0	0	0	0	0	0	0	0	0	0	430	0	1310	0	0	0	0	0	0	0	324	0	968	0	0	0	232	0	418	0	0	0	0	0	0	0	0	0	0	0	0	0	0	0	0	0	0	0	0	0	0	0	0	0	0	0	
67308	Amygdala_R	0	0	0	0	0	184	0	0	0	0	0	0	0	0	0	404	0	0	0	84	0	734	0	0	0	0	0	0	0	1672	0	0	0	0	0	0	0	11430	0	8364	0	0	0	0	0	0	0	0	0	0	0	0	0	0	0	6018	0	0	0	0	0	0	0	0	0	0	0	0	0	0	0	98	0	266	0	0	0	0	0	0	0	0	0	2324	0	0	0	178	0	1182	0	0	0	0	0	0	0	716	0	0	0	0	0	0	0	0	0	0	0	0	0	0	0	0	0	0	
191884	Calcarine_L	238	0	0	0	0	0	0	0	0	0	0	0	0	0	0	0	186	0	0	0	0	0	0	0	0	0	0	0	0	0	0	0	174	0	2730	0	920	0	778	0	0	0	0	8060	10608	4272	8360	2740	7852	1408	22986	388	4466	0	1252	0	94	0	0	0	0	0	178	0	850	0	10280	664	306	0	0	0	0	0	0	0	0	0	184	0	280	0	0	0	3908	154	0	0	1416	0	210	0	0	0	0	0	0	0	0	0	0	0	0	0	0	0	0	0	0	0	0	0	0	0	0	0	
281136	Calcarine_R	0	0	0	0	0	0	0	0	0	0	0	0	0	0	0	0	0	0	0	250	0	0	0	0	0	0	0	0	0	0	0	0	0	2900	0	1884	0	144	0	296	0	0	8060	0	5114	22600	1026	22686	512	21458	456	17340	0	5086	0	3206	0	136	0	84	0	416	0	0	0	568	1104	18402	0	266	0	0	0	0	0	0	0	0	0	0	0	0	0	0	0	4496	0	0	0	1978	0	0	0	0	0	0	0	0	0	0	0	0	0	0	0	0	0	0	0	0	100	0	0	0	0	0	
159036	Cuneus_L	0	0	0	0	0	0	0	0	0	0	0	0	0	0	0	0	0	0	0	0	0	0	0	0	0	0	0	0	0	0	0	0	94	0	848	0	0	0	0	0	0	0	10608	5114	0	7042	1100	1726	20620	2868	14936	104	1268	0	584	0	0	0	818	0	0	0	0	0	92	0	8696	758	202	0	0	0	0	0	0	0	0	0	138	0	104	0	0	0	1148	0	0	0	650	0	0	0	0	0	0	0	0	0	0	0	0	0	0	0	0	0	0	0	0	0	0	0	0	0	0	0	
221488	Cuneus_R	0	0	0	0	0	0	0	0	0	0	0	0	0	0	0	0	0	0	0	200	0	0	0	0	0	0	0	0	0	0	0	0	116	2516	0	666	0	0	0	0	0	0	4272	22600	7042	0	162	6792	814	29432	700	10804	0	612	0	202	0	86	0	332	0	258	0	0	0	296	3146	18176	0	106	0	0	0	0	0	0	0	0	0	0	0	0	0	0	0	1060	0	0	0	354	0	0	0	0	0	0	0	0	0	0	0	0	0	0	0	0	0	0	0	0	0	0	0	0	0	0	
225232	Lingual_L	162	0	118	0	0	0	120	0	0	0	0	0	0	0	0	0	0	0	0	0	0	0	0	0	0	0	0	0	0	0	0	0	0	0	1430	0	3970	0	5738	0	0	0	8360	1026	1100	162	0	2102	1362	0	17784	0	14574	110	15664	308	0	0	0	0	0	0	0	0	0	0	3610	0	0	0	0	0	144	0	0	0	712	0	0	0	0	0	0	0	170	0	0	0	1436	0	5072	908	88	170	0	0	7510	352	10082	1752	0	0	0	0	142	0	0	0	0	0	1482	2800	2096	0	0	0	
275372	Lingual_R	0	108	0	0	0	0	0	0	0	0	0	0	0	0	0	0	0	0	0	0	0	0	0	0	0	0	0	0	0	106	0	0	0	264	0	3466	0	2506	412	4004	0	0	2740	22686	1726	6792	2102	0	214	9214	198	6300	0	5240	1570	11304	0	0	0	0	0	92	0	0	0	130	174	8870	0	0	0	0	0	0	0	0	0	250	0	0	0	0	0	0	0	1540	0	0	0	1574	4792	1366	550	224	138	0	2394	4690	5916	8190	0	0	0	0	240	166	0	0	0	100	6268	7630	918	134	104	284	
144680	Occipital_Sup_L	0	0	0	0	0	0	0	0	0	0	0	0	0	0	0	0	0	0	0	0	0	0	0	0	0	0	0	0	0	0	0	0	334	182	864	184	0	0	0	0	0	0	7852	512	20620	814	1362	214	0	204	23032	0	854	0	254	0	0	0	4140	0	446	0	0	0	150	0	9644	0	180	0	0	0	0	0	0	0	0	0	0	0	0	0	0	0	402	0	0	0	96	0	0	0	0	0	0	0	0	0	0	0	0	0	0	0	0	0	0	0	0	0	0	0	0	0	0	0	
302504	Occipital_Sup_R	0	88	0	0	0	0	0	0	0	0	0	0	0	0	0	0	0	84	0	832	0	0	0	0	0	0	0	0	0	0	0	0	168	6492	0	898	0	0	0	150	0	0	1408	21458	2868	29432	0	9214	204	0	246	26578	0	1012	0	1682	0	1758	0	6496	0	1612	0	292	0	4992	3304	25664	178	604	0	0	0	0	0	0	0	0	0	0	0	396	0	0	0	2402	0	0	0	740	0	0	0	0	0	0	0	0	0	0	0	0	0	0	0	0	0	0	0	0	0	0	0	0	0	0	
443044	Occipital_Mid_L	4912	0	0	0	0	0	0	0	0	0	0	0	0	0	0	0	2158	0	0	0	0	0	0	0	0	0	0	0	816	0	0	0	1966	126	2772	130	332	0	842	0	0	0	22986	456	14936	700	17784	198	23032	246	0	0	24336	0	7724	0	2834	0	15186	0	6152	0	1712	0	16656	0	19628	214	3918	0	0	0	0	0	0	0	0	0	1094	0	2228	0	0	0	17020	0	0	0	8060	0	102	0	0	0	0	0	114	0	152	0	0	0	0	0	0	0	0	0	0	0	0	0	0	0	0	0	
309868	Occipital_Mid_R	0	140	0	0	0	0	0	0	0	0	0	0	0	0	0	0	0	274	0	974	0	0	0	0	0	0	0	0	0	0	0	0	142	4896	0	420	0	0	0	0	0	0	388	17340	104	10804	0	6300	0	26578	0	0	0	7004	0	3018	0	1730	0	3860	0	6626	0	814	0	19518	1570	18462	150	1424	0	0	0	0	0	0	0	0	0	0	0	646	0	0	0	16438	0	0	0	5314	0	0	0	0	0	0	0	0	0	0	0	0	0	0	0	0	0	0	0	0	0	0	0	0	0	0	
159048	Occipital_Inf_L	578	0	0	0	0	0	0	0	0	0	0	0	0	0	0	0	954	0	0	0	0	0	0	0	0	0	0	0	528	0	0	0	226	0	642	0	888	0	1600	0	0	0	4466	0	1268	0	14574	0	854	0	24336	0	0	0	13676	0	118	0	0	0	0	0	86	0	536	0	2050	0	218	0	0	0	0	0	0	0	0	0	1710	0	972	0	0	0	2058	0	0	0	6032	0	180	0	0	0	0	0	368	0	472	0	0	0	0	0	0	0	0	0	0	0	134	0	0	0	0	0	
127928	Occipital_Inf_R	0	712	0	0	0	0	0	0	0	0	0	0	0	0	0	0	0	124	0	468	0	0	0	0	0	0	0	0	0	1058	0	0	0	840	0	252	0	746	0	522	0	0	0	5086	0	612	110	5240	0	1012	0	7004	0	0	0	11238	0	1040	0	0	0	166	0	338	0	178	0	2850	0	818	0	0	0	0	0	0	0	0	0	282	0	994	0	0	0	6412	0	0	0	14720	146	0	0	0	0	0	0	0	166	382	0	0	0	0	0	0	0	0	0	0	0	292	156	0	0	0	
371384	Fusiform_L	1232	0	882	0	0	0	384	0	0	0	0	0	0	0	0	0	1580	0	624	0	248	0	0	0	0	0	0	0	3744	0	0	0	176	0	718	84	12976	0	11644	0	3362	0	1252	0	584	0	15664	1570	254	0	7724	0	13676	0	0	0	136	0	0	0	136	0	0	0	302	0	1194	0	182	0	0	0	1466	0	0	0	744	0	2448	0	4274	0	4206	0	2572	0	2202	0	17238	0	20074	314	3130	0	0	0	13520	242	24248	1696	1276	0	242	0	0	0	0	0	0	0	2118	2696	658	0	0	0	
359996	Fusiform_R	0	946	0	202	0	0	0	0	0	0	0	0	0	0	0	0	0	308	0	586	0	0	0	0	0	0	0	0	0	5284	0	0	0	318	0	0	0	25764	0	19608	0	6018	0	3206	0	202	308	11304	0	1682	0	3018	0	11238	0	0	0	1072	0	122	0	100	0	174	0	136	0	1350	0	450	0	0	0	1852	0	192	0	160	0	936	0	5226	0	4372	0	5940	0	2922	0	25732	612	6402	122	860	0	90	220	11308	750	12196	0	324	0	202	384	134	0	0	0	0	2522	2110	568	100	84	282	
229752	Postcentral_L	29156	0	1844	140	0	0	1918	104	0	0	6166	0	1004	0	0	0	13012	0	1562	0	0	0	0	0	0	0	0	0	5420	0	0	0	154	0	0	0	1748	0	0	0	0	0	94	0	0	0	0	0	0	0	2834	0	118	0	136	0	0	0	6086	0	14388	0	8444	0	3164	0	1870	0	3556	0	0	148	396	0	0	0	0	0	3258	0	5680	0	416	0	828	0	0	0	1232	0	0	0	0	0	0	0	0	0	0	0	0	0	0	0	0	0	0	0	0	0	0	0	0	0	0	0	
171732	Postcentral_R	0	14160	1158	618	0	0	0	938	0	0	0	1006	0	0	0	0	0	3928	1210	982	0	0	0	0	0	0	0	0	0	3106	0	0	0	3354	0	360	0	1812	0	110	0	0	0	136	0	86	0	0	0	1758	0	1730	0	1040	0	1072	0	0	0	5620	0	6130	0	13852	0	1096	0	8496	0	4632	110	0	0	1014	0	0	0	526	0	530	0	2150	0	0	0	1962	0	0	0	1184	0	0	0	0	0	0	0	0	0	0	0	0	0	0	0	0	0	0	0	0	0	0	0	0	0	0	
120944	Parietal_Sup_L	4986	0	0	0	0	0	0	0	0	0	0	0	0	0	0	0	526	0	0	0	0	0	0	0	0	0	0	0	0	0	0	0	200	0	202	0	0	0	0	0	0	0	0	0	818	0	0	0	4140	0	15186	0	0	0	0	0	6086	0	0	0	11858	0	86	0	1840	0	10730	0	2862	0	0	0	0	0	0	0	0	0	0	0	476	0	0	0	90	0	0	0	386	0	0	0	0	0	0	0	0	0	0	0	0	0	0	0	0	0	0	0	0	0	0	0	0	0	0	0	
95460	Parietal_Sup_R	0	238	0	0	0	0	0	0	0	0	0	0	0	0	0	0	0	210	0	318	0	0	0	0	0	0	0	0	0	98	0	0	0	1158	0	204	0	120	0	0	0	0	0	84	0	332	0	0	0	6496	0	3860	0	0	0	122	0	5620	0	0	0	6534	0	578	0	7566	358	12136	0	890	0	0	0	0	0	0	0	0	0	0	0	316	0	0	0	350	0	0	0	142	0	0	0	0	0	0	0	0	0	0	0	0	0	0	0	0	0	0	0	0	0	0	0	0	0	0	
162428	Parietal_Inf_L	6412	0	224	0	0	0	736	0	0	0	1468	0	398	0	0	0	2648	0	0	0	0	0	0	0	0	0	0	0	1090	0	86	0	0	0	0	0	202	0	0	0	0	0	0	0	0	0	0	0	446	0	6152	0	0	0	136	0	14388	0	11858	0	0	0	12194	0	10958	0	1438	0	2004	0	0	0	0	0	0	0	0	0	230	0	4010	0	310	0	2152	0	0	0	1674	0	0	0	0	0	0	0	0	0	0	0	0	0	0	0	0	0	0	0	0	0	0	0	0	0	0	0	
110620	Parietal_Inf_R	0	1298	86	0	0	0	0	88	0	0	0	0	0	0	0	0	0	352	88	258	0	0	0	0	0	0	0	0	0	118	0	0	0	236	0	0	0	120	0	0	0	0	0	416	0	258	0	92	0	1612	0	6626	0	166	0	100	0	6130	0	6534	0	0	0	10128	0	16106	0	886	0	256	0	0	0	0	0	0	0	0	0	0	0	786	0	0	0	2262	0	0	0	308	0	0	0	0	0	0	0	0	0	0	0	0	0	0	0	0	0	0	0	0	0	0	0	0	0	0	
104052	SupraMarginal_L	1414	0	0	0	0	0	0	0	0	0	298	0	0	0	0	0	3254	0	0	0	0	0	0	0	0	0	0	0	436	0	0	0	0	0	0	0	154	0	0	0	0	0	178	0	0	0	0	0	0	0	1712	0	86	0	0	0	8444	0	86	0	12194	0	0	0	6758	0	0	0	0	0	0	0	0	0	0	0	0	0	328	0	9522	0	0	0	5022	0	0	0	2140	0	0	0	0	0	0	0	0	0	0	0	0	0	0	0	0	0	0	0	0	0	0	0	0	0	0	0	
103144	SupraMarginal_R	0	2388	292	98	0	0	0	252	0	0	0	0	0	0	0	0	0	4078	300	394	0	0	0	0	0	0	0	0	0	216	0	0	0	406	0	0	0	158	0	0	0	0	0	0	0	0	0	0	0	292	0	814	0	338	0	174	0	13852	0	578	0	10128	0	0	0	5674	0	648	0	270	0	0	0	114	0	0	0	0	0	176	0	6692	0	0	0	2716	0	0	0	524	0	0	0	0	0	0	0	0	0	0	0	0	0	0	0	0	0	0	0	0	0	0	0	0	0	0	
154292	Angular_L	2786	0	0	0	0	0	0	0	0	0	110	0	0	0	0	0	2994	0	0	0	0	0	0	0	0	0	0	0	304	0	0	0	180	0	272	0	0	0	0	0	0	0	850	0	92	0	0	0	150	0	16656	0	536	0	302	0	3164	0	1840	0	10958	0	6758	0	0	0	1176	0	1362	0	0	0	0	0	0	0	0	0	120	0	4984	0	0	0	12598	0	0	0	8954	0	0	0	0	0	0	0	0	0	0	0	0	0	0	0	0	0	0	0	0	0	0	0	0	0	0	0	
156968	Angular_R	0	338	0	0	0	0	0	0	0	0	0	0	0	0	0	0	0	626	0	270	0	0	0	0	0	0	0	0	0	84	0	0	0	292	0	0	0	110	0	0	0	0	0	568	0	296	0	130	0	4992	0	19518	0	178	0	136	0	1096	0	7566	0	16106	0	5674	0	0	84	1096	0	230	0	0	0	0	0	0	0	0	0	0	0	6806	0	0	0	11778	0	0	0	510	0	0	0	0	0	0	0	0	0	0	0	0	0	0	0	0	0	0	0	0	0	0	0	0	0	0	
243908	Precuneus_L	1948	0	0	0	0	0	0	0	0	0	0	0	0	0	0	0	330	0	0	90	0	0	0	0	0	0	0	0	0	0	0	0	5046	2538	7002	1050	2318	0	1510	0	0	0	10280	1104	8696	3146	3610	174	9644	3304	19628	1570	2050	0	1194	0	1870	0	10730	358	1438	0	0	0	1176	84	0	10322	4224	88	0	0	0	0	0	0	88	0	242	0	416	0	0	0	2916	272	0	0	1498	0	0	0	0	0	0	0	0	0	0	0	0	0	0	0	0	0	0	0	0	0	0	0	0	0	0	0	
370556	Precuneus_R	0	472	0	0	0	0	0	0	0	0	0	0	0	0	0	0	0	188	122	1994	0	0	0	0	0	0	0	0	0	84	0	0	1872	19434	704	9576	0	2588	0	1980	0	0	664	18402	758	18176	0	8870	0	25664	214	18462	0	2850	0	1350	0	8496	0	12136	0	886	0	648	0	1096	10322	0	482	4116	0	0	0	0	0	0	94	344	0	0	0	770	0	0	0	7714	0	0	0	3122	0	0	0	0	0	0	0	254	0	0	0	0	0	0	0	0	0	0	0	0	374	0	0	0	0	0	
137844	Paracentral_Lobule_L	14274	340	1590	0	0	0	92	0	0	0	0	0	0	0	0	0	0	0	7326	3252	0	0	0	0	0	0	0	0	0	0	0	0	8260	2038	4620	246	416	0	220	0	0	0	306	0	202	0	0	0	180	178	3918	150	218	0	182	0	3556	0	2862	0	2004	0	0	0	1362	0	4224	482	0	1416	120	256	1252	0	918	0	864	256	0	0	0	0	0	0	988	0	0	0	354	0	0	0	0	0	0	0	0	0	0	0	0	0	0	0	0	0	0	0	0	0	0	0	0	0	0	0	
106560	Paracentral_Lobule_R	206	2766	374	106	0	0	120	0	0	0	0	0	0	0	0	0	0	166	1208	14530	0	0	0	0	0	0	0	0	0	176	0	96	672	9696	202	1258	156	444	0	0	0	0	0	266	0	106	0	0	0	604	0	1424	0	818	0	450	0	4632	0	890	0	256	0	270	0	230	88	4116	1416	0	186	348	530	0	0	0	1554	108	0	110	0	316	0	0	0	1504	0	0	0	882	0	0	0	0	0	0	0	0	0	0	0	0	0	0	0	0	0	0	0	0	0	0	0	0	0	0	
259516	Caudate_L	236	2172	6148	5544	2612	664	304	3406	582	92	0	0	1004	0	2650	450	0	134	11150	3808	8670	8346	1842	532	490	656	2872	2136	1894	290	9664	4836	880	960	362	0	124	0	110	0	430	0	0	0	0	0	0	0	0	0	0	0	0	0	0	0	0	110	0	0	0	0	0	0	0	0	0	0	120	186	0	15540	17430	1356	1360	0	5792	1524	0	0	0	0	290	0	0	0	0	0	0	0	0	0	0	0	0	0	0	0	0	0	0	0	0	0	0	0	0	0	0	0	0	0	0	0	0	0	
488856	Caudate_R	362	4130	6336	38488	0	5292	116	19918	0	890	216	2480	748	2294	398	4460	0	308	9842	24620	3094	7696	552	6356	0	6072	0	2882	1026	3956	2674	16912	576	3234	152	0	286	0	0	0	0	98	0	0	0	0	0	0	0	0	0	0	0	0	0	0	148	0	0	0	0	0	0	0	0	0	0	0	256	348	15540	0	6204	22714	582	2026	4160	15882	0	0	104	0	0	0	0	0	0	0	0	0	0	0	0	0	0	0	0	0	0	0	0	0	0	0	0	0	0	0	0	0	0	0	0	0	0	0	
462092	Putamen_L	7006	1572	32082	1608	4350	618	7782	906	2446	100	2360	0	1748	0	6966	326	3268	0	33096	4164	6310	5172	3686	708	312	412	2504	1744	24480	232	7828	2604	1236	1312	738	0	12490	0	4734	0	1310	0	0	0	0	0	144	0	0	0	0	0	0	0	1466	0	396	0	0	0	0	0	0	0	0	0	0	0	1252	530	17430	6204	0	280	5576	0	3336	218	230	0	3712	0	1418	0	94	0	0	0	550	0	0	0	0	0	0	0	0	0	0	0	0	0	0	0	0	0	0	0	0	0	0	0	0	0	0	0	
339132	Putamen_R	0	2570	2000	24750	0	3246	0	12426	0	2078	0	3386	90	2806	0	4000	0	4848	2884	14304	0	388	446	4204	0	3710	0	924	172	14802	662	9202	270	1398	0	0	0	10880	0	3646	0	266	0	0	0	0	0	0	0	0	0	0	0	0	0	1852	0	1014	0	0	0	0	0	114	0	0	0	0	0	0	1356	22714	280	0	0	4294	756	2688	0	898	0	1708	0	186	0	262	0	90	0	274	0	0	0	0	0	0	0	612	0	110	0	0	0	0	0	0	0	0	0	0	0	0	0	0	0	0	
46548	Pallidum_L	2166	496	2186	542	0	0	0	0	0	0	0	0	0	0	0	0	0	0	6696	616	0	168	0	0	0	0	0	0	0	0	0	0	0	0	0	0	172	0	0	0	0	0	0	0	0	0	0	0	0	0	0	0	0	0	0	0	0	0	0	0	0	0	0	0	0	0	0	0	918	0	1360	582	5576	0	0	0	1620	176	0	0	0	0	0	0	0	0	0	0	0	0	0	0	0	0	0	0	0	0	0	0	0	0	0	0	0	0	0	0	0	0	0	0	0	0	0	0	
36664	Pallidum_R	0	248	220	3982	0	0	0	218	0	0	0	346	0	0	0	0	0	500	480	3220	0	0	0	0	0	0	0	0	0	502	0	210	110	0	0	0	0	810	0	416	0	0	0	0	0	0	0	0	0	0	0	0	0	0	0	192	0	0	0	0	0	0	0	0	0	0	0	0	0	0	0	2026	0	4294	0	0	0	340	0	112	0	106	0	0	0	0	0	0	0	0	0	0	0	0	0	0	0	0	0	0	0	0	0	0	0	0	0	0	0	0	0	0	0	0	0	0	
177468	Thalamus_L	2080	6384	4340	3610	0	0	3074	1234	0	0	96	0	104	0	94	0	204	0	11212	8884	0	0	0	0	0	0	0	0	396	0	0	226	2714	1682	4390	3514	4446	1148	1830	0	0	0	0	0	0	0	712	0	0	0	0	0	0	0	744	0	0	0	0	0	0	0	0	0	0	0	88	94	864	1554	5792	4160	3336	756	1620	0	0	7242	0	0	110	0	0	0	0	0	0	0	0	0	0	0	0	0	0	0	0	0	0	0	0	0	0	0	0	0	0	0	0	0	0	0	0	0	0	0	
182772	Thalamus_R	360	17350	1396	12712	0	0	520	2324	0	0	0	640	0	0	0	576	0	1942	1774	4708	124	228	0	0	0	0	0	0	84	2272	0	0	140	0	1166	3788	884	6114	170	1440	0	0	0	0	0	0	0	250	0	0	0	0	0	0	0	160	0	526	0	0	0	0	0	0	0	0	0	344	256	108	1524	15882	218	2688	176	340	7242	0	0	282	0	436	0	0	0	92	0	0	0	150	0	0	0	0	0	0	0	0	0	0	0	0	0	0	0	0	0	0	0	0	0	0	0	0	0	0	
112472	Heschl_L	3900	0	930	0	0	0	870	0	0	0	1044	0	0	0	0	0	8562	0	752	0	0	0	0	0	0	0	0	0	10288	0	0	0	0	0	0	0	9358	0	450	0	0	0	184	0	138	0	0	0	0	0	1094	0	1710	0	2448	0	3258	0	0	0	230	0	328	0	120	0	242	0	0	0	0	0	230	0	0	0	0	0	0	0	6008	0	0	0	2432	0	0	0	1660	0	0	0	0	0	0	0	0	0	0	0	0	0	0	0	0	0	0	0	0	0	0	0	0	0	0	0	
29016	Heschl_R	0	236	0	0	0	0	0	0	0	0	0	0	0	0	0	0	0	3220	0	116	0	0	0	0	0	0	0	0	0	1486	0	0	0	0	0	0	0	968	0	202	0	0	0	0	0	0	0	0	0	0	0	0	0	282	0	936	0	530	0	0	0	0	0	176	0	0	0	0	0	110	0	0	0	898	0	112	0	282	0	0	0	3840	0	0	0	178	0	0	0	936	0	0	0	0	0	0	0	0	0	0	0	0	0	0	0	0	0	0	0	0	0	0	0	0	0	0	
277160	Temporal_Sup_L	3168	0	5798	100	0	0	964	0	0	0	2968	0	444	0	346	0	15700	0	5862	108	0	0	0	0	0	0	0	0	12530	0	88	0	0	0	0	0	3014	0	534	0	324	0	280	0	104	0	0	0	0	0	2228	0	972	0	4274	0	5680	0	476	0	4010	0	9522	0	4984	0	416	0	0	0	0	104	3712	0	0	0	110	0	6008	0	0	0	5572	0	23756	0	0	0	14314	0	0	0	0	0	0	0	0	0	110	0	0	0	0	0	0	0	0	0	0	0	0	0	0	0	0	0	
163804	Temporal_Sup_R	0	804	0	822	0	0	0	0	0	0	0	1160	0	118	0	102	0	9198	0	1104	0	0	0	0	0	0	0	0	0	5782	0	0	0	442	0	0	0	2830	0	558	0	0	0	0	0	0	0	0	0	396	0	646	0	994	0	5226	0	2150	0	316	0	786	0	6692	0	6806	0	770	0	316	0	0	0	1708	0	106	0	436	0	3840	0	0	0	3152	0	17720	0	598	0	5836	0	0	0	0	0	0	0	178	0	310	0	0	0	0	0	0	0	0	0	0	0	0	0	0	0	0	
152656	Temporal_Pole_Sup_L	944	0	3750	0	1204	0	1874	0	314	0	6766	0	2394	0	3690	0	5524	0	2918	0	1344	0	0	0	0	0	214	0	10302	0	0	0	0	0	0	0	1472	0	2066	0	968	0	0	0	0	0	0	0	0	0	0	0	0	0	4206	0	416	0	0	0	310	0	0	0	0	0	0	0	0	0	290	0	1418	0	0	0	0	0	0	0	5572	0	0	0	7204	0	5946	0	5222	0	0	0	0	0	0	0	0	0	0	0	0	0	0	0	0	0	0	0	0	0	0	0	0	0	0	0	
68756	Temporal_Pole_Sup_R	0	0	0	1904	0	0	0	196	0	0	0	2508	0	244	0	344	0	2480	0	1360	0	300	0	0	0	0	0	0	0	3256	0	0	0	0	0	0	0	1810	0	3804	0	2324	0	0	0	0	0	0	0	0	0	0	0	0	0	4372	0	0	0	0	0	0	0	0	0	0	0	0	0	0	0	0	0	186	0	0	0	0	0	0	0	3152	0	0	0	2252	0	3236	0	448	0	0	0	0	0	0	0	202	0	0	0	0	0	0	0	0	0	0	0	0	0	0	0	0	0	0	
260928	Temporal_Mid_L	1184	0	170	0	0	0	136	0	0	0	0	0	0	0	0	0	3224	0	168	0	0	0	0	0	0	0	0	0	1550	0	0	0	358	0	916	0	164	0	0	0	0	0	3908	0	1148	0	170	0	402	0	17020	0	2058	0	2572	0	828	0	90	0	2152	0	5022	0	12598	0	2916	0	988	0	0	0	94	0	0	0	0	0	2432	0	23756	0	7204	0	0	0	4504	0	32732	0	0	0	0	0	0	0	0	0	0	0	0	0	0	0	0	0	0	0	0	0	0	0	0	0	0	0	
250236	Temporal_Mid_R	0	506	0	88	0	0	0	0	0	0	0	0	0	0	0	0	0	892	0	756	0	0	0	0	0	0	0	0	0	1688	0	0	88	2770	0	162	0	2478	0	334	0	0	154	4496	0	1060	0	1540	0	2402	0	16438	0	6412	0	5940	0	1962	0	350	0	2262	0	2716	0	11778	272	7714	0	1504	0	0	0	262	0	0	0	92	0	178	0	17720	0	2252	0	0	0	3146	0	24140	0	114	0	0	0	0	0	194	0	258	0	0	0	0	0	0	0	0	0	0	0	0	0	0	0	0	
35516	Temporal_Pole_Mid_L	0	0	0	0	0	0	0	0	0	0	0	0	0	0	0	0	0	0	0	0	0	0	0	0	0	0	0	0	0	0	0	0	0	0	0	0	0	0	908	0	232	0	0	0	0	0	0	0	0	0	0	0	0	0	2202	0	0	0	0	0	0	0	0	0	0	0	0	0	0	0	0	0	0	0	0	0	0	0	0	0	0	0	5946	0	4504	0	0	0	3966	0	0	0	0	0	0	0	0	0	0	0	0	0	0	0	0	0	0	0	0	0	0	0	0	0	0	0	
28696	Temporal_Pole_Mid_R	0	0	0	0	0	0	0	0	0	0	0	0	0	0	0	0	0	0	0	0	0	0	0	0	0	0	0	0	0	156	0	0	0	0	0	0	0	414	0	1314	0	178	0	0	0	0	0	0	0	0	0	0	0	0	0	2922	0	0	0	0	0	0	0	0	0	0	0	0	0	0	0	0	0	90	0	0	0	0	0	0	0	598	0	3236	0	3146	0	0	0	2294	0	0	0	0	0	0	0	0	0	0	0	0	0	0	0	0	0	0	0	0	0	0	0	0	0	0	
260308	Temporal_Inf_L	1450	0	396	0	0	0	112	0	0	0	0	0	0	0	0	0	4224	0	330	0	0	0	0	0	0	0	0	0	1966	0	0	0	166	0	468	0	4496	0	1728	0	418	0	1416	0	650	0	1436	0	96	0	8060	0	6032	0	17238	0	1232	0	386	0	1674	0	2140	0	8954	0	1498	0	354	0	0	0	550	0	0	0	0	0	1660	0	14314	0	5222	0	32732	0	3966	0	0	0	2670	0	512	0	0	0	268	0	1166	0	174	0	0	0	0	0	0	0	0	0	0	0	0	0	0	0	
230772	Temporal_Inf_R	0	810	0	0	0	0	0	0	0	0	0	0	0	0	0	0	0	356	0	604	0	0	0	0	0	0	0	0	0	3490	0	0	0	1184	0	222	0	10126	0	3638	0	1182	0	1978	0	354	0	1574	0	740	0	5314	0	14720	0	25732	0	1184	0	142	0	308	0	524	0	510	0	3122	0	882	0	0	0	274	0	0	0	150	0	936	0	5836	0	448	0	24140	0	2294	0	0	0	724	0	130	0	0	0	1010	0	748	0	0	0	0	0	0	0	0	0	0	0	0	0	0	0	0	
492428	Cerebelum_Crus1_L	0	0	0	0	0	0	0	0	0	0	0	0	0	0	0	0	0	0	0	0	0	0	0	0	0	0	0	0	0	0	0	0	0	0	0	0	96	0	0	0	0	0	210	0	0	0	5072	4792	0	0	102	0	180	146	20074	612	0	0	0	0	0	0	0	0	0	0	0	0	0	0	0	0	0	0	0	0	0	0	0	0	0	0	0	0	0	0	0	0	2670	0	0	8776	38198	7402	1144	224	28618	1610	52978	9070	16136	910	11332	1232	2190	120	748	0	382	1426	6384	10130	12572	564	114	0	
398108	Cerebelum_Crus1_R	0	0	0	0	0	0	0	0	0	0	0	0	0	0	0	0	0	0	0	0	0	0	0	0	0	0	0	0	0	132	0	0	0	0	0	0	0	1208	0	538	0	0	0	0	0	0	908	1366	0	0	0	0	0	0	314	6402	0	0	0	0	0	0	0	0	0	0	0	0	0	0	0	0	0	0	0	0	0	0	0	0	0	0	0	0	0	114	0	0	0	724	8776	0	5390	32480	0	3430	2086	23238	4164	48206	1922	9040	1372	11402	464	1016	114	0	0	4984	10030	6340	10052	1000	710	1132	
344388	Cerebelum_Crus2_L	0	0	0	0	0	0	0	0	0	0	0	0	0	0	0	0	0	0	0	0	0	0	0	0	0	0	0	0	0	0	0	0	0	0	0	0	0	0	0	0	0	0	0	0	0	0	88	550	0	0	0	0	0	0	3130	122	0	0	0	0	0	0	0	0	0	0	0	0	0	0	0	0	0	0	0	0	0	0	0	0	0	0	0	0	0	0	0	0	512	0	38198	5390	0	10204	762	0	5224	174	10722	2634	37090	2314	29264	1624	7470	92	872	0	0	188	422	1376	12352	1318	102	0	
347112	Cerebelum_Crus2_R	0	0	0	0	0	0	0	0	0	0	0	0	0	0	0	0	0	0	0	0	0	0	0	0	0	0	0	0	0	92	0	0	0	0	0	0	0	472	0	174	0	0	0	0	0	0	170	224	0	0	0	0	0	0	0	860	0	0	0	0	0	0	0	0	0	0	0	0	0	0	0	0	0	0	0	0	0	0	0	0	0	0	0	0	0	0	0	0	0	130	7402	32480	10204	0	270	1314	1580	2812	2696	7988	8090	24936	8034	31444	1796	3798	508	238	0	1824	1724	1924	16428	2868	818	258	
33840	Cerebelum_3_L	0	0	0	0	0	0	0	0	0	0	0	0	0	0	0	0	0	0	0	0	0	0	0	0	0	0	0	0	0	0	0	0	0	0	0	0	0	0	268	0	0	0	0	0	0	0	0	138	0	0	0	0	0	0	0	0	0	0	0	0	0	0	0	0	0	0	0	0	0	0	0	0	0	0	0	0	0	0	0	0	0	0	0	0	0	0	0	0	0	0	1144	0	762	270	0	134	5030	0	1524	0	108	0	548	532	1030	210	0	0	750	2368	904	114	572	364	150	0	
66424	Cerebelum_3_R	0	0	0	0	0	0	0	0	0	0	0	0	0	0	0	0	0	0	0	0	0	0	0	0	0	0	0	0	0	0	0	0	0	0	0	0	0	0	124	0	0	0	0	0	0	0	0	0	0	0	0	0	0	0	0	90	0	0	0	0	0	0	0	0	0	0	0	0	0	0	0	0	0	0	0	0	0	0	0	0	0	0	0	0	0	0	0	0	0	0	224	3430	0	1314	134	0	442	7216	364	6348	164	244	528	1254	276	890	110	0	420	4494	2492	152	826	958	718	0	
286984	Cerebelum_4_5_L	0	0	0	0	0	0	0	0	0	0	0	0	0	0	0	0	0	0	0	0	0	0	0	0	0	0	0	0	0	0	0	0	0	0	0	0	184	0	92	0	0	0	0	0	0	0	7510	2394	0	0	114	0	368	0	13520	220	0	0	0	0	0	0	0	0	0	0	0	0	0	0	0	0	0	0	0	0	0	0	0	0	0	0	0	0	0	0	0	0	268	0	28618	2086	5224	1580	5030	442	0	2728	36866	3638	1796	102	1852	1242	3098	482	102	0	908	3502	10456	4210	2630	1152	448	630	
273660	Cerebelum_4_5_R	0	0	0	128	0	0	0	0	0	0	0	0	0	0	0	0	0	0	0	110	0	0	0	0	0	0	0	0	0	552	0	0	0	0	0	104	0	5372	0	5306	0	716	0	0	0	0	352	4690	0	0	0	0	0	0	242	11308	0	0	0	0	0	0	0	0	0	0	0	254	0	0	0	0	0	612	0	0	0	0	0	0	0	178	0	202	0	194	0	0	0	1010	1610	23238	174	2812	0	7216	2728	0	2188	33836	134	794	590	1872	628	340	0	0	0	6934	15128	2948	1120	698	274	238	
411248	Cerebelum_6_L	0	0	0	0	0	0	0	0	0	0	0	0	0	0	0	0	0	0	0	0	0	0	0	0	0	0	0	0	0	0	0	0	0	0	0	0	132	0	0	0	0	0	0	0	0	0	10082	5916	0	0	152	0	472	166	24248	750	0	0	0	0	0	0	0	0	0	0	0	0	0	0	0	0	0	0	0	0	0	0	0	0	110	0	0	0	0	0	0	0	1166	0	52978	4164	10722	2696	1524	364	36866	2188	0	8880	3602	720	2224	1550	1696	166	546	0	382	1582	9042	12512	6750	970	306	0	
402280	Cerebelum_6_R	0	0	0	0	0	0	0	0	0	0	0	0	0	0	0	0	0	0	0	0	0	0	0	0	0	0	0	0	0	460	0	0	0	0	0	0	0	2686	0	1146	0	0	0	0	0	0	1752	8190	0	0	0	0	0	382	1696	12196	0	0	0	0	0	0	0	0	0	0	0	0	0	0	0	0	0	110	0	0	0	0	0	0	0	310	0	0	0	258	0	0	0	748	9070	48206	2634	7988	0	6348	3638	33836	8880	0	270	1686	190	1530	868	1316	0	0	0	6018	15850	13156	6022	1192	872	1636	
255704	Cerebelum_7b_L	0	0	0	0	0	0	0	0	0	0	0	0	0	0	0	0	0	0	0	0	0	0	0	0	0	0	0	0	0	0	0	0	0	0	0	0	0	0	0	0	0	0	0	0	0	0	0	0	0	0	0	0	0	0	1276	0	0	0	0	0	0	0	0	0	0	0	0	0	0	0	0	0	0	0	0	0	0	0	0	0	0	0	0	0	0	0	0	0	174	0	16136	1922	37090	8090	108	164	1796	134	3602	270	0	2444	31972	1834	8478	116	1584	0	0	204	242	166	8268	1610	172	0	
163388	Cerebelum_7b_R	0	0	0	0	0	0	0	0	0	0	0	0	0	0	0	0	0	0	0	0	0	0	0	0	0	0	0	0	0	0	0	0	0	0	0	0	0	114	0	0	0	0	0	0	0	0	0	0	0	0	0	0	0	0	0	324	0	0	0	0	0	0	0	0	0	0	0	0	0	0	0	0	0	0	0	0	0	0	0	0	0	0	0	0	0	0	0	0	0	0	910	9040	2314	24936	0	244	102	794	720	1686	2444	0	2508	25462	338	4122	148	152	0	314	248	146	3590	876	162	0	
281656	Cerebelum_8_L	0	0	0	0	0	0	0	0	0	0	0	0	0	0	0	0	0	0	0	0	0	0	0	0	0	0	0	0	0	0	0	0	0	0	0	0	0	0	0	0	0	0	0	0	0	0	0	0	0	0	0	0	0	0	242	0	0	0	0	0	0	0	0	0	0	0	0	0	0	0	0	0	0	0	0	0	0	0	0	0	0	0	0	0	0	0	0	0	0	0	11332	1372	29264	8034	548	528	1852	590	2224	190	31972	2508	0	6068	17922	1376	3566	0	0	826	890	190	11250	5642	2168	274	
257084	Cerebelum_8_R	0	0	0	0	0	0	0	0	0	0	0	0	0	0	0	0	0	0	0	0	0	0	0	0	0	0	0	0	0	0	0	0	0	0	0	0	0	0	0	0	0	0	0	0	0	0	0	0	0	0	0	0	0	0	0	202	0	0	0	0	0	0	0	0	0	0	0	0	0	0	0	0	0	0	0	0	0	0	0	0	0	0	0	0	0	0	0	0	0	0	1232	11402	1624	31444	532	1254	1242	1872	1550	1530	1834	25462	6068	0	3564	15450	402	900	100	1772	1690	322	7444	6060	3052	538	
140608	Cerebelum_9_L	0	0	0	0	0	0	0	0	0	0	0	0	0	0	0	0	0	0	0	0	0	0	0	0	0	0	0	0	0	0	0	0	0	0	0	0	0	0	0	0	0	0	0	0	0	0	142	240	0	0	0	0	0	0	0	384	0	0	0	0	0	0	0	0	0	0	0	0	0	0	0	0	0	0	0	0	0	0	0	0	0	0	0	0	0	0	0	0	0	0	2190	464	7470	1796	1030	276	3098	628	1696	868	8478	338	17922	3564	0	1958	3930	0	128	794	1394	1394	4140	3430	2084	468	
101000	Cerebelum_9_R	0	0	0	0	0	0	0	0	0	0	0	0	0	0	0	0	0	0	0	0	0	0	0	0	0	0	0	0	0	0	0	0	0	0	0	0	0	0	0	0	0	0	0	0	0	0	0	166	0	0	0	0	0	0	0	134	0	0	0	0	0	0	0	0	0	0	0	0	0	0	0	0	0	0	0	0	0	0	0	0	0	0	0	0	0	0	0	0	0	0	120	1016	92	3798	210	890	482	340	166	1316	116	4122	1376	15450	1958	0	0	1828	318	1070	812	1454	1534	4338	5138	2256	
27660	Cerebelum_10_L	0	0	0	0	0	0	0	0	0	0	0	0	0	0	0	0	0	0	0	0	0	0	0	0	0	0	0	0	0	0	0	0	0	0	0	0	0	0	0	0	0	0	0	0	0	0	0	0	0	0	0	0	0	0	0	0	0	0	0	0	0	0	0	0	0	0	0	0	0	0	0	0	0	0	0	0	0	0	0	0	0	0	0	0	0	0	0	0	0	0	748	114	872	508	0	110	102	0	546	0	1584	148	3566	402	3930	0	0	0	0	138	140	0	652	176	94	0	
6796	Cerebelum_10_R	0	0	0	0	0	0	0	0	0	0	0	0	0	0	0	0	0	0	0	0	0	0	0	0	0	0	0	0	0	0	0	0	0	0	0	0	0	0	0	0	0	0	0	0	0	0	0	0	0	0	0	0	0	0	0	0	0	0	0	0	0	0	0	0	0	0	0	0	0	0	0	0	0	0	0	0	0	0	0	0	0	0	0	0	0	0	0	0	0	0	0	0	0	238	0	0	0	0	0	0	0	152	0	900	0	1828	0	0	0	0	0	0	0	134	146	0	
18564	Vermis_1_2	0	0	0	0	0	0	0	0	0	0	0	0	0	0	0	0	0	0	0	0	0	0	0	0	0	0	0	0	0	0	0	0	0	0	0	0	0	0	104	0	0	0	0	0	0	0	0	0	0	0	0	0	0	0	0	0	0	0	0	0	0	0	0	0	0	0	0	0	0	0	0	0	0	0	0	0	0	0	0	0	0	0	0	0	0	0	0	0	0	0	382	0	0	0	750	420	908	0	382	0	0	0	0	100	128	318	0	0	0	3668	1722	0	0	188	212	0	
108556	Vermis_3	0	0	0	0	0	0	0	0	0	0	0	0	0	0	0	0	0	0	0	0	0	0	0	0	0	0	0	0	0	0	0	0	0	0	0	0	90	0	344	0	0	0	0	0	0	0	0	100	0	0	0	0	0	0	0	0	0	0	0	0	0	0	0	0	0	0	0	0	0	0	0	0	0	0	0	0	0	0	0	0	0	0	0	0	0	0	0	0	0	0	1426	4984	188	1824	2368	4494	3502	6934	1582	6018	204	314	826	1772	794	1070	138	0	3668	0	7654	264	1414	1432	874	0	
226824	Vermis_4_5	0	0	0	0	0	0	0	0	0	0	0	0	0	0	0	0	0	0	0	0	0	0	0	0	0	0	0	0	0	0	0	0	0	0	0	190	0	218	0	0	0	0	0	100	0	0	1482	6268	0	0	0	0	134	0	2118	2522	0	0	0	0	0	0	0	0	0	0	0	374	0	0	0	0	0	0	0	0	0	0	0	0	0	0	0	0	0	0	0	0	0	0	6384	10030	422	1724	904	2492	10456	15128	9042	15850	242	248	890	1690	1394	812	140	0	1722	7654	0	7586	1766	1418	722	1290	
179316	Vermis_6	0	0	0	0	0	0	0	0	0	0	0	0	0	0	0	0	0	0	0	0	0	0	0	0	0	0	0	0	0	0	0	0	0	0	0	0	0	0	0	0	0	0	0	0	0	0	2800	7630	0	0	0	0	0	292	2696	2110	0	0	0	0	0	0	0	0	0	0	0	0	0	0	0	0	0	0	0	0	0	0	0	0	0	0	0	0	0	0	0	0	0	0	10130	6340	1376	1924	114	152	4210	2948	12512	13156	166	146	190	322	1394	1454	0	0	0	264	7586	0	4288	1480	1208	2770	
