data	data	353208	377352	939764	799436	136496	66640	478828	254156	61604	41668	244400	260820	304936	227292	189556	150676	236612	211496	655872	699796	99128	126580	286756	304588	21012	82808	77632	88396	655080	485364	227632	469652	158140	549488	139056	179148	229100	252144	108012	180112	51500	66004	281436	382852	181100	306596	230528	279728	238436	305708	491580	265596	207888	142372	438104	345660	251644	298636	141396	186228	172844	187412	105000	180488	152116	146844	355168	502492	165860	285300	287740	401940	296704	368748	42132	38652	100668	167988	101336	43924	251072	188020	105948	96040	306908	260412	38724	31268	303660	252892	474996	450232	373308	307748	49520	57852	329180	210664	506460	377536	250348	120540	313680	248904	170008	137928	33428	10368	40168	68316	246900	171552	174144	116104	82228	31752	
data	data	Precentral_L	Precentral_R	Frontal_Sup_L	Frontal_Sup_R	Frontal_Sup_Orb_L	Frontal_Sup_Orb_R	Frontal_Mid_L	Frontal_Mid_R	Frontal_Mid_Orb_L	Frontal_Mid_Orb_R	Frontal_Inf_Oper_L	Frontal_Inf_Oper_R	Frontal_Inf_Tri_L	Frontal_Inf_Tri_R	Frontal_Inf_Orb_L	Frontal_Inf_Orb_R	Rolandic_Oper_L	Rolandic_Oper_R	Supp_Motor_Area_L	Supp_Motor_Area_R	Olfactory_L	Olfactory_R	Frontal_Sup_Medial_L	Frontal_Sup_Medial_R	Frontal_Med_Orb_L	Frontal_Med_Orb_R	Rectus_L	Rectus_R	Insula_L	Insula_R	Cingulum_Ant_L	Cingulum_Ant_R	Cingulum_Mid_L	Cingulum_Mid_R	Cingulum_Post_L	Cingulum_Post_R	Hippocampus_L	Hippocampus_R	ParaHippocampal_L	ParaHippocampal_R	Amygdala_L	Amygdala_R	Calcarine_L	Calcarine_R	Cuneus_L	Cuneus_R	Lingual_L	Lingual_R	Occipital_Sup_L	Occipital_Sup_R	Occipital_Mid_L	Occipital_Mid_R	Occipital_Inf_L	Occipital_Inf_R	Fusiform_L	Fusiform_R	Postcentral_L	Postcentral_R	Parietal_Sup_L	Parietal_Sup_R	Parietal_Inf_L	Parietal_Inf_R	SupraMarginal_L	SupraMarginal_R	Angular_L	Angular_R	Precuneus_L	Precuneus_R	Paracentral_Lobule_L	Paracentral_Lobule_R	Caudate_L	Caudate_R	Putamen_L	Putamen_R	Pallidum_L	Pallidum_R	Thalamus_L	Thalamus_R	Heschl_L	Heschl_R	Temporal_Sup_L	Temporal_Sup_R	Temporal_Pole_Sup_L	Temporal_Pole_Sup_R	Temporal_Mid_L	Temporal_Mid_R	Temporal_Pole_Mid_L	Temporal_Pole_Mid_R	Temporal_Inf_L	Temporal_Inf_R	Cerebelum_Crus1_L	Cerebelum_Crus1_R	Cerebelum_Crus2_L	Cerebelum_Crus2_R	Cerebelum_3_L	Cerebelum_3_R	Cerebelum_4_5_L	Cerebelum_4_5_R	Cerebelum_6_L	Cerebelum_6_R	Cerebelum_7b_L	Cerebelum_7b_R	Cerebelum_8_L	Cerebelum_8_R	Cerebelum_9_L	Cerebelum_9_R	Cerebelum_10_L	Cerebelum_10_R	Vermis_1_2	Vermis_3	Vermis_4_5	Vermis_6	Vermis_7	Vermis_8	Vermis_9	Vermis_10	
353208	Precentral_L	0	5688	6120	4854	0	0	13998	376	0	0	10676	590	864	0	0	0	8648	574	6136	17136	0	0	0	0	0	0	0	0	7330	652	210	408	694	13832	650	714	3722	404	162	230	0	0	0	482	0	846	0	0	0	998	372	464	866	0	1186	0	24410	886	0	106	2474	260	2268	272	1432	286	132	1892	9220	6568	1944	508	2244	82	0	0	3708	432	3324	0	2582	0	0	98	564	212	0	0	818	0	0	0	0	0	0	0	0	0	0	0	0	0	0	0	0	0	0	0	0	0	0	0	0	0	0	0	
377352	Precentral_R	5688	0	6352	18264	0	0	2016	12278	0	0	334	10472	78	0	0	0	228	3144	3908	11346	0	0	0	0	0	0	0	0	344	3034	0	0	0	3358	714	3558	230	1790	110	406	0	0	96	1558	0	162	0	176	0	150	0	138	0	1512	0	620	1992	24184	0	2996	0	2296	0	2854	0	166	414	4008	1076	14164	1980	9618	732	3186	396	996	1680	12082	0	660	114	3550	0	0	0	2994	0	0	0	4474	0	0	0	0	0	0	0	0	0	0	0	0	0	0	0	0	0	0	0	0	0	0	0	0	0	0	
939764	Frontal_Sup_L	6120	6352	0	14464	9988	0	68654	4076	4790	0	13142	2940	25072	1424	12410	260	11598	940	77480	18168	162	0	37248	588	924	0	1006	0	50154	3142	17136	3016	4158	2224	0	184	5492	560	706	198	124	0	0	0	0	0	0	0	0	0	0	0	0	0	1120	0	2202	170	0	120	0	122	0	122	0	0	0	0	0	504	8954	2094	23638	1282	4754	206	8446	1184	432	0	5816	0	1188	110	536	0	0	0	1982	0	0	0	0	0	0	0	0	0	0	0	0	0	0	0	0	0	0	0	0	0	0	0	0	0	0	0	
799436	Frontal_Sup_R	4854	18264	14464	0	0	2340	4636	22608	0	332	2700	9360	1764	11036	430	4940	730	6790	25594	55572	564	848	10522	39298	144	4456	552	1422	4012	16134	2720	46056	840	16300	0	0	476	1050	112	500	0	264	0	0	0	0	0	0	0	0	0	0	0	0	0	308	1788	242	0	0	0	0	0	0	0	0	0	0	1444	342	4474	25102	1178	15542	118	1526	970	11884	0	138	326	492	94	1066	0	0	0	0	0	0	0	0	0	0	0	0	0	0	0	0	0	0	0	0	0	0	0	0	0	0	0	0	0	0	0	0	
136496	Frontal_Sup_Orb_L	0	0	9988	0	0	0	618	0	8602	0	0	0	2740	0	14202	0	0	0	0	0	2734	646	3042	0	2258	0	4588	408	8582	0	1776	84	0	0	0	0	0	0	104	0	394	0	0	0	0	0	0	0	0	0	0	0	0	0	0	0	0	0	0	0	0	0	0	0	0	0	0	0	0	0	1614	294	3716	0	0	0	0	0	0	0	0	0	1858	0	0	0	0	0	0	0	0	0	0	0	0	0	0	0	0	0	0	0	0	0	0	0	0	0	0	0	0	0	0	0	0	0	
66640	Frontal_Sup_Orb_R	0	0	0	2340	0	0	0	1164	0	6554	0	0	0	938	122	4700	0	0	0	0	272	1488	0	2006	144	4300	228	4888	0	732	0	314	0	0	0	0	0	0	0	0	0	132	0	0	0	0	0	0	0	0	0	0	0	0	0	0	0	0	0	0	0	0	0	0	0	0	0	0	0	0	846	962	518	672	0	0	0	0	0	0	0	0	0	0	0	0	0	0	0	0	0	0	0	0	0	0	0	0	0	0	0	0	0	0	0	0	0	0	0	0	0	0	0	0	0	0	
478828	Frontal_Mid_L	13998	2016	68654	4636	618	0	0	1426	2096	0	15176	1684	33124	430	6596	200	4578	1208	14732	2838	0	0	15526	512	0	0	0	0	23394	1610	5612	1598	642	410	0	0	848	262	0	120	0	0	0	0	0	0	0	0	0	0	0	0	0	0	100	0	1244	0	0	0	164	0	0	0	0	0	0	0	0	0	4362	1392	2082	748	106	0	1896	290	514	0	1174	0	440	162	0	0	0	0	196	0	0	0	0	0	0	0	0	0	0	0	0	0	0	0	0	0	0	0	0	0	0	0	0	0	0	0	
254156	Frontal_Mid_R	376	12278	4076	22608	0	1164	1426	0	0	2342	350	12934	122	17842	0	7132	0	3064	3184	2036	0	0	1102	2650	0	220	0	0	360	7812	0	3760	0	1994	0	0	0	1106	0	546	0	0	0	0	0	0	0	0	0	0	0	0	0	0	0	316	0	318	0	308	0	364	0	408	0	0	0	0	0	0	1530	3190	0	5480	0	1106	0	1542	0	104	0	766	0	172	0	438	0	0	0	552	0	0	0	0	0	0	0	0	0	0	0	0	0	0	0	0	0	0	0	0	0	0	0	0	0	0	
61604	Frontal_Mid_Orb_L	0	0	4790	0	8602	0	2096	0	0	0	0	0	1628	0	10290	0	0	0	0	0	174	156	160	0	0	0	522	92	1610	0	0	0	0	0	0	0	0	0	0	0	0	0	0	0	0	0	0	0	0	0	0	0	0	0	0	0	0	0	0	0	0	0	0	0	0	0	0	0	0	0	164	90	272	0	0	0	0	0	0	0	0	0	156	0	0	0	0	0	0	0	0	0	0	0	0	0	0	0	0	0	0	0	0	0	0	0	0	0	0	0	0	0	0	0	0	0	
41668	Frontal_Mid_Orb_R	0	0	0	332	0	6554	0	2342	0	0	0	154	88	1776	0	6938	0	92	0	0	118	294	0	116	0	108	82	372	114	706	0	0	0	0	0	0	0	0	0	0	0	0	0	0	0	0	0	0	0	0	0	0	0	0	0	0	0	0	0	0	0	0	0	0	0	0	0	0	0	0	238	128	98	184	0	0	0	0	0	0	0	0	0	0	0	0	0	0	0	0	0	0	0	0	0	0	0	0	0	0	0	0	0	0	0	0	0	0	0	0	0	0	0	0	0	0	
244400	Frontal_Inf_Oper_L	10676	334	13142	2700	0	0	15176	350	0	0	0	2538	9292	1742	888	324	15480	494	5362	1212	0	0	0	334	0	0	0	0	15520	2448	488	1558	0	0	0	0	960	0	96	0	0	0	0	0	0	0	0	0	0	0	0	0	0	0	0	0	3736	0	0	0	0	0	0	0	0	0	0	0	0	0	4870	1598	1346	228	0	0	1560	0	474	0	4950	0	2214	0	0	0	0	0	110	0	0	0	0	0	0	0	0	0	0	0	0	0	0	0	0	0	0	0	0	0	0	0	0	0	0	0	
260820	Frontal_Inf_Oper_R	590	10472	2940	9360	0	0	1684	12934	0	154	2538	0	1052	13992	126	822	432	12342	3516	6236	0	0	184	808	0	90	0	0	3212	19984	518	1788	0	0	0	0	0	930	0	476	0	0	0	0	0	0	0	0	0	0	0	0	0	0	0	312	0	1590	0	706	0	776	0	832	0	0	0	0	0	0	2388	4380	116	5220	0	294	0	1256	0	0	100	1932	302	1964	0	478	0	0	0	584	0	0	0	0	0	0	0	0	0	0	0	0	0	0	0	0	0	0	0	0	0	0	0	0	0	0	
304936	Frontal_Inf_Tri_L	864	78	25072	1764	2740	0	33124	122	1628	88	9292	1052	0	2268	14312	194	0	0	4840	798	162	160	4530	250	0	0	482	84	34358	2272	3200	640	524	0	0	0	0	0	0	0	0	0	0	0	0	0	0	0	0	0	0	0	0	0	0	0	84	0	0	0	0	0	0	0	0	0	0	0	0	0	3862	542	2350	162	0	0	0	0	0	0	0	0	570	0	0	0	0	0	0	0	0	0	0	0	0	0	0	0	0	0	0	0	0	0	0	0	0	0	0	0	0	0	0	0	0	0	
227292	Frontal_Inf_Tri_R	0	0	1424	11036	0	938	430	17842	0	1776	1742	13992	2268	0	172	10502	0	1796	2272	2902	0	0	344	1880	0	124	0	0	3272	26258	758	3274	0	750	0	0	0	0	0	0	0	0	0	0	0	0	0	0	0	0	0	0	0	0	0	0	0	0	0	0	0	0	0	0	0	0	0	0	0	0	2326	2160	306	2836	0	0	0	0	0	0	0	0	96	170	0	0	0	0	0	0	0	0	0	0	0	0	0	0	0	0	0	0	0	0	0	0	0	0	0	0	0	0	0	0	0	0	
189556	Frontal_Inf_Orb_L	0	0	12410	430	14202	122	6596	0	10290	0	888	126	14312	172	0	124	0	0	254	0	2478	1182	94	134	0	140	2764	708	16996	148	116	138	0	0	0	0	138	0	0	0	270	0	0	0	0	0	0	0	0	0	0	0	0	0	82	0	0	0	0	0	0	0	0	0	0	0	0	0	0	0	2462	650	2912	178	0	0	0	0	0	0	0	0	3262	0	0	0	0	0	0	0	0	0	0	0	0	0	0	0	0	0	0	0	0	0	0	0	0	0	0	0	0	0	0	0	0	0	
150676	Frontal_Inf_Orb_R	0	0	260	4940	0	4700	200	7132	0	6938	324	822	194	10502	124	0	100	226	280	1088	382	2458	218	1968	0	482	180	1804	456	15700	180	1346	0	528	0	0	0	0	0	108	0	720	0	0	0	0	0	0	0	0	0	0	0	0	0	462	0	0	0	0	0	0	0	0	0	0	0	0	0	0	1012	3730	344	2774	0	0	0	100	0	0	0	0	0	1350	0	782	0	0	0	424	0	0	0	0	0	0	0	0	0	0	0	0	0	0	0	0	0	0	0	0	0	0	0	0	0	0	
236612	Rolandic_Oper_L	8648	228	11598	730	0	0	4578	0	0	0	15480	432	0	0	0	100	0	336	5214	416	0	0	0	106	0	0	0	0	13954	422	150	600	0	0	0	0	1180	0	284	0	0	0	100	0	0	0	82	0	136	0	2484	0	1038	0	1092	0	8484	0	0	0	108	0	5132	0	364	0	492	0	0	0	864	726	1322	0	330	0	1716	0	4750	0	15542	0	1714	0	5566	0	0	0	1808	0	0	0	0	0	0	0	0	0	0	0	0	0	0	0	0	0	0	0	0	0	0	0	0	0	0	0	
211496	Rolandic_Oper_R	574	3144	940	6790	0	0	1208	3064	0	92	494	12342	0	1796	0	226	336	0	1314	5780	0	0	0	314	0	0	0	0	558	25066	154	790	0	0	0	0	0	2438	0	998	0	0	0	0	0	0	0	104	0	0	0	0	0	0	0	718	0	6398	0	106	0	170	0	3252	0	0	0	0	0	78	446	1456	0	7796	0	1282	0	1764	0	2718	100	7516	230	2048	0	662	0	0	0	398	0	0	0	0	0	0	0	88	0	0	0	0	0	0	0	0	0	0	0	0	0	0	0	0	0	0	
655872	Supp_Motor_Area_L	6136	3908	77480	25594	0	0	14732	3184	0	0	5362	3516	4840	2272	254	280	5214	1314	0	48476	0	0	5570	2924	0	0	0	0	17620	3516	7146	10950	9112	19312	732	468	2896	354	212	114	0	0	0	0	0	0	0	0	0	0	0	0	0	0	1014	0	2064	422	0	106	0	108	150	108	0	0	0	112	3600	680	5402	1776	12556	1462	4038	118	5484	486	200	0	2766	142	246	0	88	0	0	0	1320	0	0	0	0	0	0	0	0	0	0	0	0	0	0	0	0	0	0	0	0	0	0	0	0	0	0	0	
699796	Supp_Motor_Area_R	17136	11346	18168	55572	0	0	2838	2036	0	0	1212	6236	798	2902	0	1088	416	5780	48476	0	0	0	2048	7802	0	104	0	0	1894	7446	2114	18356	5152	43324	1794	2078	192	2266	0	498	0	0	0	246	0	278	0	86	0	180	0	264	318	0	0	382	1660	3244	0	0	0	0	0	222	0	0	90	1166	11614	19666	2908	14610	550	6850	392	868	996	11918	0	240	172	570	0	834	0	222	0	0	0	280	0	0	0	0	0	0	0	0	0	0	0	0	0	0	0	0	0	0	0	0	0	0	0	0	0	0	
99128	Olfactory_L	0	0	162	564	2734	272	0	0	174	118	0	0	162	0	2478	382	0	0	0	0	0	6764	0	560	206	988	4850	3132	3292	432	2170	2178	0	0	0	0	290	0	476	0	1416	0	0	0	0	0	0	0	0	0	0	0	0	0	354	0	0	0	0	0	0	0	0	0	0	0	0	0	0	0	7168	3372	2516	1186	0	0	0	0	0	0	0	0	1168	0	0	0	0	0	0	0	0	0	0	0	0	0	0	0	0	0	0	0	0	0	0	0	0	0	0	0	0	0	0	0	0	0	
126580	Olfactory_R	0	0	0	848	646	1488	0	0	156	294	0	0	160	0	1182	2458	0	0	0	0	6764	0	0	654	94	1396	4182	5698	480	2904	1952	2766	0	0	0	0	0	0	0	174	152	1218	0	0	0	0	0	0	0	0	0	0	0	0	0	0	0	0	0	0	0	0	0	0	0	0	0	0	0	0	10392	8794	4932	2958	110	236	0	98	0	0	0	0	0	104	0	0	0	0	0	0	0	0	0	0	0	0	0	0	0	0	0	0	0	0	0	0	0	0	0	0	0	0	0	0	0	0	
286756	Frontal_Sup_Medial_L	0	0	37248	10522	3042	0	15526	1102	160	0	0	184	4530	344	94	218	0	0	5570	2048	0	0	0	15604	1812	622	314	0	7654	412	13834	9548	1728	8162	0	0	0	0	0	0	0	0	0	0	0	0	0	0	0	0	0	0	0	0	0	0	0	0	0	0	0	0	0	0	0	0	0	0	0	0	132	164	2652	152	0	0	0	0	0	0	0	0	0	0	0	0	0	0	0	0	0	0	0	0	0	0	0	0	0	0	0	0	0	0	0	0	0	0	0	0	0	0	0	0	0	0	
304588	Frontal_Sup_Medial_R	0	0	588	39298	0	2006	512	2650	0	116	334	808	250	1880	134	1968	106	314	2924	7802	560	654	15604	0	162	7668	538	2216	544	4170	2324	29238	160	11422	0	0	0	0	0	0	0	118	0	0	0	0	0	0	0	0	0	0	0	0	0	0	0	0	0	0	0	0	0	0	0	0	0	0	0	0	926	6996	164	7024	0	116	0	0	0	0	0	0	0	0	0	0	0	0	0	0	0	0	0	0	0	0	0	0	0	0	0	0	0	0	0	0	0	0	0	0	0	0	0	0	0	0	
21012	Frontal_Med_Orb_L	0	0	924	144	2258	144	0	0	0	0	0	0	0	0	0	0	0	0	0	0	206	94	1812	162	0	612	1316	144	0	0	1914	218	0	0	0	0	0	0	0	0	0	0	0	0	0	0	0	0	0	0	0	0	0	0	0	0	0	0	0	0	0	0	0	0	0	0	0	0	0	0	0	152	308	98	0	0	0	0	0	0	0	0	0	0	0	0	0	0	0	0	0	0	0	0	0	0	0	0	0	0	0	0	0	0	0	0	0	0	0	0	0	0	0	0	0	0	
82808	Frontal_Med_Orb_R	0	0	0	4456	0	4300	0	220	0	108	0	90	0	124	140	482	0	0	0	104	988	1396	622	7668	612	0	806	6518	0	582	1330	5884	0	96	0	0	0	0	0	0	0	0	0	0	0	0	0	0	0	0	0	0	0	0	0	0	0	0	0	0	0	0	0	0	0	0	0	0	0	0	630	2046	172	2030	0	0	0	0	0	0	0	0	0	0	0	0	0	0	0	0	0	0	0	0	0	0	0	0	0	0	0	0	0	0	0	0	0	0	0	0	0	0	0	0	0	0	
77632	Rectus_L	0	0	1006	552	4588	228	0	0	522	82	0	0	482	0	2764	180	0	0	0	0	4850	4182	314	538	1316	806	0	2302	1502	96	2506	1756	0	0	0	0	0	0	0	0	80	0	0	0	0	0	0	0	0	0	0	0	0	0	0	0	0	0	0	0	0	0	0	0	0	0	0	0	0	0	4098	2318	688	946	0	0	0	0	0	0	0	0	114	0	0	0	0	0	0	0	0	0	0	0	0	0	0	0	0	0	0	0	0	0	0	0	0	0	0	0	0	0	0	0	0	0	
88396	Rectus_R	0	0	0	1422	408	4888	0	0	92	372	0	0	84	0	708	1804	0	0	0	0	3132	5698	0	2216	144	6518	2302	0	276	800	780	3592	0	0	0	0	0	0	0	0	86	278	0	0	0	0	0	0	0	0	0	0	0	0	0	0	0	0	0	0	0	0	0	0	0	0	0	0	0	0	3488	2398	1456	1256	0	0	0	0	0	0	0	0	0	0	0	0	0	0	0	0	0	0	0	0	0	0	0	0	0	0	0	0	0	0	0	0	0	0	0	0	0	0	0	0	0	0	
655080	Insula_L	7330	344	50154	4012	8582	0	23394	360	1610	114	15520	3212	34358	3272	16996	456	13954	558	17620	1894	3292	480	7654	544	0	0	1502	276	0	4158	5266	2134	510	0	0	220	15732	0	1898	0	3614	0	102	0	0	0	0	0	154	0	1108	0	730	0	6260	0	3486	0	0	0	120	0	480	0	238	0	106	0	0	0	8660	2254	19554	396	0	0	200	0	7756	0	9438	0	6796	0	2344	0	0	0	6204	0	0	0	0	0	0	0	0	0	134	0	0	0	0	0	0	0	0	0	0	0	0	0	0	0	0	0	
485364	Insula_R	652	3034	3142	16134	0	732	1610	7812	0	706	2448	19984	2272	26258	148	15700	422	25066	3516	7446	432	2904	412	4170	0	582	96	800	4158	0	1404	6316	0	712	0	0	0	7008	0	3260	0	2398	0	0	0	0	0	126	0	0	0	0	0	0	0	3560	0	2074	0	0	0	0	0	166	0	0	0	0	0	0	3192	5712	462	25316	0	706	152	3348	0	3278	102	9994	334	5686	0	4042	0	114	0	2494	0	0	0	0	0	0	0	90	0	0	0	0	0	0	0	0	0	0	0	0	0	0	0	0	0	0	
227632	Cingulum_Ant_L	210	0	17136	2720	1776	0	5612	0	0	0	488	518	3200	758	116	180	150	154	7146	2114	2170	1952	13834	2324	1914	1330	2506	780	5266	1404	0	12568	5290	2510	982	0	0	0	0	0	0	0	0	0	0	0	0	0	0	0	0	0	0	0	0	0	94	0	0	0	0	0	0	0	0	0	0	0	98	0	3196	4752	5824	2604	0	0	0	0	0	0	0	0	140	0	0	0	0	0	0	0	0	0	0	0	0	0	0	0	0	0	0	0	0	0	0	0	0	0	0	0	0	0	0	0	0	0	
469652	Cingulum_Ant_R	408	0	3016	46056	84	314	1598	3760	0	0	1558	1788	640	3274	138	1346	600	790	10950	18356	2178	2766	9548	29238	218	5884	1756	3592	2134	6316	12568	0	2066	19590	0	0	0	0	0	0	0	108	0	0	0	0	0	0	0	0	0	0	0	0	0	0	0	0	0	0	0	0	0	0	0	0	0	0	0	0	3708	20866	526	16028	0	238	0	0	0	0	172	0	442	208	0	0	0	0	0	0	0	0	0	0	0	0	0	0	0	0	0	0	0	0	0	0	0	0	0	0	0	0	0	0	0	0	
158140	Cingulum_Mid_L	694	0	4158	840	0	0	642	0	0	0	0	0	524	0	0	0	0	0	9112	5152	0	0	1728	160	0	0	0	0	510	0	5290	2066	0	14216	7760	1360	0	0	0	0	0	0	168	316	728	532	0	0	3116	462	1838	266	136	0	0	0	1206	402	1836	0	240	0	0	0	204	0	6320	1706	4172	1120	0	0	0	0	0	0	0	0	0	0	0	0	0	0	90	0	0	0	0	0	0	0	0	0	0	0	0	0	0	0	0	0	0	0	0	0	0	0	0	0	0	0	0	0	0	0	
549488	Cingulum_Mid_R	13832	3358	2224	16300	0	0	410	1994	0	0	0	0	0	750	0	528	0	0	19312	43324	0	0	8162	11422	0	96	0	0	0	712	2510	19590	14216	0	5740	9262	0	384	0	0	0	0	376	6012	98	9692	0	520	198	9048	0	3430	476	454	0	294	594	8258	82	232	0	552	0	530	0	784	2730	18354	12642	21784	0	446	0	558	0	0	0	0	0	0	0	292	0	0	0	1108	0	0	0	1074	0	0	0	0	0	0	0	0	0	0	0	0	0	0	0	0	0	0	0	0	0	0	0	0	0	0	
139056	Cingulum_Post_L	650	714	0	0	0	0	0	0	0	0	0	0	0	0	0	0	0	0	732	1794	0	0	0	0	0	0	0	0	0	0	982	0	7760	5740	0	11288	3624	1714	2362	406	0	0	2626	82	796	262	1480	92	596	134	392	0	406	0	444	222	2492	2088	0	0	0	0	0	0	0	0	7730	3530	5454	2084	0	0	0	0	0	0	402	0	0	0	0	0	0	0	152	0	0	0	176	0	0	0	0	0	0	0	0	0	0	0	0	0	0	0	0	0	0	0	0	0	122	0	0	0	0	0	
179148	Cingulum_Post_R	714	3558	184	0	0	0	0	0	0	0	0	0	0	0	0	0	0	0	468	2078	0	0	0	0	0	0	0	0	220	0	0	0	1360	9262	11288	0	3512	3466	1670	786	0	0	844	4692	92	880	336	2744	78	466	0	522	0	4030	344	1246	138	6082	0	158	0	0	0	0	0	0	1206	11862	1584	6280	0	0	284	0	0	0	1172	112	0	0	0	0	0	0	0	1424	0	0	224	3136	0	0	0	0	0	0	0	198	0	0	0	0	0	0	0	0	0	0	0	0	874	0	0	0	0	0	
229100	Hippocampus_L	3722	230	5492	476	0	0	848	0	0	0	960	0	0	0	138	0	1180	0	2896	192	290	0	0	0	0	0	0	0	15732	0	0	0	0	0	3624	3512	0	1672	13252	676	7830	0	1534	0	0	0	1850	236	0	0	114	0	78	0	13410	298	584	0	0	0	0	0	86	0	0	0	2066	476	0	0	690	0	8364	0	790	0	3038	118	1952	0	2122	0	1024	0	330	0	144	0	10422	0	336	0	104	0	0	0	622	78	514	0	78	0	82	0	140	0	0	0	0	0	148	0	0	0	0	0	
252144	Hippocampus_R	404	1790	560	1050	0	0	262	1106	0	0	0	930	0	0	0	0	0	2438	354	2266	0	0	0	0	0	0	0	0	0	7008	0	0	0	384	1714	3466	1672	0	1146	24266	0	8894	0	100	0	0	206	3316	0	0	0	0	0	98	208	22830	0	526	0	0	0	0	0	0	0	0	0	2574	210	710	128	258	0	10896	0	1078	1214	5342	0	1042	0	2146	0	472	0	1328	0	0	94	6224	0	302	0	168	0	0	0	2398	0	182	0	0	0	170	0	0	0	0	0	84	1778	0	92	96	92	0	
108012	ParaHippocampal_L	162	110	706	112	104	0	0	0	0	0	96	0	0	0	0	0	284	0	212	0	476	0	0	0	0	0	0	0	1898	0	0	0	0	0	2362	1670	13252	1146	0	414	2846	0	1064	0	0	0	2786	236	0	0	514	0	582	0	7880	286	488	0	0	0	0	0	204	0	0	0	1628	266	0	0	0	0	2778	0	96	0	996	0	178	0	220	0	548	0	144	0	174	0	2116	0	748	0	174	0	302	0	1742	0	1170	0	80	0	142	0	252	0	0	0	0	164	198	0	0	0	0	0	
180112	ParaHippocampal_R	230	406	198	500	0	0	120	546	0	0	0	476	0	0	0	108	0	998	114	498	0	174	0	0	0	0	0	0	0	3260	0	0	0	0	406	786	676	24266	414	0	0	7372	0	196	0	0	130	3366	0	0	0	0	0	0	0	20044	0	0	0	0	0	0	0	0	0	0	0	1320	0	0	0	100	0	5306	0	638	700	2898	0	456	0	924	0	1580	0	586	0	402	0	3414	0	738	0	286	0	172	84	3136	0	508	0	0	0	346	0	0	0	0	0	146	684	0	116	118	114	0	
51500	Amygdala_L	0	0	124	0	394	0	0	0	0	0	0	0	0	0	270	0	0	0	0	0	1416	152	0	0	0	0	80	86	3614	0	0	0	0	0	0	0	7830	0	2846	0	0	0	0	0	0	0	0	0	0	0	0	0	0	0	4678	0	0	0	0	0	0	0	0	0	0	0	0	0	0	0	508	0	1062	0	0	0	0	0	0	0	80	0	816	0	82	0	122	0	1590	0	0	0	0	0	0	0	0	0	0	0	0	0	0	0	0	0	0	0	0	0	0	0	0	0	0	0	
66004	Amygdala_R	0	0	0	264	0	132	0	0	0	0	0	0	0	0	0	720	0	0	0	0	0	1218	0	118	0	0	0	278	0	2398	0	108	0	0	0	0	0	8894	0	7372	0	0	0	0	0	0	0	0	0	0	0	0	0	0	0	7262	0	0	0	0	0	0	0	0	0	0	0	0	0	0	0	104	0	1716	0	624	0	0	0	0	0	90	0	1704	0	0	0	0	0	0	0	0	0	0	0	0	0	0	0	0	0	0	0	0	0	0	0	0	0	0	0	0	0	0	0	0	
281436	Calcarine_L	0	96	0	0	0	0	0	0	0	0	0	0	0	0	0	0	100	0	0	0	0	0	0	0	0	0	0	0	102	0	0	0	168	376	2626	844	1534	0	1064	0	0	0	0	10166	15476	7938	10388	4082	12996	2346	26296	928	12238	708	6432	220	342	150	0	0	0	0	82	0	130	0	13194	4022	210	100	0	0	0	0	0	0	0	0	240	0	0	0	0	0	988	224	0	0	396	384	146	0	0	0	0	0	902	0	884	82	0	0	0	0	0	0	0	0	0	0	896	222	0	0	0	0	
382852	Calcarine_R	482	1558	0	0	0	0	0	0	0	0	0	0	0	0	0	0	0	0	0	246	0	0	0	0	0	0	0	0	0	0	0	0	316	6012	82	4692	0	100	0	196	0	0	10166	0	2860	26654	1398	17152	644	21634	148	21444	0	15138	0	6742	0	4330	0	826	0	258	0	128	0	266	2290	29334	340	5262	0	0	0	0	0	0	0	0	0	0	0	288	0	0	0	5132	0	0	0	4804	0	268	0	0	0	0	0	0	0	236	0	0	0	0	0	0	0	0	0	0	0	0	0	0	0	0	
181100	Cuneus_L	0	0	0	0	0	0	0	0	0	0	0	0	0	0	0	0	0	0	0	0	0	0	0	0	0	0	0	0	0	0	0	0	728	98	796	92	0	0	0	0	0	0	15476	2860	0	7538	706	218	23906	1340	11874	626	2036	0	448	0	892	0	1866	0	0	0	0	0	168	0	13356	3828	682	0	0	0	0	0	0	0	0	0	0	0	0	0	0	0	790	0	0	0	226	0	0	0	0	0	0	0	0	0	0	0	0	0	0	0	0	0	0	0	0	0	0	0	0	0	0	0	
306596	Cuneus_R	846	162	0	0	0	0	0	0	0	0	0	0	0	0	0	0	0	0	0	278	0	0	0	0	0	0	0	0	0	0	0	0	532	9692	262	880	0	0	0	0	0	0	7938	26654	7538	0	0	1892	1848	34090	272	12818	102	732	0	254	0	1836	152	2594	0	216	0	0	0	550	8276	28368	502	3324	0	0	0	0	0	0	0	0	0	0	0	0	0	0	0	502	0	0	0	188	0	0	0	0	0	0	0	0	0	0	0	0	0	0	0	0	0	0	0	0	0	0	0	0	0	0	
230528	Lingual_L	0	0	0	0	0	0	0	0	0	0	0	0	0	0	0	0	82	0	0	0	0	0	0	0	0	0	0	0	0	0	0	0	0	0	1480	336	1850	206	2786	130	0	0	10388	1398	706	0	0	3504	976	0	10780	0	10426	0	16794	118	0	0	0	0	0	0	86	0	0	0	3600	234	0	0	0	0	0	0	0	0	78	0	78	0	78	0	0	0	198	0	0	0	406	0	6156	596	818	0	582	0	12938	818	14306	878	0	0	0	0	0	0	0	0	0	126	7316	3038	848	0	0	126	
279728	Lingual_R	0	176	0	0	0	0	0	0	0	0	0	0	0	0	0	0	0	104	0	86	0	0	0	0	0	0	0	0	0	126	0	0	0	520	92	2744	236	3316	236	3366	0	0	4082	17152	218	1892	3504	0	120	2862	410	1562	528	7264	2134	15190	0	170	0	0	0	0	0	0	0	0	180	9534	0	262	0	0	0	0	0	0	0	374	0	0	0	0	0	0	0	420	0	0	0	1530	4372	5780	668	0	218	0	3332	7718	8012	9292	0	0	0	0	706	0	0	0	0	324	8214	8984	1694	0	0	160	
238436	Occipital_Sup_L	0	0	0	0	0	0	0	0	0	0	0	0	0	0	0	0	136	0	0	0	0	0	0	0	0	0	0	0	154	0	0	0	3116	198	596	78	0	0	0	0	0	0	12996	644	23906	1848	976	120	0	378	32128	154	3718	0	704	0	590	0	11952	0	1582	0	0	0	296	0	18474	3440	250	0	0	0	0	0	0	0	0	0	0	0	0	0	0	0	512	0	0	0	194	0	0	0	0	0	0	0	0	0	0	0	0	0	0	0	0	0	0	0	0	0	78	0	0	0	0	0	
305708	Occipital_Sup_R	998	150	0	0	0	0	0	0	0	0	0	0	0	0	0	0	0	0	0	180	0	0	0	0	0	0	0	0	0	0	0	0	462	9048	134	466	0	0	0	0	0	0	2346	21634	1340	34090	0	2862	378	0	92	24090	102	2160	0	1438	0	1740	132	8758	0	4176	0	264	0	7724	4314	20728	448	1388	0	0	0	0	0	0	0	0	0	0	0	0	0	0	0	828	0	0	0	384	0	0	0	0	0	0	0	0	0	0	0	0	0	0	0	0	0	0	0	0	0	0	0	0	0	0	
491580	Occipital_Mid_L	372	0	0	0	0	0	0	0	0	0	0	0	0	0	0	0	2484	0	0	0	0	0	0	0	0	0	0	0	1108	0	0	0	1838	0	392	0	114	0	514	0	0	0	26296	148	11874	272	10780	410	32128	92	0	0	30394	0	10076	0	4934	0	15956	84	18480	0	1298	0	24432	0	21666	1018	1158	0	0	0	0	0	0	0	0	0	1392	0	1738	0	0	0	15972	0	0	0	3816	0	290	0	0	0	0	0	1356	0	1310	0	0	0	0	0	0	0	0	0	0	0	1306	292	0	0	0	0	
265596	Occipital_Mid_R	464	138	0	0	0	0	0	0	0	0	0	0	0	0	0	0	0	0	0	264	0	0	0	0	0	0	0	0	0	0	0	0	266	3430	0	522	0	0	0	0	0	0	928	21444	626	12818	0	1562	154	24090	0	0	0	7340	0	814	0	772	0	2860	0	7022	0	2068	0	15848	1138	10232	134	2364	0	0	0	0	0	0	0	0	0	0	0	432	0	0	0	11448	0	0	0	3620	0	0	0	0	0	0	0	0	0	0	0	0	0	0	0	0	0	0	0	0	0	0	0	0	0	0	
207888	Occipital_Inf_L	866	0	0	0	0	0	0	0	0	0	0	0	0	0	0	0	1038	0	0	318	0	0	0	0	0	0	0	0	730	0	0	0	136	476	406	0	78	0	582	0	0	0	12238	0	2036	102	10426	528	3718	102	30394	0	0	0	13148	0	234	0	100	0	170	0	2474	0	1530	0	3600	194	118	222	0	0	0	0	0	0	0	0	1592	0	1116	0	0	0	3196	0	0	0	3792	0	402	0	0	0	0	0	2416	0	2426	0	0	0	0	0	0	0	0	0	0	0	2396	644	0	0	0	0	
142372	Occipital_Inf_R	0	1512	0	0	0	0	0	0	0	0	0	0	0	0	0	0	0	0	0	0	0	0	0	0	0	0	0	0	0	0	0	0	0	454	0	4030	0	98	0	0	0	0	708	15138	0	732	0	7264	0	2160	0	7340	0	0	0	9106	0	1730	0	364	0	206	0	138	0	108	0	6488	0	524	0	0	0	0	0	0	0	0	0	136	0	286	0	0	0	3538	0	0	0	6918	84	436	0	0	0	0	0	82	154	670	0	0	0	0	90	0	0	0	0	0	96	470	126	0	0	0	
438104	Fusiform_L	1186	0	1120	0	0	0	100	0	0	0	0	0	0	0	82	0	1092	0	1014	0	354	0	0	0	0	0	0	0	6260	0	0	0	0	0	444	344	13410	208	7880	0	4678	0	6432	0	448	0	16794	2134	704	0	10076	0	13148	0	0	0	246	0	0	0	0	0	1010	0	448	0	1550	0	0	0	110	0	2314	0	0	0	82	0	6122	0	2532	0	3020	0	4786	0	2380	0	20206	0	21068	232	4672	0	154	0	15468	614	30110	286	922	0	2994	0	802	0	116	0	0	0	6156	2354	390	0	0	0	
345660	Fusiform_R	0	620	0	308	0	0	0	316	0	0	0	312	0	0	0	462	0	718	0	382	0	0	0	0	0	0	0	0	0	3560	0	0	0	294	222	1246	298	22830	286	20044	0	7262	220	6742	0	254	118	15190	0	1438	0	814	0	9106	0	0	0	656	0	210	0	0	0	0	0	0	0	2988	0	326	0	0	0	4990	0	730	132	1510	0	736	0	1850	0	7976	0	3170	0	2940	0	14736	230	12390	0	678	0	120	164	5232	686	13584	0	0	0	514	334	0	0	0	0	0	990	1664	252	0	0	0	
251644	Postcentral_L	24410	1992	2202	1788	0	0	1244	0	0	0	3736	0	84	0	0	0	8484	0	2064	1660	0	0	0	0	0	0	0	0	3486	0	94	0	1206	594	2492	138	584	0	488	0	0	0	342	0	892	0	0	0	590	0	4934	0	234	0	246	0	0	152	4828	0	18202	0	6702	0	1322	0	6980	140	9270	776	442	0	1652	0	168	0	928	0	2624	0	3426	0	0	0	3136	0	0	0	1090	0	0	0	0	0	0	0	0	0	0	0	0	0	0	0	0	0	0	0	0	0	0	0	0	0	0	0	
298636	Postcentral_R	886	24184	170	242	0	0	0	318	0	0	0	1590	0	0	0	0	0	6398	422	3244	0	0	0	0	0	0	0	0	0	2074	0	0	402	8258	2088	6082	0	526	0	0	0	0	150	4330	0	1836	0	170	0	1740	0	772	0	1730	0	656	152	0	0	13466	0	5380	0	10350	0	652	700	16742	3314	19020	304	874	0	1054	0	150	0	220	0	596	0	3310	0	0	0	1990	0	0	0	2776	0	0	0	0	0	0	0	0	0	0	0	0	0	0	0	0	0	0	0	0	0	0	0	0	0	0	
141396	Parietal_Sup_L	0	0	0	0	0	0	0	0	0	0	0	0	0	0	0	0	0	0	0	0	0	0	0	0	0	0	0	0	0	0	0	0	1836	82	0	0	0	0	0	0	0	0	0	0	1866	152	0	0	11952	132	15956	0	100	0	0	0	4828	0	0	96	12144	0	0	0	3856	0	15428	2052	106	0	0	0	0	0	0	0	0	0	0	0	0	0	0	0	112	0	0	0	0	0	0	0	0	0	0	0	0	0	0	0	0	0	0	0	0	0	0	0	0	0	0	0	0	0	0	0	
186228	Parietal_Sup_R	106	2996	120	0	0	0	0	308	0	0	0	706	0	0	0	0	0	106	106	0	0	0	0	0	0	0	0	0	0	0	0	0	0	232	0	158	0	0	0	0	0	0	0	826	0	2594	0	0	0	8758	84	2860	0	364	0	210	0	13466	96	0	0	16314	0	10686	0	8488	1654	13648	0	2338	0	144	0	0	0	0	0	0	0	0	0	632	0	0	0	3268	0	0	0	1846	0	0	0	0	0	0	0	0	0	0	0	0	0	0	0	0	0	0	0	0	0	0	0	0	0	0	
172844	Parietal_Inf_L	2474	0	0	0	0	0	164	0	0	0	0	0	0	0	0	0	108	0	0	0	0	0	0	0	0	0	0	0	120	0	0	0	240	0	0	0	0	0	0	0	0	0	0	0	0	0	0	0	1582	0	18480	0	170	0	0	0	18202	0	12144	0	0	0	8718	0	18672	0	4716	0	94	0	0	0	148	0	0	0	0	0	104	0	0	0	0	0	286	0	0	0	0	0	0	0	0	0	0	0	0	0	0	0	0	0	0	0	0	0	0	0	0	0	0	0	0	0	0	0	
187412	Parietal_Inf_R	260	2296	122	0	0	0	0	364	0	0	0	776	0	0	0	0	0	170	108	0	0	0	0	0	0	0	0	0	0	0	0	0	0	552	0	0	0	0	0	0	0	0	0	258	0	216	0	0	0	4176	0	7022	0	206	0	0	0	5380	0	16314	0	0	0	22280	0	20282	0	1050	0	520	0	348	0	0	0	0	0	0	0	0	0	1322	0	0	0	6610	0	0	0	3074	0	0	0	0	0	0	0	0	0	0	0	0	0	0	0	0	0	0	0	0	0	0	0	0	0	0	
105000	SupraMarginal_L	2268	0	0	0	0	0	0	0	0	0	0	0	0	0	0	0	5132	0	150	0	0	0	0	0	0	0	0	0	480	0	0	0	0	0	0	0	86	0	204	0	0	0	82	0	0	0	86	0	0	0	1298	0	2474	0	1010	0	6702	0	0	0	8718	0	0	0	5262	0	118	0	0	0	0	0	530	0	84	0	78	0	996	0	8340	0	0	0	6024	0	0	0	2378	0	0	0	0	0	0	0	0	0	0	0	0	0	0	0	0	0	0	0	0	0	0	0	0	0	0	0	
180488	SupraMarginal_R	272	2854	122	0	0	0	0	408	0	0	0	832	0	0	0	0	0	3252	108	222	0	0	0	0	0	0	0	0	0	166	0	0	0	530	0	0	0	0	0	0	0	0	0	128	0	0	0	0	0	264	0	2068	0	138	0	0	0	10350	0	10686	0	22280	0	0	0	10090	0	1016	0	612	0	678	0	0	0	0	0	82	0	274	0	7336	0	0	0	9844	0	0	0	5632	0	0	0	0	0	0	0	0	0	0	0	0	0	0	0	0	0	0	0	0	0	0	0	0	0	0	
152116	Angular_L	1432	0	0	0	0	0	0	0	0	0	0	0	0	0	0	0	364	0	0	0	0	0	0	0	0	0	0	0	238	0	0	0	204	0	0	0	0	0	0	0	0	0	130	0	168	0	0	0	296	0	24432	0	1530	0	448	0	1322	0	3856	0	18672	0	5262	0	0	0	3642	0	0	0	0	0	0	0	0	0	0	0	430	0	1982	0	0	0	9388	0	0	0	2262	0	0	0	0	0	0	0	0	0	0	0	0	0	0	0	0	0	0	0	0	0	0	0	0	0	0	0	
146844	Angular_R	286	166	0	0	0	0	0	0	0	0	0	0	0	0	0	0	0	0	0	0	0	0	0	0	0	0	0	0	0	0	0	0	0	784	0	0	0	0	0	0	0	0	0	266	0	550	0	0	0	7724	0	15848	0	108	0	0	0	652	0	8488	0	20282	0	10090	0	0	0	1222	0	360	0	0	0	0	0	0	0	0	0	0	0	1370	0	0	0	4428	0	0	0	798	0	0	0	0	0	0	0	0	0	0	0	0	0	0	0	0	0	0	0	0	0	0	0	0	0	0	
355168	Precuneus_L	132	414	0	0	0	0	0	0	0	0	0	0	0	0	0	0	492	0	0	90	0	0	0	0	0	0	0	0	106	0	0	0	6320	2730	7730	1206	2066	0	1628	0	0	0	13194	2290	13356	8276	3600	180	18474	4314	21666	1138	3600	0	1550	0	6980	700	15428	1654	4716	0	118	0	3642	0	0	19338	4176	738	0	0	0	0	0	0	0	0	82	0	406	0	0	0	3358	92	0	0	1388	0	0	0	0	0	0	0	118	0	0	0	0	0	0	0	0	0	0	0	0	0	98	0	0	0	0	0	
502492	Precuneus_R	1892	4008	0	0	0	0	0	0	0	0	0	0	0	0	0	0	0	0	112	1166	0	0	0	0	0	0	0	0	0	0	0	0	1706	18354	3530	11862	476	2574	266	1320	0	0	4022	29334	3828	28368	234	9534	3440	20728	1018	10232	194	6488	0	2988	140	16742	2052	13648	0	1050	0	1016	0	1222	19338	0	940	16288	0	0	0	0	0	0	0	0	0	0	0	616	0	0	0	3370	0	0	0	3686	0	0	0	0	0	0	0	1340	0	0	0	0	0	0	0	0	0	0	0	0	2124	0	0	0	0	0	
165860	Paracentral_Lobule_L	9220	1076	0	1444	0	0	0	0	0	0	0	0	0	0	0	0	0	0	3600	11614	0	0	0	0	0	0	0	0	0	0	98	0	4172	12642	5454	1584	0	210	0	0	0	0	210	340	682	502	0	0	250	448	1158	134	118	0	0	0	9270	3314	106	0	94	0	0	0	0	0	4176	940	0	7242	0	0	0	0	0	0	0	0	0	0	142	0	0	0	2034	0	0	0	656	0	0	0	0	0	0	0	0	0	0	0	0	0	0	0	0	0	0	0	0	0	0	0	0	0	0	0	
285300	Paracentral_Lobule_R	6568	14164	504	342	0	0	0	0	0	0	0	0	0	0	0	0	0	78	680	19666	0	0	0	0	0	0	0	0	0	0	0	0	1120	21784	2084	6280	0	710	0	0	0	0	100	5262	0	3324	0	262	0	1388	0	2364	222	524	0	326	776	19020	0	2338	0	520	0	612	0	360	738	16288	7242	0	1274	518	0	0	360	0	852	300	0	0	0	588	0	0	0	1308	0	0	0	1804	0	0	0	0	0	0	0	0	0	0	0	0	0	0	0	0	0	0	0	0	0	0	0	0	0	0	
287740	Caudate_L	1944	1980	8954	4474	1614	846	4362	1530	164	238	4870	2388	3862	2326	2462	1012	864	446	5402	2908	7168	10392	132	926	0	630	4098	3488	8660	3192	3196	3708	0	0	0	0	690	128	0	0	508	0	0	0	0	0	0	0	0	0	0	0	0	0	110	0	442	304	0	0	0	0	0	0	0	0	0	0	0	1274	0	13428	14938	4952	1620	530	4878	466	198	0	158	0	926	0	0	0	0	0	84	0	0	0	0	0	0	0	0	0	0	0	0	0	0	0	0	0	0	0	0	0	0	0	0	0	0	0	
401940	Caudate_R	508	9618	2094	25102	294	962	1392	3190	90	128	1598	4380	542	2160	650	3730	726	1456	1776	14610	3372	8794	164	6996	152	2046	2318	2398	2254	5712	4752	20866	0	446	0	0	0	258	0	100	0	104	0	0	0	0	0	0	0	0	0	0	0	0	0	0	0	874	0	144	0	348	0	678	0	0	0	0	0	518	13428	0	4614	21780	88	3492	446	17818	0	0	192	128	542	142	0	0	0	0	0	0	0	0	0	0	0	0	0	0	0	0	0	0	0	0	0	0	0	0	0	0	0	0	0	0	0	0	
296704	Putamen_L	2244	732	23638	1178	3716	518	2082	0	272	98	1346	116	2350	306	2912	344	1322	0	12556	550	2516	4932	2652	164	308	172	688	1456	19554	462	5824	526	0	0	0	284	8364	0	2778	0	1062	0	0	0	0	0	0	0	0	0	0	0	0	0	2314	0	1652	0	0	0	148	0	530	0	0	0	0	0	0	0	14938	4614	0	1408	5850	120	2898	88	244	0	1624	0	1272	0	150	0	0	0	2322	0	0	0	0	0	0	0	158	0	0	0	0	0	0	0	0	0	0	0	0	0	0	0	0	0	0	0	
368748	Putamen_R	82	3186	1282	15542	0	672	748	5480	0	184	228	5220	162	2836	178	2774	0	7796	1462	6850	1186	2958	152	7024	98	2030	946	1256	396	25316	2604	16028	0	558	0	0	0	10896	0	5306	0	1716	0	0	0	0	0	0	0	0	0	0	0	0	0	4990	0	1054	0	0	0	0	0	0	0	0	0	0	0	0	4952	21780	1408	0	0	3900	0	3002	0	456	0	4006	0	1698	0	2004	0	88	0	1884	0	0	0	0	0	0	0	0	0	0	0	0	0	0	0	0	0	0	0	0	0	0	0	0	0	0	
42132	Pallidum_L	0	396	4754	118	0	0	106	0	0	0	0	0	0	0	0	0	330	0	4038	392	0	110	0	0	0	0	0	0	0	0	0	0	0	0	0	0	790	0	96	0	0	0	0	0	0	0	0	0	0	0	0	0	0	0	0	0	168	0	0	0	0	0	84	0	0	0	0	0	0	360	1620	88	5850	0	0	0	1678	0	0	0	88	0	0	0	0	0	0	0	0	0	0	0	0	0	0	0	0	0	0	0	0	0	0	0	0	0	0	0	0	0	0	0	0	0	0	0	
38652	Pallidum_R	0	996	206	1526	0	0	0	1106	0	0	0	294	0	0	0	0	0	1282	118	868	0	236	0	116	0	0	0	0	0	706	0	238	0	0	0	0	0	1078	0	638	0	624	0	0	0	0	0	0	0	0	0	0	0	0	0	730	0	150	0	0	0	0	0	0	0	0	0	0	0	0	530	3492	120	3900	0	0	0	220	0	0	0	152	0	0	0	0	0	0	0	0	0	0	0	0	0	0	0	0	0	0	0	0	0	0	0	0	0	0	0	0	0	0	0	0	0	0	
100668	Thalamus_L	3708	1680	8446	970	0	0	1896	0	0	0	1560	0	0	0	0	0	1716	0	5484	996	0	0	0	0	0	0	0	0	200	152	0	0	0	0	402	1172	3038	1214	996	700	0	0	0	0	0	0	78	0	0	0	0	0	0	0	82	132	928	0	0	0	0	0	78	0	0	0	0	0	0	852	4878	446	2898	0	1678	0	0	3338	0	0	420	0	0	0	0	0	0	0	196	0	0	0	0	0	0	0	0	0	0	0	0	0	0	0	0	0	0	0	0	0	0	0	0	0	0	0	
167988	Thalamus_R	432	12082	1184	11884	0	0	290	1542	0	0	0	1256	0	0	0	100	0	1764	486	11918	0	98	0	0	0	0	0	0	0	3348	0	0	0	0	0	112	118	5342	0	2898	0	0	0	0	0	0	0	374	0	0	0	0	0	0	0	1510	0	220	0	0	0	0	0	82	0	0	0	0	0	300	466	17818	88	3002	0	220	3338	0	0	252	0	520	0	0	0	0	0	0	0	674	0	0	0	0	0	0	0	276	0	0	0	0	0	0	0	0	0	0	0	0	0	0	0	0	0	0	
101336	Heschl_L	3324	0	432	0	0	0	514	0	0	0	474	0	0	0	0	0	4750	0	200	0	0	0	0	0	0	0	0	0	7756	0	0	0	0	0	0	0	1952	0	178	0	0	0	240	0	0	0	78	0	0	0	1392	0	1592	0	6122	0	2624	0	0	0	104	0	996	0	430	0	82	0	0	0	198	0	244	0	0	0	0	0	0	0	6196	0	0	0	5706	0	0	0	5084	0	0	0	0	0	0	0	0	0	0	0	0	0	0	0	0	0	0	0	0	0	0	0	0	0	0	0	
43924	Heschl_R	0	660	0	138	0	0	0	104	0	0	0	0	0	0	0	0	0	2718	0	240	0	0	0	0	0	0	0	0	0	3278	0	0	0	0	0	0	0	1042	0	456	0	0	0	0	0	0	0	0	0	0	0	0	0	136	0	736	0	596	0	0	0	0	0	274	0	0	0	0	0	0	0	0	0	456	0	0	0	252	0	0	0	7034	0	0	0	2122	0	0	0	1720	0	0	0	0	0	0	0	0	0	0	0	0	0	0	0	0	0	0	0	0	0	0	0	0	0	0	
251072	Temporal_Sup_L	2582	114	5816	326	0	0	1174	0	0	0	4950	100	0	0	0	0	15542	100	2766	172	0	0	0	0	0	0	0	0	9438	102	0	172	0	0	0	0	2122	0	220	0	80	0	0	0	0	0	78	0	0	0	1738	0	1116	0	2532	0	3426	0	0	0	0	0	8340	0	1982	0	406	0	142	0	158	192	1624	0	88	0	420	0	6196	0	0	0	1582	0	32782	0	0	0	16958	0	0	0	0	0	0	0	0	0	0	0	0	0	0	0	0	0	0	0	0	0	0	0	0	0	0	0	
188020	Temporal_Sup_R	0	3550	0	492	0	0	0	766	0	0	0	1932	0	0	0	0	0	7516	142	570	0	0	0	0	0	0	0	0	0	9994	0	0	0	292	0	0	0	2146	0	924	0	90	0	288	0	0	0	0	0	0	0	432	0	286	0	1850	0	3310	0	632	0	1322	0	7336	0	1370	0	616	0	588	0	128	0	4006	0	152	0	520	0	7034	0	0	0	4698	0	20572	0	292	0	10164	0	0	0	0	0	0	0	0	0	0	0	0	0	0	0	0	0	0	0	0	0	0	0	0	0	0	
105948	Temporal_Pole_Sup_L	0	0	1188	94	1858	0	440	0	156	0	2214	302	570	96	3262	0	1714	230	246	0	1168	0	0	0	0	0	114	0	6796	334	140	442	0	0	0	0	1024	0	548	0	816	0	0	0	0	0	0	0	0	0	0	0	0	0	3020	0	0	0	0	0	0	0	0	0	0	0	0	0	0	0	926	542	1272	0	0	0	0	0	0	0	1582	0	0	0	8268	0	5002	0	8610	0	0	0	0	0	0	0	0	0	0	0	0	0	0	0	0	0	0	0	0	0	0	0	0	0	0	0	
96040	Temporal_Pole_Sup_R	98	0	110	1066	0	0	162	172	0	0	0	1964	0	170	0	1350	0	2048	0	834	0	104	0	0	0	0	0	0	0	5686	0	208	0	0	0	0	0	472	0	1580	0	1704	0	0	0	0	0	0	0	0	0	0	0	0	0	7976	0	0	0	0	0	0	0	0	0	0	0	0	0	0	0	142	0	1698	0	0	0	0	0	0	0	4698	0	0	0	6066	0	5486	0	4226	0	0	0	0	0	0	0	0	0	0	0	0	0	0	0	0	0	0	0	0	0	0	0	0	0	0	
306908	Temporal_Mid_L	564	0	536	0	0	0	0	0	0	0	0	0	0	0	0	0	5566	0	88	0	0	0	0	0	0	0	0	0	2344	0	0	0	90	0	152	0	330	0	144	0	82	0	988	0	790	0	198	0	512	0	15972	0	3196	0	4786	0	3136	0	112	0	286	0	6024	0	9388	0	3358	0	2034	0	0	0	150	0	0	0	0	0	5706	0	32782	0	8268	0	0	0	5570	0	40126	0	176	0	0	0	0	0	0	0	0	0	0	0	0	0	0	0	0	0	0	0	0	0	0	0	0	0	
260412	Temporal_Mid_R	212	2994	0	0	0	0	0	438	0	0	0	478	0	0	0	782	0	662	0	222	0	0	0	0	0	0	0	0	0	4042	0	0	0	1108	0	1424	0	1328	0	586	0	0	224	5132	0	502	0	420	0	828	0	11448	0	3538	0	3170	0	1990	0	3268	0	6610	0	9844	0	4428	92	3370	0	1308	0	0	0	2004	0	0	0	0	0	2122	0	20572	0	6066	0	0	0	2984	0	26010	0	0	0	0	0	0	0	0	0	0	0	0	0	0	0	0	0	0	0	0	0	0	0	0	0	0	
38724	Temporal_Pole_Mid_L	0	0	0	0	0	0	0	0	0	0	0	0	0	0	0	0	0	0	0	0	0	0	0	0	0	0	0	0	0	0	0	0	0	0	0	0	144	0	174	0	122	0	0	0	0	0	0	0	0	0	0	0	0	0	2380	0	0	0	0	0	0	0	0	0	0	0	0	0	0	0	0	0	0	0	0	0	0	0	0	0	0	0	5002	0	5570	0	0	0	5970	0	0	0	0	0	0	0	0	0	0	0	0	0	0	0	0	0	0	0	0	0	0	0	0	0	0	0	
31268	Temporal_Pole_Mid_R	0	0	0	0	0	0	0	0	0	0	0	0	0	0	0	0	0	0	0	0	0	0	0	0	0	0	0	0	0	114	0	0	0	0	0	0	0	0	0	402	0	0	0	0	0	0	0	0	0	0	0	0	0	0	0	2940	0	0	0	0	0	0	0	0	0	0	0	0	0	0	0	0	0	88	0	0	0	0	0	0	0	292	0	5486	0	2984	0	0	0	3328	0	0	0	0	0	0	0	0	0	0	0	0	0	0	0	0	0	0	0	0	0	0	0	0	0	0	
303660	Temporal_Inf_L	818	0	1982	0	0	0	196	0	0	0	110	0	0	0	0	0	1808	0	1320	0	0	0	0	0	0	0	0	0	6204	0	0	0	0	0	176	224	10422	94	2116	0	1590	0	396	0	226	0	406	0	194	0	3816	0	3792	0	20206	0	1090	0	0	0	0	0	2378	0	2262	0	1388	0	656	0	84	0	2322	0	0	0	196	0	5084	0	16958	0	8610	0	40126	0	5970	0	0	0	4240	0	1192	0	158	0	504	0	1194	0	444	0	792	0	86	0	0	0	0	0	0	0	0	0	0	0	
252892	Temporal_Inf_R	0	4474	0	0	0	0	0	552	0	0	0	584	0	0	0	424	0	398	0	280	0	0	0	0	0	0	0	0	0	2494	0	0	0	1074	0	3136	0	6224	0	3414	0	0	384	4804	0	188	0	1530	0	384	0	3620	0	6918	0	14736	0	2776	0	1846	0	3074	0	5632	0	798	0	3686	0	1804	0	0	0	1884	0	0	0	674	0	1720	0	10164	0	4226	0	26010	0	3328	0	0	0	2338	0	224	0	0	0	0	0	400	0	0	0	244	0	0	0	0	0	0	0	0	0	0	0	0	
474996	Cerebelum_Crus1_L	0	0	0	0	0	0	0	0	0	0	0	0	0	0	0	0	0	0	0	0	0	0	0	0	0	0	0	0	0	0	0	0	0	0	0	0	336	0	748	0	0	0	146	0	0	0	6156	4372	0	0	290	0	402	84	21068	230	0	0	0	0	0	0	0	0	0	0	0	0	0	0	0	0	0	0	0	0	0	0	0	0	0	0	0	0	176	0	0	0	4240	0	0	4938	32688	1844	3284	220	23718	800	60980	5430	9520	0	16914	476	8618	488	1724	0	1512	2080	5860	7592	6810	1992	1246	516	
450232	Cerebelum_Crus1_R	0	0	0	0	0	0	0	0	0	0	0	0	0	0	0	0	0	0	0	0	0	0	0	0	0	0	0	0	0	0	0	0	0	0	0	0	0	302	0	738	0	0	0	268	0	0	596	5780	0	0	0	0	0	436	232	12390	0	0	0	0	0	0	0	0	0	0	0	0	0	0	0	0	0	0	0	0	0	0	0	0	0	0	0	0	0	0	0	0	0	2338	4938	0	4474	33968	0	6226	1442	22842	3824	55754	824	6396	984	20900	334	6296	0	620	436	2184	6448	6008	11206	3230	2574	128	
373308	Cerebelum_Crus2_L	0	0	0	0	0	0	0	0	0	0	0	0	0	0	0	0	0	0	0	0	0	0	0	0	0	0	0	0	0	0	0	0	0	0	0	0	104	0	174	0	0	0	0	0	0	0	818	668	0	0	0	0	0	0	4672	0	0	0	0	0	0	0	0	0	0	0	0	0	0	0	0	0	0	0	0	0	0	0	0	0	0	0	0	0	0	0	0	0	1192	0	32688	4474	0	8264	808	0	3946	116	12916	2948	38904	666	40982	512	12126	134	2938	0	254	362	602	1938	10266	2414	618	150	
307748	Cerebelum_Crus2_R	0	0	0	0	0	0	0	0	0	0	0	0	0	0	0	0	0	0	0	0	0	0	0	0	0	0	0	0	0	0	0	0	0	0	0	0	0	168	0	286	0	0	0	0	0	0	0	0	0	0	0	0	0	0	0	678	0	0	0	0	0	0	0	0	0	0	0	0	0	0	0	0	0	0	0	0	0	0	0	0	0	0	0	0	0	0	0	0	0	224	1844	33968	8264	0	0	1536	320	2838	670	9002	5008	20856	4226	32524	104	10186	0	662	256	520	420	296	10076	5702	3148	92	
49520	Cerebelum_3_L	0	0	0	0	0	0	0	0	0	0	0	0	0	0	0	0	0	0	0	0	0	0	0	0	0	0	0	0	0	0	0	0	0	0	0	0	0	0	302	0	0	0	0	0	0	0	582	218	0	0	0	0	0	0	154	0	0	0	0	0	0	0	0	0	0	0	0	0	0	0	0	0	0	0	0	0	0	0	0	0	0	0	0	0	0	0	0	0	158	0	3284	0	808	0	0	94	7966	82	3518	120	404	0	600	0	1152	0	0	0	1736	2650	850	82	0	0	0	0	
57852	Cerebelum_3_R	0	0	0	0	0	0	0	0	0	0	0	0	0	0	0	0	0	0	0	0	0	0	0	0	0	0	0	0	0	0	0	0	0	0	0	0	0	0	0	172	0	0	0	0	0	0	0	0	0	0	0	0	0	0	0	120	0	0	0	0	0	0	0	0	0	0	0	0	0	0	0	0	0	0	0	0	0	0	0	0	0	0	0	0	0	0	0	0	0	0	220	6226	0	1536	94	0	288	5352	220	6872	0	0	0	1162	0	506	0	0	430	2804	616	170	762	750	626	0	
329180	Cerebelum_4_5_L	0	0	0	0	0	0	0	0	0	0	0	0	0	0	0	0	0	0	0	0	0	0	0	0	0	0	0	0	0	0	0	0	0	0	0	0	622	0	1742	84	0	0	902	0	0	0	12938	3332	0	0	1356	0	2416	0	15468	164	0	0	0	0	0	0	0	0	0	0	118	0	0	0	0	0	158	0	0	0	0	0	0	0	0	0	0	0	0	0	0	0	504	0	23718	1442	3946	320	7966	288	0	3010	40254	2460	1570	0	2548	324	4808	394	0	0	2996	4390	19100	3244	424	424	314	846	
210664	Cerebelum_4_5_R	0	0	0	0	0	0	0	0	0	0	0	0	0	0	0	0	0	88	0	0	0	0	0	0	0	0	0	0	0	90	0	0	0	0	0	198	78	2398	0	3136	0	0	0	0	0	0	818	7718	0	0	0	0	0	82	614	5232	0	0	0	0	0	0	0	0	0	0	0	1340	0	0	0	0	0	0	0	0	0	276	0	0	0	0	0	0	0	0	0	0	0	0	800	22842	116	2838	82	5352	3010	0	2240	27014	0	0	0	2304	250	518	0	0	0	1568	11468	796	624	656	624	162	
506460	Cerebelum_6_L	0	0	0	0	0	0	0	0	0	0	0	0	0	0	0	0	0	0	0	0	0	0	0	0	0	0	0	0	134	0	0	0	0	0	0	0	514	0	1170	0	0	0	884	0	0	0	14306	8012	0	0	1310	0	2426	154	30110	686	0	0	0	0	0	0	0	0	0	0	0	0	0	0	0	0	0	0	0	0	0	0	0	0	0	0	0	0	0	0	0	0	1194	0	60980	3824	12916	670	3518	220	40254	2240	0	6190	3212	0	6876	422	8714	824	518	0	1974	2586	16908	11956	3804	1268	1430	1026	
377536	Cerebelum_6_R	0	0	0	0	0	0	0	0	0	0	0	0	0	0	0	0	0	0	0	0	0	0	0	0	0	0	0	0	0	0	0	0	0	0	0	0	0	182	0	508	0	0	82	236	0	0	878	9292	0	0	0	0	0	670	286	13584	0	0	0	0	0	0	0	0	0	0	0	0	0	0	0	0	0	0	0	0	0	0	0	0	0	0	0	0	0	0	0	0	0	400	5430	55754	2948	9002	120	6872	2460	27014	6190	0	88	130	98	6252	876	2370	0	354	814	2706	10004	10702	8402	1986	1832	246	
250348	Cerebelum_7b_L	0	0	0	0	0	0	0	0	0	0	0	0	0	0	0	0	0	0	0	0	0	0	0	0	0	0	0	0	0	0	0	0	0	0	0	0	78	0	80	0	0	0	0	0	0	0	0	0	0	0	0	0	0	0	922	0	0	0	0	0	0	0	0	0	0	0	0	0	0	0	0	0	0	0	0	0	0	0	0	0	0	0	0	0	0	0	0	0	444	0	9520	824	38904	5008	404	0	1570	0	3212	88	0	1280	39542	1238	11654	0	2060	0	0	0	0	154	4712	3356	124	0	
120540	Cerebelum_7b_R	0	0	0	0	0	0	0	0	0	0	0	0	0	0	0	0	0	0	0	0	0	0	0	0	0	0	0	0	0	0	0	0	0	0	0	0	0	0	0	0	0	0	0	0	0	0	0	0	0	0	0	0	0	0	0	0	0	0	0	0	0	0	0	0	0	0	0	0	0	0	0	0	0	0	0	0	0	0	0	0	0	0	0	0	0	0	0	0	0	0	0	6396	666	20856	0	0	0	0	0	130	1280	0	1572	20182	0	6298	0	262	0	0	0	0	380	2162	86	0	
313680	Cerebelum_8_L	0	0	0	0	0	0	0	0	0	0	0	0	0	0	0	0	0	0	0	0	0	0	0	0	0	0	0	0	0	0	0	0	0	0	0	0	82	0	142	0	0	0	0	0	0	0	0	0	0	0	0	0	0	0	2994	0	0	0	0	0	0	0	0	0	0	0	0	0	0	0	0	0	0	0	0	0	0	0	0	0	0	0	0	0	0	0	0	0	792	0	16914	984	40982	4226	600	0	2548	0	6876	98	39542	1572	0	2644	19062	242	4420	0	0	0	0	202	4212	6392	1314	0	
248904	Cerebelum_8_R	0	0	0	0	0	0	0	0	0	0	0	0	0	0	0	0	0	0	0	0	0	0	0	0	0	0	0	0	0	0	0	0	0	0	0	0	0	170	0	346	0	0	0	0	0	0	0	0	0	0	0	0	0	0	0	514	0	0	0	0	0	0	0	0	0	0	0	0	0	0	0	0	0	0	0	0	0	0	0	0	0	0	0	0	0	0	0	0	0	244	476	20900	512	32524	0	1162	324	2304	422	6252	1238	20182	2644	0	158	19612	0	1278	290	510	396	152	2216	5758	3718	150	
170008	Cerebelum_9_L	0	0	0	0	0	0	0	0	0	0	0	0	0	0	0	0	0	0	0	0	0	0	0	0	0	0	0	0	0	0	0	0	0	0	0	0	140	0	252	0	0	0	0	0	0	0	0	706	0	0	0	0	0	90	802	334	0	0	0	0	0	0	0	0	0	0	0	0	0	0	0	0	0	0	0	0	0	0	0	0	0	0	0	0	0	0	0	0	86	0	8618	334	12126	104	1152	0	4808	250	8714	876	11654	0	19062	158	0	990	4938	0	282	374	1464	2634	242	740	1666	1408	
137928	Cerebelum_9_R	0	0	0	0	0	0	0	0	0	0	0	0	0	0	0	0	0	0	0	0	0	0	0	0	0	0	0	0	0	0	0	0	0	0	0	0	0	0	0	0	0	0	0	0	0	0	0	0	0	0	0	0	0	0	0	0	0	0	0	0	0	0	0	0	0	0	0	0	0	0	0	0	0	0	0	0	0	0	0	0	0	0	0	0	0	0	0	0	0	0	488	6296	134	10186	0	506	394	518	824	2370	0	6298	242	19612	990	0	0	1502	158	242	586	2464	2742	4268	6096	2048	
33428	Cerebelum_10_L	0	0	0	0	0	0	0	0	0	0	0	0	0	0	0	0	0	0	0	0	0	0	0	0	0	0	0	0	0	0	0	0	0	0	0	0	0	0	0	0	0	0	0	0	0	0	0	0	0	0	0	0	0	0	116	0	0	0	0	0	0	0	0	0	0	0	0	0	0	0	0	0	0	0	0	0	0	0	0	0	0	0	0	0	0	0	0	0	0	0	1724	0	2938	0	0	0	0	0	518	0	2060	0	4420	0	4938	0	0	0	0	0	0	0	0	0	0	0	
10368	Cerebelum_10_R	0	0	0	0	0	0	0	0	0	0	0	0	0	0	0	0	0	0	0	0	0	0	0	0	0	0	0	0	0	0	0	0	0	0	0	0	0	0	0	0	0	0	0	0	0	0	0	0	0	0	0	0	0	0	0	0	0	0	0	0	0	0	0	0	0	0	0	0	0	0	0	0	0	0	0	0	0	0	0	0	0	0	0	0	0	0	0	0	0	0	0	620	0	662	0	0	0	0	0	354	0	262	0	1278	0	1502	0	0	0	0	0	0	100	190	216	0	
40168	Vermis_1_2	0	0	0	0	0	0	0	0	0	0	0	0	0	0	0	0	0	0	0	0	0	0	0	0	0	0	0	0	0	0	0	0	0	0	0	0	0	0	0	0	0	0	0	0	0	0	0	0	0	0	0	0	0	0	0	0	0	0	0	0	0	0	0	0	0	0	0	0	0	0	0	0	0	0	0	0	0	0	0	0	0	0	0	0	0	0	0	0	0	0	1512	436	254	256	1736	430	2996	0	1974	814	0	0	0	290	282	158	0	0	0	5212	2332	458	362	410	172	0	
68316	Vermis_3	0	0	0	0	0	0	0	0	0	0	0	0	0	0	0	0	0	0	0	0	0	0	0	0	0	0	0	0	0	0	0	0	0	0	0	0	0	84	164	146	0	0	0	0	0	0	126	324	0	0	0	0	0	0	0	0	0	0	0	0	0	0	0	0	0	0	0	0	0	0	0	0	0	0	0	0	0	0	0	0	0	0	0	0	0	0	0	0	0	0	2080	2184	362	520	2650	2804	4390	1568	2586	2706	0	0	0	510	374	242	0	0	5212	0	3428	268	562	578	290	0	
246900	Vermis_4_5	0	0	0	0	0	0	0	0	0	0	0	0	0	0	0	0	0	0	0	0	0	0	0	0	0	0	0	0	0	0	0	0	0	0	122	874	148	1778	198	684	0	0	896	0	0	0	7316	8214	78	0	1306	0	2396	96	6156	990	0	0	0	0	0	0	0	0	0	0	98	2124	0	0	0	0	0	0	0	0	0	0	0	0	0	0	0	0	0	0	0	0	0	0	5860	6448	602	420	850	616	19100	11468	16908	10004	0	0	0	396	1464	586	0	0	2332	3428	0	6414	380	436	542	1722	
