data	data	479688	204264	1.34248e+06	1.04314e+06	229804	72900	845184	302572	127772	40552	229584	232992	390128	366940	249284	236704	183988	135184	908544	983264	152712	129296	638276	672760	105920	157212	121840	121744	801052	636668	577148	1.02246e+06	267780	772484	107224	116612	258964	267224	74384	121872	42760	67920	229280	276264	140944	222108	198776	200936	182184	158688	463204	186512	122772	100004	301272	257212	284884	175696	158232	95064	259476	118084	182520	92092	173716	160012	291296	357500	261228	114692	335072	855128	465504	451360	37068	41144	174408	184588	106596	43868	299392	151804	122236	91524	360080	195876	25192	46276	390128	265920	501484	506192	343320	239076	25708	59124	345244	229228	516816	448544	169172	83800	245796	213732	168652	115116	24356	17780	32676	74900	249740	194608	187580	102544	70376	20376	
data	data	Precentral_L	Precentral_R	Frontal_Sup_L	Frontal_Sup_R	Frontal_Sup_Orb_L	Frontal_Sup_Orb_R	Frontal_Mid_L	Frontal_Mid_R	Frontal_Mid_Orb_L	Frontal_Mid_Orb_R	Frontal_Inf_Oper_L	Frontal_Inf_Oper_R	Frontal_Inf_Tri_L	Frontal_Inf_Tri_R	Frontal_Inf_Orb_L	Frontal_Inf_Orb_R	Rolandic_Oper_L	Rolandic_Oper_R	Supp_Motor_Area_L	Supp_Motor_Area_R	Olfactory_L	Olfactory_R	Frontal_Sup_Medial_L	Frontal_Sup_Medial_R	Frontal_Med_Orb_L	Frontal_Med_Orb_R	Rectus_L	Rectus_R	Insula_L	Insula_R	Cingulum_Ant_L	Cingulum_Ant_R	Cingulum_Mid_L	Cingulum_Mid_R	Cingulum_Post_L	Cingulum_Post_R	Hippocampus_L	Hippocampus_R	ParaHippocampal_L	ParaHippocampal_R	Amygdala_L	Amygdala_R	Calcarine_L	Calcarine_R	Cuneus_L	Cuneus_R	Lingual_L	Lingual_R	Occipital_Sup_L	Occipital_Sup_R	Occipital_Mid_L	Occipital_Mid_R	Occipital_Inf_L	Occipital_Inf_R	Fusiform_L	Fusiform_R	Postcentral_L	Postcentral_R	Parietal_Sup_L	Parietal_Sup_R	Parietal_Inf_L	Parietal_Inf_R	SupraMarginal_L	SupraMarginal_R	Angular_L	Angular_R	Precuneus_L	Precuneus_R	Paracentral_Lobule_L	Paracentral_Lobule_R	Caudate_L	Caudate_R	Putamen_L	Putamen_R	Pallidum_L	Pallidum_R	Thalamus_L	Thalamus_R	Heschl_L	Heschl_R	Temporal_Sup_L	Temporal_Sup_R	Temporal_Pole_Sup_L	Temporal_Pole_Sup_R	Temporal_Mid_L	Temporal_Mid_R	Temporal_Pole_Mid_L	Temporal_Pole_Mid_R	Temporal_Inf_L	Temporal_Inf_R	Cerebelum_Crus1_L	Cerebelum_Crus1_R	Cerebelum_Crus2_L	Cerebelum_Crus2_R	Cerebelum_3_L	Cerebelum_3_R	Cerebelum_4_5_L	Cerebelum_4_5_R	Cerebelum_6_L	Cerebelum_6_R	Cerebelum_7b_L	Cerebelum_7b_R	Cerebelum_8_L	Cerebelum_8_R	Cerebelum_9_L	Cerebelum_9_R	Cerebelum_10_L	Cerebelum_10_R	Vermis_1_2	Vermis_3	Vermis_4_5	Vermis_6	Vermis_7	Vermis_8	Vermis_9	Vermis_10	
479688	Precentral_L	0	0	28116	568	0	0	22010	0	0	0	15198	0	8002	0	0	0	5562	0	18780	8598	0	0	236	0	0	0	0	0	14178	0	216	352	504	3664	3880	2388	8726	2550	248	426	0	0	330	0	0	0	412	272	0	0	1488	0	356	0	186	150	26570	0	250	0	5844	0	1062	0	478	0	494	96	28010	0	354	0	7430	0	1608	0	9358	736	3198	0	2068	0	238	0	2072	0	0	0	2582	0	0	0	0	0	0	0	0	0	0	0	0	0	0	0	0	0	0	0	0	0	0	0	0	0	0	0	
204264	Precentral_R	0	0	0	20046	0	0	0	8368	0	0	0	6342	0	1088	0	0	0	1222	0	5302	0	0	0	130	0	0	0	0	0	2614	0	614	0	278	0	458	0	2064	0	254	0	0	0	472	0	594	0	176	0	478	0	284	0	0	0	398	0	18878	0	318	0	788	0	2496	0	382	0	1196	0	3040	1672	5170	238	3502	0	176	700	10540	0	170	0	410	0	0	0	150	0	0	0	1124	0	0	0	0	0	0	0	0	0	0	0	0	0	0	0	0	0	0	0	0	0	0	0	0	0	0	
1.34248e+06	Frontal_Sup_L	28116	0	0	16370	10690	154	91996	952	9460	0	22072	690	23780	2532	12726	842	8392	0	88476	31700	1230	396	64876	22918	2524	1826	3188	436	45186	2070	28772	25462	10382	25840	0	98	3694	140	142	0	274	0	0	0	0	0	0	102	0	0	0	0	0	0	262	0	3828	0	0	0	254	0	0	0	0	0	0	0	4292	0	6320	6530	38526	696	4840	0	3984	272	2414	0	5390	0	1484	0	1256	0	0	0	2388	0	0	0	0	0	0	0	0	0	0	0	0	0	0	0	0	0	0	0	0	0	0	0	0	0	0	0	
1.04314e+06	Frontal_Sup_R	568	20046	16370	0	354	5446	6958	42614	0	3442	196	10886	802	14408	96	15130	0	4526	15700	57914	348	1044	13080	45586	198	5922	232	4214	2834	27286	8470	44936	4120	27280	0	436	0	4788	0	1030	0	188	0	0	0	0	0	108	0	0	0	0	0	0	0	712	0	1440	0	0	0	0	0	176	0	0	0	0	0	0	4356	50948	1434	27448	0	3834	1378	18480	0	130	0	734	0	1976	0	110	0	0	0	860	0	0	0	0	0	0	0	0	0	0	0	0	0	0	0	0	0	0	0	0	0	0	0	0	0	0	
229804	Frontal_Sup_Orb_L	0	0	10690	354	0	198	2312	0	13046	0	0	0	580	0	14690	282	0	0	274	122	6140	1968	7254	1066	9088	3274	11354	996	5282	366	10250	4446	0	0	0	0	0	0	0	0	470	0	0	0	0	0	0	0	0	0	0	0	0	0	0	0	0	0	0	0	0	0	0	0	0	0	0	0	0	0	3306	696	4554	106	0	0	0	0	0	0	0	0	1738	0	0	0	0	0	0	0	0	0	0	0	0	0	0	0	0	0	0	0	0	0	0	0	0	0	0	0	0	0	0	0	0	0	
72900	Frontal_Sup_Orb_R	0	0	154	5446	198	0	0	1018	0	3982	0	0	0	0	138	2928	0	0	0	0	806	1696	228	2718	442	5132	360	4234	152	542	808	1282	0	0	0	0	0	0	0	0	0	0	0	0	0	0	0	0	0	0	0	0	0	0	0	0	0	0	0	0	0	0	0	0	0	0	0	0	0	0	532	1824	218	1612	0	0	0	0	0	0	0	0	0	0	0	0	0	0	0	0	0	0	0	0	0	0	0	0	0	0	0	0	0	0	0	0	0	0	0	0	0	0	0	0	0	0	
845184	Frontal_Mid_L	22010	0	91996	6958	2312	0	0	1232	9084	0	12346	392	49334	1202	18854	320	546	0	20664	16390	1176	316	16544	5154	0	0	968	120	49732	996	10262	10464	5608	12108	128	0	1882	200	150	0	180	0	0	0	0	0	0	0	0	0	0	0	0	0	0	0	1120	0	0	0	160	0	0	0	0	0	0	0	294	0	14796	6142	24082	662	0	0	1576	384	1044	0	502	0	1458	0	446	0	0	0	298	0	0	0	0	0	0	0	0	0	0	0	0	0	0	0	0	0	0	0	0	0	0	0	0	0	0	0	
302572	Frontal_Mid_R	0	8368	952	42614	0	1018	1232	0	0	2070	0	12428	0	13916	0	6110	0	812	592	4524	0	92	1126	7800	0	0	0	0	628	10632	1188	9172	1100	4060	0	0	0	782	0	114	0	0	0	0	0	0	0	0	0	0	0	0	0	0	0	0	0	494	0	0	0	0	0	0	0	0	0	0	0	0	1458	10414	146	5486	0	254	0	1190	0	0	0	0	0	514	0	0	0	0	0	0	0	0	0	0	0	0	0	0	0	0	0	0	0	0	0	0	0	0	0	0	0	0	0	0	0	0	
127772	Frontal_Mid_Orb_L	0	0	9460	0	13046	0	9084	0	0	0	0	0	1484	0	19958	0	0	0	158	0	252	0	200	0	1064	250	1266	0	1992	0	536	216	0	0	0	0	0	0	0	0	0	0	0	0	0	0	0	0	0	0	0	0	0	0	0	0	0	0	0	0	0	0	0	0	0	0	0	0	0	0	166	0	4096	0	0	0	0	0	0	0	0	0	658	0	0	0	0	0	0	0	0	0	0	0	0	0	0	0	0	0	0	0	0	0	0	0	0	0	0	0	0	0	0	0	0	0	
40552	Frontal_Mid_Orb_R	0	0	0	3442	0	3982	0	2070	0	0	0	92	0	302	0	7368	0	0	0	0	0	0	0	0	0	222	0	0	0	800	0	0	0	0	0	0	0	0	0	0	0	0	0	0	0	0	0	0	0	0	0	0	0	0	0	0	0	0	0	0	0	0	0	0	0	0	0	0	0	0	0	526	0	1472	0	0	0	0	0	0	0	0	0	0	0	0	0	0	0	0	0	0	0	0	0	0	0	0	0	0	0	0	0	0	0	0	0	0	0	0	0	0	0	0	0	0	
229584	Frontal_Inf_Oper_L	15198	0	22072	196	0	0	12346	0	0	0	0	0	19410	0	136	0	8094	0	14414	1942	0	0	628	0	0	0	0	0	11112	0	144	190	0	494	0	0	134	0	0	0	0	0	0	0	0	0	0	0	0	0	0	0	0	0	0	0	3156	0	0	0	0	0	0	0	0	0	0	0	0	0	0	0	430	0	0	0	0	0	746	0	2162	0	1788	0	0	0	0	0	0	0	0	0	0	0	0	0	0	0	0	0	0	0	0	0	0	0	0	0	0	0	0	0	0	0	0	0	
232992	Frontal_Inf_Oper_R	0	6342	690	10886	0	0	392	12428	0	92	0	0	0	13736	0	922	0	4176	910	7670	0	0	868	2112	0	0	0	0	214	20424	756	4748	100	1542	0	0	0	478	0	0	0	0	0	0	0	0	0	0	0	0	0	0	0	0	0	0	0	1382	0	0	0	0	0	0	0	0	0	0	0	0	218	13092	0	8796	0	232	0	466	0	0	0	412	0	2412	0	0	0	0	0	0	0	0	0	0	0	0	0	0	0	0	0	0	0	0	0	0	0	0	0	0	0	0	0	0	0	0	
390128	Frontal_Inf_Tri_L	8002	0	23780	802	580	0	49334	0	1484	0	19410	0	0	400	10764	172	1522	0	12104	5326	360	104	2640	1106	0	0	196	0	41016	284	1444	1774	604	3428	0	0	276	0	0	0	0	0	0	0	0	0	0	0	0	0	0	0	0	0	0	0	470	0	0	0	0	0	0	0	0	0	0	0	0	0	1206	950	2934	0	0	0	0	0	262	0	744	0	1586	0	0	0	0	0	0	0	0	0	0	0	0	0	0	0	0	0	0	0	0	0	0	0	0	0	0	0	0	0	0	0	0	0	
366940	Frontal_Inf_Tri_R	0	1088	2532	14408	0	0	1202	13916	0	302	0	13736	400	0	0	15166	0	644	3542	8910	0	144	2658	11934	0	398	0	268	812	31944	2678	21530	312	5472	0	0	0	0	0	0	0	0	0	0	0	0	0	0	0	0	0	0	0	0	0	0	0	602	0	0	0	0	0	0	0	0	0	0	0	0	640	23796	222	2578	0	178	0	1334	0	0	0	0	0	124	0	0	0	0	0	0	0	0	0	0	0	0	0	0	0	0	0	0	0	0	0	0	0	0	0	0	0	0	0	0	0	0	
249284	Frontal_Inf_Orb_L	0	0	12726	96	14690	138	18854	0	19958	0	136	0	10764	0	0	154	0	0	800	0	5400	1776	326	0	272	138	4496	666	13100	200	1632	1110	0	0	0	0	0	0	94	0	430	0	0	0	0	0	0	0	0	0	0	0	0	0	0	0	0	0	0	0	0	0	0	0	0	0	0	0	0	0	2584	452	9602	0	0	0	0	0	0	0	0	0	4048	0	0	0	0	0	0	0	0	0	0	0	0	0	0	0	0	0	0	0	0	0	0	0	0	0	0	0	0	0	0	0	0	0	
236704	Frontal_Inf_Orb_R	0	0	842	15130	282	2928	320	6110	0	7368	0	922	172	15166	154	0	0	0	1458	4276	912	2144	816	7668	0	450	144	1760	458	18578	700	11176	0	2164	0	0	0	0	0	0	0	0	0	0	0	0	0	0	0	0	0	0	0	0	0	0	0	0	0	0	0	0	0	0	0	0	0	0	0	0	396	12440	164	2146	0	0	0	974	0	0	0	0	134	0	0	0	0	0	0	0	0	0	0	0	0	0	0	0	0	0	0	0	0	0	0	0	0	0	0	0	0	0	0	0	0	0	
183988	Rolandic_Oper_L	5562	0	8392	0	0	0	546	0	0	0	8094	0	1522	0	0	0	0	0	7742	0	0	0	0	0	0	0	0	0	16684	0	0	0	0	0	0	0	182	0	0	0	0	0	122	0	0	0	0	0	0	0	1712	0	354	0	110	0	8966	0	102	0	1106	0	3688	0	640	0	262	0	774	0	0	0	558	0	0	0	0	0	4744	0	11934	0	3172	0	2084	0	0	0	2942	0	0	0	0	0	0	0	0	0	0	0	0	0	0	0	0	0	0	0	0	0	0	0	0	0	0	0	
135184	Rolandic_Oper_R	0	1222	0	4526	0	0	0	812	0	0	0	4176	0	644	0	0	0	0	0	5408	0	0	0	0	0	0	0	0	0	15862	0	110	0	514	0	0	0	1652	0	98	0	0	0	378	0	0	0	0	0	0	0	110	0	480	0	392	0	2430	0	0	0	0	0	1444	0	122	0	252	0	0	0	3742	0	7664	0	396	0	672	0	4142	0	4510	0	3956	0	562	0	0	0	1316	0	0	0	0	0	0	0	0	0	0	0	0	0	0	0	0	0	0	0	0	0	0	0	0	0	0	
908544	Supp_Motor_Area_L	18780	0	88476	15700	274	0	20664	592	158	0	14414	910	12104	3542	800	1458	7742	0	0	53264	348	138	16302	11358	0	0	208	110	33770	2718	6060	13114	14520	34644	1596	124	3716	166	106	0	156	0	0	0	0	0	0	158	286	0	252	0	244	0	1246	0	3042	0	0	0	166	0	0	0	0	0	1960	474	12036	0	5058	7466	23458	412	2930	0	4750	232	1036	0	5498	0	832	0	684	0	0	0	3618	0	146	0	0	0	0	0	0	0	256	0	0	0	0	0	0	0	0	0	0	0	0	0	0	0	0	0	
983264	Supp_Motor_Area_R	8598	5302	31700	57914	122	0	16390	4524	0	0	1942	7670	5326	8910	0	4276	0	5408	53264	0	0	0	6190	16086	0	218	0	180	10806	17476	5304	23822	6828	60016	1884	2910	690	3072	0	712	0	138	0	916	0	762	0	258	0	374	0	778	0	360	0	936	886	2500	0	482	0	756	0	1078	0	618	0	3482	4970	10832	8988	40064	4274	17354	770	1546	6140	6056	0	592	0	1340	0	1548	0	1354	0	0	0	3940	0	0	0	0	0	0	0	0	0	0	0	0	0	0	0	0	0	0	0	0	0	0	0	0	0	0	
152712	Olfactory_L	0	0	1230	348	6140	806	1176	0	252	0	0	0	360	0	5400	912	0	0	348	0	0	8408	410	294	1530	844	6348	3154	6232	1038	4856	2060	0	0	0	0	308	0	128	0	1712	0	0	0	0	0	0	0	0	0	0	0	0	0	0	0	0	0	0	0	0	0	0	0	0	0	0	0	0	0	10522	3958	5518	304	0	0	0	0	0	0	312	0	1352	0	0	0	0	0	96	0	0	0	0	0	0	0	0	0	0	0	0	0	0	0	0	0	0	0	0	0	0	0	0	0	0	0	
129296	Olfactory_R	0	0	396	1044	1968	1696	316	92	0	0	0	0	104	144	1776	2144	0	0	138	0	8408	0	196	532	98	1512	2952	6690	1072	3814	3652	4672	0	0	0	0	0	196	0	480	114	480	0	0	0	0	0	0	0	0	0	0	0	0	0	0	0	0	0	0	0	0	0	0	0	0	0	0	0	0	8344	6386	3260	1520	0	0	0	0	0	0	0	0	194	258	0	0	0	0	0	0	0	0	0	0	0	0	0	0	0	0	0	0	0	0	0	0	0	0	0	0	0	0	0	0	0	0	
638276	Frontal_Sup_Medial_L	236	0	64876	13080	7254	228	16544	1126	200	0	628	868	2640	2658	326	816	0	0	16302	6190	410	196	0	40246	6394	3704	1750	400	3648	2486	41094	36794	10812	21532	0	0	0	0	0	0	0	0	0	0	0	0	0	0	0	0	0	0	0	0	0	0	0	0	0	0	0	0	0	0	0	0	0	0	0	0	2920	6896	4560	998	0	146	0	180	0	0	0	0	0	0	0	0	0	0	0	0	0	0	0	0	0	0	0	0	0	0	0	0	0	0	0	0	0	0	0	0	0	0	0	0	0	0	
672760	Frontal_Sup_Medial_R	0	130	22918	45586	1066	2718	5154	7800	0	0	0	2112	1106	11934	0	7668	0	0	11358	16086	294	532	40246	0	2192	9798	322	3956	1760	12652	17266	48236	4344	25300	0	0	0	0	0	0	0	0	0	0	0	0	0	0	0	0	0	0	0	0	0	0	0	0	0	0	0	0	0	0	0	0	0	0	0	0	1176	22824	674	7962	0	778	0	432	0	0	0	0	0	0	0	0	0	0	0	0	0	0	0	0	0	0	0	0	0	0	0	0	0	0	0	0	0	0	0	0	0	0	0	0	0	0	
105920	Frontal_Med_Orb_L	0	0	2524	198	9088	442	0	0	1064	0	0	0	0	0	272	0	0	0	0	0	1530	98	6394	2192	0	8560	4272	1082	122	0	9820	3384	0	0	0	0	0	0	0	0	0	0	0	0	0	0	0	0	0	0	0	0	0	0	0	0	0	0	0	0	0	0	0	0	0	0	0	0	0	0	1272	100	546	0	0	0	0	0	0	0	0	0	0	0	0	0	0	0	0	0	0	0	0	0	0	0	0	0	0	0	0	0	0	0	0	0	0	0	0	0	0	0	0	0	0	0	
157212	Frontal_Med_Orb_R	0	0	1826	5922	3274	5132	0	0	250	222	0	0	0	398	138	450	0	0	0	218	844	1512	3704	9798	8560	0	1990	10120	0	450	7890	11528	0	174	0	0	0	0	0	0	0	0	0	0	0	0	0	0	0	0	0	0	0	0	0	0	0	0	0	0	0	0	0	0	0	0	0	0	0	0	376	2194	0	1394	0	242	0	0	0	0	0	0	0	0	0	0	0	0	0	0	0	0	0	0	0	0	0	0	0	0	0	0	0	0	0	0	0	0	0	0	0	0	0	0	0	0	
121840	Rectus_L	0	0	3188	232	11354	360	968	0	1266	0	0	0	196	0	4496	144	0	0	208	0	6348	2952	1750	322	4272	1990	0	1704	1366	0	5868	2798	0	0	0	0	0	0	0	0	308	0	0	0	0	0	0	0	0	0	0	0	0	0	0	0	0	0	0	0	0	0	0	0	0	0	0	0	0	0	5134	1252	2444	0	0	0	0	0	0	0	0	0	0	0	0	0	0	0	0	0	0	0	0	0	0	0	0	0	0	0	0	0	0	0	0	0	0	0	0	0	0	0	0	0	0	0	
121744	Rectus_R	0	0	436	4214	996	4234	120	0	0	0	0	0	0	268	666	1760	0	0	110	180	3154	6690	400	3956	1082	10120	1704	0	748	2002	2520	7952	0	168	0	0	0	0	0	0	0	0	0	0	0	0	0	0	0	0	0	0	0	0	0	0	0	0	0	0	0	0	0	0	0	0	0	0	0	0	2188	2966	748	1138	0	168	0	0	0	0	0	0	184	0	0	0	0	0	0	0	0	0	0	0	0	0	0	0	0	0	0	0	0	0	0	0	0	0	0	0	0	0	0	0	0	0	
801052	Insula_L	14178	0	45186	2834	5282	152	49732	628	1992	0	11112	214	41016	812	13100	458	16684	0	33770	10806	6232	1072	3648	1760	122	0	1366	748	0	1024	5070	5560	1330	6312	270	176	10090	256	576	0	3360	0	0	0	0	0	112	120	0	0	838	0	556	0	3704	0	5182	0	0	0	182	0	1754	0	92	0	112	0	1552	0	11896	4368	26376	460	0	0	1270	354	8374	0	14958	0	5418	0	5114	0	0	0	10346	0	146	0	0	0	0	0	0	0	314	0	0	0	0	0	0	0	0	0	0	0	0	0	0	0	0	0	
636668	Insula_R	0	2614	2070	27286	366	542	996	10632	0	800	0	20424	284	31944	200	18578	0	15862	2718	17476	1038	3814	2486	12652	0	450	0	2002	1024	0	2816	21256	328	5072	0	234	0	7280	0	422	0	550	0	410	0	0	0	0	0	0	0	190	0	614	0	2218	0	2436	0	0	0	0	0	626	0	160	0	292	0	146	836	34448	330	30240	0	730	324	3068	0	3990	0	8216	142	4748	0	3204	0	614	0	6136	0	0	0	0	0	0	0	0	0	0	0	0	0	0	0	0	0	0	0	0	0	0	0	0	0	0	
577148	Cingulum_Ant_L	216	0	28772	8470	10250	808	10262	1188	536	0	144	756	1444	2678	1632	700	0	0	6060	5304	4856	3652	41094	17266	9820	7890	5868	2520	5070	2816	0	49458	11104	15900	0	0	0	114	0	0	0	0	0	0	0	0	0	0	0	0	0	0	0	0	0	0	0	0	0	0	0	0	0	0	0	0	0	0	0	0	12506	9412	6504	3032	0	286	0	186	0	0	0	0	0	0	0	0	0	0	0	0	0	0	0	0	0	0	0	0	0	0	0	0	0	0	0	0	0	0	0	0	0	0	0	0	0	0	
1.02246e+06	Cingulum_Ant_R	352	614	25462	44936	4446	1282	10464	9172	216	0	190	4748	1774	21530	1110	11176	0	110	13114	23822	2060	4672	36794	48236	3384	11528	2798	7952	5560	21256	49458	0	10100	35312	0	0	0	322	0	0	0	102	0	0	0	0	0	0	0	0	0	0	0	0	0	0	0	0	0	0	0	0	0	0	0	0	0	0	0	0	9990	60564	4024	16750	0	1930	462	3460	0	0	0	0	0	0	0	0	0	0	0	0	0	0	0	0	0	0	0	0	0	0	0	0	0	0	0	0	0	0	0	0	0	0	0	0	0	0	
267780	Cingulum_Mid_L	504	0	10382	4120	0	0	5608	1100	0	0	0	100	604	312	0	0	0	0	14520	6828	0	0	10812	4344	0	0	0	0	1330	328	11104	10100	0	23800	2000	994	98	0	0	0	0	0	442	0	756	430	0	0	2162	0	1456	0	0	0	0	0	0	0	342	0	0	0	0	0	0	0	7536	2386	6904	456	570	568	476	284	0	0	0	0	0	0	0	0	0	0	0	0	0	0	0	134	0	0	0	0	0	0	0	0	0	0	0	0	0	0	0	0	0	0	0	0	0	0	0	0	0	0	
772484	Cingulum_Mid_R	3664	278	25840	27280	0	0	12108	4060	0	0	494	1542	3428	5472	0	2164	0	514	34644	60016	0	0	21532	25300	0	174	0	168	6312	5072	15900	35312	23800	0	1782	3966	282	498	0	178	0	0	0	2058	0	3588	0	402	0	392	0	642	0	554	0	476	94	944	0	478	0	502	0	350	0	454	884	11550	3784	12534	3768	9800	1488	1128	342	0	2878	392	0	208	0	636	0	0	0	1290	0	0	0	2846	0	0	0	0	0	0	0	0	0	0	0	0	0	0	0	0	0	0	0	0	0	0	0	0	0	0	
107224	Cingulum_Post_L	3880	0	0	0	0	0	128	0	0	0	0	0	0	0	0	0	0	0	1596	1884	0	0	0	0	0	0	0	0	270	0	0	0	2000	1782	0	8020	5752	3004	1136	314	0	0	2018	0	866	188	444	124	266	0	104	0	0	0	0	650	908	0	0	0	0	0	0	0	0	0	5598	1740	5404	346	418	0	276	0	0	0	3328	134	214	0	0	0	0	0	0	0	0	0	0	820	0	0	0	0	0	0	0	0	0	0	0	0	0	0	0	0	0	0	0	0	0	0	0	0	0	0	
116612	Cingulum_Post_R	2388	458	98	436	0	0	0	0	0	0	0	0	0	0	0	0	0	0	124	2910	0	0	0	0	0	0	0	0	176	234	0	0	994	3966	8020	0	2812	7208	250	792	0	0	0	680	0	346	0	588	0	124	0	176	0	118	0	1402	0	148	0	0	0	0	0	0	0	0	1060	7466	2492	1972	934	0	0	0	0	0	5532	1382	0	0	0	190	0	0	0	132	0	0	0	2698	0	0	0	0	0	0	0	0	0	0	0	0	0	0	0	0	0	0	0	0	0	0	0	0	0	0	
258964	Hippocampus_L	8726	0	3694	0	0	0	1882	0	0	0	134	0	276	0	0	0	182	0	3716	690	308	0	0	0	0	0	0	0	10090	0	0	0	98	282	5752	2812	0	2328	10502	106	5672	0	3488	0	440	0	3776	1754	0	0	1872	0	836	0	11062	0	436	0	0	0	0	0	168	0	0	0	5198	532	4508	0	130	0	8336	0	556	0	5506	0	3542	0	4184	0	1174	0	2312	0	0	0	11012	0	176	0	0	0	0	0	318	0	814	0	0	0	0	0	0	0	0	0	0	102	0	0	0	0	0	0	
267224	Hippocampus_R	2550	2064	140	4788	0	0	200	782	0	0	0	478	0	0	0	0	0	1652	166	3072	0	196	0	0	0	0	0	0	256	7280	114	322	0	498	3004	7208	2328	0	300	17616	0	8128	0	532	0	0	124	3198	0	0	0	0	0	94	0	17660	0	666	0	0	0	0	0	0	0	0	190	3842	2460	0	1234	1704	96	13022	0	344	6290	6542	0	856	0	1406	0	380	0	512	0	276	0	8370	0	102	0	0	0	0	0	318	0	120	0	0	0	0	0	0	0	0	0	0	132	0	0	0	0	0	
74384	ParaHippocampal_L	248	0	142	0	0	0	150	0	0	0	0	0	0	0	94	0	0	0	106	0	128	0	0	0	0	0	0	0	576	0	0	0	0	0	1136	250	10502	300	0	0	1810	0	1628	0	0	0	3756	1096	0	0	626	0	202	0	6010	0	0	0	0	0	0	0	0	0	0	0	2124	220	150	0	0	0	948	0	0	0	480	0	0	0	212	0	622	0	0	0	0	0	2650	0	0	0	0	0	94	0	436	0	302	0	0	0	0	0	0	0	0	0	0	194	0	0	0	0	0	0	
121872	ParaHippocampal_R	426	254	0	1030	0	0	0	114	0	0	0	0	0	0	0	0	0	98	0	712	0	480	0	0	0	0	0	0	0	422	0	0	0	178	314	792	106	17616	0	0	0	6670	0	248	0	0	0	2700	0	0	0	0	0	0	0	13434	0	0	0	0	0	0	0	0	0	0	0	674	444	0	320	210	0	3628	0	302	1304	1916	0	0	0	0	0	2792	0	138	0	972	0	1738	0	0	0	0	0	0	0	792	0	112	0	0	0	0	0	0	0	0	0	0	0	0	0	0	0	0	
42760	Amygdala_L	0	0	274	0	470	0	180	0	0	0	0	0	0	0	430	0	0	0	156	0	1712	114	0	0	0	0	308	0	3360	0	0	0	0	0	0	0	5672	0	1810	0	0	0	0	0	0	0	0	0	0	0	0	0	0	0	2386	0	0	0	0	0	0	0	0	0	0	0	0	0	0	0	212	0	1850	0	0	0	224	0	0	0	422	0	714	0	296	0	0	0	790	0	0	0	0	0	0	0	0	0	0	0	0	0	0	0	0	0	0	0	0	0	0	0	0	0	0	0	
67920	Amygdala_R	0	0	0	188	0	0	0	0	0	0	0	0	0	0	0	0	0	0	0	138	0	480	0	0	0	0	0	0	0	550	0	102	0	0	0	0	0	8128	0	6670	0	0	0	0	0	0	0	0	0	0	0	0	0	0	0	7002	0	0	0	0	0	0	0	0	0	0	0	0	0	0	0	420	142	3290	0	0	0	396	0	0	0	0	0	2748	0	454	0	980	0	2272	0	0	0	0	0	0	0	0	0	0	0	0	0	0	0	0	0	0	0	0	0	0	0	0	0	0	
229280	Calcarine_L	330	0	0	0	0	0	0	0	0	0	0	0	0	0	0	0	122	0	0	0	0	0	0	0	0	0	0	0	0	0	0	0	442	0	2018	0	3488	0	1628	0	0	0	0	4874	14506	3164	10156	1032	9672	848	20826	302	6436	174	5550	96	392	0	0	0	426	0	854	0	298	0	16570	560	2500	0	0	0	102	0	0	0	0	0	252	0	270	0	0	0	1602	0	0	0	4578	0	0	0	0	0	0	0	172	118	162	0	0	0	0	0	0	0	0	0	0	0	120	0	0	0	0	0	
276264	Calcarine_R	0	472	0	0	0	0	0	0	0	0	0	0	0	0	0	0	0	378	0	916	0	0	0	0	0	0	0	0	0	410	0	0	0	2058	0	680	0	532	0	248	0	0	4874	0	2700	16884	1984	14496	142	14378	92	11014	0	11264	0	6240	0	3042	0	1166	0	2214	0	2586	0	2580	196	24786	0	1910	0	0	0	0	0	0	0	0	0	334	0	364	0	0	0	2454	0	0	0	6450	0	0	0	0	0	0	0	0	0	142	0	0	0	0	0	0	0	0	0	0	0	146	0	0	0	0	
140944	Cuneus_L	0	0	0	0	0	0	0	0	0	0	0	0	0	0	0	0	0	0	0	0	0	0	0	0	0	0	0	0	0	0	0	0	756	0	866	0	440	0	0	0	0	0	14506	2700	0	4246	470	0	17428	844	6876	114	726	0	0	0	216	0	462	0	334	0	346	0	130	0	12822	2198	2200	0	0	0	0	0	0	0	0	0	0	0	0	0	0	0	986	0	0	0	806	0	0	0	0	0	0	0	0	0	0	0	0	0	0	0	0	0	0	0	0	0	0	0	0	0	0	0	
222108	Cuneus_R	0	594	0	0	0	0	0	0	0	0	0	0	0	0	0	0	0	0	0	762	0	0	0	0	0	0	0	0	0	0	0	0	430	3588	188	346	0	0	0	0	0	0	3164	16884	4246	0	296	392	1286	20344	0	7084	0	1416	0	760	0	6442	964	5942	0	184	0	0	0	586	4522	25908	168	3082	0	0	0	0	0	0	0	0	0	0	0	0	0	0	0	214	0	0	0	1262	0	0	0	0	0	0	0	0	0	0	0	0	0	0	0	0	0	0	0	0	0	0	0	0	0	0	
198776	Lingual_L	412	0	0	0	0	0	0	0	0	0	0	0	0	0	0	0	0	0	0	0	0	0	0	0	0	0	0	0	112	0	0	0	0	0	444	0	3776	124	3756	0	0	0	10156	1984	470	296	0	2888	1756	536	6838	252	5248	0	13462	128	0	0	0	0	0	0	0	0	0	0	5054	0	540	0	0	0	176	0	0	0	698	0	0	0	0	0	0	0	0	0	0	0	1466	0	7134	1616	166	0	146	0	9044	1852	9894	1836	0	0	0	0	0	110	0	0	0	238	4246	1864	316	0	172	182	
200936	Lingual_R	272	176	102	108	0	0	0	0	0	0	0	0	0	0	0	0	0	0	158	258	0	0	0	0	0	0	0	0	120	0	0	0	0	402	124	588	1754	3198	1096	2700	0	0	1032	14496	0	392	2888	0	0	1170	144	2032	350	3152	1686	8206	0	484	0	232	0	1314	0	1442	0	1494	132	9722	230	332	0	0	398	0	0	0	448	356	0	0	0	220	0	0	0	590	0	0	0	1306	4118	1652	226	0	228	0	5030	3678	6574	3340	0	0	0	0	540	0	172	0	0	194	5754	3028	418	0	106	106	
182184	Occipital_Sup_L	0	0	0	0	0	0	0	0	0	0	0	0	0	0	0	0	0	0	286	0	0	0	0	0	0	0	0	0	0	0	0	0	2162	0	266	0	0	0	0	0	0	0	9672	142	17428	1286	1756	0	0	0	25180	0	1692	0	164	0	1598	0	6704	0	626	0	116	0	274	0	15588	2158	2934	0	0	0	0	0	0	0	0	0	0	0	0	0	0	0	602	0	0	0	458	0	0	0	0	0	0	0	0	0	0	0	0	0	0	0	0	0	0	0	0	0	0	0	0	0	0	0	
158688	Occipital_Sup_R	0	478	0	0	0	0	0	0	0	0	0	0	0	0	0	0	0	0	0	374	0	0	0	0	0	0	0	0	0	0	0	0	0	392	0	124	0	0	0	0	0	0	848	14378	844	20344	536	1170	0	0	0	16596	0	1472	0	1010	0	3342	0	2868	0	1060	0	162	0	2572	0	8164	0	272	0	0	0	0	0	0	0	0	0	0	0	0	0	0	0	1400	0	0	0	938	0	0	0	0	0	0	0	0	0	0	0	0	0	0	0	0	0	0	0	0	0	0	0	0	0	0	
463204	Occipital_Mid_L	1488	0	0	0	0	0	0	0	0	0	0	0	0	0	0	0	1712	0	252	0	0	0	0	0	0	0	0	0	838	0	0	0	1456	0	104	0	1872	0	626	0	0	0	20826	92	6876	0	6838	144	25180	0	0	0	18312	0	5928	0	14826	0	15736	0	21932	0	10910	0	18470	0	13868	176	4044	0	0	0	100	0	0	0	0	0	964	0	2720	0	0	0	22802	0	0	0	11844	0	0	0	0	0	0	0	174	140	212	0	0	0	0	0	0	0	0	0	0	0	140	0	0	0	0	0	
186512	Occipital_Mid_R	0	284	0	0	0	0	0	0	0	0	0	0	0	0	0	0	0	110	0	778	0	0	0	0	0	0	0	0	0	190	0	0	0	642	0	176	0	0	0	0	0	0	302	11014	114	7084	252	2032	0	16596	0	0	0	6246	0	1656	0	2312	0	758	0	4722	0	990	0	12294	0	5610	0	344	0	0	0	0	0	0	0	0	0	216	0	1604	0	0	0	13706	0	0	0	3224	0	0	0	0	0	0	0	0	0	0	0	0	0	0	0	0	0	0	0	0	0	0	0	0	0	0	
122772	Occipital_Inf_L	356	0	0	0	0	0	0	0	0	0	0	0	0	0	0	0	354	0	244	0	0	0	0	0	0	0	0	0	556	0	0	0	0	0	0	0	836	0	202	0	0	0	6436	0	726	0	5248	350	1692	0	18312	0	0	0	8804	0	246	0	0	0	0	0	418	0	164	0	1012	0	722	0	0	0	268	0	0	0	0	0	310	0	348	0	0	0	3338	0	0	0	7776	0	576	0	140	0	0	0	420	284	816	0	0	0	0	0	0	0	0	0	0	0	316	116	0	0	0	0	
100004	Occipital_Inf_R	0	0	0	0	0	0	0	0	0	0	0	0	0	0	0	0	0	480	0	360	0	0	0	0	0	0	0	0	0	614	0	0	0	554	0	118	0	94	0	0	0	0	174	11264	0	1416	0	3152	0	1472	0	6246	0	0	0	5928	0	138	0	0	0	332	0	390	0	1012	0	3564	0	492	0	0	0	0	0	0	0	0	0	416	0	376	0	0	0	2982	0	0	0	8428	0	0	0	0	0	0	0	0	0	0	0	0	0	0	0	0	0	0	0	0	0	0	0	0	0	0	
301272	Fusiform_L	186	0	262	0	0	0	0	0	0	0	0	0	0	0	0	0	110	0	1246	0	0	0	0	0	0	0	0	0	3704	0	0	0	0	0	0	0	11062	0	6010	0	2386	0	5550	0	0	0	13462	1686	164	0	5928	0	8804	0	0	0	110	0	0	0	0	0	192	0	0	0	1658	0	190	0	0	0	1942	0	0	0	0	0	154	0	1752	0	5010	0	3906	0	2496	0	16898	0	14270	1544	3508	98	0	0	9338	1046	17676	1274	124	0	482	0	234	0	0	0	0	0	2120	3078	976	0	0	0	
257212	Fusiform_R	150	398	0	712	0	0	0	0	0	0	0	0	0	0	0	0	0	392	0	936	0	0	0	0	0	0	0	0	0	2218	0	0	0	476	650	1402	0	17660	0	13434	0	7002	96	6240	0	760	128	8206	0	1010	0	1656	0	5928	0	0	0	120	0	0	0	114	0	328	0	346	0	3694	162	178	100	110	0	4616	0	0	378	708	0	452	0	1016	0	5830	0	2584	0	3952	0	16762	102	4180	0	418	0	0	196	3540	684	6088	0	0	0	118	370	0	0	0	0	0	1046	960	0	0	0	0	
284884	Postcentral_L	26570	0	3828	0	0	0	1120	0	0	0	3156	0	470	0	0	0	8966	0	3042	886	0	0	0	0	0	0	0	0	5182	0	0	0	0	94	908	0	436	0	0	0	0	0	392	0	216	0	0	0	1598	0	14826	0	246	0	110	0	0	0	11082	0	23190	0	9378	0	5442	0	4096	0	5356	0	0	0	278	0	0	0	0	0	2190	0	3624	0	356	0	2444	0	0	0	2960	0	0	0	0	0	0	0	0	0	0	0	0	0	0	0	0	0	0	0	0	0	0	0	0	0	0	0	
175696	Postcentral_R	0	18878	0	1440	0	0	0	494	0	0	0	1382	0	602	0	0	0	2430	0	2500	0	0	0	0	0	0	0	0	0	2436	0	0	0	944	0	148	0	666	0	0	0	0	0	3042	0	6442	0	484	0	3342	0	2312	0	138	0	120	0	0	0	5758	0	4936	0	9254	0	2466	114	8816	0	3594	204	240	0	2480	0	140	0	610	0	268	0	516	0	0	0	188	0	0	0	464	0	0	0	0	0	0	0	0	0	0	0	0	0	0	0	0	0	0	0	0	0	0	0	0	0	0	
158232	Parietal_Sup_L	250	0	0	0	0	0	0	0	0	0	0	0	0	0	0	0	102	0	0	0	0	0	0	0	0	0	0	0	0	0	0	0	342	0	0	0	0	0	0	0	0	0	0	0	462	964	0	0	6704	0	15736	0	0	0	0	0	11082	0	0	0	17766	0	2560	0	4486	0	16098	1890	402	0	0	0	0	0	0	0	0	0	0	0	176	0	0	0	96	0	0	0	0	0	0	0	0	0	0	0	0	0	0	0	0	0	0	0	0	0	0	0	0	0	0	0	0	0	0	0	
95064	Parietal_Sup_R	0	318	0	0	0	0	0	0	0	0	0	0	0	0	0	0	0	0	0	482	0	0	0	0	0	0	0	0	0	0	0	0	0	478	0	0	0	0	0	0	0	0	0	1166	0	5942	0	232	0	2868	0	758	0	0	0	0	0	5758	0	0	0	9356	0	516	0	8982	266	9392	0	1018	0	0	0	0	0	0	0	0	0	0	0	0	0	0	0	0	0	0	0	0	0	0	0	0	0	0	0	0	0	0	0	0	0	0	0	0	0	0	0	0	0	0	0	0	0	0	
259476	Parietal_Inf_L	5844	0	254	0	0	0	160	0	0	0	0	0	0	0	0	0	1106	0	166	0	0	0	0	0	0	0	0	0	182	0	0	0	0	0	0	0	0	0	0	0	0	0	426	0	334	0	0	0	626	0	21932	0	0	0	0	0	23190	0	17766	0	0	0	16846	0	25790	0	3338	0	880	0	0	0	0	0	0	0	0	0	260	0	2206	0	0	0	5272	0	0	0	3160	0	0	0	0	0	0	0	0	0	0	0	0	0	0	0	0	0	0	0	0	0	0	0	0	0	0	0	
118084	Parietal_Inf_R	0	788	0	0	0	0	0	0	0	0	0	0	0	0	0	0	0	0	0	756	0	0	0	0	0	0	0	0	0	0	0	0	0	502	0	0	0	0	0	0	0	0	0	2214	0	184	0	1314	0	1060	0	4722	0	332	0	114	0	4936	0	9356	0	0	0	8060	0	19608	0	2320	0	1062	0	0	0	0	0	0	0	0	0	0	0	512	0	0	0	624	0	0	0	578	0	0	0	0	0	0	0	0	0	0	0	0	0	0	0	0	0	0	0	0	0	0	0	0	0	0	
182520	SupraMarginal_L	1062	0	0	0	0	0	0	0	0	0	0	0	0	0	0	0	3688	0	0	0	0	0	0	0	0	0	0	0	1754	0	0	0	0	0	0	0	168	0	0	0	0	0	854	0	346	0	0	0	116	0	10910	0	418	0	192	0	9378	0	2560	0	16846	0	0	0	13178	0	1060	0	1680	0	0	0	0	0	0	0	0	0	1790	0	9732	0	0	0	10746	0	0	0	4782	0	0	0	0	0	0	0	0	0	0	0	0	0	0	0	0	0	0	0	0	0	0	0	0	0	0	0	
92092	SupraMarginal_R	0	2496	0	176	0	0	0	0	0	0	0	0	0	0	0	0	0	1444	0	1078	0	0	0	0	0	0	0	0	0	626	0	0	0	350	0	0	0	0	0	0	0	0	0	2586	0	0	0	1442	0	162	0	990	0	390	0	328	0	9254	0	516	0	8060	0	0	0	5690	0	2650	0	288	0	0	0	0	0	0	0	0	0	726	0	3360	0	0	0	1552	0	0	0	1882	0	0	0	0	0	0	0	0	0	0	0	0	0	0	0	0	0	0	0	0	0	0	0	0	0	0	
173716	Angular_L	478	0	0	0	0	0	0	0	0	0	0	0	0	0	0	0	640	0	0	0	0	0	0	0	0	0	0	0	92	0	0	0	0	0	0	0	0	0	0	0	0	0	298	0	130	0	0	0	274	0	18470	0	164	0	0	0	5442	0	4486	0	25790	0	13178	0	0	0	436	0	374	0	0	0	0	0	0	0	0	0	232	0	3234	0	0	0	10532	0	0	0	2608	0	0	0	0	0	0	0	0	0	0	0	0	0	0	0	0	0	0	0	0	0	0	0	0	0	0	0	
160012	Angular_R	0	382	0	0	0	0	0	0	0	0	0	0	0	0	0	0	0	122	0	618	0	0	0	0	0	0	0	0	0	160	0	0	0	454	0	0	0	0	0	0	0	0	0	2580	0	586	0	1494	0	2572	0	12294	0	1012	0	346	0	2466	0	8982	0	19608	0	5690	0	0	0	2990	0	996	0	0	0	0	0	0	0	0	0	170	0	5120	0	0	0	8938	0	0	0	2426	0	0	0	0	0	0	0	0	0	0	0	0	0	0	0	0	0	0	0	0	0	0	0	0	0	0	
291296	Precuneus_L	494	0	0	0	0	0	0	0	0	0	0	0	0	0	0	0	262	0	1960	0	0	0	0	0	0	0	0	0	112	0	0	0	7536	884	5598	1060	5198	190	2124	0	0	0	16570	196	12822	4522	5054	132	15588	0	13868	0	1012	0	1658	0	4096	114	16098	266	3338	0	1060	0	436	0	0	11430	7394	104	0	0	0	0	0	0	318	0	132	0	304	0	0	0	1360	0	0	0	2136	0	0	0	0	0	0	0	114	0	108	0	0	0	0	0	0	0	0	0	0	0	0	0	0	0	0	0	
357500	Precuneus_R	96	1196	0	0	0	0	0	0	0	0	0	0	0	0	0	0	0	252	474	3482	0	0	0	0	0	0	0	0	0	292	0	0	2386	11550	1740	7466	532	3842	220	674	0	0	560	24786	2198	25908	0	9722	2158	8164	176	5610	0	3564	0	3694	0	8816	1890	9392	0	2320	0	2650	0	2990	11430	0	666	8538	0	0	0	0	0	0	592	0	0	220	0	414	0	0	0	1346	0	0	0	6210	0	142	0	0	0	0	0	102	0	154	0	0	0	0	0	0	0	0	0	0	136	0	0	0	0	0	
261228	Paracentral_Lobule_L	28010	0	4292	0	0	0	294	0	0	0	0	0	0	0	0	0	774	0	12036	4970	0	0	0	0	0	0	0	0	1552	0	0	0	6904	3784	5404	2492	4508	2460	150	444	0	0	2500	0	2200	168	540	230	2934	0	4044	0	722	0	190	162	5356	0	402	0	880	0	1680	0	374	0	7394	666	0	1190	170	0	3190	0	1184	0	7322	758	524	0	934	0	0	0	3216	0	0	0	3610	0	0	0	0	0	0	0	0	0	0	0	0	0	0	0	0	0	0	0	0	0	0	0	0	0	0	0	
114692	Paracentral_Lobule_R	0	3040	0	0	0	0	0	0	0	0	0	0	0	0	0	0	0	0	0	10832	0	0	0	0	0	0	0	0	0	146	0	0	456	12534	346	1972	0	0	0	0	0	0	0	1910	0	3082	0	332	0	272	0	344	0	492	0	178	0	3594	0	1018	0	1062	0	288	0	996	104	8538	1190	0	0	0	0	0	0	0	0	0	0	0	0	268	0	0	0	1246	0	0	0	3106	0	0	0	0	0	0	0	0	0	0	0	0	0	0	0	0	0	0	0	0	0	0	0	0	0	0	
335072	Caudate_L	354	1672	6320	4356	3306	532	14796	1458	166	0	0	218	1206	640	2584	396	0	0	5058	8988	10522	8344	2920	1176	1272	376	5134	2188	11896	836	12506	9990	570	3768	418	934	130	1234	0	320	212	0	0	0	0	0	0	0	0	0	0	0	0	0	0	100	0	204	0	0	0	0	0	0	0	0	0	0	170	0	0	12656	12920	1614	338	134	9706	2898	0	0	0	0	0	0	0	0	0	0	0	0	0	0	0	0	0	0	0	0	0	0	0	0	0	0	0	0	0	0	0	0	0	0	0	0	0	0	
855128	Caudate_R	0	5170	6530	50948	696	1824	6142	10414	0	526	0	13092	950	23796	452	12440	0	3742	7466	40064	3958	6386	6896	22824	100	2194	1252	2966	4368	34448	9412	60564	568	9800	0	0	0	1704	0	210	0	420	0	0	0	0	0	0	0	0	0	0	0	0	0	110	0	240	0	0	0	0	0	0	0	0	0	0	0	0	12656	0	4634	32428	0	3862	1368	16984	0	0	0	442	0	2424	0	0	0	0	0	94	0	0	0	0	0	0	0	0	0	0	0	0	0	0	0	0	0	0	0	0	0	0	0	0	0	0	
465504	Putamen_L	7430	238	38526	1434	4554	218	24082	146	4096	0	430	0	2934	222	9602	164	558	0	23458	4274	5518	3260	4560	674	546	0	2444	748	26376	330	6504	4024	476	1488	276	0	8336	96	948	0	1850	142	102	0	0	0	176	398	0	0	100	0	268	0	1942	0	278	0	0	0	0	0	0	0	0	0	0	0	3190	0	12920	4634	0	658	4688	0	3096	306	522	0	2970	0	880	0	680	0	0	0	3546	0	148	0	0	0	0	0	0	0	288	0	0	0	0	0	0	0	0	0	0	0	0	0	0	0	0	0	
451360	Putamen_R	0	3502	696	27448	106	1612	662	5486	0	1472	0	8796	0	2578	0	2146	0	7664	412	17354	304	1520	998	7962	0	1394	0	1138	460	30240	3032	16750	284	1128	0	0	0	13022	0	3628	0	3290	0	0	0	0	0	0	0	0	0	0	0	0	0	4616	0	2480	0	0	0	0	0	0	0	0	0	0	0	0	1614	32428	658	0	0	4700	0	2530	0	470	0	2704	0	3274	0	1038	0	494	0	3590	0	0	0	0	0	0	0	0	0	0	0	0	0	0	0	0	0	0	0	0	0	0	0	0	0	0	
37068	Pallidum_L	1608	0	4840	0	0	0	0	0	0	0	0	0	0	0	0	0	0	0	2930	770	0	0	0	0	0	0	0	0	0	0	0	0	0	342	0	0	556	0	0	0	0	0	0	0	0	0	0	0	0	0	0	0	0	0	0	0	0	0	0	0	0	0	0	0	0	0	0	0	1184	0	338	0	4688	0	0	0	1278	0	0	0	0	0	0	0	0	0	0	0	0	0	0	0	0	0	0	0	0	0	0	0	0	0	0	0	0	0	0	0	0	0	0	0	0	0	0	0	
41144	Pallidum_R	0	176	0	3834	0	0	0	254	0	0	0	232	0	178	0	0	0	396	0	1546	0	0	146	778	0	242	0	168	0	730	286	1930	0	0	0	0	0	344	0	302	0	0	0	0	0	0	0	0	0	0	0	0	0	0	0	0	0	140	0	0	0	0	0	0	0	0	0	0	0	0	134	3862	0	4700	0	0	0	102	0	0	0	0	0	92	0	0	0	0	0	0	0	0	0	0	0	0	0	0	0	0	0	0	0	0	0	0	0	0	0	0	0	0	0	0	0	0	
174408	Thalamus_L	9358	700	3984	1378	0	0	1576	0	0	0	0	0	0	0	0	0	0	0	4750	6140	0	0	0	0	0	0	0	0	1270	324	0	462	0	2878	3328	5532	5506	6290	480	1304	224	0	0	0	0	0	698	448	0	0	0	0	0	0	0	378	0	0	0	0	0	0	0	0	0	0	318	592	7322	0	9706	1368	3096	0	1278	0	0	6294	0	0	104	118	0	0	0	0	0	0	0	0	0	0	0	0	0	0	0	0	0	0	0	0	0	0	0	0	0	0	0	0	0	0	0	0	0	0	
184588	Thalamus_R	736	10540	272	18480	0	0	384	1190	0	0	0	466	0	1334	0	974	0	672	232	6056	0	0	180	432	0	0	0	0	354	3068	186	3460	0	392	134	1382	0	6542	0	1916	0	396	0	0	0	0	0	356	0	0	0	0	0	0	0	708	0	610	0	0	0	0	0	0	0	0	0	0	758	0	2898	16984	306	2530	0	102	6294	0	0	98	0	616	0	0	0	0	0	0	0	256	0	0	0	0	0	0	0	0	0	0	0	0	0	0	0	0	0	0	0	0	0	0	0	0	0	0	
106596	Heschl_L	3198	0	2414	0	0	0	1044	0	0	0	746	0	262	0	0	0	4744	0	1036	0	0	0	0	0	0	0	0	0	8374	0	0	0	0	0	214	0	3542	0	0	0	0	0	252	0	0	0	0	0	0	0	964	0	310	0	154	0	2190	0	0	0	260	0	1790	0	232	0	132	0	524	0	0	0	522	0	0	0	0	0	0	0	8848	0	230	0	5686	0	0	0	5630	0	0	0	0	0	0	0	0	0	0	0	0	0	0	0	0	0	0	0	0	0	0	0	0	0	0	0	
43868	Heschl_R	0	170	0	130	0	0	0	0	0	0	0	0	0	0	0	0	0	4142	0	592	0	0	0	0	0	0	0	0	0	3990	0	0	0	208	0	0	0	856	0	0	0	0	0	334	0	0	0	0	0	0	0	216	0	416	0	452	0	268	0	0	0	0	0	726	0	170	0	220	0	0	0	0	0	470	0	0	0	98	0	0	0	5750	0	0	0	676	0	0	0	2050	0	0	0	0	0	0	0	0	0	0	0	0	0	0	0	0	0	0	0	0	0	0	0	0	0	0	
299392	Temporal_Sup_L	2068	0	5390	0	0	0	502	0	0	0	2162	0	744	0	0	0	11934	0	5498	0	312	0	0	0	0	0	0	0	14958	0	0	0	0	0	0	0	4184	0	212	0	422	0	270	0	0	0	0	0	0	0	2720	0	348	0	1752	0	3624	0	176	0	2206	0	9732	0	3234	0	304	0	934	0	0	0	2970	0	0	0	104	0	8848	0	0	0	8834	0	31900	0	0	0	23220	0	0	0	0	0	0	0	0	0	134	0	0	0	0	0	0	0	0	0	0	0	0	0	0	0	0	0	
151804	Temporal_Sup_R	0	410	0	734	0	0	0	0	0	0	0	412	0	0	0	0	0	4510	0	1340	0	0	0	0	0	0	0	0	0	8216	0	0	0	636	0	190	0	1406	0	0	0	0	0	364	0	0	0	220	0	0	0	1604	0	376	0	1016	0	516	0	0	0	512	0	3360	0	5120	0	414	0	268	0	442	0	2704	0	0	118	616	0	5750	0	0	0	3034	0	19114	0	3626	0	8874	0	0	0	0	0	0	0	0	0	0	0	0	0	0	0	0	0	0	0	0	0	0	0	0	0	0	
122236	Temporal_Pole_Sup_L	238	0	1484	0	1738	0	1458	0	658	0	1788	0	1586	0	4048	134	3172	0	832	0	1352	194	0	0	0	0	0	184	5418	142	0	0	0	0	0	0	1174	0	622	0	714	0	0	0	0	0	0	0	0	0	0	0	0	0	5010	0	356	0	0	0	0	0	0	0	0	0	0	0	0	0	0	0	880	0	0	0	0	0	230	0	8834	0	0	0	8266	0	2872	0	7734	0	0	0	0	0	0	0	0	0	0	0	0	0	0	0	0	0	0	0	0	0	0	0	0	0	0	0	
91524	Temporal_Pole_Sup_R	0	0	0	1976	0	0	0	514	0	0	0	2412	0	124	0	0	0	3956	0	1548	0	258	0	0	0	0	0	0	0	4748	0	0	0	0	0	0	0	380	0	2792	0	2748	0	0	0	0	0	0	0	0	0	0	0	0	0	5830	0	0	0	0	0	0	0	0	0	0	0	0	0	0	0	2424	0	3274	0	92	0	0	0	0	0	3034	0	0	0	2286	0	4656	0	2710	0	0	0	0	0	0	0	0	0	0	0	0	0	0	0	0	0	0	0	0	0	0	0	0	0	0	
360080	Temporal_Mid_L	2072	0	1256	0	0	0	446	0	0	0	0	0	0	0	0	0	2084	0	684	0	0	0	0	0	0	0	0	0	5114	0	0	0	0	0	0	0	2312	0	0	0	296	0	1602	0	986	0	0	0	602	0	22802	0	3338	0	3906	0	2444	0	96	0	5272	0	10746	0	10532	0	1360	0	3216	0	0	0	680	0	0	0	0	0	5686	0	31900	0	8266	0	0	0	3154	0	49188	0	0	0	0	0	0	0	0	0	0	0	0	0	0	0	0	0	0	0	0	0	0	0	0	0	0	0	
195876	Temporal_Mid_R	0	150	0	110	0	0	0	0	0	0	0	0	0	0	0	0	0	562	0	1354	0	0	0	0	0	0	0	0	0	3204	0	0	0	1290	0	132	0	512	0	138	0	454	0	2454	0	214	0	590	0	1400	0	13706	0	2982	0	2584	0	188	0	0	0	624	0	1552	0	8938	0	1346	0	1246	0	0	0	1038	0	0	0	0	0	676	0	19114	0	2286	0	0	0	3396	0	25698	0	0	0	0	0	0	0	0	0	0	0	0	0	0	0	0	0	0	0	0	0	0	0	0	0	0	
25192	Temporal_Pole_Mid_L	0	0	0	0	0	0	0	0	0	0	0	0	0	0	0	0	0	0	0	0	0	0	0	0	0	0	0	0	0	0	0	0	0	0	0	0	0	0	0	0	0	0	0	0	0	0	0	0	0	0	0	0	0	0	2496	0	0	0	0	0	0	0	0	0	0	0	0	0	0	0	0	0	0	0	0	0	0	0	0	0	0	0	2872	0	3154	0	0	0	4074	0	0	0	0	0	0	0	0	0	0	0	0	0	0	0	0	0	0	0	0	0	0	0	0	0	0	0	
46276	Temporal_Pole_Mid_R	0	0	0	0	0	0	0	0	0	0	0	0	0	0	0	0	0	0	0	0	0	0	0	0	0	0	0	0	0	614	0	0	0	0	0	0	0	276	0	972	0	980	0	0	0	0	0	0	0	0	0	0	0	0	0	3952	0	0	0	0	0	0	0	0	0	0	0	0	0	0	0	0	0	494	0	0	0	0	0	0	0	3626	0	4656	0	3396	0	0	0	4172	0	0	0	0	0	0	0	0	0	0	0	0	0	0	0	0	0	0	0	0	0	0	0	0	0	0	
390128	Temporal_Inf_L	2582	0	2388	0	0	0	298	0	0	0	0	0	0	0	0	0	2942	0	3618	0	96	0	0	0	0	0	0	0	10346	0	0	0	0	0	0	0	11012	0	2650	0	790	0	4578	0	806	0	1466	0	458	0	11844	0	7776	0	16898	0	2960	0	0	0	3160	0	4782	0	2608	0	2136	0	3610	0	0	0	3546	0	0	0	0	0	5630	0	23220	0	7734	0	49188	0	4074	0	0	0	546	0	0	0	0	0	320	0	1002	0	0	0	0	0	0	0	0	0	0	0	0	0	0	0	0	0	
265920	Temporal_Inf_R	0	1124	0	860	0	0	0	0	0	0	0	0	0	0	0	0	0	1316	0	3940	0	0	0	0	0	0	0	0	0	6136	0	0	134	2846	820	2698	0	8370	0	1738	0	2272	0	6450	0	1262	0	1306	0	938	0	3224	0	8428	0	16762	0	464	0	0	0	578	0	1882	0	2426	0	6210	0	3106	0	94	0	3590	0	0	0	256	0	2050	0	8874	0	2710	0	25698	0	4172	0	0	0	116	0	0	0	0	0	0	0	110	0	0	0	0	0	0	0	0	0	0	0	0	0	0	0	0	
501484	Cerebelum_Crus1_L	0	0	0	0	0	0	0	0	0	0	0	0	0	0	0	0	0	0	146	0	0	0	0	0	0	0	0	0	146	0	0	0	0	0	0	0	176	0	0	0	0	0	0	0	0	0	7134	4118	0	0	0	0	576	0	14270	102	0	0	0	0	0	0	0	0	0	0	0	0	0	0	0	0	148	0	0	0	0	0	0	0	0	0	0	0	0	0	0	0	546	0	0	12066	36294	3010	2142	126	34054	3102	60466	8428	5804	0	13104	740	6884	100	1754	110	686	1298	12722	8264	10430	1480	316	0	
506192	Cerebelum_Crus1_R	0	0	0	0	0	0	0	0	0	0	0	0	0	0	0	0	0	0	0	0	0	0	0	0	0	0	0	0	0	0	0	0	0	0	0	0	0	102	0	0	0	0	0	0	0	0	1616	1652	0	0	0	0	0	0	1544	4180	0	0	0	0	0	0	0	0	0	0	0	142	0	0	0	0	0	0	0	0	0	0	0	0	0	0	0	0	0	0	0	0	0	116	12066	0	4554	26016	0	6482	6336	27566	13778	61036	218	1256	1132	13444	3544	5626	172	396	1372	5422	12676	16624	16716	3844	2998	470	
343320	Cerebelum_Crus2_L	0	0	0	0	0	0	0	0	0	0	0	0	0	0	0	0	0	0	0	0	0	0	0	0	0	0	0	0	0	0	0	0	0	0	0	0	0	0	0	0	0	0	0	0	0	0	166	226	0	0	0	0	140	0	3508	0	0	0	0	0	0	0	0	0	0	0	0	0	0	0	0	0	0	0	0	0	0	0	0	0	0	0	0	0	0	0	0	0	0	0	36294	4554	0	7334	1072	0	10056	308	19362	1212	28130	3616	29622	2572	10708	0	626	0	244	580	1610	562	6116	2658	384	0	
239076	Cerebelum_Crus2_R	0	0	0	0	0	0	0	0	0	0	0	0	0	0	0	0	0	0	0	0	0	0	0	0	0	0	0	0	0	0	0	0	0	0	0	0	0	0	0	0	0	0	0	0	0	0	0	0	0	0	0	0	0	0	98	418	0	0	0	0	0	0	0	0	0	0	0	0	0	0	0	0	0	0	0	0	0	0	0	0	0	0	0	0	0	0	0	0	0	0	3010	26016	7334	0	0	1270	412	3414	1546	10094	1306	11848	2378	25208	872	7698	0	404	242	440	756	852	8748	3516	1300	358	
25708	Cerebelum_3_L	0	0	0	0	0	0	0	0	0	0	0	0	0	0	0	0	0	0	0	0	0	0	0	0	0	0	0	0	0	0	0	0	0	0	0	0	0	0	94	0	0	0	0	0	0	0	146	228	0	0	0	0	0	0	0	0	0	0	0	0	0	0	0	0	0	0	0	0	0	0	0	0	0	0	0	0	0	0	0	0	0	0	0	0	0	0	0	0	0	0	2142	0	1072	0	0	0	4670	0	2340	0	0	0	152	0	198	0	106	0	454	1034	218	0	0	0	0	0	
59124	Cerebelum_3_R	0	0	0	0	0	0	0	0	0	0	0	0	0	0	0	0	0	0	0	0	0	0	0	0	0	0	0	0	0	0	0	0	0	0	0	0	0	0	0	0	0	0	0	0	0	0	0	0	0	0	0	0	0	0	0	0	0	0	0	0	0	0	0	0	0	0	0	0	0	0	0	0	0	0	0	0	0	0	0	0	0	0	0	0	0	0	0	0	0	0	126	6482	0	1270	0	0	264	6078	128	7040	0	0	0	810	0	224	0	0	1762	5048	330	0	0	0	0	0	
345244	Cerebelum_4_5_L	0	0	0	0	0	0	0	0	0	0	0	0	0	0	0	0	0	0	0	0	0	0	0	0	0	0	0	0	0	0	0	0	0	0	0	0	318	0	436	0	0	0	172	0	0	0	9044	5030	0	0	174	0	420	0	9338	196	0	0	0	0	0	0	0	0	0	0	114	0	0	0	0	0	0	0	0	0	0	0	0	0	0	0	0	0	0	0	0	0	320	0	34054	6336	10056	412	4670	264	0	6312	39724	7140	726	0	2662	218	3534	464	876	116	924	1890	21414	2892	384	318	922	752	
229228	Cerebelum_4_5_R	0	0	0	0	0	0	0	0	0	0	0	0	0	0	0	0	0	0	0	0	0	0	0	0	0	0	0	0	0	0	0	0	0	0	0	0	0	318	0	792	0	0	118	0	0	0	1852	3678	0	0	140	0	284	0	1046	3540	0	0	0	0	0	0	0	0	0	0	0	102	0	0	0	0	0	0	0	0	0	0	0	0	0	0	0	0	0	0	0	0	0	0	3102	27566	308	3414	0	6078	6312	0	3772	29896	0	0	0	2070	0	434	0	0	582	4988	12956	552	530	0	184	0	
516816	Cerebelum_6_L	0	0	0	0	0	0	0	0	0	0	0	0	0	0	0	0	0	0	256	0	0	0	0	0	0	0	0	0	314	0	0	0	0	0	0	0	814	0	302	0	0	0	162	0	0	0	9894	6574	0	0	212	0	816	0	17676	684	0	0	0	0	0	0	0	0	0	0	108	0	0	0	0	0	288	0	0	0	0	0	0	0	134	0	0	0	0	0	0	0	1002	0	60466	13778	19362	1546	2340	128	39724	3772	0	12176	3186	0	7482	418	8232	144	3604	114	732	1360	16764	14752	8396	216	314	166	
448544	Cerebelum_6_R	0	0	0	0	0	0	0	0	0	0	0	0	0	0	0	0	0	0	0	0	0	0	0	0	0	0	0	0	0	0	0	0	0	0	0	0	0	120	0	112	0	0	0	142	0	0	1836	3340	0	0	0	0	0	0	1274	6088	0	0	0	0	0	0	0	0	0	0	0	154	0	0	0	0	0	0	0	0	0	0	0	0	0	0	0	0	0	0	0	0	0	110	8428	61036	1212	10094	0	7040	7140	29896	12176	0	104	0	730	7024	3710	4110	150	1584	2098	6352	14386	15994	10262	3726	3326	518	
169172	Cerebelum_7b_L	0	0	0	0	0	0	0	0	0	0	0	0	0	0	0	0	0	0	0	0	0	0	0	0	0	0	0	0	0	0	0	0	0	0	0	0	0	0	0	0	0	0	0	0	0	0	0	0	0	0	0	0	0	0	124	0	0	0	0	0	0	0	0	0	0	0	0	0	0	0	0	0	0	0	0	0	0	0	0	0	0	0	0	0	0	0	0	0	0	0	5804	218	28130	1306	0	0	726	0	3186	104	0	1660	28892	1506	9046	0	288	0	0	0	0	0	1050	2414	132	0	
83800	Cerebelum_7b_R	0	0	0	0	0	0	0	0	0	0	0	0	0	0	0	0	0	0	0	0	0	0	0	0	0	0	0	0	0	0	0	0	0	0	0	0	0	0	0	0	0	0	0	0	0	0	0	0	0	0	0	0	0	0	0	0	0	0	0	0	0	0	0	0	0	0	0	0	0	0	0	0	0	0	0	0	0	0	0	0	0	0	0	0	0	0	0	0	0	0	0	1256	3616	11848	0	0	0	0	0	0	1660	0	1676	14854	0	4708	0	0	0	0	0	0	684	1598	0	0	
245796	Cerebelum_8_L	0	0	0	0	0	0	0	0	0	0	0	0	0	0	0	0	0	0	0	0	0	0	0	0	0	0	0	0	0	0	0	0	0	0	0	0	0	0	0	0	0	0	0	0	0	0	0	0	0	0	0	0	0	0	482	0	0	0	0	0	0	0	0	0	0	0	0	0	0	0	0	0	0	0	0	0	0	0	0	0	0	0	0	0	0	0	0	0	0	0	13104	1132	29622	2378	152	0	2662	0	7482	730	28892	1676	0	3834	19172	450	1100	0	0	0	342	332	2436	5636	1284	0	
213732	Cerebelum_8_R	0	0	0	0	0	0	0	0	0	0	0	0	0	0	0	0	0	0	0	0	0	0	0	0	0	0	0	0	0	0	0	0	0	0	0	0	0	0	0	0	0	0	0	0	0	0	0	0	0	0	0	0	0	0	0	118	0	0	0	0	0	0	0	0	0	0	0	0	0	0	0	0	0	0	0	0	0	0	0	0	0	0	0	0	0	0	0	0	0	0	740	13444	2572	25208	0	810	218	2070	418	7024	1506	14854	3834	0	1340	18252	0	1214	334	228	252	266	3454	5658	2606	446	
168652	Cerebelum_9_L	0	0	0	0	0	0	0	0	0	0	0	0	0	0	0	0	0	0	0	0	0	0	0	0	0	0	0	0	0	0	0	0	0	0	0	0	0	0	0	0	0	0	0	0	0	0	0	540	0	0	0	0	0	0	234	370	0	0	0	0	0	0	0	0	0	0	0	0	0	0	0	0	0	0	0	0	0	0	0	0	0	0	0	0	0	0	0	0	0	0	6884	3544	10708	872	198	0	3534	0	8232	3710	9046	0	19172	1340	0	630	2186	0	0	0	2512	4616	2260	1776	1750	212	
115116	Cerebelum_9_R	0	0	0	0	0	0	0	0	0	0	0	0	0	0	0	0	0	0	0	0	0	0	0	0	0	0	0	0	0	0	0	0	0	0	0	0	0	0	0	0	0	0	0	0	0	0	110	0	0	0	0	0	0	0	0	0	0	0	0	0	0	0	0	0	0	0	0	0	0	0	0	0	0	0	0	0	0	0	0	0	0	0	0	0	0	0	0	0	0	0	100	5626	0	7698	0	224	464	434	144	4110	0	4708	450	18252	630	0	0	1874	390	174	752	1546	1940	2628	4146	1158	
24356	Cerebelum_10_L	0	0	0	0	0	0	0	0	0	0	0	0	0	0	0	0	0	0	0	0	0	0	0	0	0	0	0	0	0	0	0	0	0	0	0	0	0	0	0	0	0	0	0	0	0	0	0	172	0	0	0	0	0	0	0	0	0	0	0	0	0	0	0	0	0	0	0	0	0	0	0	0	0	0	0	0	0	0	0	0	0	0	0	0	0	0	0	0	0	0	1754	172	626	0	106	0	876	0	3604	150	288	0	1100	0	2186	0	0	0	0	0	600	392	152	0	0	0	
17780	Cerebelum_10_R	0	0	0	0	0	0	0	0	0	0	0	0	0	0	0	0	0	0	0	0	0	0	0	0	0	0	0	0	0	0	0	0	0	0	0	0	0	0	0	0	0	0	0	0	0	0	0	0	0	0	0	0	0	0	0	0	0	0	0	0	0	0	0	0	0	0	0	0	0	0	0	0	0	0	0	0	0	0	0	0	0	0	0	0	0	0	0	0	0	0	110	396	0	404	0	0	116	0	114	1584	0	0	0	1214	0	1874	0	0	330	266	130	0	714	778	860	0	
32676	Vermis_1_2	0	0	0	0	0	0	0	0	0	0	0	0	0	0	0	0	0	0	0	0	0	0	0	0	0	0	0	0	0	0	0	0	0	0	0	0	0	0	0	0	0	0	0	0	0	0	0	0	0	0	0	0	0	0	0	0	0	0	0	0	0	0	0	0	0	0	0	0	0	0	0	0	0	0	0	0	0	0	0	0	0	0	0	0	0	0	0	0	0	0	686	1372	244	242	454	1762	924	582	732	2098	0	0	0	334	0	390	0	330	0	4906	998	178	0	0	106	0	
74900	Vermis_3	0	0	0	0	0	0	0	0	0	0	0	0	0	0	0	0	0	0	0	0	0	0	0	0	0	0	0	0	0	0	0	0	0	0	0	0	102	0	194	0	0	0	0	0	0	0	238	194	0	0	0	0	0	0	0	0	0	0	0	0	0	0	0	0	0	0	0	0	0	0	0	0	0	0	0	0	0	0	0	0	0	0	0	0	0	0	0	0	0	0	1298	5422	580	440	1034	5048	1890	4988	1360	6352	0	0	0	228	0	174	0	266	4906	0	2506	126	104	0	0	0	
249740	Vermis_4_5	0	0	0	0	0	0	0	0	0	0	0	0	0	0	0	0	0	0	0	0	0	0	0	0	0	0	0	0	0	0	0	0	0	0	0	0	0	132	0	0	0	0	120	0	0	0	4246	5754	0	0	140	0	316	0	2120	1046	0	0	0	0	0	0	0	0	0	0	0	136	0	0	0	0	0	0	0	0	0	0	0	0	0	0	0	0	0	0	0	0	0	0	12722	12676	1610	756	218	330	21414	12956	16764	14386	0	0	342	252	2512	752	600	130	998	2506	0	4662	724	634	1672	1244	
194608	Vermis_6	0	0	0	0	0	0	0	0	0	0	0	0	0	0	0	0	0	0	0	0	0	0	0	0	0	0	0	0	0	0	0	0	0	0	0	0	0	0	0	0	0	0	0	146	0	0	1864	3028	0	0	0	0	116	0	3078	960	0	0	0	0	0	0	0	0	0	0	0	0	0	0	0	0	0	0	0	0	0	0	0	0	0	0	0	0	0	0	0	0	0	0	8264	16624	562	852	0	0	2892	552	14752	15994	0	0	332	266	4616	1546	392	0	178	126	4662	0	7910	2562	3564	1466	
