data	data	488740	262692	817064	669584	141668	90756	539404	302020	87100	41116	357016	281372	308588	198012	150828	123784	374112	81372	530824	668784	83140	93636	252480	197060	25556	53688	83368	68516	748292	330904	264336	288752	99284	454768	92916	90500	267996	245228	76884	102676	48116	65496	162084	285748	175284	305160	200784	216360	138824	323592	348076	348236	93120	91268	407704	419100	185132	160984	147024	114756	186364	100472	66128	89196	125456	97032	279620	389320	153224	145652	469756	489564	442964	374268	50964	32172	131524	140124	73944	24536	170572	115716	129684	42384	294128	228648	22036	18200	326152	194200	518396	596532	353252	401352	85460	81004	399112	311064	474032	553168	281836	130116	313172	369480	110624	135792	14292	18496	24736	67992	293116	213240	251196	99352	66360	84716	
data	data	Precentral_L	Precentral_R	Frontal_Sup_L	Frontal_Sup_R	Frontal_Sup_Orb_L	Frontal_Sup_Orb_R	Frontal_Mid_L	Frontal_Mid_R	Frontal_Mid_Orb_L	Frontal_Mid_Orb_R	Frontal_Inf_Oper_L	Frontal_Inf_Oper_R	Frontal_Inf_Tri_L	Frontal_Inf_Tri_R	Frontal_Inf_Orb_L	Frontal_Inf_Orb_R	Rolandic_Oper_L	Rolandic_Oper_R	Supp_Motor_Area_L	Supp_Motor_Area_R	Olfactory_L	Olfactory_R	Frontal_Sup_Medial_L	Frontal_Sup_Medial_R	Frontal_Med_Orb_L	Frontal_Med_Orb_R	Rectus_L	Rectus_R	Insula_L	Insula_R	Cingulum_Ant_L	Cingulum_Ant_R	Cingulum_Mid_L	Cingulum_Mid_R	Cingulum_Post_L	Cingulum_Post_R	Hippocampus_L	Hippocampus_R	ParaHippocampal_L	ParaHippocampal_R	Amygdala_L	Amygdala_R	Calcarine_L	Calcarine_R	Cuneus_L	Cuneus_R	Lingual_L	Lingual_R	Occipital_Sup_L	Occipital_Sup_R	Occipital_Mid_L	Occipital_Mid_R	Occipital_Inf_L	Occipital_Inf_R	Fusiform_L	Fusiform_R	Postcentral_L	Postcentral_R	Parietal_Sup_L	Parietal_Sup_R	Parietal_Inf_L	Parietal_Inf_R	SupraMarginal_L	SupraMarginal_R	Angular_L	Angular_R	Precuneus_L	Precuneus_R	Paracentral_Lobule_L	Paracentral_Lobule_R	Caudate_L	Caudate_R	Putamen_L	Putamen_R	Pallidum_L	Pallidum_R	Thalamus_L	Thalamus_R	Heschl_L	Heschl_R	Temporal_Sup_L	Temporal_Sup_R	Temporal_Pole_Sup_L	Temporal_Pole_Sup_R	Temporal_Mid_L	Temporal_Mid_R	Temporal_Pole_Mid_L	Temporal_Pole_Mid_R	Temporal_Inf_L	Temporal_Inf_R	Cerebelum_Crus1_L	Cerebelum_Crus1_R	Cerebelum_Crus2_L	Cerebelum_Crus2_R	Cerebelum_3_L	Cerebelum_3_R	Cerebelum_4_5_L	Cerebelum_4_5_R	Cerebelum_6_L	Cerebelum_6_R	Cerebelum_7b_L	Cerebelum_7b_R	Cerebelum_8_L	Cerebelum_8_R	Cerebelum_9_L	Cerebelum_9_R	Cerebelum_10_L	Cerebelum_10_R	Vermis_1_2	Vermis_3	Vermis_4_5	Vermis_6	Vermis_7	Vermis_8	Vermis_9	Vermis_10	
488740	Precentral_L	0	702	33686	4594	0	0	25678	164	0	0	20028	384	3964	190	0	0	11550	0	26060	10234	0	0	0	0	0	0	0	0	13014	120	266	0	0	2066	272	0	5128	0	320	0	0	0	0	0	86	0	0	0	126	0	296	0	0	0	1106	0	22206	0	1358	0	2708	0	1490	0	0	0	108	0	8316	626	9636	2788	13538	600	3006	0	10470	236	2752	0	2712	0	306	0	200	0	0	0	1280	0	0	0	0	0	0	0	0	0	0	0	0	0	0	0	0	0	0	0	0	0	0	0	0	0	0	0	
262692	Precentral_R	702	0	208	11134	0	0	74	23254	0	0	0	13838	0	290	0	0	0	2382	386	8314	0	0	0	0	0	0	0	0	0	4422	0	0	0	846	70	144	0	4506	0	396	0	0	0	102	0	120	0	0	0	718	0	2014	0	0	0	628	0	14572	0	1140	0	2606	0	970	0	1186	0	896	3550	3314	324	5272	0	4878	0	1394	564	12870	0	366	0	264	0	0	0	1722	0	0	0	704	0	0	0	0	0	0	0	0	0	0	0	0	0	0	0	0	0	0	0	206	0	0	0	0	0	0	
817064	Frontal_Sup_L	33686	208	0	7586	12646	0	69596	586	5394	0	10692	620	15600	778	8002	0	9046	0	63832	12214	482	316	34832	2272	930	0	2742	0	25556	198	15346	8594	2134	2698	0	0	1792	0	0	0	0	0	0	0	0	0	0	0	0	0	0	0	0	0	130	0	4380	0	200	0	400	0	134	0	0	0	0	0	3924	0	10878	1444	24836	414	3872	0	5566	122	706	0	1722	0	1164	0	0	0	0	0	262	0	0	0	0	0	0	0	0	0	0	0	0	0	0	0	0	0	0	0	0	0	0	0	0	0	0	0	
669584	Frontal_Sup_R	4594	11134	7586	0	0	1994	4034	38314	0	368	4390	10210	1316	8126	0	770	2780	744	17896	67894	0	88	7974	25150	130	2086	0	198	6178	7328	4996	19130	1790	28334	74	0	0	870	0	206	0	0	0	0	0	0	0	0	0	0	0	0	0	0	0	374	170	318	0	0	0	104	0	114	0	0	0	0	856	504	8452	17778	1770	14472	98	600	120	1800	0	0	258	0	196	0	0	126	0	0	0	0	0	0	0	0	0	0	0	0	0	0	0	0	0	0	0	0	0	0	0	0	0	0	0	0	0	0	
141668	Frontal_Sup_Orb_L	0	0	12646	0	0	0	872	0	9516	0	0	0	1366	0	11058	0	0	0	0	0	2610	1128	2244	0	3650	0	7886	82	4070	0	1760	0	0	0	0	0	0	0	0	0	0	0	0	0	0	0	0	0	0	0	0	0	0	0	0	0	0	0	0	0	0	0	0	0	0	0	0	0	0	0	3612	468	7778	0	0	0	0	0	0	0	0	0	88	0	0	0	0	0	0	0	0	0	0	0	0	0	0	0	0	0	0	0	0	0	0	0	0	0	0	0	0	0	0	0	0	0	
90756	Frontal_Sup_Orb_R	0	0	0	1994	0	0	0	724	0	5392	0	242	0	902	0	4168	0	0	0	0	196	2196	0	2128	0	6710	90	8618	0	1806	0	1240	0	0	0	0	0	0	0	0	0	0	0	0	0	0	0	0	0	0	0	0	0	0	0	0	0	0	0	0	0	0	0	0	0	0	0	0	0	0	310	5100	70	3492	0	0	0	0	0	0	0	0	0	0	0	0	0	0	0	0	0	0	0	0	0	0	0	0	0	0	0	0	0	0	0	0	0	0	0	0	0	0	0	0	0	0	
539404	Frontal_Mid_L	25678	74	69596	4034	872	0	0	450	4368	0	13608	328	37018	554	7696	0	6488	0	15700	4336	90	0	9552	412	0	0	82	0	28698	0	4140	706	2276	380	0	0	2436	0	344	0	0	0	0	0	0	0	0	0	0	0	0	0	0	0	114	0	2364	0	260	0	588	0	0	0	0	0	0	0	354	0	3308	508	13608	104	1546	0	2594	0	682	0	342	0	3182	0	72	0	0	0	160	0	0	0	0	0	0	0	0	0	0	0	0	0	0	0	0	0	0	0	0	0	0	0	0	0	0	0	
302020	Frontal_Mid_R	164	23254	586	38314	0	724	450	0	0	1570	454	18942	592	13632	0	2428	0	270	976	9652	0	0	706	1266	0	0	0	0	1342	5944	414	1002	168	3744	0	0	0	482	0	0	0	0	0	0	0	106	0	0	0	494	0	1494	0	0	0	226	0	636	0	974	0	1874	0	264	0	902	0	672	274	146	1830	6828	396	4122	0	400	0	346	0	0	0	96	0	0	0	1308	0	0	0	546	0	0	0	0	0	0	0	0	0	0	0	0	0	0	0	0	0	0	0	0	0	0	0	0	0	0	
87100	Frontal_Mid_Orb_L	0	0	5394	0	9516	0	4368	0	0	0	318	0	4096	0	12032	0	192	0	0	0	260	224	0	0	94	0	1476	0	2814	0	90	0	0	0	0	0	0	0	0	0	0	0	0	0	0	0	0	0	0	0	0	0	0	0	0	0	0	0	0	0	0	0	0	0	0	0	0	0	0	0	424	108	1830	0	0	0	0	0	0	0	0	0	314	0	0	0	0	0	0	0	0	0	0	0	0	0	0	0	0	0	0	0	0	0	0	0	0	0	0	0	0	0	0	0	0	0	
41116	Frontal_Mid_Orb_R	0	0	0	368	0	5392	0	1570	0	0	0	274	0	1680	0	5256	0	0	0	0	0	0	0	0	0	240	0	286	0	1146	0	0	0	0	0	0	0	0	0	0	0	0	0	0	0	0	0	0	0	0	0	0	0	0	0	0	0	0	0	0	0	0	0	0	0	0	0	0	0	0	0	2382	0	1964	0	0	0	0	0	0	0	0	0	0	0	0	0	0	0	0	0	0	0	0	0	0	0	0	0	0	0	0	0	0	0	0	0	0	0	0	0	0	0	0	0	0	
357016	Frontal_Inf_Oper_L	20028	0	10692	4390	0	0	13608	454	318	0	0	1166	14138	3838	792	0	20536	0	8056	4992	0	0	224	0	0	0	0	0	33056	126	1396	180	224	174	0	0	1028	0	138	0	0	0	0	0	0	0	0	0	0	0	0	0	0	0	76	0	2078	0	468	0	804	0	90	0	0	0	0	0	0	0	14798	256	8602	220	610	0	1220	0	800	0	1324	0	7368	0	0	0	0	0	240	0	0	0	0	0	0	0	0	0	0	0	0	0	0	0	0	0	0	0	0	0	0	0	0	0	0	0	
281372	Frontal_Inf_Oper_R	384	13838	620	10210	0	242	328	18942	0	274	1166	0	492	14256	0	2182	2168	4208	566	8040	0	0	0	0	0	0	0	0	3126	19766	0	0	0	566	0	0	438	518	0	82	0	0	0	0	0	90	0	0	0	412	0	1362	0	0	100	198	0	1122	0	738	0	1264	0	80	0	662	0	628	0	0	3548	15352	1148	4114	0	356	160	4338	0	328	148	276	98	0	0	1162	0	0	90	500	0	0	0	0	0	0	0	0	0	0	0	0	0	0	0	0	0	0	0	0	0	0	0	0	0	0	
308588	Frontal_Inf_Tri_L	3964	0	15600	1316	1366	0	37018	592	4096	0	14138	492	0	1108	11496	0	1952	0	2738	1346	0	0	790	86	0	0	82	0	31962	146	5274	404	1058	622	0	0	0	0	0	0	0	0	0	0	0	0	0	0	0	0	0	0	0	0	0	0	0	0	0	0	0	0	0	0	0	0	0	0	0	0	8250	450	6912	214	0	0	148	0	0	0	276	0	398	0	0	0	0	0	0	0	0	0	0	0	0	0	0	0	0	0	0	0	0	0	0	0	0	0	0	0	0	0	0	0	0	0	
198012	Frontal_Inf_Tri_R	190	290	778	8126	0	902	554	13632	0	1680	3838	14256	1108	0	0	4694	814	108	590	5298	0	0	120	298	0	0	0	0	5298	11430	262	666	0	1180	0	0	0	112	0	0	0	0	0	0	0	0	0	0	0	0	0	0	0	0	0	0	0	0	0	0	0	0	0	0	0	0	0	0	0	0	6408	12182	552	2596	0	198	106	616	0	0	0	0	124	0	0	0	0	0	0	0	0	0	0	0	0	0	0	0	0	0	0	0	0	0	0	0	0	0	0	0	0	0	0	0	0	0	
150828	Frontal_Inf_Orb_L	0	0	8002	0	11058	0	7696	0	12032	0	792	0	11496	0	0	0	330	0	0	0	1700	696	86	0	168	0	2526	0	10216	0	242	0	0	0	0	0	0	0	0	0	0	0	0	0	0	0	0	0	0	0	0	0	0	0	0	0	0	0	0	0	0	0	0	0	0	0	0	0	0	0	2148	364	5038	78	0	0	0	0	0	0	0	0	746	0	0	0	0	0	0	0	0	0	0	0	0	0	0	0	0	0	0	0	0	0	0	0	0	0	0	0	0	0	0	0	0	0	
123784	Frontal_Inf_Orb_R	0	0	0	770	0	4168	0	2428	0	5256	0	2182	0	4694	0	0	0	156	0	178	0	1700	0	0	0	0	0	1696	0	11368	0	0	0	80	0	0	0	368	0	100	0	104	0	0	0	0	0	0	0	0	0	0	0	0	0	260	0	0	0	0	0	0	0	0	0	0	0	0	0	0	166	12850	106	12376	0	392	0	0	0	0	0	142	0	352	0	0	0	0	0	0	0	0	0	0	0	0	0	0	0	0	0	0	0	0	0	0	0	0	0	0	0	0	0	0	0	0	
374112	Rolandic_Oper_L	11550	0	9046	2780	0	0	6488	0	192	0	20536	2168	1952	814	330	0	0	0	7264	3992	0	0	0	0	0	0	0	0	38380	384	286	0	122	0	0	0	4122	0	294	0	0	0	172	0	0	0	0	0	110	0	1848	0	246	0	686	0	6706	0	1812	0	1268	0	2034	0	214	0	970	0	0	0	16436	652	13136	700	872	0	3112	0	3836	0	8030	0	7396	0	2618	0	0	0	3502	0	0	0	0	0	0	0	0	0	0	0	0	0	0	0	0	0	0	0	0	0	0	0	0	0	0	0	
81372	Rolandic_Oper_R	0	2382	0	744	0	0	0	270	0	0	0	4208	0	108	0	156	0	0	0	924	0	0	0	0	0	0	0	0	0	9278	0	0	0	0	0	0	0	954	0	0	0	0	0	0	0	0	0	0	0	0	0	712	0	0	0	0	0	2224	0	0	0	0	0	1322	0	330	0	0	0	0	0	1660	0	3760	0	0	0	3632	0	1878	0	3998	0	1560	0	512	0	0	0	74	0	0	0	0	0	0	0	0	0	0	0	0	0	0	0	0	0	0	0	0	0	0	0	0	0	0	
530824	Supp_Motor_Area_L	26060	386	63832	17896	0	0	15700	976	0	0	8056	566	2738	590	0	0	7264	0	0	36796	0	0	3958	2410	0	0	0	0	11918	262	3174	4046	4414	14866	308	0	1054	0	0	0	0	0	0	0	0	0	0	0	0	0	0	0	0	0	78	0	3388	0	166	0	296	0	118	0	0	0	90	0	6012	1250	8932	1676	8492	204	3026	0	2046	104	362	0	1400	0	296	0	0	0	0	0	206	0	0	0	0	0	0	0	0	0	0	0	0	0	0	0	0	0	0	0	0	0	0	0	0	0	0	0	
668784	Supp_Motor_Area_R	10234	8314	12214	67894	0	0	4336	9652	0	0	4992	8040	1346	5298	0	178	3992	924	36796	0	0	0	852	3550	0	0	0	0	7120	6906	2508	7164	5194	42858	534	1234	78	916	0	184	0	0	0	76	142	280	0	0	0	280	0	230	0	0	0	294	446	1460	0	78	0	416	0	380	0	0	206	1116	13442	18730	9208	17706	2240	9184	376	364	164	3046	96	0	584	82	196	0	0	162	0	0	0	100	0	0	0	0	0	0	0	0	0	0	0	0	0	0	0	0	0	0	0	0	0	0	0	0	0	0	
83140	Olfactory_L	0	0	482	0	2610	196	90	0	260	0	0	0	0	0	1700	0	0	0	0	0	0	6400	0	0	90	196	4092	1542	3214	0	3490	2478	0	0	0	0	598	0	1194	0	1020	0	0	0	0	0	0	0	0	0	0	0	0	0	0	0	0	0	0	0	0	0	0	0	0	0	0	0	0	0	7028	2430	1540	732	0	0	0	0	0	0	0	0	188	0	0	0	0	0	0	0	0	0	0	0	0	0	0	0	0	0	0	0	0	0	0	0	0	0	0	0	0	0	0	0	0	0	
93636	Olfactory_R	0	0	316	88	1128	2196	0	0	224	0	0	0	0	0	696	1700	0	0	0	0	6400	0	0	182	0	836	3298	4382	0	1984	2636	2620	0	0	0	0	0	0	0	148	0	956	0	0	0	0	0	0	0	0	0	0	0	0	0	0	0	0	0	0	0	0	0	0	0	0	0	0	0	0	7374	5534	1488	2446	0	0	0	0	0	0	0	0	0	186	0	0	0	0	0	0	0	0	0	0	0	0	0	0	0	0	0	0	0	0	0	0	0	0	0	0	0	0	0	0	0	0	
252480	Frontal_Sup_Medial_L	0	0	34832	7974	2244	0	9552	706	0	0	224	0	790	120	86	0	0	0	3958	852	0	0	0	15978	1638	120	0	0	898	0	18274	14326	3100	7064	0	0	0	0	0	0	0	0	0	0	0	0	0	0	0	0	0	0	0	0	0	0	0	0	0	0	0	0	0	0	0	0	0	0	0	0	856	286	2130	232	0	0	0	0	0	0	0	0	0	0	0	0	0	0	0	0	0	0	0	0	0	0	0	0	0	0	0	0	0	0	0	0	0	0	0	0	0	0	0	0	0	0	
197060	Frontal_Sup_Medial_R	0	0	2272	25150	0	2128	412	1266	0	0	0	0	86	298	0	0	0	0	2410	3550	0	182	15978	0	162	3082	0	352	98	0	6300	16274	670	10924	0	0	0	0	0	0	0	0	0	0	0	0	0	0	0	0	0	0	0	0	0	0	0	0	0	0	0	0	0	0	0	0	0	0	0	0	146	3486	172	2908	0	224	0	0	0	0	0	0	0	0	0	0	0	0	0	0	0	0	0	0	0	0	0	0	0	0	0	0	0	0	0	0	0	0	0	0	0	0	0	0	0	0	
25556	Frontal_Med_Orb_L	0	0	930	130	3650	0	0	0	94	0	0	0	0	0	168	0	0	0	0	0	90	0	1638	162	0	130	2236	0	0	0	2820	0	0	0	0	0	0	0	0	0	0	0	0	0	0	0	0	0	0	0	0	0	0	0	0	0	0	0	0	0	0	0	0	0	0	0	0	0	0	0	292	0	438	0	0	0	0	0	0	0	0	0	0	0	0	0	0	0	0	0	0	0	0	0	0	0	0	0	0	0	0	0	0	0	0	0	0	0	0	0	0	0	0	0	0	0	
53688	Frontal_Med_Orb_R	0	0	0	2086	0	6710	0	0	0	240	0	0	0	0	0	0	0	0	0	0	196	836	120	3082	130	0	406	5710	0	0	856	2714	0	0	0	0	0	0	0	0	0	0	0	0	0	0	0	0	0	0	0	0	0	0	0	0	0	0	0	0	0	0	0	0	0	0	0	0	0	0	104	2176	0	1478	0	0	0	0	0	0	0	0	0	0	0	0	0	0	0	0	0	0	0	0	0	0	0	0	0	0	0	0	0	0	0	0	0	0	0	0	0	0	0	0	0	0	
83368	Rectus_L	0	0	2742	0	7886	90	82	0	1476	0	0	0	82	0	2526	0	0	0	0	0	4092	3298	0	0	2236	406	0	1402	624	0	4026	1804	0	0	0	0	0	0	0	0	0	0	0	0	0	0	0	0	0	0	0	0	0	0	0	0	0	0	0	0	0	0	0	0	0	0	0	0	0	0	4892	1206	2598	216	0	0	0	0	0	0	0	0	0	0	0	0	0	0	0	0	0	0	0	0	0	0	0	0	0	0	0	0	0	0	0	0	0	0	0	0	0	0	0	0	0	0	
68516	Rectus_R	0	0	0	198	82	8618	0	0	0	286	0	0	0	0	0	1696	0	0	0	0	1542	4382	0	352	0	5710	1402	0	0	624	1348	2612	0	0	0	0	0	0	0	0	0	0	0	0	0	0	0	0	0	0	0	0	0	0	0	0	0	0	0	0	0	0	0	0	0	0	0	0	0	0	1070	2604	166	1566	0	0	0	0	0	0	0	0	0	0	0	0	0	0	0	0	0	0	0	0	0	0	0	0	0	0	0	0	0	0	0	0	0	0	0	0	0	0	0	0	0	0	
748292	Insula_L	13014	0	25556	6178	4070	0	28698	1342	2814	0	33056	3126	31962	5298	10216	0	38380	0	11918	7120	3214	0	898	98	0	0	624	0	0	546	4716	588	1168	1020	0	0	17102	0	4186	0	4202	0	126	0	114	0	0	0	210	0	510	0	108	0	4794	0	3818	0	516	0	598	0	1164	0	0	0	166	0	0	0	31494	1116	33568	672	614	0	4426	116	5610	0	7368	0	9142	0	1570	0	0	0	5216	0	0	0	0	0	0	0	0	0	0	0	0	0	0	0	0	0	0	0	0	0	0	0	0	0	0	0	
330904	Insula_R	120	4422	198	7328	0	1806	0	5944	0	1146	126	19766	146	11430	0	11368	384	9278	262	6906	0	1984	0	0	0	0	0	624	546	0	72	120	0	1498	0	0	0	7462	0	1616	0	3246	0	0	0	0	0	0	0	82	0	0	0	260	0	2196	0	2896	0	0	0	0	0	0	0	0	0	132	0	0	906	22808	432	23204	0	236	74	5470	0	2298	0	4360	0	678	0	944	0	0	0	678	0	0	0	0	0	0	0	0	0	0	0	0	0	0	0	0	0	0	0	0	0	0	0	0	0	0	
264336	Cingulum_Ant_L	266	0	15346	4996	1760	0	4140	414	90	0	1396	0	5274	262	242	0	286	0	3174	2508	3490	2636	18274	6300	2820	856	4026	1348	4716	72	0	21318	6226	3930	0	0	0	0	0	0	0	0	0	0	0	0	0	0	0	0	0	0	0	0	0	0	0	0	0	0	0	0	0	0	0	0	0	0	0	0	9022	1754	4134	904	0	108	0	0	0	0	0	0	80	0	0	0	0	0	0	0	0	0	0	0	0	0	0	0	0	0	0	0	0	0	0	0	0	0	0	0	0	0	0	0	0	0	
288752	Cingulum_Ant_R	0	0	8594	19130	0	1240	706	1002	0	0	180	0	404	666	0	0	0	0	4046	7164	2478	2620	14326	16274	0	2714	1804	2612	588	120	21318	0	1982	18412	0	0	0	0	0	0	0	0	0	0	0	0	0	0	0	0	0	0	0	0	0	0	0	0	0	0	0	0	0	0	0	0	0	0	0	0	3464	5950	1716	4570	0	296	0	0	0	0	0	0	0	0	0	0	0	0	0	0	0	0	0	0	0	0	0	0	0	0	0	0	0	0	0	0	0	0	0	0	0	0	0	0	0	0	
99284	Cingulum_Mid_L	0	0	2134	1790	0	0	2276	168	0	0	224	0	1058	0	0	0	122	0	4414	5194	0	0	3100	670	0	0	0	0	1168	0	6226	1982	0	8334	2490	72	0	0	0	0	0	0	70	0	666	126	0	0	422	130	406	96	0	0	0	0	398	0	170	0	0	0	0	0	0	0	2396	634	1592	298	188	108	372	0	148	0	0	0	0	0	0	0	0	0	0	0	0	0	0	0	0	0	0	0	0	0	0	0	0	0	0	0	0	0	0	0	0	0	0	0	0	0	0	0	0	0	
454768	Cingulum_Mid_R	2066	846	2698	28334	0	0	380	3744	0	0	174	566	622	1180	0	80	0	0	14866	42858	0	0	7064	10924	0	0	0	0	1020	1498	3930	18412	8334	0	2054	5172	0	136	0	0	0	0	0	1018	100	3938	0	398	0	3652	0	2932	0	0	0	194	0	2934	0	564	0	712	0	460	0	318	2674	10768	9458	16918	1880	4270	356	1506	0	0	0	536	0	156	0	1076	0	0	0	2352	0	0	0	1256	0	0	0	0	0	0	0	0	0	0	0	0	0	0	0	0	0	0	0	0	0	0	0	0	0	0	
92916	Cingulum_Post_L	272	70	0	74	0	0	0	0	0	0	0	0	0	0	0	0	0	0	308	534	0	0	0	0	0	0	0	0	0	0	0	0	2490	2054	0	9252	3584	2082	464	0	0	0	1624	0	830	728	820	70	380	376	642	426	328	0	1522	0	1332	424	0	114	0	126	70	152	0	0	6538	2442	3446	774	0	0	0	0	0	0	284	364	70	0	0	0	0	0	236	0	0	0	1156	0	0	0	0	0	0	0	0	0	0	0	0	0	0	0	0	0	0	0	0	0	0	0	0	0	0	0	
90500	Cingulum_Post_R	0	144	0	0	0	0	0	0	0	0	0	0	0	0	0	0	0	0	0	1234	0	0	0	0	0	0	0	0	0	0	0	0	72	5172	9252	0	2770	2180	230	130	0	0	0	484	0	2062	252	326	0	1294	0	1238	0	0	0	82	0	1068	0	276	0	260	0	338	0	0	2650	9684	338	2426	0	0	0	0	0	0	0	266	0	0	0	96	0	0	0	474	0	0	0	452	0	0	0	0	0	0	0	0	0	0	0	0	0	0	0	0	0	0	0	0	0	0	0	0	0	0	
267996	Hippocampus_L	5128	0	1792	0	0	0	2436	0	0	0	1028	438	0	0	0	0	4122	0	1054	78	598	0	0	0	0	0	0	0	17102	0	0	0	0	0	3584	2770	0	1928	11388	0	9106	0	332	0	0	0	2158	0	0	0	344	0	0	0	16336	0	406	0	248	0	0	0	0	0	0	0	2634	542	606	0	1330	88	13602	0	840	0	6600	352	2644	0	3278	0	2592	0	2830	0	278	0	12514	0	148	0	92	0	0	0	430	0	146	0	76	0	0	0	0	0	0	0	0	0	0	0	0	0	0	0	
245228	Hippocampus_R	0	4506	0	870	0	0	0	482	0	0	0	518	0	112	0	368	0	954	0	916	0	0	0	0	0	0	0	0	0	7462	0	0	0	136	2082	2180	1928	0	160	16288	0	11256	0	592	0	0	142	1890	0	0	0	114	0	908	0	28168	0	650	0	70	0	0	0	0	0	0	596	2020	0	120	0	1636	0	14660	0	2094	0	4010	0	414	0	1110	0	298	0	5868	0	72	0	6828	0	0	0	0	0	0	0	136	0	0	0	0	0	0	0	0	0	0	0	0	0	0	0	0	0	0	
76884	ParaHippocampal_L	320	0	0	0	0	0	344	0	0	0	138	0	0	0	0	0	294	0	0	0	1194	0	0	0	0	0	0	0	4186	0	0	0	0	0	464	230	11388	160	0	0	3194	0	82	0	0	0	2838	0	0	0	86	0	120	0	5646	0	0	0	0	0	0	0	0	0	0	0	1296	160	0	0	104	0	2376	0	268	0	530	0	0	0	0	0	764	0	92	0	366	0	498	0	180	0	0	0	296	0	608	0	220	0	0	0	0	0	0	0	0	0	0	0	0	0	0	0	0	0	
102676	ParaHippocampal_R	0	396	0	206	0	0	0	0	0	0	0	82	0	0	0	100	0	0	0	184	0	148	0	0	0	0	0	0	0	1616	0	0	0	0	0	130	0	16288	0	0	0	5418	0	172	0	0	0	1828	0	0	0	0	0	520	0	13078	0	126	0	0	0	0	0	0	0	0	0	788	0	0	0	110	0	3092	0	642	0	424	0	130	0	282	0	500	0	1206	0	236	0	1474	0	492	0	98	0	0	0	802	0	700	0	0	0	70	0	0	0	0	0	0	0	0	0	0	0	0	
48116	Amygdala_L	0	0	0	0	0	0	0	0	0	0	0	0	0	0	0	0	0	0	0	0	1020	0	0	0	0	0	0	0	4202	0	0	0	0	0	0	0	9106	0	3194	0	0	0	0	0	0	0	0	0	0	0	0	0	0	0	3338	0	0	0	0	0	0	0	0	0	0	0	0	0	0	0	0	0	678	0	0	0	0	0	0	0	0	0	1218	0	366	0	118	0	818	0	0	0	0	0	0	0	0	0	0	0	0	0	0	0	0	0	0	0	0	0	0	0	0	0	0	0	
65496	Amygdala_R	0	0	0	0	0	0	0	0	0	0	0	0	0	0	0	104	0	0	0	0	0	956	0	0	0	0	0	0	0	3246	0	0	0	0	0	0	0	11256	0	5418	0	0	0	0	0	0	0	0	0	0	0	0	0	0	0	6648	0	0	0	0	0	0	0	0	0	0	0	0	0	0	0	0	172	2288	0	0	0	0	0	0	0	0	0	1478	0	304	0	358	0	520	0	0	0	0	0	0	0	0	0	0	0	0	0	0	0	0	0	0	0	0	0	0	0	0	0	0	
162084	Calcarine_L	0	0	0	0	0	0	0	0	0	0	0	0	0	0	0	0	172	0	0	0	0	0	0	0	0	0	0	0	126	0	0	0	70	0	1624	0	332	0	82	0	0	0	0	5352	8906	3014	5866	730	5080	1888	17728	180	3258	390	4534	0	0	0	0	0	0	0	0	0	128	0	16462	376	118	0	0	0	0	0	0	0	0	0	396	0	168	0	0	0	1372	0	0	0	2546	0	144	0	0	0	0	0	0	0	0	0	0	0	0	0	0	0	0	0	0	0	0	0	0	0	0	0	
285748	Calcarine_R	0	102	0	0	0	0	0	0	0	0	0	0	0	0	0	0	0	0	0	76	0	0	0	0	0	0	0	0	0	0	0	0	0	1018	0	484	0	592	0	172	0	0	5352	0	10452	19506	156	16974	650	19334	188	18028	0	10274	0	5260	0	88	0	154	0	80	0	0	0	230	646	23592	92	550	0	0	0	0	0	0	0	0	0	0	0	150	0	0	0	2612	0	0	0	5846	0	82	0	0	0	0	0	0	0	134	0	0	0	0	0	0	0	0	0	0	0	0	0	0	0	0	
175284	Cuneus_L	86	0	0	0	0	0	0	0	0	0	0	0	0	0	0	0	0	0	0	142	0	0	0	0	0	0	0	0	114	0	0	0	666	100	830	0	0	0	0	0	0	0	8906	10452	0	11552	1100	186	16438	7712	12278	2184	356	752	158	0	154	0	790	0	0	0	0	0	282	0	10254	684	510	0	0	0	0	0	0	0	0	0	0	0	0	0	0	0	526	0	0	0	430	0	0	0	0	0	0	0	0	0	0	0	0	0	0	0	0	0	0	0	0	0	0	0	0	0	0	0	
305160	Cuneus_R	0	120	0	0	0	0	0	106	0	0	0	90	0	0	0	0	0	0	0	280	0	0	0	0	0	0	0	0	0	0	0	0	126	3938	728	2062	0	0	0	0	0	0	3014	19506	11552	0	0	836	316	39896	0	23008	0	1048	0	0	0	4024	0	5924	0	192	0	0	0	142	5426	27550	0	1022	0	0	0	0	0	0	0	0	0	0	0	1152	0	0	0	354	0	0	0	168	0	0	0	0	0	0	0	0	0	0	0	0	0	0	0	0	0	0	0	0	0	0	0	0	0	0	
200784	Lingual_L	0	0	0	0	0	0	0	0	0	0	0	0	0	0	0	0	0	0	0	0	0	0	0	0	0	0	0	0	0	0	0	0	0	0	820	252	2158	142	2838	0	0	0	5866	156	1100	0	0	2068	2224	0	4912	0	4484	98	14764	1698	0	0	0	0	0	0	0	0	0	0	3212	182	0	0	0	0	0	0	0	0	142	80	0	0	0	0	0	0	0	0	0	0	0	0	10922	1230	402	332	192	108	12354	2752	14502	2782	92	0	158	114	0	0	0	0	0	0	4422	2360	474	0	0	0	
216360	Lingual_R	0	0	0	0	0	0	0	0	0	0	0	0	0	0	0	0	0	0	0	0	0	0	0	0	0	0	0	0	0	0	0	0	0	398	70	326	0	1890	0	1828	0	0	730	16974	186	836	2068	0	0	3152	0	3352	0	6168	278	17288	0	0	0	100	0	0	0	0	0	158	84	8590	0	180	0	0	0	0	0	0	0	0	0	0	0	0	0	0	0	378	0	0	0	1362	1252	4702	380	1598	148	116	4166	7050	2194	9246	288	0	242	124	0	0	0	0	0	0	5608	3690	790	0	0	190	
138824	Occipital_Sup_L	126	0	0	0	0	0	0	0	0	0	0	0	0	0	0	0	110	0	0	0	0	0	0	0	0	0	0	0	210	0	0	0	422	0	380	0	0	0	0	0	0	0	5080	650	16438	316	2224	0	0	142	25298	0	948	0	118	0	242	0	3518	0	274	0	0	0	704	0	7820	158	136	0	0	0	0	0	0	0	0	0	0	0	0	0	0	0	2124	0	0	0	1974	0	0	0	0	0	0	0	0	0	0	0	0	0	0	0	0	0	0	0	0	0	0	0	0	0	0	0	
323592	Occipital_Sup_R	0	718	0	0	0	0	0	494	0	0	0	412	0	0	0	0	0	0	0	280	0	0	0	0	0	0	0	0	0	82	0	0	130	3652	376	1294	0	0	0	0	0	0	1888	19334	7712	39896	0	3152	142	0	0	32572	0	996	0	114	0	4160	0	8814	0	872	0	172	0	1850	3502	24154	0	974	0	0	0	0	0	0	0	0	0	72	0	1708	0	0	0	1954	0	0	0	320	0	0	0	0	0	0	0	0	0	0	0	0	0	0	0	0	0	0	0	0	0	0	0	0	0	0	
348076	Occipital_Mid_L	296	0	0	0	0	0	0	0	0	0	0	0	0	0	0	0	1848	0	0	0	0	0	0	0	0	0	0	0	510	0	0	0	406	0	642	0	344	0	86	0	0	0	17728	188	12278	0	4912	0	25298	0	0	0	12840	0	4486	0	1612	0	16612	0	10932	0	1082	0	16128	0	19064	0	304	0	0	0	0	0	0	0	0	0	1248	0	414	0	0	0	16404	0	0	0	8260	0	0	0	0	0	0	0	116	0	0	0	0	0	0	0	0	0	0	0	0	0	0	0	0	0	0	0	
348236	Occipital_Mid_R	0	2014	0	0	0	0	0	1494	0	0	0	1362	0	0	0	0	0	712	0	230	0	0	0	0	0	0	0	0	0	0	0	0	96	2932	426	1238	0	114	0	0	0	0	180	18028	2184	23008	0	3352	0	32572	0	0	0	4468	0	1194	0	4130	0	7342	0	3040	0	806	0	13980	2186	25648	0	764	0	0	0	0	0	0	0	0	0	0	0	2012	0	0	0	13520	0	0	0	5086	0	0	0	0	0	0	0	0	0	0	0	0	0	0	0	0	0	0	0	0	0	0	0	0	0	0	
93120	Occipital_Inf_L	0	0	0	0	0	0	0	0	0	0	0	0	0	0	0	0	246	0	0	0	0	0	0	0	0	0	0	0	108	0	0	0	0	0	328	0	0	0	120	0	0	0	3258	0	356	0	4484	0	948	0	12840	0	0	0	8042	0	156	0	0	0	504	0	308	0	486	0	2730	0	0	0	0	0	0	0	0	0	0	0	150	0	314	0	0	0	4036	0	0	0	5476	0	504	0	0	0	0	0	296	0	570	0	0	0	0	0	0	0	0	0	0	0	0	300	0	0	0	0	
91268	Occipital_Inf_R	0	0	0	0	0	0	0	0	0	0	0	0	0	0	0	0	0	0	0	0	0	0	0	0	0	0	0	0	0	260	0	0	0	0	0	0	0	908	0	520	0	0	390	10274	752	1048	98	6168	0	996	0	4468	0	0	0	8038	0	0	0	0	0	0	0	0	0	0	0	2906	0	0	0	0	0	0	0	0	0	0	0	128	0	152	0	0	0	2150	0	0	0	4352	0	166	0	98	0	0	172	366	70	698	0	0	0	0	0	0	0	0	0	0	184	182	90	0	0	0	
407704	Fusiform_L	1106	0	130	0	0	0	114	0	0	0	76	100	0	0	0	0	686	0	78	0	0	0	0	0	0	0	0	0	4794	0	0	0	0	0	1522	0	16336	0	5646	0	3338	0	4534	0	158	0	14764	278	118	0	4486	0	8042	0	0	156	398	0	0	0	0	0	0	0	0	0	5616	0	1348	0	192	0	1680	0	0	0	1380	0	776	0	2490	0	3934	0	4504	0	2308	0	22270	0	29806	444	3906	100	302	72	15956	742	31286	824	1730	0	1884	94	170	0	0	0	0	0	1860	1190	128	0	0	0	
419100	Fusiform_R	0	628	0	374	0	0	0	226	0	0	0	198	0	0	0	260	0	0	0	294	0	0	0	0	0	0	0	0	0	2196	0	0	0	194	0	82	0	28168	0	13078	0	6648	0	5260	0	0	1698	17288	0	114	0	1194	0	8038	156	0	0	362	0	92	0	0	0	0	0	0	0	3830	0	162	0	656	0	4340	0	466	0	598	0	418	0	1278	0	3528	0	10036	0	2316	0	21338	966	17642	600	2768	150	0	4376	10932	1784	21480	500	134	296	1916	70	220	0	344	0	96	5632	2888	1060	0	0	182	
185132	Postcentral_L	22206	0	4380	170	0	0	2364	0	0	0	2078	0	0	0	0	0	6706	0	3388	446	0	0	0	0	0	0	0	0	3818	0	0	0	398	0	1332	0	406	0	0	0	0	0	0	0	154	0	0	0	242	0	1612	0	156	0	398	0	0	0	5596	0	14484	0	4570	0	490	0	2426	0	3540	0	1884	962	592	390	0	0	458	0	1564	0	2766	0	0	0	1218	0	0	0	1372	0	0	0	0	0	0	0	0	0	0	0	0	0	0	0	0	0	0	0	0	0	0	0	0	0	0	0	
160984	Postcentral_R	0	14572	0	318	0	0	0	636	0	0	0	1122	0	0	0	0	0	2224	0	1460	0	0	0	0	0	0	0	0	0	2896	0	0	0	2934	424	1068	0	650	0	126	0	0	0	88	0	4024	0	0	0	4160	0	4130	0	0	0	362	0	0	0	5234	0	7562	0	7408	0	632	428	5154	782	4846	0	1600	0	2968	0	514	0	960	0	76	0	244	0	0	0	604	0	0	0	286	0	0	0	0	0	0	0	0	0	0	0	0	0	0	0	0	0	0	0	0	0	0	0	0	0	0	
147024	Parietal_Sup_L	1358	0	200	0	0	0	260	0	0	0	468	0	0	0	0	0	1812	0	166	0	0	0	0	0	0	0	0	0	516	0	0	0	170	0	0	0	248	0	0	0	0	0	0	0	790	0	0	0	3518	0	16612	0	0	0	0	0	5596	0	0	0	15916	0	764	0	2514	0	15248	0	124	0	0	116	0	0	0	0	0	92	904	0	304	0	0	0	3336	0	0	0	2480	0	0	0	0	0	0	0	0	0	0	0	0	0	0	0	0	0	0	0	0	0	0	0	0	0	0	0	
114756	Parietal_Sup_R	0	1140	0	0	0	0	0	974	0	0	0	738	0	0	0	0	0	0	0	78	0	0	0	0	0	0	0	0	0	0	0	0	0	564	114	276	0	70	0	0	0	0	0	154	0	5924	0	100	0	8814	0	7342	0	0	0	92	0	5234	0	0	0	5076	0	1108	0	3090	1260	14124	106	248	0	0	0	0	0	0	0	0	0	80	0	216	0	0	0	136	0	0	0	320	0	0	0	0	0	0	0	0	0	0	0	0	0	0	0	0	0	0	0	0	0	0	0	0	0	0	
186364	Parietal_Inf_L	2708	0	400	0	0	0	588	0	0	0	804	0	0	0	0	0	1268	0	296	0	0	0	0	0	0	0	0	0	598	0	0	0	0	0	0	0	0	0	0	0	0	0	0	0	0	0	0	0	274	0	10932	0	504	0	0	0	14484	0	15916	0	0	0	9004	0	19672	0	766	0	130	0	0	184	0	0	0	0	0	118	252	0	1158	0	0	0	8066	0	0	0	5060	0	0	0	0	0	0	0	0	0	0	0	0	0	0	0	0	0	0	0	0	0	0	0	0	0	0	0	
100472	Parietal_Inf_R	0	2606	0	104	0	0	0	1874	0	0	0	1264	0	0	0	0	0	0	0	416	0	0	0	0	0	0	0	0	0	0	0	0	0	712	126	260	0	0	0	0	0	0	0	80	0	192	0	0	0	872	0	3040	0	0	0	0	0	7562	0	5076	0	0	0	11400	0	9896	0	650	118	334	80	1236	0	0	0	0	0	402	0	0	0	272	0	0	0	1224	0	0	0	440	0	0	0	0	0	0	0	0	0	0	0	0	0	0	0	0	0	0	0	0	0	0	0	0	0	0	
66128	SupraMarginal_L	1490	0	134	0	0	0	0	0	0	0	90	0	0	0	0	0	2034	0	118	0	0	0	0	0	0	0	0	0	1164	0	0	0	0	0	70	0	0	0	0	0	0	0	0	0	0	0	0	0	0	0	1082	0	308	0	0	0	4570	0	764	0	9004	0	0	0	4520	0	0	0	0	0	0	0	0	0	0	0	0	0	436	0	2964	0	0	0	3374	0	0	0	942	0	0	0	0	0	0	0	0	0	0	0	0	0	0	0	0	0	0	0	0	0	0	0	0	0	0	0	
89196	SupraMarginal_R	0	970	0	114	0	0	0	264	0	0	0	80	0	0	0	0	0	1322	0	380	0	0	0	0	0	0	0	0	0	0	0	0	0	460	152	338	0	0	0	0	0	0	0	0	0	0	0	0	0	172	0	806	0	0	0	0	0	7408	0	1108	0	11400	0	0	0	5578	0	874	92	196	76	1548	0	0	0	0	0	450	0	0	0	5532	0	0	0	4418	0	0	0	860	0	0	0	0	0	0	0	0	0	0	0	0	0	0	0	0	0	0	0	0	0	0	0	0	0	0	
125456	Angular_L	0	0	0	0	0	0	0	0	0	0	0	0	0	0	0	0	214	0	0	0	0	0	0	0	0	0	0	0	0	0	0	0	0	0	0	0	0	0	0	0	0	0	128	0	282	0	0	0	704	0	16128	0	486	0	0	0	490	0	2514	0	19672	0	4520	0	0	0	466	0	0	0	0	0	0	0	0	0	0	0	208	0	1044	0	0	0	10658	0	0	0	5214	0	0	0	0	0	0	0	0	0	0	0	0	0	0	0	0	0	0	0	0	0	0	0	0	0	0	0	
97032	Angular_R	0	1186	0	0	0	0	0	902	0	0	0	662	0	0	0	0	0	330	0	0	0	0	0	0	0	0	0	0	0	0	0	0	0	318	0	0	0	0	0	0	0	0	0	230	0	142	0	158	0	1850	0	13980	0	0	0	0	0	632	0	3090	0	9896	0	5578	0	0	0	666	0	148	0	0	0	0	0	0	0	0	0	0	0	2564	0	0	0	4842	0	0	0	1342	0	0	0	0	0	0	0	0	0	0	0	0	0	0	0	0	0	0	0	0	0	0	0	0	0	0	
279620	Precuneus_L	108	0	0	0	0	0	0	0	0	0	0	0	0	0	0	0	970	0	90	206	0	0	0	0	0	0	0	0	166	0	0	0	2396	2674	6538	2650	2634	596	1296	0	0	0	16462	646	10254	5426	3212	84	7820	3502	19064	2186	2730	0	5616	0	2426	428	15248	1260	766	0	0	0	466	0	0	9488	1774	0	0	0	0	0	0	0	198	108	916	0	210	528	0	0	3406	0	0	0	4684	0	306	0	0	0	0	0	272	0	0	0	0	0	0	0	0	0	0	0	0	0	0	0	0	0	0	0	
389320	Precuneus_R	0	896	0	0	0	0	0	672	0	0	0	628	0	0	0	0	0	0	0	1116	0	0	0	0	0	0	0	0	0	132	0	0	634	10768	2442	9684	542	2020	160	788	0	0	376	23592	684	27550	182	8590	158	24154	0	25648	0	2906	0	3830	0	5154	0	14124	0	650	0	874	0	666	9488	0	414	3760	0	0	0	0	0	0	0	108	0	178	0	2008	0	0	0	3396	0	0	0	5688	0	0	0	0	0	0	0	0	0	0	0	0	0	0	0	0	0	0	0	0	0	0	0	0	0	0	
153224	Paracentral_Lobule_L	8316	3550	3924	856	0	0	354	274	0	0	0	0	0	0	0	0	0	0	6012	13442	0	0	0	0	0	0	0	0	0	0	0	0	1592	9458	3446	338	606	0	0	0	0	0	118	92	510	0	0	0	136	0	304	0	0	0	1348	0	3540	782	124	106	130	118	0	92	0	0	1774	414	0	7982	300	1834	428	0	72	0	1756	470	78	0	0	74	0	0	140	266	0	0	1236	220	0	0	0	0	0	0	0	0	0	0	0	0	0	0	0	0	0	0	0	0	0	0	0	0	0	0	
145652	Paracentral_Lobule_R	626	3314	0	504	0	0	0	146	0	0	0	0	0	0	0	0	0	0	1250	18730	0	0	0	0	0	0	0	0	0	0	0	0	298	16918	774	2426	0	120	0	0	0	0	0	550	0	1022	0	180	0	974	0	764	0	0	0	162	0	4846	0	248	0	334	0	196	0	148	0	3760	7982	0	116	1826	86	0	142	0	104	1782	0	130	0	510	0	0	0	996	0	0	0	862	0	0	0	0	0	0	0	0	0	0	0	0	0	0	0	0	0	0	0	0	0	0	0	0	0	0	
469756	Caudate_L	9636	324	10878	8452	3612	310	3308	1830	424	0	14798	3548	8250	6408	2148	166	16436	0	8932	9208	7028	7374	856	146	292	104	4892	1070	31494	906	9022	3464	188	1880	0	0	1330	0	104	0	0	0	0	0	0	0	0	0	0	0	0	0	0	0	192	0	1884	0	0	0	0	80	0	76	0	0	0	0	300	116	0	7622	21004	3634	1658	90	15562	324	470	0	1878	0	982	0	0	0	0	0	188	0	0	0	0	0	0	0	0	0	0	0	0	0	0	0	0	0	0	0	0	0	0	0	0	0	0	0	
489564	Caudate_R	2788	5272	1444	17778	468	5100	508	6828	108	2382	256	15352	450	12182	364	12850	652	1660	1676	17706	2430	5534	286	3486	0	2176	1206	2604	1116	22808	1754	5950	108	4270	0	0	88	1636	0	110	0	0	0	0	0	0	0	0	0	0	0	0	0	0	0	656	962	1600	116	0	184	1236	0	1548	0	0	0	0	1834	1826	7622	0	1974	39500	168	2516	434	20660	120	0	178	114	0	0	0	148	0	0	0	0	0	0	0	0	0	0	0	0	0	0	0	0	0	0	0	0	0	0	0	0	0	0	0	0	0	0	
442964	Putamen_L	13538	0	24836	1770	7778	70	13608	396	1830	0	8602	1148	6912	552	5038	106	13136	0	8492	2240	1540	1488	2130	172	438	0	2598	166	33568	432	4134	1716	372	356	0	0	13602	0	2376	0	678	172	0	0	0	0	0	0	0	0	0	0	0	0	1680	0	592	0	0	0	0	0	0	0	0	0	0	0	428	86	21004	1974	0	1052	6272	0	4722	110	640	0	1716	0	3190	0	86	0	0	0	1940	0	0	0	0	0	0	0	0	0	0	0	0	0	0	0	0	0	0	0	0	0	0	0	0	0	0	0	
374268	Putamen_R	600	4878	414	14472	0	3492	104	4122	0	1964	220	4114	214	2596	78	12376	700	3760	204	9184	732	2446	232	2908	0	1478	216	1566	672	23204	904	4570	0	1506	0	0	0	14660	0	3092	0	2288	0	0	0	0	0	0	0	0	0	0	0	0	0	4340	390	2968	0	0	0	0	0	0	0	0	0	0	0	0	3634	39500	1052	0	0	5092	0	4408	0	80	148	504	0	0	0	888	0	0	0	80	0	0	0	0	0	0	0	0	0	0	0	0	0	0	0	0	0	0	0	84	0	0	0	0	0	0	
50964	Pallidum_L	3006	0	3872	98	0	0	1546	0	0	0	610	0	0	0	0	0	872	0	3026	376	0	0	0	0	0	0	0	0	614	0	0	0	148	0	0	0	840	0	268	0	0	0	0	0	0	0	0	0	0	0	0	0	0	0	0	0	0	0	0	0	0	0	0	0	0	0	0	0	72	142	1658	168	6272	0	0	0	1474	0	0	0	74	0	346	0	0	0	0	0	0	0	0	0	0	0	0	0	0	0	0	0	0	0	0	0	0	0	0	0	0	0	0	0	0	0	0	0	
32172	Pallidum_R	0	1394	0	600	0	0	0	400	0	0	0	356	0	198	0	392	0	0	0	364	0	0	0	224	0	0	0	0	0	236	108	296	0	0	0	0	0	2094	0	642	0	0	0	0	0	0	0	0	0	0	0	0	0	0	0	466	0	514	0	0	0	0	0	0	0	0	0	0	0	0	90	2516	0	5092	0	0	0	0	0	0	0	0	0	0	0	104	0	0	0	0	0	0	0	0	0	0	0	0	0	0	0	0	0	0	0	0	0	0	0	0	0	0	0	0	0	0	
131524	Thalamus_L	10470	564	5566	120	0	0	2594	0	0	0	1220	160	148	106	0	0	3112	0	2046	164	0	0	0	0	0	0	0	0	4426	74	0	0	0	0	284	0	6600	0	530	0	0	0	0	0	0	0	142	0	0	0	0	0	0	0	1380	0	458	0	0	0	0	0	0	0	0	0	198	0	1756	104	15562	434	4722	0	1474	0	0	198	94	0	346	0	88	0	0	0	0	0	622	0	0	0	0	0	0	0	0	0	0	0	0	0	0	0	0	0	0	0	0	0	0	0	0	0	0	0	
140124	Thalamus_R	236	12870	122	1800	0	0	0	346	0	0	0	4338	0	616	0	0	0	3632	104	3046	0	0	0	0	0	0	0	0	116	5470	0	0	0	536	364	266	352	4010	0	424	0	0	0	0	0	0	80	0	0	0	0	0	0	0	0	598	0	960	92	0	118	402	0	450	0	0	108	108	470	1782	324	20660	110	4408	0	0	198	0	0	80	0	278	0	0	0	0	0	0	0	0	0	0	0	0	0	0	0	0	0	0	0	0	0	0	0	0	0	0	0	188	0	0	0	0	0	0	
73944	Heschl_L	2752	0	706	0	0	0	682	0	0	0	800	0	0	0	0	0	3836	0	362	96	0	0	0	0	0	0	0	0	5610	0	0	0	0	0	70	0	2644	0	0	0	0	0	396	0	0	0	0	0	0	0	1248	0	150	0	776	0	1564	0	904	0	252	0	436	0	208	0	916	0	78	0	470	120	640	0	0	0	94	0	0	0	2502	0	74	0	3610	0	0	0	4976	0	0	0	0	0	0	0	0	0	0	0	0	0	0	0	0	0	0	0	0	0	0	0	0	0	0	0	
24536	Heschl_R	0	366	0	0	0	0	0	0	0	0	0	328	0	0	0	0	0	1878	0	0	0	0	0	0	0	0	0	0	0	2298	0	0	0	156	0	0	0	414	0	130	0	0	0	0	0	0	0	0	0	72	0	0	0	128	0	418	0	76	0	80	0	0	0	0	0	0	0	178	0	130	0	0	0	80	0	0	0	80	0	0	0	3630	0	538	0	754	0	0	0	534	0	0	0	0	0	0	0	0	0	0	0	0	0	0	0	0	0	0	0	0	0	0	0	0	0	0	
170572	Temporal_Sup_L	2712	0	1722	258	0	0	342	0	0	0	1324	148	276	0	0	0	8030	0	1400	584	0	0	0	0	0	0	0	0	7368	0	0	0	0	0	0	0	3278	0	0	0	0	0	168	0	0	0	0	0	0	0	414	0	314	0	2490	0	2766	0	304	0	1158	0	2964	0	1044	0	210	0	0	0	1878	178	1716	148	74	0	346	0	2502	0	0	0	5908	0	20968	0	0	0	12294	0	0	0	0	0	0	0	0	0	0	0	0	0	0	0	0	0	0	0	0	0	0	0	0	0	0	0	
115716	Temporal_Sup_R	0	264	0	0	0	0	0	96	0	0	0	276	0	0	0	142	0	3998	0	82	0	0	0	0	0	0	0	0	0	4360	0	0	0	1076	0	96	0	1110	0	282	0	0	0	150	0	1152	0	0	0	1708	0	2012	0	152	0	1278	0	244	0	216	0	272	0	5532	0	2564	528	2008	74	510	0	114	0	504	0	0	0	278	0	3630	0	0	0	2936	0	17366	0	166	0	2682	0	0	0	0	0	0	0	0	0	0	0	0	0	0	0	0	0	0	0	0	0	0	0	0	0	0	
129684	Temporal_Pole_Sup_L	306	0	1164	196	88	0	3182	0	314	0	7368	98	398	124	746	0	7396	0	296	196	188	0	0	0	0	0	0	0	9142	0	80	0	0	0	0	0	2592	0	764	0	1218	0	0	0	0	0	0	0	0	0	0	0	0	0	3934	0	0	0	0	0	0	0	0	0	0	0	0	0	0	0	982	0	3190	0	346	0	88	0	74	0	5908	0	0	0	7102	0	3472	0	3890	0	0	0	0	0	0	0	0	0	0	0	0	0	0	0	0	0	0	0	0	0	0	0	0	0	0	0	
42384	Temporal_Pole_Sup_R	0	0	0	0	0	0	0	0	0	0	0	0	0	0	0	352	0	1560	0	0	0	186	0	0	0	0	0	0	0	678	0	0	0	0	0	0	0	298	0	500	0	1478	0	0	0	0	0	0	0	0	0	0	0	0	0	3528	0	0	0	0	0	0	0	0	0	0	0	0	0	0	0	0	0	0	0	0	0	0	0	538	0	2936	0	0	0	3354	0	3852	0	1932	0	0	0	0	0	0	0	0	0	0	0	0	0	0	0	0	0	0	0	0	0	0	0	0	0	0	
294128	Temporal_Mid_L	200	0	0	0	0	0	72	0	0	0	0	0	0	0	0	0	2618	0	0	0	0	0	0	0	0	0	0	0	1570	0	0	0	0	0	236	0	2830	0	92	0	366	0	1372	0	526	0	0	0	2124	0	16404	0	4036	0	4504	0	1218	0	3336	0	8066	0	3374	0	10658	0	3406	0	140	0	0	0	86	0	0	0	0	0	3610	0	20968	0	7102	0	0	0	2740	0	45410	0	0	0	0	0	0	0	0	0	0	0	0	0	0	0	0	0	0	0	0	0	0	0	0	0	0	0	
228648	Temporal_Mid_R	0	1722	0	126	0	0	0	1308	0	0	0	1162	0	0	0	0	0	512	0	162	0	0	0	0	0	0	0	0	0	944	0	0	0	2352	0	474	0	5868	0	1206	0	304	0	2612	0	354	0	378	0	1954	0	13520	0	2150	0	10036	0	604	0	136	0	1224	0	4418	0	4842	0	3396	266	996	0	148	0	888	0	104	0	0	0	754	0	17366	0	3354	0	0	0	848	0	27836	0	0	0	0	0	0	0	0	0	0	0	0	0	0	0	0	0	0	0	0	0	0	0	0	0	0	
22036	Temporal_Pole_Mid_L	0	0	0	0	0	0	0	0	0	0	0	0	0	0	0	0	0	0	0	0	0	0	0	0	0	0	0	0	0	0	0	0	0	0	0	0	278	0	366	0	118	0	0	0	0	0	0	0	0	0	0	0	0	0	2308	0	0	0	0	0	0	0	0	0	0	0	0	0	0	0	0	0	0	0	0	0	0	0	0	0	0	0	3472	0	2740	0	0	0	1736	0	0	0	0	0	0	0	0	0	0	0	0	0	0	0	0	0	0	0	0	0	0	0	0	0	0	0	
18200	Temporal_Pole_Mid_R	0	0	0	0	0	0	0	0	0	0	0	0	0	0	0	0	0	0	0	0	0	0	0	0	0	0	0	0	0	0	0	0	0	0	0	0	0	72	0	236	0	358	0	0	0	0	0	0	0	0	0	0	0	0	0	2316	0	0	0	0	0	0	0	0	0	0	0	0	0	0	0	0	0	0	0	0	0	0	0	0	0	166	0	3852	0	848	0	0	0	1252	0	0	0	0	0	0	0	0	0	0	0	0	0	0	0	0	0	0	0	0	0	0	0	0	0	0	
326152	Temporal_Inf_L	1280	0	262	0	0	0	160	0	0	0	240	90	0	0	0	0	3502	0	206	0	0	0	0	0	0	0	0	0	5216	0	0	0	0	0	1156	0	12514	0	498	0	818	0	2546	0	430	0	0	0	1974	0	8260	0	5476	0	22270	0	1372	0	2480	0	5060	0	942	0	5214	0	4684	0	1236	0	188	0	1940	0	0	0	622	0	4976	0	12294	0	3890	0	45410	0	1736	0	0	0	2020	0	820	0	0	0	0	0	646	0	394	0	254	0	0	0	0	0	0	0	0	0	0	0	0	0	
194200	Temporal_Inf_R	0	704	0	0	0	0	0	546	0	0	0	500	0	0	0	0	0	74	0	100	0	0	0	0	0	0	0	0	0	678	0	0	0	1256	0	452	0	6828	0	1474	0	520	0	5846	0	168	0	1362	0	320	0	5086	0	4352	0	21338	0	286	0	320	0	440	0	860	0	1342	0	5688	220	862	0	0	0	80	0	0	0	0	0	534	0	2682	0	1932	0	27836	0	1252	0	0	0	868	0	0	0	0	0	0	0	110	0	0	0	184	0	0	0	0	0	0	0	0	0	0	0	0	
518396	Cerebelum_Crus1_L	0	0	0	0	0	0	0	0	0	0	0	0	0	0	0	0	0	0	0	0	0	0	0	0	0	0	0	0	0	0	0	0	0	0	0	0	148	0	180	0	0	0	144	0	0	0	10922	1252	0	0	0	0	504	0	29806	966	0	0	0	0	0	0	0	0	0	0	306	0	0	0	0	0	0	0	0	0	0	0	0	0	0	0	0	0	0	0	0	0	2020	0	0	5888	37482	2528	2308	362	31586	4008	60548	8086	13932	206	14132	798	2018	1042	450	82	150	400	9680	9352	5066	120	354	2372	
596532	Cerebelum_Crus1_R	0	0	0	0	0	0	0	0	0	0	0	0	0	0	0	0	0	0	0	0	0	0	0	0	0	0	0	0	0	0	0	0	0	0	0	0	0	0	0	492	0	0	0	82	0	0	1230	4702	0	0	0	0	0	166	444	17642	0	0	0	0	0	0	0	0	0	0	0	0	0	0	0	0	0	0	0	0	0	0	0	0	0	0	0	0	0	0	0	0	0	868	5888	0	6822	48590	1770	6802	7390	26686	5978	62078	5170	7326	3470	34698	722	7694	0	2000	680	3310	10696	8124	12434	732	1728	1852	
353252	Cerebelum_Crus2_L	0	0	0	0	0	0	0	0	0	0	0	0	0	0	0	0	0	0	0	0	0	0	0	0	0	0	0	0	0	0	0	0	0	0	0	0	92	0	0	0	0	0	0	0	0	0	402	380	0	0	0	0	0	0	3906	600	0	0	0	0	0	0	0	0	0	0	0	0	0	0	0	0	0	0	0	0	0	0	0	0	0	0	0	0	0	0	0	0	820	0	37482	6822	0	8552	816	222	4526	964	12694	5230	31978	4330	23724	3440	2734	1168	548	156	212	274	2734	4924	12436	2016	726	1718	
401352	Cerebelum_Crus2_R	0	0	0	0	0	0	0	0	0	0	0	0	0	0	0	0	0	0	0	0	0	0	0	0	0	0	0	0	0	0	0	0	0	0	0	0	0	0	0	98	0	0	0	0	0	0	332	1598	0	0	0	0	0	98	100	2768	0	0	0	0	0	0	0	0	0	0	0	0	0	0	0	0	0	0	0	0	0	0	0	0	0	0	0	0	0	0	0	0	0	0	2528	48590	8552	0	1278	2130	2012	4618	1940	18070	7660	17704	4680	37780	1094	7790	0	966	236	1186	3266	3902	14504	3028	1000	1168	
85460	Cerebelum_3_L	0	0	0	0	0	0	0	0	0	0	0	0	0	0	0	0	0	0	0	0	0	0	0	0	0	0	0	0	0	0	0	0	0	0	0	0	0	0	296	0	0	0	0	0	0	0	192	148	0	0	0	0	0	0	302	150	0	0	0	0	0	0	0	0	0	0	0	0	0	0	0	0	0	0	0	0	0	0	0	0	0	0	0	0	0	0	0	0	0	0	2308	1770	816	1278	0	890	6490	1526	3140	2716	194	224	1702	2104	2942	360	0	0	1176	2334	3518	1654	2186	1230	424	660	
81004	Cerebelum_3_R	0	0	0	0	0	0	0	0	0	0	0	0	0	0	0	0	0	0	0	0	0	0	0	0	0	0	0	0	0	0	0	0	0	0	0	0	0	0	0	0	0	0	0	0	0	0	108	116	0	0	0	0	0	0	72	0	0	0	0	0	0	0	0	0	0	0	0	0	0	0	0	0	0	0	0	0	0	0	0	0	0	0	0	0	0	0	0	0	0	0	362	6802	222	2130	890	0	1720	6680	496	8312	96	110	346	2458	144	658	0	0	884	3676	2342	300	720	332	432	94	
399112	Cerebelum_4_5_L	0	0	0	0	0	0	0	0	0	0	0	0	0	0	0	0	0	0	0	0	0	0	0	0	0	0	0	0	0	0	0	0	0	0	0	0	430	0	608	0	0	0	0	0	0	0	12354	4166	0	0	116	0	296	172	15956	4376	0	0	0	0	0	0	0	0	0	0	272	0	0	0	0	0	0	0	0	0	0	0	0	0	0	0	0	0	0	0	0	0	0	0	31586	7390	4526	2012	6490	1720	0	13276	37628	12432	1822	120	4868	2092	2236	544	0	88	758	2890	20184	3748	1308	248	386	2458	
311064	Cerebelum_4_5_R	0	0	0	0	0	0	0	0	0	0	0	0	0	0	0	0	0	0	0	0	0	0	0	0	0	0	0	0	0	0	0	0	0	0	0	0	0	136	0	802	0	0	0	0	0	0	2752	7050	0	0	0	0	0	366	742	10932	0	0	0	0	0	0	0	0	0	0	0	0	0	0	0	0	0	0	0	0	0	0	0	0	0	0	0	0	0	0	0	0	0	0	4008	26686	964	4618	1526	6680	13276	0	5818	35898	540	154	1042	5022	280	880	0	238	220	2588	17354	2126	1164	138	246	1286	
474032	Cerebelum_6_L	0	0	0	0	0	0	0	0	0	0	0	0	0	0	0	0	0	0	0	0	0	0	0	0	0	0	0	0	0	0	0	0	0	0	0	0	146	0	220	0	0	0	0	0	0	0	14502	2194	0	0	0	0	570	70	31286	1784	0	0	0	0	0	0	0	0	0	0	0	0	0	0	0	0	0	0	0	0	0	0	0	0	0	0	0	0	0	0	0	0	646	0	60548	5978	12694	1940	3140	496	37628	5818	0	9652	4306	0	7176	820	1458	864	120	0	168	630	12806	12394	3502	0	246	3214	
553168	Cerebelum_6_R	0	0	0	0	0	0	0	0	0	0	0	0	0	0	0	0	0	0	0	0	0	0	0	0	0	0	0	0	0	0	0	0	0	0	0	0	0	0	0	700	0	0	0	134	0	0	2782	9246	0	0	0	0	0	698	824	21480	0	0	0	0	0	0	0	0	0	0	0	0	0	0	0	0	0	0	0	0	0	0	0	0	0	0	0	0	0	0	0	0	0	110	8086	62078	5230	18070	2716	8312	12432	35898	9652	0	3738	520	2998	12666	776	4098	0	1734	944	4898	17358	11998	10516	768	2148	2976	
281836	Cerebelum_7b_L	0	0	0	0	0	0	0	0	0	0	0	0	0	0	0	0	0	0	0	0	0	0	0	0	0	0	0	0	0	0	0	0	0	0	0	0	76	0	0	0	0	0	0	0	0	0	92	288	0	0	0	0	0	0	1730	500	0	0	0	0	0	0	0	0	0	0	0	0	0	0	0	0	0	0	0	0	0	0	0	0	0	0	0	0	0	0	0	0	394	0	13932	5170	31978	7660	194	96	1822	540	4306	3738	0	5396	30864	6156	4676	978	860	172	184	184	846	1544	10548	4642	840	512	
130116	Cerebelum_7b_R	0	0	0	0	0	0	0	0	0	0	0	0	0	0	0	0	0	0	0	0	0	0	0	0	0	0	0	0	0	0	0	0	0	0	0	0	0	0	0	0	0	0	0	0	0	0	0	0	0	0	0	0	0	0	0	134	0	0	0	0	0	0	0	0	0	0	0	0	0	0	0	0	0	0	0	0	0	0	0	0	0	0	0	0	0	0	0	0	0	0	206	7326	4330	17704	224	110	120	154	0	520	5396	0	3172	15448	232	1158	0	0	0	90	208	176	4944	3156	154	96	
313172	Cerebelum_8_L	0	0	0	0	0	0	0	0	0	0	0	0	0	0	0	0	0	0	0	0	0	0	0	0	0	0	0	0	0	0	0	0	0	0	0	0	0	0	0	0	0	0	0	0	0	0	158	242	0	0	0	0	0	0	1884	296	0	0	0	0	0	0	0	0	0	0	0	0	0	0	0	0	0	0	0	0	0	0	0	0	0	0	0	0	0	0	0	0	254	0	14132	3470	23724	4680	1702	346	4868	1042	7176	2998	30864	3172	0	7904	18764	1412	2192	0	126	300	2042	2892	7784	8234	2930	998	
369480	Cerebelum_8_R	0	0	0	0	0	0	0	0	0	0	0	0	0	0	0	0	0	0	0	0	0	0	0	0	0	0	0	0	0	0	0	0	0	0	0	0	0	0	0	70	0	0	0	0	0	0	114	124	0	0	0	0	0	0	94	1916	0	0	0	0	0	0	0	0	0	0	0	0	0	0	0	0	0	0	0	0	0	0	0	0	0	0	0	0	0	0	0	0	0	184	798	34698	3440	37780	2104	2458	2092	5022	820	12666	6156	15448	7904	0	2116	19316	0	2168	436	1404	2660	1846	8940	8202	2892	872	
110624	Cerebelum_9_L	0	0	0	0	0	0	0	0	0	0	0	0	0	0	0	0	0	0	0	0	0	0	0	0	0	0	0	0	0	0	0	0	0	0	0	0	0	0	0	0	0	0	0	0	0	0	0	0	0	0	0	0	0	0	170	70	0	0	0	0	0	0	0	0	0	0	0	0	0	0	0	0	0	0	0	0	0	0	0	0	0	0	0	0	0	0	0	0	0	0	2018	722	2734	1094	2942	144	2236	280	1458	776	4676	232	18764	2116	0	908	2976	0	0	296	704	1514	2808	2660	2402	612	
135792	Cerebelum_9_R	0	0	0	0	0	0	0	0	0	0	0	0	0	0	0	0	0	0	0	0	0	0	0	0	0	0	0	0	0	0	0	0	0	0	0	0	0	0	0	0	0	0	0	0	0	0	0	0	0	0	0	0	0	0	0	220	0	0	0	0	0	0	0	0	0	0	0	0	0	0	0	0	0	0	0	0	0	0	0	0	0	0	0	0	0	0	0	0	0	0	1042	7694	1168	7790	360	658	544	880	864	4098	978	1158	1412	19316	908	0	0	908	580	424	1470	2868	2752	2258	4756	2790	
14292	Cerebelum_10_L	0	0	0	0	0	0	0	0	0	0	0	0	0	0	0	0	0	0	0	0	0	0	0	0	0	0	0	0	0	0	0	0	0	0	0	0	0	0	0	0	0	0	0	0	0	0	0	0	0	0	0	0	0	0	0	0	0	0	0	0	0	0	0	0	0	0	0	0	0	0	0	0	0	0	0	0	0	0	0	0	0	0	0	0	0	0	0	0	0	0	450	0	548	0	0	0	0	0	120	0	860	0	2192	0	2976	0	0	0	0	0	0	0	0	0	0	0	
18496	Cerebelum_10_R	0	0	0	0	0	0	0	0	0	0	0	0	0	0	0	0	0	0	0	0	0	0	0	0	0	0	0	0	0	0	0	0	0	0	0	0	0	0	0	0	0	0	0	0	0	0	0	0	0	0	0	0	0	0	0	344	0	0	0	0	0	0	0	0	0	0	0	0	0	0	0	0	0	0	0	0	0	0	0	0	0	0	0	0	0	0	0	0	0	0	82	2000	156	966	0	0	88	238	0	1734	172	0	0	2168	0	908	0	0	0	80	108	0	204	0	0	0	
24736	Vermis_1_2	0	0	0	0	0	0	0	0	0	0	0	0	0	0	0	0	0	0	0	0	0	0	0	0	0	0	0	0	0	0	0	0	0	0	0	0	0	0	0	0	0	0	0	0	0	0	0	0	0	0	0	0	0	0	0	0	0	0	0	0	0	0	0	0	0	0	0	0	0	0	0	0	0	0	0	0	0	0	0	0	0	0	0	0	0	0	0	0	0	0	150	680	212	236	1176	884	758	220	168	944	184	0	126	436	0	580	0	0	0	2602	1008	304	658	302	604	136	
67992	Vermis_3	0	206	0	0	0	0	0	0	0	0	0	0	0	0	0	0	0	0	0	0	0	0	0	0	0	0	0	0	0	0	0	0	0	0	0	0	0	0	0	0	0	0	0	0	0	0	0	0	0	0	0	0	0	0	0	96	0	0	0	0	0	0	0	0	0	0	0	0	0	0	0	0	0	84	0	0	0	188	0	0	0	0	0	0	0	0	0	0	0	0	400	3310	274	1186	2334	3676	2890	2588	630	4898	184	90	300	1404	296	424	0	80	2602	0	3674	556	854	174	396	202	
293116	Vermis_4_5	0	0	0	0	0	0	0	0	0	0	0	0	0	0	0	0	0	0	0	0	0	0	0	0	0	0	0	0	0	0	0	0	0	0	0	0	0	0	0	0	0	0	0	0	0	0	4422	5608	0	0	0	0	0	184	1860	5632	0	0	0	0	0	0	0	0	0	0	0	0	0	0	0	0	0	0	0	0	0	0	0	0	0	0	0	0	0	0	0	0	0	0	9680	10696	2734	3266	3518	2342	20184	17354	12806	17358	846	208	2042	2660	704	1470	0	108	1008	3674	0	7978	1998	124	450	5644	
213240	Vermis_6	0	0	0	0	0	0	0	0	0	0	0	0	0	0	0	0	0	0	0	0	0	0	0	0	0	0	0	0	0	0	0	0	0	0	0	0	0	0	0	0	0	0	0	0	0	0	2360	3690	0	0	0	0	300	182	1190	2888	0	0	0	0	0	0	0	0	0	0	0	0	0	0	0	0	0	0	0	0	0	0	0	0	0	0	0	0	0	0	0	0	0	0	9352	8124	4924	3902	1654	300	3748	2126	12394	11998	1544	176	2892	1846	1514	2868	0	0	304	556	7978	0	7528	1388	1754	7140	
251196	Vermis_7	0	0	0	0	0	0	0	0	0	0	0	0	0	0	0	0	0	0	0	0	0	0	0	0	0	0	0	0	0	0	0	0	0	0	0	0	0	0	0	0	0	0	0	0	0	0	474	790	0	0	0	0	0	90	128	1060	0	0	0	0	0	0	0	0	0	0	0	0	0	0	0	0	0	0	0	0	0	0	0	0	0	0	0	0	0	0	0	0	0	0	5066	12434	12436	14504	2186	720	1308	1164	3502	10516	10548	4944	7784	8940	2808	2752	0	204	658	854	1998	7528	0	5278	2866	2058	
