data	data	540596	210244	913972	695804	103916	69704	575700	241788	112328	19712	281940	216144	424812	267420	282776	138228	268460	93728	708796	789456	75112	72940	361656	426552	23564	112784	75372	92372	748144	449580	258868	417364	227468	644076	110696	145508	272856	304792	162028	180296	47184	64832	228708	323052	185576	273408	302996	327552	197360	271204	560968	223040	181620	64416	511084	416392	332312	251556	263860	139092	315888	105728	197164	111972	233928	159168	374444	410324	401180	264440	373156	423768	348416	406848	44836	14300	137680	166648	95496	42240	277712	124576	152604	64808	411280	214888	40420	8656	398268	215916	592384	434640	484108	304744	68460	47708	369012	221828	575520	455876	287420	157952	331948	369060	110640	135400	29932	21108	38624	63240	298684	242904	294560	193696	145132	87440	
data	data	Precentral_L	Precentral_R	Frontal_Sup_L	Frontal_Sup_R	Frontal_Sup_Orb_L	Frontal_Sup_Orb_R	Frontal_Mid_L	Frontal_Mid_R	Frontal_Mid_Orb_L	Frontal_Mid_Orb_R	Frontal_Inf_Oper_L	Frontal_Inf_Oper_R	Frontal_Inf_Tri_L	Frontal_Inf_Tri_R	Frontal_Inf_Orb_L	Frontal_Inf_Orb_R	Rolandic_Oper_L	Rolandic_Oper_R	Supp_Motor_Area_L	Supp_Motor_Area_R	Olfactory_L	Olfactory_R	Frontal_Sup_Medial_L	Frontal_Sup_Medial_R	Frontal_Med_Orb_L	Frontal_Med_Orb_R	Rectus_L	Rectus_R	Insula_L	Insula_R	Cingulum_Ant_L	Cingulum_Ant_R	Cingulum_Mid_L	Cingulum_Mid_R	Cingulum_Post_L	Cingulum_Post_R	Hippocampus_L	Hippocampus_R	ParaHippocampal_L	ParaHippocampal_R	Amygdala_L	Amygdala_R	Calcarine_L	Calcarine_R	Cuneus_L	Cuneus_R	Lingual_L	Lingual_R	Occipital_Sup_L	Occipital_Sup_R	Occipital_Mid_L	Occipital_Mid_R	Occipital_Inf_L	Occipital_Inf_R	Fusiform_L	Fusiform_R	Postcentral_L	Postcentral_R	Parietal_Sup_L	Parietal_Sup_R	Parietal_Inf_L	Parietal_Inf_R	SupraMarginal_L	SupraMarginal_R	Angular_L	Angular_R	Precuneus_L	Precuneus_R	Paracentral_Lobule_L	Paracentral_Lobule_R	Caudate_L	Caudate_R	Putamen_L	Putamen_R	Pallidum_L	Pallidum_R	Thalamus_L	Thalamus_R	Heschl_L	Heschl_R	Temporal_Sup_L	Temporal_Sup_R	Temporal_Pole_Sup_L	Temporal_Pole_Sup_R	Temporal_Mid_L	Temporal_Mid_R	Temporal_Pole_Mid_L	Temporal_Pole_Mid_R	Temporal_Inf_L	Temporal_Inf_R	Cerebelum_Crus1_L	Cerebelum_Crus1_R	Cerebelum_Crus2_L	Cerebelum_Crus2_R	Cerebelum_3_L	Cerebelum_3_R	Cerebelum_4_5_L	Cerebelum_4_5_R	Cerebelum_6_L	Cerebelum_6_R	Cerebelum_7b_L	Cerebelum_7b_R	Cerebelum_8_L	Cerebelum_8_R	Cerebelum_9_L	Cerebelum_9_R	Cerebelum_10_L	Cerebelum_10_R	Vermis_1_2	Vermis_3	Vermis_4_5	Vermis_6	Vermis_7	Vermis_8	Vermis_9	Vermis_10	
540596	Precentral_L	0	428	21692	3482	0	0	24840	266	0	0	17316	184	4962	872	0	178	13118	84	21636	8398	0	0	0	0	0	0	0	0	17784	896	0	104	1288	504	238	118	6756	296	3570	0	0	0	74	0	230	0	0	0	230	0	4596	0	352	0	1558	0	31084	148	3012	0	2328	0	3532	0	244	0	1168	0	27678	770	4822	1820	10442	986	3204	0	8720	790	4606	0	4262	0	0	0	1884	0	0	0	2516	0	116	0	0	0	0	0	0	0	116	0	0	0	0	0	0	0	0	0	0	0	0	0	0	0	0	0	
210244	Precentral_R	428	0	116	4266	0	0	86	8752	0	0	0	7840	0	1192	0	0	0	2748	320	6604	0	0	0	0	0	0	0	0	98	6866	0	0	0	586	146	98	700	9314	300	1108	0	0	0	0	0	0	0	0	0	0	0	0	0	0	168	1894	100	17030	0	1616	0	444	0	2206	0	78	0	802	1374	8774	1360	1264	244	3832	330	174	760	6954	0	596	0	1428	0	0	0	962	0	0	78	1086	0	0	0	0	0	0	0	0	0	0	0	0	0	0	0	0	0	0	0	0	0	0	0	0	0	0	
913972	Frontal_Sup_L	21692	116	0	6518	8142	0	73078	528	8882	0	17670	206	20938	698	14756	258	13338	0	63382	11708	302	0	39338	9402	254	410	2106	0	36312	786	12550	7386	7498	10526	266	268	3178	232	1204	0	0	0	0	0	0	0	0	0	0	0	322	0	0	0	1320	0	2060	0	156	0	80	0	92	0	0	0	0	0	13626	118	9234	1146	18598	1130	998	0	2260	132	1050	0	5844	0	3368	0	662	0	0	0	862	0	0	0	0	0	0	0	0	0	0	0	0	0	0	0	0	0	0	0	0	0	0	0	0	0	0	0	
695804	Frontal_Sup_R	3482	4266	6518	0	76	3354	3982	27668	0	530	854	10006	2302	12114	438	6608	0	1432	13422	60516	146	428	9752	38000	0	5384	0	2198	4648	12526	2586	29698	876	30798	0	0	170	2134	128	226	0	78	0	0	0	0	0	0	0	0	0	0	0	0	0	202	532	1376	0	0	152	0	0	172	0	0	0	0	738	96	7482	16696	1800	18094	86	1282	144	1518	0	0	0	0	84	104	0	0	0	0	0	0	0	0	0	0	0	0	0	0	0	0	0	0	0	0	0	0	0	0	0	0	0	0	0	0	0	0	
103916	Frontal_Sup_Orb_L	0	0	8142	76	0	94	1674	0	7642	0	0	0	738	0	6230	0	0	0	0	0	1892	0	2166	0	3302	144	5936	0	3620	0	4006	0	0	0	0	0	0	0	74	0	94	0	0	0	0	0	0	0	0	0	0	0	0	0	0	0	0	0	0	0	0	0	0	0	0	0	0	0	0	0	1848	0	3836	0	0	0	0	0	0	0	0	0	444	0	0	0	0	0	0	0	0	0	0	0	0	0	0	0	0	0	0	0	0	0	0	0	0	0	0	0	0	0	0	0	0	0	
69704	Frontal_Sup_Orb_R	0	0	0	3354	94	0	0	988	0	1304	0	0	0	0	0	1906	0	0	0	0	140	1402	578	1564	228	6696	0	8200	0	1430	656	658	0	0	0	0	0	0	0	0	0	294	0	0	0	0	0	0	0	0	0	0	0	0	0	0	0	0	0	0	0	0	0	0	0	0	0	0	0	0	172	2534	0	2492	0	0	0	0	0	0	0	0	0	162	0	0	0	0	0	0	0	0	0	0	0	0	0	0	0	0	0	0	0	0	0	0	0	0	0	0	0	0	0	0	0	0	
575700	Frontal_Mid_L	24840	86	73078	3982	1674	0	0	462	9762	0	12338	0	44790	806	21606	0	4420	0	17290	4644	152	0	14700	2724	0	74	224	0	20796	610	2076	2142	4902	2350	0	0	918	0	392	0	0	0	0	0	0	0	0	0	0	0	364	0	0	0	0	0	1294	0	222	0	264	0	0	0	0	0	78	0	528	0	1696	448	3616	438	0	0	968	0	406	0	764	0	4808	0	0	0	0	0	118	0	0	0	0	0	0	0	0	0	0	0	0	0	0	0	0	0	0	0	0	0	0	0	0	0	0	0	
241788	Frontal_Mid_R	266	8752	528	27668	0	988	462	0	0	898	880	9538	2486	14734	558	3996	0	598	812	4832	0	330	280	5206	0	484	0	364	2644	7846	418	2580	0	2780	0	0	82	738	0	126	0	242	0	0	0	0	0	0	0	0	0	0	0	0	0	100	0	184	0	0	0	0	0	0	0	0	0	0	356	0	6858	3814	758	5986	146	0	192	114	0	0	0	0	120	150	0	0	0	0	0	0	0	0	0	0	0	0	0	0	0	0	0	0	0	0	0	0	0	0	0	0	0	0	0	0	0	0	
112328	Frontal_Mid_Orb_L	0	0	8882	0	7642	0	9762	0	0	0	0	0	5746	0	15254	0	0	0	0	0	86	0	0	0	0	0	926	0	4676	0	0	0	0	0	0	0	0	0	0	0	0	0	0	0	0	0	0	0	0	0	0	0	0	0	0	0	0	0	0	0	0	0	0	0	0	0	0	0	0	0	208	0	1288	0	0	0	0	0	0	0	0	0	1694	0	0	0	0	0	0	0	0	0	0	0	0	0	0	0	0	0	0	0	0	0	0	0	0	0	0	0	0	0	0	0	0	0	
19712	Frontal_Mid_Orb_R	0	0	0	530	0	1304	0	898	0	0	0	0	0	550	0	3092	0	0	0	76	0	286	0	0	0	0	0	218	0	1224	0	0	0	0	0	0	0	0	0	0	0	252	0	0	0	0	0	0	0	0	0	0	0	0	0	0	0	0	0	0	0	0	0	0	0	0	0	0	0	0	0	398	0	1028	0	0	0	0	0	0	0	0	0	0	0	0	0	0	0	0	0	0	0	0	0	0	0	0	0	0	0	0	0	0	0	0	0	0	0	0	0	0	0	0	0	0	
281940	Frontal_Inf_Oper_L	17316	0	17670	854	0	0	12338	880	0	0	0	0	18684	754	112	0	16344	0	12010	962	0	0	0	234	0	0	0	0	17602	292	192	388	152	236	0	0	724	0	866	0	0	0	0	0	0	0	0	0	0	0	244	0	0	0	80	0	5918	0	210	0	108	0	0	0	0	0	0	0	1226	0	2146	182	2162	186	0	0	508	0	378	0	4974	0	3698	0	244	0	0	0	96	0	0	0	0	0	0	0	0	0	0	0	0	0	0	0	0	0	0	0	0	0	0	0	0	0	0	0	
216144	Frontal_Inf_Oper_R	184	7840	206	10006	0	0	0	9538	0	0	0	0	276	17484	156	1890	0	5550	990	8164	0	0	0	108	0	0	0	0	358	17716	74	242	0	1048	0	0	0	2786	0	332	0	0	0	0	0	0	0	0	0	0	0	0	0	0	0	192	0	3384	0	0	0	0	0	0	0	0	0	0	332	0	2140	4632	242	10320	0	138	0	536	0	0	0	422	0	692	0	0	0	0	0	94	0	0	0	0	0	0	0	0	0	0	0	0	0	0	0	0	0	0	0	0	0	0	0	0	0	0	
424812	Frontal_Inf_Tri_L	4962	0	20938	2302	738	0	44790	2486	5746	0	18684	276	0	1788	28706	0	3192	0	4304	1976	0	0	3298	1326	0	0	234	0	38140	736	3078	1420	1348	664	0	0	236	0	182	0	0	0	0	0	0	0	0	0	0	0	0	0	0	0	0	0	650	0	0	0	0	0	0	0	0	0	0	0	512	0	5780	390	3740	626	0	0	190	0	76	0	536	0	8356	0	0	0	0	0	0	0	0	0	0	0	0	0	0	0	0	0	0	0	0	0	0	0	0	0	0	0	0	0	0	0	0	0	
267420	Frontal_Inf_Tri_R	872	1192	698	12114	0	0	806	14734	0	550	754	17484	1788	0	268	6516	76	228	1202	9104	0	0	0	642	0	0	0	0	2566	29434	82	986	0	1860	0	0	0	1128	0	144	0	0	0	0	0	0	0	0	0	0	0	0	0	0	0	126	146	0	0	0	0	0	0	0	0	0	0	0	646	0	6528	11028	730	8370	166	0	90	536	0	0	0	116	0	0	0	0	0	0	0	0	0	0	0	0	0	0	0	0	0	0	0	0	0	0	0	0	0	0	0	0	0	0	0	0	0	0	
282776	Frontal_Inf_Orb_L	0	0	14756	438	6230	0	21606	558	15254	0	112	156	28706	268	0	0	0	0	1112	592	1688	0	1968	320	0	0	1048	0	24630	132	1464	386	1024	172	0	0	174	0	100	0	196	0	0	0	0	0	0	0	0	0	0	0	0	0	0	0	0	0	0	0	0	0	0	0	0	0	0	0	0	0	3306	0	5290	220	0	0	0	0	0	0	0	0	9482	0	0	0	0	0	0	0	0	0	0	0	0	0	0	0	0	0	0	0	0	0	0	0	0	0	0	0	0	0	0	0	0	0	
138228	Frontal_Inf_Orb_R	178	0	258	6608	0	1906	0	3996	0	3092	0	1890	0	6516	0	0	0	0	912	3374	0	1572	168	1390	0	228	0	708	118	14286	222	1474	0	700	0	0	0	82	0	0	0	788	0	0	0	0	0	0	0	0	0	0	0	0	0	0	0	0	0	0	0	0	0	0	0	0	0	0	212	0	1942	7018	128	7314	0	0	0	136	0	0	0	496	0	1222	0	180	0	0	0	0	0	0	0	0	0	0	0	0	0	0	0	0	0	0	0	0	0	0	0	0	0	0	0	0	0	0	
268460	Rolandic_Oper_L	13118	0	13338	0	0	0	4420	0	0	0	16344	0	3192	76	0	0	0	0	7992	512	0	0	0	0	0	0	0	0	19036	74	0	0	154	86	0	0	1850	0	2036	0	0	0	0	0	0	0	0	0	0	0	1070	0	418	0	766	0	9892	0	512	0	322	0	3602	0	284	0	238	0	3234	0	506	80	2700	0	450	0	486	0	4798	0	14222	0	656	0	3480	0	0	0	4040	0	142	0	0	0	0	0	0	0	104	0	0	0	0	0	0	0	0	0	0	0	0	0	0	0	0	0	
93728	Rolandic_Oper_R	84	2748	0	1432	0	0	0	598	0	0	0	5550	0	228	0	0	0	0	650	2938	0	0	0	0	0	0	0	0	0	9266	0	0	0	564	0	0	0	638	0	0	0	0	0	0	0	0	0	0	0	0	0	0	0	0	0	0	0	3830	0	0	0	112	0	1858	0	88	0	468	528	152	0	1874	0	5776	0	120	0	950	0	1542	0	4066	0	670	0	134	0	0	0	0	0	0	0	0	0	0	0	0	0	0	0	0	0	0	0	0	0	0	0	0	0	0	0	0	0	0	
708796	Supp_Motor_Area_L	21636	320	63382	13422	0	0	17290	812	0	0	12010	990	4304	1202	1112	912	7992	650	0	41506	0	0	11332	9014	0	0	0	0	17056	1874	4624	5200	12042	27552	682	434	1736	336	1114	0	0	0	0	0	0	0	0	0	0	0	522	0	138	0	540	0	3378	314	264	0	132	0	176	0	0	0	220	0	23440	1502	7502	5820	11054	3428	3732	0	3108	356	1144	0	4110	0	1442	214	564	0	0	0	762	0	0	0	0	0	0	0	0	0	0	0	0	0	0	0	0	0	0	0	0	0	0	0	0	0	0	0	
789456	Supp_Motor_Area_R	8398	6604	11708	60516	0	0	4644	4832	0	76	962	8164	1976	9104	592	3374	512	2938	41506	0	140	0	3396	12406	0	242	0	0	9240	11028	818	9888	7354	49834	240	1238	1364	2530	790	304	0	0	0	152	0	0	92	0	0	0	242	0	174	0	498	130	1046	3934	126	86	262	0	0	172	0	0	158	448	15274	19386	12454	25222	5598	12426	674	1448	3592	12208	274	0	390	108	92	166	456	0	0	0	640	0	0	0	0	0	0	0	82	0	0	0	0	0	0	0	0	0	0	0	0	0	0	0	0	0	0	0	
75112	Olfactory_L	0	0	302	146	1892	140	152	0	86	0	0	0	0	0	1688	0	0	0	0	140	0	5450	0	0	258	226	3872	2198	3254	0	2364	2022	0	0	0	0	296	0	328	0	762	0	0	0	0	0	0	0	0	0	0	0	0	0	0	0	0	0	0	0	0	0	0	0	0	0	0	0	0	0	6500	2768	2194	130	0	0	0	0	0	0	0	0	388	0	0	0	0	0	0	0	0	0	0	0	0	0	0	0	0	0	0	0	0	0	0	0	0	0	0	0	0	0	0	0	0	0	
72940	Olfactory_R	0	0	0	428	0	1402	0	330	0	286	0	0	0	0	0	1572	0	0	0	0	5450	0	0	90	216	834	2744	4620	0	1954	1608	2248	0	0	0	0	0	0	0	110	0	478	0	0	0	0	0	0	0	0	0	0	0	0	0	0	0	0	0	0	0	0	0	0	0	0	0	0	0	0	5982	3702	2060	252	0	0	0	0	0	0	0	0	0	104	0	0	0	0	0	0	0	0	0	0	0	0	0	0	0	0	0	0	0	0	0	0	0	0	0	0	0	0	0	0	0	0	
361656	Frontal_Sup_Medial_L	0	0	39338	9752	2166	578	14700	280	0	0	0	0	3298	0	1968	168	0	0	11332	3396	0	0	0	24802	1152	2200	1218	0	2254	0	17830	15026	7656	13020	0	0	0	0	0	0	0	0	0	0	0	0	0	0	0	0	0	0	0	0	0	0	0	0	0	0	0	0	0	0	0	0	0	0	0	0	3250	772	3368	826	0	0	0	0	0	0	0	0	478	0	0	0	0	0	0	0	0	0	0	0	0	0	0	0	0	0	0	0	0	0	0	0	0	0	0	0	0	0	0	0	0	0	
426552	Frontal_Sup_Medial_R	0	0	9402	38000	0	1564	2724	5206	0	0	234	108	1326	642	320	1390	0	0	9014	12406	0	90	24802	0	98	8978	0	2404	1162	672	13788	37282	1382	23708	0	0	0	0	0	0	0	0	0	0	0	0	0	0	0	0	0	0	0	0	0	0	0	0	0	0	0	0	0	0	0	0	0	0	0	0	1854	7526	456	6738	0	0	0	0	0	0	0	0	0	0	0	0	0	0	0	0	0	0	0	0	0	0	0	0	0	0	0	0	0	0	0	0	0	0	0	0	0	0	0	0	0	0	
23564	Frontal_Med_Orb_L	0	0	254	0	3302	228	0	0	0	0	0	0	0	0	0	0	0	0	0	0	258	216	1152	98	0	450	1538	0	0	0	2984	0	0	0	0	0	0	0	0	0	0	0	0	0	0	0	0	0	0	0	0	0	0	0	0	0	0	0	0	0	0	0	0	0	0	0	0	0	0	0	712	80	510	0	0	0	0	0	0	0	0	0	0	0	0	0	0	0	0	0	0	0	0	0	0	0	0	0	0	0	0	0	0	0	0	0	0	0	0	0	0	0	0	0	0	0	
112784	Frontal_Med_Orb_R	0	0	410	5384	144	6696	74	484	0	0	0	0	0	0	0	228	0	0	0	242	226	834	2200	8978	450	0	136	8470	0	0	2750	8098	0	264	0	0	0	0	0	0	0	0	0	0	0	0	0	0	0	0	0	0	0	0	0	0	0	0	0	0	0	0	0	0	0	0	0	0	0	0	484	4954	208	4678	0	0	0	0	0	0	0	0	0	0	0	0	0	0	0	0	0	0	0	0	0	0	0	0	0	0	0	0	0	0	0	0	0	0	0	0	0	0	0	0	0	0	
75372	Rectus_L	0	0	2106	0	5936	0	224	0	926	0	0	0	234	0	1048	0	0	0	0	0	3872	2744	1218	0	1538	136	0	1336	902	0	5150	1724	0	0	0	0	0	0	0	0	0	0	0	0	0	0	0	0	0	0	0	0	0	0	0	0	0	0	0	0	0	0	0	0	0	0	0	0	0	0	4786	1640	2040	126	0	0	0	0	0	0	0	0	0	0	0	0	0	0	0	0	0	0	0	0	0	0	0	0	0	0	0	0	0	0	0	0	0	0	0	0	0	0	0	0	0	0	
92372	Rectus_R	0	0	0	2198	0	8200	0	364	0	218	0	0	0	0	0	708	0	0	0	0	2198	4620	0	2404	0	8470	1336	0	0	768	822	4822	0	0	0	0	0	0	0	0	0	0	0	0	0	0	0	0	0	0	0	0	0	0	0	0	0	0	0	0	0	0	0	0	0	0	0	0	0	0	2166	4562	530	1800	0	0	0	0	0	0	0	0	0	0	0	0	0	0	0	0	0	0	0	0	0	0	0	0	0	0	0	0	0	0	0	0	0	0	0	0	0	0	0	0	0	0	
748144	Insula_L	17784	98	36312	4648	3620	0	20796	2644	4676	0	17602	358	38140	2566	24630	118	19036	0	17056	9240	3254	0	2254	1162	0	0	902	0	0	1430	3340	1606	514	1366	126	104	13404	306	4148	120	4630	0	0	0	0	0	0	0	0	0	268	0	174	0	7866	0	7660	0	182	0	486	0	828	0	174	0	92	0	5174	318	12336	1188	22248	1268	646	0	3066	476	8474	0	15726	0	10948	0	5570	0	332	0	9892	0	304	0	110	0	0	0	0	0	276	0	0	0	0	0	0	0	0	0	0	0	0	0	0	0	0	0	
449580	Insula_R	896	6866	786	12526	0	1430	610	7846	0	1224	292	17716	736	29434	132	14286	74	9266	1874	11028	0	1954	0	672	0	0	0	768	1430	0	94	772	0	2040	108	0	166	11140	84	2876	0	3774	0	76	0	128	0	0	0	226	0	154	0	0	0	3306	144	2396	0	162	0	280	0	624	0	890	0	616	940	270	5054	13162	404	26940	120	80	76	1256	0	4378	0	6062	0	5552	0	3608	0	164	0	4738	0	0	0	0	0	0	0	84	0	0	0	0	0	0	0	0	0	0	0	0	0	0	0	0	0	0	
258868	Cingulum_Ant_L	0	0	12550	2586	4006	656	2076	418	0	0	192	74	3078	82	1464	222	0	0	4624	818	2364	1608	17830	13788	2984	2750	5150	822	3340	94	0	18230	5264	5036	0	0	0	0	0	0	0	0	0	0	0	0	0	0	0	0	0	0	0	0	0	0	0	0	0	0	0	0	0	0	0	0	0	0	0	0	8680	2244	5438	768	0	0	0	0	0	0	0	0	198	0	0	0	0	0	0	0	0	0	0	0	0	0	0	0	0	0	0	0	0	0	0	0	0	0	0	0	0	0	0	0	0	0	
417364	Cingulum_Ant_R	104	0	7386	29698	0	658	2142	2580	0	0	388	242	1420	986	386	1474	0	0	5200	9888	2022	2248	15026	37282	0	8098	1724	4822	1606	772	18230	0	3882	25244	182	420	0	0	0	0	0	0	0	0	0	0	0	0	0	0	0	0	0	0	0	0	0	0	0	0	0	0	0	0	0	0	0	94	0	0	4442	11748	768	7444	0	0	0	0	0	0	0	0	76	0	0	0	0	0	0	0	0	0	0	0	0	0	0	0	0	0	0	0	0	0	0	0	0	0	0	0	0	0	0	0	0	0	
227468	Cingulum_Mid_L	1288	0	7498	876	0	0	4902	0	0	0	152	0	1348	0	1024	0	154	0	12042	7354	0	0	7656	1382	0	0	0	0	514	0	5264	3882	0	13546	3376	594	0	0	0	0	0	0	184	76	690	238	0	0	908	188	7068	234	102	0	202	0	1488	104	7028	0	2808	0	1722	0	1950	0	6624	1026	4478	618	0	0	0	0	0	0	0	0	0	0	802	0	368	0	1168	144	0	0	664	0	0	0	0	0	0	0	0	0	0	0	0	0	0	0	0	0	0	0	0	0	0	0	0	0	0	0	
644076	Cingulum_Mid_R	504	586	10526	30798	0	0	2350	2780	0	0	236	1048	664	1860	172	700	86	564	27552	49834	0	0	13020	23708	0	264	0	0	1366	2040	5036	25244	13546	0	1502	9622	0	1506	0	1386	0	0	0	2940	292	3780	0	506	284	2200	74	1192	132	0	222	2012	78	10246	0	1518	0	1188	0	674	0	1518	2974	18802	7994	22176	1552	4694	490	2200	0	0	298	418	0	128	0	622	0	0	288	1030	0	0	286	730	0	0	0	0	0	0	0	0	0	0	0	0	0	0	0	0	0	0	0	0	0	0	0	0	0	0	
110696	Cingulum_Post_L	238	146	266	0	0	0	0	0	0	0	0	0	0	0	0	0	0	0	682	240	0	0	0	0	0	0	0	0	126	108	0	182	3376	1502	0	5952	2736	2150	546	632	0	0	3044	98	772	122	1896	0	686	0	812	0	1192	0	4272	480	136	394	0	0	178	0	104	0	176	0	8304	954	3506	624	0	0	0	180	0	0	0	1484	184	0	0	0	0	0	1182	0	0	0	3988	0	694	0	322	0	0	0	0	0	682	0	0	0	0	0	0	0	0	0	0	0	0	0	0	0	0	0	
145508	Cingulum_Post_R	118	98	268	0	0	0	0	0	0	0	0	0	0	0	0	0	0	0	434	1238	0	0	0	0	0	0	0	0	104	0	0	420	594	9622	5952	0	576	5120	0	3050	0	0	158	3688	296	2620	0	2340	270	608	84	454	214	0	962	3440	110	3228	0	0	0	0	0	0	0	214	2488	15462	384	5566	0	0	0	0	0	0	0	172	114	0	0	0	0	0	162	456	0	0	974	308	140	0	0	0	0	0	0	0	168	0	0	0	0	0	0	0	0	0	0	0	80	0	0	0	0	0	
272856	Hippocampus_L	6756	700	3178	170	0	0	918	82	0	0	724	0	236	0	174	0	1850	0	1736	1364	296	0	0	0	0	0	0	0	13404	166	0	0	0	0	2736	576	0	1958	21588	710	8614	86	1294	0	0	0	5282	0	0	0	512	0	424	0	18608	332	826	0	0	0	0	0	0	0	0	0	4160	0	2362	618	628	164	8418	634	232	0	6806	4000	2852	0	2516	0	716	0	364	0	188	0	5794	0	166	0	84	0	0	0	160	0	266	0	0	0	0	0	0	0	0	0	0	0	0	0	0	0	0	0	
304792	Hippocampus_R	296	9314	232	2134	0	0	0	738	0	0	0	2786	0	1128	0	82	0	638	336	2530	0	0	0	0	0	0	0	0	306	11140	0	0	0	1506	2150	5120	1958	0	438	24814	0	9118	120	662	0	106	250	3524	0	0	0	0	0	0	314	22372	0	2322	0	200	0	0	0	0	0	92	674	6552	496	2672	312	666	182	13160	0	348	506	6850	0	806	0	1542	0	2734	80	1358	0	0	152	5204	0	96	0	0	84	106	214	710	0	166	0	0	0	0	0	0	0	0	0	0	0	0	0	0	0	0	
162028	ParaHippocampal_L	3570	300	1204	128	74	0	392	0	0	0	866	0	182	0	100	0	2036	0	1114	790	328	0	0	0	0	0	0	0	4148	84	0	0	0	0	546	0	21588	438	0	276	4278	240	850	0	0	0	4898	0	0	0	270	0	412	0	9102	92	1450	0	0	0	0	0	0	0	0	0	2042	0	1020	218	136	110	7212	224	0	0	3306	1198	374	0	984	0	834	0	218	0	732	0	1098	0	560	0	0	0	166	0	292	0	534	0	0	0	0	0	0	0	0	0	0	0	0	0	0	0	0	0	
180296	ParaHippocampal_R	0	1108	0	226	0	0	0	126	0	0	0	332	0	144	0	0	0	0	0	304	0	110	0	0	0	0	0	0	120	2876	0	0	0	1386	632	3050	710	24814	276	0	0	7058	0	1366	0	102	168	3800	0	0	0	0	0	0	78	20654	0	1386	0	164	0	0	0	0	0	0	218	5654	0	1722	0	196	0	2474	0	260	210	2414	0	120	0	346	0	1870	0	172	0	0	0	1494	0	142	0	0	82	102	194	1248	0	240	0	0	0	0	0	0	0	0	0	0	0	0	0	0	0	0	
47184	Amygdala_L	0	0	0	0	94	0	0	0	0	0	0	0	0	0	196	0	0	0	0	0	762	0	0	0	0	0	0	0	4630	0	0	0	0	0	0	0	8614	0	4278	0	0	0	0	0	0	0	0	0	0	0	0	0	0	0	3092	0	0	0	0	0	0	0	0	0	0	0	0	0	0	0	154	0	1002	0	0	0	0	0	0	0	0	0	454	0	0	0	186	0	130	0	0	0	0	0	0	0	0	0	0	0	0	0	0	0	0	0	0	0	0	0	0	0	0	0	0	0	
64832	Amygdala_R	0	0	0	78	0	294	0	242	0	252	0	0	0	0	0	788	0	0	0	0	0	478	0	0	0	0	0	0	0	3774	0	0	0	0	0	0	86	9118	240	7058	0	0	0	0	0	0	114	0	0	0	0	0	0	0	0	3778	0	0	0	0	0	0	0	0	0	0	0	0	0	0	0	0	0	1826	0	0	0	98	0	0	0	218	0	3248	0	220	0	0	0	128	0	0	0	0	0	92	156	130	0	0	0	0	0	0	0	0	0	0	0	0	0	0	0	0	0	0	
228708	Calcarine_L	74	0	0	0	0	0	0	0	0	0	0	0	0	0	0	0	0	0	0	0	0	0	0	0	0	0	0	0	0	0	0	0	184	0	3044	158	1294	120	850	0	0	0	0	7052	16092	3502	12302	3446	8928	954	16108	166	7330	0	4834	394	472	0	182	0	206	0	90	0	330	0	18494	1902	1024	0	0	0	0	0	0	0	0	0	0	0	98	0	0	0	2134	0	0	0	1520	0	114	0	0	0	0	0	0	102	296	154	0	0	0	0	0	0	0	0	0	0	274	130	0	0	0	0	
323052	Calcarine_R	0	0	0	0	0	0	0	0	0	0	0	0	0	0	0	0	0	0	0	152	0	0	0	0	0	0	0	0	0	76	0	0	76	2940	98	3688	0	662	0	1366	0	0	7052	0	5746	25348	1746	23596	204	21954	152	12538	0	5004	0	7644	0	1310	0	1132	0	558	0	0	0	2392	1624	22958	0	1906	0	0	0	0	0	0	0	0	0	80	0	348	0	0	0	3386	0	0	0	5064	0	0	0	0	0	0	0	0	200	0	0	0	0	0	0	0	0	0	0	0	260	266	0	0	0	0	
185576	Cuneus_L	230	0	0	0	0	0	0	0	0	0	0	0	0	0	0	0	0	0	0	0	0	0	0	0	0	0	0	0	0	0	0	0	690	292	772	296	0	0	0	0	0	0	16092	5746	0	6910	2700	1080	15140	2932	9070	1026	2186	0	742	0	984	0	2772	0	1126	0	664	0	962	0	14646	1388	1334	0	0	0	0	0	0	0	0	0	0	0	168	0	0	0	1956	0	0	0	884	0	0	0	0	0	0	0	0	0	0	0	0	0	0	0	0	0	0	0	0	0	0	0	0	0	0	0	
273408	Cuneus_R	0	0	0	0	0	0	0	0	0	0	0	0	0	0	0	0	0	0	0	0	0	0	0	0	0	0	0	0	0	128	0	0	238	3780	122	2620	0	106	0	102	0	0	3502	25348	6910	0	214	4380	76	33216	0	15736	0	476	0	406	0	1632	0	4976	0	472	0	0	0	2026	2914	21322	0	1788	0	0	0	0	0	0	0	0	0	130	0	224	0	0	0	2418	0	0	0	1442	0	0	0	0	0	0	0	0	0	0	0	0	0	0	0	0	0	0	0	0	0	0	0	0	0	0	
302996	Lingual_L	0	0	0	0	0	0	0	0	0	0	0	0	0	0	0	0	0	0	0	92	0	0	0	0	0	0	0	0	0	0	0	0	0	0	1896	0	5282	250	4898	168	0	114	12302	1746	2700	214	0	5324	6192	0	8006	0	5630	80	23816	1582	164	0	0	0	0	0	0	0	108	0	8702	94	314	0	0	134	0	88	0	0	886	652	94	0	96	0	0	0	276	0	0	0	632	0	11752	2012	1088	86	430	0	11368	1672	17096	3070	0	0	0	0	0	0	0	0	0	0	5150	4622	620	0	0	0	
327552	Lingual_R	0	0	0	0	0	0	0	0	0	0	0	0	0	0	0	0	0	0	0	0	0	0	0	0	0	0	0	0	0	0	0	0	0	506	0	2340	0	3524	0	3800	0	0	3446	23596	1080	4380	5324	0	170	3664	82	2052	78	4474	1910	23708	0	328	0	0	0	0	0	0	0	76	348	13952	0	450	0	0	0	0	0	0	0	198	0	0	0	0	0	0	0	308	0	0	0	1142	3936	9804	978	208	0	146	2662	7294	7350	12648	84	0	116	0	0	74	0	0	0	90	7954	8812	440	0	132	112	
197360	Occipital_Sup_L	230	0	0	0	0	0	0	0	0	0	0	0	0	0	0	0	0	0	0	0	0	0	0	0	0	0	0	0	0	0	0	0	908	284	686	270	0	0	0	0	0	0	8928	204	15140	76	6192	170	0	0	26924	0	2284	0	1244	0	1570	0	13756	0	1954	0	742	0	1702	0	12674	352	506	0	0	0	0	0	0	0	0	0	0	0	144	0	0	0	944	0	0	0	504	0	0	0	0	0	0	0	0	0	118	78	0	0	0	0	0	0	0	0	0	0	0	96	0	0	0	0	
271204	Occipital_Sup_R	0	0	0	0	0	0	0	0	0	0	0	0	0	0	0	0	0	0	0	0	0	0	0	0	0	0	0	0	0	226	0	0	188	2200	0	608	0	0	0	0	0	0	954	21954	2932	33216	0	3664	0	0	0	27064	0	1108	0	734	0	1116	0	7614	0	1700	0	0	0	6244	628	13726	0	812	0	0	0	0	0	0	0	0	0	238	0	380	0	0	0	4954	0	0	0	3342	0	0	0	0	0	0	0	0	0	0	0	0	0	0	0	0	0	0	0	0	0	0	0	0	0	0	
560968	Occipital_Mid_L	4596	0	322	0	0	0	364	0	0	0	244	0	0	0	0	0	1070	0	522	242	0	0	0	0	0	0	0	0	268	0	0	0	7068	74	812	84	512	0	270	0	0	0	16108	152	9070	0	8006	82	26924	0	0	0	24320	0	6790	0	14786	0	32162	0	24340	0	7804	0	26452	0	24596	326	8834	0	106	0	0	0	0	0	0	0	0	0	2576	0	0	0	22622	0	0	0	7702	0	128	0	0	0	0	0	0	0	150	0	0	0	0	0	0	0	0	0	0	0	0	0	0	0	0	0	
223040	Occipital_Mid_R	0	0	0	0	0	0	0	0	0	0	0	0	0	0	0	0	0	0	0	0	0	0	0	0	0	0	0	0	0	154	0	0	234	1192	0	454	0	0	0	0	0	0	166	12538	1026	15736	0	2052	0	27064	0	0	0	6038	0	1166	0	796	0	6088	0	1726	0	0	0	10828	300	7740	0	550	0	0	0	0	0	0	0	0	0	148	0	476	0	0	0	11546	0	0	0	3342	0	74	0	0	0	0	0	0	0	86	0	0	0	0	0	0	0	0	0	0	0	0	0	0	0	0	
181620	Occipital_Inf_L	352	0	0	0	0	0	0	0	0	0	0	0	0	0	0	0	418	0	138	174	0	0	0	0	0	0	0	0	174	0	0	0	102	132	1192	214	424	0	412	0	0	0	7330	0	2186	0	5630	78	2284	0	24320	0	0	0	14218	0	2024	0	334	0	534	0	288	0	812	0	6364	144	3418	0	0	0	0	0	0	0	0	0	0	0	368	0	0	0	7582	0	0	0	7618	0	778	0	0	0	0	0	90	0	578	0	0	0	0	0	0	0	0	0	0	0	0	100	0	0	0	0	
64416	Occipital_Inf_R	0	0	0	0	0	0	0	0	0	0	0	0	0	0	0	0	0	0	0	0	0	0	0	0	0	0	0	0	0	0	0	0	0	0	0	0	0	0	0	0	0	0	0	5004	0	476	80	4474	0	1108	0	6038	0	0	0	6774	0	0	0	0	0	0	0	0	0	0	0	1098	0	0	0	0	0	0	0	0	0	0	0	0	0	0	0	0	0	642	0	0	0	5170	110	242	0	0	0	0	0	0	160	448	0	0	0	0	0	0	0	0	0	0	0	384	0	0	0	0	
511084	Fusiform_L	1558	168	1320	0	0	0	0	0	0	0	80	0	0	0	0	0	766	0	540	498	0	0	0	0	0	0	0	0	7866	0	0	0	202	222	4272	962	18608	314	9102	78	3092	0	4834	0	742	0	23816	1910	1244	0	6790	0	14218	0	0	866	928	116	424	0	1702	0	1830	0	614	0	7934	0	2472	380	0	0	2666	306	0	0	1484	758	1190	0	4542	0	2054	0	5068	0	1196	0	26848	0	29454	1070	7494	104	88	0	9568	168	31606	1512	450	0	254	126	0	0	0	0	0	0	2862	3548	566	92	0	0	
416392	Fusiform_R	0	1894	0	202	0	0	0	100	0	0	0	192	0	126	0	0	0	0	0	130	0	0	0	0	0	0	0	0	0	3306	0	0	0	2012	480	3440	332	22372	92	20654	0	3778	394	7644	0	406	1582	23708	0	734	0	1166	0	6774	866	0	0	2034	0	300	0	0	0	0	0	112	120	10080	0	2542	0	0	0	1516	0	76	0	1120	0	1124	0	1460	0	2250	0	2196	0	352	0	13888	2134	16446	584	528	0	158	1820	9224	3384	20096	0	0	110	332	0	74	0	0	0	0	5998	4648	432	128	282	264	
332312	Postcentral_L	31084	100	2060	532	0	0	1294	0	0	0	5918	0	650	146	0	0	9892	0	3378	1046	0	0	0	0	0	0	0	0	7660	144	0	0	1488	78	136	110	826	0	1450	0	0	0	472	0	984	0	164	0	1570	0	14786	0	2024	0	928	0	0	0	11108	0	18676	0	11986	0	2934	0	5198	0	11838	0	178	332	1536	0	0	0	446	0	2608	0	4192	0	0	0	3912	0	0	0	2114	0	92	0	0	0	0	0	0	0	86	0	0	0	0	0	0	0	0	0	0	0	0	0	0	0	0	0	
251556	Postcentral_R	148	17030	0	1376	0	0	0	184	0	0	0	3384	0	0	0	0	0	3830	314	3934	0	0	0	0	0	0	0	0	0	2396	0	0	104	10246	394	3228	0	2322	0	1386	0	0	0	1310	0	1632	0	328	0	1116	0	796	0	0	116	2034	0	0	0	10956	0	5948	0	10734	0	1546	140	9480	1748	17160	0	104	0	2296	0	220	130	470	0	312	0	2550	0	0	0	2996	0	0	168	1212	0	0	0	0	0	0	0	0	0	0	0	0	0	0	0	0	0	0	0	0	0	0	0	0	0	0	
263860	Parietal_Sup_L	3012	0	156	0	0	0	222	0	0	0	210	0	0	0	0	0	512	0	264	126	0	0	0	0	0	0	0	0	182	0	0	0	7028	0	0	0	0	0	0	0	0	0	182	0	2772	0	0	0	13756	0	32162	0	334	0	424	0	11108	0	0	0	19060	0	4772	0	11118	0	16956	0	1124	0	0	0	0	0	0	0	0	0	0	0	1478	0	0	0	3208	0	0	0	1764	0	0	0	0	0	0	0	0	0	0	0	0	0	0	0	0	0	0	0	0	0	0	0	0	0	0	0	
139092	Parietal_Sup_R	0	1616	0	0	0	0	0	0	0	0	0	0	0	0	0	0	0	0	0	86	0	0	0	0	0	0	0	0	0	162	0	0	0	1518	0	0	0	200	0	164	0	0	0	1132	0	4976	0	0	0	7614	0	6088	0	0	0	300	0	10956	0	0	0	6850	0	2046	0	9020	248	10972	0	3202	0	0	0	0	0	0	0	0	0	138	0	1032	0	0	0	762	0	0	0	464	0	0	0	0	0	0	0	0	0	0	0	0	0	0	0	0	0	0	0	0	0	0	0	0	0	0	
315888	Parietal_Inf_L	2328	0	80	152	0	0	264	0	0	0	108	0	0	0	0	0	322	0	132	262	0	0	0	0	0	0	0	0	486	0	0	0	2808	0	178	0	0	0	0	0	0	0	206	0	1126	0	0	0	1954	0	24340	0	534	0	1702	0	18676	0	19060	0	0	0	21740	0	31824	0	5562	0	1110	0	0	0	0	0	0	0	0	0	82	0	1416	0	0	0	15654	0	0	0	5838	0	0	0	0	0	0	0	0	0	0	0	0	0	0	0	0	0	0	0	0	0	0	0	0	0	0	0	
105728	Parietal_Inf_R	0	444	0	0	0	0	0	0	0	0	0	0	0	0	0	0	0	112	0	0	0	0	0	0	0	0	0	0	0	280	0	0	0	1188	0	0	0	0	0	0	0	0	0	558	0	472	0	0	0	1700	0	1726	0	0	0	0	0	5948	0	6850	0	0	0	13340	0	13000	0	2466	0	562	0	0	0	0	0	0	0	0	0	276	0	648	0	0	0	1798	0	0	0	1496	0	0	0	0	0	0	0	0	0	0	0	0	0	0	0	0	0	0	0	0	0	0	0	0	0	0	
197164	SupraMarginal_L	3532	0	92	0	0	0	0	0	0	0	0	0	0	0	0	0	3602	0	176	0	0	0	0	0	0	0	0	0	828	0	0	0	1722	0	104	0	0	0	0	0	0	0	90	0	664	0	0	0	742	0	7804	0	288	0	1830	0	11986	0	4772	0	21740	0	0	0	10200	0	2124	0	1138	0	0	0	0	0	0	0	0	0	418	0	6864	0	0	0	12116	0	0	0	5750	0	0	0	0	0	0	0	0	0	0	0	0	0	0	0	0	0	0	0	0	0	0	0	0	0	0	0	
111972	SupraMarginal_R	0	2206	0	172	0	0	0	0	0	0	0	0	0	0	0	0	0	1858	0	172	0	0	0	0	0	0	0	0	0	624	0	0	0	674	0	0	0	0	0	0	0	0	0	0	0	0	0	0	0	0	0	0	0	0	0	0	0	10734	0	2046	0	13340	0	0	0	6556	0	2288	0	340	0	0	0	0	0	0	0	0	0	656	0	7964	0	0	0	3622	0	0	0	2734	0	0	0	0	0	0	0	0	0	0	0	0	0	0	0	0	0	0	0	0	0	0	0	0	0	0	
233928	Angular_L	244	0	0	0	0	0	0	0	0	0	0	0	0	0	0	0	284	0	0	0	0	0	0	0	0	0	0	0	174	0	0	0	1950	0	176	0	0	0	0	0	0	0	330	0	962	0	108	0	1702	0	26452	0	812	0	614	0	2934	0	11118	0	31824	0	10200	0	0	0	4742	0	566	0	0	0	0	0	0	0	0	0	0	0	862	0	0	0	17112	0	0	0	3798	0	0	0	0	0	0	0	0	0	0	0	0	0	0	0	0	0	0	0	0	0	0	0	0	0	0	0	
159168	Angular_R	0	78	0	0	0	0	0	0	0	0	0	0	0	0	0	0	0	88	0	0	0	0	0	0	0	0	0	0	0	890	0	0	0	1518	0	214	0	92	0	0	0	0	0	2392	0	2026	0	76	0	6244	0	10828	0	0	0	112	0	1546	0	9020	0	13000	0	6556	0	0	90	3584	0	828	0	0	0	0	0	0	0	0	0	888	0	3620	0	0	0	11046	0	0	0	4848	0	0	0	0	0	0	0	0	0	0	0	0	0	0	0	0	0	0	0	0	0	0	0	0	0	0	
374444	Precuneus_L	1168	0	0	0	0	0	78	0	0	0	0	0	0	0	0	0	238	0	220	158	0	0	0	0	0	0	0	0	92	0	0	0	6624	2974	8304	2488	4160	674	2042	218	0	0	18494	1624	14646	2914	8702	348	12674	628	24596	300	6364	0	7934	120	5198	140	16956	248	5562	0	2124	0	4742	90	0	8014	4458	158	0	0	0	0	0	0	0	260	120	0	732	0	0	0	5470	106	0	0	3532	0	262	0	0	0	0	0	0	0	190	0	0	0	0	0	0	0	0	0	0	0	78	0	0	0	0	0	
410324	Precuneus_R	0	802	0	0	0	0	0	0	0	0	0	0	0	0	0	0	0	468	0	448	0	0	0	0	0	0	0	0	0	616	0	94	1026	18802	954	15462	0	6552	0	5654	0	0	1902	22958	1388	21322	94	13952	352	13726	326	7740	144	1098	0	10080	0	9480	0	10972	0	2466	0	2288	0	3584	8014	0	178	11360	0	0	0	0	0	0	0	120	0	282	0	1690	0	0	162	3708	0	0	0	4504	0	0	0	0	0	0	0	184	0	0	0	0	0	0	0	0	0	0	0	0	210	0	0	0	0	0	
401180	Paracentral_Lobule_L	27678	1374	13626	738	0	0	528	356	0	0	1226	332	512	646	0	212	3234	528	23440	15274	0	0	0	0	0	0	0	0	5174	940	0	0	4478	7994	3506	384	2362	496	1020	0	0	0	1024	0	1334	0	314	0	506	0	8834	0	3418	0	2472	0	11838	1748	1124	0	1110	0	1138	0	566	0	4458	178	0	7298	5036	2638	8228	904	3394	0	5236	2270	608	0	2064	80	0	0	4320	0	0	0	2074	0	164	0	0	0	0	0	0	0	156	0	0	0	0	0	0	0	0	0	0	0	0	0	0	0	0	0	
264440	Paracentral_Lobule_R	770	8774	118	96	0	0	0	0	0	0	0	0	0	0	0	0	0	152	1502	19386	0	0	0	0	0	0	0	0	318	270	0	0	618	22176	624	5566	618	2672	218	1722	0	0	0	1906	0	1788	0	450	0	812	0	550	0	0	380	2542	0	17160	0	3202	0	562	0	340	0	828	158	11360	7298	0	436	4230	324	0	0	0	1036	8648	0	90	76	386	0	0	174	754	0	0	402	728	0	0	0	0	0	0	0	0	0	0	0	0	0	0	0	0	0	0	0	0	0	0	0	0	0	0	
373156	Caudate_L	4822	1360	9234	7482	1848	172	1696	6858	208	0	2146	2140	5780	6528	3306	1942	506	0	7502	12454	6500	5982	3250	1854	712	484	4786	2166	12336	5054	8680	4442	0	1552	0	0	628	312	136	0	154	0	0	0	0	0	0	0	0	0	106	0	0	0	0	0	178	0	0	0	0	0	0	0	0	0	0	0	5036	436	0	9456	18692	3024	1858	0	11010	848	234	0	76	0	430	0	0	0	0	0	182	0	0	0	0	0	0	0	0	0	0	0	0	0	0	0	0	0	0	0	0	0	0	0	0	0	0	0	
423768	Caudate_R	1820	1264	1146	16696	0	2534	448	3814	0	398	182	4632	390	11028	0	7018	80	1874	5820	25222	2768	3702	772	7526	80	4954	1640	4562	1188	13162	2244	11748	0	4694	0	0	164	666	110	196	0	0	0	0	0	0	134	0	0	0	0	0	0	0	0	0	332	104	0	0	0	0	0	0	0	0	0	0	2638	4230	9456	0	1802	28312	280	616	1204	17636	0	0	0	90	0	508	0	0	0	0	0	0	0	0	0	0	0	0	0	0	0	0	0	0	0	0	0	0	0	0	0	0	0	0	0	0	0	0	
348416	Putamen_L	10442	244	18598	1800	3836	0	3616	758	1288	0	2162	242	3740	730	5290	128	2700	0	11054	5598	2194	2060	3368	456	510	208	2040	530	22248	404	5438	768	0	490	0	0	8418	182	7212	0	1002	0	0	0	0	0	0	0	0	0	0	0	0	0	2666	0	1536	0	0	0	0	0	0	0	0	0	0	0	8228	324	18692	1802	0	366	3944	0	2394	226	340	0	2066	0	984	0	126	0	0	0	760	0	0	0	0	0	0	0	0	0	0	0	0	0	0	0	0	0	0	0	0	0	0	0	0	0	0	0	
406848	Putamen_R	986	3832	1130	18094	0	2492	438	5986	0	1028	186	10320	626	8370	220	7314	0	5776	3428	12426	130	252	826	6738	0	4678	126	1800	1268	26940	768	7444	0	2200	180	0	634	13160	224	2474	0	1826	0	0	0	0	88	0	0	0	0	0	0	0	306	1516	0	2296	0	0	0	0	0	0	0	0	0	0	904	0	3024	28312	366	0	0	2388	774	3406	0	154	148	1890	0	1994	0	226	0	0	168	974	0	0	0	0	0	0	84	86	0	0	0	0	0	0	0	0	0	0	0	0	0	0	0	0	0	0	
44836	Pallidum_L	3204	330	998	86	0	0	0	146	0	0	0	0	0	166	0	0	450	0	3732	674	0	0	0	0	0	0	0	0	646	120	0	0	0	0	0	0	232	0	0	0	0	0	0	0	0	0	0	0	0	0	0	0	0	0	0	0	0	0	0	0	0	0	0	0	0	0	0	0	3394	0	1858	280	3944	0	0	0	1726	0	0	0	432	0	0	0	0	0	0	0	0	0	0	0	0	0	0	0	0	0	0	0	0	0	0	0	0	0	0	0	0	0	0	0	0	0	0	0	
14300	Pallidum_R	0	174	0	1282	0	0	0	0	0	0	0	138	0	0	0	0	0	120	0	1448	0	0	0	0	0	0	0	0	0	80	0	0	0	0	0	0	0	348	0	260	0	0	0	0	0	0	0	0	0	0	0	0	0	0	0	76	0	220	0	0	0	0	0	0	0	0	0	0	0	0	0	616	0	2388	0	0	0	0	0	0	0	0	0	0	0	0	0	0	0	0	0	0	0	0	0	0	0	0	0	0	0	0	0	0	0	0	0	0	0	0	0	0	0	0	0	0	
137680	Thalamus_L	8720	760	2260	144	0	0	968	192	0	0	508	0	190	90	0	0	486	0	3108	3592	0	0	0	0	0	0	0	0	3066	76	0	0	0	298	0	0	6806	506	3306	210	0	0	0	0	0	0	886	0	0	0	0	0	0	0	1484	0	446	130	0	0	0	0	0	0	0	0	0	0	5236	1036	11010	1204	2394	774	1726	0	0	2814	1140	0	920	0	0	0	472	0	0	0	1382	0	112	0	104	0	0	0	122	0	162	0	0	0	0	0	0	0	0	0	0	0	0	0	0	0	0	0	
166648	Thalamus_R	790	6954	132	1518	0	0	0	114	0	0	0	536	0	536	0	136	0	950	356	12208	0	0	0	0	0	0	0	0	476	1256	0	0	0	418	1484	172	4000	6850	1198	2414	0	98	0	0	0	0	652	198	0	0	0	0	0	0	758	1120	0	470	0	0	0	0	0	0	0	0	260	120	2270	8648	848	17636	226	3406	0	0	2814	0	0	0	142	182	0	0	110	0	0	0	300	0	0	0	0	0	134	0	434	0	0	0	0	0	0	0	0	0	0	0	0	0	0	0	0	0	0	0	
95496	Heschl_L	4606	0	1050	0	0	0	406	0	0	0	378	0	76	0	0	0	4798	0	1144	274	0	0	0	0	0	0	0	0	8474	0	0	0	0	0	184	114	2852	0	374	0	0	0	0	0	0	0	94	0	0	0	0	0	0	0	1190	0	2608	0	0	0	82	0	418	0	0	0	120	0	608	0	234	0	340	0	0	0	1140	0	0	0	6160	0	0	0	3950	0	0	0	5366	0	318	0	96	0	0	0	0	0	294	0	0	0	0	0	0	0	0	0	0	0	0	0	0	0	0	0	
42240	Heschl_R	0	596	0	0	0	0	0	0	0	0	0	0	0	0	0	0	0	1542	0	0	0	0	0	0	0	0	0	0	0	4378	0	0	0	128	0	0	0	806	0	120	0	0	0	80	0	130	0	0	0	238	0	148	0	0	0	1124	0	312	0	138	0	276	0	656	0	888	0	282	0	90	0	0	0	154	0	0	0	0	0	0	0	3608	0	0	0	2846	0	0	0	2580	0	0	0	0	0	0	0	0	0	0	0	0	0	0	0	0	0	0	0	0	0	0	0	0	0	0	
277712	Temporal_Sup_L	4262	0	5844	0	0	0	764	0	0	0	4974	0	536	0	0	0	14222	0	4110	390	0	0	0	0	0	0	0	0	15726	0	0	0	802	0	0	0	2516	0	984	0	0	0	98	0	168	0	96	0	144	0	2576	0	368	0	4542	0	4192	0	1478	0	1416	0	6864	0	862	0	732	0	2064	76	76	0	2066	148	432	0	920	142	6160	0	0	0	3568	0	24930	0	158	0	18890	0	272	0	100	0	0	0	0	0	188	0	0	0	0	0	0	0	0	0	0	0	0	0	0	0	0	0	
124576	Temporal_Sup_R	0	1428	0	0	0	0	0	0	0	0	0	422	0	116	0	496	0	4066	0	108	0	0	0	0	0	0	0	0	0	6062	0	0	0	622	0	0	0	1542	0	346	0	218	0	348	0	224	0	0	0	380	0	476	0	0	0	1460	0	2550	0	1032	0	648	0	7964	0	3620	0	1690	80	386	0	90	0	1890	0	0	0	182	0	3608	0	0	0	2570	0	13404	0	0	0	4260	0	0	0	0	0	0	0	0	0	0	0	0	0	0	0	0	0	0	0	0	0	0	0	0	0	0	
152604	Temporal_Pole_Sup_L	0	0	3368	84	444	0	4808	120	1694	0	3698	0	8356	0	9482	0	656	0	1442	92	388	0	478	0	0	0	0	0	10948	0	198	76	368	0	0	0	716	0	834	0	454	0	0	0	0	0	0	0	0	0	0	0	0	0	2054	0	0	0	0	0	0	0	0	0	0	0	0	0	0	0	430	0	984	0	0	0	0	0	0	0	3568	0	0	0	7798	0	6220	0	6544	0	0	0	0	0	0	0	0	0	0	0	0	0	0	0	0	0	0	0	0	0	0	0	0	0	0	0	
64808	Temporal_Pole_Sup_R	0	0	0	104	0	162	0	150	0	0	0	692	0	0	0	1222	0	670	214	166	0	104	0	0	0	0	0	0	0	5552	0	0	0	0	0	0	0	2734	0	1870	0	3248	0	0	0	0	0	0	0	0	0	0	0	0	0	2250	0	0	0	0	0	0	0	0	0	0	0	0	0	0	0	508	0	1994	0	0	0	0	0	0	0	2570	0	0	0	3096	0	1732	0	3366	0	0	0	0	0	0	0	0	0	0	0	0	0	0	0	0	0	0	0	0	0	0	0	0	0	0	
411280	Temporal_Mid_L	1884	0	662	0	0	0	0	0	0	0	244	0	0	0	0	0	3480	0	564	456	0	0	0	0	0	0	0	0	5570	0	0	0	1168	288	1182	162	364	80	218	0	0	0	2134	0	1956	0	276	0	944	0	22622	0	7582	0	5068	0	3912	0	3208	0	15654	0	12116	0	17112	0	5470	162	4320	174	0	0	126	0	0	0	472	110	3950	0	24930	0	7798	0	0	0	6032	0	42732	0	348	0	0	0	0	0	0	0	110	0	0	0	0	0	0	0	0	0	0	0	0	0	0	0	0	0	
214888	Temporal_Mid_R	0	962	0	0	0	0	0	0	0	0	0	0	0	0	0	180	0	134	0	0	0	0	0	0	0	0	0	0	0	3608	0	0	144	1030	0	456	0	1358	0	172	0	220	0	3386	0	2418	0	308	0	4954	0	11546	0	642	0	2196	0	2996	0	762	0	1798	0	3622	0	11046	106	3708	0	754	0	0	0	226	0	0	0	0	0	2846	0	13404	0	3096	0	0	0	1044	0	28322	0	0	0	0	0	0	0	0	0	0	0	0	0	0	0	0	0	0	0	0	0	0	0	0	0	0	
40420	Temporal_Pole_Mid_L	0	0	0	0	0	0	0	0	0	0	0	0	0	0	0	0	0	0	0	0	0	0	0	0	0	0	0	0	332	0	0	0	0	0	0	0	188	0	732	0	186	0	0	0	0	0	0	0	0	0	0	0	0	0	1196	0	0	0	0	0	0	0	0	0	0	0	0	0	0	0	0	0	0	0	0	0	0	0	0	0	158	0	6220	0	6032	0	0	0	5166	0	0	0	0	0	0	0	0	0	0	0	0	0	0	0	0	0	0	0	0	0	0	0	0	0	0	0	
8656	Temporal_Pole_Mid_R	0	0	0	0	0	0	0	0	0	0	0	0	0	0	0	0	0	0	0	0	0	0	0	0	0	0	0	0	0	164	0	0	0	0	0	0	0	0	0	0	0	0	0	0	0	0	0	0	0	0	0	0	0	0	0	352	0	0	0	0	0	0	0	0	0	0	0	0	0	0	0	0	0	0	0	0	0	0	0	0	0	0	0	1732	0	1044	0	0	0	1036	0	0	0	0	0	0	0	0	0	0	0	0	0	0	0	0	0	0	0	0	0	0	0	0	0	0	
398268	Temporal_Inf_L	2516	78	862	0	0	0	118	0	0	0	96	0	0	0	0	0	4040	0	762	640	0	0	0	0	0	0	0	0	9892	0	0	0	664	286	3988	974	5794	152	1098	0	130	0	1520	0	884	0	632	0	504	0	7702	0	7618	0	26848	0	2114	168	1764	0	5838	0	5750	0	3798	0	3532	0	2074	402	182	0	760	168	0	0	1382	300	5366	0	18890	0	6544	0	42732	0	5166	0	0	0	6798	0	3156	0	0	0	554	0	3898	0	0	0	0	0	0	0	0	0	0	0	0	0	0	0	0	0	
215916	Temporal_Inf_R	0	1086	0	0	0	0	0	0	0	0	0	94	0	0	0	0	0	0	0	0	0	0	0	0	0	0	0	0	0	4738	0	0	0	730	0	308	0	5204	0	1494	0	128	0	5064	0	1442	0	1142	0	3342	0	3342	0	5170	0	13888	0	1212	0	464	0	1496	0	2734	0	4848	0	4504	0	728	0	0	0	974	0	0	0	0	0	2580	0	4260	0	3366	0	28322	0	1036	0	0	0	2742	0	362	0	0	0	156	0	1002	0	0	0	0	0	0	0	0	0	0	0	0	0	0	0	0	
592384	Cerebelum_Crus1_L	116	0	0	0	0	0	0	0	0	0	0	0	0	0	0	0	142	0	0	0	0	0	0	0	0	0	0	0	304	0	0	0	0	0	694	140	166	0	560	0	0	0	114	0	0	0	11752	3936	0	0	128	0	778	110	29454	2134	92	0	0	0	0	0	0	0	0	0	262	0	164	0	0	0	0	0	0	0	112	0	318	0	272	0	0	0	348	0	0	0	6798	0	0	5502	50202	3318	3458	668	26960	2872	65696	7932	9912	1072	10026	4378	576	1860	290	0	912	1570	11936	10758	8666	3424	3298	2012	
434640	Cerebelum_Crus1_R	0	0	0	0	0	0	0	0	0	0	0	0	0	0	0	0	0	0	0	0	0	0	0	0	0	0	0	0	0	0	0	0	0	0	0	0	0	96	0	142	0	0	0	0	0	0	2012	9804	0	0	0	74	0	242	1070	16446	0	0	0	0	0	0	0	0	0	0	0	0	0	0	0	0	0	0	0	0	0	0	0	0	0	0	0	0	0	0	0	0	0	2742	5502	0	3928	30032	444	1942	6036	13752	7398	51324	736	3024	1012	13022	154	2092	0	828	806	1236	12326	11974	9362	2322	3234	2206	
484108	Cerebelum_Crus2_L	0	0	0	0	0	0	0	0	0	0	0	0	0	0	0	0	0	0	0	0	0	0	0	0	0	0	0	0	110	0	0	0	0	0	322	0	84	0	0	0	0	0	0	0	0	0	1088	978	0	0	0	0	0	0	7494	584	0	0	0	0	0	0	0	0	0	0	0	0	0	0	0	0	0	0	0	0	104	0	96	0	100	0	0	0	0	0	0	0	3156	0	50202	3928	0	13074	1516	252	9352	1008	23998	3284	36142	7286	29050	11296	6720	746	1604	0	266	624	2646	3684	13344	6046	1240	630	
304744	Cerebelum_Crus2_R	0	0	0	0	0	0	0	0	0	0	0	0	0	0	0	0	0	0	0	0	0	0	0	0	0	0	0	0	0	0	0	0	0	0	0	0	0	0	0	0	0	0	0	0	0	0	86	208	0	0	0	0	0	0	104	528	0	0	0	0	0	0	0	0	0	0	0	0	0	0	0	0	0	0	0	0	0	0	0	0	0	0	0	0	0	0	0	0	0	362	3318	30032	13074	0	404	176	578	690	1100	8332	6036	22016	4504	32890	294	3474	0	2062	162	222	402	2210	14334	3512	836	426	
68460	Cerebelum_3_L	0	0	0	0	0	0	0	0	0	0	0	0	0	0	0	0	0	0	0	0	0	0	0	0	0	0	0	0	0	0	0	0	0	0	0	0	0	84	166	82	0	0	0	0	0	0	430	0	0	0	0	0	0	0	88	0	0	0	0	0	0	0	0	0	0	0	0	0	0	0	0	0	0	0	0	0	0	134	0	0	0	0	0	0	0	0	0	0	0	0	3458	444	1516	404	0	88	6542	248	3584	554	228	0	2080	1218	1944	814	0	0	1294	1776	1756	494	1914	1248	1134	508	
47708	Cerebelum_3_R	0	0	0	0	0	0	0	0	0	0	0	0	0	0	0	0	0	0	0	0	0	0	0	0	0	0	0	0	0	0	0	0	0	0	0	0	0	106	0	102	0	92	0	0	0	0	0	146	0	0	0	0	0	0	0	158	0	0	0	0	0	0	0	0	0	0	0	0	0	0	0	0	0	0	0	0	0	0	0	0	0	0	0	0	0	0	0	0	0	0	668	1942	252	176	88	0	1004	3830	670	3458	84	0	204	934	0	1896	0	0	342	2604	1250	264	966	1032	1586	0	
369012	Cerebelum_4_5_L	0	0	0	0	0	0	0	0	0	0	0	0	0	0	0	0	0	0	0	82	0	0	0	0	0	0	0	0	0	0	0	0	0	0	0	0	160	214	292	194	0	156	0	0	0	0	11368	2662	0	0	0	0	90	0	9568	1820	0	0	0	0	0	0	0	0	0	0	0	0	0	0	0	0	0	84	0	0	122	434	0	0	0	0	0	0	0	0	0	0	554	0	26960	6036	9352	578	6542	1004	0	7058	36166	8906	2890	0	5194	2790	3722	1402	702	0	1212	2120	18626	4216	4220	2450	2650	1910	
221828	Cerebelum_4_5_R	0	0	0	0	0	0	0	0	0	0	0	0	0	0	0	0	0	0	0	0	0	0	0	0	0	0	0	0	0	84	0	0	0	0	0	0	0	710	0	1248	0	130	102	0	0	0	1672	7294	0	0	0	0	0	0	168	9224	0	0	0	0	0	0	0	0	0	0	0	184	0	0	0	0	0	86	0	0	0	0	0	0	0	0	0	0	0	0	0	0	0	156	2872	13752	1008	690	248	3830	7058	0	4668	26848	156	0	414	2382	80	1520	0	406	360	1130	15404	2390	1670	970	1498	502	
575520	Cerebelum_6_L	116	0	0	0	0	0	0	0	0	0	0	0	0	0	0	0	104	0	0	0	0	0	0	0	0	0	0	0	276	0	0	0	0	0	682	168	266	0	534	0	0	0	296	200	0	0	17096	7350	118	0	150	0	578	160	31606	3384	86	0	0	0	0	0	0	0	0	0	190	0	156	0	0	0	0	0	0	0	162	0	294	0	188	0	0	0	110	0	0	0	3898	0	65696	7398	23998	1100	3584	670	36166	4668	0	11104	4290	142	6214	2638	2444	1318	1028	0	738	1110	16562	16274	5148	2358	2666	2278	
455876	Cerebelum_6_R	0	0	0	0	0	0	0	0	0	0	0	0	0	0	0	0	0	0	0	0	0	0	0	0	0	0	0	0	0	0	0	0	0	0	0	0	0	166	0	240	0	0	154	0	0	0	3070	12648	78	0	0	86	0	448	1512	20096	0	0	0	0	0	0	0	0	0	0	0	0	0	0	0	0	0	0	0	0	0	0	0	0	0	0	0	0	0	0	0	0	0	1002	7932	51324	3284	8332	554	3458	8906	26848	11104	0	400	160	830	6542	166	2512	0	1242	970	1544	18280	16116	7986	2700	4246	3002	
287420	Cerebelum_7b_L	0	0	0	0	0	0	0	0	0	0	0	0	0	0	0	0	0	0	0	0	0	0	0	0	0	0	0	0	0	0	0	0	0	0	0	0	0	0	0	0	0	0	0	0	0	0	0	84	0	0	0	0	0	0	450	0	0	0	0	0	0	0	0	0	0	0	0	0	0	0	0	0	0	0	0	0	0	0	0	0	0	0	0	0	0	0	0	0	0	0	9912	736	36142	6036	228	84	2890	156	4290	400	0	3880	35282	10674	9570	680	2442	0	0	178	368	406	9358	7738	1176	550	
157952	Cerebelum_7b_R	0	0	0	0	0	0	0	0	0	0	0	0	0	0	0	0	0	0	0	0	0	0	0	0	0	0	0	0	0	0	0	0	0	0	0	0	0	0	0	0	0	0	0	0	0	0	0	0	0	0	0	0	0	0	0	0	0	0	0	0	0	0	0	0	0	0	0	0	0	0	0	0	0	0	0	0	0	0	0	0	0	0	0	0	0	0	0	0	0	0	1072	3024	7286	22016	0	0	0	0	142	160	3880	0	2624	24318	0	4124	0	360	0	0	0	160	6570	3138	102	0	
331948	Cerebelum_8_L	0	0	0	0	0	0	0	0	0	0	0	0	0	0	0	0	0	0	0	0	0	0	0	0	0	0	0	0	0	0	0	0	0	0	0	0	0	0	0	0	0	0	0	0	0	0	0	116	0	0	0	0	0	0	254	110	0	0	0	0	0	0	0	0	0	0	0	0	0	0	0	0	0	0	0	0	0	0	0	0	0	0	0	0	0	0	0	0	0	0	10026	1012	29050	4504	2080	204	5194	414	6214	830	35282	2624	0	12890	17272	2462	4088	0	486	756	1182	610	10280	11754	4488	1792	
369060	Cerebelum_8_R	0	0	0	0	0	0	0	0	0	0	0	0	0	0	0	0	0	0	0	0	0	0	0	0	0	0	0	0	0	0	0	0	0	0	0	0	0	0	0	0	0	0	0	0	0	0	0	0	0	0	0	0	0	0	126	332	0	0	0	0	0	0	0	0	0	0	0	0	0	0	0	0	0	0	0	0	0	0	0	0	0	0	0	0	0	0	0	0	0	0	4378	13022	11296	32890	1218	934	2790	2382	2638	6542	10674	24318	12890	0	928	15184	0	3666	670	1236	1932	680	14928	12776	4502	1598	
110640	Cerebelum_9_L	0	0	0	0	0	0	0	0	0	0	0	0	0	0	0	0	0	0	0	0	0	0	0	0	0	0	0	0	0	0	0	0	0	0	0	0	0	0	0	0	0	0	0	0	0	0	0	0	0	0	0	0	0	0	0	0	0	0	0	0	0	0	0	0	0	0	0	0	0	0	0	0	0	0	0	0	0	0	0	0	0	0	0	0	0	0	0	0	0	0	576	154	6720	294	1944	0	3722	80	2444	166	9570	0	17272	928	0	1110	4542	0	0	0	142	1106	1192	1068	1454	836	
135400	Cerebelum_9_R	0	0	0	0	0	0	0	0	0	0	0	0	0	0	0	0	0	0	0	0	0	0	0	0	0	0	0	0	0	0	0	0	0	0	0	0	0	0	0	0	0	0	0	0	0	0	0	74	0	0	0	0	0	0	0	74	0	0	0	0	0	0	0	0	0	0	0	0	0	0	0	0	0	0	0	0	0	0	0	0	0	0	0	0	0	0	0	0	0	0	1860	2092	746	3474	814	1896	1402	1520	1318	2512	680	4124	2462	15184	1110	0	0	1834	766	2252	1560	1892	3482	4928	6752	2892	
29932	Cerebelum_10_L	0	0	0	0	0	0	0	0	0	0	0	0	0	0	0	0	0	0	0	0	0	0	0	0	0	0	0	0	0	0	0	0	0	0	0	0	0	0	0	0	0	0	0	0	0	0	0	0	0	0	0	0	0	0	0	0	0	0	0	0	0	0	0	0	0	0	0	0	0	0	0	0	0	0	0	0	0	0	0	0	0	0	0	0	0	0	0	0	0	0	290	0	1604	0	0	0	702	0	1028	0	2442	0	4088	0	4542	0	0	0	0	0	0	0	186	84	0	0	
21108	Cerebelum_10_R	0	0	0	0	0	0	0	0	0	0	0	0	0	0	0	0	0	0	0	0	0	0	0	0	0	0	0	0	0	0	0	0	0	0	0	0	0	0	0	0	0	0	0	0	0	0	0	0	0	0	0	0	0	0	0	0	0	0	0	0	0	0	0	0	0	0	0	0	0	0	0	0	0	0	0	0	0	0	0	0	0	0	0	0	0	0	0	0	0	0	0	828	0	2062	0	0	0	406	0	1242	0	360	0	3666	0	1834	0	0	0	0	0	0	0	76	80	0	
38624	Vermis_1_2	0	0	0	0	0	0	0	0	0	0	0	0	0	0	0	0	0	0	0	0	0	0	0	0	0	0	0	0	0	0	0	0	0	0	0	0	0	0	0	0	0	0	0	0	0	0	0	0	0	0	0	0	0	0	0	0	0	0	0	0	0	0	0	0	0	0	0	0	0	0	0	0	0	0	0	0	0	0	0	0	0	0	0	0	0	0	0	0	0	0	912	806	266	162	1294	342	1212	360	738	970	0	0	486	670	0	766	0	0	0	3642	1786	506	1256	1164	1388	586	
63240	Vermis_3	0	0	0	0	0	0	0	0	0	0	0	0	0	0	0	0	0	0	0	0	0	0	0	0	0	0	0	0	0	0	0	0	0	0	0	0	0	0	0	0	0	0	0	0	0	0	0	90	0	0	0	0	0	0	0	0	0	0	0	0	0	0	0	0	0	0	0	0	0	0	0	0	0	0	0	0	0	0	0	0	0	0	0	0	0	0	0	0	0	0	1570	1236	624	222	1776	2604	2120	1130	1110	1544	178	0	756	1236	0	2252	0	0	3642	0	2618	320	1754	2042	2456	340	
