0.000000000000000000e+00,3.629030303030303003e+03,2.071385858585858659e+04,3.390363636363636488e+03,5.577777777777777857e+01,1.226262626262626299e+01,2.243890909090909190e+04,5.829494949494949196e+02,1.117171717171717127e+01,1.090909090909090828e+00,1.395650505050505126e+04,2.717575757575757507e+02,3.155515151515151501e+03,9.400000000000000000e+01,9.501010101010101039e+01,1.793939393939393767e+01,1.129404040404040461e+04,9.931313131313130782e+01,1.342393939393939399e+04,8.409232323232323324e+03,0.000000000000000000e+00,6.161616161616161769e+00,3.840000000000000000e+02,8.753535353535353636e+01,3.030303030303030276e+00,6.909090909090909172e+00,0.000000000000000000e+00,1.696969696969697017e+00,1.253096969696969609e+04,2.784848484848484986e+02,7.295555555555555429e+02,3.129696969696969973e+02,9.384444444444444571e+02,3.296303030303030482e+03,3.495272727272727479e+03,2.181757575757575978e+03,6.179959595959596300e+03,1.401535353535353579e+03,7.106666666666666288e+02,3.732929292929292728e+02,8.626262626262626299e+00,1.313131313131313149e+00,4.178787878787878753e+02,4.345454545454545325e+01,3.316161616161616053e+02,3.406060606060606233e+01,2.470101010101010104e+02,8.074747474747475451e+01,4.104646464646464779e+02,3.765656565656565391e+01,3.402303030303030482e+03,2.517171717171717304e+01,9.923030303030302548e+02,2.757575757575757436e+01,1.367232323232323324e+03,2.685656565656565817e+02,2.992141414141414134e+04,4.207272727272727479e+02,1.118525252525252426e+03,1.264646464646464707e+01,4.935373737373737640e+03,2.892929292929293084e+01,1.988686868686868593e+03,6.646464646464646364e+01,9.461414141414140886e+02,9.151515151515152269e+00,1.355373737373737413e+03,3.036767676767676676e+02,1.875250505050504944e+04,2.033919191919191917e+03,4.556606060606060964e+03,1.425636363636363740e+03,5.307797979797979679e+03,3.554949494949494806e+02,1.835151515151515241e+03,5.783838383838384090e+01,1.094905050505050531e+04,2.125090909090909008e+03,4.092464646464646648e+03,7.494949494949494806e+00,3.280585858585858659e+03,1.074747474747474740e+01,2.679191919191919169e+02,9.898989898989899450e-01,2.506383838383838338e+03,1.961616161616161591e+01,0.000000000000000000e+00,0.000000000000000000e+00,1.870626262626262587e+03,7.541414141414141170e+01
3.629030303030303003e+03,0.000000000000000000e+00,2.150464646464646648e+03,1.433610101010101062e+04,7.595959595959596022e+00,8.909090909090908283e+00,5.562828282828282909e+02,1.007262626262626327e+04,9.292929292929292817e-01,7.858585858585859008e+00,6.222222222222222143e+01,6.704282828282828632e+03,1.383838383838383912e+01,4.124040404040404155e+02,8.585858585858586522e+00,1.232323232323232354e+01,1.486060606060605949e+02,2.341636363636363512e+03,2.686686868686868820e+03,9.562848484848484077e+03,5.858585858585858563e-01,4.888888888888889284e+00,2.911111111111111072e+01,6.725252525252524549e+01,1.434343434343434254e+00,1.454545454545454586e+00,0.000000000000000000e+00,0.000000000000000000e+00,3.662424242424242493e+02,3.240606060606060510e+03,1.109494949494949481e+02,2.714141414141413975e+02,2.215555555555555429e+02,2.268222222222222172e+03,1.008505050505050463e+03,2.114666666666666515e+03,6.257171717171717091e+02,5.386929292929293297e+03,9.779797979797979224e+01,1.010666666666666629e+03,9.696969696969697239e-01,8.626262626262626299e+00,8.989898989898989612e+00,9.001616161616161662e+02,1.365656565656565569e+01,7.463434343434342964e+02,2.363636363636363669e+01,3.145252525252525402e+02,5.838383838383838231e+00,8.904444444444444571e+02,6.519191919191919737e+01,6.886060606060606233e+02,6.262626262626262985e+00,5.051717171717171482e+02,4.949494949494949481e+01,2.024505050505050576e+03,7.164242424242423795e+02,1.766715151515151592e+04,1.981818181818181657e+01,6.396767676767676676e+02,1.003030303030302974e+02,1.303818181818181756e+03,3.397979797979797922e+01,2.469111111111111313e+03,1.177777777777777857e+01,4.398383838383838338e+02,1.487676767676767611e+02,2.656545454545454504e+03,2.584585858585858659e+03,7.519070707070706703e+03,1.424424242424242493e+03,4.785474747474747346e+03,5.940808080808080831e+02,3.094909090909090992e+03,2.745252525252525402e+02,4.671111111111110858e+02,1.682545454545454504e+03,9.228404040404040643e+03,8.214141414141414543e+01,3.484848484848484986e+02,5.412121212121212466e+01,9.071515151515151274e+02,1.050505050505050608e+00,2.090909090909091006e+01,1.753535353535353636e+01,1.510020202020202078e+03,0.000000000000000000e+00,0.000000000000000000e+00,2.434343434343434254e+01,2.135979797979798150e+03
2.071385858585858659e+04,2.150464646464646648e+03,0.000000000000000000e+00,1.492965656565656536e+04,1.004505050505050531e+04,1.695151515151515014e+02,7.439515151515151956e+04,2.480989898989898848e+03,3.654868686868686837e+03,4.040404040404040664e+00,1.500684848484848408e+04,1.076444444444444343e+03,2.107747474747474917e+04,7.324040404040404155e+02,9.270989898989899302e+03,1.743434343434343532e+02,1.030254545454545405e+04,3.354343434343434183e+02,8.392337373737373855e+04,2.048745454545454413e+04,2.937575757575757507e+02,7.058585858585858830e+01,4.674624242424242402e+04,8.524020202020201395e+03,1.475272727272727252e+03,3.133131313131312936e+02,6.508080808080808310e+02,2.909090909090908994e+01,3.811230303030303185e+04,1.103393939393939490e+03,2.070868686868686927e+04,8.143959595959596300e+03,6.540202020202020321e+03,8.780949494949494692e+03,5.580000000000000000e+02,3.885454545454545610e+02,4.793616161616161662e+03,6.386666666666666288e+02,5.659393939393939945e+02,1.451515151515151558e+02,8.967676767676768179e+01,1.050505050505050608e+00,3.971717171717171624e+01,6.404040404040403978e+00,8.828282828282828731e+00,1.171717171717171713e+00,8.791919191919191690e+01,3.088888888888888928e+01,1.074747474747474740e+01,4.747474747474747403e+00,2.334141414141414259e+02,2.888888888888888840e+00,7.242424242424242209e+01,1.777777777777777679e+00,9.318383838383838338e+02,7.434343434343433898e+01,4.254161616161615711e+03,2.325050505050504910e+02,9.539393939393939092e+01,4.909090909090909172e+00,4.058989898989898961e+02,1.858585858585858475e+01,3.120808080808080831e+02,4.800000000000000000e+01,9.214141414141414543e+01,1.068686868686868685e+01,1.839191919191919169e+02,4.656565656565656752e+01,4.532909090909090992e+03,2.297979797979797922e+02,1.206967676767676858e+04,3.839555555555555657e+03,2.353650505050504944e+04,1.432424242424242493e+03,4.767474747474747346e+03,2.627070707070707272e+02,7.541131313131312709e+03,1.051737373737373673e+03,1.494686868686868593e+03,8.909090909090908283e+00,3.423151515151515014e+03,1.977777777777777857e+01,1.631656565656565590e+03,1.282828282828282873e+01,3.926868686868687064e+02,9.696969696969697239e+00,6.707070707070706739e+00,0.000000000000000000e+00,1.042363636363636260e+03,2.206060606060606233e+01
3.390363636363636488e+03,1.433610101010101062e+04,1.492965656565656536e+04,0.000000000000000000e+00,1.477979797979797922e+02,6.500626262626262360e+03,3.486161616161616166e+03,3.611280808080807765e+04,2.735353535353535293e+01,1.059373737373737413e+03,8.849696969696969973e+02,1.161600000000000000e+04,7.346464646464646648e+02,1.103161616161616075e+04,1.692323232323232389e+02,4.743636363636363967e+03,4.784848484848484986e+02,6.157474747474747346e+03,2.069903030303030391e+04,7.057521212121212739e+04,1.041212121212121247e+02,4.398383838383838338e+02,1.181321212121212193e+04,4.134143434343434637e+04,1.080000000000000000e+02,4.096666666666666970e+03,5.810101010101010388e+01,1.140363636363636260e+03,2.084888888888888687e+03,1.669452525252525083e+04,6.281616161616161662e+03,3.498884848484848771e+04,2.436404040404040188e+03,2.474852525252525083e+04,4.055757575757575637e+02,6.951313131313131635e+02,5.101212121212121247e+02,5.148282828282828632e+03,9.123232323232323893e+01,1.543454545454545496e+03,4.262626262626262985e+00,8.006060606060606233e+01,0.000000000000000000e+00,7.197979797979797922e+01,4.909090909090909172e+00,5.414141414141413833e+01,2.545454545454545325e+01,1.024646464646464636e+02,2.060606060606060552e+00,8.682828282828282340e+01,9.656565656565655686e+00,4.270707070707070585e+01,0.000000000000000000e+00,6.717171717171717660e+01,6.167676767676767469e+01,1.451555555555555657e+03,6.517171717171717091e+02,1.430000000000000000e+03,5.474747474747474918e+00,7.656565656565656752e+01,5.426262626262626299e+01,1.442424242424242493e+02,3.719191919191919027e+01,3.314141414141413975e+02,3.838383838383838231e+00,4.294949494949494806e+01,2.016161616161616266e+01,3.419595959595959584e+02,1.579818181818181756e+03,2.812727272727272521e+02,5.427595959595959357e+03,2.491670707070707067e+04,1.549797979797979906e+03,1.964034343434343464e+04,2.848080808080808310e+02,2.496444444444444343e+03,1.260323232323232332e+03,1.314991919191919260e+04,9.195959595959595845e+01,2.390909090909090935e+02,1.523636363636363740e+02,5.563232323232323324e+02,5.294949494949494806e+01,4.716767676767676676e+02,1.597979797979797922e+01,2.234949494949495090e+02,0.000000000000000000e+00,0.000000000000000000e+00,4.254545454545454675e+01,5.285656565656565817e+02
5.577777777777777857e+01,7.595959595959596022e+00,1.004505050505050531e+04,1.477979797979797922e+02,0.000000000000000000e+00,1.039393939393939377e+02,2.217333333333333485e+03,3.214141414141413833e+01,1.166115151515151592e+04,0.000000000000000000e+00,1.803434343434343532e+02,3.377777777777777857e+01,2.033717171717171823e+03,2.032323232323232176e+01,1.207163636363636397e+04,1.880808080808080973e+01,4.220202020202020066e+01,6.121212121212121104e+00,8.330101010101010388e+02,7.597979797979797922e+01,2.555050505050504853e+03,5.612727272727272521e+02,4.059111111111111313e+03,2.652929292929292728e+02,3.838525252525252654e+03,3.080202020202020208e+02,6.419050505050505308e+03,2.369696969696969688e+02,7.473090909090909008e+03,3.802020202020202078e+01,4.258848484848484986e+03,4.313737373737373559e+02,3.529292929292929415e+01,3.179797979797979934e+01,0.000000000000000000e+00,0.000000000000000000e+00,4.791919191919191690e+01,9.737373737373737015e+00,8.353535353535353636e+01,0.000000000000000000e+00,2.787070707070707272e+02,7.434343434343434254e+00,0.000000000000000000e+00,0.000000000000000000e+00,0.000000000000000000e+00,0.000000000000000000e+00,0.000000000000000000e+00,0.000000000000000000e+00,0.000000000000000000e+00,0.000000000000000000e+00,0.000000000000000000e+00,0.000000000000000000e+00,0.000000000000000000e+00,0.000000000000000000e+00,5.353535353535353813e+00,0.000000000000000000e+00,5.050505050505050164e+00,1.333333333333333259e+00,0.000000000000000000e+00,0.000000000000000000e+00,0.000000000000000000e+00,0.000000000000000000e+00,0.000000000000000000e+00,0.000000000000000000e+00,0.000000000000000000e+00,0.000000000000000000e+00,0.000000000000000000e+00,0.000000000000000000e+00,1.717171717171717127e+00,0.000000000000000000e+00,2.286646464646464665e+03,4.121818181818181870e+02,5.994242424242424022e+03,8.034343434343433898e+01,1.860606060606060552e+01,3.777777777777777679e+00,1.917171717171717304e+01,8.626262626262626299e+00,3.696969696969696795e+00,0.000000000000000000e+00,1.652525252525252597e+01,0.000000000000000000e+00,7.658181818181818699e+02,2.505050505050505194e+00,0.000000000000000000e+00,0.000000000000000000e+00,5.313131313131313149e+00,0.000000000000000000e+00,0.000000000000000000e+00,0.000000000000000000e+00
1.226262626262626299e+01,8.909090909090908283e+00,1.695151515151515014e+02,6.500626262626262360e+03,1.039393939393939377e+02,0.000000000000000000e+00,4.622222222222222143e+01,1.462505050505050576e+03,8.424242424242423866e+00,4.391898989898990294e+03,2.026262626262626299e+01,3.131313131313131066e+02,1.012121212121212110e+01,7.237171717171717091e+02,5.848484848484848442e+01,4.432949494949494692e+03,6.989898989898989612e+00,2.438383838383838409e+01,2.545050505050504910e+02,8.264646464646464210e+02,5.459393939393939945e+02,2.110989898989898848e+03,3.775959595959595845e+02,5.077818181818181984e+03,2.859393939393939377e+02,8.481959595959595390e+03,2.685252525252525402e+02,7.876303030303030027e+03,5.468686868686868507e+01,2.192525252525252654e+03,6.911515151515151274e+02,3.849050505050504853e+03,3.474747474747474740e+01,2.850505050505050235e+02,0.000000000000000000e+00,0.000000000000000000e+00,0.000000000000000000e+00,2.258585858585858475e+01,0.000000000000000000e+00,2.228282828282828376e+01,7.272727272727272485e+00,1.182222222222222285e+02,0.000000000000000000e+00,0.000000000000000000e+00,0.000000000000000000e+00,0.000000000000000000e+00,0.000000000000000000e+00,0.000000000000000000e+00,0.000000000000000000e+00,0.000000000000000000e+00,0.000000000000000000e+00,0.000000000000000000e+00,0.000000000000000000e+00,0.000000000000000000e+00,0.000000000000000000e+00,1.111111111111111160e+00,2.323232323232323093e+00,0.000000000000000000e+00,0.000000000000000000e+00,0.000000000000000000e+00,0.000000000000000000e+00,0.000000000000000000e+00,0.000000000000000000e+00,0.000000000000000000e+00,0.000000000000000000e+00,0.000000000000000000e+00,0.000000000000000000e+00,0.000000000000000000e+00,0.000000000000000000e+00,0.000000000000000000e+00,6.557979797979797922e+02,4.379272727272727025e+03,2.696969696969696884e+02,4.364141414141414316e+03,7.555555555555555358e+00,4.357575757575757791e+01,6.787878787878788067e+00,2.979797979797979934e+01,0.000000000000000000e+00,0.000000000000000000e+00,0.000000000000000000e+00,1.494949494949495028e+00,0.000000000000000000e+00,4.236363636363636687e+01,0.000000000000000000e+00,1.494949494949495028e+00,0.000000000000000000e+00,0.000000000000000000e+00,0.000000000000000000e+00,0.000000000000000000e+00
2.243890909090909190e+04,5.562828282828282909e+02,7.439515151515151956e+04,3.486161616161616166e+03,2.217333333333333485e+03,4.622222222222222143e+01,0.000000000000000000e+00,8.689898989898989612e+02,3.456848484848484986e+03,1.313131313131313149e+00,1.373719191919191871e+04,4.039595959595959584e+02,3.302816161616161844e+04,2.659393939393939377e+02,8.278101010101010615e+03,6.949494949494949481e+01,4.842707070707070670e+03,1.005252525252525260e+02,1.371268686868686927e+04,3.128767676767676676e+03,6.622222222222222854e+01,1.408080808080808133e+01,1.716577777777777737e+04,2.325636363636363512e+03,6.434343434343433898e+01,2.715151515151515227e+01,4.783838383838384090e+01,2.121212121212121104e+00,2.121212121212121201e+04,3.932525252525252313e+02,6.280202020202020321e+03,2.223353535353535335e+03,2.564141414141414316e+03,2.225858585858585684e+03,3.369292929292929557e+02,2.447070707070706987e+02,2.075878787878787989e+03,2.772525252525252313e+02,2.238383838383838338e+02,6.220202020202020066e+01,2.109090909090908994e+01,0.000000000000000000e+00,1.361616161616161591e+01,1.436363636363636331e+01,6.080808080808080440e+00,2.747474747474747403e+00,3.935353535353535648e+01,1.533333333333333393e+01,1.806060606060606233e+01,0.000000000000000000e+00,2.207676767676767611e+02,0.000000000000000000e+00,5.111111111111111427e+01,1.171717171717171713e+00,2.650505050505050235e+02,1.975757575757575779e+01,2.666444444444444343e+03,5.294949494949494806e+01,9.767676767676768179e+01,0.000000000000000000e+00,5.547676767676767895e+02,1.131313131313131271e+00,1.844242424242424363e+02,1.216161616161616088e+01,1.091313131313131350e+02,4.121212121212121104e+00,1.286666666666666572e+02,2.884848484848484773e+01,4.023636363636363740e+02,5.535353535353535648e+01,4.165797979797979679e+03,1.549090909090909008e+03,5.265131313131312709e+03,5.029292929292929557e+02,9.726464646464646648e+02,8.246464646464646364e+01,2.542121212121212011e+03,4.371919191919191690e+02,1.163212121212121247e+03,3.252525252525252597e+00,1.218888888888888914e+03,2.666666666666666519e+00,6.228282828282827950e+02,2.626262626262626299e+00,1.976767676767676676e+02,2.080808080808080884e+00,0.000000000000000000e+00,0.000000000000000000e+00,2.543636363636363740e+02,5.212121212121211933e+00
5.829494949494949196e+02,1.007262626262626327e+04,2.480989898989898848e+03,3.611280808080807765e+04,3.214141414141413833e+01,1.462505050505050576e+03,8.689898989898989612e+02,0.000000000000000000e+00,1.028282828282828198e+01,1.678282828282828177e+03,2.410909090909090935e+02,1.058923232323232332e+04,2.055757575757575637e+02,1.507260606060606005e+04,4.278787878787878896e+01,4.381010101010100698e+03,1.009090909090909065e+02,2.153353535353535335e+03,3.418969696969696997e+03,6.866969696969696997e+03,1.939393939393939448e+00,3.042424242424242564e+01,1.216282828282828177e+03,5.701090909090909008e+03,1.276767676767676818e+01,1.569090909090909065e+02,2.080808080808080884e+00,4.612121212121212466e+01,5.798585858585859114e+02,7.521676767676767668e+03,8.221414141414140886e+02,4.809979797979797695e+03,2.809494949494949765e+02,4.298525252525252654e+03,5.733333333333333570e+01,1.202828282828282767e+02,8.979797979797979224e+01,1.846666666666666742e+03,1.232323232323232354e+01,5.462626262626262132e+02,0.000000000000000000e+00,1.470707070707070763e+01,0.000000000000000000e+00,2.298989898989898961e+01,1.494949494949495028e+00,4.610101010101010388e+01,1.777777777777777679e+00,1.715151515151515227e+01,0.000000000000000000e+00,8.739393939393939092e+01,1.717171717171717127e+00,5.583838383838384090e+01,0.000000000000000000e+00,2.385858585858585812e+01,0.000000000000000000e+00,5.888282828282827950e+02,1.488888888888888857e+02,9.033737373737374128e+02,1.797979797979798011e+00,6.557575757575757791e+01,1.026262626262626299e+01,1.448282828282828234e+02,2.121212121212121104e+00,2.717979797979797922e+02,2.222222222222222321e+00,2.907070707070706916e+01,4.767676767676767291e+00,1.439797979797979792e+02,4.147474747474747403e+01,3.268686868686868507e+01,2.018282828282828177e+03,3.646989898989898848e+03,3.967474747474747687e+02,5.752767676767676676e+03,4.882828282828283051e+01,5.577171717171717091e+02,2.203030303030303116e+02,1.265656565656565590e+03,1.183838383838383912e+01,6.577777777777777146e+01,3.303030303030303116e+01,2.150101010101010104e+02,1.010101010101010033e+01,1.036969696969697026e+02,0.000000000000000000e+00,9.674747474747475451e+01,0.000000000000000000e+00,0.000000000000000000e+00,0.000000000000000000e+00,2.433939393939394051e+02
1.117171717171717127e+01,9.292929292929292817e-01,3.654868686868686837e+03,2.735353535353535293e+01,1.166115151515151592e+04,8.424242424242423866e+00,3.456848484848484986e+03,1.028282828282828198e+01,0.000000000000000000e+00,1.292929292929293039e+00,6.038383838383838054e+01,1.931313131313131137e+01,2.477858585858585684e+03,3.838383838383838231e+00,1.313991919191919260e+04,6.949494949494949836e+00,1.066666666666666607e+01,2.626262626262626299e+00,2.195555555555555429e+02,2.692929292929293084e+01,3.631313131313131066e+02,9.630303030303029743e+01,2.437575757575757507e+02,1.066666666666666607e+01,3.630505050505050235e+02,1.454545454545454497e+01,1.872343434343434410e+03,2.501010101010101039e+01,2.913898989898989839e+03,9.636363636363636687e+00,3.977777777777777715e+02,4.488888888888888573e+01,7.555555555555555358e+00,7.676767676767676463e+00,0.000000000000000000e+00,0.000000000000000000e+00,2.626262626262626299e+00,3.131313131313131493e+00,6.000000000000000000e+00,2.828282828282828287e+00,2.272727272727272663e+01,0.000000000000000000e+00,0.000000000000000000e+00,0.000000000000000000e+00,0.000000000000000000e+00,0.000000000000000000e+00,0.000000000000000000e+00,0.000000000000000000e+00,0.000000000000000000e+00,0.000000000000000000e+00,0.000000000000000000e+00,0.000000000000000000e+00,0.000000000000000000e+00,0.000000000000000000e+00,0.000000000000000000e+00,2.484848484848484862e+00,0.000000000000000000e+00,0.000000000000000000e+00,0.000000000000000000e+00,0.000000000000000000e+00,0.000000000000000000e+00,0.000000000000000000e+00,0.000000000000000000e+00,0.000000000000000000e+00,0.000000000000000000e+00,0.000000000000000000e+00,0.000000000000000000e+00,0.000000000000000000e+00,2.121212121212121104e+00,0.000000000000000000e+00,5.301616161616161662e+02,8.698989898989898961e+01,1.848848484848484759e+03,2.426262626262626299e+01,5.818181818181818343e+00,0.000000000000000000e+00,8.000000000000000000e+00,4.929292929292929060e+00,0.000000000000000000e+00,0.000000000000000000e+00,3.393939393939394034e+00,0.000000000000000000e+00,4.081616161616161662e+02,0.000000000000000000e+00,0.000000000000000000e+00,0.000000000000000000e+00,0.000000000000000000e+00,0.000000000000000000e+00,0.000000000000000000e+00,0.000000000000000000e+00
1.090909090909090828e+00,7.858585858585859008e+00,4.040404040404040664e+00,1.059373737373737413e+03,0.000000000000000000e+00,4.391898989898990294e+03,1.313131313131313149e+00,1.678282828282828177e+03,1.292929292929293039e+00,0.000000000000000000e+00,7.474747474747475140e-01,4.967676767676767469e+01,1.818181818181818121e+00,6.431919191919191690e+02,1.373737373737373701e+00,5.821858585858585684e+03,0.000000000000000000e+00,2.909090909090909172e+00,5.224242424242424221e+01,2.057777777777777715e+02,7.535353535353535470e+00,1.123434343434343390e+02,1.703030303030303116e+01,1.477171717171717091e+02,0.000000000000000000e+00,3.087272727272727479e+02,3.676767676767676907e+00,5.510909090909091219e+02,3.737373737373737459e+00,6.909696969696969973e+02,1.808080808080807955e+01,1.076969696969697026e+02,5.434343434343434254e+00,7.438383838383838054e+01,0.000000000000000000e+00,0.000000000000000000e+00,0.000000000000000000e+00,1.509090909090909172e+01,0.000000000000000000e+00,2.505050505050505194e+00,0.000000000000000000e+00,2.074747474747474740e+01,0.000000000000000000e+00,0.000000000000000000e+00,0.000000000000000000e+00,0.000000000000000000e+00,0.000000000000000000e+00,0.000000000000000000e+00,0.000000000000000000e+00,0.000000000000000000e+00,0.000000000000000000e+00,0.000000000000000000e+00,0.000000000000000000e+00,0.000000000000000000e+00,0.000000000000000000e+00,1.050505050505050608e+00,0.000000000000000000e+00,0.000000000000000000e+00,0.000000000000000000e+00,0.000000000000000000e+00,0.000000000000000000e+00,0.000000000000000000e+00,0.000000000000000000e+00,0.000000000000000000e+00,0.000000000000000000e+00,0.000000000000000000e+00,0.000000000000000000e+00,0.000000000000000000e+00,1.030303030303030276e+00,2.323232323232323093e+00,6.103030303030303116e+01,4.760000000000000000e+02,9.414141414141413478e+00,8.603030303030302548e+02,1.030303030303030276e+00,2.686868686868686851e+00,0.000000000000000000e+00,2.343434343434343425e+00,0.000000000000000000e+00,0.000000000000000000e+00,0.000000000000000000e+00,0.000000000000000000e+00,0.000000000000000000e+00,4.202020202020202433e+00,0.000000000000000000e+00,0.000000000000000000e+00,0.000000000000000000e+00,0.000000000000000000e+00,0.000000000000000000e+00,0.000000000000000000e+00
1.395650505050505126e+04,6.222222222222222143e+01,1.500684848484848408e+04,8.849696969696969973e+02,1.803434343434343532e+02,2.026262626262626299e+01,1.373719191919191871e+04,2.410909090909090935e+02,6.038383838383838054e+01,7.474747474747475140e-01,0.000000000000000000e+00,6.648484848484848726e+02,1.561187878787878799e+04,4.195757575757575637e+02,4.898989898989898961e+02,2.626262626262626299e+01,1.239854545454545405e+04,8.222222222222222854e+01,8.913737373737374583e+03,9.720606060606060055e+02,6.868686868686868507e-01,2.060606060606060552e+00,1.480888888888888914e+03,2.250505050505050519e+02,2.155555555555555713e+01,1.751515151515151558e+01,8.585858585858586522e+00,0.000000000000000000e+00,2.018565656565656536e+04,5.614343434343434183e+02,2.168040404040404155e+03,6.569898989898989612e+02,2.285858585858585741e+02,3.313131313131312936e+02,3.440404040404040131e+01,2.103030303030303116e+01,6.754747474747474598e+02,3.929292929292929415e+01,3.751515151515151558e+01,6.828282828282827843e+00,1.595959595959596022e+00,0.000000000000000000e+00,1.272727272727272707e+00,0.000000000000000000e+00,1.010101010101010166e+00,0.000000000000000000e+00,3.797979797979798011e+00,0.000000000000000000e+00,4.050505050505050519e+01,1.858585858585858563e+00,1.718181818181818130e+02,2.282828282828282873e+00,2.692929292929293084e+01,0.000000000000000000e+00,1.621010101010101039e+02,2.585858585858586078e+00,4.334020202020202305e+03,8.222222222222221433e+00,1.279191919191919169e+02,0.000000000000000000e+00,4.243636363636363740e+02,2.242424242424242209e+00,1.639595959595959584e+02,3.292929292929292817e+00,1.125656565656565675e+02,3.111111111111111160e+00,5.113131313131312794e+01,1.212121212121212155e+00,5.074747474747474740e+01,1.109090909090909172e+01,2.640101010101010161e+03,1.007595959595959584e+03,2.111979797979798150e+03,1.902424242424242493e+02,2.052727272727272805e+02,2.222222222222222143e+01,2.875353535353535221e+02,6.610101010101010388e+01,9.225252525252525402e+02,0.000000000000000000e+00,3.446080808080807856e+03,5.717171717171717127e+00,2.906909090909090992e+03,4.626262626262626299e+00,2.126060606060605949e+02,0.000000000000000000e+00,4.383838383838384090e+00,0.000000000000000000e+00,2.271919191919191974e+02,0.000000000000000000e+00
2.717575757575757507e+02,6.704282828282828632e+03,1.076444444444444343e+03,1.161600000000000000e+04,3.377777777777777857e+01,3.131313131313131066e+02,4.039595959595959584e+02,1.058923232323232332e+04,1.931313131313131137e+01,4.967676767676767469e+01,6.648484848484848726e+02,0.000000000000000000e+00,3.605858585858586025e+02,1.231755555555555475e+04,3.824242424242424221e+01,6.046666666666666288e+02,2.378585858585858546e+02,6.262080808080808310e+03,2.121333333333333485e+03,7.904565656565656354e+03,7.212121212121211933e+00,1.812121212121212110e+01,3.715555555555555429e+02,1.757333333333333258e+03,6.686868686868686851e+00,1.938989898989898961e+02,2.565656565656565746e+00,2.880808080808080973e+01,7.488888888888889142e+02,1.780137373737373855e+04,6.153333333333333712e+02,3.364545454545454504e+03,8.593939393939393767e+01,2.360303030303030482e+03,2.082828282828282696e+01,4.935353535353535648e+01,4.141414141414141170e+01,1.351090909090909008e+03,7.131313131313131493e+00,4.034949494949494806e+02,0.000000000000000000e+00,2.989898989898990056e+00,0.000000000000000000e+00,3.224242424242424221e+01,0.000000000000000000e+00,8.103030303030303116e+01,0.000000000000000000e+00,1.337373737373737370e+01,0.000000000000000000e+00,1.370909090909090935e+02,1.010101010101010166e+00,7.709090909090909349e+01,0.000000000000000000e+00,2.161616161616161591e+01,4.404040404040403978e+00,4.680000000000000000e+02,4.721212121212121104e+01,2.067151515151515014e+03,1.111111111111111160e+00,9.404040404040404155e+01,2.969696969696969724e+00,1.654545454545454675e+02,0.000000000000000000e+00,2.960404040404040416e+02,1.171717171717171713e+00,4.212121212121212466e+01,3.393939393939394034e+00,1.901414141414141454e+02,1.834343434343434254e+01,4.561616161616161946e+01,1.461494949494949424e+03,3.693636363636363512e+03,2.437777777777777715e+02,5.626141414141414316e+03,7.151515151515151381e+00,2.684242424242424363e+02,7.482828282828282340e+01,6.496363636363636260e+02,1.777777777777777857e+01,2.043838383838383947e+02,6.547474747474747403e+01,5.104444444444444571e+02,5.103030303030303116e+01,8.106060606060606233e+02,0.000000000000000000e+00,1.133939393939393909e+02,0.000000000000000000e+00,1.737373737373737459e+00,2.444444444444444642e+00,2.016767676767676676e+02
3.155515151515151501e+03,1.383838383838383912e+01,2.107747474747474917e+04,7.346464646464646648e+02,2.033717171717171823e+03,1.012121212121212110e+01,3.302816161616161844e+04,2.055757575757575637e+02,2.477858585858585684e+03,1.818181818181818121e+00,1.561187878787878799e+04,3.605858585858586025e+02,0.000000000000000000e+00,2.836969696969696884e+02,1.379088888888888869e+04,5.610101010101010388e+01,1.451414141414141341e+03,2.113131313131313149e+01,5.799373737373737640e+03,7.441616161616161662e+02,2.305050505050505194e+01,7.717171717171717127e+00,4.059575757575757507e+03,4.394545454545454390e+02,7.806060606060606233e+01,8.020202020202020776e+00,4.183838383838384090e+01,8.484848484848485084e-01,2.623159595959596118e+04,3.606464646464646648e+02,3.602868686868686837e+03,7.777979797979797922e+02,7.212525252525252881e+02,4.816767676767676676e+02,3.636363636363636243e+00,1.959595959595959558e+00,1.763838383838383947e+02,1.286868686868686851e+01,6.666666666666666963e+00,0.000000000000000000e+00,2.707070707070707183e+00,0.000000000000000000e+00,0.000000000000000000e+00,0.000000000000000000e+00,0.000000000000000000e+00,0.000000000000000000e+00,0.000000000000000000e+00,0.000000000000000000e+00,0.000000000000000000e+00,0.000000000000000000e+00,1.050505050505050608e+00,0.000000000000000000e+00,0.000000000000000000e+00,0.000000000000000000e+00,2.876767676767676818e+01,0.000000000000000000e+00,5.594343434343434183e+02,0.000000000000000000e+00,0.000000000000000000e+00,0.000000000000000000e+00,2.484848484848484773e+01,0.000000000000000000e+00,9.636363636363636687e+00,0.000000000000000000e+00,2.040404040404040220e+00,0.000000000000000000e+00,0.000000000000000000e+00,0.000000000000000000e+00,1.395959595959596022e+01,9.292929292929292817e-01,1.769252525252525174e+03,7.747272727272727479e+02,1.872969696969696997e+03,1.155757575757575779e+02,3.371717171717171624e+01,4.464646464646464530e+00,4.985858585858586167e+01,3.634343434343434609e+01,9.418181818181818699e+01,0.000000000000000000e+00,4.178989898989898961e+02,0.000000000000000000e+00,1.059717171717171823e+03,1.494949494949495028e+00,1.731313131313131137e+01,0.000000000000000000e+00,0.000000000000000000e+00,0.000000000000000000e+00,2.470707070707070585e+01,0.000000000000000000e+00
9.400000000000000000e+01,4.124040404040404155e+02,7.324040404040404155e+02,1.103161616161616075e+04,2.032323232323232176e+01,7.237171717171717091e+02,2.659393939393939377e+02,1.507260606060606005e+04,3.838383838383838231e+00,6.431919191919191690e+02,4.195757575757575637e+02,1.231755555555555475e+04,2.836969696969696884e+02,0.000000000000000000e+00,1.688888888888888928e+01,5.270181818181818016e+03,9.103030303030303116e+01,4.564646464646464779e+02,1.834242424242424249e+03,5.480181818181818016e+03,1.086868686868686851e+01,1.808080808080807955e+01,7.597979797979797922e+02,3.814767676767676676e+03,2.525252525252525082e+00,2.220606060606060623e+02,2.686868686868686851e+00,3.749494949494949481e+01,5.420606060606060055e+02,1.471264646464646466e+04,7.316767676767676676e+02,5.244949494949494692e+03,2.190707070707070727e+02,3.861373737373737185e+03,1.818181818181818121e+00,2.137373737373737370e+01,6.686868686868686851e+00,3.325858585858586025e+02,1.090909090909090828e+00,1.124444444444444429e+02,0.000000000000000000e+00,0.000000000000000000e+00,0.000000000000000000e+00,7.575757575757576134e+00,0.000000000000000000e+00,0.000000000000000000e+00,0.000000000000000000e+00,2.222222222222222321e+00,0.000000000000000000e+00,0.000000000000000000e+00,0.000000000000000000e+00,0.000000000000000000e+00,0.000000000000000000e+00,2.828282828282828287e+00,0.000000000000000000e+00,1.176363636363636402e+02,9.434343434343434254e+00,7.036363636363635976e+01,0.000000000000000000e+00,0.000000000000000000e+00,0.000000000000000000e+00,0.000000000000000000e+00,0.000000000000000000e+00,2.969696969696969724e+00,0.000000000000000000e+00,0.000000000000000000e+00,0.000000000000000000e+00,1.604040404040404155e+01,1.070707070707070763e+01,0.000000000000000000e+00,9.131313131313131635e+02,2.928606060606060510e+03,1.731717171717171766e+02,2.630525252525252654e+03,1.676767676767676685e+00,4.959595959595959869e+01,9.333333333333333925e+00,1.278585858585858546e+02,1.349494949494949481e+01,2.646464646464646631e+00,2.111111111111111072e+01,2.610101010101010033e+01,2.389898989898989967e+01,3.971717171717171624e+01,0.000000000000000000e+00,0.000000000000000000e+00,0.000000000000000000e+00,0.000000000000000000e+00,0.000000000000000000e+00,2.696969696969696884e+01
9.501010101010101039e+01,8.585858585858586522e+00,9.270989898989899302e+03,1.692323232323232389e+02,1.207163636363636397e+04,5.848484848484848442e+01,8.278101010101010615e+03,4.278787878787878896e+01,1.313991919191919260e+04,1.373737373737373701e+00,4.898989898989898961e+02,3.824242424242424221e+01,1.379088888888888869e+04,1.688888888888888928e+01,0.000000000000000000e+00,2.745454545454545325e+01,7.973737373737374412e+01,5.090909090909090828e+00,1.233414141414141341e+03,1.409898989898989896e+02,2.300363636363636488e+03,3.680404040404040416e+02,1.083595959595959584e+03,8.719191919191919737e+01,1.771515151515151558e+02,2.082828282828282696e+01,1.732020202020202078e+03,1.175353535353535364e+02,1.541197979797979860e+04,3.735353535353535648e+01,1.204101010101010161e+03,1.892323232323232389e+02,1.495151515151515014e+02,7.339393939393939092e+01,0.000000000000000000e+00,0.000000000000000000e+00,2.364040404040404155e+02,6.949494949494949836e+00,1.848282828282828234e+02,2.828282828282828287e+00,3.539595959595959584e+02,5.757575757575757791e+00,0.000000000000000000e+00,0.000000000000000000e+00,0.000000000000000000e+00,0.000000000000000000e+00,0.000000000000000000e+00,0.000000000000000000e+00,0.000000000000000000e+00,0.000000000000000000e+00,0.000000000000000000e+00,0.000000000000000000e+00,0.000000000000000000e+00,0.000000000000000000e+00,6.129292929292929415e+01,2.484848484848484862e+00,6.848484848484848619e+00,2.505050505050505194e+00,0.000000000000000000e+00,0.000000000000000000e+00,0.000000000000000000e+00,0.000000000000000000e+00,0.000000000000000000e+00,0.000000000000000000e+00,0.000000000000000000e+00,0.000000000000000000e+00,0.000000000000000000e+00,0.000000000000000000e+00,2.626262626262626299e+00,0.000000000000000000e+00,1.649030303030303003e+03,3.545858585858586025e+02,4.883393939393939036e+03,5.842424242424242209e+01,1.844444444444444287e+01,3.272727272727272929e+00,2.377777777777777857e+01,8.282828282828281985e+00,7.676767676767676241e-01,0.000000000000000000e+00,8.268686868686869218e+01,0.000000000000000000e+00,2.467919191919192144e+03,0.000000000000000000e+00,1.484848484848484773e+01,0.000000000000000000e+00,1.698989898989898961e+01,0.000000000000000000e+00,1.266666666666666607e+01,0.000000000000000000e+00
1.793939393939393767e+01,1.232323232323232354e+01,1.743434343434343532e+02,4.743636363636363967e+03,1.880808080808080973e+01,4.432949494949494692e+03,6.949494949494949481e+01,4.381010101010100698e+03,6.949494949494949836e+00,5.821858585858585684e+03,2.626262626262626299e+01,6.046666666666666288e+02,5.610101010101010388e+01,5.270181818181818016e+03,2.745454545454545325e+01,0.000000000000000000e+00,1.010101010101010166e+00,1.077171717171717233e+02,4.047676767676767895e+02,1.374303030303030255e+03,1.375151515151515014e+02,1.323575757575757507e+03,2.276161616161616053e+02,1.440222222222222172e+03,1.010101010101010166e+00,4.005252525252525402e+02,3.036363636363636331e+01,1.314646464646464665e+03,1.126464646464646506e+02,8.359474747474747346e+03,1.534343434343434467e+02,1.349757575757575751e+03,5.529292929292929415e+01,8.776767676767676676e+02,0.000000000000000000e+00,4.000000000000000000e+00,0.000000000000000000e+00,1.578181818181818130e+02,0.000000000000000000e+00,1.298383838383838338e+02,0.000000000000000000e+00,2.083838383838383947e+02,0.000000000000000000e+00,0.000000000000000000e+00,0.000000000000000000e+00,0.000000000000000000e+00,0.000000000000000000e+00,0.000000000000000000e+00,0.000000000000000000e+00,0.000000000000000000e+00,0.000000000000000000e+00,0.000000000000000000e+00,0.000000000000000000e+00,0.000000000000000000e+00,0.000000000000000000e+00,7.107070707070707272e+01,0.000000000000000000e+00,1.212121212121212155e+00,0.000000000000000000e+00,0.000000000000000000e+00,0.000000000000000000e+00,0.000000000000000000e+00,0.000000000000000000e+00,0.000000000000000000e+00,0.000000000000000000e+00,0.000000000000000000e+00,0.000000000000000000e+00,0.000000000000000000e+00,3.111111111111111160e+00,2.303030303030303205e+00,3.529696969696969973e+02,2.707636363636363512e+03,7.571717171717172334e+01,3.288343434343434183e+03,2.040404040404040220e+00,3.266666666666666430e+01,2.969696969696969724e+00,5.191919191919191690e+01,0.000000000000000000e+00,6.363636363636363313e+00,0.000000000000000000e+00,3.290707070707070443e+02,1.353535353535353591e+00,7.514949494949495374e+02,0.000000000000000000e+00,7.515151515151515582e+01,0.000000000000000000e+00,2.341414141414141525e+01,0.000000000000000000e+00,2.498989898989898961e+01
1.129404040404040461e+04,1.486060606060605949e+02,1.030254545454545405e+04,4.784848484848484986e+02,4.220202020202020066e+01,6.989898989898989612e+00,4.842707070707070670e+03,1.009090909090909065e+02,1.066666666666666607e+01,0.000000000000000000e+00,1.239854545454545405e+04,2.378585858585858546e+02,1.451414141414141341e+03,9.103030303030303116e+01,7.973737373737374412e+01,1.010101010101010166e+00,0.000000000000000000e+00,4.628282828282828376e+01,6.971717171717171368e+03,5.863434343434342964e+02,0.000000000000000000e+00,1.090909090909090828e+00,2.859393939393939377e+02,5.373737373737373701e+01,8.686868686868687295e-01,7.494949494949494806e+00,3.292929292929292817e+00,0.000000000000000000e+00,2.223234343434343464e+04,1.977575757575757507e+02,4.314747474747474598e+02,1.913535353535353636e+02,1.064040404040404013e+02,1.158383838383838338e+02,1.151111111111111143e+02,5.222222222222222143e+01,1.152141414141414089e+03,5.804040404040404155e+01,1.240404040404040416e+02,9.818181818181818343e+00,1.151515151515151603e+00,0.000000000000000000e+00,1.005454545454545467e+02,0.000000000000000000e+00,3.440404040404040131e+01,0.000000000000000000e+00,4.054545454545454675e+01,0.000000000000000000e+00,1.368686868686868650e+02,2.868686868686868507e+00,1.654626262626262587e+03,1.838383838383838453e+00,5.059797979797979792e+02,2.383838383838383645e+00,7.420808080808080831e+02,7.797979797979797567e+00,1.033993939393939399e+04,7.353535353535353813e+00,5.949898989898989612e+02,0.000000000000000000e+00,1.271010101010100925e+03,1.070707070707070718e+00,2.935777777777777828e+03,1.414141414141414144e+00,6.415151515151515014e+02,2.363636363636363757e+00,3.920202020202020208e+02,8.080808080808081328e+00,3.740808080808080831e+02,2.426262626262626299e+01,1.523737373737373673e+03,3.053131313131312936e+02,1.691010101010100925e+03,1.064646464646464636e+02,2.622424242424242493e+02,1.436363636363636331e+01,4.895555555555555429e+02,8.620202020202020776e+01,5.364101010101009706e+03,0.000000000000000000e+00,1.118523232323232332e+04,6.323232323232323537e+00,2.439393939393939490e+03,2.989898989898990056e+00,2.608262626262626327e+03,0.000000000000000000e+00,1.258585858585858652e+01,0.000000000000000000e+00,1.651878787878787989e+03,0.000000000000000000e+00
